0.000000 0.0000119 -0.0000115 0.0000615 0.0000167 -0.0000029 -0.0000021 1.0000000
0.104499 -0.0008444 -0.0010369 0.0594943 0.0004476 0.0009746 -0.0004318 0.9999993
0.207793 -0.0009954 -0.0018310 0.1174412 0.0003870 0.0018174 -0.0005591 0.9999981
0.311634 -0.0008965 -0.0029908 0.1745723 0.0000850 0.0023545 -0.0002881 0.9999972
0.415494 -0.0003551 -0.0040834 0.2325235 0.0000938 0.0024267 0.0000118 0.9999970
0.519644 -0.0000490 -0.0050521 0.2921283 0.0000677 0.0027380 0.0000080 0.9999962
0.623401 -0.0000017 -0.0058355 0.3512901 0.0005833 0.0032669 -0.0002827 0.9999945
0.727346 -0.0001566 -0.0073827 0.4089140 0.0005394 0.0036872 -0.0000435 0.9999930
0.831180 0.0001762 -0.0081751 0.4678366 -0.0000584 0.0037408 0.0002639 0.9999930
0.935030 0.0003214 -0.0096603 0.5266564 -0.0006881 0.0030657 0.0008214 0.9999947
1.038877 -0.0001178 -0.0104079 0.5840442 -0.0003637 0.0021065 0.0012661 0.9999969
1.246636 -0.0003895 -0.0122330 0.6994051 -0.0000339 0.0005332 0.0009576 0.9999994
1.454410 -0.0010851 -0.0139034 0.8149318 0.0001682 -0.0000735 0.0003191 0.9999999
1.558293 -0.0014955 -0.0149275 0.8726836 -0.0001126 -0.0002543 0.0003764 0.9999999
1.766057 -0.0021976 -0.0171401 0.9868926 0.0002174 -0.0009073 0.0003762 0.9999995
1.973923 -0.0030899 -0.0189563 1.0989637 0.0004600 -0.0013295 0.0000576 0.9999990
2.181756 -0.0040529 -0.0209958 1.2124034 0.0010053 -0.0021857 0.0005837 0.9999970
2.389627 -0.0056203 -0.0233139 1.3249274 -0.0003046 -0.0029966 0.0013777 0.9999945
2.597363 -0.0069015 -0.0247012 1.4361008 0.0002941 -0.0038183 0.0018818 0.9999909
2.806098 -0.0087186 -0.0268993 1.5487734 0.0006230 -0.0046450 0.0017047 0.9999875
2.909338 -0.0090423 -0.0279643 1.6044335 0.0003077 -0.0050025 0.0017608 0.9999859
3.117132 -0.0106679 -0.0303489 1.7167320 0.0000118 -0.0056150 0.0021885 0.9999818
3.221000 -0.0115666 -0.0309719 1.7728486 0.0003019 -0.0058753 0.0024713 0.9999796
3.428991 -0.0128119 -0.0330706 1.8842456 -0.0007106 -0.0061423 0.0029183 0.9999766
3.636879 -0.0150981 -0.0348351 1.9951743 -0.0008629 -0.0058864 0.0021437 0.9999800
3.844868 -0.0167646 -0.0364408 2.1065466 -0.0016903 -0.0056788 0.0003044 0.9999824
4.052745 -0.0182211 -0.0377819 2.2180753 -0.0047489 -0.0039807 -0.0001103 0.9999808
4.260741 -0.0195735 -0.0383496 2.3290322 -0.0069521 -0.0023677 -0.0000149 0.9999730
4.364619 -0.0193195 -0.0386296 2.3842416 -0.0062335 -0.0019325 0.0009775 0.9999782
4.572617 -0.0203517 -0.0394384 2.4941592 -0.0052138 -0.0008541 0.0003907 0.9999859
4.676494 -0.0205580 -0.0397490 2.5491178 -0.0049290 -0.0009780 0.0004879 0.9999872
4.780371 -0.0209370 -0.0402285 2.6038823 -0.0044044 -0.0013219 0.0008850 0.9999890
4.884244 -0.0212672 -0.0406621 2.6591196 -0.0046395 -0.0022058 0.0008776 0.9999864
4.988118 -0.0219361 -0.0411247 2.7139721 -0.0052649 -0.0028914 0.0010800 0.9999813
5.091994 -0.0223439 -0.0414010 2.7689154 -0.0053922 -0.0035934 0.0013773 0.9999781
5.195994 -0.0230437 -0.0416406 2.8242290 -0.0052102 -0.0041042 0.0006773 0.9999778
5.299899 -0.0238292 -0.0421467 2.8791578 -0.0051929 -0.0043476 0.0006961 0.9999768
5.403745 -0.0245528 -0.0425280 2.9339995 -0.0049314 -0.0044577 0.0010241 0.9999774
5.507756 -0.0247254 -0.0428271 2.9894967 -0.0044056 -0.0048400 0.0012455 0.9999778
5.611618 -0.0254332 -0.0436225 3.0438244 -0.0051583 -0.0051097 0.0019017 0.9999718
5.715493 -0.0262689 -0.0442993 3.0988760 -0.0061344 -0.0052619 0.0020901 0.9999651
5.819513 -0.0270716 -0.0443754 3.1537030 -0.0050522 -0.0054425 0.0015424 0.9999712
6.027387 -0.0288103 -0.0455224 3.2631996 -0.0047690 -0.0056620 -0.0001781 0.9999726
6.235244 -0.0304299 -0.0464427 3.3716304 -0.0050084 -0.0056361 -0.0019584 0.9999697
6.443120 -0.0320248 -0.0471744 3.4802361 -0.0058232 -0.0043083 -0.0031476 0.9999688
6.651123 -0.0330730 -0.0480666 3.5869479 -0.0020988 -0.0017256 -0.0012107 0.9999956
6.755121 -0.0336141 -0.0488311 3.6392295 -0.0018887 -0.0003099 -0.0016721 0.9999968
6.859122 -0.0338168 -0.0498140 3.6908910 -0.0039299 0.0012093 -0.0007985 0.9999912
7.067120 -0.0335248 -0.0506852 3.7946503 -0.0036435 0.0049209 -0.0012217 0.9999805
7.171120 -0.0330764 -0.0513603 3.8465614 -0.0020901 0.0066027 -0.0010058 0.9999755
7.275124 -0.0324186 -0.0522934 3.8982317 -0.0004096 0.0082902 -0.0000569 0.9999655
7.379122 -0.0316770 -0.0530165 3.9488595 0.0001474 0.0100729 0.0000784 0.9999493
7.587125 -0.0296388 -0.0549427 4.0505404 -0.0010187 0.0137759 -0.0003922 0.9999045
7.795143 -0.0268422 -0.0567738 4.1509595 0.0011452 0.0174412 -0.0001262 0.9998472
8.003122 -0.0225016 -0.0580378 4.2512646 0.0010095 0.0202357 0.0006620 0.9997945
8.211127 -0.0179722 -0.0597889 4.3499937 -0.0006015 0.0228339 0.0011059 0.9997385
8.523125 -0.0116001 -0.0629856 4.4968781 0.0016815 0.0264154 0.0033995 0.9996439
8.731123 -0.0067376 -0.0647873 4.5964851 0.0035027 0.0283963 0.0032383 0.9995854
9.043123 0.0009041 -0.0678678 4.7466450 0.0015508 0.0276613 0.0033796 0.9996104
9.251125 0.0053232 -0.0694211 4.8480697 0.0009954 0.0255370 0.0026708 0.9996698
9.562998 0.0103803 -0.0724418 5.0003796 0.0008966 0.0204982 0.0015315 0.9997883
9.770876 0.0135249 -0.0741002 5.1028066 -0.0000593 0.0163104 0.0010893 0.9998664
9.978770 0.0158827 -0.0755907 5.2057056 -0.0002974 0.0115894 0.0006715 0.9999326
10.186620 0.0169988 -0.0769419 5.3081460 -0.0000328 0.0067308 0.0001076 0.9999774
10.394630 0.0175758 -0.0785552 5.4110241 0.0002210 0.0025439 -0.0014342 0.9999957
10.498620 0.0175765 -0.0791628 5.4626584 0.0002746 0.0015009 -0.0023508 0.9999961
10.706750 0.0167810 -0.0811494 5.5668907 0.0002418 0.0006461 -0.0041323 0.9999912
10.810750 0.0166360 -0.0818100 5.6186252 -0.0000876 0.0000842 -0.0047908 0.9999885
10.914750 0.0161744 -0.0824051 5.6710291 -0.0001141 -0.0001023 -0.0046300 0.9999893
11.018750 0.0156858 -0.0834507 5.7235188 -0.0013049 -0.0005890 -0.0065564 0.9999775
11.122750 0.0153595 -0.0838365 5.7760687 -0.0027799 -0.0009892 -0.0069038 0.9999718
11.330770 0.0144086 -0.0850864 5.8805423 -0.0018277 -0.0014273 -0.0062362 0.9999779
11.434620 0.0141000 -0.0857615 5.9327159 -0.0023392 -0.0017180 -0.0049000 0.9999838
11.642630 0.0139508 -0.0866553 6.0375562 -0.0041376 -0.0025438 -0.0020871 0.9999860
11.850630 0.0132138 -0.0876566 6.1429315 -0.0037457 -0.0026027 0.0009520 0.9999892
11.954620 0.0127415 -0.0880252 6.1958666 -0.0031868 -0.0024630 0.0023657 0.9999891
12.162500 0.0115772 -0.0890894 6.3016319 -0.0032488 -0.0020827 0.0029620 0.9999881
12.370380 0.0103188 -0.0900748 6.4065943 -0.0050403 -0.0013637 0.0012561 0.9999856
12.578370 0.0093367 -0.0911613 6.5109625 -0.0032831 -0.0008310 0.0008536 0.9999939
12.786250 0.0084889 -0.0925186 6.6153364 0.0000951 -0.0003358 0.0018903 0.9999982
12.994130 0.0083767 -0.0946573 6.7189345 0.0021448 -0.0003029 0.0020327 0.9999956
13.202130 0.0077103 -0.0967982 6.8221970 0.0018442 -0.0003779 0.0019185 0.9999964
13.410000 0.0064151 -0.0987324 6.9247389 0.0010940 -0.0002827 0.0013227 0.9999985
13.617880 0.0058017 -0.1008495 7.0269742 0.0011195 -0.0008160 0.0009268 0.9999986
13.825750 0.0049438 -0.1032513 7.1290646 0.0000158 -0.0014534 0.0007186 0.9999987
14.033750 0.0043484 -0.1051520 7.2291431 0.0011041 -0.0023546 0.0005198 0.9999965
14.241630 0.0034631 -0.1073239 7.3310590 0.0015954 -0.0031076 0.0004238 0.9999938
14.449650 0.0016691 -0.1095473 7.4324589 0.0018778 -0.0036034 0.0001421 0.9999917
14.657500 0.0006354 -0.1115135 7.5332150 0.0010099 -0.0043543 0.0001076 0.9999900
14.865380 -0.0007604 -0.1130472 7.6343513 0.0008368 -0.0051353 -0.0005039 0.9999864
15.177250 -0.0032687 -0.1162947 7.7861676 0.0012406 -0.0060193 -0.0014686 0.9999800
15.385130 -0.0053317 -0.1182220 7.8863955 0.0027795 -0.0060159 -0.0005314 0.9999779
15.697000 -0.0077195 -0.1217363 8.0372725 -0.0015065 -0.0064330 0.0018106 0.9999765
15.801010 -0.0086578 -0.1228122 8.0876274 -0.0012757 -0.0064478 0.0014044 0.9999774
16.009010 -0.0109908 -0.1242467 8.1861830 0.0012995 -0.0063998 0.0001477 0.9999787
16.320880 -0.0137953 -0.1271445 8.3348732 -0.0004976 -0.0063407 0.0004284 0.9999797
16.632880 -0.0154074 -0.1298368 8.4816275 0.0001400 -0.0045549 0.0010484 0.9999890
16.944760 -0.0167979 -0.1321462 8.6264629 0.0009517 -0.0027308 0.0012998 0.9999950
17.152760 -0.0177531 -0.1342779 8.7226925 -0.0001888 -0.0012861 0.0009626 0.9999987
17.464760 -0.0183899 -0.1366773 8.8628569 -0.0001059 0.0003379 0.0009309 0.9999995
17.672760 -0.0189697 -0.1388597 8.9544048 -0.0002083 0.0012388 0.0009446 0.9999987
17.880630 -0.0192201 -0.1406128 9.0438871 -0.0006502 0.0017425 0.0013664 0.9999973
18.088630 -0.0192662 -0.1424702 9.1310034 -0.0011436 0.0012571 0.0016400 0.9999972
18.296630 -0.0196874 -0.1442330 9.2159834 -0.0003257 0.0008633 0.0012904 0.9999987
18.504630 -0.0202155 -0.1459056 9.2980480 -0.0002439 -0.0000804 0.0015024 0.9999988
18.712510 -0.0209401 -0.1474950 9.3788786 -0.0014712 -0.0017040 0.0022504 0.9999949
19.024630 -0.0222666 -0.1494374 9.4954166 -0.0019716 -0.0055339 0.0018150 0.9999811
19.232630 -0.0238104 -0.1507061 9.5694904 -0.0021797 -0.0084747 0.0014870 0.9999606
19.544640 -0.0268295 -0.1527933 9.6731777 -0.0014600 -0.0130003 0.0013698 0.9999135
19.752630 -0.0292012 -0.1543193 9.7384300 -0.0010955 -0.0161915 0.0006602 0.9998681
19.960780 -0.0317640 -0.1554829 9.8008919 -0.0011580 -0.0177592 -0.0004569 0.9998415
20.168880 -0.0345730 -0.1565874 9.8604307 -0.0019344 -0.0171654 -0.0006876 0.9998506
20.377010 -0.0363113 -0.1576590 9.9175529 -0.0007178 -0.0171198 -0.0004977 0.9998531
20.585260 -0.0384204 -0.1589510 9.9731874 0.0008495 -0.0160385 -0.0007938 0.9998707
20.897510 -0.0411814 -0.1605300 10.0560513 0.0013425 -0.0134625 -0.0008199 0.9999081
21.105630 -0.0426157 -0.1617060 10.1109114 0.0015777 -0.0114621 -0.0005273 0.9999329
21.313760 -0.0436430 -0.1630565 10.1646223 0.0008753 -0.0085486 -0.0000248 0.9999630
21.521880 -0.0446151 -0.1642675 10.2181292 0.0006321 -0.0054936 0.0004964 0.9999846
21.730010 -0.0452857 -0.1652895 10.2708321 0.0009668 -0.0023004 0.0007987 0.9999965
21.938260 -0.0454660 -0.1662131 10.3236446 0.0017642 0.0005380 0.0002684 0.9999983
22.146400 -0.0452951 -0.1671546 10.3775244 0.0011176 0.0032085 0.0001330 0.9999942
22.354510 -0.0448527 -0.1682938 10.4315224 0.0018007 0.0053459 0.0002533 0.9999840
22.562760 -0.0444338 -0.1693534 10.4859743 0.0039306 0.0068212 0.0008259 0.9999686
22.770760 -0.0440131 -0.1706355 10.5411825 0.0042996 0.0068858 0.0014878 0.9999660
22.978890 -0.0433093 -0.1719629 10.5969276 0.0045442 0.0069095 0.0005959 0.9999656
23.186890 -0.0421554 -0.1737734 10.6528044 0.0064523 0.0070746 0.0030709 0.9999495
23.499010 -0.0415578 -0.1751218 10.7377539 0.0020086 0.0080357 0.0013815 0.9999647
23.915260 -0.0396288 -0.1772147 10.8552141 0.0062543 0.0137882 0.0008413 0.9998850
24.227390 -0.0364822 -0.1790830 10.9461298 0.0036515 0.0182300 0.0022210 0.9998247
24.435530 -0.0344744 -0.1808104 11.0071898 0.0022951 0.0213903 0.0031521 0.9997636
24.643640 -0.0320607 -0.1820740 11.0684881 0.0045175 0.0238873 0.0014980 0.9997033
24.851760 -0.0296217 -0.1833611 11.1296186 0.0036890 0.0267895 0.0011069 0.9996337
25.059780 -0.0266060 -0.1845419 11.1916628 0.0030441 0.0300117 -0.0002814 0.9995449
25.267760 -0.0229083 -0.1858076 11.2531013 0.0035280 0.0326324 0.0002040 0.9994612
25.475770 -0.0186545 -0.1868742 11.3155851 0.0035617 0.0339239 0.0020963 0.9994159
25.683760 -0.0147283 -0.1885152 11.3779879 0.0033514 0.0344880 0.0025098 0.9993963
25.787650 -0.0126694 -0.1892302 11.4096394 0.0030718 0.0343952 0.0024766 0.9994005
25.995520 -0.0085241 -0.1905715 11.4724655 0.0033798 0.0333116 0.0023919 0.9994364
26.099520 -0.0069033 -0.1911671 11.5034542 0.0039092 0.0326816 0.0019901 0.9994562
26.203510 -0.0048807 -0.1921418 11.5351229 0.0041248 0.0317286 0.0019628 0.9994861
26.411390 -0.0016579 -0.1934678 11.5975857 0.0046621 0.0302776 0.0001959 0.9995306
26.619260 0.0012259 -0.1949809 11.6594162 0.0037290 0.0279272 0.0000302 0.9996030
26.827140 0.0040772 -0.1966170 11.7210274 0.0016310 0.0233377 0.0011789 0.9997256
27.035140 0.0058825 -0.1978305 11.7810793 0.0006935 0.0187160 0.0014589 0.9998235
27.243260 0.0073608 -0.1989383 11.8399992 0.0005054 0.0139229 0.0024718 0.9998999
27.451390 0.0078249 -0.2002131 11.8960323 0.0006807 0.0100960 0.0023399 0.9999461
27.659410 0.0079540 -0.2012858 11.9494390 0.0006785 0.0063752 0.0024484 0.9999765
27.867410 0.0071617 -0.2023549 11.9997244 0.0019490 0.0021367 0.0021014 0.9999936
28.075410 0.0062467 -0.2037288 12.0465755 0.0037004 -0.0052326 0.0010382 0.9999789
28.490900 0.0004752 -0.2062927 12.1338959 0.0037826 -0.0352913 -0.0012804 0.9993691
28.698520 -0.0050590 -0.2072795 12.1743317 0.0040396 -0.0593075 -0.0027086 0.9982279
28.906040 -0.0127416 -0.2082548 12.2121267 0.0033448 -0.0887774 -0.0038966 0.9960383
29.321000 -0.0344942 -0.2096612 12.2819242 -0.0004512 -0.1638758 -0.0049466 0.9864685
29.528390 -0.0489340 -0.2101823 12.3128672 -0.0023328 -0.2063757 -0.0048091 0.9784582
29.735770 -0.0661736 -0.2104723 12.3412962 -0.0034601 -0.2520989 -0.0039318 0.9676873
29.943280 -0.0862713 -0.2106215 12.3675270 -0.0051606 -0.3006945 -0.0030568 0.9537017
30.150890 -0.1092572 -0.2107413 12.3908958 -0.0055821 -0.3513727 -0.0030291 0.9362141
30.358390 -0.1342411 -0.2106491 12.4114428 -0.0099300 -0.4052083 0.0001890 0.9141704
30.565790 -0.1608200 -0.2107200 12.4280376 -0.0127723 -0.4617971 -0.0004338 0.8868936
30.773400 -0.1897779 -0.2107260 12.4398689 -0.0129079 -0.5165927 -0.0058248 0.8561141
31.084770 -0.2347493 -0.2098686 12.4516621 -0.0156818 -0.5946491 -0.0076697 0.8037958
31.292410 -0.2658536 -0.2092429 12.4548616 -0.0188301 -0.6436631 -0.0090488 0.7650238
31.500160 -0.2993123 -0.2084725 12.4535341 -0.0220422 -0.6918395 -0.0121648 0.7216123
31.707810 -0.3347353 -0.2066900 12.4479122 -0.0266085 -0.7384667 -0.0161787 0.6735705
31.811650 -0.3527310 -0.2063728 12.4435043 -0.0290892 -0.7608544 -0.0184944 0.6480065
31.915520 -0.3713739 -0.2053568 12.4375029 -0.0314818 -0.7821911 -0.0198652 0.6219255
32.019400 -0.3902323 -0.2040412 12.4301147 -0.0332017 -0.8024623 -0.0207235 0.5954178
32.123290 -0.4088926 -0.2032331 12.4213047 -0.0347722 -0.8214342 -0.0210855 0.5688516
32.227300 -0.4276986 -0.2023172 12.4108610 -0.0356592 -0.8391529 -0.0208368 0.5423251
32.331290 -0.4469442 -0.2006622 12.3991966 -0.0358598 -0.8557299 -0.0204555 0.5157732
32.539520 -0.4859533 -0.1975600 12.3706446 0.0360865 0.8838588 0.0203666 -0.4659148
32.748020 -0.5259104 -0.1943975 12.3352709 0.0380901 0.9056549 0.0215079 -0.4217532
32.852150 -0.5459132 -0.1928732 12.3154144 0.0422494 0.9156558 0.0216536 -0.3991498
33.060520 -0.5856800 -0.1894951 12.2696867 0.0463906 0.9340540 0.0225718 -0.3533858
33.164770 -0.6052518 -0.1873187 12.2436028 0.0448949 0.9421352 0.0214552 -0.3315198
33.373140 -0.6427207 -0.1833474 12.1860867 0.0426391 0.9560447 0.0173927 -0.2895824
33.477420 -0.6606779 -0.1816510 12.1547089 0.0418976 0.9620249 0.0158902 -0.2692586
33.685770 -0.6946898 -0.1784748 12.0854816 0.0395677 0.9724728 0.0160143 -0.2290733
33.894150 -0.7255754 -0.1751092 12.0089827 0.0411356 0.9811396 0.0154470 -0.1882400
34.102520 -0.7516522 -0.1722593 11.9257135 0.0438003 0.9877875 0.0166095 -0.1485984
34.310770 -0.7733841 -0.1693466 11.8350067 0.0453143 0.9926838 0.0173313 -0.1105674
34.519020 -0.7893703 -0.1656984 11.7391834 0.0440114 0.9960322 0.0140381 -0.0760649
34.727400 -0.7996634 -0.1627425 11.6372747 0.0430107 0.9979782 0.0140283 -0.0446410
34.831660 -0.8031174 -0.1615511 11.5835218 0.0434159 0.9985222 0.0135223 -0.0297613
35.040020 -0.8053068 -0.1588411 11.4723587 0.0418068 0.9990208 0.0139841 -0.0037568
35.144150 -0.8042136 -0.1579015 11.4154043 0.0413040 0.9990070 0.0147004 0.0079327
35.248400 -0.8018636 -0.1568805 11.3571186 0.0402399 0.9989235 0.0142475 0.0181520
35.352650 -0.7980778 -0.1560749 11.2979698 0.0378720 0.9988505 0.0130680 0.0263170
35.456920 -0.7935498 -0.1550647 11.2385206 0.0354569 0.9987684 0.0124990 0.0323778
35.561270 -0.7885411 -0.1541593 11.1776648 0.0331957 0.9986988 0.0133959 0.0363234
35.769770 -0.7783217 -0.1524996 11.0529041 0.0308317 0.9986950 0.0133331 0.0384715
35.978280 -0.7678260 -0.1503629 10.9241924 0.0296214 0.9988167 0.0132127 0.0362393
36.082520 -0.7626169 -0.1495246 10.8597784 0.0289911 0.9988801 0.0136622 0.0348056
36.186650 -0.7579075 -0.1482918 10.7943516 0.0283751 0.9989611 0.0138475 0.0328611
36.290910 -0.7531551 -0.1475525 10.7286968 0.0276979 0.9990511 0.0148783 0.0301390
36.395030 -0.7488527 -0.1466312 10.6627483 0.0278324 0.9991133 0.0160084 0.0272333
36.603150 -0.7414279 -0.1442539 10.5286264 0.0268264 0.9992586 0.0166211 0.0220517
36.707280 -0.7380156 -0.1435006 10.4626513 0.0262423 0.9993319 0.0163954 0.0194504
36.915280 -0.7325781 -0.1412825 10.3300972 0.0251862 0.9994649 0.0156050 0.0138567
37.123280 -0.7286482 -0.1393102 10.1982584 0.0252362 0.9994708 0.0185016 0.0088810
37.331150 -0.7268581 -0.1367699 10.0659428 0.0261112 0.9994823 0.0181176 0.0049985
37.539030 -0.7249900 -0.1344737 9.9323673 0.0261644 0.9995260 0.0160563 0.0023105
37.746770 -0.7237716 -0.1320653 9.7976894 0.0256451 0.9995435 0.0159743 -0.0000867
37.954400 -0.7228025 -0.1295656 9.6632338 0.0259047 0.9995174 0.0170773 -0.0015051
38.162020 -0.7227527 -0.1269702 9.5281324 0.0267598 0.9994947 0.0171084 -0.0012755
38.369530 -0.7225387 -0.1250568 9.3929281 0.0281092 0.9994847 0.0154944 -0.0004647
38.577050 -0.7211574 -0.1222979 9.2554464 0.0290585 0.9994285 0.0172685 0.0003234
38.784650 -0.7201180 -0.1194356 9.1194878 0.0277673 0.9994490 0.0181266 0.0014594
38.888400 -0.7189139 -0.1179603 9.0507641 0.0269312 0.9994771 0.0178182 0.0016476
39.095900 -0.7176582 -0.1156077 8.9130793 0.0266269 0.9995010 0.0168688 0.0020350
39.199650 -0.7167720 -0.1144006 8.8437481 0.0267082 0.9995130 0.0159919 0.0021400
39.407270 -0.7158134 -0.1121920 8.7052488 0.0270895 0.9994885 0.0168244 0.0024121
39.614780 -0.7137305 -0.1091109 8.5661077 0.0266111 0.9994894 0.0175311 0.0023282
39.822150 -0.7121167 -0.1065496 8.4265680 0.0269688 0.9994906 0.0168888 0.0024689
39.925900 -0.7117230 -0.1054545 8.3563356 0.0281509 0.9994526 0.0171821 0.0026108
40.029660 -0.7107232 -0.1041193 8.2866278 0.0280776 0.9994400 0.0180313 0.0024906
40.133400 -0.7094669 -0.1024452 8.2159929 0.0282356 0.9994485 0.0173126 0.0023949
40.340780 -0.7085047 -0.1002668 8.0764380 0.0281818 0.9994680 0.0162414 0.0023904
40.548280 -0.7072189 -0.0976119 7.9363041 0.0280898 0.9994845 0.0153531 0.0024657
40.755780 -0.7063243 -0.0952446 7.7950416 0.0270043 0.9994870 0.0170214 0.0026149
40.963300 -0.7046759 -0.0927682 7.6542830 0.0272898 0.9994848 0.0167143 0.0024616
41.067040 -0.7044041 -0.0915627 7.5839891 0.0274075 0.9994825 0.0166358 0.0026388
41.274530 -0.7031758 -0.0894977 7.4435959 0.0274194 0.9994424 0.0189608 0.0018819
41.378300 -0.7023577 -0.0878227 7.3732567 0.0267491 0.9994633 0.0188644 0.0013371
41.482150 -0.7017261 -0.0865428 7.3037286 0.0263256 0.9994739 0.0189260 0.0008020
41.689670 -0.7012056 -0.0840767 7.1641669 0.0259811 0.9994830 0.0189392 -0.0000224
41.897280 -0.7012305 -0.0813120 7.0258832 0.0268043 0.9994735 0.0182738 -0.0006726
42.104780 -0.7007806 -0.0785411 6.8869839 0.0264392 0.9994845 0.0181603 -0.0013326
42.312280 -0.7006766 -0.0761055 6.7484250 0.0260712 0.9994712 0.0193400 -0.0018969
42.519900 -0.7008625 -0.0733368 6.6114192 0.0262589 0.9994695 0.0189471 -0.0034788
42.727400 -0.7017330 -0.0708950 6.4749079 0.0264873 0.9994492 0.0192866 -0.0052745
42.934910 -0.7027273 -0.0683423 6.3425374 0.0272695 0.9994042 0.0197653 -0.0075492
43.142410 -0.7042074 -0.0657468 6.2113295 0.0273171 0.9993718 0.0204171 -0.0096423
43.349910 -0.7059920 -0.0630669 6.0841184 0.0274744 0.9993175 0.0216547 -0.0118634
43.661030 -0.7101377 -0.0594852 5.8992128 0.0278264 0.9992539 0.0228362 -0.0139958
43.868530 -0.7126675 -0.0566475 5.7813849 0.0276928 0.9992774 0.0218081 -0.0142215
44.179660 -0.7167350 -0.0529816 5.6165590 0.0278617 0.9992815 0.0215225 -0.0140368
44.387040 -0.7189552 -0.0507912 5.5117583 0.0277521 0.9992607 0.0229000 -0.0135496
44.594530 -0.7209724 -0.0487193 5.4126492 0.0270331 0.9992864 0.0228696 -0.0131533
44.802160 -0.7228882 -0.0467062 5.3177152 0.0271214 0.9993176 0.0216921 -0.0125746
45.009780 -0.7245798 -0.0448690 5.2270293 0.0270858 0.9993114 0.0222468 -0.0121677
45.217410 -0.7261970 -0.0432447 5.1417794 0.0269773 0.9993066 0.0228124 -0.0117522
45.425030 -0.7276745 -0.0416498 5.0609388 0.0266982 0.9993248 0.0227306 -0.0109772
45.632780 -0.7289330 -0.0401619 4.9831676 0.0285767 0.9993240 0.0204631 -0.0107848
45.944410 -0.7306545 -0.0377423 4.8708224 0.0288797 0.9993336 0.0197240 -0.0104507
46.256280 -0.7326171 -0.0360502 4.7642803 0.0299061 0.9993163 0.0190471 -0.0104789
46.568280 -0.7341255 -0.0338804 4.6613708 0.0312221 0.9992742 0.0186139 -0.0113901
46.880280 -0.7365527 -0.0322541 4.5619593 0.0327003 0.9992698 0.0158620 -0.0117827
47.088280 -0.7376239 -0.0313208 4.4959793 0.0322120 0.9993108 0.0136539 -0.0124051
47.296290 -0.7385322 -0.0307194 4.4306841 0.0323109 0.9992988 0.0137364 -0.0130111
47.712410 -0.7408611 -0.0293696 4.3027029 0.0280217 0.9994578 0.0111072 -0.0132471
47.920410 -0.7424218 -0.0287030 4.2377176 0.0269721 0.9995262 0.0068004 -0.0131780
48.128430 -0.7428546 -0.0286074 4.1712956 0.0232138 0.9996065 0.0096357 -0.0124551
48.336410 -0.7440471 -0.0276265 4.1023436 0.0224431 0.9996291 0.0112375 -0.0105642
48.544410 -0.7443171 -0.0270885 4.0322614 0.0217104 0.9996876 0.0099275 -0.0074016
48.752410 -0.7447348 -0.0260671 3.9583373 0.0204203 0.9997132 0.0118495 -0.0039978
48.960410 -0.7445518 -0.0247648 3.8813372 0.0213256 0.9996533 0.0154264 -0.0006490
49.168540 -0.7441539 -0.0231722 3.8011429 0.0228022 0.9996219 0.0150373 0.0031766
49.376540 -0.7425047 -0.0216805 3.7182109 0.0246920 0.9995819 0.0132816 0.0070581
49.584540 -0.7406722 -0.0198409 3.6323233 0.0259984 0.9994965 0.0144019 0.0111128
49.792540 -0.7376518 -0.0182755 3.5428200 0.0281623 0.9993694 0.0153530 0.0152284
50.000540 -0.7339944 -0.0164946 3.4500332 0.0293493 0.9992995 0.0125103 0.0195605
50.208540 -0.7293858 -0.0153742 3.3543303 0.0295634 0.9992273 0.0120181 0.0229440
50.416540 -0.7241859 -0.0139953 3.2550042 0.0292089 0.9992216 0.0104552 0.0243686
50.624670 -0.7184170 -0.0127986 3.1535187 0.0299817 0.9992316 0.0073633 0.0241470
50.832660 -0.7130176 -0.0116047 3.0473592 0.0303432 0.9991851 0.0119627 0.0237735
51.040790 -0.7075848 -0.0101018 2.9391651 0.0302405 0.9991973 0.0118996 0.0234233
51.248790 -0.7019859 -0.0086708 2.8277194 0.0291147 0.9992481 0.0113962 0.0229289
51.456790 -0.6960140 -0.0073898 2.7140305 0.0293217 0.9992647 0.0107512 0.0222424
51.664790 -0.6909130 -0.0059374 2.5977640 0.0289750 0.9992723 0.0130648 0.0210857
51.872790 -0.6854542 -0.0036771 2.4792104 0.0280223 0.9993482 0.0124250 0.0190677
52.080790 -0.6806771 -0.0022046 2.3571537 0.0278252 0.9994537 0.0066568 0.0165490
52.184660 -0.6784183 -0.0019731 2.2957518 0.0281464 0.9994692 0.0054620 0.0154682
52.392670 -0.6746315 -0.0007476 2.1700106 0.0284509 0.9994369 0.0121202 0.0130187
52.600670 -0.6710136 0.0011520 2.0432308 0.0270467 0.9995112 0.0114489 0.0107124
52.808540 -0.6684010 0.0025188 1.9147745 0.0269997 0.9995371 0.0109820 0.0087172
52.912410 -0.6671724 0.0037156 1.8499621 0.0279503 0.9995208 0.0108768 0.0076640
53.016420 -0.6665206 0.0045221 1.7841738 0.0279707 0.9995145 0.0118287 0.0069708
53.120310 -0.6654474 0.0049169 1.7186188 0.0279085 0.9995075 0.0130776 0.0059097
53.224160 -0.6642681 0.0063364 1.6524931 0.0270680 0.9995188 0.0143197 0.0049409
53.328040 -0.6633062 0.0066422 1.5879987 0.0266930 0.9995043 0.0162312 0.0038930
53.431910 -0.6628792 0.0073132 1.5240970 0.0268654 0.9994950 0.0166905 0.0030549
53.535790 -0.6620577 0.0084042 1.4593778 0.0266336 0.9995151 0.0159519 0.0024124
53.639670 -0.6618280 0.0092965 1.3947994 0.0270204 0.9995131 0.0154734 0.0020153
53.743420 -0.6611316 0.0099928 1.3299762 0.0270266 0.9995106 0.0156688 0.0015999
53.847310 -0.6607919 0.0107744 1.2656487 0.0267416 0.9995090 0.0162651 0.0014486
53.951170 -0.6602619 0.0115552 1.2020016 0.0263291 0.9995274 0.0158348 0.0010074
54.054920 -0.6598022 0.0125101 1.1386695 0.0265647 0.9995393 0.0146615 0.0008171
54.158790 -0.6589329 0.0134310 1.0740321 0.0266413 0.9995289 0.0152372 0.0003662
54.366290 -0.6588192 0.0156838 0.9457110 0.0269370 0.9994668 0.0184444 0.0005734
54.573910 -0.6576862 0.0177562 0.8194490 0.0268812 0.9995016 0.0165084 0.0012110
54.677690 -0.6573777 0.0188014 0.7561127 0.0265554 0.9995363 0.0147823 0.0018439
54.885290 -0.6567527 0.0202991 0.6296789 0.0258861 0.9995466 0.0151099 0.0028529
55.092920 -0.6553261 0.0219435 0.5049599 0.0262555 0.9994817 0.0183226 0.0033667
55.196790 -0.6545120 0.0230499 0.4426635 0.0254885 0.9995053 0.0180641 0.0036214
55.300540 -0.6533016 0.0240886 0.3805521 0.0252496 0.9995505 0.0158172 0.0033419
55.404410 -0.6530610 0.0249012 0.3196887 0.0251446 0.9995745 0.0143945 0.0033617
55.508190 -0.6522139 0.0256056 0.2576986 0.0256974 0.9995602 0.0144747 0.0030847
55.611910 -0.6520267 0.0262234 0.1962416 0.0261238 0.9995260 0.0160014 0.0030398
55.715790 -0.6511663 0.0271052 0.1350293 0.0263465 0.9995128 0.0165033 0.0027824
55.819540 -0.6507877 0.0277348 0.0738087 0.0258204 0.9995341 0.0160740 0.0025714
55.923300 -0.6499435 0.0287514 0.0125892 0.0245937 0.9995735 0.0155826 0.0022581
56.027170 -0.6492640 0.0297308 -0.0495796 0.0240589 0.9995949 0.0150614 0.0020880
56.130920 -0.6489057 0.0301283 -0.1099060 0.0246802 0.9995851 0.0147221 0.0019409
56.234670 -0.6482944 0.0305669 -0.1707203 0.0256070 0.9995599 0.0148656 0.0018199
56.338420 -0.6475626 0.0313551 -0.2318277 0.0266082 0.9995261 0.0154024 0.0015418
56.442290 -0.6473593 0.0320704 -0.2929362 0.0267481 0.9995155 0.0158277 0.0016796
56.649810 -0.6469446 0.0332666 -0.4131010 0.0259903 0.9995444 0.0152460 0.0017156
56.857290 -0.6461204 0.0347017 -0.5321397 0.0243027 0.9995880 0.0152096 0.0014232
56.961060 -0.6451910 0.0351454 -0.5913652 0.0243505 0.9995741 0.0160336 0.0012480
57.168540 -0.6440637 0.0370130 -0.7089917 0.0254369 0.9995413 0.0164115 0.0008529
57.376170 -0.6435633 0.0382605 -0.8264821 0.0251449 0.9995654 0.0153644 0.0008057
57.583670 -0.6420823 0.0388501 -0.9429976 0.0221208 0.9996750 0.0126574 0.0005384
57.791170 -0.6407924 0.0400276 -1.0588558 0.0202928 0.9996842 0.0148055 0.0006714
57.998680 -0.6403204 0.0413591 -1.1743779 0.0229314 0.9995903 0.0171081 0.0008569
58.206190 -0.6400201 0.0434765 -1.2898108 0.0263093 0.9995058 0.0171735 0.0010198
58.413800 -0.6391956 0.0454823 -1.4065479 0.0259554 0.9995525 0.0148425 0.0009251
58.621420 -0.6384974 0.0468513 -1.5219363 0.0238241 0.9996078 0.0147011 0.0007020
58.829070 -0.6375085 0.0481334 -1.6391209 0.0238215 0.9996238 0.0135825 0.0004724
59.036550 -0.6367424 0.0493003 -1.7561859 0.0233859 0.9996317 0.0137603 0.0004086
59.244170 -0.6354875 0.0508020 -1.8736522 0.0217717 0.9996696 0.0136660 0.0000343
59.348040 -0.6349763 0.0515035 -1.9321500 0.0207266 0.9996729 0.0149840 -0.0000899
59.451800 -0.6343908 0.0523708 -1.9908217 0.0197211 0.9996961 0.0147920 -0.0002286
59.555580 -0.6341686 0.0530212 -2.0498414 0.0197202 0.9997184 0.0131962 -0.0002804
59.659420 -0.6339565 0.0538752 -2.1089842 0.0191771 0.9997336 0.0128452 -0.0001514
59.763180 -0.6335959 0.0544387 -2.1685073 0.0189216 0.9997327 0.0132828 0.0000731
59.866920 -0.6330757 0.0548547 -2.2269998 0.0183434 0.9997576 0.0121716 0.0001287
59.970800 -0.6324180 0.0554230 -2.2856786 0.0177869 0.9997885 0.0103244 0.0001781
60.074550 -0.6319256 0.0558254 -2.3447158 0.0175743 0.9997967 0.0098808 0.0001290
60.178320 -0.6319541 0.0558585 -2.4029491 0.0182763 0.9997719 0.0110433 0.0004570
60.385920 -0.6311316 0.0568239 -2.5221784 0.0204800 0.9997299 0.0109432 0.0009895
60.593420 -0.6298541 0.0573785 -2.6419761 0.0199063 0.9997512 0.0100135 0.0009953
60.801050 -0.6284577 0.0575639 -2.7626183 0.0194395 0.9997282 0.0127903 0.0014207
61.008550 -0.6274141 0.0594712 -2.8815522 0.0212665 0.9997002 0.0119854 0.0019176
61.216170 -0.6266407 0.0605845 -3.0011525 0.0229713 0.9996521 0.0127172 0.0024792
61.423670 -0.6255892 0.0612471 -3.1178141 0.0250829 0.9995951 0.0131505 0.0027402
61.631300 -0.6244149 0.0623588 -3.2343507 0.0272189 0.9995243 0.0141863 0.0030086
61.838800 -0.6237698 0.0627630 -3.3507895 0.0291850 0.9995151 0.0103114 0.0034068
62.046420 -0.6220962 0.0634416 -3.4672003 0.0295236 0.9994988 0.0109244 0.0033334
62.253920 -0.6203381 0.0637604 -3.5829732 0.0289741 0.9995138 0.0110262 0.0033212
62.461550 -0.6186595 0.0645031 -3.6994267 0.0288738 0.9995145 0.0112662 0.0032026
62.669050 -0.6169511 0.0645315 -3.8137197 0.0286509 0.9995350 0.0101565 0.0024076
62.876680 -0.6160695 0.0650020 -3.9299555 0.0289625 0.9995250 0.0104258 0.0014996
63.084300 -0.6154854 0.0653300 -4.0451865 0.0292051 0.9995256 0.0097428 0.0008259
63.291930 -0.6139297 0.0654585 -4.1601415 0.0286334 0.9995347 0.0105073 -0.0001764
63.499550 -0.6128519 0.0659260 -4.2753263 0.0282160 0.9995452 0.0105864 -0.0010524
63.707170 -0.6122400 0.0661156 -4.3901772 0.0284560 0.9995437 0.0100411 -0.0013730
63.914800 -0.6117029 0.0658704 -4.5021400 0.0287535 0.9995468 0.0088389 -0.0011524
64.122420 -0.6114801 0.0659886 -4.6153584 0.0299078 0.9994987 0.0103698 -0.0005017
64.330050 -0.6106081 0.0659611 -4.7277656 0.0308156 0.9994609 0.0113167 0.0003682
64.641430 -0.6097448 0.0664685 -4.8923349 0.0290893 0.9995360 0.0089727 0.0010204
64.849050 -0.6094198 0.0670381 -5.0020657 0.0294790 0.9994887 0.0123277 0.0012282
65.160550 -0.6082670 0.0676421 -5.1648884 0.0293446 0.9995125 0.0106449 0.0006082
65.368050 -0.6077494 0.0678688 -5.2733321 0.0283892 0.9995409 0.0105773 -0.0002690
65.471930 -0.6072909 0.0682762 -5.3281679 0.0282877 0.9995373 0.0111436 -0.0008691
65.575680 -0.6071807 0.0682497 -5.3807859 0.0284749 0.9995373 0.0106367 -0.0010792
65.679420 -0.6071249 0.0682027 -5.4334583 0.0284605 0.9995411 0.0102744 -0.0014026
65.783180 -0.6069716 0.0686236 -5.4871325 0.0284286 0.9995353 0.0108562 -0.0017562
65.990800 -0.6069649 0.0689591 -5.5924377 0.0281312 0.9995375 0.0112346 -0.0026867
66.198300 -0.6071014 0.0693954 -5.6971240 0.0282569 0.9995326 0.0111574 -0.0034215
66.405950 -0.6082917 0.0697831 -5.8014698 0.0283041 0.9995313 0.0110827 -0.0036502
66.613430 -0.6082616 0.0701650 -5.9050946 0.0280760 0.9995425 0.0102675 -0.0045838
66.821050 -0.6087125 0.0702568 -6.0078464 0.0284085 0.9995329 0.0100605 -0.0050696
67.028680 -0.6093482 0.0708409 -6.1103921 0.0287884 0.9995152 0.0107516 -0.0049999
67.236300 -0.6097099 0.0709734 -6.2114620 0.0289429 0.9995127 0.0105613 -0.0050017
67.443820 -0.6107282 0.0714414 -6.3132610 0.0293782 0.9994959 0.0112062 -0.0043952
67.651550 -0.6108216 0.0720494 -6.4131007 0.0295179 0.9994908 0.0113273 -0.0042997
67.859060 -0.6113794 0.0722213 -6.5125456 0.0292245 0.9995013 0.0111502 -0.0043218
68.066810 -0.6111382 0.0723625 -6.6097646 0.0284128 0.9995183 0.0112252 -0.0054681
68.274430 -0.6121235 0.0724305 -6.7045231 0.0273486 0.9995321 0.0119926 -0.0066214
68.482050 -0.6131626 0.0726329 -6.7987761 0.0271594 0.9995437 0.0106272 -0.0078667
68.689680 -0.6141623 0.0728492 -6.8913064 0.0280571 0.9995047 0.0115991 -0.0082806
68.793560 -0.6151415 0.0730506 -6.9366889 0.0283020 0.9994896 0.0124899 -0.0079703
69.001180 -0.6162974 0.0731301 -7.0239053 0.0303487 0.9994290 0.0125887 -0.0078785
69.208930 -0.6173205 0.0737826 -7.1081672 0.0296810 0.9994217 0.0143555 -0.0083148
69.416810 -0.6182432 0.0742248 -7.1894326 0.0285007 0.9994530 0.0135145 -0.0099354
69.728440 -0.6201782 0.0748381 -7.3034673 0.0296920 0.9993949 0.0140483 -0.0114407
70.040060 -0.6214712 0.0753186 -7.4051461 0.0329875 0.9993446 0.0131012 -0.0071142
70.662180 -0.6106503 0.0747973 -7.5714884 0.0363769 0.9972633 0.0161415 0.0623066
71.283930 -0.5709999 0.0735053 -7.6922908 0.0394436 0.9786835 0.0099210 0.2013066
71.595080 -0.5370927 0.0710527 -7.7402821 0.0383142 0.9557890 0.0086466 0.2914182
71.802430 -0.5104280 0.0695195 -7.7665863 0.0377126 0.9341999 0.0082004 0.3546562
72.009810 -0.4832737 0.0679686 -7.7924671 0.0357055 0.9058182 0.0086342 0.4220710
72.217450 -0.4501190 0.0666470 -7.8113999 0.0311894 0.8734702 0.0072644 0.4858233
72.425180 -0.4131832 0.0645705 -7.8238578 0.0294072 0.8374401 0.0058144 0.5457064
72.529060 -0.3947976 0.0635039 -7.8289132 0.0297120 0.8178009 0.0051880 0.5747104
72.632930 -0.3754016 0.0626343 -7.8322048 0.0300965 0.7974065 0.0034724 0.6026816
72.736950 -0.3560461 0.0614759 -7.8343511 0.0295281 0.7760794 0.0019221 0.6299406
72.840820 -0.3363696 0.0604742 -7.8349800 0.0273680 0.7535839 0.0011659 0.6567808
72.944810 -0.3159359 0.0592386 -7.8344426 0.0245998 0.7299439 0.0033093 0.6830562
73.152830 -0.2742166 0.0574404 -7.8295813 0.0171381 0.6795821 0.0099970 0.7333311
73.360680 -0.2313478 0.0555037 -7.8173614 0.0077470 0.6253526 0.0138436 0.7801811
73.464560 -0.2104981 0.0554264 -7.8090353 0.0063166 0.5965710 0.0145812 0.8024030
73.672580 -0.1683896 0.0551892 -7.7874165 0.0040919 0.5364904 0.0170776 0.8437237
73.880450 -0.1263454 0.0550169 -7.7582150 -0.0000200 0.4737163 0.0202249 0.8804452
74.088440 -0.0870523 0.0547113 -7.7207460 -0.0012587 0.4108831 0.0191739 0.9114855
74.296560 -0.0496202 0.0549628 -7.6766291 0.0024321 0.3495325 0.0196227 0.9367156
74.504810 -0.0159297 0.0546126 -7.6238689 0.0017808 0.2889279 0.0204065 0.9571317
74.712820 0.0123229 0.0544645 -7.5640621 -0.0000753 0.2256224 0.0205285 0.9739985
74.816930 0.0243182 0.0539764 -7.5316734 -0.0010422 0.1943270 0.0202458 0.9807273
74.921080 0.0346289 0.0538746 -7.4970403 -0.0016508 0.1653425 0.0195586 0.9860409
75.025200 0.0431764 0.0537394 -7.4611053 -0.0014216 0.1391344 0.0166586 0.9901323
75.233810 0.0572501 0.0532846 -7.3843994 -0.0008522 0.0951474 0.0115283 0.9953961
75.442560 0.0676771 0.0528069 -7.3012586 -0.0020899 0.0597910 0.0116128 0.9981412
75.651310 0.0723907 0.0524349 -7.2120290 -0.0025369 0.0316687 0.0095050 0.9994500
75.755680 0.0730499 0.0524536 -7.1661944 -0.0021553 0.0209663 0.0068068 0.9997547
75.860220 0.0735201 0.0521853 -7.1193280 -0.0016110 0.0130789 0.0045350 0.9999029
76.069190 0.0738591 0.0520798 -7.0211658 -0.0007893 0.0063558 0.0004239 0.9999794
76.173710 0.0738971 0.0519741 -6.9703012 -0.0010996 0.0058130 0.0004659 0.9999824
76.278060 0.0741439 0.0510987 -6.9184833 -0.0019541 0.0053497 0.0008298 0.9999834
76.486810 0.0747148 0.0507589 -6.8123221 -0.0021451 0.0036832 0.0016440 0.9999896
76.695310 0.0749542 0.0506361 -6.7027688 -0.0024084 0.0014006 0.0016854 0.9999947
76.903560 0.0737681 0.0502594 -6.5897846 -0.0039878 -0.0001695 0.0023330 0.9999893
77.111810 0.0734042 0.0493500 -6.4730792 -0.0029250 -0.0016950 0.0029902 0.9999898
77.320060 0.0720139 0.0496156 -6.3526525 -0.0024450 -0.0024864 0.0025168 0.9999908
77.528190 0.0706619 0.0492971 -6.2291665 -0.0014716 -0.0025723 0.0021857 0.9999932
77.736190 0.0685427 0.0488866 -6.1028833 -0.0018452 -0.0013123 0.0017173 0.9999959
77.944210 0.0682458 0.0478400 -5.9749236 0.0008008 0.0002873 0.0011518 0.9999990
78.048060 0.0678674 0.0471165 -5.9098268 0.0021147 0.0013531 0.0017588 0.9999953
78.255940 0.0680322 0.0453477 -5.7770004 0.0018202 0.0018058 0.0024668 0.9999937
78.463690 0.0677499 0.0432191 -5.6413984 0.0032874 0.0006782 0.0031104 0.9999895
78.671320 0.0663768 0.0403427 -5.5027761 0.0032359 -0.0018520 0.0031976 0.9999880
78.879060 0.0648749 0.0375584 -5.3626094 0.0022236 -0.0035496 0.0029105 0.9999870
78.982940 0.0645051 0.0367867 -5.2919807 0.0026699 -0.0044418 0.0036185 0.9999800
79.190690 0.0624248 0.0346256 -5.1484027 0.0038213 -0.0056990 0.0038020 0.9999692
79.294440 0.0615926 0.0332777 -5.0750446 0.0036821 -0.0063056 0.0029278 0.9999691
79.502200 0.0578837 0.0305927 -4.9268713 0.0014636 -0.0056657 0.0021782 0.9999805
79.709940 0.0554181 0.0290156 -4.7754197 -0.0007362 -0.0051755 0.0024046 0.9999834
79.917560 0.0522780 0.0289521 -4.6226416 -0.0060199 -0.0046068 0.0019759 0.9999693
80.021460 0.0508889 0.0286993 -4.5460339 -0.0075160 -0.0045250 0.0011100 0.9999609
80.228940 0.0491284 0.0284623 -4.3931179 -0.0087414 -0.0048034 0.0008379 0.9999499
80.332810 0.0478947 0.0276277 -4.3169274 -0.0079492 -0.0047343 0.0010095 0.9999567
80.436670 0.0469359 0.0276119 -4.2416339 -0.0067653 -0.0045132 0.0011255 0.9999663
80.540440 0.0456807 0.0271595 -4.1669765 -0.0069418 -0.0039256 0.0019436 0.9999663
80.644320 0.0451337 0.0268218 -4.0916042 -0.0081139 -0.0035121 0.0019210 0.9999591
80.748100 0.0444726 0.0264955 -4.0165167 -0.0079745 -0.0032027 0.0023266 0.9999604
80.851960 0.0437420 0.0262510 -3.9416721 -0.0072205 -0.0029115 0.0020402 0.9999676
80.955700 0.0426382 0.0258623 -3.8669941 -0.0074400 -0.0025630 0.0024868 0.9999660
81.059440 0.0419066 0.0253111 -3.7911406 -0.0082958 -0.0021271 0.0028408 0.9999593
81.163210 0.0414930 0.0249598 -3.7160099 -0.0094487 -0.0020218 0.0032919 0.9999479
81.266940 0.0405090 0.0252492 -3.6411800 -0.0100656 -0.0019251 0.0033976 0.9999417
81.474570 0.0390991 0.0253160 -3.4901040 -0.0072421 -0.0022964 0.0033916 0.9999654
81.682070 0.0369980 0.0246675 -3.3413808 -0.0069318 -0.0027824 0.0011830 0.9999714
81.889700 0.0352444 0.0241244 -3.1930034 -0.0063261 -0.0031008 0.0020950 0.9999730
82.097310 0.0337099 0.0238818 -3.0455799 -0.0080042 -0.0039800 0.0031414 0.9999551
82.201070 0.0323526 0.0239752 -2.9729793 -0.0071529 -0.0044733 0.0031610 0.9999594
82.408570 0.0301633 0.0230926 -2.8261364 -0.0057538 -0.0055522 0.0034803 0.9999620
82.512440 0.0291532 0.0228924 -2.7531579 -0.0082042 -0.0063539 0.0033379 0.9999406
82.719960 0.0261960 0.0223155 -2.6078899 -0.0077877 -0.0073391 0.0029182 0.9999385
82.927570 0.0230812 0.0225459 -2.4630582 -0.0075247 -0.0074762 0.0021079 0.9999415
83.135190 0.0196358 0.0219907 -2.3182180 -0.0068343 -0.0073373 0.0026700 0.9999462
83.342820 0.0172953 0.0212037 -2.1767190 -0.0070026 -0.0068867 0.0032925 0.9999464
83.550440 0.0147184 0.0207771 -2.0347130 -0.0078368 -0.0061956 0.0045629 0.9999397
83.758190 0.0130024 0.0202360 -1.8923252 -0.0071255 -0.0055085 0.0038478 0.9999520
83.965950 0.0095769 0.0194446 -1.7535124 -0.0059462 -0.0044736 0.0030693 0.9999676
84.173690 0.0073186 0.0192137 -1.6137363 -0.0075345 -0.0035733 0.0017726 0.9999636
84.381590 0.0054548 0.0188451 -1.4740362 -0.0066380 -0.0020896 0.0009036 0.9999754
84.693200 0.0040640 0.0174722 -1.2674994 -0.0067908 0.0001105 0.0010751 0.9999763
84.900940 0.0029335 0.0168695 -1.1303306 -0.0017111 0.0018023 -0.0003429 0.9999968
85.212450 0.0037346 0.0134045 -0.9277216 -0.0000692 0.0029124 -0.0001509 0.9999958
85.523960 0.0034471 0.0112987 -0.7289936 -0.0014333 0.0034662 0.0013140 0.9999921
85.835320 0.0025099 0.0080153 -0.5305428 -0.0008818 0.0028882 0.0009708 0.9999949
86.042820 0.0022563 0.0061152 -0.3997546 -0.0014901 0.0014646 0.0008604 0.9999974
86.250460 0.0029328 0.0036044 -0.2690597 -0.0012062 -0.0001584 0.0017758 0.9999977
86.458070 0.0012264 0.0021049 -0.1379903 0.0004142 0.0003574 0.0017742 0.9999983
86.665690 -0.0000200 0.0000279 -0.0021336 -0.0001405 0.0003548 0.0011022 0.9999993
86.873200 -0.0015800 -0.0024192 0.1315752 -0.0000142 0.0005433 0.0003910 0.9999998
87.184570 -0.0017699 -0.0056334 0.3307520 0.0004903 -0.0002696 0.0004190 0.9999998
91.439950 -0.0191901 -0.0420522 2.8635254 -0.0056428 -0.0073497 0.0006788 0.9999568
91.647600 -0.0214996 -0.0432329 2.9783151 -0.0053017 -0.0079107 0.0017773 0.9999531
93.203950 -0.0365622 -0.0506560 3.7959938 -0.0052593 0.0001930 -0.0013560 0.9999852
101.823600 -0.0192744 -0.1232208 8.1080818 -0.0008539 -0.0007856 0.0003903 0.9999992
103.691600 -0.0212091 -0.1413803 9.0777245 0.0005447 0.0010499 0.0015174 0.9999982
103.899100 -0.0216269 -0.1436492 9.1815443 0.0003657 0.0008378 0.0014123 0.9999986
104.106500 -0.0221300 -0.1456722 9.2829800 -0.0004027 0.0000826 0.0019504 0.9999980
104.314000 -0.0230713 -0.1475136 9.3812809 -0.0023511 -0.0011734 0.0023569 0.9999937
104.521600 -0.0238220 -0.1490966 9.4755669 -0.0032347 -0.0028010 0.0017305 0.9999893
104.729200 -0.0250104 -0.1505952 9.5662270 -0.0029403 -0.0048056 0.0017324 0.9999826
104.936700 -0.0266457 -0.1522673 9.6518517 -0.0025731 -0.0083452 0.0019477 0.9999599
107.223000 -0.0440802 -0.1670437 10.3589306 -0.0006198 0.0047649 0.0001206 0.9999884
107.639000 -0.0432116 -0.1691555 10.4722710 0.0030054 0.0067409 0.0006402 0.9999726
111.070800 -0.0165992 -0.1909070 11.4918337 0.0034925 0.0217703 0.0020003 0.9997549
111.486700 -0.0123378 -0.1940045 11.6291065 0.0045070 0.0166962 -0.0007687 0.9998502
111.902600 -0.0098243 -0.1972888 11.7650280 0.0017889 0.0122977 -0.0014110 0.9999218
112.318600 -0.0081845 -0.2000885 11.8981924 0.0022224 0.0092905 -0.0009336 0.9999539
112.630600 -0.0077926 -0.2022124 11.9936094 0.0017930 0.0078285 -0.0019416 0.9999658
113.046600 -0.0071890 -0.2055180 12.1116590 0.0057563 0.0078109 -0.0062839 0.9999332
113.358600 -0.0068474 -0.2082276 12.1972904 0.0069708 0.0095883 -0.0090124 0.9998891
113.670600 -0.0052116 -0.2106045 12.2812529 0.0056627 0.0111928 -0.0095815 0.9998754
113.982500 -0.0039151 -0.2130611 12.3641062 0.0025835 0.0098713 -0.0079745 0.9999161
114.294300 -0.0026853 -0.2142527 12.4468851 0.0017401 0.0073540 -0.0059825 0.9999536
