0.000000 -0.0000119 -0.0000007 0.0000178 -0.0000005 -0.0001062 -0.0000029 1.0000000
0.519499 -0.0035211 -0.0005698 0.0404737 0.0016225 -0.0214938 -0.0009997 0.9997672
0.623377 -0.0055057 -0.0005126 0.0506869 0.0020993 -0.0282045 -0.0009343 0.9995995
0.830874 -0.0094382 -0.0007486 0.0737709 0.0020460 -0.0458793 -0.0002311 0.9989449
1.660772 -0.0516329 -0.0034516 0.1868951 0.0047309 -0.1528221 -0.0078138 0.9882115
1.868002 -0.0682202 -0.0039460 0.2159755 0.0047016 -0.1877321 -0.0104019 0.9821540
2.282875 -0.1094781 -0.0044447 0.2752112 0.0046216 -0.2650386 -0.0077236 0.9641958
2.490144 -0.1375246 -0.0051330 0.3037685 0.0024705 -0.3119527 -0.0109067 0.9500318
2.697329 -0.1716864 -0.0057325 0.3317263 0.0022071 -0.3626932 -0.0126992 0.9318194
2.904641 -0.2103200 -0.0053150 0.3593182 0.0000514 -0.4157885 -0.0077164 0.9094286
3.112001 -0.2554567 -0.0050759 0.3839571 -0.0028483 -0.4684660 -0.0063097 0.8834544
3.215751 -0.2802774 -0.0048403 0.3950762 -0.0039267 -0.4951050 -0.0061280 0.8688027
3.423126 -0.3354584 -0.0044872 0.4126618 -0.0063375 -0.5465884 -0.0066556 0.8373510
3.630648 -0.3989765 -0.0041623 0.4268391 -0.0094313 -0.5950562 -0.0074164 0.8035945
3.838251 -0.4673531 -0.0040860 0.4359885 -0.0124011 -0.6376126 -0.0063812 0.7702309
4.046284 -0.5433003 -0.0026933 0.4380132 -0.0110367 -0.6719596 -0.0081586 0.7404606
4.254380 -0.6257418 -0.0010392 0.4365622 -0.0090653 -0.6984785 -0.0070475 0.7155389
4.358512 -0.6689023 -0.0004386 0.4343751 -0.0080071 -0.7096500 -0.0060590 0.7044828
4.462646 -0.7133677 0.0002996 0.4311101 -0.0072042 -0.7189732 -0.0055496 0.6949784
4.775500 -0.8592330 0.0030750 0.4167148 -0.0061169 -0.7361436 -0.0045201 0.6767827
4.879959 -0.9105752 0.0033684 0.4111893 -0.0061230 -0.7394387 -0.0053204 0.6731751
4.984250 -0.9620430 0.0034100 0.4048921 -0.0057343 -0.7416454 -0.0067195 0.6707340
5.088502 -1.0150290 0.0038208 0.3993901 -0.0061382 -0.7432386 -0.0070164 0.6689615
5.192878 -1.0701621 0.0049759 0.3927827 -0.0070296 -0.7436652 -0.0065115 0.6684836
5.401501 -1.1853083 0.0064790 0.3802529 -0.0091028 -0.7427548 -0.0075442 0.6694591
5.610008 -1.3037038 0.0076610 0.3676962 -0.0069343 -0.7416778 -0.0081291 0.6706712
5.818377 -1.4298589 0.0100899 0.3550400 -0.0077602 -0.7406504 -0.0089620 0.6717860
6.026772 -1.5610616 0.0114790 0.3419671 -0.0089584 -0.7393771 -0.0118159 0.6731282
6.235023 -1.6962945 0.0140218 0.3285537 -0.0062146 -0.7381408 -0.0120368 0.6745107
6.443143 -1.8368052 0.0165897 0.3158866 -0.0074293 -0.7371513 -0.0119214 0.6755817
6.651280 -1.9810616 0.0186602 0.3033030 -0.0098431 -0.7363107 -0.0122682 0.6764607
6.859377 -2.1265333 0.0205498 0.2908387 -0.0063788 -0.7360753 -0.0074014 0.6768290
7.067377 -2.2752743 0.0220807 0.2782945 -0.0065014 -0.7363579 -0.0044487 0.6765464
7.275272 -2.4271817 0.0234518 0.2651311 -0.0110045 -0.7365310 -0.0102883 0.6762360
7.483251 -2.5794687 0.0252124 0.2500273 -0.0116183 -0.7365890 -0.0139129 0.6760978
7.691129 -2.7300742 0.0280664 0.2360919 -0.0095269 -0.7368546 -0.0114439 0.6758873
7.899003 -2.8810134 0.0298663 0.2218043 -0.0097775 -0.7368026 -0.0138486 0.6758954
8.107005 -3.0308523 0.0319041 0.2077254 -0.0069800 -0.7366419 -0.0118704 0.6761428
8.315006 -3.1809528 0.0330679 0.1939615 -0.0055083 -0.7363960 -0.0112057 0.6764356
8.522877 -3.3313596 0.0343114 0.1810656 -0.0084604 -0.7361041 -0.0134291 0.6766822
8.730751 -3.4816666 0.0362030 0.1683426 -0.0114401 -0.7359316 -0.0167869 0.6767510
8.938756 -3.6302078 0.0396683 0.1554305 -0.0101003 -0.7358688 -0.0147551 0.6768880
9.146631 -3.7787626 0.0416105 0.1413299 -0.0061395 -0.7356983 -0.0140688 0.6771355
9.458529 -4.0005851 0.0437353 0.1216124 -0.0042735 -0.7365719 -0.0105133 0.6762640
9.666385 -4.1478271 0.0447349 0.1084772 -0.0066203 -0.7374693 -0.0095520 0.6752806
9.874249 -4.2953572 0.0460025 0.0951917 -0.0114325 -0.7387115 -0.0116496 0.6738241
10.082130 -4.4392109 0.0474501 0.0802132 -0.0086859 -0.7395301 -0.0110743 0.6729763
10.290010 -4.5816364 0.0490996 0.0642572 -0.0038268 -0.7403597 -0.0125500 0.6720828
10.497760 -4.7246480 0.0500623 0.0489305 -0.0042787 -0.7409915 -0.0140131 0.6713545
10.705630 -4.8654981 0.0517316 0.0336359 -0.0029960 -0.7414784 -0.0147321 0.6708082
10.913510 -5.0052299 0.0535685 0.0206623 -0.0055607 -0.7419384 -0.0152268 0.6702721
11.121380 -5.1423001 0.0546191 0.0065575 -0.0076430 -0.7422404 -0.0178976 0.6698511
11.433260 -5.3405519 0.0588541 -0.0134788 -0.0061157 -0.7428891 -0.0149677 0.6692192
11.745130 -5.5288596 0.0603849 -0.0332024 -0.0029917 -0.7417471 -0.0137982 0.6705310
12.057260 -5.7055521 0.0615470 -0.0486211 -0.0045736 -0.7360751 -0.0147209 0.6767243
12.369630 -5.8698306 0.0624441 -0.0581362 -0.0041307 -0.7239906 -0.0183954 0.6895522
12.682390 -6.0191269 0.0641511 -0.0560919 -0.0045471 -0.7009417 -0.0192040 0.7129455
13.099880 -6.1887484 0.0663444 -0.0316529 -0.0060078 -0.6484517 -0.0164768 0.7610537
13.308760 -6.2650676 0.0666402 -0.0087184 -0.0081107 -0.6114383 -0.0143836 0.7911198
13.517630 -6.3349361 0.0669118 0.0233142 -0.0099736 -0.5687302 -0.0067197 0.8224362
13.726510 -6.4012437 0.0680258 0.0624895 -0.0108579 -0.5213790 -0.0034371 0.8532493
13.935130 -6.4645276 0.0690128 0.1094503 -0.0139933 -0.4744098 0.0009124 0.8801924
14.143650 -6.5201397 0.0696333 0.1630123 -0.0159999 -0.4264564 0.0077538 0.9043334
14.352150 -6.5707154 0.0696692 0.2204335 -0.0061564 -0.3752733 0.0085903 0.9268540
14.560630 -6.6176653 0.0708098 0.2884970 0.0003902 -0.3201791 0.0081975 0.9473215
14.769010 -6.6633267 0.0690198 0.3679829 0.0027650 -0.2637994 0.0068194 0.9645495
14.977150 -6.7024775 0.0674042 0.4563730 0.0024320 -0.2133425 0.0028344 0.9769703
15.185010 -6.7385173 0.0660480 0.5548444 0.0032478 -0.1720234 -0.0019370 0.9850856
15.288760 -6.7542167 0.0654526 0.6077986 0.0022323 -0.1564533 -0.0020402 0.9876807
15.496190 -6.7843385 0.0643613 0.7198268 0.0003087 -0.1329773 -0.0015881 0.9911178
15.703610 -6.8137298 0.0636613 0.8385627 -0.0013768 -0.1156683 -0.0052675 0.9932730
16.014760 -6.8520007 0.0622763 1.0278293 -0.0018280 -0.0955054 -0.0062000 0.9954079
16.222360 -6.8748469 0.0618653 1.1625710 -0.0023840 -0.0809418 -0.0071560 0.9966903
16.429890 -6.8951387 0.0600843 1.3023725 0.0015622 -0.0690588 -0.0079246 0.9975799
16.637520 -6.9137964 0.0588511 1.4480355 0.0047279 -0.0601314 -0.0071401 0.9981537
16.845140 -6.9319916 0.0566056 1.5972707 -0.0023757 -0.0541890 -0.0098532 0.9984792
16.948890 -6.9404922 0.0560150 1.6710963 -0.0041008 -0.0519704 -0.0102654 0.9985874
17.156420 -6.9555297 0.0542832 1.8177981 -0.0033422 -0.0486351 -0.0096422 0.9987645
17.364000 -6.9689984 0.0528123 1.9653739 -0.0058066 -0.0461414 -0.0078655 0.9988871
17.571660 -6.9820724 0.0516977 2.1120923 -0.0047980 -0.0433278 -0.0065305 0.9990280
17.675510 -6.9880185 0.0512795 2.1846075 -0.0010105 -0.0426800 -0.0079633 0.9990566
17.883140 -7.0009365 0.0485232 2.3294520 0.0047147 -0.0411361 -0.0088595 0.9991031
18.090880 -7.0139675 0.0453659 2.4749887 0.0019089 -0.0387960 -0.0110387 0.9991844
18.298510 -7.0253720 0.0425717 2.6215713 -0.0014876 -0.0364850 -0.0114673 0.9992673
18.506260 -7.0359168 0.0414397 2.7662191 -0.0013332 -0.0352386 -0.0094011 0.9993338
18.713910 -7.0458422 0.0394047 2.9090028 0.0002317 -0.0344441 -0.0079063 0.9993753
18.921640 -7.0560236 0.0371748 3.0552816 -0.0004518 -0.0337071 -0.0090897 0.9993903
19.129390 -7.0663953 0.0353710 3.2025104 0.0000827 -0.0345515 -0.0087573 0.9993646
19.337010 -7.0778532 0.0333743 3.3527856 0.0000208 -0.0371222 -0.0088480 0.9992716
19.544760 -7.0912399 0.0313416 3.5028315 0.0027315 -0.0398393 -0.0106122 0.9991460
19.752390 -7.1053758 0.0289849 3.6546106 0.0053008 -0.0419065 -0.0106228 0.9990510
20.064010 -7.1273394 0.0244066 3.8880370 0.0033438 -0.0448667 -0.0098930 0.9989384
20.271890 -7.1417642 0.0220951 4.0482740 -0.0009008 -0.0461707 -0.0090537 0.9988921
20.479750 -7.1566396 0.0200627 4.2088332 -0.0020372 -0.0449383 -0.0105894 0.9989316
20.687510 -7.1709719 0.0185641 4.3700733 -0.0001698 -0.0432478 -0.0095854 0.9990184
20.895390 -7.1845379 0.0164971 4.5332532 0.0006996 -0.0414573 -0.0070217 0.9991153
21.103270 -7.1973233 0.0147836 4.6977210 -0.0017504 -0.0407799 -0.0044093 0.9991569
21.311120 -7.2111845 0.0122104 4.8598104 -0.0002616 -0.0397709 -0.0049437 0.9991966
21.519010 -7.2244134 0.0088203 5.0185566 0.0053802 -0.0390748 -0.0070703 0.9991968
21.726890 -7.2375183 0.0041852 5.1771355 0.0086654 -0.0382710 -0.0093679 0.9991859
21.934640 -7.2490635 0.0003353 5.3357649 0.0012717 -0.0386197 -0.0072850 0.9992266
22.142620 -7.2606049 -0.0023365 5.4919000 -0.0013803 -0.0407592 -0.0056633 0.9991520
22.350390 -7.2717566 -0.0056238 5.6450038 0.0008375 -0.0434612 -0.0025650 0.9990515
22.558370 -7.2857761 -0.0087649 5.7955317 0.0038317 -0.0466528 -0.0043841 0.9988942
22.766140 -7.3000402 -0.0124911 5.9441195 0.0077654 -0.0504441 -0.0058111 0.9986798
22.974020 -7.3164325 -0.0170016 6.0917878 0.0071735 -0.0540818 -0.0100726 0.9984599
23.181990 -7.3345551 -0.0199399 6.2332749 0.0017169 -0.0580221 -0.0117368 0.9982448
23.493760 -7.3602219 -0.0244207 6.4443307 -0.0026476 -0.0672733 -0.0095912 0.9976850
23.701510 -7.3814335 -0.0255860 6.5805712 -0.0015092 -0.0735980 -0.0124721 0.9972088
24.013390 -7.4147253 -0.0290761 6.7782230 0.0026006 -0.0823363 -0.0137264 0.9965067
24.221270 -7.4383068 -0.0303893 6.9090991 -0.0017693 -0.0880324 -0.0147063 0.9960075
24.429140 -7.4627948 -0.0330155 7.0372319 -0.0011956 -0.0947407 -0.0132311 0.9954134
24.740760 -7.5020065 -0.0350311 7.2253256 0.0020691 -0.1094266 -0.0109923 0.9939319
24.948510 -7.5327997 -0.0362805 7.3484144 -0.0047303 -0.1212005 -0.0112345 0.9925532
25.156270 -7.5662193 -0.0377865 7.4687052 -0.0039362 -0.1327974 -0.0131313 0.9910484
25.467890 -7.6208949 -0.0387029 7.6459599 0.0008623 -0.1515737 -0.0116254 0.9883772
25.675640 -7.6616755 -0.0401479 7.7651372 -0.0054039 -0.1637292 -0.0115975 0.9864224
25.987390 -7.7266350 -0.0418235 7.9391017 0.0008130 -0.1809629 -0.0083814 0.9834539
26.195270 -7.7732477 -0.0432855 8.0545216 0.0046874 -0.1887024 -0.0070761 0.9819977
26.403140 -7.8231606 -0.0459088 8.1704798 0.0040736 -0.1969167 -0.0093658 0.9803670
26.611020 -7.8737898 -0.0472899 8.2868881 -0.0034670 -0.2048121 -0.0094508 0.9787495
26.818890 -7.9283648 -0.0485133 8.4009304 -0.0036188 -0.2109547 -0.0178017 0.9773270
27.026890 -7.9809608 -0.0485883 8.5145102 0.0034794 -0.2165942 -0.0134724 0.9761626
27.234770 -8.0372915 -0.0502811 8.6290760 0.0019162 -0.2210394 -0.0170304 0.9751143
27.650520 -8.1510048 -0.0538939 8.8561058 0.0070522 -0.2319310 -0.0152278 0.9725875
27.962300 -8.2406092 -0.0577622 9.0251522 0.0051049 -0.2389186 -0.0178005 0.9708630
28.274040 -8.3307276 -0.0616135 9.1913700 0.0051586 -0.2461749 -0.0163391 0.9690740
28.481890 -8.3920946 -0.0638958 9.3003235 0.0048146 -0.2507436 -0.0168574 0.9678948
28.689660 -8.4528503 -0.0664808 9.4070930 0.0067732 -0.2556322 -0.0160537 0.9666171
28.897520 -8.5133400 -0.0694876 9.5114279 0.0100851 -0.2602120 -0.0145188 0.9653897
29.105390 -8.5747166 -0.0721697 9.6147585 0.0039846 -0.2639031 -0.0160167 0.9644080
29.313270 -8.6343708 -0.0740619 9.7149744 -0.0036588 -0.2670354 -0.0147543 0.9635668
29.521140 -8.6923637 -0.0747605 9.8101711 -0.0019864 -0.2704202 -0.0124780 0.9626595
29.729040 -8.7485266 -0.0758619 9.9009428 -0.0003005 -0.2735206 -0.0109436 0.9618039
29.936770 -8.8019600 -0.0769491 9.9862309 -0.0007599 -0.2761145 -0.0100867 0.9610715
30.144650 -8.8519135 -0.0778972 10.0649900 -0.0019705 -0.2785896 -0.0087869 0.9603680
30.352400 -8.8974333 -0.0783497 10.1377459 -0.0016708 -0.2812184 -0.0073672 0.9596140
30.560270 -8.9408121 -0.0800362 10.2030821 0.0021526 -0.2837131 -0.0071730 0.9588799
30.871790 -8.9993067 -0.0814495 10.2908993 0.0013456 -0.2910817 -0.0034590 0.9566910
31.183270 -9.0536966 -0.0827991 10.3647728 -0.0034538 -0.3005890 -0.0098644 0.9536965
31.390900 -9.0848465 -0.0837457 10.4078808 -0.0067565 -0.3091196 -0.0083636 0.9509624
31.598390 -9.1139040 -0.0837958 10.4447174 -0.0085755 -0.3215833 -0.0058896 0.9468241
31.805770 -9.1419964 -0.0843796 10.4756060 -0.0085555 -0.3387708 -0.0069722 0.9408042
32.116900 -9.1807613 -0.0849525 10.5133057 -0.0022973 -0.3702369 -0.0051070 0.9289204
32.324400 -9.2074070 -0.0844112 10.5340662 0.0030216 -0.3908663 -0.0092517 0.9203960
32.635530 -9.2483015 -0.0840279 10.5647116 0.0011136 -0.4255209 -0.0084094 0.9049088
32.946650 -9.2928276 -0.0840365 10.5900545 -0.0016665 -0.4654338 -0.0133704 0.8849801
33.257770 -9.3393021 -0.0844782 10.6096420 -0.0025320 -0.5054651 -0.0194745 0.8626235
33.465270 -9.3712978 -0.0851262 10.6206312 -0.0034297 -0.5332211 -0.0210279 0.8457076
33.672790 -9.4073067 -0.0844509 10.6303539 -0.0003244 -0.5637357 -0.0188356 0.8257404
33.880040 -9.4503136 -0.0835978 10.6390038 0.0003669 -0.5985168 -0.0180777 0.8009062
34.087400 -9.4987278 -0.0826418 10.6437016 0.0008780 -0.6351568 -0.0165352 0.7722058
34.398420 -9.5829210 -0.0813938 10.6423883 -0.0007051 -0.6922767 -0.0162709 0.7214484
34.605900 -9.6447611 -0.0795308 10.6354818 -0.0045620 -0.7302048 -0.0159969 0.6830258
34.813400 -9.7091684 -0.0770116 10.6203442 -0.0074905 -0.7657698 -0.0153077 0.6428890
35.021020 -9.7809334 -0.0746861 10.5972977 -0.0101666 -0.7981269 -0.0147652 0.6022226
35.228670 -9.8549747 -0.0717190 10.5650558 -0.0138453 -0.8272401 -0.0123539 0.5615421
35.436400 -9.9318953 -0.0696175 10.5233002 -0.0174022 -0.8526859 -0.0105829 0.5220267
35.644400 -10.0119209 -0.0670342 10.4708767 0.0186216 0.8734323 0.0099997 -0.4864866
35.957050 -10.1393023 -0.0624244 10.3749180 0.0169015 0.8925955 0.0100582 -0.4504292
36.165670 -10.2301292 -0.0592438 10.3022356 0.0169043 0.8994427 0.0104606 -0.4365863
36.374170 -10.3257360 -0.0565250 10.2235937 0.0182290 0.9042346 0.0108420 -0.4265091
36.582670 -10.4253149 -0.0532386 10.1378851 0.0179444 0.9074386 0.0116083 -0.4196408
36.791110 -10.5288715 -0.0498388 10.0474615 0.0185436 0.9095169 0.0118201 -0.4150848
36.999490 -10.6374016 -0.0460000 9.9526119 0.0193605 0.9103698 0.0117659 -0.4131750
37.207650 -10.7503157 -0.0423683 9.8537245 0.0193438 0.9108255 0.0110693 -0.4121896
37.415890 -10.8672438 -0.0377794 9.7501488 0.0195111 0.9111823 0.0108037 -0.4113993
37.624150 -10.9883146 -0.0338810 9.6417208 0.0196339 0.9115402 0.0133898 -0.4105237
37.832280 -11.1118107 -0.0296255 9.5317850 0.0196643 0.9119585 0.0122239 -0.4096286
38.040280 -11.2389526 -0.0248798 9.4177485 0.0210698 0.9122869 0.0106427 -0.4088707
38.248280 -11.3680887 -0.0210755 9.3012323 0.0213918 0.9127321 0.0089378 -0.4079004
38.456150 -11.5011797 -0.0180404 9.1814280 0.0189849 0.9133455 0.0057507 -0.4067020
38.664150 -11.6358137 -0.0150156 9.0576839 0.0172579 0.9132225 0.0069490 -0.4070363
38.872030 -11.7731485 -0.0123902 8.9329252 0.0186199 0.9132304 0.0093843 -0.4069098
39.079900 -11.9114704 -0.0091509 8.8081665 0.0199404 0.9133883 0.0102941 -0.4064706
39.287780 -12.0482712 -0.0057747 8.6831818 0.0194378 0.9134123 0.0108629 -0.4064261
39.495830 -12.1858320 -0.0017929 8.5582857 0.0195557 0.9135597 0.0119234 -0.4060591
39.703630 -12.3242178 0.0020991 8.4336185 0.0200728 0.9138485 0.0120989 -0.4053783
39.911280 -12.4609184 0.0064195 8.3085814 0.0203703 0.9142416 0.0109570 -0.4045088
40.119140 -12.5967140 0.0094754 8.1838684 0.0205845 0.9146894 0.0109682 -0.4034839
40.326930 -12.7315073 0.0125112 8.0587616 0.0194810 0.9149607 0.0105801 -0.4029336
40.534990 -12.8664837 0.0162980 7.9339662 0.0175802 0.9150720 0.0115151 -0.4027427
40.742540 -13.0007963 0.0193193 7.8098545 0.0163233 0.9146395 0.0113247 -0.4037820
40.950400 -13.1352730 0.0223880 7.6871300 0.0156220 0.9139390 0.0109443 -0.4054032
41.158230 -13.2717857 0.0261711 7.5641198 0.0190924 0.9133742 0.0130896 -0.4064624
41.365930 -13.4081993 0.0308915 7.4413290 0.0222505 0.9130014 0.0161979 -0.4070269
41.573580 -13.5416336 0.0354494 7.3196468 0.0201530 0.9129914 0.0122836 -0.4072955
41.781210 -13.6759577 0.0397034 7.1984816 0.0207581 0.9130037 0.0137174 -0.4071919
41.988800 -13.8085403 0.0436411 7.0786242 0.0214288 0.9132197 0.0133574 -0.4066844
42.196450 -13.9407129 0.0478110 6.9596672 0.0213321 0.9136490 0.0132136 -0.4057289
42.404080 -14.0715475 0.0524119 6.8400412 0.0233627 0.9138166 0.0161678 -0.4051320
42.611550 -14.1996422 0.0575160 6.7228498 0.0240859 0.9141263 0.0151781 -0.4044287
42.922920 -14.3902073 0.0650899 6.5498900 0.0218924 0.9142614 0.0141941 -0.4042837
43.130550 -14.5163326 0.0700782 6.4337773 0.0202949 0.9139625 0.0144848 -0.4050320
43.338330 -14.6427231 0.0739510 6.3193297 0.0201956 0.9137436 0.0149655 -0.4055130
43.545910 -14.7670288 0.0774660 6.2058887 0.0190390 0.9134927 0.0141785 -0.4061621
43.753650 -14.8916073 0.0818934 6.0944452 0.0212181 0.9132367 0.0137995 -0.4066425
43.961280 -15.0132236 0.0854619 5.9850750 0.0209659 0.9131221 0.0126383 -0.4069505
44.169050 -15.1343145 0.0890903 5.8767867 0.0207112 0.9129080 0.0094092 -0.4075311
44.376660 -15.2517862 0.0913542 5.7691607 0.0195283 0.9125861 0.0111760 -0.4082650
44.584310 -15.3664875 0.0940684 5.6673398 0.0191370 0.9127162 0.0108425 -0.4080017
44.792180 -15.4774284 0.0961359 5.5677071 0.0190738 0.9127092 0.0108186 -0.4080210
44.999710 -15.5847473 0.0987193 5.4706659 0.0183055 0.9127375 0.0111292 -0.4079845
45.207330 -15.6901493 0.1007903 5.3755898 0.0191190 0.9127812 0.0123860 -0.4078132
45.415240 -15.7936258 0.1037662 5.2839622 0.0203989 0.9129201 0.0139213 -0.4073906
45.622980 -15.8924541 0.1070913 5.1953187 0.0226326 0.9131267 0.0139357 -0.4068085
45.831090 -15.9865837 0.1095092 5.1100383 0.0231203 0.9135196 0.0140113 -0.4058954
46.142050 -16.1188126 0.1133994 4.9888525 0.0256819 0.9152336 0.0112560 -0.4019468
46.453430 -16.2413464 0.1165921 4.8706779 0.0293547 0.9209883 0.0095655 -0.3883649
46.764550 -16.3517952 0.1195659 4.7534842 0.0335420 0.9303927 0.0081842 -0.3649348
47.179170 -16.4714451 0.1231813 4.5936723 0.0337299 0.9488777 0.0097423 -0.3136853
47.490160 -16.5403137 0.1256762 4.4722548 0.0320939 0.9651962 0.0120257 -0.2592714
47.801160 -16.5851402 0.1268778 4.3518639 0.0202935 0.9811901 0.0129690 -0.1915357
48.112290 -16.6119289 0.1262583 4.2296038 0.0120853 0.9926537 0.0107857 -0.1199010
48.423630 -16.6217136 0.1270117 4.1040478 0.0083177 0.9989002 0.0139069 -0.0439974
48.631190 -16.6150398 0.1279896 4.0209103 0.0024525 0.9998025 0.0184733 0.0068966
48.838780 -16.6031818 0.1297006 3.9396176 0.0086911 0.9980918 0.0173435 0.0586213
49.046410 -16.5825577 0.1295533 3.8615797 0.0118533 0.9938101 0.0158011 0.1093218
49.254030 -16.5539761 0.1308532 3.7872143 0.0125920 0.9870163 0.0137998 0.1595303
49.461780 -16.5186596 0.1328093 3.7127080 0.0164881 0.9778979 0.0134102 0.2080000
49.669780 -16.4742088 0.1328928 3.6417303 0.0129577 0.9678987 0.0160027 0.2504959
49.773780 -16.4505272 0.1334618 3.6056361 0.0139608 0.9629044 0.0181633 0.2688686
49.982180 -16.3989124 0.1341678 3.5353913 0.0155043 0.9538481 0.0202760 0.2992028
50.086410 -16.3713455 0.1343612 3.5006504 0.0149907 0.9498968 0.0207885 0.3115111
50.295050 -16.3130798 0.1358428 3.4306068 0.0139751 0.9437180 0.0198711 0.3298579
50.399300 -16.2824860 0.1363755 3.3949614 0.0132614 0.9414665 0.0191704 0.3362996
50.608030 -16.2188110 0.1374275 3.3230219 0.0117945 0.9381664 0.0169945 0.3455661
50.816730 -16.1525707 0.1390994 3.2482328 0.0132359 0.9359914 0.0163687 0.3513928
51.025280 -16.0831585 0.1395883 3.1708164 0.0139810 0.9346408 0.0157221 0.3549702
51.233800 -16.0096054 0.1406181 3.0912971 0.0106624 0.9339335 0.0138101 0.3570208
51.338030 -15.9716702 0.1413798 3.0494542 0.0116271 0.9337891 0.0147346 0.3573312
51.546400 -15.8938599 0.1415175 2.9616809 0.0144597 0.9339501 0.0154404 0.3567769
51.754650 -15.8115349 0.1422962 2.8711019 0.0134489 0.9341351 0.0093225 0.3565443
51.962780 -15.7258549 0.1423855 2.7749414 0.0153781 0.9343426 0.0077517 0.3559598
52.171030 -15.6342716 0.1425985 2.6740112 0.0106332 0.9345140 0.0084677 0.3556667
52.379030 -15.5388012 0.1421029 2.5683298 0.0085811 0.9343863 0.0093098 0.3560364
52.691180 -15.3865976 0.1437693 2.3991709 0.0056334 0.9344361 0.0130032 0.3558486
52.899160 -15.2809010 0.1449520 2.2813606 0.0058300 0.9342208 0.0100602 0.3565058
53.211180 -15.1160221 0.1463483 2.0976343 0.0081448 0.9341809 0.0157715 0.3563580
53.523150 -14.9468603 0.1490748 1.9073739 0.0136251 0.9340359 0.0131033 0.3566785
53.731040 -14.8312016 0.1499280 1.7775908 0.0140586 0.9342250 0.0116249 0.3562176
54.042910 -14.6553965 0.1501721 1.5822368 0.0124195 0.9344645 0.0155555 0.3554997
54.250800 -14.5390205 0.1510866 1.4501262 0.0177571 0.9345218 0.0189627 0.3549565
54.458660 -14.4223938 0.1524259 1.3178601 0.0193896 0.9344155 0.0245487 0.3548084
54.666410 -14.3069448 0.1548585 1.1873636 0.0211311 0.9343445 0.0271487 0.3547066
54.874290 -14.1921072 0.1565633 1.0592799 0.0230053 0.9348065 0.0190851 0.3538974
55.082040 -14.0786934 0.1570061 0.9317236 0.0233389 0.9351418 0.0190165 0.3529922
55.290780 -13.9650335 0.1576724 0.8026686 0.0230126 0.9353822 0.0208438 0.3522727
55.497680 -13.8545837 0.1578371 0.6790934 0.0198748 0.9372693 0.0201670 0.3474545
55.705670 -13.7491417 0.1587288 0.5534368 0.0191166 0.9408327 0.0197719 0.3377537
55.913810 -13.6478167 0.1602660 0.4233246 0.0210629 0.9461287 0.0224626 0.3223231
56.122050 -13.5531826 0.1621293 0.2914782 0.0222793 0.9531472 0.0251388 0.3006362
56.330510 -13.4670610 0.1664832 0.1519036 0.0253309 0.9616096 0.0262754 0.2719834
56.538940 -13.3901520 0.1696045 0.0094771 0.0277169 0.9699913 0.0264783 0.2400993
56.747290 -13.3255911 0.1733200 -0.1329045 0.0311140 0.9775547 0.0174735 0.2076376
56.955550 -13.2668438 0.1736495 -0.2780647 0.0272907 0.9840910 0.0133173 0.1750506
57.163560 -13.2191048 0.1733691 -0.4279878 0.0270298 0.9885581 0.0124402 0.1478767
57.371290 -13.1786222 0.1741825 -0.5806723 0.0279831 0.9913777 0.0122497 0.1274257
57.579070 -13.1420383 0.1752952 -0.7380559 0.0262294 0.9936202 0.0160005 0.1085124
57.786690 -13.1112509 0.1773068 -0.8977549 0.0258196 0.9953682 0.0136350 0.0915944
57.994890 -13.0845432 0.1801297 -1.0608228 0.0304867 0.9962890 0.0139454 0.0792741
58.201850 -13.0605335 0.1838326 -1.2293787 0.0343490 0.9963872 0.0231943 0.0741268
58.409230 -13.0345154 0.1884461 -1.3994217 0.0320322 0.9965762 0.0218420 0.0730255
58.616560 -13.0062904 0.1928498 -1.5727342 0.0251822 0.9969129 0.0179702 0.0721633
58.824030 -12.9791842 0.1968324 -1.7500885 0.0218180 0.9969481 0.0188494 0.0725481
59.031700 -12.9519157 0.2010283 -1.9299673 0.0205560 0.9968889 0.0197437 0.0734858
59.239170 -12.9241695 0.2050796 -2.1121776 0.0187315 0.9968679 0.0181080 0.0746699
59.446780 -12.8950415 0.2089227 -2.2959349 0.0161881 0.9969230 0.0161926 0.0749688
59.654550 -12.8662863 0.2114323 -2.4816091 0.0139300 0.9970636 0.0165646 0.0734555
59.758420 -12.8514996 0.2130105 -2.5724216 0.0140094 0.9971282 0.0166982 0.0725273
59.965990 -12.8237114 0.2153884 -2.7539439 0.0137529 0.9972049 0.0178625 0.0712332
60.069690 -12.8092909 0.2171979 -2.8446887 0.0136143 0.9972220 0.0188217 0.0707721
60.277190 -12.7822323 0.2200985 -3.0234351 0.0128793 0.9972941 0.0189726 0.0698471
60.484800 -12.7538891 0.2222544 -3.2001095 0.0126214 0.9974038 0.0171039 0.0688026
60.692600 -12.7267351 0.2236429 -3.3755131 0.0122819 0.9974869 0.0180210 0.0674114
60.900200 -12.7002087 0.2272372 -3.5489779 0.0121536 0.9976841 0.0183672 0.0643537
61.107700 -12.6739578 0.2286273 -3.7193968 0.0105625 0.9979422 0.0175920 0.0607474
61.315290 -12.6525784 0.2307270 -3.8819165 0.0098652 0.9981019 0.0191726 0.0576862
61.522950 -12.6344166 0.2333778 -4.0410557 0.0106025 0.9982169 0.0200413 0.0552185
61.834510 -12.6073837 0.2372884 -4.2742558 0.0105265 0.9983943 0.0193828 0.0521771
61.938390 -12.5981960 0.2390209 -4.3511429 0.0098692 0.9984343 0.0196226 0.0514439
62.145930 -12.5812540 0.2415187 -4.5042257 0.0096665 0.9985309 0.0166271 0.0506567
62.353660 -12.5650558 0.2431661 -4.6547914 0.0095449 0.9985495 0.0147668 0.0508906
62.561290 -12.5485706 0.2446299 -4.8035941 0.0108050 0.9984928 0.0159325 0.0513965
62.769050 -12.5319405 0.2465556 -4.9529676 0.0122902 0.9984213 0.0167407 0.0521884
62.976670 -12.5144005 0.2483202 -5.1006560 0.0117884 0.9983900 0.0172987 0.0527194
63.184460 -12.4971466 0.2498339 -5.2470336 0.0133019 0.9983286 0.0162157 0.0538519
63.288240 -12.4885588 0.2507559 -5.3196707 0.0137483 0.9982504 0.0156544 0.0553363
63.495820 -12.4707890 0.2518665 -5.4636068 0.0130105 0.9981262 0.0146575 0.0579652
63.703640 -12.4529581 0.2531133 -5.6052752 0.0128482 0.9980433 0.0144835 0.0594535
63.911420 -12.4345779 0.2540579 -5.7438259 0.0113599 0.9980500 0.0165718 0.0590982
64.119460 -12.4169655 0.2553997 -5.8786707 0.0104769 0.9981281 0.0171149 0.0577731
64.327430 -12.4009647 0.2564139 -6.0083876 0.0091419 0.9983146 0.0172266 0.0546587
64.431450 -12.3942986 0.2563804 -6.0712090 0.0091785 0.9984584 0.0173799 0.0519087
64.639590 -12.3821974 0.2577005 -6.1943383 0.0104237 0.9988108 0.0177533 0.0441956
64.847590 -12.3734608 0.2586905 -6.3108125 0.0134808 0.9990726 0.0188650 0.0362817
65.159520 -12.3634138 0.2609581 -6.4717798 0.0152574 0.9993844 0.0194021 0.0249319
65.367480 -12.3597469 0.2625956 -6.5701137 0.0164835 0.9995089 0.0189100 0.0187782
65.575320 -12.3581314 0.2639032 -6.6590924 0.0180566 0.9995747 0.0183322 0.0137240
65.783300 -12.3562098 0.2647577 -6.7396078 0.0187406 0.9995787 0.0201219 0.0092930
65.991170 -12.3551550 0.2653414 -6.8113003 0.0193158 0.9995768 0.0209809 0.0057356
66.199080 -12.3552942 0.2668462 -6.8753786 0.0215247 0.9995384 0.0211828 0.0033175
66.303070 -12.3550730 0.2672199 -6.9039426 0.0218973 0.9995228 0.0216436 0.0024896
66.407050 -12.3546648 0.2676363 -6.9299083 0.0216810 0.9995140 0.0222960 0.0021377
66.512930 -12.3545523 0.2672718 -6.9527740 0.0214741 0.9995019 0.0230056 0.0023368
66.718800 -12.3524370 0.2682511 -6.9946117 0.0191388 0.9995664 0.0220618 0.0037249
67.342520 -12.3485746 0.2690499 -7.0811424 0.0180802 0.9995890 0.0196031 0.0105195
68.173980 -12.3424749 0.2708204 -7.1620016 0.0147424 0.9992324 0.0182695 0.0313598
75.767480 -12.3277416 0.2711031 -7.2110353 0.0133294 0.9954388 0.0166719 0.0929844
75.975180 -12.3234310 0.2712772 -7.2190666 0.0129562 0.9939288 0.0151406 0.1082051
76.702070 -12.2939672 0.2721295 -7.2797656 0.0115887 0.9836408 0.0175185 0.1789124
77.117090 -12.2636662 0.2728536 -7.3301072 0.0134179 0.9720687 0.0221899 0.2332593
77.324460 -12.2433109 0.2738063 -7.3575497 0.0141491 0.9629837 0.0224018 0.2682543
77.531820 -12.2166634 0.2740646 -7.3867893 0.0123516 0.9505236 0.0199587 0.3097645
77.739080 -12.1815166 0.2742547 -7.4210992 0.0147321 0.9335104 0.0187574 0.3577561
77.946530 -12.1360435 0.2756402 -7.4580050 0.0175633 0.9130732 0.0160095 0.4071026
78.153970 -12.0776825 0.2765848 -7.4952774 0.0183399 0.8903492 0.0157988 0.4546343
78.361560 -12.0073452 0.2771305 -7.5307112 0.0176909 0.8649575 0.0179873 0.5012105
78.569310 -11.9276943 0.2771899 -7.5624542 0.0181574 0.8362421 0.0237656 0.5475442
78.776930 -11.8361492 0.2776548 -7.5891237 0.0181704 0.8049552 0.0279919 0.5923963
78.984860 -11.7310886 0.2790539 -7.6091862 0.0183388 0.7731250 0.0305424 0.6332524
79.192960 -11.6149225 0.2804495 -7.6214008 0.0209671 0.7447923 0.0303885 0.6662742
79.401310 -11.4897957 0.2815104 -7.6247663 0.0214544 0.7241735 0.0274363 0.6887378
79.610070 -11.3540239 0.2819841 -7.6255007 0.0230893 0.7107290 0.0262359 0.7025972
79.818800 -11.2105045 0.2808188 -7.6219139 0.0256346 0.7005666 0.0259120 0.7126554
80.027420 -11.0594187 0.2790660 -7.6161561 0.0290003 0.6899353 0.0239582 0.7228929
80.235930 -10.8986034 0.2768482 -7.6043177 0.0267150 0.6821094 0.0207549 0.7304672
80.444550 -10.7293978 0.2742180 -7.5896554 0.0242899 0.6793914 0.0176101 0.7331624
80.653190 -10.5505371 0.2725133 -7.5736270 0.0238966 0.6788752 0.0181968 0.7336391
80.965550 -10.2692966 0.2670989 -7.5460196 0.0243152 0.6747744 0.0184148 0.7373935
81.173790 -10.0732307 0.2626947 -7.5244751 0.0240443 0.6715191 0.0184190 0.7403679
81.381810 -9.8721390 0.2585019 -7.5001750 0.0222357 0.6681723 0.0211010 0.7433748
81.589930 -9.6659613 0.2553962 -7.4762259 0.0216318 0.6659172 0.0218087 0.7453930
81.798060 -9.4539127 0.2524384 -7.4511924 0.0217300 0.6665336 0.0202766 0.7448823
82.006180 -9.2371655 0.2491305 -7.4257011 0.0209797 0.6672731 0.0226233 0.7441738
82.214180 -9.0229216 0.2450578 -7.4009418 0.0205033 0.6679478 0.0237883 0.7435452
82.318180 -8.9171171 0.2425084 -7.3875761 0.0203132 0.6684754 0.0239584 0.7430706
82.526180 -8.7071571 0.2375527 -7.3636150 0.0212132 0.6691498 0.0225225 0.7424833
82.734050 -8.4950523 0.2352156 -7.3399153 0.0204209 0.6698666 0.0226281 0.7418556
82.942060 -8.2844524 0.2308442 -7.3142829 0.0197591 0.6708320 0.0225891 0.7410018
83.149930 -8.0751486 0.2267427 -7.2936001 0.0215364 0.6709207 0.0217906 0.7408959
83.357930 -7.8677564 0.2234924 -7.2696066 0.0185321 0.6714187 0.0227821 0.7404961
83.565930 -7.6602306 0.2209640 -7.2463131 0.0166964 0.6720623 0.0212261 0.7400020
83.773690 -7.4562321 0.2171968 -7.2248068 0.0167986 0.6724240 0.0201140 0.7397021
83.981560 -7.2527714 0.2140544 -7.2033257 0.0160207 0.6726413 0.0209646 0.7394981
84.189660 -7.0492549 0.2104470 -7.1817327 0.0178945 0.6731606 0.0212573 0.7389741
84.500970 -6.7450342 0.2049807 -7.1517892 0.0199003 0.6713041 0.0234271 0.7405444
84.708560 -6.5447493 0.2004815 -7.1311860 0.0191294 0.6687597 0.0240852 0.7428421
84.916060 -6.3447676 0.1969814 -7.1063905 0.0187061 0.6669663 0.0216130 0.7445394
85.123720 -6.1458135 0.1930569 -7.0821667 0.0179616 0.6652617 0.0215753 0.7460822
85.331180 -5.9511671 0.1886662 -7.0574903 0.0172682 0.6641845 0.0223893 0.7470338
85.538870 -5.7589478 0.1844383 -7.0324192 0.0153612 0.6637233 0.0216798 0.7475061
85.746450 -5.5718651 0.1811152 -7.0083861 0.0146868 0.6641479 0.0208469 0.7471662
85.850400 -5.4778647 0.1809648 -6.9966445 0.0146638 0.6648154 0.0202040 0.7465904
86.058060 -5.2933931 0.1762220 -6.9731283 0.0161032 0.6666147 0.0223996 0.7448918
86.161940 -5.2002110 0.1755837 -6.9629622 0.0176546 0.6674747 0.0228054 0.7440737
86.369740 -5.0168505 0.1728276 -6.9423962 0.0192602 0.6693980 0.0243578 0.7422548
86.577490 -4.8338470 0.1688690 -6.9217024 0.0172755 0.6712950 0.0254170 0.7405529
86.785510 -4.6519675 0.1664928 -6.9021654 0.0169549 0.6731512 0.0241995 0.7389143
86.992950 -4.4730415 0.1635510 -6.8820491 0.0181893 0.6750832 0.0218306 0.7371942
87.200570 -4.2928109 0.1607639 -6.8653607 0.0195869 0.6759488 0.0215551 0.7363728
87.408330 -4.1127610 0.1575033 -6.8497119 0.0177879 0.6760646 0.0231463 0.7362639
87.616060 -3.9358170 0.1545252 -6.8325114 0.0146011 0.6757195 0.0221089 0.7366825
87.927320 -3.6705124 0.1517285 -6.8039598 0.0109304 0.6757165 0.0170391 0.7368836
88.238710 -3.4067900 0.1470731 -6.7786493 0.0120250 0.6751035 0.0157622 0.7374566
88.550190 -3.1428313 0.1445983 -6.7528968 0.0106636 0.6741580 0.0219387 0.7381843
88.861690 -2.8843770 0.1409589 -6.7266431 0.0139716 0.6736900 0.0189815 0.7386381
89.069450 -2.7140076 0.1385895 -6.7104936 0.0148926 0.6733523 0.0194842 0.7389149
89.277420 -2.5441129 0.1356594 -6.6940694 0.0182802 0.6734837 0.0191587 0.7387277
89.588990 -2.2916431 0.1313145 -6.6690145 0.0179564 0.6744488 0.0226361 0.7377560
89.796830 -2.1257522 0.1283216 -6.6533260 0.0176320 0.6752616 0.0225288 0.7370234
90.108700 -1.8797247 0.1244940 -6.6302471 0.0159702 0.6765983 0.0218574 0.7358546
90.316520 -1.7172910 0.1223508 -6.6157827 0.0160232 0.6773834 0.0227293 0.7351043
90.524330 -1.5572128 0.1206565 -6.6020799 0.0158758 0.6780450 0.0222891 0.7345108
90.732220 -1.3999178 0.1183574 -6.5886416 0.0140835 0.6786566 0.0219515 0.7339925
90.940100 -1.2494388 0.1168168 -6.5757751 0.0126558 0.6792230 0.0216754 0.7335026
91.148110 -1.1058502 0.1151190 -6.5635443 0.0120465 0.6790035 0.0222224 0.7336997
91.355930 -0.9709241 0.1141266 -6.5518360 0.0127780 0.6769338 0.0211446 0.7356292
91.563820 -0.8415112 0.1127750 -6.5390644 0.0116005 0.6738256 0.0192728 0.7385479
91.771700 -0.7205518 0.1104636 -6.5254817 0.0130254 0.6693715 0.0186697 0.7425790
92.083700 -0.5516470 0.1068725 -6.5014725 0.0158444 0.6574510 0.0182789 0.7531089
92.291780 -0.4480366 0.1046707 -6.4824619 0.0160733 0.6475399 0.0183581 0.7616408
92.498710 -0.3530127 0.1022886 -6.4620547 0.0152942 0.6351786 0.0185444 0.7719912
92.812670 -0.2213610 0.0997376 -6.4250989 0.0146548 0.6115970 0.0153679 0.7908844
93.017610 -0.1393558 0.0968839 -6.3968267 0.0133808 0.5929209 0.0145192 0.8050186
93.225060 -0.0633795 0.0940703 -6.3654466 0.0138549 0.5695938 0.0125723 0.8217133
93.432440 0.0075676 0.0923594 -6.3295689 0.0169257 0.5392946 0.0109838 0.8418754
93.639690 0.0733252 0.0895137 -6.2893114 0.0173435 0.4997318 0.0142373 0.8658895
93.847210 0.1315515 0.0869741 -6.2409487 0.0152099 0.4549923 0.0104585 0.8903040
94.054400 0.1832373 0.0840074 -6.1890435 0.0172002 0.4079917 0.0086698 0.9127824
94.261830 0.2301977 0.0808093 -6.1329355 0.0165230 0.3602016 0.0078037 0.9326955
94.469450 0.2696118 0.0784836 -6.0705042 0.0113929 0.3119234 0.0008778 0.9500386
94.677090 0.3049245 0.0768947 -6.0039954 0.0056187 0.2627009 0.0031056 0.9648560
94.884790 0.3310356 0.0744487 -5.9325418 -0.0025747 0.2139537 -0.0029640 0.9768359
95.092440 0.3520995 0.0737026 -5.8589244 -0.0028861 0.1652620 -0.0051617 0.9862320
95.196460 0.3611000 0.0733752 -5.8214130 -0.0019254 0.1430541 -0.0048897 0.9897009
95.300440 0.3684164 0.0732377 -5.7825346 -0.0016400 0.1231372 -0.0050712 0.9923754
95.404570 0.3738389 0.0728772 -5.7429733 -0.0019276 0.1046542 -0.0079996 0.9944746
95.508570 0.3785186 0.0727484 -5.7029209 -0.0017420 0.0875466 -0.0108363 0.9960999
95.612820 0.3829002 0.0723662 -5.6618629 -0.0017137 0.0734332 -0.0115512 0.9972318
95.821210 0.3898307 0.0714998 -5.5774322 -0.0028434 0.0520136 -0.0121003 0.9985690
95.925440 0.3925943 0.0713272 -5.5339918 -0.0023695 0.0428391 -0.0110948 0.9990176
96.133950 0.3960753 0.0713416 -5.4432297 -0.0009855 0.0284047 -0.0108091 0.9995376
96.342320 0.3975796 0.0705603 -5.3467875 -0.0006583 0.0143881 -0.0108368 0.9998375
96.550570 0.3956488 0.0696054 -5.2438602 -0.0007979 0.0006618 -0.0093508 0.9999557
96.758950 0.3921638 0.0693007 -5.1339531 0.0003644 -0.0107070 -0.0097770 0.9998948
96.967200 0.3861654 0.0684680 -5.0190201 0.0016372 -0.0178436 -0.0105262 0.9997841
97.175570 0.3798350 0.0668404 -4.8983684 0.0019367 -0.0213768 -0.0101944 0.9997177
97.383810 0.3727464 0.0654324 -4.7731161 0.0006105 -0.0239531 -0.0093103 0.9996696
97.592070 0.3647507 0.0640676 -4.6444478 -0.0018405 -0.0269747 -0.0081883 0.9996009
97.800340 0.3557444 0.0627466 -4.5162549 -0.0038768 -0.0300660 -0.0070549 0.9995155
98.008320 0.3466081 0.0614774 -4.3874674 -0.0043199 -0.0334654 -0.0048480 0.9994188
98.216470 0.3363423 0.0604336 -4.2598162 -0.0041377 -0.0369072 -0.0041778 0.9993014
98.424320 0.3249520 0.0588917 -4.1318989 -0.0044057 -0.0391397 -0.0047359 0.9992128
98.632320 0.3133222 0.0581685 -4.0042100 -0.0041072 -0.0399066 -0.0054177 0.9991803
98.840320 0.3016075 0.0572255 -3.8767183 -0.0044564 -0.0399815 -0.0050989 0.9991775
99.048200 0.2903599 0.0561132 -3.7496753 -0.0055048 -0.0401427 -0.0050690 0.9991660
99.256070 0.2788599 0.0552443 -3.6233025 -0.0059190 -0.0400779 -0.0052000 0.9991655
99.464100 0.2674150 0.0543871 -3.4975457 -0.0053120 -0.0394537 -0.0055132 0.9991921
99.671950 0.2568228 0.0537868 -3.3731294 -0.0050000 -0.0381830 -0.0053305 0.9992440
99.879940 0.2467165 0.0530335 -3.2516525 -0.0053359 -0.0369780 -0.0042985 0.9992926
100.087800 0.2371422 0.0520410 -3.1339715 -0.0073283 -0.0356596 -0.0051074 0.9993241
100.295700 0.2276927 0.0508418 -3.0206125 -0.0058385 -0.0346936 -0.0039986 0.9993730
100.503700 0.2191581 0.0499867 -2.9110341 -0.0028991 -0.0340493 -0.0050641 0.9994031
100.711600 0.2102340 0.0482724 -2.8028207 -0.0019783 -0.0337025 -0.0067045 0.9994075
101.023600 0.1976224 0.0450524 -2.6453824 -0.0008522 -0.0330075 -0.0074093 0.9994273
101.231500 0.1893271 0.0432916 -2.5418141 -0.0004422 -0.0331145 -0.0087460 0.9994132
101.543300 0.1768089 0.0410391 -2.3888645 -0.0010000 -0.0337527 -0.0082334 0.9993958
101.751200 0.1686635 0.0389907 -2.2885518 -0.0003144 -0.0351196 -0.0076082 0.9993541
101.959100 0.1601805 0.0379226 -2.1896274 0.0003894 -0.0366125 -0.0077941 0.9992990
102.166900 0.1518489 0.0361500 -2.0913668 0.0005309 -0.0386184 -0.0072689 0.9992275
102.374800 0.1427497 0.0346214 -1.9940019 -0.0000760 -0.0403299 -0.0060146 0.9991683
102.582700 0.1336453 0.0328932 -1.8984371 -0.0010907 -0.0419127 -0.0063851 0.9991003
102.790600 0.1250433 0.0315670 -1.8051711 -0.0019259 -0.0434385 -0.0067123 0.9990317
102.998500 0.1157249 0.0301379 -1.7145938 -0.0019038 -0.0437231 -0.0069315 0.9990178
103.310300 0.1033264 0.0281556 -1.5864524 -0.0017802 -0.0417051 -0.0082927 0.9990939
103.622300 0.0943091 0.0254995 -1.4654566 -0.0012594 -0.0398832 -0.0077898 0.9991732
103.934300 0.0840026 0.0243220 -1.3530748 -0.0009465 -0.0379105 -0.0083458 0.9992458
104.350600 0.0743650 0.0213393 -1.2190977 -0.0026735 -0.0360740 -0.0081337 0.9993125
104.662200 0.0672520 0.0194727 -1.1350045 -0.0026681 -0.0346045 -0.0082716 0.9993633
105.078600 0.0606059 0.0178281 -1.0426576 -0.0014142 -0.0335021 -0.0077821 0.9994074
105.286000 0.0576813 0.0172299 -0.9998282 0.0003889 -0.0330626 -0.0073934 0.9994258
105.909700 0.0492975 0.0150530 -0.8759230 -0.0003363 -0.0327197 -0.0067589 0.9994417
106.117600 0.0470617 0.0141833 -0.8357219 -0.0003067 -0.0335998 -0.0058858 0.9994180
106.325500 0.0433747 0.0134163 -0.7960275 -0.0004492 -0.0372715 -0.0053294 0.9992909
106.533200 0.0390335 0.0128945 -0.7571188 -0.0001782 -0.0440877 -0.0056811 0.9990115
106.741000 0.0339133 0.0123901 -0.7185680 -0.0001056 -0.0506758 -0.0074339 0.9986875
107.156800 0.0240104 0.0108152 -0.6433454 0.0002540 -0.0599325 -0.0077392 0.9981724
107.364700 0.0182482 0.0105610 -0.6057316 0.0007560 -0.0611586 -0.0101138 0.9980766
107.676800 0.0116525 0.0090951 -0.5505316 0.0005333 -0.0590716 -0.0095310 0.9982081
107.885000 0.0077082 0.0086152 -0.5139521 0.0004341 -0.0567018 -0.0093848 0.9983469
108.093000 0.0042091 0.0080104 -0.4780672 0.0007971 -0.0541429 -0.0089981 0.9984924
108.405100 -0.0014604 0.0071002 -0.4244532 0.0007625 -0.0482471 -0.0090364 0.9987943
108.613000 -0.0038939 0.0064551 -0.3875909 0.0021472 -0.0442983 -0.0089736 0.9989758
108.925000 -0.0079809 0.0058999 -0.3249710 0.0030351 -0.0373619 -0.0082206 0.9992633
109.236800 -0.0109969 0.0044024 -0.2548516 0.0016462 -0.0298999 -0.0060461 0.9995332
109.444700 -0.0130715 0.0036492 -0.2044358 0.0006917 -0.0250300 -0.0052765 0.9996725
109.652600 -0.0154981 0.0027109 -0.1511573 -0.0002377 -0.0204677 -0.0052802 0.9997765
109.964400 -0.0172531 0.0014680 -0.0654803 0.0000176 -0.0155407 -0.0027508 0.9998754
111.106600 -0.0260539 -0.0063500 0.2758456 0.0086870 -0.0253395 -0.0039374 0.9996334
111.521300 -0.0432334 -0.0100604 0.3898967 0.0029409 -0.0713895 -0.0057323 0.9974277
111.936400 -0.0731375 -0.0121505 0.4991867 -0.0031700 -0.1200271 -0.0098119 0.9927171
112.352500 -0.1059730 -0.0131625 0.6066235 -0.0072506 -0.1290623 -0.0185916 0.9914356
112.665100 -0.1215923 -0.0130802 0.6804436 -0.0101207 -0.1160801 -0.0131283 0.9931015
112.977500 -0.1299273 -0.0135073 0.7286649 -0.0102134 -0.1012769 -0.0137636 0.9947106
113.809700 -0.1325427 -0.0147825 0.7513650 -0.0029081 -0.0923660 -0.0124844 0.9956426
