0.000000 0.0000000 0.0000000 0.0000000 0.0000000 0.0000000 0.0000000 1.0000000
0.103391 -0.0004555 -0.0001936 0.0815352 0.0022635 0.0007613 -0.0004254 0.9999971
0.207106 -0.0003707 -0.0000429 0.1622166 0.0026919 0.0011298 0.0006776 0.9999955
0.310262 -0.0006371 0.0000028 0.2432277 0.0007002 0.0013071 0.0014595 0.9999979
0.413621 -0.0003879 -0.0001634 0.3238696 -0.0023463 0.0009299 0.0025980 0.9999934
0.517929 -0.0004069 0.0000188 0.4035510 -0.0023675 0.0002928 0.0043872 0.9999875
0.620389 -0.0002089 0.0002648 0.4824296 -0.0009215 -0.0002177 0.0055769 0.9999840
0.724219 -0.0003910 0.0004835 0.5610532 0.0008002 -0.0005919 0.0059054 0.9999821
0.827211 -0.0008659 0.0005508 0.6397664 0.0011117 -0.0009693 0.0057264 0.9999825
0.930557 -0.0016186 0.0006427 0.7181270 0.0002421 -0.0014152 0.0055072 0.9999838
1.034070 -0.0020284 0.0006038 0.7962667 -0.0012301 -0.0018253 0.0054514 0.9999827
1.137438 -0.0024649 0.0005407 0.8739688 -0.0020839 -0.0022837 0.0055892 0.9999796
1.244258 -0.0031033 0.0011137 0.9512709 -0.0024017 -0.0025467 0.0060659 0.9999755
1.344229 -0.0035699 0.0012748 1.0285523 -0.0023644 -0.0029941 0.0061609 0.9999738
1.447568 -0.0043623 0.0015583 1.1051725 -0.0016959 -0.0033847 0.0064051 0.9999723
1.551083 -0.0049586 0.0017685 1.1816552 -0.0007559 -0.0042052 0.0067047 0.9999684
1.757843 -0.0069059 0.0020482 1.3335133 0.0002025 -0.0058072 0.0070971 0.9999579
1.964724 -0.0098164 0.0020739 1.4848754 0.0007122 -0.0074949 0.0056947 0.9999554
2.171620 -0.0126415 0.0018289 1.6347817 -0.0004853 -0.0090522 0.0057923 0.9999421
2.378626 -0.0164248 0.0019759 1.7825081 -0.0006597 -0.0103345 0.0059762 0.9999285
2.585514 -0.0203043 0.0020610 1.9288857 -0.0006258 -0.0117863 0.0059946 0.9999124
2.793694 -0.0249327 0.0024871 2.0727515 -0.0029712 -0.0125608 0.0061944 0.9998975
2.999556 -0.0290722 0.0028943 2.2129288 -0.0032017 -0.0132732 0.0059484 0.9998891
3.206573 -0.0336571 0.0033374 2.3481042 -0.0009952 -0.0141301 0.0051081 0.9998866
3.413963 -0.0386849 0.0036499 2.4810963 -0.0005426 -0.0151257 0.0045845 0.9998749
3.620721 -0.0427468 0.0030108 2.6122236 -0.0001950 -0.0173738 0.0046795 0.9998381
3.827725 -0.0481231 0.0037702 2.7397473 -0.0018140 -0.0193245 0.0049395 0.9997994
4.034871 -0.0544955 0.0037618 2.8637638 -0.0027130 -0.0211833 0.0038689 0.9997644
4.243437 -0.0608485 0.0042979 2.9839923 -0.0018353 -0.0230909 0.0017741 0.9997301
4.449183 -0.0676726 0.0046475 3.1016686 -0.0033708 -0.0243608 0.0008298 0.9996972
4.656235 -0.0741893 0.0046574 3.2156026 -0.0025604 -0.0238669 -0.0021771 0.9997095
4.760815 -0.0773890 0.0044904 3.2699206 -0.0010974 -0.0229174 -0.0029974 0.9997323
4.966824 -0.0820672 0.0055388 3.3787954 -0.0004113 -0.0203591 -0.0037802 0.9997855
5.174268 -0.0876002 0.0053289 3.4844012 -0.0035045 -0.0167461 -0.0082432 0.9998196
5.381142 -0.0910439 0.0060504 3.5842841 -0.0040732 -0.0119858 -0.0125535 0.9998411
5.588095 -0.0935996 0.0066597 3.6785512 -0.0057933 -0.0058040 -0.0171970 0.9998185
5.795223 -0.0944095 0.0067507 3.7657697 -0.0058644 0.0013964 -0.0205261 0.9997711
6.002373 -0.0944254 0.0074597 3.8460572 -0.0044052 0.0090569 -0.0247951 0.9996418
6.209506 -0.0926506 0.0076464 3.9184649 -0.0029412 0.0171022 -0.0261223 0.9995081
6.416516 -0.0892206 0.0078448 3.9838624 -0.0042180 0.0251133 -0.0267265 0.9993184
7.038067 -0.0752726 0.0069838 4.1310372 -0.0022712 0.0543099 -0.0307923 0.9980466
7.245330 -0.0686267 0.0072421 4.1745548 0.0004447 0.0688807 -0.0319916 0.9971117
7.763356 -0.0443085 0.0062148 4.2774973 0.0016108 0.1149209 -0.0323013 0.9928480
7.970621 -0.0313319 0.0057885 4.3176994 0.0028710 0.1374189 -0.0339512 0.9899268
8.488779 0.0143604 0.0028420 4.4164081 0.0033808 0.2085502 -0.0367099 0.9773166
8.696029 0.0395879 0.0013396 4.4534092 0.0061898 0.2443966 -0.0344285 0.9690442
8.903911 0.0685471 -0.0002710 4.4907370 0.0096243 0.2834273 -0.0353956 0.9582919
9.525112 0.1920617 -0.0079798 4.6051350 0.0111758 0.4188472 -0.0398778 0.9071118
9.732384 0.2515025 -0.0111351 4.6417389 0.0126896 0.4688017 -0.0391789 0.8823429
9.939685 0.3199151 -0.0154988 4.6737227 0.0124449 0.5178225 -0.0380645 0.8545502
10.146770 0.3947440 -0.0194661 4.7017436 0.0091411 0.5640892 -0.0396023 0.8247130
10.353670 0.4764953 -0.0241624 4.7208147 0.0127260 0.6054979 -0.0359187 0.7949341
10.562990 0.5653037 -0.0292516 4.7323828 0.0181002 0.6405518 -0.0277165 0.7672011
10.664530 0.6117116 -0.0314085 4.7371035 0.0195142 0.6553803 -0.0275129 0.7545455
10.767050 0.6592524 -0.0343252 4.7401814 0.0228240 0.6678684 -0.0252283 0.7435014
10.870220 0.7078562 -0.0375362 4.7419586 0.0244115 0.6787005 -0.0225762 0.7336621
11.077200 0.8092862 -0.0427579 4.7432547 0.0271103 0.6951991 -0.0181352 0.7180768
11.284150 0.9153554 -0.0486412 4.7434373 0.0284016 0.7057592 -0.0178082 0.7076582
11.488980 1.0258324 -0.0548953 4.7405152 0.0315320 0.7130207 -0.0172097 0.7002221
11.592550 1.0828004 -0.0580000 4.7382398 0.0336021 0.7153075 -0.0164816 0.6978068
11.695270 1.1407340 -0.0613970 4.7359586 0.0334632 0.7168595 -0.0160478 0.6962293
11.901710 1.2618482 -0.0678303 4.7328558 0.0284607 0.7191349 -0.0143854 0.6941383
12.108000 1.3869554 -0.0742201 4.7280073 0.0269553 0.7197837 -0.0099654 0.6936033
12.314500 1.5132385 -0.0806234 4.7235661 0.0318639 0.7195109 -0.0119057 0.6936477
12.521050 1.6433060 -0.0868232 4.7194738 0.0354695 0.7178540 -0.0145861 0.6951365
12.727430 1.7779741 -0.0952389 4.7164249 0.0312609 0.7163175 -0.0110851 0.6969857
12.934130 1.9118799 -0.1028076 4.7136016 0.0349478 0.7142439 -0.0102652 0.6989484
13.141650 2.0458624 -0.1106391 4.7118902 0.0355834 0.7121287 -0.0139671 0.7010075
13.348030 2.1819091 -0.1196401 4.7110858 0.0328905 0.7093380 -0.0115346 0.7040062
13.554880 2.3165715 -0.1282238 4.7113490 0.0365043 0.7072025 -0.0118910 0.7059679
13.864670 2.5210207 -0.1407159 4.7132788 0.0355714 0.7032868 -0.0110532 0.7099297
14.071640 2.6577878 -0.1493097 4.7139497 0.0387889 0.7006401 -0.0090787 0.7124019
14.382120 2.8626611 -0.1630964 4.7187405 0.0393117 0.6971661 -0.0065217 0.7158012
14.588970 2.9996133 -0.1715262 4.7243934 0.0385294 0.6950972 -0.0087555 0.7178292
14.899490 3.2071989 -0.1837202 4.7330203 0.0380337 0.6922167 -0.0097217 0.7206212
15.209870 3.4161620 -0.1980339 4.7452536 0.0379895 0.6889066 -0.0134121 0.7237297
15.416750 3.5571144 -0.2070899 4.7537651 0.0377661 0.6864011 -0.0168558 0.7260463
15.623920 3.6999497 -0.2170908 4.7647605 0.0371740 0.6843359 -0.0173598 0.7280117
15.830620 3.8437173 -0.2273594 4.7760472 0.0362992 0.6815408 -0.0197339 0.7306128
16.039410 3.9892354 -0.2379155 4.7877407 0.0355200 0.6781561 -0.0191818 0.7338083
16.244300 4.1346979 -0.2489464 4.8022633 0.0382350 0.6739792 -0.0250247 0.7373357
16.453450 4.2812572 -0.2612253 4.8187375 0.0392577 0.6683505 -0.0294509 0.7422258
16.658020 4.4292536 -0.2740917 4.8374176 0.0370001 0.6628689 -0.0292589 0.7472481
16.968080 4.6538038 -0.2930327 4.8700762 0.0291776 0.6547528 -0.0252103 0.7548589
17.175580 4.8012576 -0.3043832 4.8944082 0.0290211 0.6492047 -0.0250564 0.7596468
17.383340 4.9442863 -0.3153762 4.9196663 0.0327194 0.6449438 -0.0287608 0.7629874
17.588870 5.0856194 -0.3278198 4.9459548 0.0324331 0.6407773 -0.0304732 0.7664359
17.795780 5.2248216 -0.3388825 4.9721751 0.0308447 0.6370908 -0.0256440 0.7697443
18.003090 5.3602705 -0.3495083 5.0002980 0.0248970 0.6346586 -0.0243537 0.7720074
18.209790 5.4912386 -0.3589123 5.0279965 0.0246514 0.6324754 -0.0259667 0.7737525
18.417190 5.6188216 -0.3686507 5.0561070 0.0259235 0.6308519 -0.0304569 0.7748718
18.623970 5.7430701 -0.3786196 5.0830593 0.0289562 0.6292501 -0.0326914 0.7759749
18.830950 5.8656187 -0.3887217 5.1106343 0.0269314 0.6284625 -0.0323217 0.7767013
19.038030 5.9843073 -0.3982616 5.1369300 0.0259242 0.6283720 -0.0307843 0.7768712
19.245500 6.0984588 -0.4078972 5.1619086 0.0250540 0.6296536 -0.0313830 0.7758375
19.557750 6.2636700 -0.4214935 5.1962113 0.0292485 0.6319595 -0.0327116 0.7737581
19.763960 6.3701344 -0.4300496 5.2176104 0.0272103 0.6338116 -0.0317063 0.7723582
19.969850 6.4736032 -0.4394296 5.2374001 0.0266508 0.6354973 -0.0289875 0.7710984
20.177180 6.5732346 -0.4475011 5.2562618 0.0310908 0.6372542 -0.0273958 0.7695387
20.487640 6.7228551 -0.4595358 5.2839637 0.0325603 0.6387544 -0.0280734 0.7682086
20.694250 6.8231835 -0.4668759 5.3016257 0.0355264 0.6378740 -0.0235946 0.7689590
21.004610 6.9750624 -0.4793265 5.3319888 0.0351763 0.6336386 -0.0237154 0.7724651
21.213570 7.0776787 -0.4865892 5.3542037 0.0350265 0.6279981 -0.0235064 0.7770708
21.417970 7.1833048 -0.4949159 5.3801661 0.0331404 0.6210445 -0.0236267 0.7827178
21.730330 7.3442655 -0.5072851 5.4247732 0.0320346 0.6092930 -0.0282165 0.7917951
21.936170 7.4555197 -0.5157676 5.4582548 0.0321921 0.6003989 -0.0310979 0.7984471
22.141920 7.5694256 -0.5252305 5.4955521 0.0313740 0.5919039 -0.0325245 0.8047407
22.348790 7.6861501 -0.5337606 5.5358300 0.0286468 0.5831048 -0.0322871 0.8112494
22.555690 7.8079662 -0.5432381 5.5804892 0.0263074 0.5741110 -0.0270754 0.8179067
22.762490 7.9340558 -0.5508022 5.6284933 0.0267789 0.5654788 -0.0234466 0.8239945
22.969530 8.0635719 -0.5584884 5.6793556 0.0276741 0.5588819 -0.0137592 0.8286712
23.176610 8.1951141 -0.5674484 5.7338634 0.0292202 0.5524302 -0.0100650 0.8329861
23.384670 8.3244162 -0.5743455 5.7908983 0.0373230 0.5458751 -0.0115089 0.8369557
23.694540 8.5170698 -0.5898654 5.8815126 0.0338180 0.5394341 -0.0182956 0.8411495
23.903510 8.6419935 -0.6002446 5.9415493 0.0356689 0.5355361 -0.0216706 0.8434804
24.108220 8.7635622 -0.6113882 6.0010295 0.0344813 0.5319617 -0.0234350 0.8457415
24.315110 8.8827496 -0.6216679 6.0599747 0.0324858 0.5283853 -0.0211306 0.8481197
24.522420 8.9964371 -0.6313021 6.1177497 0.0315680 0.5250260 -0.0224613 0.8502039
24.728750 9.1077881 -0.6405599 6.1749239 0.0326256 0.5227230 -0.0210543 0.8516179
24.935580 9.2149820 -0.6499000 6.2306108 0.0323691 0.5211468 -0.0205863 0.8526046
25.142500 9.3182955 -0.6590402 6.2848263 0.0333888 0.5190470 -0.0206493 0.8538437
25.349360 9.4186401 -0.6678206 6.3372631 0.0355549 0.5161642 -0.0189458 0.8555416
25.556300 9.5154877 -0.6757820 6.3883071 0.0368132 0.5129529 -0.0166959 0.8574645
25.866530 9.6557341 -0.6884103 6.4658699 0.0378537 0.5080789 -0.0152919 0.8603424
26.177790 9.7913399 -0.7009814 6.5431056 0.0404657 0.5015106 -0.0167166 0.8640429
26.486950 9.9227953 -0.7151685 6.6253543 0.0437249 0.4925987 -0.0260531 0.8687669
26.796950 10.0553999 -0.7284974 6.7109256 0.0393513 0.4832998 -0.0312677 0.8740110
27.107250 10.1924706 -0.7428413 6.8050776 0.0288409 0.4739274 -0.0336843 0.8794466
27.313990 10.2864685 -0.7511504 6.8721542 0.0285551 0.4671210 -0.0382174 0.8829054
27.624170 10.4331293 -0.7639098 6.9787436 0.0285386 0.4564921 -0.0420402 0.8882753
27.934460 10.5868006 -0.7788351 7.0970154 0.0242607 0.4448117 -0.0432246 0.8942514
28.244420 10.7457666 -0.7930518 7.2266955 0.0233717 0.4316417 -0.0453419 0.9006016
28.554810 10.9097652 -0.8078715 7.3654909 0.0223167 0.4223932 -0.0448352 0.9050280
28.866830 11.0815344 -0.8231065 7.5112767 0.0249294 0.4165719 -0.0367362 0.9080181
29.073550 11.1988392 -0.8327262 7.6127081 0.0253747 0.4127996 -0.0302129 0.9099669
29.279330 11.3157806 -0.8430660 7.7175918 0.0252266 0.4088614 -0.0302959 0.9117445
29.486390 11.4324007 -0.8526036 7.8268785 0.0232584 0.4048507 -0.0361211 0.9133730
29.692890 11.5520439 -0.8621560 7.9384780 0.0177723 0.4008301 -0.0350859 0.9153078
29.899820 11.6710596 -0.8700283 8.0523987 0.0137697 0.3961331 -0.0317368 0.9175411
30.106560 11.7910213 -0.8778249 8.1660938 0.0203934 0.3902020 -0.0257152 0.9201441
30.313330 11.9088459 -0.8868323 8.2828188 0.0276971 0.3833401 -0.0238044 0.9228849
30.520070 12.0266819 -0.8964661 8.4034243 0.0263340 0.3759032 -0.0190981 0.9260878
30.726980 12.1432095 -0.9067187 8.5251694 0.0304666 0.3692166 -0.0169613 0.9286890
30.933840 12.2583008 -0.9168791 8.6508436 0.0309899 0.3647444 -0.0161887 0.9304510
31.142770 12.3752117 -0.9269274 8.7765245 0.0291096 0.3620100 -0.0112916 0.9316512
31.347740 12.4912653 -0.9362051 8.9044666 0.0279322 0.3614335 -0.0089123 0.9319368
31.555590 12.6063099 -0.9461465 9.0323877 0.0274862 0.3619961 -0.0105932 0.9317141
31.763200 12.7211342 -0.9553317 9.1599894 0.0276497 0.3640411 -0.0144737 0.9308599
31.970850 12.8361902 -0.9654374 9.2871180 0.0257805 0.3670521 -0.0175329 0.9296777
32.176640 12.9521036 -0.9747888 9.4117327 0.0229951 0.3702922 -0.0174786 0.9284661
32.382560 13.0679159 -0.9839725 9.5336561 0.0252582 0.3740404 -0.0167573 0.9269170
32.589890 13.1830540 -0.9935949 9.6550827 0.0308376 0.3784917 -0.0238931 0.9247823
32.796560 13.3005791 -1.0047810 9.7744923 0.0254029 0.3831869 -0.0241664 0.9230052
33.003430 13.4165230 -1.0149592 9.8917465 0.0229550 0.3878350 -0.0239173 0.9211324
33.211600 13.5345125 -1.0243261 10.0049210 0.0247895 0.3916217 -0.0219090 0.9195313
33.417090 13.6528587 -1.0343703 10.1170807 0.0283974 0.3963182 -0.0204816 0.9174454
33.623980 13.7722006 -1.0445242 10.2293615 0.0277368 0.4012777 -0.0217924 0.9152770
33.830820 13.8927917 -1.0544912 10.3394413 0.0277155 0.4077418 -0.0228506 0.9123905
34.037880 14.0149097 -1.0648485 10.4494839 0.0310549 0.4150749 -0.0283988 0.9088135
34.244700 14.1406994 -1.0765563 10.5568609 0.0281169 0.4229087 -0.0280557 0.9053013
34.451590 14.2705488 -1.0878141 10.6649303 0.0194846 0.4311777 -0.0270232 0.9016517
34.764710 14.4701481 -1.1001257 10.8214951 0.0219411 0.4435310 -0.0273688 0.8955723
34.969030 14.6058064 -1.1109053 10.9228058 0.0294327 0.4515469 -0.0287861 0.8912970
35.176790 14.7444725 -1.1225863 11.0224323 0.0272599 0.4596688 -0.0243403 0.8873382
35.486280 14.9516611 -1.1395348 11.1643391 0.0279165 0.4705260 -0.0229917 0.8816447
35.796540 15.1563349 -1.1562777 11.2983885 0.0243359 0.4782492 -0.0191975 0.8776770
36.006010 15.2887173 -1.1668653 11.3849764 0.0268585 0.4828191 -0.0204480 0.8750693
36.210300 15.4191513 -1.1767589 11.4680443 0.0296839 0.4861597 -0.0237417 0.8730429
36.417070 15.5501442 -1.1865236 11.5487461 0.0252040 0.4888270 -0.0187315 0.8718153
36.623970 15.6780872 -1.1961793 11.6253958 0.0265528 0.4915309 -0.0139381 0.8703436
36.830740 15.8021002 -1.2054533 11.6999521 0.0307252 0.4935961 -0.0170468 0.8689811
37.040370 15.9236593 -1.2148712 11.7725658 0.0368187 0.4956139 -0.0192501 0.8675486
37.141020 15.9844866 -1.2198621 11.8070507 0.0333737 0.4967317 -0.0174992 0.8670857
37.244700 16.0447769 -1.2249445 11.8439417 0.0256102 0.4986177 -0.0175435 0.8662660
37.347880 16.1042995 -1.2292850 11.8799715 0.0201481 0.5001081 -0.0185685 0.8655294
37.451400 16.1625881 -1.2332704 11.9143476 0.0205621 0.5011005 -0.0195649 0.8649235
37.554790 16.2208767 -1.2364908 11.9478035 0.0231653 0.5023740 -0.0196382 0.8641170
37.761670 16.3354645 -1.2441791 12.0124741 0.0240470 0.5047555 -0.0195280 0.8627064
37.865070 16.3919029 -1.2484211 12.0443993 0.0232986 0.5059993 -0.0194516 0.8619998
38.072390 16.5027199 -1.2561431 12.1058178 0.0237696 0.5085618 -0.0189709 0.8604882
38.278810 16.6118298 -1.2639637 12.1658688 0.0257115 0.5124812 -0.0197268 0.8580868
38.485830 16.7195587 -1.2714521 12.2228870 0.0276305 0.5170862 -0.0210964 0.8552271
38.692720 16.8260956 -1.2797017 12.2776985 0.0314373 0.5228887 -0.0219524 0.8515381
38.899920 16.9355545 -1.2879140 12.3327103 0.0302958 0.5289880 -0.0252319 0.8477129
39.106870 17.0470524 -1.2968855 12.3860989 0.0292894 0.5348495 -0.0271461 0.8440031
39.313880 17.1606789 -1.3065703 12.4388456 0.0306295 0.5414409 -0.0307408 0.8396181
39.520900 17.2782345 -1.3159432 12.4908266 0.0317598 0.5479636 -0.0338611 0.8352129
39.727990 17.3979855 -1.3271074 12.5424995 0.0326207 0.5547956 -0.0359695 0.8305684
39.934800 17.5240498 -1.3379710 12.5922823 0.0346048 0.5611441 -0.0343923 0.8262790
40.141680 17.6533623 -1.3496211 12.6426783 0.0319668 0.5679265 -0.0330074 0.8217956
40.350540 17.7892151 -1.3603909 12.6919193 0.0304500 0.5734382 -0.0295143 0.8181506
40.556060 17.9294090 -1.3710504 12.7417107 0.0258344 0.5784051 -0.0254989 0.8149416
40.764080 18.0697136 -1.3812648 12.7880230 0.0322582 0.5824747 -0.0253009 0.8118143
40.969360 18.2111034 -1.3919423 12.8338614 0.0441694 0.5859889 -0.0279161 0.8086326
41.176820 18.3618393 -1.4056262 12.8799257 0.0440821 0.5898728 -0.0203327 0.8060356
41.385110 18.5132732 -1.4195213 12.9264822 0.0437291 0.5937917 -0.0206479 0.8031643
41.592690 18.6656494 -1.4331465 12.9739742 0.0453379 0.5976316 -0.0274151 0.8000184
41.796670 18.8208885 -1.4487255 13.0193024 0.0395720 0.6022910 -0.0265835 0.7968519
42.003560 18.9803600 -1.4624428 13.0640945 0.0406259 0.6064723 -0.0290651 0.7935339
42.210320 19.1453609 -1.4778564 13.1071415 0.0431124 0.6101301 -0.0266739 0.7906776
42.417600 19.3106899 -1.4927019 13.1492176 0.0434581 0.6131641 -0.0253263 0.7883525
42.623970 19.4754181 -1.5081261 13.1914949 0.0420803 0.6155109 -0.0250917 0.7866041
42.830730 19.6424694 -1.5231583 13.2330837 0.0397153 0.6175781 -0.0256543 0.7850871
43.037390 19.8070545 -1.5384693 13.2736626 0.0401429 0.6189796 -0.0277189 0.7838906
43.347610 20.0533676 -1.5607526 13.3320999 0.0381190 0.6209034 -0.0254688 0.7825454
43.555160 20.2167606 -1.5753796 13.3707619 0.0380693 0.6222659 -0.0255359 0.7814626
43.762280 20.3783226 -1.5898573 13.4085512 0.0419589 0.6236936 -0.0284790 0.7800222
43.971430 20.5418472 -1.6059330 13.4456301 0.0397320 0.6259322 -0.0284404 0.7783453
44.176790 20.7055531 -1.6207712 13.4807301 0.0361685 0.6285936 -0.0250318 0.7764891
44.485720 20.9478283 -1.6408830 13.5326424 0.0364236 0.6336920 -0.0265910 0.7722698
44.692960 21.1108074 -1.6549757 13.5645561 0.0359787 0.6369753 -0.0259014 0.7696084
44.899580 21.2724133 -1.6685637 13.5957899 0.0348664 0.6402798 -0.0269590 0.7668763
45.107140 21.4344616 -1.6819454 13.6249466 0.0330297 0.6433110 -0.0287487 0.7643517
45.313460 21.5948753 -1.6955212 13.6549387 0.0315883 0.6462002 -0.0336375 0.7617716
45.520350 21.7553749 -1.7091020 13.6817379 0.0327568 0.6485767 -0.0376346 0.7595122
45.727180 21.9172649 -1.7244109 13.7075834 0.0299387 0.6512002 -0.0360436 0.7574582
45.933940 22.0762329 -1.7382201 13.7315416 0.0291627 0.6537275 -0.0341347 0.7553971
46.140840 22.2349987 -1.7518880 13.7549839 0.0295367 0.6567523 -0.0347988 0.7527237
46.244200 22.3146782 -1.7582948 13.7659254 0.0304900 0.6585127 -0.0361827 0.7510806
46.451100 22.4746666 -1.7716470 13.7857714 0.0300693 0.6623737 -0.0298613 0.7479741
46.657980 22.6300850 -1.7858403 13.8040380 0.0360744 0.6658025 -0.0332655 0.7445126
46.761380 22.7069759 -1.7928140 13.8115559 0.0411826 0.6675438 -0.0367761 0.7425206
46.968250 22.8641644 -1.8095893 13.8287163 0.0387324 0.6716130 -0.0381465 0.7389051
47.175200 23.0203896 -1.8253539 13.8437128 0.0326671 0.6756509 -0.0360040 0.7356171
47.278520 23.0980797 -1.8330350 13.8506012 0.0312012 0.6778691 -0.0372671 0.7335743
47.485460 23.2521801 -1.8465012 13.8630810 0.0259402 0.6831722 -0.0379862 0.7288072
47.692300 23.4039803 -1.8594867 13.8716965 0.0260819 0.6882638 -0.0367646 0.7240587
47.899190 23.5553284 -1.8724217 13.8773928 0.0295932 0.6927402 -0.0375199 0.7196023
48.002630 23.6321983 -1.8796206 13.8798027 0.0290836 0.6950672 -0.0367140 0.7174174
48.209330 23.7829838 -1.8919576 13.8846102 0.0281612 0.6996579 -0.0353075 0.7130492
48.416100 23.9333286 -1.9049416 13.8868494 0.0309075 0.7030144 -0.0367333 0.7095534
48.622870 24.0836678 -1.9179003 13.8871927 0.0334531 0.7051972 -0.0345722 0.7073773
48.829380 24.2349167 -1.9320366 13.8869457 0.0334373 0.7066616 -0.0315585 0.7060562
49.036150 24.3846073 -1.9445148 13.8860855 0.0351478 0.7076121 -0.0304184 0.7050706
49.242780 24.5328083 -1.9575808 13.8846684 0.0381203 0.7074652 -0.0295935 0.7050986
49.452210 24.6778889 -1.9714688 13.8838501 0.0398057 0.7065530 -0.0287396 0.7059549
49.656580 24.8197155 -1.9852372 13.8841619 0.0404746 0.7051231 -0.0270901 0.7074103
49.863540 24.9586582 -1.9979727 13.8858843 0.0388575 0.7032776 -0.0251871 0.7094056
50.069330 25.0935402 -2.0101948 13.8883266 0.0363055 0.7008272 -0.0241751 0.7119963
50.276120 25.2237720 -2.0213947 13.8923206 0.0343490 0.6980234 -0.0272491 0.7147315
50.483680 25.3517342 -2.0318160 13.8966589 0.0334956 0.6951407 -0.0265162 0.7176031
50.691000 25.4756660 -2.0424602 13.9025259 0.0299941 0.6927090 -0.0264628 0.7201071
50.896200 25.5938625 -2.0519583 13.9081612 0.0313028 0.6897815 -0.0268136 0.7228434
51.103000 25.7064228 -2.0615544 13.9150639 0.0326092 0.6873236 -0.0289608 0.7250408
51.309660 25.8153019 -2.0706232 13.9225941 0.0310996 0.6849057 -0.0311439 0.7273012
51.516920 25.9199677 -2.0799253 13.9302492 0.0301497 0.6823941 -0.0317014 0.7296742
51.723400 26.0196018 -2.0883427 13.9386225 0.0301363 0.6801237 -0.0348174 0.7316496
51.930130 26.1166668 -2.0971251 13.9475002 0.0291140 0.6779606 -0.0354825 0.7336640
52.136910 26.2100410 -2.1054950 13.9558601 0.0287983 0.6757608 -0.0358569 0.7356849
52.343730 26.2993507 -2.1135993 13.9647064 0.0290609 0.6736192 -0.0370486 0.7375771
52.550540 26.3851547 -2.1215391 13.9735813 0.0300213 0.6718279 -0.0381033 0.7391171
52.757460 26.4693851 -2.1287513 13.9824905 0.0305178 0.6706539 -0.0396194 0.7400826
52.964300 26.5521431 -2.1365819 13.9915056 0.0312830 0.6702508 -0.0403012 0.7403790
53.274690 26.6795120 -2.1482000 14.0048695 0.0298091 0.6713599 -0.0405524 0.7394206
53.585110 26.8110485 -2.1609540 14.0158930 0.0364433 0.6733121 -0.0397350 0.7373899
53.895510 26.9501762 -2.1735864 14.0280962 0.0399728 0.6757453 -0.0421468 0.7348429
54.205940 27.0988350 -2.1894665 14.0377884 0.0421634 0.6778379 -0.0340154 0.7332128
54.516280 27.2539482 -2.2040439 14.0500050 0.0425816 0.6800323 -0.0360767 0.7310550
54.826640 27.4176273 -2.2199507 14.0596828 0.0430204 0.6817852 -0.0352327 0.7294360
55.136960 27.5884762 -2.2370110 14.0712090 0.0449709 0.6836763 -0.0385666 0.7273768
55.447050 27.7704296 -2.2559810 14.0835266 0.0418730 0.6856411 -0.0407049 0.7255936
55.757510 27.9550686 -2.2764606 14.0931997 0.0492080 0.6868655 -0.0438717 0.7237884
56.067460 28.1483021 -2.2983866 14.1007938 0.0499691 0.6880007 -0.0354803 0.7231178
56.377670 28.3456821 -2.3201344 14.1093636 0.0525787 0.6888108 -0.0355729 0.7221563
56.687660 28.5504818 -2.3429461 14.1193037 0.0518809 0.6881508 -0.0333818 0.7229401
56.997680 28.7585144 -2.3652873 14.1305761 0.0504154 0.6866275 -0.0324447 0.7245331
57.307630 28.9749069 -2.3881238 14.1429100 0.0514269 0.6843769 -0.0305111 0.7266723
57.617510 29.1958981 -2.4112790 14.1569195 0.0523406 0.6811994 -0.0273529 0.7297121
57.927360 29.4220142 -2.4345853 14.1735325 0.0534742 0.6778609 -0.0282312 0.7326992
58.237240 29.6501827 -2.4595706 14.1939888 0.0516717 0.6750239 -0.0318117 0.7352964
58.547070 29.8786850 -2.4844496 14.2145157 0.0489808 0.6733706 -0.0300545 0.7370682
58.857110 30.1111755 -2.5079346 14.2358913 0.0504245 0.6724073 -0.0297947 0.7378605
59.167110 30.3374252 -2.5329998 14.2583818 0.0469032 0.6722261 -0.0315746 0.7381837
59.477160 30.5609055 -2.5571394 14.2800188 0.0469893 0.6719671 -0.0326452 0.7383674
59.787170 30.7829323 -2.5803056 14.3030682 0.0463396 0.6718299 -0.0326803 0.7385318
60.097040 31.0027351 -2.6045904 14.3249989 0.0489148 0.6712391 -0.0335169 0.7388654
60.406760 31.2236900 -2.6284800 14.3475523 0.0499786 0.6695731 -0.0291326 0.7404900
60.716680 31.4442863 -2.6525555 14.3701515 0.0578693 0.6657890 -0.0277539 0.7433746
61.026630 31.6625843 -2.6774566 14.3951073 0.0593708 0.6619378 -0.0274938 0.7466978
61.336450 31.8808517 -2.7024632 14.4234447 0.0546088 0.6571718 -0.0255461 0.7513258
61.646430 32.0986023 -2.7261403 14.4569645 0.0523240 0.6508478 -0.0271497 0.7569163
61.956290 32.3088531 -2.7497270 14.4943714 0.0517910 0.6413881 -0.0300726 0.7648755
62.266190 32.5206833 -2.7737491 14.5380001 0.0504193 0.6305375 -0.0317718 0.7738675
62.576200 32.7338676 -2.7981844 14.5871296 0.0486929 0.6209618 -0.0330064 0.7816303
62.782780 32.8751945 -2.8141017 14.6226778 0.0482775 0.6165833 -0.0340819 0.7850686
62.989540 33.0194969 -2.8304188 14.6597462 0.0474868 0.6128379 -0.0345835 0.7880220
63.196200 33.1633835 -2.8473206 14.6976480 0.0478257 0.6091889 -0.0343443 0.7908363
63.402810 33.3074036 -2.8636100 14.7378721 0.0470177 0.6056302 -0.0339869 0.7936286
63.609460 33.4513130 -2.8801150 14.7791491 0.0453301 0.6019841 -0.0328557 0.7965431
63.816090 33.5935020 -2.8955286 14.8212185 0.0435427 0.5983396 -0.0320155 0.7994178
64.022620 33.7345695 -2.9115458 14.8645020 0.0443200 0.5944707 -0.0334350 0.8021985
64.229120 33.8738632 -2.9270287 14.9089575 0.0443561 0.5907651 -0.0358167 0.8048269
64.435680 34.0124321 -2.9427736 14.9547729 0.0394653 0.5885345 -0.0353287 0.8067351
64.642350 34.1485558 -2.9577665 15.0008898 0.0392469 0.5873625 -0.0397513 0.8073938
64.849050 34.2825661 -2.9725804 15.0456600 0.0399592 0.5866644 -0.0421045 0.8077471
65.055650 34.4172134 -2.9878268 15.0914860 0.0344977 0.5865947 -0.0412920 0.8080913
65.262120 34.5498085 -3.0021124 15.1359024 0.0330400 0.5868455 -0.0407368 0.8079983
65.468780 34.6820564 -3.0151768 15.1796160 0.0339026 0.5871879 -0.0412942 0.8076854
65.675410 34.8149338 -3.0281584 15.2220974 0.0347619 0.5874788 -0.0371993 0.8076364
65.881970 34.9455261 -3.0416231 15.2650223 0.0383623 0.5876682 -0.0389488 0.8072529
66.191750 35.1421051 -3.0627964 15.3300896 0.0383466 0.5880985 -0.0387044 0.8069521
66.503710 35.3438606 -3.0842893 15.3966122 0.0406471 0.5880252 -0.0394300 0.8068578
66.811530 35.5550690 -3.1066194 15.4648819 0.0400477 0.5878072 -0.0377920 0.8071250
67.122370 35.7686996 -3.1296654 15.5345392 0.0443789 0.5871381 -0.0341783 0.8075464
67.431360 35.9851532 -3.1538873 15.6042385 0.0478658 0.5854315 -0.0285887 0.8088025
67.741230 36.1999512 -3.1763122 15.6759987 0.0411370 0.5849026 -0.0259484 0.8096440
68.051170 36.4121590 -3.1980996 15.7466698 0.0444944 0.5840547 -0.0269438 0.8100459
68.361010 36.6224670 -3.2196236 15.8174686 0.0433236 0.5834419 -0.0242513 0.8106359
68.670920 36.8256950 -3.2403989 15.8865519 0.0426280 0.5838648 -0.0240916 0.8103729
68.981020 37.0225487 -3.2604904 15.9529266 0.0411166 0.5852006 -0.0220008 0.8095466
69.394410 37.2723312 -3.2856598 16.0352135 0.0472820 0.5871320 -0.0273478 0.8076463
69.704490 37.4575615 -3.3050754 16.0954475 0.0437897 0.5888717 -0.0255118 0.8066360
70.014150 37.6375275 -3.3231037 16.1534805 0.0452973 0.5897257 -0.0248754 0.8059485
70.429610 37.8780746 -3.3477721 16.2286301 0.0486029 0.5895704 -0.0243928 0.8058843
70.738030 38.0578232 -3.3667836 16.2859955 0.0485163 0.5893823 -0.0246347 0.8060197
71.049300 38.2375679 -3.3853517 16.3439960 0.0469744 0.5878664 -0.0227574 0.8072723
71.462150 38.4660301 -3.4096174 16.4200172 0.0462509 0.5846680 -0.0242304 0.8095907
71.977870 38.7314224 -3.4378710 16.5119133 0.0434865 0.5821200 -0.0247126 0.8115630
72.394080 38.9284630 -3.4588919 16.5804787 0.0441360 0.5802332 -0.0234925 0.8129142
72.908190 39.1567993 -3.4822206 16.6616020 0.0431091 0.5781997 -0.0250014 0.8143719
73.218200 39.2835655 -3.4949226 16.7068577 0.0419689 0.5772908 -0.0245272 0.8150904
73.528470 39.4017982 -3.5079002 16.7492027 0.0441580 0.5763358 -0.0274393 0.8155576
73.838630 39.5109673 -3.5192270 16.7885971 0.0462461 0.5753698 -0.0274029 0.8161250
74.045380 39.5790100 -3.5272341 16.8140030 0.0444177 0.5763230 -0.0271982 0.8155606
74.252330 39.6436539 -3.5343394 16.8371201 0.0435462 0.5774564 -0.0269721 0.8148131
74.459100 39.7048035 -3.5409360 16.8585548 0.0432347 0.5783635 -0.0265601 0.8141996
74.665890 39.7622414 -3.5467885 16.8787556 0.0428267 0.5793016 -0.0257866 0.8135788
74.872800 39.8160820 -3.5526726 16.8973408 0.0423898 0.5801804 -0.0255295 0.8129834
75.389540 39.9371986 -3.5652678 16.9392986 0.0429113 0.5822294 -0.0261857 0.8114690
75.596260 39.9823647 -3.5696611 16.9546738 0.0428677 0.5825375 -0.0262712 0.8112473
75.906260 40.0475197 -3.5764103 16.9776478 0.0413984 0.5814379 -0.0270961 0.8120849
76.422600 40.1560364 -3.5870574 17.0181179 0.0413640 0.5720050 -0.0280178 0.8187273
76.732320 40.2223701 -3.5940931 17.0455055 0.0417228 0.5579206 -0.0292877 0.8283272
77.351390 40.3570404 -3.6090083 17.1165352 0.0429104 0.5083513 -0.0349582 0.8593693
77.661290 40.4185219 -3.6156888 17.1582298 0.0415089 0.4884459 -0.0435188 0.8705192
77.972190 40.4771957 -3.6228461 17.1945000 0.0411700 0.4958663 -0.0455064 0.8662279
78.283030 40.5342216 -3.6303327 17.2225723 0.0443289 0.5188547 -0.0414724 0.8527044
78.593920 40.5934219 -3.6379771 17.2466068 0.0444961 0.5481389 -0.0403173 0.8342292
78.904330 40.6566696 -3.6458871 17.2666988 0.0467723 0.5729594 -0.0362741 0.8174436
79.214940 40.7208138 -3.6533546 17.2862320 0.0467289 0.5901243 -0.0342109 0.8052325
79.524510 40.7811852 -3.6603107 17.3030338 0.0462503 0.5978124 -0.0317699 0.7996699
79.833670 40.8344650 -3.6666746 17.3195820 0.0470535 0.5898675 -0.0299198 0.8055726
80.144160 40.8793831 -3.6720514 17.3390160 0.0439873 0.5728693 -0.0347702 0.8177267
80.763430 40.9459915 -3.6805205 17.3721848 0.0496584 0.5319124 -0.0323360 0.8447233
81.071670 40.9697227 -3.6831148 17.3911705 0.0430517 0.5127310 -0.0378612 0.8566330
81.381470 40.9901810 -3.6851835 17.4057465 0.0424718 0.4951775 -0.0376278 0.8669369
82.001790 41.0172195 -3.6892977 17.4313259 0.0376366 0.4688967 -0.0479945 0.8811446
82.312040 41.0286064 -3.6903400 17.4391861 0.0373345 0.4604200 -0.0422496 0.8859089
82.624270 41.0360794 -3.6914058 17.4475670 0.0344262 0.4530199 -0.0453716 0.8896793
