0.000000 -0.4318612 0.0075175 -0.7784600 -0.0013580 -0.0123538 0.0001769 0.9999228
0.208477 -0.4325883 0.0067084 -0.7275060 -0.0002171 -0.0141573 0.0014229 0.9998987
0.312729 -0.4331017 0.0061634 -0.7018850 0.0004226 -0.0152932 0.0016440 0.9998816
0.416979 -0.4338887 0.0057723 -0.6765881 0.0012932 -0.0163228 0.0026295 0.9998625
0.521227 -0.4345626 0.0053767 -0.6510735 0.0023671 -0.0172026 0.0038557 0.9998418
0.625476 -0.4355169 0.0048598 -0.6253065 0.0026270 -0.0179367 0.0044156 0.9998259
0.833976 -0.4375651 0.0036803 -0.5724662 0.0025158 -0.0194014 0.0046657 0.9997977
0.938359 -0.4389522 0.0030595 -0.5457171 0.0039042 -0.0198789 0.0043464 0.9997853
1.042605 -0.4401238 0.0023039 -0.5185061 0.0057553 -0.0206442 0.0035476 0.9997640
1.251125 -0.4432139 0.0013580 -0.4623145 0.0076714 -0.0217785 0.0019962 0.9997314
1.355354 -0.4443509 0.0009533 -0.4333560 0.0043295 -0.0225238 0.0007558 0.9997367
1.459603 -0.4457689 0.0004614 -0.4037570 -0.0009685 -0.0229102 0.0003868 0.9997370
1.668106 -0.4493012 -0.0007978 -0.3418615 -0.0039083 -0.0239346 -0.0012419 0.9997051
1.876603 -0.4530797 -0.0008653 -0.2787275 0.0028020 -0.0247495 -0.0021453 0.9996874
2.085105 -0.4565716 -0.0012846 -0.2108198 -0.0026613 -0.0256205 -0.0005869 0.9996680
2.293607 -0.4604959 -0.0015299 -0.1397809 -0.0076594 -0.0260211 0.0001904 0.9996320
2.502107 -0.4641983 -0.0010936 -0.0657037 -0.0058497 -0.0259345 0.0011985 0.9996458
2.710606 -0.4682016 -0.0013381 0.0113056 -0.0014566 -0.0252563 0.0014254 0.9996789
2.919104 -0.4723178 -0.0020534 0.0914232 0.0044897 -0.0243811 0.0022588 0.9996901
3.127481 -0.4765358 -0.0033891 0.1746521 0.0046597 -0.0245152 0.0014385 0.9996876
3.335979 -0.4806391 -0.0053827 0.2600697 0.0062796 -0.0245996 -0.0008073 0.9996774
3.544357 -0.4852641 -0.0075802 0.3476197 0.0066932 -0.0246957 -0.0033744 0.9996669
3.752729 -0.4896254 -0.0096205 0.4368389 0.0067796 -0.0250297 -0.0039763 0.9996558
3.961233 -0.4942530 -0.0118353 0.5273752 0.0053190 -0.0256238 -0.0048707 0.9996457
4.169606 -0.4988233 -0.0143632 0.6199154 0.0051958 -0.0260505 -0.0050006 0.9996346
4.377982 -0.5040427 -0.0163385 0.7129720 0.0052732 -0.0263855 -0.0056000 0.9996222
4.586357 -0.5093113 -0.0182208 0.8072085 0.0022712 -0.0270157 -0.0052592 0.9996186
4.794755 -0.5149274 -0.0202938 0.9040993 0.0007133 -0.0274602 -0.0052086 0.9996091
5.003109 -0.5205614 -0.0216246 1.0014935 0.0017955 -0.0281441 -0.0052689 0.9995884
5.211513 -0.5265939 -0.0232365 1.0994601 0.0003348 -0.0288621 -0.0051396 0.9995701
5.419858 -0.5326219 -0.0251605 1.1971660 -0.0009902 -0.0294038 -0.0060215 0.9995490
5.628235 -0.5385867 -0.0270295 1.2945551 0.0028922 -0.0297734 -0.0072272 0.9995264
5.836733 -0.5447183 -0.0292598 1.3925612 0.0015036 -0.0297711 -0.0074558 0.9995278
6.045107 -0.5508298 -0.0309253 1.4916803 -0.0000290 -0.0297500 -0.0070493 0.9995325
6.253481 -0.5567268 -0.0323690 1.5899271 0.0014084 -0.0293951 -0.0066528 0.9995447
6.461983 -0.5626185 -0.0345190 1.6886855 0.0037380 -0.0293869 -0.0060915 0.9995425
6.670359 -0.5681639 -0.0372468 1.7869966 0.0061589 -0.0293812 -0.0044661 0.9995393
6.774485 -0.5711205 -0.0384971 1.8368808 0.0050185 -0.0292843 -0.0034926 0.9995524
6.982859 -0.5767044 -0.0404243 1.9360043 -0.0008731 -0.0292037 -0.0021823 0.9995707
7.191236 -0.5825091 -0.0420586 2.0349638 0.0002544 -0.0289889 0.0000804 0.9995797
7.399507 -0.5882750 -0.0442207 2.1337481 0.0037916 -0.0291576 -0.0001939 0.9995676
7.607858 -0.5942639 -0.0466412 2.2336693 0.0063006 -0.0288190 -0.0015511 0.9995636
7.816232 -0.6004562 -0.0491403 2.3334827 0.0035067 -0.0285290 -0.0040390 0.9995787
8.024607 -0.6060164 -0.0511676 2.4332991 0.0027295 -0.0286516 -0.0031444 0.9995808
8.232862 -0.6120706 -0.0533605 2.5336027 0.0009636 -0.0289104 -0.0017708 0.9995800
8.441112 -0.6173272 -0.0553469 2.6329110 0.0007513 -0.0298867 -0.0008311 0.9995527
8.649487 -0.6237699 -0.0573005 2.7321155 0.0038493 -0.0304458 -0.0014681 0.9995279
8.857735 -0.6298716 -0.0595969 2.8304939 0.0008322 -0.0312172 -0.0028554 0.9995082
9.065987 -0.6368732 -0.0614567 2.9282100 -0.0014264 -0.0317126 -0.0041816 0.9994873
9.274360 -0.6431943 -0.0628965 3.0245624 0.0001121 -0.0324256 -0.0039208 0.9994665
9.482610 -0.6489910 -0.0648051 3.1194158 0.0000023 -0.0333898 -0.0027240 0.9994387
9.690863 -0.6554078 -0.0666722 3.2115421 -0.0020948 -0.0339747 -0.0022616 0.9994180
9.899109 -0.6616058 -0.0682514 3.2994847 -0.0026429 -0.0355737 -0.0014467 0.9993625
10.107490 -0.6681826 -0.0698264 3.3830631 -0.0017276 -0.0389943 -0.0010425 0.9992374
10.315740 -0.6753610 -0.0713977 3.4627807 -0.0025241 -0.0421303 -0.0016054 0.9991077
10.524110 -0.6826873 -0.0725962 3.5379429 -0.0036600 -0.0450768 -0.0025154 0.9989737
10.732490 -0.6900799 -0.0737777 3.6084003 -0.0041086 -0.0476006 -0.0044809 0.9988480
11.045010 -0.7009530 -0.0757141 3.7034919 0.0003284 -0.0514128 -0.0072572 0.9986511
11.357760 -0.7103964 -0.0779078 3.7868044 0.0019383 -0.0526420 -0.0103966 0.9985574
11.670740 -0.7180737 -0.0796721 3.8605957 -0.0003516 -0.0447419 -0.0139453 0.9989012
11.983860 -0.7215813 -0.0811971 3.9255378 -0.0025575 -0.0274256 -0.0132643 0.9995326
12.401640 -0.7190663 -0.0831283 4.0025797 0.0036268 0.0117854 -0.0111588 0.9998617
12.819860 -0.7073979 -0.0853386 4.0729156 0.0070784 0.0748541 -0.0057679 0.9971527
13.133360 -0.6924905 -0.0874135 4.1210566 0.0083080 0.1368626 -0.0029650 0.9905508
13.551240 -0.6629330 -0.0896839 4.1784272 0.0076012 0.2322809 -0.0027304 0.9726152
13.968740 -0.6221861 -0.0923877 4.2283058 0.0135041 0.3309743 -0.0068053 0.9435186
14.281780 -0.5828907 -0.0943720 4.2604985 0.0146241 0.4075703 -0.0067964 0.9130314
14.386120 -0.5682726 -0.0949657 4.2700562 0.0133981 0.4330611 -0.0059778 0.9012452
14.594740 -0.5366689 -0.0959688 4.2872543 0.0113961 0.4833558 -0.0043324 0.8753390
14.699110 -0.5197096 -0.0968452 4.2946053 0.0100382 0.5084305 -0.0026676 0.8610404
14.803370 -0.5022963 -0.0976287 4.3015513 0.0085087 0.5329344 -0.0035563 0.8461064
15.011990 -0.4652005 -0.0986738 4.3130183 0.0105744 0.5780877 -0.0080931 0.8158659
15.116140 -0.4455251 -0.0994534 4.3172464 0.0117192 0.5976585 -0.0082495 0.8016227
15.220240 -0.4245995 -0.1001985 4.3205538 0.0142235 0.6144207 -0.0058371 0.7888288
15.428120 -0.3808451 -0.1015758 4.3261733 0.0186177 0.6404036 -0.0024096 0.7678092
15.636010 -0.3331682 -0.1032470 4.3322182 0.0130653 0.6609197 -0.0036866 0.7503339
15.739890 -0.3077168 -0.1041273 4.3346167 0.0095686 0.6698772 -0.0042038 0.7423984
15.843870 -0.2815858 -0.1050934 4.3359699 0.0100643 0.6782388 -0.0018384 0.7347703
16.051740 -0.2264208 -0.1071795 4.3370414 0.0153198 0.6920016 0.0016404 0.7217315
16.259530 -0.1669405 -0.1084167 4.3382235 0.0180039 0.7010249 -0.0027104 0.7129044
16.467120 -0.1032852 -0.1102768 4.3381371 0.0196578 0.7042276 0.0014364 0.7097006
16.674850 -0.0365373 -0.1127537 4.3385029 0.0190033 0.7032784 0.0023744 0.7106565
16.882610 0.0342897 -0.1149653 4.3398314 0.0180298 0.7022509 0.0001228 0.7117012
17.090490 0.1085883 -0.1174502 4.3415136 0.0179476 0.7016667 -0.0003022 0.7122792
17.298620 0.1856567 -0.1201423 4.3428926 0.0168081 0.7012079 0.0003735 0.7127586
17.506740 0.2648766 -0.1231164 4.3446875 0.0147565 0.7018887 0.0012984 0.7121326
17.715000 0.3459712 -0.1252073 4.3460331 0.0139335 0.7027724 0.0028060 0.7112727
17.923370 0.4289693 -0.1277809 4.3471785 0.0126702 0.7037768 0.0032829 0.7103006
18.131620 0.5126511 -0.1302346 4.3486347 0.0154236 0.7043830 -0.0006092 0.7096522
18.339870 0.5979732 -0.1329883 4.3496971 0.0141245 0.7052987 -0.0016508 0.7087677
18.548250 0.6832844 -0.1360302 4.3507752 0.0092737 0.7058337 0.0001319 0.7083168
18.756500 0.7687722 -0.1387191 4.3521957 0.0045911 0.7060331 0.0004552 0.7081638
18.964900 0.8528171 -0.1413344 4.3525348 0.0128698 0.7052639 -0.0040120 0.7088166
19.173270 0.9376587 -0.1444710 4.3533816 0.0137478 0.7046535 -0.0026823 0.7094133
19.381800 1.0218091 -0.1471904 4.3543229 0.0115314 0.7042124 0.0022848 0.7098920
19.590340 1.1043856 -0.1497223 4.3557472 0.0106905 0.7046635 0.0002179 0.7094611
19.798650 1.1858958 -0.1525358 4.3563643 0.0097577 0.7060366 -0.0007866 0.7081077
20.007130 1.2666701 -0.1554517 4.3572326 0.0089398 0.7076280 -0.0020019 0.7065257
20.215660 1.3460401 -0.1579842 4.3570347 0.0077628 0.7090024 -0.0019443 0.7051607
20.424610 1.4247465 -0.1603841 4.3570747 0.0081451 0.7104526 -0.0024757 0.7036936
20.633120 1.5024480 -0.1628348 4.3567533 0.0085067 0.7113229 -0.0013271 0.7028126
20.841310 1.5789459 -0.1656074 4.3561168 0.0075611 0.7123560 -0.0014086 0.7017761
21.049750 1.6529044 -0.1677956 4.3554473 0.0059598 0.7130570 -0.0016537 0.7010788
21.258280 1.7238176 -0.1703091 4.3546028 0.0067674 0.7133886 -0.0023662 0.7007321
21.466850 1.7939051 -0.1725313 4.3539662 0.0078663 0.7134916 -0.0046749 0.7006040
21.675510 1.8632500 -0.1749746 4.3531990 0.0084923 0.7136287 -0.0043590 0.7004591
21.883890 1.9317145 -0.1776257 4.3522506 0.0069243 0.7137893 -0.0055864 0.7003040
22.092530 1.9999436 -0.1800654 4.3518534 0.0063921 0.7138426 -0.0054609 0.7002558
22.196780 2.0337529 -0.1812973 4.3513565 0.0060881 0.7142661 -0.0051695 0.6998287
22.405410 2.1006331 -0.1836462 4.3503122 0.0033897 0.7173166 -0.0075421 0.6966982
22.614140 2.1666164 -0.1857152 4.3475709 0.0077505 0.7216684 -0.0077267 0.6921524
22.822680 2.2335465 -0.1885626 4.3442163 0.0062252 0.7262162 -0.0096803 0.6873701
23.031260 2.3018532 -0.1907526 4.3401918 0.0052346 0.7296284 -0.0106833 0.6837403
23.239660 2.3713694 -0.1928599 4.3357630 0.0035421 0.7319270 -0.0099708 0.6813009
23.448150 2.4426789 -0.1953116 4.3307228 0.0020631 0.7330874 -0.0071670 0.6800936
23.656510 2.5149968 -0.1972393 4.3256474 0.0036134 0.7337426 -0.0080790 0.6793699
23.865000 2.5882065 -0.1998206 4.3191500 0.0109658 0.7339248 -0.0064078 0.6791120
24.073430 2.6626961 -0.2023173 4.3135662 0.0102302 0.7342622 -0.0065077 0.6787577
24.177660 2.7000175 -0.2037543 4.3107495 0.0088044 0.7342170 -0.0043960 0.6788435
24.386170 2.7743113 -0.2063801 4.3048472 0.0087467 0.7345271 -0.0027548 0.6785174
24.594630 2.8481834 -0.2090662 4.2995601 0.0085095 0.7359598 -0.0041357 0.6769592
24.803130 2.9216564 -0.2116715 4.2931833 0.0089508 0.7373527 -0.0037376 0.6754383
25.012020 2.9958785 -0.2141444 4.2869115 0.0083378 0.7386034 -0.0045393 0.6740735
25.220150 3.0694547 -0.2166274 4.2799702 0.0085108 0.7391683 -0.0057239 0.6734427
25.532890 3.1817021 -0.2200100 4.2704458 0.0066286 0.7403284 -0.0053049 0.6721917
25.845770 3.2959647 -0.2237672 4.2592964 0.0058758 0.7422271 -0.0045100 0.6701075
26.262800 3.4510779 -0.2289955 4.2432299 0.0112885 0.7440093 -0.0078698 0.6680275
26.471270 3.5307755 -0.2321540 4.2345376 0.0133098 0.7437404 -0.0057564 0.6683112
26.784000 3.6525340 -0.2366172 4.2222934 0.0109266 0.7428124 -0.0040690 0.6693981
26.992430 3.7347112 -0.2393157 4.2142830 0.0090811 0.7416804 -0.0011741 0.6706909
27.200890 3.8165979 -0.2422100 4.2067938 0.0103243 0.7406351 -0.0029275 0.6718218
27.409410 3.8985193 -0.2451747 4.1993542 0.0132614 0.7394267 -0.0069847 0.6730703
27.513640 3.9394789 -0.2464974 4.1961312 0.0118406 0.7390472 -0.0067845 0.6735153
27.722410 4.0226951 -0.2499889 4.1887369 0.0107941 0.7384341 -0.0047221 0.6742228
27.930640 4.1046138 -0.2531346 4.1820774 0.0101085 0.7381365 -0.0052594 0.6745551
28.139150 4.1872263 -0.2564880 4.1747785 0.0108359 0.7375219 -0.0023416 0.6752322
28.347630 4.2690582 -0.2593694 4.1677823 0.0129943 0.7370489 -0.0025827 0.6757095
28.660380 4.3911214 -0.2639821 4.1585240 0.0071190 0.7366390 -0.0057165 0.6762245
28.869010 4.4711657 -0.2671498 4.1528139 0.0067975 0.7375158 -0.0099370 0.6752225
29.077510 4.5502539 -0.2703995 4.1462164 0.0077215 0.7378947 -0.0109685 0.6747826
29.286110 4.6288810 -0.2740456 4.1392703 0.0084829 0.7382586 -0.0101786 0.6743876
29.494560 4.7060127 -0.2776501 4.1325159 0.0104220 0.7385740 -0.0114038 0.6739954
29.703090 4.7822809 -0.2814693 4.1259465 0.0089818 0.7397282 -0.0123186 0.6727331
29.911660 4.8574162 -0.2853590 4.1188073 0.0100688 0.7418085 -0.0138728 0.6703926
30.120140 4.9318094 -0.2893071 4.1112108 0.0100582 0.7439552 -0.0149539 0.6679864
30.328670 5.0055637 -0.2930571 4.1033015 0.0108666 0.7458816 -0.0138871 0.6658452
30.537140 5.0779066 -0.2973157 4.0959959 0.0123091 0.7469746 -0.0207963 0.6644132
30.745760 5.1504169 -0.3011874 4.0873356 0.0149842 0.7488878 -0.0189089 0.6622576
30.954260 5.2227545 -0.3060346 4.0786595 0.0106251 0.7508019 -0.0161265 0.6602451
31.162620 5.2942009 -0.3099756 4.0700474 0.0117678 0.7523453 -0.0198188 0.6583657
31.371140 5.3640862 -0.3146904 4.0604601 0.0150714 0.7537134 -0.0209999 0.6566948
31.579630 5.4335589 -0.3191962 4.0509915 0.0172754 0.7552077 -0.0238167 0.6548250
31.788620 5.5031438 -0.3241821 4.0410881 0.0167200 0.7575355 -0.0196119 0.6522851
31.997070 5.5714040 -0.3288996 4.0304604 0.0160988 0.7614852 -0.0182068 0.6477266
32.205560 5.6390638 -0.3336592 4.0191422 0.0154346 0.7678680 -0.0193480 0.6401297
32.414310 5.7053738 -0.3380606 4.0056062 0.0164590 0.7757739 -0.0197108 0.6304883
32.622920 5.7710943 -0.3426954 3.9907162 0.0180045 0.7833948 -0.0174586 0.6210182
32.727140 5.8034372 -0.3448441 3.9822793 0.0193018 0.7866150 -0.0157602 0.6169409
32.831540 5.8357534 -0.3469213 3.9738843 0.0211388 0.7895418 -0.0137426 0.6131786
33.040040 5.8999772 -0.3513673 3.9563141 0.0226638 0.7940103 -0.0115647 0.6073716
33.144180 5.9315681 -0.3534269 3.9474101 0.0232059 0.7956035 -0.0089445 0.6053070
33.248440 5.9629855 -0.3551201 3.9381456 0.0244229 0.7962024 -0.0052485 0.6045144
33.352510 5.9945812 -0.3569988 3.9286623 0.0259391 0.7964152 -0.0018297 0.6041909
33.456640 6.0255685 -0.3588046 3.9197578 0.0261160 0.7966810 -0.0003003 0.6038355
33.560850 6.0567493 -0.3604620 3.9108057 0.0288446 0.7965000 -0.0014252 0.6039484
33.665120 6.0871525 -0.3621668 3.9026966 0.0297070 0.7962711 -0.0028794 0.6042032
33.873500 6.1483383 -0.3656501 3.8855724 0.0302836 0.7954241 -0.0006589 0.6052958
33.977780 6.1784058 -0.3675832 3.8771758 0.0300908 0.7948081 0.0014097 0.6061127
34.185940 6.2376122 -0.3709561 3.8612561 0.0318107 0.7936561 0.0013343 0.6075330
34.289910 6.2669044 -0.3725061 3.8536174 0.0327784 0.7923892 0.0009967 0.6091337
34.498170 6.3252444 -0.3761254 3.8387907 0.0327797 0.7889526 0.0035850 0.6135685
34.706380 6.3825169 -0.3789445 3.8250227 0.0325772 0.7861093 0.0050275 0.6172079
34.810660 6.4106207 -0.3803424 3.8181248 0.0325202 0.7848002 0.0060008 0.6188659
35.019540 6.4666786 -0.3830764 3.8046446 0.0334081 0.7822168 0.0095192 0.6220371
35.123490 6.4944305 -0.3845630 3.7984233 0.0323161 0.7811044 0.0091996 0.6234958
35.331690 6.5483274 -0.3872313 3.7871749 0.0331812 0.7785164 0.0065209 0.6267127
35.436220 6.5749931 -0.3884320 3.7812743 0.0349320 0.7765908 0.0058427 0.6290091
35.644150 6.6288981 -0.3912522 3.7714558 0.0336097 0.7718601 0.0044000 0.6348881
35.852390 6.6818562 -0.3941446 3.7625980 0.0329724 0.7643071 0.0056687 0.6439839
36.060640 6.7343512 -0.3970360 3.7558527 0.0324156 0.7549198 0.0057684 0.6549901
36.268770 6.7869301 -0.3998394 3.7511969 0.0315997 0.7416098 0.0055191 0.6700642
36.476890 6.8385773 -0.4029296 3.7495751 0.0290488 0.7265720 0.0016570 0.6864740
36.685150 6.8896236 -0.4059295 3.7502146 0.0257718 0.7125379 -0.0038006 0.7011498
36.789390 6.9152541 -0.4072737 3.7511742 0.0235280 0.7072174 -0.0061288 0.7065780
36.998010 6.9661198 -0.4103428 3.7535584 0.0159506 0.7029978 -0.0107726 0.7109315
37.207180 7.0167570 -0.4127342 3.7540920 0.0112318 0.7096536 -0.0115119 0.7043672
37.311660 7.0414701 -0.4139127 3.7533619 0.0104979 0.7143326 -0.0110253 0.6996407
37.416200 7.0664444 -0.4150097 3.7521465 0.0114753 0.7186880 -0.0091204 0.6951783
37.520670 7.0907178 -0.4161194 3.7507114 0.0121262 0.7228470 -0.0082253 0.6908528
37.625170 7.1147962 -0.4173635 3.7491653 0.0107117 0.7276441 -0.0091996 0.6858095
37.729650 7.1385441 -0.4182234 3.7473502 0.0091067 0.7332976 -0.0100797 0.6797721
37.834140 7.1628647 -0.4193483 3.7451229 0.0090871 0.7391946 -0.0095718 0.6733626
38.043370 7.2100072 -0.4215015 3.7388453 0.0091704 0.7492095 -0.0075634 0.6622265
38.147940 7.2330265 -0.4225231 3.7353849 0.0084275 0.7539595 -0.0072247 0.6568271
38.355860 7.2791653 -0.4244257 3.7279723 0.0074793 0.7625828 -0.0070637 0.6468087
38.564400 7.3234558 -0.4262185 3.7188196 0.0119633 0.7693008 -0.0051434 0.6387541
38.772660 7.3663111 -0.4279957 3.7097654 0.0126355 0.7730774 -0.0047181 0.6341683
39.189420 7.4516349 -0.4314730 3.6923029 0.0128539 0.7753028 -0.0025566 0.6314538
39.502140 7.5143671 -0.4336688 3.6791143 0.0138127 0.7784628 -0.0052000 0.6275172
39.710790 7.5583510 -0.4354914 3.6693397 0.0124309 0.7819208 -0.0050014 0.6232338
39.919470 7.6034017 -0.4372256 3.6579652 0.0145274 0.7853704 -0.0036586 0.6188448
40.128060 7.6498151 -0.4387559 3.6463418 0.0150543 0.7890227 -0.0053655 0.6141561
40.336550 7.6972380 -0.4406135 3.6334965 0.0175496 0.7923740 -0.0038126 0.6097713
40.545050 7.7461653 -0.4425122 3.6201882 0.0179863 0.7951550 -0.0029844 0.6061320
40.753570 7.7953568 -0.4443399 3.6063452 0.0164380 0.7972189 -0.0003072 0.6034664
40.962050 7.8451648 -0.4462987 3.5919371 0.0173031 0.7987106 0.0035399 0.6014560
41.170430 7.8950176 -0.4478736 3.5782921 0.0170055 0.7992106 0.0029609 0.6008031
41.378780 7.9442058 -0.4495665 3.5642586 0.0186019 0.7986636 0.0032045 0.6014817
41.587170 7.9929276 -0.4510503 3.5508199 0.0186195 0.7971797 0.0028587 0.6034482
41.795430 8.0412292 -0.4529890 3.5378060 0.0201558 0.7954571 0.0029497 0.6056674
42.107930 8.1100235 -0.4555431 3.5197954 0.0213054 0.7919328 0.0020536 0.6102330
42.420400 8.1738024 -0.4585971 3.5039024 0.0189487 0.7872486 0.0061876 0.6163135
42.732820 8.2309780 -0.4608778 3.4916019 0.0174926 0.7785595 0.0085951 0.6272681
43.044930 8.2840672 -0.4628269 3.4831443 0.0189422 0.7627049 0.0052185 0.6464481
43.252900 8.3186083 -0.4639184 3.4796288 0.0206938 0.7463989 0.0038719 0.6651658
43.460950 8.3530636 -0.4651813 3.4793479 0.0166718 0.7261867 0.0022833 0.6872916
43.668930 8.3862143 -0.4663511 3.4813259 0.0120419 0.7039241 -0.0005259 0.7101730
43.981040 8.4356422 -0.4678833 3.4881256 0.0059890 0.6697371 0.0004965 0.7425740
44.189150 8.4674740 -0.4689960 3.4951046 0.0046153 0.6442410 0.0008898 0.7648081
44.397150 8.4990129 -0.4698106 3.5047431 0.0057098 0.6153930 -0.0009353 0.7881992
44.605140 8.5311136 -0.4706829 3.5171657 0.0072247 0.5821774 -0.0018900 0.8130275
44.813580 8.5619287 -0.4718867 3.5339754 0.0065940 0.5447807 -0.0082442 0.8385121
45.021230 8.5935450 -0.4733941 3.5536156 0.0092900 0.5034988 -0.0092646 0.8638963
45.645680 8.6871834 -0.4777589 3.6430261 0.0084285 0.3713765 -0.0110476 0.9283784
45.958150 8.7319765 -0.4802130 3.7045135 0.0086919 0.3062517 -0.0089092 0.9518692
46.167710 8.7604446 -0.4817773 3.7533429 0.0075597 0.2684039 -0.0094749 0.9632302
46.271110 8.7742290 -0.4826213 3.7796299 0.0066461 0.2518433 -0.0095694 0.9676979
46.479940 8.8011551 -0.4839841 3.8362665 0.0034319 0.2240559 -0.0092542 0.9745263
46.688930 8.8276749 -0.4852661 3.8973863 0.0015117 0.2035327 -0.0069367 0.9790424
46.793320 8.8408117 -0.4857895 3.9297798 0.0018143 0.1946152 -0.0049307 0.9808656
47.002150 8.8664513 -0.4867643 3.9973292 0.0021665 0.1767754 -0.0014334 0.9842478
47.106530 8.8782606 -0.4874062 4.0326023 0.0025824 0.1680701 -0.0013336 0.9857708
47.315280 8.9015217 -0.4886891 4.1060057 0.0024344 0.1525251 -0.0017950 0.9882950
47.419800 8.9123154 -0.4893155 4.1440878 0.0015103 0.1480657 -0.0033428 0.9889707
47.628840 8.9347744 -0.4903556 4.2220373 0.0000823 0.1453620 -0.0060123 0.9893603
47.837650 8.9589796 -0.4917446 4.3020449 0.0003426 0.1448321 -0.0039248 0.9894484
48.046420 8.9832649 -0.4932190 4.3849211 0.0021096 0.1450009 -0.0022136 0.9894268
48.255170 9.0084171 -0.4945579 4.4700823 0.0012504 0.1457325 -0.0023137 0.9893205
48.463660 9.0342159 -0.4963032 4.5571704 -0.0005931 0.1467266 -0.0007211 0.9891766
48.672200 9.0608301 -0.4978757 4.6447802 -0.0000871 0.1471834 0.0000916 0.9891092
48.880720 9.0873365 -0.4995928 4.7327595 -0.0020542 0.1474714 0.0019537 0.9890622
49.089180 9.1142178 -0.5011413 4.8207226 -0.0027507 0.1475148 0.0034745 0.9890499
49.297530 9.1408653 -0.5025507 4.9089322 -0.0014423 0.1471482 0.0043425 0.9891039
49.505980 9.1672230 -0.5037872 4.9969087 -0.0003644 0.1463512 0.0047934 0.9892210
49.714270 9.1932602 -0.5051254 5.0851736 -0.0010032 0.1451421 0.0047254 0.9893990
49.922840 9.2189417 -0.5066567 5.1732988 -0.0013415 0.1439575 0.0044711 0.9895729
50.131080 9.2449493 -0.5078626 5.2613049 -0.0010167 0.1423139 0.0041198 0.9898125
50.339430 9.2701616 -0.5089069 5.3497167 -0.0019989 0.1408977 0.0051158 0.9900090
50.547800 9.2950125 -0.5102683 5.4372435 -0.0023495 0.1391555 0.0056183 0.9902518
50.756210 9.3196564 -0.5114974 5.5230732 -0.0019576 0.1369372 0.0064437 0.9905568
50.964550 9.3432426 -0.5125197 5.6075459 -0.0024052 0.1348954 0.0073113 0.9908299
51.172910 9.3652458 -0.5136417 5.6901598 -0.0057565 0.1324996 0.0074679 0.9911382
51.382890 9.3860226 -0.5147084 5.7694740 -0.0024624 0.1302239 0.0074223 0.9914538
51.589660 9.4054556 -0.5159152 5.8454142 -0.0002648 0.1278232 0.0060692 0.9917784
51.798030 9.4240131 -0.5172216 5.9183865 -0.0024647 0.1246697 0.0063939 0.9921746
52.006530 9.4403343 -0.5185061 5.9868960 -0.0052283 0.1202828 0.0064283 0.9927051
52.319330 9.4619102 -0.5197873 6.0808325 -0.0038143 0.1148963 0.0051028 0.9933571
52.632080 9.4810219 -0.5218008 6.1641850 -0.0016260 0.1127411 0.0027694 0.9936192
52.944900 9.4968967 -0.5232533 6.2379861 0.0004481 0.1117606 0.0020096 0.9937330
53.257570 9.5117531 -0.5248315 6.3067207 0.0002990 0.1071771 0.0026971 0.9942362
53.465960 9.5203714 -0.5258443 6.3515415 0.0003836 0.0985500 0.0051061 0.9951189
53.674060 9.5269308 -0.5268744 6.3952503 0.0012124 0.0821470 0.0056482 0.9966035
53.985990 9.5306826 -0.5278627 6.4587073 0.0006561 0.0429801 0.0040193 0.9990676
54.193810 9.5292234 -0.5287708 6.4998550 -0.0016419 0.0078894 0.0026925 0.9999639
54.401580 9.5241222 -0.5293823 6.5393786 -0.0032441 -0.0325842 -0.0008310 0.9994634
54.609440 9.5153046 -0.5300931 6.5770121 -0.0044077 -0.0774671 -0.0062223 0.9969658
54.817300 9.5029268 -0.5295855 6.6139174 -0.0073924 -0.1266439 -0.0082689 0.9918863
55.025330 9.4870920 -0.5301650 6.6488643 -0.0118461 -0.1798082 -0.0086207 0.9835926
55.337310 9.4560909 -0.5303958 6.6966095 -0.0160875 -0.2628323 -0.0124063 0.9646276
55.545500 9.4306555 -0.5302691 6.7246838 -0.0176990 -0.3186885 -0.0147505 0.9475794
55.753570 9.4028549 -0.5287510 6.7501211 -0.0205790 -0.3750118 -0.0127028 0.9267045
55.961860 9.3718739 -0.5275083 6.7713890 -0.0233771 -0.4286712 -0.0123581 0.9030735
56.066000 9.3554955 -0.5267150 6.7804766 -0.0245963 -0.4548075 -0.0124920 0.8901624
56.274310 9.3210964 -0.5253224 6.7953773 -0.0236208 -0.5047982 -0.0157198 0.8627710
56.482840 9.2852631 -0.5239176 6.8062582 -0.0204678 -0.5519235 -0.0180464 0.8334482
56.691300 9.2481003 -0.5223829 6.8143134 -0.0179885 -0.5934919 -0.0185123 0.8044260
56.795690 9.2291632 -0.5217633 6.8169637 -0.0164109 -0.6111474 -0.0194191 0.7911084
56.900200 9.2102327 -0.5211166 6.8191576 -0.0149406 -0.6267605 -0.0200561 0.7788105
57.004560 9.1907282 -0.5202521 6.8213420 -0.0152827 -0.6401945 -0.0183422 0.7678418
57.109200 9.1706877 -0.5191714 6.8239846 -0.0180495 -0.6518424 -0.0153199 0.7579849
57.318320 9.1284561 -0.5172514 6.8267727 -0.0196457 -0.6696923 -0.0163310 0.7421992
57.527320 9.0826464 -0.5161437 6.8276587 -0.0186087 -0.6821864 -0.0215524 0.7306237
57.631790 9.0587234 -0.5150917 6.8284912 -0.0188250 -0.6872891 -0.0204200 0.7258528
57.736570 9.0338411 -0.5137740 6.8291836 -0.0187282 -0.6931530 -0.0170922 0.7203444
57.840730 9.0081406 -0.5127423 6.8298283 -0.0181928 -0.6992203 -0.0139075 0.7145394
58.049450 8.9527893 -0.5103728 6.8287883 -0.0198563 -0.7113025 -0.0115750 0.7025102
58.153820 8.9234581 -0.5093075 6.8268361 -0.0195840 -0.7163983 -0.0141064 0.6972740
58.362580 8.8614502 -0.5067046 6.8222256 -0.0175508 -0.7253742 -0.0181838 0.6878907
58.571560 8.7954645 -0.5039745 6.8170099 -0.0169840 -0.7296699 -0.0194986 0.6833106
58.780440 8.7255287 -0.5008425 6.8113537 -0.0155248 -0.7318438 -0.0213567 0.6809607
58.989420 8.6516876 -0.4975347 6.8047094 -0.0114339 -0.7314593 -0.0244544 0.6813505
59.198420 8.5735540 -0.4941807 6.7991509 -0.0078869 -0.7265063 -0.0278379 0.6865504
59.407510 8.4919519 -0.4907647 6.7956405 -0.0064753 -0.7199429 -0.0297048 0.6933671
59.616490 8.4077387 -0.4871593 6.7938180 -0.0042951 -0.7132455 -0.0314089 0.7001970
59.824920 8.3195906 -0.4829511 6.7926044 -0.0027658 -0.7057647 -0.0325060 0.7076948
60.033570 8.2285900 -0.4797013 6.7932849 -0.0027882 -0.6979645 -0.0347705 0.7152823
60.242110 8.1350584 -0.4754707 6.7968054 -0.0037268 -0.6913582 -0.0360791 0.7216012
60.450550 8.0423212 -0.4722296 6.8024454 -0.0042608 -0.6856372 -0.0368159 0.7269993
60.763240 7.9028330 -0.4662795 6.8116932 -0.0050363 -0.6811209 -0.0349645 0.7313183
60.971470 7.8101859 -0.4623356 6.8182569 -0.0045106 -0.6802766 -0.0349560 0.7321076
61.284050 7.6696224 -0.4572798 6.8283887 -0.0035796 -0.6790751 -0.0352561 0.7332129
61.492290 7.5759754 -0.4539074 6.8348913 -0.0036108 -0.6787090 -0.0356816 0.7335311
61.700910 7.4822989 -0.4506542 6.8414893 -0.0030328 -0.6791066 -0.0361876 0.7331408
61.909070 7.3888063 -0.4474665 6.8479004 -0.0019980 -0.6797262 -0.0349165 0.7326316
62.117440 7.2962260 -0.4441614 6.8539953 -0.0034890 -0.6800470 -0.0370298 0.7322245
62.325700 7.2042556 -0.4405819 6.8601451 -0.0038530 -0.6802879 -0.0379375 0.7319524
62.534220 7.1121616 -0.4368661 6.8660960 -0.0028986 -0.6804084 -0.0378405 0.7318497
62.742660 7.0213742 -0.4332769 6.8727274 -0.0031538 -0.6796060 -0.0383822 0.7325658
63.055520 6.8874593 -0.4285870 6.8824530 -0.0029327 -0.6779089 -0.0381215 0.7341510
63.263940 6.7987180 -0.4252909 6.8889737 -0.0025324 -0.6774606 -0.0373792 0.7346044
63.576570 6.6663876 -0.4202700 6.8994603 -0.0025694 -0.6766499 -0.0376984 0.7353347
63.889570 6.5361862 -0.4154294 6.9099793 -0.0032499 -0.6761094 -0.0379716 0.7358150
64.202080 6.4065638 -0.4103999 6.9209080 -0.0014494 -0.6757166 -0.0356782 0.7362961
64.515140 6.2749200 -0.4060358 6.9316840 -0.0021055 -0.6746721 -0.0358370 0.7372441
64.827560 6.1425614 -0.4011093 6.9444418 -0.0043570 -0.6736870 -0.0347013 0.7381888
65.035920 6.0546923 -0.3980203 6.9517732 -0.0053436 -0.6728477 -0.0352372 0.7389221
65.244430 5.9658432 -0.3944923 6.9600511 -0.0033856 -0.6724907 -0.0320860 0.7394020
65.453010 5.8765249 -0.3917304 6.9677753 -0.0021909 -0.6726586 -0.0333795 0.7391965
65.765550 5.7406540 -0.3868421 6.9789653 -0.0041497 -0.6758193 -0.0323287 0.7363464
65.973960 5.6485658 -0.3833598 6.9851627 -0.0041136 -0.6792802 -0.0324907 0.7331479
66.286540 5.5102272 -0.3783786 6.9931593 -0.0038687 -0.6848412 -0.0345197 0.7278640
66.495070 5.4172764 -0.3751589 6.9976935 -0.0012662 -0.6865425 -0.0331320 0.7263333
66.703570 5.3234954 -0.3721099 7.0025120 -0.0007539 -0.6871979 -0.0310451 0.7258062
66.911930 5.2290211 -0.3694421 7.0074863 -0.0039858 -0.6877493 -0.0300325 0.7253159
67.120480 5.1345553 -0.3659693 7.0121717 -0.0069506 -0.6883515 -0.0317326 0.7246496
67.328970 5.0420113 -0.3627442 7.0158901 -0.0071970 -0.6886325 -0.0331362 0.7243172
67.537490 4.9484062 -0.3593348 7.0198522 -0.0070041 -0.6889390 -0.0335811 0.7240071
67.745940 4.8556852 -0.3558605 7.0234780 -0.0055588 -0.6892841 -0.0333293 0.7237028
67.954300 4.7623515 -0.3521867 7.0272288 -0.0038165 -0.6896322 -0.0335905 0.7233703
68.162850 4.6701107 -0.3495770 7.0310774 -0.0036630 -0.6898506 -0.0333391 0.7231745
68.475450 4.5315366 -0.3448429 7.0370555 -0.0036639 -0.6895623 -0.0331023 0.7234601
68.787950 4.3929043 -0.3400789 7.0429263 -0.0038152 -0.6895093 -0.0340628 0.7234654
68.996320 4.3005142 -0.3369838 7.0467706 -0.0027776 -0.6893494 -0.0339971 0.7236255
69.204680 4.2090726 -0.3337840 7.0506439 -0.0036995 -0.6894298 -0.0353610 0.7234794
69.413100 4.1167784 -0.3304140 7.0546880 -0.0040739 -0.6895815 -0.0360400 0.7232993
69.621360 4.0253577 -0.3269870 7.0582123 -0.0037167 -0.6898866 -0.0357045 0.7230269
69.829670 3.9338207 -0.3238474 7.0616913 -0.0024582 -0.6901578 -0.0380916 0.7226514
70.142350 3.7981408 -0.3188750 7.0666404 0.0041450 -0.6893069 -0.0375435 0.7234842
70.350780 3.7071421 -0.3162022 7.0706930 0.0023037 -0.6875547 -0.0388652 0.7250881
70.559170 3.6161737 -0.3129190 7.0756235 0.0003495 -0.6860027 -0.0392585 0.7265390
70.767540 3.5247128 -0.3096248 7.0807600 -0.0008171 -0.6842158 -0.0393981 0.7282141
71.082350 3.3885818 -0.3044795 7.0889187 0.0014113 -0.6820485 -0.0396950 0.7302275
71.392800 3.2528720 -0.2999347 7.0976739 0.0036519 -0.6809315 -0.0372024 0.7313925
71.705330 3.1161978 -0.2954091 7.1073833 0.0003406 -0.6809411 -0.0367082 0.7314175
72.017800 2.9792981 -0.2906823 7.1159482 -0.0024743 -0.6820059 -0.0364189 0.7304351
72.226050 2.8873944 -0.2870438 7.1212530 -0.0039137 -0.6818328 -0.0390277 0.7304558
72.538690 2.7511744 -0.2823032 7.1299515 0.0003536 -0.6813693 -0.0325451 0.7312158
72.747080 2.6591392 -0.2792961 7.1360636 -0.0028322 -0.6812264 -0.0343608 0.7312605
73.059560 2.5217013 -0.2742636 7.1447392 -0.0036937 -0.6824937 -0.0347569 0.7300552
73.267990 2.4298058 -0.2709673 7.1500010 -0.0054162 -0.6845298 -0.0340574 0.7281687
73.476280 2.3382034 -0.2676237 7.1549296 -0.0060348 -0.6869330 -0.0325640 0.7259657
73.684600 2.2466838 -0.2643702 7.1588063 -0.0057082 -0.6886819 -0.0323055 0.7243211
73.892960 2.1552796 -0.2610291 7.1625991 -0.0050223 -0.6901349 -0.0321194 0.7229502
74.101330 2.0630975 -0.2574306 7.1655211 -0.0054744 -0.6911131 -0.0340850 0.7219217
74.309810 1.9709561 -0.2538824 7.1688695 -0.0043828 -0.6915646 -0.0346153 0.7214714
74.518190 1.8789761 -0.2506854 7.1720581 -0.0039686 -0.6918407 -0.0337801 0.7212486
74.726710 1.7870035 -0.2472627 7.1750779 -0.0048010 -0.6924741 -0.0337520 0.7206368
74.935080 1.6961565 -0.2444741 7.1780329 -0.0056194 -0.6933876 -0.0340341 0.7197387
75.143430 1.6060138 -0.2413699 7.1812267 -0.0057616 -0.6946265 -0.0327884 0.7185999
75.351710 1.5166945 -0.2379842 7.1832981 -0.0057718 -0.6957571 -0.0318888 0.7175457
75.560080 1.4279830 -0.2352667 7.1850967 -0.0041592 -0.6974975 -0.0281346 0.7160226
75.768340 1.3394450 -0.2326919 7.1864743 -0.0037013 -0.6989851 -0.0271613 0.7146106
75.976580 1.2520462 -0.2303416 7.1876059 -0.0067538 -0.7005382 -0.0285247 0.7130126
76.185000 1.1647534 -0.2275459 7.1883087 -0.0063812 -0.7009276 -0.0294551 0.7125955
76.393300 1.0786771 -0.2247233 7.1892796 -0.0059737 -0.7008330 -0.0306285 0.7126425
76.601900 0.9928390 -0.2219054 7.1896701 -0.0064832 -0.7005321 -0.0329051 0.7128324
76.810120 0.9077650 -0.2187526 7.1906018 -0.0056820 -0.7008153 -0.0324073 0.7125837
77.018320 0.8246200 -0.2155676 7.1914496 -0.0053442 -0.7019521 -0.0334924 0.7114161
77.226680 0.7427216 -0.2125688 7.1919255 -0.0055760 -0.7032496 -0.0343443 0.7100911
77.436110 0.6627123 -0.2097252 7.1911230 -0.0048385 -0.7044187 -0.0343343 0.7089373
77.539210 0.6230987 -0.2082391 7.1911736 -0.0045124 -0.7053663 -0.0342619 0.7080001
77.643330 0.5835373 -0.2068236 7.1907921 -0.0043567 -0.7059560 -0.0341005 0.7074209
77.851700 0.5065000 -0.2041564 7.1899734 -0.0042072 -0.7069874 -0.0341362 0.7063893
77.955810 0.4685206 -0.2029218 7.1893868 -0.0041012 -0.7074745 -0.0345662 0.7058812
78.164320 0.3945000 -0.2003817 7.1884050 -0.0040780 -0.7082894 -0.0358320 0.7050003
78.268580 0.3585290 -0.1993767 7.1880531 -0.0036594 -0.7081661 -0.0364990 0.7050923
78.477150 0.2886958 -0.1969260 7.1874185 -0.0019858 -0.7067782 -0.0369858 0.7064649
78.581420 0.2546394 -0.1958915 7.1875420 -0.0016546 -0.7057215 -0.0365215 0.7075455
78.685710 0.2212423 -0.1947411 7.1874676 -0.0011473 -0.7048660 -0.0362720 0.7084116
78.789980 0.1880428 -0.1935219 7.1878610 -0.0010900 -0.7038439 -0.0360150 0.7094403
78.998610 0.1235310 -0.1918083 7.1882825 -0.0013126 -0.7020098 -0.0350562 0.7113028
79.207090 0.0595003 -0.1896110 7.1891909 -0.0009414 -0.7003211 -0.0344844 0.7129939
79.415550 -0.0034290 -0.1876934 7.1902041 -0.0026658 -0.6990014 -0.0345223 0.7142816
79.624080 -0.0653722 -0.1856657 7.1916184 -0.0028263 -0.6981950 -0.0342130 0.7150841
79.832620 -0.1249640 -0.1840090 7.1925325 -0.0029407 -0.6972919 -0.0340737 0.7159709
80.041060 -0.1833671 -0.1816315 7.1939158 -0.0038729 -0.6960269 -0.0346350 0.7171694
80.249580 -0.2393770 -0.1797172 7.1958995 -0.0046869 -0.6942646 -0.0345864 0.7188730
80.458240 -0.2922066 -0.1778334 7.1978297 -0.0046568 -0.6921221 -0.0346222 0.7209346
80.666690 -0.3420575 -0.1762595 7.2002888 -0.0062979 -0.6895762 -0.0334376 0.7234134
80.979570 -0.4115015 -0.1743370 7.2041612 -0.0072026 -0.6840585 -0.0344246 0.7285788
81.396840 -0.4958532 -0.1717293 7.2122402 -0.0065587 -0.6712733 -0.0312800 0.7405205
81.605650 -0.5345433 -0.1706853 7.2174864 -0.0056088 -0.6622254 -0.0300432 0.7486812
82.231550 -0.6371909 -0.1681555 7.2382073 -0.0069856 -0.6242125 -0.0259191 0.7807933
82.440360 -0.6662060 -0.1677505 7.2476702 -0.0066070 -0.6063696 -0.0207714 0.7948841
83.066680 -0.7453539 -0.1666522 7.2835355 -0.0106751 -0.5366856 -0.0205038 0.8434656
83.588800 -0.8031089 -0.1662161 7.3249006 -0.0036698 -0.4560856 -0.0145012 0.8898102
83.901950 -0.8354065 -0.1652832 7.3575602 0.0019740 -0.3995508 -0.0116652 0.9166347
84.110770 -0.8557112 -0.1653736 7.3835163 -0.0004033 -0.3588777 -0.0088570 0.9333425
84.319310 -0.8754756 -0.1657257 7.4126081 -0.0003767 -0.3167146 -0.0089447 0.9484786
84.527960 -0.8931222 -0.1662612 7.4450946 0.0007373 -0.2743577 -0.0080527 0.9615937
84.737260 -0.9100814 -0.1668446 7.4811893 0.0049521 -0.2330376 -0.0087207 0.9724160
84.944930 -0.9259310 -0.1672720 7.5221100 0.0062431 -0.1917997 -0.0119880 0.9813410
85.154250 -0.9388831 -0.1682762 7.5675635 0.0056680 -0.1489934 -0.0123178 0.9887452
85.361980 -0.9494848 -0.1694678 7.6176133 0.0073770 -0.1083203 -0.0134720 0.9939974
85.570070 -0.9569164 -0.1705367 7.6712775 0.0102560 -0.0735473 -0.0122988 0.9971632
85.778090 -0.9617850 -0.1724118 7.7288709 0.0106363 -0.0472114 -0.0098797 0.9987794
85.985830 -0.9651403 -0.1744518 7.7895303 0.0108675 -0.0317912 -0.0062437 0.9994159
86.193550 -0.9676932 -0.1762508 7.8540692 0.0103137 -0.0215221 -0.0038544 0.9997078
86.401450 -0.9695313 -0.1784333 7.9220595 0.0093947 -0.0171673 -0.0011965 0.9998078
86.608970 -0.9715557 -0.1801140 7.9927139 0.0095944 -0.0174811 0.0014343 0.9998001
86.816720 -0.9748331 -0.1822260 8.0662270 0.0086545 -0.0200385 0.0009172 0.9997613
87.024550 -0.9782863 -0.1846402 8.1412697 0.0104202 -0.0233737 0.0028689 0.9996684
87.232860 -0.9824054 -0.1872057 8.2179956 0.0118943 -0.0257318 0.0015484 0.9995969
87.440900 -0.9866391 -0.1901226 8.2956676 0.0073945 -0.0270710 0.0013037 0.9996053
87.648940 -0.9913607 -0.1924539 8.3734255 0.0063706 -0.0280246 -0.0005383 0.9995868
87.857180 -0.9963648 -0.1946636 8.4513321 0.0085129 -0.0289887 -0.0027017 0.9995399
88.065680 -1.0014688 -0.1971949 8.5302362 0.0072930 -0.0296261 -0.0032002 0.9995293
88.273850 -1.0065706 -0.1997308 8.6100979 0.0063047 -0.0307560 -0.0031849 0.9995019
88.482060 -1.0117836 -0.2019202 8.6897755 0.0051266 -0.0327311 -0.0016050 0.9994497
88.690450 -1.0174595 -0.2040313 8.7692852 0.0032263 -0.0345461 -0.0016368 0.9993966
88.898830 -1.0232100 -0.2059664 8.8477154 0.0027099 -0.0366679 -0.0011127 0.9993232
89.107430 -1.0292896 -0.2076398 8.9263020 0.0026660 -0.0385804 -0.0014301 0.9992509
89.315720 -1.0357143 -0.2097448 9.0030365 0.0052430 -0.0399906 -0.0007778 0.9991860
89.524190 -1.0423337 -0.2120004 9.0786800 0.0049251 -0.0400177 -0.0021483 0.9991845
89.732690 -1.0483230 -0.2139413 9.1523561 0.0027526 -0.0396171 -0.0024344 0.9992082
89.941180 -1.0539792 -0.2158046 9.2232580 0.0037478 -0.0394741 -0.0027999 0.9992096
90.253860 -1.0625582 -0.2182207 9.3230572 0.0046503 -0.0413260 -0.0036899 0.9991281
90.566320 -1.0712283 -0.2209153 9.4145222 0.0027943 -0.0453246 -0.0037824 0.9989612
90.774680 -1.0765582 -0.2221959 9.4709044 0.0038958 -0.0484154 -0.0034915 0.9988136
91.087510 -1.0846406 -0.2249481 9.5469255 0.0038824 -0.0517247 -0.0036591 0.9986472
91.400350 -1.0906023 -0.2268818 9.6145496 0.0038980 -0.0462610 -0.0048899 0.9989098
91.713820 -1.0943817 -0.2287973 9.6787891 0.0050254 -0.0276513 -0.0068534 0.9995815
91.922450 -1.0940933 -0.2300642 9.7210989 0.0053885 -0.0085832 -0.0059568 0.9999309
92.131240 -1.0918002 -0.2317874 9.7616692 0.0094453 0.0156263 -0.0069039 0.9998094
92.444850 -1.0826070 -0.2343113 9.8205404 0.0121088 0.0640943 -0.0057278 0.9978539
92.654030 -1.0724213 -0.2360400 9.8577213 0.0118968 0.1017352 0.0010005 0.9947399
92.862950 -1.0595284 -0.2378994 9.8932304 0.0111482 0.1414616 0.0083742 0.9898456
93.072030 -1.0445912 -0.2398216 9.9263401 0.0104592 0.1834807 0.0102345 0.9829144
93.280830 -1.0274854 -0.2413610 9.9584732 0.0135946 0.2281094 0.0060942 0.9735215
93.489710 -1.0061231 -0.2426081 9.9885244 0.0191699 0.2736228 0.0078560 0.9616139
93.698450 -0.9812770 -0.2438098 10.0172281 0.0233969 0.3194726 0.0102710 0.9472510
93.907230 -0.9547515 -0.2455668 10.0461302 0.0187820 0.3678353 -0.0023818 0.9296982
94.115820 -0.9237695 -0.2481229 10.0716543 0.0173640 0.4136849 -0.0031283 0.9102491
94.324500 -0.8885655 -0.2494843 10.0925989 0.0240273 0.4602193 0.0011689 0.8874793
94.533080 -0.8502455 -0.2512833 10.1135387 0.0211125 0.5067741 -0.0072437 0.8617899
94.741610 -0.8070166 -0.2541632 10.1322079 0.0140135 0.5500464 -0.0098285 0.8349587
94.949970 -0.7606130 -0.2563049 10.1455669 0.0166417 0.5863629 -0.0072912 0.8098447
95.262120 -0.6841936 -0.2592202 10.1617823 0.0196916 0.6269274 -0.0065324 0.7788014
95.469850 -0.6283981 -0.2619105 10.1705065 0.0155075 0.6476364 -0.0045098 0.7617784
95.677890 -0.5690532 -0.2639417 10.1773453 0.0143442 0.6663174 -0.0064470 0.7455024
95.885910 -0.5063068 -0.2662556 10.1809683 0.0188247 0.6814709 -0.0042234 0.7315909
96.093730 -0.4399985 -0.2686386 10.1834536 0.0158676 0.6938374 -0.0020945 0.7199538
96.301480 -0.3703234 -0.2714110 10.1843729 0.0144082 0.7025735 -0.0008118 0.7114648
96.509210 -0.2984560 -0.2732730 10.1831875 0.0195976 0.7064118 0.0016799 0.7075277
96.717080 -0.2223652 -0.2758250 10.1836433 0.0171242 0.7085248 0.0027203 0.7054729
96.924880 -0.1443218 -0.2784060 10.1834326 0.0164807 0.7093857 0.0022234 0.7046243
97.132730 -0.0644389 -0.2808266 10.1824417 0.0163402 0.7099804 0.0051854 0.7040128
97.340580 0.0156217 -0.2832461 10.1821251 0.0157810 0.7081974 0.0071941 0.7058014
97.548460 0.0954083 -0.2857948 10.1824160 0.0175787 0.7056884 0.0067987 0.7082716
97.756480 0.1752649 -0.2879719 10.1834927 0.0167388 0.7032954 0.0073731 0.7106624
97.964520 0.2548838 -0.2905317 10.1848192 0.0178931 0.7009972 0.0063319 0.7129114
98.173950 0.3360278 -0.2928482 10.1871424 0.0170240 0.6993749 0.0047695 0.7145364
98.380720 0.4178753 -0.2955739 10.1899986 0.0128542 0.6980514 0.0038123 0.7159221
98.588990 0.5001445 -0.2980489 10.1930199 0.0126025 0.6969693 0.0007534 0.7169899
98.797260 0.5822019 -0.3008059 10.1957903 0.0122313 0.6965290 0.0004706 0.7174242
99.005460 0.6650581 -0.3037032 10.1988153 0.0111457 0.6968976 0.0014128 0.7170826
99.213720 0.7472504 -0.3065634 10.2009745 0.0116188 0.6970838 0.0018787 0.7168930
99.422060 0.8299302 -0.3088561 10.2041340 0.0104938 0.6978801 0.0010360 0.7161370
99.630630 0.9116763 -0.3113618 10.2064991 0.0084673 0.6993417 -0.0006596 0.7147371
99.838860 0.9930554 -0.3139378 10.2083111 0.0062528 0.7007358 -0.0009702 0.7133928
100.047200 1.0738053 -0.3161101 10.2103109 0.0022818 0.7021158 0.0003491 0.7120590
100.359800 1.1925125 -0.3191501 10.2121201 0.0056953 0.7027394 -0.0008458 0.7114241
100.568000 1.2711010 -0.3211635 10.2134562 0.0075792 0.7026994 -0.0016305 0.7114446
100.776300 1.3489342 -0.3239079 10.2145538 0.0067546 0.7032775 -0.0022417 0.7108798
100.985100 1.4266145 -0.3258277 10.2159338 0.0050149 0.7043709 -0.0016379 0.7098125
101.193100 1.5034586 -0.3282569 10.2167664 0.0031347 0.7055480 -0.0013147 0.7086540
101.401500 1.5793386 -0.3301850 10.2175360 0.0046101 0.7059383 -0.0024078 0.7082542
101.609900 1.6548864 -0.3321716 10.2180262 0.0047718 0.7056124 -0.0012853 0.7085808
101.818100 1.7302465 -0.3341981 10.2189846 0.0021057 0.7050108 -0.0014194 0.7091920
102.026500 1.8045404 -0.3357966 10.2201481 0.0021978 0.7047164 -0.0011178 0.7094849
102.234900 1.8780423 -0.3376394 10.2212505 0.0032783 0.7047561 -0.0044908 0.7094279
102.444200 1.9516504 -0.3394617 10.2215176 0.0032909 0.7047049 -0.0008732 0.7094923
102.651500 2.0236940 -0.3420515 10.2229099 0.0049238 0.7053201 -0.0053899 0.7088514
102.859900 2.0940890 -0.3442551 10.2228794 0.0150670 0.7042918 -0.0086508 0.7096980
103.068200 2.1653192 -0.3473813 10.2240343 0.0102901 0.7035739 -0.0052166 0.7105284
103.276500 2.2352445 -0.3500831 10.2250290 0.0081139 0.7018823 -0.0027224 0.7122415
103.484800 2.3040514 -0.3524656 10.2268410 0.0055325 0.7012016 -0.0041460 0.7129295
103.693400 2.3731964 -0.3547714 10.2290487 0.0037509 0.7014264 -0.0071196 0.7126964
103.901800 2.4412379 -0.3570596 10.2304382 0.0028945 0.7024792 -0.0082766 0.7116503
104.110100 2.5080729 -0.3592403 10.2316370 0.0026135 0.7034848 -0.0069329 0.7106717
104.318500 2.5738230 -0.3615847 10.2321234 0.0027980 0.7041076 -0.0058544 0.7100636
104.526700 2.6379917 -0.3634949 10.2333145 0.0020855 0.7034639 -0.0068925 0.7106946
104.735000 2.7014616 -0.3655972 10.2348795 0.0028605 0.7029376 -0.0095033 0.7111823
104.943400 2.7640691 -0.3680209 10.2357473 0.0041867 0.7026418 -0.0096745 0.7114657
105.151800 2.8269796 -0.3700444 10.2376366 0.0019885 0.7025436 -0.0101077 0.7115661
105.360200 2.8886950 -0.3723065 10.2386045 0.0021055 0.7028009 -0.0084806 0.7113329
105.568600 2.9493186 -0.3744692 10.2390776 0.0022782 0.7047195 -0.0081067 0.7094360
105.777200 3.0102386 -0.3765748 10.2395248 0.0005388 0.7064698 -0.0082860 0.7076945
106.089900 3.1013386 -0.3797278 10.2384758 0.0052036 0.7116998 -0.0099279 0.7023943
106.298500 3.1647215 -0.3817824 10.2377462 0.0040304 0.7158077 -0.0119762 0.6981831
106.507000 3.2294414 -0.3842651 10.2349920 0.0050693 0.7197096 -0.0102839 0.6941805
106.715500 3.2965007 -0.3864205 10.2323818 0.0041635 0.7238796 -0.0109554 0.6898268
106.924000 3.3654141 -0.3885590 10.2285604 0.0029995 0.7276089 -0.0086372 0.6859312
107.132400 3.4360690 -0.3906761 10.2237043 0.0050250 0.7315264 -0.0090547 0.6817345
107.340700 3.5095453 -0.3928846 10.2180290 0.0084082 0.7347084 -0.0089639 0.6782717
107.549200 3.5849319 -0.3952606 10.2109737 0.0083459 0.7375325 -0.0057631 0.6752355
107.653400 3.6241271 -0.3966435 10.2074718 0.0080194 0.7385987 -0.0039368 0.6740862
107.861600 3.7040386 -0.3985346 10.1998053 0.0084408 0.7396606 -0.0004527 0.6729270
108.071200 3.7862458 -0.4008044 10.1926155 0.0101566 0.7398590 -0.0004231 0.6726851
108.382200 3.9145837 -0.4041975 10.1805611 0.0153870 0.7386907 0.0026289 0.6738638
108.590400 4.0033679 -0.4067608 10.1721554 0.0176185 0.7359267 0.0059838 0.6768055
108.798500 4.0946093 -0.4089361 10.1653175 0.0178113 0.7326597 0.0082588 0.6803119
109.006700 4.1876993 -0.4112640 10.1595268 0.0186347 0.7293771 0.0069703 0.6838225
109.214800 4.2830768 -0.4137962 10.1545277 0.0184576 0.7258233 0.0083212 0.6875831
109.423000 4.3790894 -0.4169990 10.1502380 0.0193970 0.7229799 0.0059829 0.6905708
109.631400 4.4754691 -0.4202544 10.1467781 0.0231519 0.7217737 0.0021240 0.6917386
109.839600 4.5727983 -0.4241348 10.1430664 0.0207398 0.7209248 0.0063823 0.6926734
110.047800 4.6707010 -0.4273611 10.1394558 0.0196198 0.7201453 0.0104372 0.6934673
110.256100 4.7673326 -0.4303631 10.1363993 0.0189703 0.7196859 0.0104294 0.6939622
110.465500 4.8638077 -0.4331664 10.1334152 0.0212475 0.7189720 0.0079575 0.6946686
110.672600 4.9603395 -0.4366320 10.1309385 0.0203149 0.7182869 0.0089307 0.6953930
110.881000 5.0565653 -0.4399042 10.1284504 0.0214146 0.7169292 0.0062096 0.6967893
111.089200 5.1521964 -0.4431646 10.1269341 0.0205924 0.7152634 0.0070643 0.6985159
111.297500 5.2476277 -0.4464173 10.1259594 0.0179215 0.7133995 0.0085986 0.7004755
111.505700 5.3431778 -0.4493962 10.1250143 0.0173646 0.7118172 0.0069480 0.7021157
111.818700 5.4837184 -0.4540728 10.1254225 0.0104113 0.7105443 0.0036169 0.7035661
112.026400 5.5755072 -0.4573027 10.1251221 0.0115426 0.7108908 0.0012045 0.7032067
112.338800 5.7124352 -0.4621892 10.1240005 0.0156510 0.7107868 -0.0010341 0.7032326
112.547100 5.8029242 -0.4657710 10.1236162 0.0115971 0.7116575 0.0006734 0.7024305
112.755500 5.8920369 -0.4689821 10.1226559 0.0093958 0.7131536 -0.0004984 0.7009447
112.964100 5.9801998 -0.4716783 10.1217794 0.0080724 0.7157996 -0.0014687 0.6982576
113.172100 6.0673008 -0.4746262 10.1195650 0.0069816 0.7187369 -0.0019155 0.6952444
113.380300 6.1548948 -0.4773731 10.1169157 0.0068488 0.7214568 -0.0044628 0.6924112
113.588800 6.2415318 -0.4800431 10.1131611 0.0081498 0.7253121 -0.0039277 0.6883608
113.797100 6.3290758 -0.4829571 10.1081381 0.0074463 0.7307217 -0.0033960 0.6826265
114.005500 6.4157434 -0.4856612 10.1011677 0.0058619 0.7368541 -0.0007925 0.6760259
114.213900 6.5025930 -0.4876691 10.0930147 0.0047261 0.7431972 -0.0014233 0.6690542
114.423500 6.5893331 -0.4897525 10.0826397 0.0055555 0.7492599 -0.0002680 0.6622527
114.630800 6.6760302 -0.4921990 10.0708256 0.0076147 0.7560212 -0.0008357 0.6545023
114.943300 6.8055077 -0.4953934 10.0489082 0.0108372 0.7663544 0.0023989 0.6423221
115.255800 6.9350967 -0.4988469 10.0227747 0.0162012 0.7723193 0.0078888 0.6349790
115.463800 7.0211768 -0.5011978 10.0054274 0.0206192 0.7732388 0.0089868 0.6337159
115.672000 7.1070337 -0.5039366 9.9885654 0.0250618 0.7713568 0.0107271 0.6358188
115.879800 7.1934466 -0.5063626 9.9725866 0.0266404 0.7672681 0.0166726 0.6405560
116.087800 7.2797656 -0.5085244 9.9573717 0.0269270 0.7634116 0.0209294 0.6450114
116.295900 7.3653998 -0.5105378 9.9434090 0.0310596 0.7596241 0.0185763 0.6493547
116.504000 7.4509416 -0.5136534 9.9313126 0.0324036 0.7558683 0.0170535 0.6536990
116.712100 7.5373316 -0.5163774 9.9201632 0.0292421 0.7513552 0.0188256 0.6589809
116.920200 7.6224051 -0.5189388 9.9101343 0.0292507 0.7472789 0.0190031 0.6635944
117.128700 7.7063098 -0.5218732 9.9008694 0.0308110 0.7454602 0.0166356 0.6656299
117.337000 7.7885542 -0.5243762 9.8920736 0.0307504 0.7451325 0.0178752 0.6659673
117.545500 7.8676701 -0.5270888 9.8833504 0.0266551 0.7445974 0.0232146 0.6665773
117.753800 7.9440045 -0.5290585 9.8748970 0.0293571 0.7441510 0.0230098 0.6669692
117.962300 8.0195351 -0.5308672 9.8667803 0.0318333 0.7440395 0.0191000 0.6671035
118.170700 8.0946407 -0.5332546 9.8588762 0.0313599 0.7443824 0.0188961 0.6667491
118.379200 8.1705761 -0.5351999 9.8506632 0.0297404 0.7452815 0.0221884 0.6657166
118.587700 8.2453899 -0.5371540 9.8419342 0.0295074 0.7461873 0.0267590 0.6645433
118.796200 8.3191957 -0.5389628 9.8335867 0.0332102 0.7469026 0.0243384 0.6636574
119.005100 8.3914137 -0.5405601 9.8245983 0.0375338 0.7454310 0.0227626 0.6651358
119.212900 8.4637051 -0.5430712 9.8172245 0.0341631 0.7430523 0.0245869 0.6679084
119.421900 8.5346909 -0.5447538 9.8107061 0.0323564 0.7400436 0.0245202 0.6713325
119.629500 8.6051598 -0.5470049 9.8042841 0.0331413 0.7375091 0.0232100 0.6741241
119.837900 8.6757317 -0.5489907 9.7986183 0.0338420 0.7353900 0.0228601 0.6764123
120.046300 8.7454042 -0.5504265 9.7932224 0.0313247 0.7339388 0.0266060 0.6779711
120.358800 8.8463087 -0.5531198 9.7858171 0.0320605 0.7333170 0.0216651 0.6787849
120.567200 8.9099455 -0.5552726 9.7817726 0.0289849 0.7335337 0.0179577 0.6787973
120.775700 8.9710112 -0.5571634 9.7775011 0.0256923 0.7336750 0.0205228 0.6787044
121.088200 9.0551882 -0.5597600 9.7713156 0.0241017 0.7338994 0.0189600 0.6785657
121.400800 9.1286049 -0.5620652 9.7661057 0.0271975 0.7332075 0.0166976 0.6792557
121.609400 9.1723518 -0.5637324 9.7634020 0.0255872 0.7328187 0.0148950 0.6797795
121.922200 9.2341948 -0.5660318 9.7584810 0.0278001 0.7347139 0.0124163 0.6776935
122.238500 9.2930508 -0.5684642 9.7533407 0.0282892 0.7397251 0.0117685 0.6722113
122.443800 9.3300400 -0.5698833 9.7488995 0.0291470 0.7431917 0.0129801 0.6683173
122.757700 9.3777704 -0.5717766 9.7427540 0.0285801 0.7475876 0.0145684 0.6633881
123.069400 9.4200430 -0.5732679 9.7369785 0.0309753 0.7515109 0.0131467 0.6588621
123.382300 9.4614201 -0.5747352 9.7304583 0.0309406 0.7566332 0.0152533 0.6529290
123.695100 9.5012426 -0.5761652 9.7237062 0.0300726 0.7625097 0.0142312 0.6461208
123.903600 9.5273886 -0.5771984 9.7186146 0.0310142 0.7679806 0.0129872 0.6395900
124.112400 9.5541744 -0.5779620 9.7124500 0.0312453 0.7757950 0.0112587 0.6301103
124.321000 9.5815830 -0.5786940 9.7055397 0.0312046 0.7853625 0.0094517 0.6181769
124.529700 9.6096554 -0.5794253 9.6975574 0.0290234 0.7952782 0.0081749 0.6054943
124.842600 9.6533175 -0.5811822 9.6820755 0.0295632 0.8127939 0.0068323 0.5817606
125.155700 9.6996670 -0.5828787 9.6632061 0.0267010 0.8341919 0.0032342 0.5508180
125.468700 9.7481613 -0.5842879 9.6367035 0.0242881 0.8579445 0.0024398 0.5131620
125.677400 9.7814903 -0.5853237 9.6148071 0.0232324 0.8746529 0.0044472 0.4841722
125.886700 9.8145027 -0.5864027 9.5897675 0.0222081 0.8912446 0.0053719 0.4529470
126.094600 9.8472757 -0.5869461 9.5604792 0.0222056 0.9072796 0.0066524 0.4198885
126.303100 9.8799696 -0.5875348 9.5275517 0.0197680 0.9224991 0.0077429 0.3854149
126.511700 9.9102058 -0.5878645 9.4909000 0.0186286 0.9364919 0.0076516 0.3501105
126.720300 9.9396801 -0.5881637 9.4504824 0.0194472 0.9491171 0.0077082 0.3142279
126.928800 9.9675760 -0.5883390 9.4058561 0.0195682 0.9596950 0.0077220 0.2802553
127.137100 9.9933176 -0.5889025 9.3577671 0.0189844 0.9691013 0.0082484 0.2457930
127.449800 10.0273008 -0.5886012 9.2784214 0.0186950 0.9813420 0.0144224 0.1908152
127.658400 10.0460167 -0.5878899 9.2199955 0.0165844 0.9880589 0.0176417 0.1521624
127.867100 10.0595922 -0.5868795 9.1594954 0.0186137 0.9932940 0.0176592 0.1127329
128.075400 10.0684710 -0.5854106 9.0960503 0.0224336 0.9969594 0.0162407 0.0728351
128.283700 10.0734653 -0.5845772 9.0313721 0.0231603 0.9990391 0.0114772 0.0353961
128.492100 10.0735407 -0.5833968 8.9644585 0.0260621 0.9996093 0.0093780 0.0037540
128.700300 10.0702906 -0.5828105 8.8953199 0.0267796 0.9992871 0.0121824 -0.0236594
128.908300 10.0639639 -0.5817707 8.8259048 0.0265490 0.9984894 0.0135594 -0.0461533
129.116400 10.0548735 -0.5802248 8.7545605 0.0248607 0.9973906 0.0162989 -0.0657904
129.324500 10.0428095 -0.5778539 8.6810226 0.0233263 0.9958004 0.0213995 -0.0859038
129.532700 10.0280876 -0.5753826 8.6068563 0.0193055 0.9939505 0.0251744 -0.1051474
129.740800 10.0096455 -0.5728550 8.5321445 0.0182307 0.9922603 0.0215050 -0.1209324
130.052900 9.9790516 -0.5688972 8.4182167 0.0167328 0.9901386 0.0163625 -0.1381223
130.261000 9.9557476 -0.5666617 8.3397732 0.0215964 0.9890217 0.0180653 -0.1450630
130.469000 9.9318533 -0.5646327 8.2615709 0.0224445 0.9883720 0.0169472 -0.1494320
130.677700 9.9071121 -0.5628579 8.1824837 0.0239928 0.9878973 0.0157674 -0.1524295
130.885300 9.8821030 -0.5609507 8.1030140 0.0259183 0.9878443 0.0156194 -0.1524725
131.093400 9.8570242 -0.5592090 8.0230722 0.0292107 0.9881890 0.0155596 -0.1496229
131.302500 9.8327599 -0.5571465 7.9434080 0.0312320 0.9889797 0.0164001 -0.1437874
131.509500 9.8109493 -0.5553812 7.8639202 0.0314817 0.9898490 0.0169235 -0.1375555
131.717500 9.7895966 -0.5532954 7.7843337 0.0319754 0.9907295 0.0168632 -0.1309511
131.925800 9.7699528 -0.5515122 7.7063041 0.0321265 0.9915228 0.0172037 -0.1247172
132.133900 9.7519093 -0.5497618 7.6297112 0.0317193 0.9921373 0.0185014 -0.1196466
132.342200 9.7349396 -0.5480124 7.5568066 0.0309997 0.9925306 0.0194262 -0.1163818
132.550700 9.7187843 -0.5465835 7.4874043 0.0299687 0.9926658 0.0189910 -0.1155676
132.760700 9.7036285 -0.5451009 7.4221406 0.0295735 0.9926465 0.0186125 -0.1158961
132.967600 9.6888924 -0.5436001 7.3597460 0.0292158 0.9924121 0.0189728 -0.1179181
133.178000 9.6741714 -0.5425067 7.2994475 0.0289504 0.9919782 0.0188570 -0.1215961
133.385700 9.6595879 -0.5413116 7.2429118 0.0278953 0.9912294 0.0188285 -0.1277949
133.802200 9.6274557 -0.5388924 7.1330481 0.0265383 0.9877723 0.0188706 -0.1524649
134.115500 9.5982695 -0.5368755 7.0585856 0.0265653 0.9818314 0.0187056 -0.1869531
134.324600 9.5760269 -0.5356313 7.0121174 0.0242016 0.9749672 0.0183614 -0.2202639
134.533600 9.5503120 -0.5345742 6.9698830 0.0228382 0.9649762 0.0166664 -0.2608094
134.742800 9.5209866 -0.5333503 6.9305615 0.0226510 0.9518349 0.0142162 -0.3054426
134.951900 9.4874573 -0.5318176 6.8953648 0.0226158 0.9354771 0.0142139 -0.3523763
135.160700 9.4507942 -0.5303167 6.8633084 0.0196942 0.9153304 0.0175001 -0.4018411
135.369500 9.4122791 -0.5292637 6.8368273 0.0193177 0.8929418 0.0183816 -0.4493816
135.473900 9.3913574 -0.5281251 6.8252115 0.0195619 0.8807415 0.0186865 -0.4728240
135.578300 9.3700390 -0.5270138 6.8144140 0.0181919 0.8678948 0.0195497 -0.4960297
135.682600 9.3476477 -0.5259964 6.8041244 -0.0160075 -0.8546543 -0.0216050 0.5185007
135.787000 9.3246918 -0.5251838 6.7950306 -0.0150421 -0.8409194 -0.0235216 0.5404395
135.891300 9.3012266 -0.5242556 6.7874537 -0.0148025 -0.8268798 -0.0238116 0.5616794
136.204000 9.2262774 -0.5211539 6.7697306 -0.0130784 -0.7853145 -0.0250440 0.6184520
136.412100 9.1725731 -0.5193056 6.7619004 -0.0156449 -0.7614160 -0.0271917 0.6475040
136.620200 9.1161270 -0.5168044 6.7564631 -0.0157164 -0.7418283 -0.0293811 0.6697615
136.932000 9.0270233 -0.5125080 6.7526503 -0.0095639 -0.7202232 -0.0279651 0.6931125
137.451700 8.8584375 -0.5050664 6.7538571 -0.0074001 -0.6965967 -0.0311850 0.7167466
140.366800 7.6187210 -0.4554181 6.8308997 -0.0033396 -0.6783161 -0.0352662 0.7339158
157.346400 -0.1663586 -0.1832730 7.2203617 -0.0091567 -0.6597131 -0.0280878 0.7509367
157.867100 -0.3081015 -0.1790438 7.2392478 -0.0168022 -0.6618638 -0.0227257 0.7490911
158.283500 -0.4071918 -0.1753842 7.2498770 -0.0207355 -0.6685413 -0.0211906 0.7430838
159.429800 -0.5943345 -0.1696116 7.2629175 -0.0155400 -0.6837941 -0.0191368 0.7292584
159.950900 -0.6441098 -0.1685282 7.2653327 -0.0130690 -0.6877465 -0.0170596 0.7256327
160.576500 -0.6968128 -0.1672034 7.2668004 -0.0125934 -0.6919313 -0.0150010 0.7216976
160.993400 -0.7315551 -0.1662735 7.2678576 -0.0140725 -0.6951503 -0.0147647 0.7185750
161.410500 -0.7682270 -0.1654673 7.2672048 -0.0071039 -0.6993395 -0.0161051 0.7145728
161.827100 -0.8167602 -0.1645907 7.2671070 -0.0054037 -0.7043586 -0.0150010 0.7096652
162.139700 -0.8620458 -0.1633952 7.2662072 -0.0011901 -0.7070693 -0.0145641 0.7069932
162.556600 -0.9374697 -0.1621347 7.2652597 0.0000924 -0.7057115 -0.0187924 0.7082500
162.869300 -1.0045425 -0.1601386 7.2655287 -0.0041695 -0.7044565 -0.0251862 0.7092879
163.182100 -1.0780228 -0.1577780 7.2671967 -0.0141050 -0.7038387 -0.0179769 0.7099922
163.494700 -1.1600705 -0.1545365 7.2672067 -0.0131241 -0.7056189 -0.0169673 0.7082669
163.807300 -1.2498798 -0.1514141 7.2671142 -0.0175799 -0.7084577 -0.0138763 0.7053978
164.119900 -1.3455648 -0.1485448 7.2646804 -0.0058113 -0.7106161 -0.0080538 0.7035098
164.432600 -1.4495513 -0.1467777 7.2624531 -0.0133599 -0.7114664 -0.0119054 0.7024923
164.745400 -1.5579357 -0.1441742 7.2596650 -0.0074764 -0.7129246 -0.0109537 0.7011153
164.953900 -1.6344428 -0.1425561 7.2570624 -0.0083503 -0.7130157 -0.0139572 0.7009593
165.162300 -1.7124920 -0.1406300 7.2554312 -0.0103421 -0.7136389 -0.0158604 0.7002578
165.475000 -1.8340738 -0.1381069 7.2520628 -0.0098644 -0.7131079 -0.0171770 0.7007744
165.683600 -1.9171150 -0.1353477 7.2499032 -0.0083067 -0.7118711 -0.0161067 0.7020763
165.892000 -2.0034652 -0.1335268 7.2483854 -0.0097480 -0.7105047 -0.0175527 0.7034060
166.204900 -2.1343470 -0.1300900 7.2458329 -0.0108684 -0.7087733 -0.0164550 0.7051606
166.517400 -2.2676635 -0.1268284 7.2436075 -0.0112229 -0.7084659 -0.0155592 0.7054842
166.725700 -2.3579717 -0.1246415 7.2422991 -0.0110582 -0.7089192 -0.0169603 0.7049990
166.934000 -2.4484713 -0.1225804 7.2412310 -0.0092218 -0.7096877 -0.0159755 0.7042749
167.142500 -2.5391991 -0.1207032 7.2394142 -0.0096991 -0.7099244 -0.0185686 0.7039663
167.351000 -2.6312296 -0.1186467 7.2380366 -0.0113761 -0.7098666 -0.0182777 0.7040070
167.559000 -2.7232835 -0.1162497 7.2364259 -0.0131461 -0.7094828 -0.0185560 0.7043558
167.663200 -2.7700510 -0.1149470 7.2359338 -0.0133261 -0.7095335 -0.0186171 0.7042997
167.871500 -2.8616395 -0.1122420 7.2336726 -0.0107471 -0.7092639 -0.0196423 0.7045875
168.079800 -2.9531236 -0.1103881 7.2316732 -0.0077659 -0.7090434 -0.0200251 0.7048376
168.288000 -3.0456893 -0.1077853 7.2298255 -0.0109718 -0.7089611 -0.0251525 0.7047135
168.496400 -3.1380379 -0.1044559 7.2283559 -0.0123392 -0.7089571 -0.0281317 0.7045822
168.704700 -3.2303176 -0.1014810 7.2268410 -0.0068025 -0.7088925 -0.0240669 0.7048731
168.913000 -3.3221631 -0.0993124 7.2258167 -0.0063320 -0.7085275 -0.0220269 0.7053109
169.121700 -3.4148738 -0.0967563 7.2247910 -0.0088517 -0.7081921 -0.0213619 0.7056411
169.225900 -3.4600353 -0.0956222 7.2243657 -0.0091999 -0.7082800 -0.0207907 0.7055655
169.329900 -3.5060370 -0.0943215 7.2237697 -0.0094392 -0.7082915 -0.0199039 0.7055762
169.434000 -3.5512664 -0.0933167 7.2232790 -0.0091348 -0.7086189 -0.0186136 0.7052867
169.538100 -3.5969830 -0.0920705 7.2228222 -0.0089805 -0.7089649 -0.0181319 0.7049535
169.642300 -3.6427691 -0.0910194 7.2224460 -0.0104679 -0.7093553 -0.0182624 0.7045367
169.746400 -3.6889534 -0.0898444 7.2220292 -0.0124740 -0.7097108 -0.0192518 0.7041195
169.850700 -3.7347629 -0.0884317 7.2211719 -0.0136448 -0.7097616 -0.0205524 0.7040099
169.954800 -3.7804575 -0.0871917 7.2206640 -0.0126890 -0.7101183 -0.0193165 0.7037030
170.059000 -3.8255885 -0.0859432 7.2196860 -0.0100082 -0.7103846 -0.0186854 0.7034944
170.163200 -3.8712449 -0.0846961 7.2189069 -0.0084148 -0.7106144 -0.0180328 0.7033002
170.267400 -3.9168165 -0.0834218 7.2181268 -0.0084669 -0.7107829 -0.0188540 0.7031077
170.371500 -3.9629364 -0.0821285 7.2173080 -0.0100866 -0.7108752 -0.0208079 0.7029379
170.580000 -4.0544801 -0.0800797 7.2154069 -0.0111143 -0.7112550 -0.0217072 0.7025110
170.788300 -4.1456513 -0.0771126 7.2131472 -0.0080106 -0.7120630 -0.0220082 0.7017249
170.996500 -4.2374992 -0.0747011 7.2109990 -0.0064961 -0.7133214 -0.0232248 0.7004219
171.204900 -4.3291283 -0.0722811 7.2085824 -0.0059625 -0.7156231 -0.0217698 0.6981218
171.413200 -4.4211569 -0.0704903 7.2055120 -0.0063627 -0.7171499 -0.0181392 0.6966538
171.621400 -4.5127988 -0.0687398 7.2017932 -0.0043392 -0.7187533 -0.0164752 0.6950564
171.829800 -4.6049538 -0.0673118 7.1975884 -0.0065498 -0.7201225 -0.0198175 0.6935329
172.038000 -4.6974201 -0.0650559 7.1932015 -0.0081612 -0.7216210 -0.0218798 0.6918943
172.247200 -4.7891860 -0.0629946 7.1884594 -0.0063111 -0.7234094 -0.0178730 0.6901591
172.454600 -4.8816595 -0.0614000 7.1833358 -0.0057717 -0.7253248 -0.0165800 0.6881830
172.662800 -4.9741068 -0.0600576 7.1772661 -0.0073503 -0.7270796 -0.0186962 0.6862592
172.871000 -5.0670872 -0.0580340 7.1710019 -0.0069670 -0.7287910 -0.0189810 0.6844376
173.079300 -5.1597414 -0.0561427 7.1640301 -0.0075108 -0.7305288 -0.0177645 0.6826095
173.287500 -5.2533755 -0.0541593 7.1568637 -0.0071998 -0.7322639 -0.0160855 0.6807930
173.495800 -5.3459148 -0.0527553 7.1491795 -0.0078351 -0.7335333 -0.0157337 0.6794263
173.808100 -5.4849029 -0.0504359 7.1368437 -0.0108902 -0.7351254 -0.0146674 0.6776849
174.120500 -5.6236963 -0.0471669 7.1246843 -0.0101733 -0.7368022 -0.0138444 0.6758900
174.329000 -5.7167287 -0.0456229 7.1156659 -0.0105276 -0.7374651 -0.0126979 0.6751838
174.537200 -5.8098407 -0.0440740 7.1067982 -0.0109275 -0.7382250 -0.0114066 0.6743696
174.745600 -5.9036212 -0.0421760 7.0981188 -0.0146778 -0.7382097 -0.0106048 0.6743282
174.953800 -5.9969630 -0.0405320 7.0892272 -0.0129752 -0.7384108 -0.0099053 0.6741535
175.162100 -6.0902095 -0.0389433 7.0799227 -0.0105467 -0.7379852 -0.0090317 0.6746740
175.370400 -6.1839614 -0.0378191 7.0702848 -0.0109199 -0.7379910 -0.0116425 0.6746217
175.578600 -6.2776771 -0.0356267 7.0611286 -0.0118564 -0.7383138 -0.0133873 0.6742202
175.787300 -6.3709927 -0.0336323 7.0517960 -0.0109570 -0.7387715 -0.0130470 0.6737406
175.995400 -6.4648628 -0.0318723 7.0422606 -0.0088200 -0.7390602 -0.0131883 0.6734526
176.203400 -6.5588045 -0.0305941 7.0327425 -0.0084247 -0.7390557 -0.0140214 0.6734457
176.411600 -6.6530213 -0.0288633 7.0234327 -0.0089698 -0.7390685 -0.0143987 0.6734166
176.619800 -6.7475433 -0.0269605 7.0142527 -0.0098793 -0.7388279 -0.0139347 0.6736777
176.828000 -6.8417606 -0.0256642 7.0048389 -0.0086425 -0.7388951 -0.0112957 0.6736704
177.036200 -6.9357500 -0.0241917 6.9951200 -0.0085360 -0.7387536 -0.0131461 0.6737933
177.244500 -7.0289202 -0.0226959 6.9855680 -0.0102736 -0.7387434 -0.0126301 0.6737902
177.452500 -7.1227198 -0.0212152 6.9766974 -0.0126223 -0.7392603 -0.0107613 0.6732155
177.660900 -7.2156687 -0.0197882 6.9669170 -0.0122689 -0.7394163 -0.0099918 0.6730625
177.869000 -7.3082094 -0.0183960 6.9571157 -0.0128139 -0.7394075 -0.0103048 0.6730573
178.077300 -7.4012418 -0.0163797 6.9476619 -0.0161860 -0.7393653 -0.0133950 0.6729766
178.285500 -7.4925609 -0.0150620 6.9388189 -0.0113492 -0.7393318 -0.0082538 0.6731950
178.493800 -7.5834107 -0.0144665 6.9290085 -0.0097280 -0.7389234 -0.0063316 0.6736895
178.702100 -7.6742830 -0.0132813 6.9199543 -0.0164403 -0.7383795 -0.0111422 0.6740929
178.910400 -7.7637777 -0.0115764 6.9106460 -0.0162959 -0.7382868 -0.0123672 0.6741766
179.118400 -7.8518171 -0.0106243 6.9023056 -0.0130150 -0.7382260 -0.0028066 0.6744220
179.326700 -7.9410667 -0.0092156 6.8939681 -0.0201897 -0.7392431 -0.0060987 0.6731083
179.534800 -8.0292759 -0.0066198 6.8851833 -0.0271039 -0.7388256 -0.0120485 0.6732436
179.847200 -8.1559248 -0.0046639 6.8714967 -0.0145189 -0.7389956 -0.0047136 0.6735374
180.055500 -8.2396927 -0.0037993 6.8626585 -0.0152391 -0.7391409 -0.0073484 0.6733384
180.263700 -8.3230495 -0.0021071 6.8538537 -0.0194394 -0.7392007 -0.0149345 0.6730390
180.471900 -8.4046421 -0.0001661 6.8454871 -0.0191390 -0.7397565 -0.0142742 0.6724510
180.680200 -8.4845924 0.0015716 6.8373928 -0.0187162 -0.7400027 -0.0116100 0.6722432
180.888400 -8.5638113 0.0035870 6.8288822 -0.0167492 -0.7395920 -0.0088259 0.6727891
181.097200 -8.6422977 0.0047223 6.8208132 -0.0167346 -0.7384779 -0.0096282 0.6740012
181.305100 -8.7201414 0.0060925 6.8132806 -0.0135388 -0.7377383 -0.0080606 0.6749030
181.513300 -8.7968330 0.0069427 6.8055849 -0.0146348 -0.7376654 -0.0100027 0.6749337
181.617500 -8.8352137 0.0073839 6.8020320 -0.0154375 -0.7380461 -0.0106131 0.6744903
181.825600 -8.9108915 0.0083398 6.7939610 -0.0133339 -0.7393313 -0.0107165 0.6731245
181.929700 -8.9484797 0.0091134 6.7898564 -0.0123153 -0.7404782 -0.0110540 0.6718767
182.137800 -9.0235472 0.0102547 6.7810254 -0.0123564 -0.7429405 -0.0135288 0.6691066
182.345900 -9.0983734 0.0119893 6.7723866 -0.0167650 -0.7460080 -0.0117750 0.6656218
182.554000 -9.1712103 0.0127088 6.7628179 -0.0144698 -0.7496656 -0.0086309 0.6616023
182.762300 -9.2432222 0.0140055 6.7520437 -0.0158624 -0.7536981 -0.0077329 0.6569839
182.970500 -9.3158131 0.0158904 6.7398386 -0.0181169 -0.7581165 -0.0110446 0.6517739
183.283100 -9.4211912 0.0181614 6.7208672 -0.0140506 -0.7634737 -0.0086392 0.6456283
183.491500 -9.4907341 0.0192752 6.7072878 -0.0108062 -0.7646282 -0.0137569 0.6442342
183.700300 -9.5591173 0.0203050 6.6941724 -0.0087888 -0.7642455 -0.0178189 0.6446193
183.908700 -9.6274719 0.0221435 6.6816115 -0.0088102 -0.7633784 -0.0196977 0.6455910
184.117400 -9.6937971 0.0236516 6.6691232 -0.0052367 -0.7617097 -0.0224820 0.6475071
184.326100 -9.7578125 0.0251436 6.6577449 -0.0011518 -0.7570934 -0.0246087 0.6528420
184.534700 -9.8205910 0.0261568 6.6483650 0.0009707 -0.7485845 -0.0279035 0.6624513
184.743300 -9.8792124 0.0273895 6.6416111 0.0009462 -0.7400062 -0.0275344 0.6720356
184.951900 -9.9364395 0.0282450 6.6366544 0.0004088 -0.7314802 -0.0281778 0.6812801
185.369100 -10.0454054 0.0310890 6.6296544 0.0006709 -0.7110381 -0.0294152 0.7025376
185.681900 -10.1223068 0.0326622 6.6302185 -0.0002233 -0.6950141 -0.0272713 0.7184787
186.203000 -10.2410421 0.0343295 6.6380773 -0.0001060 -0.6674010 -0.0229629 0.7443444
186.619800 -10.3273172 0.0353059 6.6487012 -0.0027914 -0.6479253 -0.0226925 0.7613607
186.932200 -10.3875351 0.0359505 6.6576490 -0.0052847 -0.6404560 -0.0194582 0.7677302
187.244300 -10.4431210 0.0364327 6.6655207 -0.0077674 -0.6412125 -0.0187757 0.7670943
187.764200 -10.5281096 0.0382594 6.6718516 -0.0109268 -0.6620537 -0.0159423 0.7492071
188.595700 -10.6324978 0.0406730 6.6635847 -0.0095930 -0.7421014 -0.0178114 0.6699823
189.115800 -10.6874876 0.0421152 6.6446848 -0.0053495 -0.8002981 -0.0165714 0.5993494
189.740600 -10.7471848 0.0431348 6.6094089 0.0015598 -0.8566958 -0.0256539 0.5151813
190.470300 -10.8099623 0.0455918 6.5570183 -0.0105583 0.8989986 0.0284043 -0.4369020
190.887500 -10.8453283 0.0465527 6.5247974 -0.0051408 0.9140753 0.0207871 -0.4049789
191.304400 -10.8797054 0.0479902 6.4872675 -0.0025678 0.9290090 0.0168773 -0.3696633
191.723100 -10.9126177 0.0489595 6.4424171 0.0031744 0.9470384 0.0192670 -0.3205262
191.929600 -10.9277048 0.0493044 6.4171805 0.0035765 0.9559945 0.0207533 -0.2926277
192.137900 -10.9420967 0.0503782 6.3892517 0.0060678 0.9647579 0.0187335 -0.2624014
192.345600 -10.9554253 0.0518673 6.3586044 0.0044913 0.9730302 0.0157732 -0.2300939
192.449700 -10.9614182 0.0527681 6.3417993 0.0020090 0.9768053 0.0154121 -0.2135648
192.657900 -10.9745750 0.0537723 6.3054338 0.0060571 0.9832551 0.0164736 -0.1813871
192.762500 -10.9806976 0.0541651 6.2859125 0.0075361 0.9856967 0.0164926 -0.1675508
193.075100 -10.9981117 0.0560141 6.2209225 0.0034388 0.9900029 0.0181444 -0.1398329
193.179500 -11.0044165 0.0568150 6.1972713 0.0047297 0.9907101 0.0185089 -0.1346420
193.388000 -11.0177059 0.0585796 6.1461096 0.0119473 0.9923624 0.0174791 -0.1215257
193.596300 -11.0293360 0.0599759 6.0908055 0.0133206 0.9942053 0.0147081 -0.1056504
193.804800 -11.0401840 0.0623177 6.0295343 0.0158978 0.9957210 0.0156213 -0.0896822
194.013300 -11.0498152 0.0640870 5.9630733 0.0175698 0.9968811 0.0178130 -0.0748472
194.221800 -11.0583258 0.0667575 5.8921962 0.0175664 0.9977330 0.0151049 -0.0631831
194.430500 -11.0664320 0.0689562 5.8170595 0.0176734 0.9981650 0.0151694 -0.0558956
194.639200 -11.0745153 0.0706487 5.7376194 0.0181759 0.9983664 0.0160686 -0.0517301
194.847700 -11.0828238 0.0732249 5.6539073 0.0180263 0.9984924 0.0155033 -0.0494733
195.056300 -11.0910540 0.0756814 5.5663629 0.0198144 0.9985276 0.0163829 -0.0477651
195.264800 -11.0989017 0.0785643 5.4748425 0.0224883 0.9985130 0.0176086 -0.0464333
195.473300 -11.1071625 0.0816308 5.3788052 0.0226106 0.9986301 0.0148374 -0.0447939
195.786100 -11.1189461 0.0853981 5.2272029 0.0194623 0.9987838 0.0148939 -0.0427830
195.994400 -11.1278286 0.0883670 5.1224036 0.0211071 0.9987206 0.0203855 -0.0411833
196.202800 -11.1362085 0.0916697 5.0174942 0.0245569 0.9986707 0.0229351 -0.0390868
196.411200 -11.1438484 0.0944775 4.9132304 0.0241217 0.9988198 0.0201234 -0.0370428
196.619500 -11.1503963 0.0972670 4.8090868 0.0214649 0.9989676 0.0202907 -0.0345157
196.828000 -11.1570520 0.1004608 4.7060986 0.0199852 0.9990591 0.0208755 -0.0323386
197.036300 -11.1628723 0.1032845 4.6026111 0.0208646 0.9991180 0.0211351 -0.0296859
197.244800 -11.1683969 0.1058900 4.4994216 0.0216090 0.9991530 0.0216883 -0.0274952
197.453100 -11.1732407 0.1084797 4.3968897 0.0196567 0.9992280 0.0222652 -0.0257163
197.661500 -11.1778994 0.1113815 4.2947874 0.0181554 0.9992858 0.0223774 -0.0244451
197.869800 -11.1824999 0.1139108 4.1937351 0.0180923 0.9993231 0.0215202 -0.0237274
198.078100 -11.1866503 0.1163065 4.0941978 0.0185941 0.9993314 0.0215514 -0.0229474
198.286400 -11.1911526 0.1186827 3.9943762 0.0193706 0.9993109 0.0231096 -0.0216443
198.494500 -11.1949778 0.1215543 3.8956285 0.0182274 0.9993851 0.0222897 -0.0200070
198.702800 -11.1980877 0.1242483 3.7975531 0.0170398 0.9994304 0.0227789 -0.0181547
198.911000 -11.2001657 0.1264159 3.7003601 0.0168124 0.9994978 0.0211737 -0.0165248
199.119200 -11.2026119 0.1284149 3.6032243 0.0163222 0.9995404 0.0203246 -0.0154728
199.431800 -11.2062769 0.1319373 3.4565690 0.0157436 0.9995114 0.0225742 -0.0148162
199.639900 -11.2078047 0.1348634 3.3605642 0.0149749 0.9995646 0.0197910 -0.0159600
199.952500 -11.2121468 0.1381314 3.2170436 0.0135386 0.9994892 0.0198254 -0.0210966
200.160900 -11.2162313 0.1407631 3.1220853 0.0158569 0.9993953 0.0183335 -0.0249316
200.473300 -11.2236500 0.1444184 2.9799776 0.0163518 0.9991658 0.0239932 -0.0287155
200.785700 -11.2304449 0.1492540 2.8371661 0.0089305 0.9991175 0.0261133 -0.0316631
200.993900 -11.2362986 0.1513650 2.7430828 0.0117139 0.9992415 0.0195499 -0.0315738
201.202300 -11.2420282 0.1546017 2.6480899 0.0129000 0.9991997 0.0210436 -0.0314743
201.514700 -11.2500334 0.1583546 2.5049553 0.0118967 0.9990862 0.0258243 -0.0319107
201.723300 -11.2552814 0.1617092 2.4094467 0.0111047 0.9991067 0.0245972 -0.0325186
202.035500 -11.2635431 0.1654199 2.2698741 0.0126222 0.9991499 0.0240272 -0.0310316
202.243800 -11.2688007 0.1687180 2.1755226 0.0128157 0.9991834 0.0247863 -0.0292222
202.452100 -11.2728376 0.1716347 2.0826793 0.0115715 0.9992387 0.0250036 -0.0276212
202.660400 -11.2770815 0.1745131 1.9908522 0.0109587 0.9993024 0.0247439 -0.0257347
202.868700 -11.2808914 0.1772654 1.8987210 0.0096934 0.9993722 0.0244096 -0.0237755
203.077100 -11.2836380 0.1798675 1.8079422 0.0085472 0.9994082 0.0242882 -0.0228112
203.285500 -11.2869196 0.1827180 1.7179675 0.0081546 0.9994189 0.0247742 -0.0219443
203.598100 -11.2911119 0.1868082 1.5824276 0.0065617 0.9994314 0.0241929 -0.0225484
203.806500 -11.2945108 0.1896538 1.4951227 0.0049295 0.9994317 0.0237114 -0.0234471
204.015000 -11.2980766 0.1921070 1.4062979 0.0035114 0.9993539 0.0243545 -0.0261968
204.223400 -11.3020973 0.1945374 1.3176081 0.0039517 0.9992493 0.0250158 -0.0293154
204.431900 -11.3068829 0.1974969 1.2296648 0.0040612 0.9991767 0.0243623 -0.0321857
204.640500 -11.3121824 0.2001499 1.1428554 0.0040091 0.9991223 0.0240138 -0.0340858
204.848800 -11.3179379 0.2026306 1.0574656 0.0043842 0.9990718 0.0240431 -0.0354727
205.057100 -11.3238487 0.2049040 0.9715641 0.0046821 0.9990322 0.0240576 -0.0365244
205.265300 -11.3298893 0.2074139 0.8859748 0.0053631 0.9990090 0.0232187 -0.0375923
205.473600 -11.3354483 0.2101579 0.8009125 0.0059161 0.9989944 0.0241962 -0.0372807
205.785700 -11.3423300 0.2150137 0.6740702 0.0073607 0.9992239 0.0236965 -0.0305906
206.097700 -11.3474083 0.2188615 0.5480124 0.0078072 0.9995391 0.0240838 -0.0167501
206.305800 -11.3475695 0.2223740 0.4637573 0.0076801 0.9996480 0.0245618 -0.0064472
206.617900 -11.3459282 0.2253237 0.3401779 0.0096796 0.9996505 0.0219431 0.0111240
206.722100 -11.3441000 0.2262415 0.2991261 0.0103862 0.9995465 0.0219075 0.0178583
206.929800 -11.3385410 0.2282659 0.2173943 0.0125003 0.9990522 0.0235236 0.0344261
207.137600 -11.3300657 0.2305630 0.1360518 0.0135279 0.9982255 0.0215050 0.0538562
207.345600 -11.3179035 0.2325751 0.0555769 0.0127546 0.9969327 0.0216989 0.0741060
207.553700 -11.3024740 0.2345352 -0.0250826 0.0129168 0.9951355 0.0217763 0.0952065
207.761600 -11.2837887 0.2362400 -0.1049659 0.0134013 0.9927430 0.0209542 0.1176550
207.969500 -11.2605934 0.2379751 -0.1849360 0.0133406 0.9897795 0.0187887 0.1407323
208.073600 -11.2479048 0.2387532 -0.2246871 0.0132319 0.9880506 0.0186033 0.1524295
208.281600 -11.2191305 0.2403460 -0.3042023 0.0129595 0.9841332 0.0194554 0.1758846
208.385700 -11.2031069 0.2411593 -0.3437967 0.0133928 0.9819413 0.0201879 0.1876283
208.593700 -11.1683197 0.2425389 -0.4222450 0.0153355 0.9770828 0.0198409 0.2113771
208.802200 -11.1289644 0.2439580 -0.4997897 0.0148115 0.9718167 0.0200691 0.2344145
209.010200 -11.0856543 0.2455366 -0.5760555 0.0140072 0.9666355 0.0178397 0.2551498
209.218200 -11.0384808 0.2465642 -0.6521382 0.0133785 0.9612771 0.0160311 0.2747915
209.426600 -10.9878235 0.2474392 -0.7277803 0.0121714 0.9566288 0.0151500 0.2906608
209.635200 -10.9338388 0.2480122 -0.8041058 0.0090647 0.9533550 0.0147769 0.3013533
209.843700 -10.8777084 0.2489361 -0.8805246 0.0075478 0.9514734 0.0137852 0.3073295
210.052200 -10.8206959 0.2494371 -0.9573660 0.0080408 0.9504094 0.0121172 0.3106615
210.260700 -10.7620554 0.2499874 -1.0357585 0.0083828 0.9497619 0.0114991 0.3126497
210.469100 -10.7025394 0.2501103 -1.1152978 0.0070794 0.9494594 0.0119551 0.3135822
210.677500 -10.6430149 0.2499017 -1.1940079 0.0058837 0.9497162 0.0116665 0.3128393
210.886000 -10.5833321 0.2499329 -1.2741175 0.0046263 0.9508312 0.0115306 0.3094604
211.094400 -10.5242682 0.2503893 -1.3555379 0.0033560 0.9526230 0.0121160 0.3038938
211.406900 -10.4389162 0.2508118 -1.4773772 0.0024164 0.9558644 0.0117317 0.2935638
211.719600 -10.3569345 0.2514281 -1.6008816 0.0030652 0.9596279 0.0130731 0.2809519
211.927900 -10.3045483 0.2516903 -1.6847184 0.0068679 0.9614753 0.0143036 0.2744332
212.136100 -10.2533340 0.2521848 -1.7684877 0.0102033 0.9621494 0.0149262 0.2719219
212.344200 -10.2029209 0.2532496 -1.8516481 0.0112846 0.9625914 0.0159188 0.2702538
212.552400 -10.1531658 0.2531542 -1.9340198 0.0139839 0.9629440 0.0167693 0.2688159
212.864600 -10.0790062 0.2540786 -2.0568845 0.0186712 0.9631228 0.0178042 0.2678224
213.072700 -10.0298986 0.2549033 -2.1370585 0.0197517 0.9632211 0.0181613 0.2673669
213.280800 -9.9816494 0.2555712 -2.2172220 0.0217441 0.9633082 0.0194990 0.2668040
213.489000 -9.9350424 0.2558951 -2.2952507 0.0225509 0.9634107 0.0202979 0.2663066
213.697100 -9.8889065 0.2564210 -2.3716908 0.0228160 0.9633504 0.0209073 0.2664552
213.905100 -9.8447218 0.2573234 -2.4443936 0.0237795 0.9623470 0.0220710 0.2698808
214.113100 -9.8023186 0.2581360 -2.5119596 0.0241578 0.9606997 0.0231630 0.2755648
214.321100 -9.7611942 0.2584504 -2.5756345 0.0255656 0.9585532 0.0220447 0.2829067
214.529200 -9.7217312 0.2586592 -2.6340516 0.0240589 0.9566675 0.0232269 0.2892560
214.737400 -9.6842051 0.2590432 -2.6878040 0.0230392 0.9547896 0.0222953 0.2955485
214.945500 -9.6490908 0.2589820 -2.7366321 0.0223118 0.9529713 0.0217892 0.3014518
215.153700 -9.6160164 0.2593494 -2.7819819 0.0224983 0.9510983 0.0219612 0.3072841
215.362200 -9.5846272 0.2595722 -2.8239007 0.0231663 0.9485442 0.0226388 0.3149837
215.466200 -9.5694323 0.2599058 -2.8433440 0.0233716 0.9469219 0.0222801 0.3198380
215.674000 -9.5395231 0.2599273 -2.8790097 0.0239163 0.9428942 0.0211668 0.3315578
215.882200 -9.5102501 0.2599065 -2.9131260 0.0241465 0.9382161 0.0195095 0.3446547
216.090300 -9.4807253 0.2599924 -2.9447217 0.0253044 0.9327866 0.0189644 0.3590392
216.402400 -9.4387312 0.2595003 -2.9856393 0.0270786 0.9218555 0.0189988 0.3861194
216.610300 -9.4116278 0.2591846 -3.0083606 0.0268451 0.9120050 0.0188543 0.4088651
216.923100 -9.3743410 0.2581804 -3.0338342 0.0215720 0.8952838 0.0146381 0.4447329
217.234800 -9.3416729 0.2572209 -3.0526237 0.0200637 0.8793072 0.0084014 0.4757581
217.547200 -9.3088675 0.2562977 -3.0682700 0.0179390 0.8600650 0.0075663 0.5098128
217.755500 -9.2867718 0.2558115 -3.0762541 0.0139578 0.8449299 0.0062914 0.5346580
217.963700 -9.2645512 0.2550673 -3.0832322 0.0118441 0.8293136 0.0056385 0.5586295
218.172000 -9.2415352 0.2544748 -3.0889611 0.0099627 0.8128842 0.0031450 0.5823317
218.380200 -9.2170610 0.2540781 -3.0935979 0.0098986 0.7950381 0.0015954 0.6064767
218.588500 -9.1908760 0.2532218 -3.0979021 0.0115556 0.7761682 0.0014260 0.6304185
218.796700 -9.1617689 0.2525177 -3.1007736 0.0133385 0.7559754 0.0001167 0.6544641
219.004900 -9.1303225 0.2516451 -3.1019471 0.0146399 0.7349854 -0.0009322 0.6779242
219.213100 -9.0961866 0.2506897 -3.1014588 0.0157915 0.7133141 -0.0018773 0.7006641
219.421400 -9.0583591 0.2498544 -3.0982802 0.0142517 0.6914164 -0.0041526 0.7223039
219.629700 -9.0168982 0.2486680 -3.0936458 0.0124756 0.6707029 -0.0019080 0.7416188
219.838100 -8.9720726 0.2472886 -3.0863466 0.0127520 0.6527786 0.0002873 0.7574413
220.046600 -8.9236670 0.2459993 -3.0759361 0.0120064 0.6360217 0.0005390 0.7715776
220.255100 -8.8713427 0.2450936 -3.0625329 0.0121534 0.6172962 0.0005181 0.7866368
220.463500 -8.8147383 0.2433713 -3.0459197 0.0119222 0.5963188 0.0064612 0.8026332
220.671700 -8.7555752 0.2421165 -3.0245843 0.0119285 0.5741009 0.0130846 0.8185931
220.880200 -8.6945581 0.2409354 -2.9990406 0.0174367 0.5498541 0.0164779 0.8349161
221.088500 -8.6317339 0.2397481 -2.9687095 0.0242498 0.5259666 0.0178491 0.8499720
221.296900 -8.5661869 0.2373919 -2.9320874 0.0217122 0.5057041 0.0183297 0.8622389
221.401400 -8.5329523 0.2361483 -2.9121811 0.0199967 0.4971428 0.0184952 0.8672411
221.610100 -8.4641991 0.2339002 -2.8688779 0.0187581 0.4839583 0.0167891 0.8747289
221.818800 -8.3938379 0.2318663 -2.8220019 0.0175855 0.4765614 0.0124423 0.8788772
222.027700 -8.3204041 0.2296415 -2.7731493 0.0148536 0.4746453 0.0103493 0.8799909
222.241200 -8.2452335 0.2269382 -2.7239060 0.0155919 0.4753881 0.0084787 0.8795972
222.445200 -8.1673365 0.2245413 -2.6732068 0.0165391 0.4760911 0.0081674 0.8792025
222.653900 -8.0871162 0.2219339 -2.6212268 0.0138510 0.4771341 0.0085631 0.8786796
222.862400 -8.0043907 0.2191823 -2.5676701 0.0123677 0.4787456 0.0072948 0.8778362
223.070900 -7.9200001 0.2160262 -2.5131426 0.0132938 0.4810570 0.0048023 0.8765754
223.279400 -7.8324127 0.2131460 -2.4572396 0.0123401 0.4841827 0.0026745 0.8748758
223.488000 -7.7431841 0.2106500 -2.4014964 0.0076778 0.4884608 0.0026248 0.8725481
223.696300 -7.6516500 0.2082474 -2.3460042 0.0078330 0.4939434 0.0027467 0.8694544
223.904700 -7.5582471 0.2057211 -2.2923012 0.0080949 0.4987589 0.0047185 0.8666902
224.113300 -7.4633956 0.2032140 -2.2381158 0.0077110 0.5043792 0.0074955 0.8634154
224.321300 -7.3674903 0.2006891 -2.1848769 0.0088675 0.5105992 0.0058475 0.8597533
224.529600 -7.2708769 0.1973383 -2.1329958 0.0081742 0.5175282 0.0053328 0.8556105
224.737700 -7.1740112 0.1951166 -2.0834394 0.0073532 0.5238609 0.0063710 0.8517483
224.945800 -7.0773997 0.1926584 -2.0349319 0.0047008 0.5293531 0.0062844 0.8483653
225.153800 -6.9805527 0.1909237 -1.9877356 0.0029639 0.5327848 0.0065732 0.8462200
225.361700 -6.8853931 0.1886603 -1.9425161 0.0109402 0.5338348 0.0071633 0.8454877
225.569800 -6.7905693 0.1858874 -1.8973941 0.0102576 0.5339421 0.0088003 0.8454130
225.673700 -6.7432861 0.1845985 -1.8748375 0.0090453 0.5343242 0.0085343 0.8451882
225.881700 -6.6490259 0.1824757 -1.8297534 0.0080754 0.5351881 0.0079581 0.8446568
225.986100 -6.6014500 0.1813955 -1.8070462 0.0097817 0.5352426 0.0074784 0.8446087
226.089900 -6.5552330 0.1801168 -1.7857282 0.0125989 0.5350941 0.0073529 0.8446665
226.193900 -6.5082107 0.1784297 -1.7632792 0.0144910 0.5354306 0.0073167 0.8444232
226.297800 -6.4614615 0.1771329 -1.7410904 0.0149789 0.5358422 0.0073762 0.8441530
226.505900 -6.3678517 0.1739431 -1.6976233 0.0136748 0.5360084 0.0085976 0.8440581
226.714100 -6.2747593 0.1709077 -1.6538050 0.0139999 0.5367761 0.0095209 0.8435549
226.922100 -6.1817064 0.1676494 -1.6106272 0.0154459 0.5369403 0.0086880 0.8434340
227.130200 -6.0887132 0.1644952 -1.5673524 0.0130564 0.5373955 0.0093717 0.8431772
227.338400 -5.9976311 0.1615006 -1.5249547 0.0119416 0.5371434 0.0104112 0.8433422
227.546300 -5.9077754 0.1585861 -1.4830512 0.0145481 0.5355480 0.0103907 0.8443155
227.754500 -5.8191571 0.1552605 -1.4407016 0.0141887 0.5341811 0.0107374 0.8451828
227.962600 -5.7325716 0.1521909 -1.3989968 0.0131466 0.5328689 0.0102088 0.8460341
228.170900 -5.6467295 0.1491331 -1.3575327 0.0126902 0.5331755 0.0065340 0.8458843
228.483200 -5.5182986 0.1451080 -1.2965263 0.0035987 0.5405674 0.0035778 0.8412854
228.691700 -5.4338522 0.1426008 -1.2588432 0.0066389 0.5486736 -0.0030941 0.8360046
228.900100 -5.3474550 0.1398683 -1.2232518 0.0029032 0.5575342 -0.0030661 0.8301433
229.212500 -5.2167501 0.1360875 -1.1728737 0.0051273 0.5689943 -0.0023698 0.8223220
229.420600 -5.1286368 0.1336137 -1.1409957 0.0065691 0.5731960 0.0029359 0.8193867
229.628900 -5.0406747 0.1314168 -1.1090357 0.0050704 0.5769132 0.0009719 0.8167892
229.837100 -4.9531484 0.1289875 -1.0782932 0.0076542 0.5807408 -0.0037519 0.8140439
230.045200 -4.8648057 0.1261438 -1.0480454 0.0058509 0.5828532 -0.0025968 0.8125523
230.253300 -4.7757263 0.1236431 -1.0185468 0.0039997 0.5834684 -0.0008112 0.8121256
230.461600 -4.6876478 0.1217257 -0.9886000 -0.0016044 0.5852835 -0.0050614 0.8108113
230.774000 -4.5556278 0.1177001 -0.9463007 0.0048031 0.5918779 -0.0129537 0.8059093
230.982300 -4.4664941 0.1146433 -0.9198837 0.0051424 0.5974045 -0.0089611 0.8018735
231.190900 -4.3770576 0.1113582 -0.8942128 0.0037941 0.6039958 -0.0072949 0.7969451
231.399400 -4.2875776 0.1083828 -0.8697608 0.0042424 0.6111619 -0.0064029 0.7914683
231.607700 -4.1960602 0.1054199 -0.8468695 0.0051395 0.6175540 -0.0059468 0.7864892
231.815900 -4.1036525 0.1023188 -0.8253229 0.0045204 0.6231065 -0.0038585 0.7821144
232.024100 -4.0118980 0.0996142 -0.8061143 0.0045880 0.6278261 -0.0023750 0.7783365
232.232300 -3.9198127 0.0972070 -0.7866166 0.0075861 0.6305794 -0.0008779 0.7760872
232.440500 -3.8284988 0.0944082 -0.7681944 0.0095273 0.6323913 0.0005676 0.7745903
232.544600 -3.7831600 0.0928625 -0.7595245 0.0080823 0.6333051 0.0023996 0.7738562
232.752900 -3.6929395 0.0899486 -0.7418444 0.0064650 0.6355917 0.0042866 0.7719864
232.856900 -3.6470876 0.0889786 -0.7331675 0.0076280 0.6367478 0.0045261 0.7710211
233.065000 -3.5564244 0.0870063 -0.7161708 0.0079541 0.6387708 0.0056042 0.7693355
233.169100 -3.5110686 0.0861828 -0.7083793 0.0077964 0.6392149 0.0062084 0.7689636
233.377100 -3.4203367 0.0842313 -0.6920609 0.0083168 0.6407226 0.0052571 0.7677094
233.585300 -3.3297966 0.0823223 -0.6756486 0.0084984 0.6419477 0.0041053 0.7666904
233.793200 -3.2385314 0.0799267 -0.6599612 0.0080066 0.6432681 0.0070233 0.7655669
234.001200 -3.1469474 0.0778416 -0.6451406 0.0095489 0.6441844 0.0076601 0.7647722
234.313200 -3.0117579 0.0746682 -0.6232607 0.0120287 0.6461251 0.0093284 0.7630797
234.521300 -2.9222622 0.0728287 -0.6090816 0.0096837 0.6474620 0.0101159 0.7619690
234.833700 -2.7883816 0.0695525 -0.5899449 0.0123673 0.6491219 0.0083408 0.7605381
235.041400 -2.6991482 0.0674096 -0.5768222 0.0138632 0.6509971 0.0079720 0.7589117
235.249300 -2.6106501 0.0647297 -0.5637177 0.0127435 0.6531827 0.0056948 0.7570717
235.353500 -2.5666380 0.0635413 -0.5575255 0.0117760 0.6543424 0.0062922 0.7560806
235.561500 -2.4780576 0.0609339 -0.5452170 0.0112427 0.6560249 0.0060026 0.7546316
235.665500 -2.4339173 0.0595917 -0.5393919 0.0126657 0.6565767 0.0052469 0.7541347
235.769400 -2.3901434 0.0584070 -0.5335547 0.0137085 0.6574433 0.0048143 0.7533638
235.977600 -2.3040009 0.0556881 -0.5224810 0.0139866 0.6588173 0.0056283 0.7521519
236.081600 -2.2604704 0.0544516 -0.5167286 0.0142837 0.6595933 0.0067352 0.7514567
236.290500 -2.1738076 0.0521034 -0.5067863 0.0139275 0.6607505 0.0084093 0.7504292
236.497800 -2.0869932 0.0497861 -0.4975795 0.0154613 0.6616881 0.0087631 0.7495686
236.809900 -1.9596068 0.0455066 -0.4841271 0.0170627 0.6626308 0.0087854 0.7487003
236.914000 -1.9178810 0.0445387 -0.4792030 0.0166928 0.6630327 0.0091339 0.7483486
237.226100 -1.7965589 0.0414156 -0.4664784 0.0167999 0.6640059 0.0090320 0.7474841
237.330200 -1.7565006 0.0404022 -0.4620730 0.0169779 0.6644126 0.0093603 0.7471145
237.538300 -1.6803254 0.0380350 -0.4537392 0.0147592 0.6649472 0.0130705 0.7466301
237.747400 -1.6070429 0.0374145 -0.4461806 0.0125441 0.6656686 0.0159483 0.7459716
237.954600 -1.5364618 0.0361589 -0.4394179 0.0134975 0.6661930 0.0152277 0.7455017
238.162700 -1.4698702 0.0354391 -0.4323437 0.0148377 0.6669002 0.0119611 0.7449033
238.475100 -1.3755463 0.0331160 -0.4235343 0.0161040 0.6667744 0.0120189 0.7449887
238.787500 -1.2884693 0.0303015 -0.4136778 0.0141438 0.6655805 0.0133222 0.7460731
239.204200 -1.1829940 0.0271613 -0.4016269 0.0161014 0.6665761 0.0111424 0.7451797
239.412800 -1.1338770 0.0259549 -0.3966449 0.0177544 0.6680163 0.0121688 0.7438353
239.621100 -1.0879302 0.0242849 -0.3924060 0.0184931 0.6693090 0.0149550 0.7426034
239.829500 -1.0450332 0.0230311 -0.3881303 0.0195240 0.6706460 0.0142839 0.7413830
240.037800 -1.0061969 0.0216901 -0.3846139 0.0206555 0.6718696 0.0126622 0.7402732
240.246200 -0.9721270 0.0201580 -0.3812717 0.0240304 0.6726033 0.0097375 0.7395489
240.558700 -0.9274228 0.0185502 -0.3773009 0.0251891 0.6721659 0.0084476 0.7399238
240.767000 -0.9023561 0.0173954 -0.3742106 0.0252016 0.6698664 0.0073662 0.7420172
241.183100 -0.8576984 0.0150802 -0.3676512 0.0229563 0.6571777 0.0063566 0.7533592
241.391100 -0.8372306 0.0141440 -0.3635035 0.0241298 0.6463330 0.0063370 0.7626476
241.599100 -0.8176533 0.0133816 -0.3579629 0.0218079 0.6327218 0.0051908 0.7740546
249.519700 -0.7749708 0.0111911 -0.3447475 0.0195259 0.6103782 0.0016708 0.7918677
250.248700 -0.7590306 0.0103997 -0.3383466 0.0227622 0.5949434 -0.0033400 0.8034382
250.664600 -0.7322844 0.0090141 -0.3257238 0.0218720 0.5619658 -0.0031032 0.8268654
250.872200 -0.7141128 0.0083078 -0.3156410 0.0196244 0.5368045 -0.0009935 0.8434778
251.080000 -0.6936198 0.0074573 -0.3022593 0.0169618 0.5059201 -0.0007131 0.8624133
251.391500 -0.6600480 0.0053363 -0.2747298 0.0109264 0.4505233 -0.0046383 0.8926857
251.599000 -0.6363970 0.0044944 -0.2513666 0.0085224 0.4070811 -0.0060328 0.9133323
251.910600 -0.6011608 0.0029964 -0.2079154 0.0092353 0.3372546 -0.0077681 0.9413362
252.118500 -0.5777028 0.0021703 -0.1719442 0.0051892 0.2899096 -0.0061001 0.9570205
252.326600 -0.5566571 0.0015002 -0.1300415 0.0052304 0.2431605 -0.0062807 0.9699516
252.534700 -0.5374193 0.0003826 -0.0817035 0.0035506 0.1987258 -0.0052013 0.9800349
252.743200 -0.5194088 -0.0000568 -0.0277285 0.0026837 0.1596124 -0.0022565 0.9871736
252.951700 -0.5040299 -0.0010977 0.0311149 0.0046812 0.1238950 0.0043507 0.9922748
253.264300 -0.4868571 -0.0027339 0.1312146 0.0054365 0.0721748 0.0085284 0.9973407
254.621100 -0.4896433 -0.0156623 0.6776966 0.0095925 -0.0193217 -0.0042011 0.9997585
255.767800 -0.5165342 -0.0264547 1.2467902 0.0008281 -0.0268729 -0.0032068 0.9996334
256.809300 -0.5482472 -0.0368871 1.7650609 0.0050071 -0.0304455 -0.0020003 0.9995219
258.996100 -0.6141985 -0.0595716 2.8206265 0.0014729 -0.0328294 0.0000364 0.9994599
259.725200 -0.6378295 -0.0659561 3.1595075 0.0012256 -0.0351342 -0.0001635 0.9993818
260.558300 -0.6651063 -0.0729403 3.5391650 -0.0000165 -0.0326837 0.0002019 0.9994657
260.975000 -0.6770899 -0.0765026 3.7261972 0.0039378 -0.0296355 -0.0017499 0.9995515
261.391700 -0.6876326 -0.0815234 3.9117513 0.0020867 -0.0248982 -0.0025118 0.9996846
261.808300 -0.6954200 -0.0859710 4.0951753 0.0085511 -0.0201456 0.0011908 0.9997598
262.120700 -0.7018063 -0.0908612 4.2309127 0.0119184 -0.0193808 -0.0005242 0.9997410
262.433200 -0.7077534 -0.0952044 4.3712354 0.0044115 -0.0196694 -0.0033797 0.9997911
262.745600 -0.7122522 -0.0970366 4.5154099 -0.0029550 -0.0225950 -0.0027594 0.9997365
263.058100 -0.7185982 -0.0981355 4.6629543 -0.0011433 -0.0247332 0.0008570 0.9996930
263.370700 -0.7252629 -0.1006039 4.8129950 0.0123432 -0.0260911 0.0026012 0.9995800
263.579100 -0.7308950 -0.1041583 4.9160767 0.0083691 -0.0267466 0.0020246 0.9996052
263.787300 -0.7362707 -0.1067771 5.0210609 0.0054867 -0.0278822 0.0021019 0.9995940
263.995700 -0.7425231 -0.1095975 5.1265206 0.0078231 -0.0293975 0.0011898 0.9995365
264.204000 -0.7491829 -0.1124430 5.2337804 0.0040495 -0.0311255 0.0007115 0.9995070
264.412200 -0.7561018 -0.1147376 5.3405786 0.0029059 -0.0329249 0.0001974 0.9994536
264.620500 -0.7632595 -0.1172185 5.4487443 0.0034271 -0.0348036 0.0004323 0.9993882
264.828700 -0.7705010 -0.1196091 5.5567203 0.0022533 -0.0365940 0.0000034 0.9993277
264.932800 -0.7742962 -0.1209639 5.6099501 0.0020655 -0.0366400 -0.0002961 0.9993263
265.141200 -0.7826650 -0.1236771 5.7160392 0.0043325 -0.0365895 -0.0008198 0.9993207
265.349500 -0.7910504 -0.1263434 5.8218474 0.0013772 -0.0372644 0.0001929 0.9993045
265.453600 -0.7947550 -0.1271754 5.8752661 -0.0004939 -0.0383710 0.0008467 0.9992631
265.661800 -0.8031951 -0.1294649 5.9808607 -0.0001718 -0.0399384 0.0007485 0.9992018
265.766000 -0.8079488 -0.1308797 6.0329819 0.0014958 -0.0403887 0.0003638 0.9991829
265.870100 -0.8119121 -0.1319975 6.0847573 0.0030185 -0.0404975 0.0000692 0.9991751
266.078300 -0.8206107 -0.1347313 6.1872087 0.0018508 -0.0390583 -0.0002191 0.9992352
266.182600 -0.8246478 -0.1358203 6.2382855 0.0013112 -0.0383963 -0.0000946 0.9992617
266.391000 -0.8322247 -0.1384861 6.3391705 0.0016974 -0.0369869 -0.0003987 0.9993142
266.599200 -0.8395609 -0.1406643 6.4395742 0.0011673 -0.0354675 -0.0012669 0.9993693
266.807600 -0.8471447 -0.1429113 6.5383601 0.0025119 -0.0340940 -0.0025891 0.9994121
267.016000 -0.8540705 -0.1452892 6.6368980 0.0040552 -0.0324541 -0.0028742 0.9994609
267.224300 -0.8609044 -0.1477794 6.7336321 0.0068651 -0.0304042 -0.0018810 0.9995123
267.432700 -0.8667560 -0.1506419 6.8309970 0.0048234 -0.0286054 -0.0001913 0.9995791
267.641100 -0.8720446 -0.1537514 6.9279160 0.0066567 -0.0281142 -0.0028656 0.9995785
267.849300 -0.8785101 -0.1565563 7.0249763 0.0118866 -0.0278262 -0.0085215 0.9995058
268.057600 -0.8847085 -0.1601643 7.1233191 0.0101985 -0.0294530 -0.0104999 0.9994590
268.266000 -0.8902646 -0.1628970 7.2220922 0.0090895 -0.0318579 -0.0061997 0.9994318
268.474200 -0.8964566 -0.1654067 7.3205738 0.0034974 -0.0338032 -0.0037505 0.9994153
268.682600 -0.9028381 -0.1665532 7.4189801 -0.0036304 -0.0356888 0.0005026 0.9993562
268.995100 -0.9144074 -0.1687778 7.5670156 0.0036751 -0.0379578 0.0020682 0.9992704
269.203500 -0.9227034 -0.1709729 7.6671047 0.0070240 -0.0372722 0.0010422 0.9992799
270.349200 -0.9651978 -0.1882031 8.2514286 0.0105090 -0.0349367 0.0022062 0.9993318
271.286500 -0.9995162 -0.2027062 8.7299089 0.0046363 -0.0340090 -0.0030467 0.9994061
271.911400 -1.0199201 -0.2107278 9.0334558 0.0041137 -0.0314773 -0.0023827 0.9994931
272.640500 -1.0404725 -0.2195677 9.3559570 0.0063841 -0.0304416 -0.0035218 0.9995099
273.161500 -1.0527432 -0.2258336 9.5809965 0.0056692 -0.0280327 0.0020723 0.9995888
273.578400 -1.0608423 -0.2314348 9.7596359 0.0067719 -0.0249270 0.0052621 0.9996525
273.995000 -1.0694191 -0.2381458 9.9377127 0.0202510 -0.0275612 0.0062776 0.9993953
274.411500 -1.0836563 -0.2460574 10.1160603 0.0058457 -0.0432729 0.0007185 0.9990459
274.724000 -1.0969557 -0.2485515 10.2459068 0.0016548 -0.0529852 -0.0004312 0.9985938
274.932600 -1.1077342 -0.2499917 10.3375216 0.0057533 -0.0530925 -0.0047068 0.9985619
275.245600 -1.1219262 -0.2533415 10.4796982 0.0071499 -0.0493131 -0.0000936 0.9987578
275.454100 -1.1315166 -0.2559212 10.5766850 0.0113786 -0.0473861 0.0034002 0.9988061
275.662600 -1.1408925 -0.2588904 10.6765566 0.0120677 -0.0461429 0.0026075 0.9988586
275.871100 -1.1507764 -0.2620780 10.7773895 0.0084232 -0.0450669 0.0010606 0.9989479
276.079600 -1.1596001 -0.2650916 10.8806744 0.0077219 -0.0443585 0.0038526 0.9989784
276.183900 -1.1639986 -0.2666401 10.9325171 0.0092799 -0.0441480 0.0058435 0.9989648
276.392200 -1.1733327 -0.2700402 11.0380163 0.0131288 -0.0441749 0.0067852 0.9989145
276.496500 -1.1782162 -0.2719548 11.0912771 0.0115610 -0.0439848 0.0053334 0.9989511
276.600600 -1.1835011 -0.2737810 11.1448174 0.0087505 -0.0434766 0.0042950 0.9990069
276.809000 -1.1930089 -0.2773422 11.2513189 0.0054941 -0.0433286 0.0037208 0.9990388
277.017400 -1.2027407 -0.2804216 11.3575478 0.0051359 -0.0431837 0.0026145 0.9990506
277.225700 -1.2123277 -0.2836034 11.4619446 0.0083610 -0.0428882 0.0026840 0.9990413
277.434000 -1.2218714 -0.2874415 11.5662689 0.0103324 -0.0425709 0.0026594 0.9990365
277.642400 -1.2309479 -0.2914128 11.6677370 0.0063474 -0.0422519 0.0056048 0.9990711
277.954900 -1.2449667 -0.2956737 11.8196201 0.0080212 -0.0415622 0.0010116 0.9991032
278.267400 -1.2580968 -0.3017312 11.9677830 0.0070089 -0.0410665 -0.0014116 0.9991308
278.579900 -1.2703189 -0.3061680 12.1128616 0.0041190 -0.0429086 0.0006957 0.9990703
278.788100 -1.2789760 -0.3093326 12.2059650 0.0061418 -0.0441995 0.0002316 0.9990038
279.100400 -1.2919278 -0.3139237 12.3420153 0.0031367 -0.0463065 -0.0005264 0.9989222
279.412800 -1.3048855 -0.3172550 12.4713755 0.0001315 -0.0475136 -0.0010034 0.9988701
279.725100 -1.3176298 -0.3202711 12.5965891 0.0052605 -0.0482666 -0.0002462 0.9988206
279.933500 -1.3258860 -0.3225986 12.6796799 0.0045416 -0.0483960 -0.0001437 0.9988179
280.142000 -1.3345686 -0.3251162 12.7622519 0.0061544 -0.0464672 -0.0024792 0.9988978
280.350400 -1.3428960 -0.3280155 12.8441143 0.0115408 -0.0443673 -0.0055319 0.9989333
280.558800 -1.3502954 -0.3310608 12.9260445 0.0128384 -0.0419216 -0.0080331 0.9990061
280.767200 -1.3577144 -0.3345245 13.0085878 0.0112729 -0.0387513 -0.0091527 0.9991434
280.975600 -1.3636262 -0.3376527 13.0916634 0.0096564 -0.0356241 -0.0071102 0.9992933
281.184000 -1.3696089 -0.3401795 13.1760035 0.0090940 -0.0323784 -0.0062935 0.9994145
281.392400 -1.3748219 -0.3425192 13.2616358 0.0064912 -0.0290337 -0.0071668 0.9995317
281.600700 -1.3798966 -0.3448403 13.3484964 0.0081951 -0.0251977 -0.0088535 0.9996097
281.809300 -1.3841194 -0.3468494 13.4368649 0.0085661 -0.0211376 -0.0072359 0.9997137
282.017600 -1.3874629 -0.3495651 13.5278149 0.0089440 -0.0172903 -0.0051411 0.9997973
282.226000 -1.3905313 -0.3525358 13.6187134 0.0165020 -0.0133321 -0.0043883 0.9997653
282.434500 -1.3931179 -0.3564368 13.7132940 0.0113840 -0.0089578 -0.0051499 0.9998818
282.642900 -1.3942615 -0.3599237 13.8081350 0.0126482 -0.0048079 -0.0050845 0.9998955
282.851200 -1.3950788 -0.3638119 13.9037924 0.0159565 -0.0005887 -0.0054380 0.9998577
283.059600 -1.3950034 -0.3682945 14.0018053 0.0169374 0.0036771 -0.0056697 0.9998337
283.268000 -1.3934854 -0.3725883 14.1014376 0.0113880 0.0078408 -0.0052647 0.9998906
283.476400 -1.3916999 -0.3762216 14.2020788 0.0096972 0.0117782 -0.0048705 0.9998717
283.684800 -1.3893317 -0.3797140 14.3026991 0.0116290 0.0144362 -0.0022356 0.9998257
283.997100 -1.3853915 -0.3859966 14.4572144 0.0143174 0.0158125 -0.0025382 0.9997693
284.205400 -1.3826942 -0.3898637 14.5616484 0.0121720 0.0165794 -0.0023542 0.9997857
284.517700 -1.3775039 -0.3962173 14.7211037 0.0140628 0.0158987 -0.0004831 0.9997746
284.726000 -1.3748074 -0.4007801 14.8272781 0.0110272 0.0156236 0.0000361 0.9998171
285.038200 -1.3702600 -0.4069042 14.9868031 0.0088276 0.0141637 0.0019310 0.9998589
285.246400 -1.3684410 -0.4107123 15.0915670 0.0107695 0.0133786 0.0000356 0.9998525
285.454600 -1.3663049 -0.4150457 15.1965075 0.0107598 0.0120121 -0.0003531 0.9998699
285.662700 -1.3643584 -0.4192862 15.3008184 0.0102781 0.0107667 -0.0017257 0.9998877
285.871000 -1.3632085 -0.4235859 15.4041224 0.0110034 0.0094608 -0.0032021 0.9998896
286.079200 -1.3623434 -0.4278977 15.5067816 0.0101203 0.0077611 -0.0028147 0.9999147
286.287400 -1.3620214 -0.4318597 15.6080589 0.0148983 0.0055704 -0.0011216 0.9998729
286.495600 -1.3611825 -0.4361064 15.7104034 0.0073889 0.0037331 0.0002431 0.9999657
286.703900 -1.3614625 -0.4389681 15.8112240 0.0021692 0.0029883 -0.0009909 0.9999927
286.912200 -1.3625613 -0.4417064 15.9105206 0.0084038 0.0024705 -0.0072393 0.9999354
287.120500 -1.3631359 -0.4455776 16.0089626 0.0102603 0.0020244 -0.0101647 0.9998937
287.328700 -1.3638463 -0.4488696 16.1072559 0.0068659 0.0012466 -0.0131167 0.9998896
287.537000 -1.3643689 -0.4521078 16.2037621 0.0069539 -0.0004883 -0.0137361 0.9998813
