3.630286 0.0000000 0.0000000 0.0000000 0.0000000 0.0000000 0.0000000 1.0000000
3.837524 0.0015819 -0.0005600 0.0468507 0.0006901 0.0269306 0.0036281 0.9996305
3.941290 0.0159796 -0.0011312 0.0626793 0.0012330 0.0286564 0.0067347 0.9995659
4.148625 0.0265126 -0.0011530 0.1083478 0.0015773 0.0433513 0.0122480 0.9989836
4.355974 0.0406789 -0.0028316 0.1523366 0.0002210 0.0513761 0.0156896 0.9985561
4.459609 0.0474750 -0.0036469 0.1742202 -0.0009297 0.0545435 0.0161927 0.9983796
4.563217 0.0541862 -0.0040308 0.1964297 -0.0010220 0.0573173 0.0164436 0.9982201
4.666947 0.0606061 -0.0043392 0.2188248 0.0001736 0.0597849 0.0166324 0.9980727
4.770559 0.0674474 -0.0043668 0.2417082 0.0019468 0.0614934 0.0171699 0.9979579
4.874319 0.0747972 -0.0046064 0.2649316 0.0029852 0.0623283 0.0177152 0.9978940
4.977967 0.0820871 -0.0043983 0.2884752 0.0039021 0.0620914 0.0179656 0.9979011
5.081656 0.0890064 -0.0043866 0.3125492 0.0044099 0.0611286 0.0179197 0.9979593
5.185269 0.0959781 -0.0042437 0.3367955 0.0055967 0.0594686 0.0188994 0.9980356
5.392622 0.1085975 -0.0040465 0.3856758 0.0073703 0.0558135 0.0186800 0.9982392
5.600026 0.1218805 -0.0036937 0.4363231 0.0069216 0.0487427 0.0187235 0.9986119
5.807340 0.1296672 -0.0040466 0.4858466 0.0072696 0.0450795 0.0199130 0.9987584
5.910955 0.1326731 -0.0036186 0.5104839 0.0083655 0.0433519 0.0195161 0.9988342
6.118447 0.1380362 -0.0016900 0.5528535 0.0124925 0.0404347 0.0184367 0.9989340
6.221927 0.1400533 -0.0015499 0.5750229 0.0144830 0.0389270 0.0182494 0.9989704
6.429280 0.1445061 -0.0014206 0.6197883 0.0168013 0.0342906 0.0170380 0.9991254
6.533021 0.1461025 -0.0016632 0.6421216 0.0183571 0.0325642 0.0173187 0.9991510
6.636673 0.1482642 -0.0018993 0.6644922 0.0199043 0.0300616 0.0175081 0.9991965
6.844097 0.1526313 -0.0026259 0.7098153 0.0224348 0.0239528 0.0189429 0.9992818
6.947755 0.1540546 -0.0030995 0.7329372 0.0228101 0.0214100 0.0199125 0.9993122
7.051471 0.1554780 -0.0037014 0.7561261 0.0229194 0.0185999 0.0209820 0.9993441
7.155209 0.1564245 -0.0041492 0.7794822 0.0248936 0.0160130 0.0217181 0.9993259
7.258923 0.1572701 -0.0044257 0.8028279 0.0278556 0.0128648 0.0225310 0.9992752
7.362568 0.1573490 -0.0052591 0.8262671 0.0291652 0.0106295 0.0209892 0.9992977
7.466210 0.1542811 -0.0052101 0.8492541 0.0323157 0.0119427 0.0189817 0.9992261
7.569925 0.1543519 -0.0059168 0.8681024 0.0326071 0.0110082 0.0190562 0.9992259
7.777286 0.1541275 -0.0074342 0.9050872 0.0339119 0.0091415 0.0203602 0.9991756
7.881024 0.1541397 -0.0082319 0.9241421 0.0354356 0.0079601 0.0208587 0.9991226
8.088400 0.1555808 -0.0108914 0.9636230 0.0366112 0.0048990 0.0199502 0.9991184
8.192118 0.1547587 -0.0124332 0.9836240 0.0369036 0.0053953 0.0195755 0.9991125
8.295863 0.1543310 -0.0139745 1.0039626 0.0368189 0.0050361 0.0193921 0.9991211
8.399546 0.1534944 -0.0155908 1.0243849 0.0367916 0.0049011 0.0196828 0.9991171
8.503235 0.1517988 -0.0176777 1.0447010 0.0360969 0.0049890 0.0192660 0.9991501
8.606978 0.1501848 -0.0198337 1.0657743 0.0362934 0.0056905 0.0205750 0.9991131
8.710698 0.1489286 -0.0219541 1.0886750 0.0364767 0.0073008 0.0208789 0.9990897
8.814436 0.1470900 -0.0239645 1.1114777 0.0367680 0.0099000 0.0217661 0.9990377
8.918107 0.1446855 -0.0259959 1.1342161 0.0362177 0.0131665 0.0213960 0.9990281
9.021867 0.1433623 -0.0284898 1.1582104 0.0353881 0.0159626 0.0215108 0.9990146
9.125548 0.1406776 -0.0307044 1.1821541 0.0358107 0.0199841 0.0216760 0.9989236
9.229148 0.1391498 -0.0331270 1.2069918 0.0366435 0.0229357 0.0227535 0.9988061
9.332783 0.1358085 -0.0352373 1.2315882 0.0377433 0.0276453 0.0233632 0.9986317
9.436507 0.1328383 -0.0377594 1.2564725 0.0378946 0.0317715 0.0236027 0.9984976
9.643856 0.1271578 -0.0417575 1.3084480 0.0378044 0.0400218 0.0212412 0.9982575
9.747566 0.1276183 -0.0435995 1.3372781 0.0377306 0.0434018 0.0204701 0.9981351
9.851216 0.1269806 -0.0452744 1.3652656 0.0380694 0.0472348 0.0211995 0.9979330
9.954854 0.1278661 -0.0473926 1.3959552 0.0389865 0.0509637 0.0214871 0.9977079
10.058450 0.1281947 -0.0497945 1.4244310 0.0395506 0.0549076 0.0212456 0.9974816
10.162270 0.1300676 -0.0524370 1.4540025 0.0394866 0.0581335 0.0223575 0.9972770
10.369540 0.1318633 -0.0571986 1.5136943 0.0402134 0.0656006 0.0223633 0.9967845
10.577010 0.1327169 -0.0623694 1.5739126 0.0404410 0.0732650 0.0243660 0.9961943
10.680800 0.1335059 -0.0652280 1.6045449 0.0403993 0.0765047 0.0266996 0.9958926
10.888380 0.1433036 -0.0708641 1.6737711 0.0414013 0.0806337 0.0280751 0.9954877
11.096280 0.1548524 -0.0768309 1.7441763 0.0417736 0.0844914 0.0268937 0.9951848
11.199650 0.1606590 -0.0798954 1.7786877 0.0420400 0.0865918 0.0265180 0.9950032
11.303360 0.1663841 -0.0828409 1.8125361 0.0419379 0.0890878 0.0263166 0.9947925
11.407080 0.1723197 -0.0857079 1.8459923 0.0421773 0.0915032 0.0265648 0.9945564
11.510570 0.1784619 -0.0885854 1.8791896 0.0423756 0.0938124 0.0263872 0.9943376
11.614180 0.1850102 -0.0917644 1.9127570 0.0422681 0.0961487 0.0262551 0.9941225
11.821430 0.1979242 -0.0979990 1.9796358 0.0415837 0.1006692 0.0267163 0.9936915
12.028650 0.2122564 -0.1038114 2.0469844 0.0424406 0.1045895 0.0275549 0.9932274
12.235950 0.2271617 -0.1098675 2.1147933 0.0436877 0.1082303 0.0278341 0.9927753
12.443230 0.2422297 -0.1161922 2.1822486 0.0437270 0.1118389 0.0277856 0.9923749
12.650590 0.2582548 -0.1221294 2.2503021 0.0441286 0.1157646 0.0290128 0.9918717
12.857820 0.2748474 -0.1284464 2.3184812 0.0435423 0.1187711 0.0307389 0.9914901
13.065050 0.2913010 -0.1344117 2.3865004 0.0435844 0.1220228 0.0298831 0.9911195
13.272410 0.3085032 -0.1407115 2.4547939 0.0455468 0.1253645 0.0291746 0.9906352
13.479770 0.3266298 -0.1472623 2.5233643 0.0465448 0.1286260 0.0278634 0.9902083
13.687000 0.3444795 -0.1537462 2.5915186 0.0459800 0.1325930 0.0280423 0.9897063
13.894440 0.3634635 -0.1601438 2.6601429 0.0456207 0.1366381 0.0282522 0.9891666
14.101800 0.3830762 -0.1666925 2.7290998 0.0459157 0.1406423 0.0273834 0.9886160
14.309200 0.4032875 -0.1733255 2.7977023 0.0464812 0.1438987 0.0281271 0.9881000
14.516540 0.4243596 -0.1799062 2.8666339 0.0457831 0.1464109 0.0296664 0.9877184
14.723680 0.4456400 -0.1864495 2.9358847 0.0463342 0.1492285 0.0299611 0.9872620
14.931630 0.4673815 -0.1931600 3.0044947 0.0470751 0.1521886 0.0295840 0.9867864
15.138550 0.4888283 -0.1995691 3.0733368 0.0480288 0.1552761 0.0282613 0.9862981
15.345730 0.5111225 -0.2070001 3.1419671 0.0477330 0.1583372 0.0296272 0.9857855
15.553070 0.5340166 -0.2135514 3.2115021 0.0471625 0.1614950 0.0297362 0.9852973
15.760420 0.5574757 -0.2202652 3.2799988 0.0472388 0.1649800 0.0283730 0.9847564
15.967780 0.5812734 -0.2270359 3.3481913 0.0471982 0.1687063 0.0280634 0.9841356
16.175170 0.6057348 -0.2337084 3.4163482 0.0468783 0.1728413 0.0273938 0.9834520
16.382370 0.6305866 -0.2406815 3.4847877 0.0472170 0.1770993 0.0274243 0.9826771
16.589730 0.6562432 -0.2471363 3.5527554 0.0474726 0.1809537 0.0276233 0.9819567
16.796960 0.6812914 -0.2541143 3.6206324 0.0477649 0.1853801 0.0273914 0.9811230
17.004320 0.7073207 -0.2602661 3.6883433 0.0485775 0.1893821 0.0283837 0.9802903
17.212260 0.7344583 -0.2671353 3.7562385 0.0495812 0.1928905 0.0303136 0.9794978
17.418950 0.7621434 -0.2739838 3.8235004 0.0514355 0.1959446 0.0318817 0.9787460
17.626280 0.7909629 -0.2806324 3.8916497 0.0523453 0.1992018 0.0327471 0.9780114
17.833610 0.8203625 -0.2878660 3.9597144 0.0527280 0.2027006 0.0329681 0.9772642
18.041020 0.8505691 -0.2950708 4.0286193 0.0530138 0.2060479 0.0315233 0.9765962
18.248220 0.8811789 -0.3025079 4.0973082 0.0526385 0.2085411 0.0335831 0.9760184
18.455670 0.9121753 -0.3097004 4.1666594 0.0524855 0.2108332 0.0343060 0.9755090
18.663050 0.9426602 -0.3162584 4.2360697 0.0522791 0.2139378 0.0349760 0.9748201
18.869920 0.9705123 -0.3228845 4.3045673 0.0526251 0.2178564 0.0351610 0.9739265
19.077140 1.0047753 -0.3316585 4.3755951 0.0535371 0.2203633 0.0358836 0.9732863
19.284530 1.0372132 -0.3389903 4.4464798 0.0515958 0.2262028 0.0343076 0.9721076
19.388220 1.0539589 -0.3424934 4.4820604 0.0512650 0.2290591 0.0342163 0.9714593
19.595460 1.0895097 -0.3495691 4.5548358 0.0515819 0.2344033 0.0354548 0.9701223
19.699070 1.1076634 -0.3527961 4.5902233 0.0520040 0.2366678 0.0352209 0.9695584
19.906420 1.1462358 -0.3598218 4.6621628 0.0508713 0.2409381 0.0353694 0.9685608
20.010030 1.1650248 -0.3634427 4.6967144 0.0499920 0.2428542 0.0350258 0.9681404
20.113650 1.1837811 -0.3669097 4.7319021 0.0500197 0.2451574 0.0346614 0.9675714
20.320880 1.2235070 -0.3743993 4.8044333 0.0494992 0.2500611 0.0358042 0.9663008
20.424500 1.2439445 -0.3779517 4.8405743 0.0490967 0.2522778 0.0363036 0.9657264
20.528120 1.2648439 -0.3816269 4.8770566 0.0488784 0.2538398 0.0360626 0.9653371
20.631730 1.2861003 -0.3853636 4.9138765 0.0482654 0.2553873 0.0363271 0.9649498
20.838960 1.3306659 -0.3929785 4.9889283 0.0478886 0.2574863 0.0365324 0.9644029
21.046320 1.3753581 -0.4003858 5.0643196 0.0483439 0.2601185 0.0334684 0.9637848
21.149940 1.3975465 -0.4038327 5.1019135 0.0475361 0.2615604 0.0330291 0.9634498
21.253550 1.4195504 -0.4075074 5.1389465 0.0469578 0.2630894 0.0343756 0.9630147
21.357170 1.4416039 -0.4108239 5.1755528 0.0475026 0.2643474 0.0339821 0.9626573
21.460820 1.4631085 -0.4142939 5.2111301 0.0472510 0.2657531 0.0334518 0.9623012
21.564620 1.4843506 -0.4178299 5.2467356 0.0453169 0.2676958 0.0327894 0.9618784
21.668140 1.5060591 -0.4211406 5.2824631 0.0445272 0.2692889 0.0324976 0.9614805
21.771790 1.5275457 -0.4244995 5.3179703 0.0441723 0.2712115 0.0322749 0.9609638
21.979040 1.5703373 -0.4309662 5.3882847 0.0440472 0.2744703 0.0324241 0.9600388
22.186210 1.6124576 -0.4375044 5.4567327 0.0432064 0.2780241 0.0307088 0.9591104
22.393570 1.6544933 -0.4445125 5.5253544 0.0467469 0.2823008 0.0208297 0.9579598
22.600850 1.6972369 -0.4518684 5.5916681 0.0498382 0.2842319 0.0298968 0.9569924
22.808100 1.7408583 -0.4582238 5.6597147 0.0392551 0.2870929 0.0290974 0.9566557
23.015390 1.7815149 -0.4631949 5.7221169 0.0368036 0.2904989 0.0265777 0.9557979
23.222650 1.8269643 -0.4686352 5.7864852 0.0414231 0.2928218 0.0307587 0.9547740
23.430070 1.8693118 -0.4741679 5.8492179 0.0429684 0.2961765 0.0307728 0.9536699
23.637320 1.9135123 -0.4798478 5.9130898 0.0416681 0.2992395 0.0316731 0.9527414
23.844680 1.9575112 -0.4850810 5.9759121 0.0418256 0.3012401 0.0315014 0.9521096
24.052120 1.9817641 -0.4880131 6.0128584 0.0415780 0.3046873 0.0300850 0.9510688
24.259390 2.0038843 -0.4905065 6.0428205 0.0390315 0.3080287 0.0327401 0.9500121
24.466620 2.0226254 -0.4927663 6.0565791 0.0398254 0.3125897 0.0313101 0.9485364
24.673870 2.0283229 -0.4922494 6.0575795 0.0399407 0.3174863 0.0283714 0.9469964
24.881210 2.0291634 -0.4927453 6.0602345 0.0404425 0.3264483 0.0239410 0.9440460
25.088320 2.0308549 -0.4940618 6.0590625 0.0393569 0.3338444 0.0223309 0.9415414
25.295560 2.0312490 -0.4940315 6.0659723 0.0349795 0.3439978 0.0368944 0.9375931
25.710010 2.0350137 -0.4944834 6.0706854 0.0339786 0.3411359 0.0274934 0.9389973
25.917260 2.0369229 -0.4945146 6.0721512 0.0345581 0.3369611 0.0279997 0.9404674
26.124480 2.0386772 -0.4943231 6.0734615 0.0366983 0.3330622 0.0269255 0.9418056
26.331730 2.0405340 -0.4945322 6.0757198 0.0332819 0.3317942 0.0195399 0.9425620
26.539060 2.0420351 -0.4947019 6.0775666 0.0327951 0.3312540 0.0149856 0.9428524
26.746310 2.0436094 -0.4948609 6.0795212 0.0315346 0.3292278 0.0172437 0.9435663
27.057260 2.0457382 -0.4949443 6.0815725 0.0316761 0.3271928 0.0141943 0.9443198
27.368230 2.0480890 -0.4951059 6.0841680 0.0321715 0.3240733 0.0158572 0.9453518
27.679200 2.0501518 -0.4953076 6.0864840 0.0314558 0.3223128 0.0163325 0.9459695
27.990170 2.0520518 -0.4954661 6.0885954 0.0321708 0.3204974 0.0155882 0.9465746
28.301020 2.0542142 -0.4956090 6.0908542 0.0309262 0.3190850 0.0153465 0.9470971
28.611870 2.0561180 -0.4957729 6.0930338 0.0310848 0.3188901 0.0154432 0.9471560
28.922840 2.0580649 -0.4959111 6.0952492 0.0295262 0.3189096 0.0151158 0.9472045
29.233840 2.0600352 -0.4960456 6.0974193 0.0301724 0.3180344 0.0152147 0.9474768
29.544660 2.0622125 -0.4961568 6.0996451 0.0305951 0.3167904 0.0143957 0.9478927
29.855620 2.0641494 -0.4962913 6.1017437 0.0289975 0.3155466 0.0148107 0.9483513
30.477220 2.0682154 -0.4964874 6.1059461 0.0296163 0.3134082 0.0149980 0.9490381
30.788170 2.0701957 -0.4965982 6.1079845 0.0278046 0.3128068 0.0151847 0.9492882
31.099140 2.0722129 -0.4966745 6.1099839 0.0303254 0.3123164 0.0142420 0.9493872
31.410110 2.0741203 -0.4967309 6.1118383 0.0288767 0.3116669 0.0155200 0.9496257
31.824820 2.0771232 -0.4967808 6.1142802 0.0293634 0.3091277 0.0173015 0.9504097
32.239540 2.0800619 -0.4971086 6.1172709 0.0280900 0.3066522 0.0172342 0.9512509
32.550780 2.0820327 -0.4972839 6.1198616 0.0275408 0.3059858 0.0154790 0.9515117
32.965700 2.0846479 -0.4975592 6.1232610 0.0274562 0.3038827 0.0170302 0.9521614
33.380050 2.0872028 -0.4977950 6.1267014 0.0276570 0.3020481 0.0158682 0.9527593
33.794940 2.0895085 -0.4980353 6.1298308 0.0275536 0.3016289 0.0147095 0.9529136
34.209730 2.0920162 -0.4982060 6.1331000 0.0267901 0.3012701 0.0145051 0.9530520
34.624450 2.0936213 -0.4984318 6.1359887 0.0279047 0.3025016 0.0148355 0.9526248
35.039150 2.0959473 -0.4986532 6.1392632 0.0277488 0.3028008 0.0145234 0.9525391
35.454000 2.0981128 -0.4988755 6.1423512 0.0267312 0.3023339 0.0140787 0.9527232
35.868330 2.1002998 -0.4990681 6.1455355 0.0268739 0.3020520 0.0140729 0.9528086
36.283280 2.1025620 -0.4993108 6.1487265 0.0274213 0.3010885 0.0146953 0.9530886
36.697760 2.1046102 -0.4995191 6.1518521 0.0269482 0.3015822 0.0145046 0.9529489
37.112590 2.1067467 -0.4997477 6.1549616 0.0276008 0.3016982 0.0143380 0.9528960
37.631050 2.1095495 -0.5000338 6.1589608 0.0272032 0.3031186 0.0135722 0.9524678
38.045630 2.1118309 -0.5002448 6.1621914 0.0270245 0.3044933 0.0137556 0.9520317
38.563710 2.1148512 -0.5005118 6.1661391 0.0279177 0.3036213 0.0159688 0.9522498
39.082020 2.1176991 -0.5007606 6.1701050 0.0277414 0.3034149 0.0148583 0.9523387
39.600240 2.1205611 -0.5010018 6.1741343 0.0287721 0.3024601 0.0153139 0.9526046
40.118690 2.1233327 -0.5012708 6.1781087 0.0288096 0.3014556 0.0140584 0.9529412
40.637020 2.1260543 -0.5015375 6.1819768 0.0294392 0.3009811 0.0150131 0.9530573
41.051600 2.1282349 -0.5017245 6.1849847 0.0297116 0.3017470 0.0137739 0.9528254
41.569920 2.1310678 -0.5020068 6.1887121 0.0317539 0.3001932 0.0155287 0.9532233
41.984640 2.1332908 -0.5022369 6.1917572 0.0309333 0.2990209 0.0157442 0.9536151
42.502970 2.1359432 -0.5025230 6.1954646 0.0317323 0.2977166 0.0147980 0.9540120
42.917430 2.1380830 -0.5027565 6.1984105 0.0303074 0.2986347 0.0135082 0.9537905
43.332030 2.1397567 -0.5029392 6.2011395 0.0308634 0.3009928 0.0138374 0.9530264
43.850090 2.1413324 -0.5031025 6.2041984 0.0320238 0.3041427 0.0119638 0.9520129
44.368290 2.1440668 -0.5034043 6.2075748 0.0320241 0.3028575 0.0138178 0.9523974
44.886500 2.1459827 -0.5036408 6.2103834 0.0314660 0.3001640 0.0149724 0.9532509
45.404710 2.1479359 -0.5038544 6.2132044 0.0312107 0.2981094 0.0144868 0.9539113
45.819420 2.1491623 -0.5039980 6.2152910 0.0288357 0.2986563 0.0134160 0.9538307
46.233900 2.1506591 -0.5041559 6.2174263 0.0286021 0.2983772 0.0118082 0.9539463
46.752090 2.1528130 -0.5044513 6.2202120 0.0276329 0.2976404 0.0142858 0.9541711
47.166550 2.1545479 -0.5045255 6.2222953 0.0277184 0.2950882 0.0142357 0.9549618
47.995840 2.1564763 -0.5049199 6.2261243 0.0259287 0.2915111 0.0160100 0.9560819
48.410450 2.1566367 -0.5050626 6.2277803 0.0255579 0.2911238 0.0168042 0.9561963
48.825160 2.1569586 -0.5052965 6.2294750 0.0246819 0.2913026 0.0170378 0.9561607
49.239480 2.1576805 -0.5054984 6.2312002 0.0252620 0.2912764 0.0171833 0.9561509
49.654110 2.1588202 -0.5056149 6.2329617 0.0263877 0.2914617 0.0153286 0.9560956
50.172010 2.1593437 -0.5056834 6.2336683 0.0230867 0.2888833 0.0173463 0.9569287
50.586610 2.1592946 -0.5056783 6.2334957 0.0218492 0.2864670 0.0181872 0.9576682
51.001310 2.1592770 -0.5056831 6.2332749 0.0222636 0.2813712 0.0193639 0.9591452
51.416040 2.1592031 -0.5056942 6.2330236 0.0210605 0.2740922 0.0197021 0.9612709
51.830730 2.1592536 -0.5056883 6.2328653 0.0156213 0.2680742 0.0187741 0.9630886
52.660280 2.1601005 -0.5057542 6.2339277 0.0188058 0.2607763 0.0208787 0.9649902
53.074870 2.1603770 -0.5057733 6.2342691 0.0194030 0.2572675 0.0228198 0.9658759
53.489460 2.1606960 -0.5057985 6.2345495 0.0194702 0.2500466 0.0218238 0.9677920
54.007650 2.1610031 -0.5058268 6.2350054 0.0187479 0.2469565 0.0203336 0.9686318
54.422370 2.1612716 -0.5058529 6.2353458 0.0188461 0.2430363 0.0223443 0.9695767
54.837080 2.1613765 -0.5058630 6.2355757 0.0189949 0.2418330 0.0248700 0.9698131
55.251540 2.1614513 -0.5058558 6.2358227 0.0200609 0.2420907 0.0170517 0.9698963
55.666250 2.1616480 -0.5058780 6.2361155 0.0192170 0.2372385 0.0205583 0.9710438
56.080860 2.1618142 -0.5058940 6.2363925 0.0203261 0.2337802 0.0211151 0.9718477
56.598920 2.1620171 -0.5059003 6.2367535 0.0185283 0.2311522 0.0162691 0.9726051
57.013380 2.1621702 -0.5059136 6.2370434 0.0213579 0.2299371 0.0193717 0.9727783
57.427720 2.1623216 -0.5059119 6.2373285 0.0226227 0.2281048 0.0194121 0.9731801
57.842180 2.1624889 -0.5059323 6.2376132 0.0247677 0.2236608 0.0222504 0.9740982
58.360400 2.1626720 -0.5059520 6.2379742 0.0219660 0.2204623 0.0218735 0.9749027
58.774970 2.1628165 -0.5059674 6.2382631 0.0207533 0.2175661 0.0219493 0.9755781
59.189810 2.1629539 -0.5059820 6.2385483 0.0213468 0.2145944 0.0213821 0.9762358
59.604650 2.1630931 -0.5059982 6.2388434 0.0223128 0.2118948 0.0210615 0.9768107
59.915740 2.1632009 -0.5060046 6.2390628 0.0240682 0.2094008 0.0204854 0.9773190
60.330460 2.1633344 -0.5060208 6.2393565 0.0232149 0.2070815 0.0203027 0.9778374
60.641430 2.1634350 -0.5060332 6.2395797 0.0228805 0.2067671 0.0193030 0.9779321
60.952400 2.1635337 -0.5060448 6.2398014 0.0229658 0.2064022 0.0203419 0.9779862
61.263370 2.1636345 -0.5060558 6.2400222 0.0245116 0.2056694 0.0209328 0.9780905
61.574220 2.1637352 -0.5060678 6.2402511 0.0245138 0.2052369 0.0208330 0.9781834
61.885240 2.1638329 -0.5060798 6.2404690 0.0245158 0.2034203 0.0222570 0.9785314
62.196570 2.1639328 -0.5060922 6.2406955 0.0221638 0.2022589 0.0220768 0.9788323
62.507020 2.1640337 -0.5061036 6.2409225 0.0232962 0.2005373 0.0212669 0.9791781
62.817730 2.1641288 -0.5061154 6.2411427 0.0250789 0.1983059 0.0218774 0.9795750
63.128570 2.1642196 -0.5061277 6.2413578 0.0246785 0.1965269 0.0224384 0.9799309
63.439300 2.1643107 -0.5061400 6.2415748 0.0239780 0.1946401 0.0223154 0.9803277
63.750030 2.1644001 -0.5061512 6.2417846 0.0252379 0.1915698 0.0228850 0.9808875
64.164350 2.1645203 -0.5061674 6.2420769 0.0270694 0.1871137 0.0226473 0.9817040
64.475200 2.1646194 -0.5061697 6.2423053 0.0290014 0.1852497 0.0186926 0.9820856
64.785940 2.1647086 -0.5061847 6.2425289 0.0302208 0.1831845 0.0192302 0.9824257
65.200410 2.1648247 -0.5062053 6.2428269 0.0288142 0.1809090 0.0190781 0.9828925
65.511370 2.1649122 -0.5062199 6.2430515 0.0276315 0.1788625 0.0209035 0.9832639
65.822450 2.1649919 -0.5062327 6.2432709 0.0350278 0.1770135 0.0190349 0.9834007
66.133430 2.1650875 -0.5062532 6.2435131 0.0335312 0.1746918 0.0202635 0.9838434
66.444520 2.1651776 -0.5062714 6.2437487 0.0310540 0.1728162 0.0210782 0.9842387
66.755490 2.1652689 -0.5062865 6.2439885 0.0323215 0.1705171 0.0206334 0.9846083
67.169960 2.1654067 -0.5063128 6.2443309 0.0330876 0.1667420 0.0211048 0.9852192
67.480800 2.1654928 -0.5063288 6.2445731 0.0340331 0.1645795 0.0209524 0.9855538
67.791520 2.1655817 -0.5063499 6.2448235 0.0358538 0.1623144 0.0212759 0.9858580
68.102260 2.1656661 -0.5063699 6.2450671 0.0351690 0.1598991 0.0218314 0.9862651
68.412960 2.1657498 -0.5063892 6.2453141 0.0358903 0.1574690 0.0210212 0.9866476
68.723700 2.1658318 -0.5064090 6.2455606 0.0390915 0.1556671 0.0194371 0.9868444
69.034420 2.1659141 -0.5064293 6.2458086 0.0379700 0.1530608 0.0198420 0.9872877
69.345250 2.1659913 -0.5064507 6.2460504 0.0399294 0.1514288 0.0193771 0.9874713
69.656100 2.1660671 -0.5064735 6.2463264 0.0405003 0.1492697 0.0190927 0.9877822
69.966820 2.1661625 -0.5065055 6.2466722 0.0406797 0.1446617 0.0181661 0.9884777
70.381410 2.1661978 -0.5065151 6.2467833 0.0411142 0.1449872 0.0180418 0.9884143
70.692380 2.1662436 -0.5065346 6.2469797 0.0428692 0.1441541 0.0185287 0.9884526
71.107200 2.1662216 -0.5065575 6.2470927 0.0441363 0.1463064 0.0177764 0.9880943
71.418080 2.1662302 -0.5065733 6.2472053 0.0436059 0.1467676 0.0173057 0.9880579
71.832900 2.1662176 -0.5066007 6.2473536 0.0430907 0.1485867 0.0185342 0.9877862
72.143990 2.1662641 -0.5066175 6.2474947 0.0438938 0.1477342 0.0186940 0.9878758
72.662320 2.1663094 -0.5066332 6.2476754 0.0451546 0.1478685 0.0186094 0.9878004
72.973420 2.1663465 -0.5066459 6.2478004 0.0470837 0.1478059 0.0179273 0.9877324
73.284400 2.1663785 -0.5066637 6.2479248 0.0461163 0.1479410 0.0170904 0.9877726
73.595360 2.1664128 -0.5066752 6.2480469 0.0465904 0.1480204 0.0170724 0.9877387
73.906330 2.1664491 -0.5066777 6.2481141 0.0466920 0.1455346 0.0162864 0.9881166
74.321040 2.1665134 -0.5066839 6.2482247 0.0463215 0.1421236 0.0166581 0.9886242
74.735780 2.1665235 -0.5066944 6.2482991 0.0467422 0.1400803 0.0162308 0.9889030
75.150340 2.1665614 -0.5067092 6.2484331 0.0460046 0.1398940 0.0155796 0.9889745
75.461430 2.1665893 -0.5067197 6.2485318 0.0444985 0.1403160 0.0156515 0.9889825
75.772410 2.1666169 -0.5067294 6.2486267 0.0447331 0.1403937 0.0150175 0.9889707
76.083250 2.1666443 -0.5067390 6.2487221 0.0456043 0.1399634 0.0156816 0.9889816
76.394100 2.1666718 -0.5067479 6.2488151 0.0440952 0.1390466 0.0172966 0.9891524
77.533630 2.1667821 -0.5067698 6.2490978 0.0462298 0.1323730 0.0160443 0.9899913
77.948260 2.1668315 -0.5067759 6.2491937 0.0440908 0.1290023 0.0157275 0.9905388
78.466420 2.1668282 -0.5068014 6.2493477 0.0427107 0.1314555 0.0158518 0.9902747
78.984610 2.1668639 -0.5068147 6.2494860 0.0421330 0.1334721 0.0152296 0.9900394
79.502830 2.1669006 -0.5068284 6.2496243 0.0420118 0.1352927 0.0153744 0.9897952
79.917400 2.1669295 -0.5068371 6.2497211 0.0417484 0.1375270 0.0155119 0.9894962
80.228390 2.1669524 -0.5068446 6.2498016 0.0403323 0.1416001 0.0146579 0.9889933
80.642960 2.1669843 -0.5068552 6.2499118 0.0403696 0.1472434 0.0141887 0.9881743
81.368770 2.1670446 -0.5068738 6.2500949 0.0384495 0.1556998 0.0150489 0.9869411
82.404920 2.1671331 -0.5068950 6.2503443 0.0410292 0.1590032 0.0166350 0.9862849
82.715890 2.1671543 -0.5069051 6.2504210 0.0402556 0.1590329 0.0160983 0.9863209
83.130480 2.1671948 -0.5069129 6.2505193 0.0358741 0.1548254 0.0179076 0.9871279
83.441640 2.1672215 -0.5069193 6.2505932 0.0412003 0.1514467 0.0164251 0.9874698
83.856290 2.1672449 -0.5069273 6.2506895 0.0388171 0.1457069 0.0185940 0.9883911
84.271000 2.1672876 -0.5069371 6.2507877 0.0375770 0.1403691 0.0192778 0.9891981
84.685720 2.1673148 -0.5069456 6.2508855 0.0372512 0.1392791 0.0152942 0.9894341
85.100490 2.1673422 -0.5069541 6.2509823 0.0368077 0.1389926 0.0152676 0.9894913
85.515020 2.1673696 -0.5069631 6.2510791 0.0365103 0.1386880 0.0160409 0.9895329
85.929770 2.1673982 -0.5069714 6.2511744 0.0351210 0.1370222 0.0160365 0.9898153
86.344470 2.1674244 -0.5069796 6.2512674 0.0368547 0.1340664 0.0178035 0.9901267
86.759380 2.1674526 -0.5069883 6.2513633 0.0337960 0.1308270 0.0158059 0.9907029
87.174110 2.1674762 -0.5069952 6.2514544 0.0329307 0.1279462 0.0150340 0.9911202
87.588960 2.1674991 -0.5070027 6.2515488 0.0333541 0.1266039 0.0166942 0.9912519
87.900120 2.1675160 -0.5070078 6.2516160 0.0322737 0.1266167 0.0200092 0.9912246
88.211600 2.1675315 -0.5070128 6.2516828 0.0325653 0.1279040 0.0169757 0.9911064
88.625980 2.1675558 -0.5070201 6.2517705 0.0308951 0.1291881 0.0152698 0.9910210
89.040970 2.1675794 -0.5070265 6.2518573 0.0288690 0.1318467 0.0154589 0.9907290
89.455530 2.1676040 -0.5070320 6.2519412 0.0290821 0.1335064 0.0221249 0.9903740
89.870260 2.1676278 -0.5070370 6.2520247 0.0306900 0.1361286 0.0277687 0.9898263
90.285080 2.1676493 -0.5070419 6.2521009 0.0312597 0.1405275 0.0335158 0.9890155
90.699910 2.1676707 -0.5070472 6.2521758 0.0309369 0.1495396 0.0370616 0.9875765
91.011010 2.1676881 -0.5070512 6.2522297 0.0307378 0.1616757 0.0374767 0.9856529
91.322130 2.1677065 -0.5070549 6.2522802 0.0313854 0.1816168 0.0379258 0.9821364
91.633230 2.1677268 -0.5070585 6.2523313 0.0310023 0.2057502 0.0427924 0.9771768
91.944420 2.1677494 -0.5070615 6.2523785 0.0316702 0.2329785 0.0462221 0.9708664
92.255650 2.1677744 -0.5070641 6.2524233 0.0300217 0.2636333 0.0499795 0.9628594
92.566890 2.1678014 -0.5070661 6.2524662 0.0294446 0.2970789 0.0510039 0.9530350
93.396540 2.1678867 -0.5070704 6.2525663 0.0261648 0.3946835 0.0570041 0.9166738
93.707670 2.1679244 -0.5070712 6.2525997 0.0253444 0.4318729 0.0599350 0.8995839
94.018900 2.1679659 -0.5070715 6.2526298 0.0254571 0.4705406 0.0616472 0.8798540
94.329830 2.1680095 -0.5070711 6.2526565 0.0231840 0.5077560 0.0638582 0.8588181
94.537200 2.1680398 -0.5070707 6.2526722 0.0225376 0.5319498 0.0638006 0.8440681
94.848290 2.1680858 -0.5070701 6.2526927 0.0209479 0.5662988 0.0656725 0.8213124
95.159370 2.1681347 -0.5070684 6.2527089 0.0201321 0.5993436 0.0673134 0.7974026
95.470470 2.1681840 -0.5070666 6.2527208 0.0202038 0.6304352 0.0686620 0.7729352
95.677830 2.1682200 -0.5070649 6.2527275 0.0193690 0.6498709 0.0700234 0.7565642
96.403410 2.1683447 -0.5070638 6.2527366 0.0167665 0.7175290 0.0706088 0.6927376
96.818220 2.1684184 -0.5070540 6.2527313 0.0160810 0.7553402 0.0705070 0.6513304
97.025580 2.1684554 -0.5070526 6.2527256 0.0150073 0.7734157 0.0720685 0.6296102
97.440420 2.1685274 -0.5070469 6.2527080 0.0122124 0.8093109 0.0720850 0.5828127
97.751640 2.1685801 -0.5070423 6.2526889 0.0107065 0.8348070 0.0727149 0.5456145
98.062740 2.1686316 -0.5070365 6.2526631 0.0088796 0.8582453 0.0732911 0.5079021
98.270110 2.1686645 -0.5070327 6.2526436 0.0081598 0.8731407 0.0728441 0.4819258
98.373830 2.1686809 -0.5070307 6.2526336 0.0076411 0.8801672 0.0731289 0.4689344
98.684800 2.1687288 -0.5070244 6.2525992 0.0059554 0.9006103 0.0732094 0.4283760
98.892150 2.1687579 -0.5070198 6.2525740 0.0057256 0.9130313 0.0716737 0.4015020
98.995770 2.1687720 -0.5070177 6.2525606 0.0051691 0.9187601 0.0715407 0.3882463
99.203130 2.1687994 -0.5070130 6.2525325 0.0036664 0.9293954 0.0723431 0.3619078
99.410360 2.1688249 -0.5070084 6.2525034 0.0022140 0.9392289 0.0714908 0.3357577
99.513970 2.1688375 -0.5070062 6.2524881 0.0021181 0.9436667 0.0717208 0.3230244
99.721330 2.1688609 -0.5070014 6.2524557 0.0017704 0.9516940 0.0715942 0.2985794
99.928690 2.1688838 -0.5069962 6.2524223 0.0015009 0.9588250 0.0707946 0.2750282
100.136200 2.1689053 -0.5069913 6.2523880 -0.0008758 0.9650519 0.0716746 0.2520652
100.343500 2.1689248 -0.5069858 6.2523508 -0.0010872 0.9704496 0.0707048 0.2307100
100.550800 2.1689425 -0.5069807 6.2523146 -0.0007589 0.9747806 0.0711166 0.2115293
100.758000 2.1689601 -0.5069751 6.2522750 0.0003259 0.9782022 0.0704596 0.1953351
100.965200 2.1689763 -0.5069696 6.2522354 0.0015618 0.9809957 0.0693244 0.1812156
101.172400 2.1689913 -0.5069638 6.2521954 0.0023874 0.9832526 0.0690246 0.1686538
101.379800 2.1690054 -0.5069580 6.2521553 0.0017346 0.9851676 0.0685055 0.1573175
101.587000 2.1690178 -0.5069531 6.2521152 0.0009680 0.9864997 0.0696704 0.1482006
101.794300 2.1690278 -0.5069486 6.2520752 0.0005970 0.9873179 0.0702615 0.1423601
102.001600 2.1690426 -0.5069420 6.2520304 0.0006344 0.9880925 0.0706544 0.1366775
102.208900 2.1690545 -0.5069364 6.2519855 0.0001277 0.9886988 0.0707648 0.1321624
102.416200 2.1690655 -0.5069305 6.2519398 0.0002514 0.9891312 0.0707322 0.1289051
102.623600 2.1690810 -0.5069234 6.2518930 0.0003099 0.9895367 0.0701646 0.1260710
102.830900 2.1690850 -0.5069217 6.2518868 0.0003640 0.9896407 0.0703362 0.1251560
103.038300 2.1690929 -0.5069179 6.2518568 0.0002752 0.9897537 0.0705154 0.1241574
103.245700 2.1691031 -0.5069129 6.2518191 0.0000457 0.9898093 0.0714208 0.1231935
103.453000 2.1691108 -0.5069087 6.2517862 -0.0003385 0.9898838 0.0720055 0.1222501
103.764100 2.1691234 -0.5069019 6.2517343 -0.0008750 0.9900455 0.0721934 0.1208187
104.075100 2.1691365 -0.5068950 6.2516823 -0.0018181 0.9903075 0.0713875 0.1191289
104.386000 2.1691487 -0.5068885 6.2516317 -0.0019402 0.9907160 0.0692173 0.1169912
104.697300 2.1691611 -0.5068823 6.2515817 -0.0022181 0.9912816 0.0699364 0.1116456
104.904600 2.1691685 -0.5068784 6.2515488 -0.0040220 0.9920623 0.0698395 0.1044925
105.112100 2.1691751 -0.5068742 6.2515163 -0.0045690 0.9930671 0.0693475 0.0948040
105.423200 2.1691833 -0.5068684 6.2514682 -0.0071400 0.9947363 0.0697910 0.0746851
105.734400 2.1691895 -0.5068629 6.2514215 -0.0090226 0.9965447 0.0674694 0.0475941
106.045600 2.1691923 -0.5068574 6.2513738 -0.0102587 0.9976310 0.0664559 0.0145154
106.253100 2.1691923 -0.5068539 6.2513433 -0.0114190 0.9977577 0.0650120 -0.0110768
106.460800 2.1691911 -0.5068505 6.2513132 -0.0123175 0.9971476 0.0631934 -0.0393909
106.771900 2.1691852 -0.5068457 6.2512670 -0.0114711 0.9945423 0.0604070 -0.0842914
106.979300 2.1691790 -0.5068427 6.2512360 -0.0117653 0.9912850 0.0605515 -0.1164007
107.186900 2.1691706 -0.5068395 6.2512059 -0.0133886 0.9866871 0.0592561 -0.1508574
107.394300 2.1691608 -0.5068368 6.2511773 -0.0149348 0.9807726 0.0559749 -0.1863568
107.705400 2.1691422 -0.5068329 6.2511368 -0.0156650 0.9695868 0.0530891 -0.2384065
108.016400 2.1691191 -0.5068295 6.2510982 -0.0176466 0.9554021 0.0511929 -0.2903010
108.327600 2.1690922 -0.5068266 6.2510624 -0.0207518 0.9387576 0.0457497 -0.3408967
108.534900 2.1690719 -0.5068250 6.2510395 -0.0208599 0.9260353 0.0423927 -0.3744681
108.742600 2.1690509 -0.5068235 6.2510190 -0.0221193 0.9126266 0.0380901 -0.4064144
108.949700 2.1690264 -0.5068225 6.2509985 -0.0229105 0.8988572 0.0336768 -0.4363447
109.156900 2.1690009 -0.5068215 6.2509794 -0.0221702 0.8850466 0.0318547 -0.4638818
109.364400 2.1689749 -0.5068212 6.2509623 -0.0226017 0.8707421 0.0280641 -0.4904179
109.467900 2.1689596 -0.5068207 6.2509537 0.0233256 -0.8632658 -0.0248237 0.5035990
109.571600 2.1689477 -0.5068207 6.2509465 0.0246663 -0.8551096 -0.0249477 0.5172589
109.779100 2.1689188 -0.5068207 6.2509341 0.0259806 -0.8377092 -0.0273994 0.5448098
109.986400 2.1688919 -0.5068208 6.2509227 0.0342151 -0.8183731 -0.0189505 0.5733547
110.193900 2.1688631 -0.5068216 6.2509131 0.0344634 -0.7992598 -0.0175595 0.5997397
110.401400 2.1688333 -0.5068221 6.2509050 0.0309379 -0.7785507 -0.0174423 0.6265759
110.505100 2.1688175 -0.5068226 6.2509022 0.0320294 -0.7678190 -0.0152487 0.6396839
110.712500 2.1687872 -0.5068240 6.2508979 0.0369283 -0.7461888 -0.0108038 0.6646215
110.920000 2.1687560 -0.5068257 6.2508941 0.0400162 -0.7231146 -0.0085559 0.6895148
111.127300 2.1687293 -0.5068269 6.2508974 0.0427863 -0.7004218 -0.0092578 0.7123854
111.542000 2.1687160 -0.5068295 6.2508979 0.0437464 -0.6552795 -0.0061954 0.7540933
111.749400 2.1687117 -0.5068306 6.2509012 0.0431503 -0.6365103 -0.0070643 0.7700278
112.163800 2.1687107 -0.5068304 6.2509007 0.0439145 -0.6046458 -0.0027274 0.7952783
112.578200 2.1687078 -0.5068311 6.2509031 0.0425231 -0.5813345 -0.0041058 0.8125424
112.785600 2.1687057 -0.5068315 6.2509041 0.0415577 -0.5737566 -0.0035339 0.8179632
113.199600 2.1687026 -0.5068324 6.2509060 0.0405827 -0.5669976 -0.0097296 0.8226616
113.407300 2.1687016 -0.5068324 6.2509046 0.0379265 -0.5641493 -0.0125975 0.8247051
113.614200 2.1687000 -0.5068328 6.2509055 0.0374216 -0.5621392 -0.0142505 0.8260727
113.823800 2.1686976 -0.5068335 6.2509065 0.0380898 -0.5588565 -0.0164326 0.8282261
114.028800 2.1686954 -0.5068341 6.2509084 0.0354238 -0.5577628 -0.0188592 0.8290297
