0.000000 0.0000000 0.0000000 0.0000000 0.0000000 0.0000000 0.0000000 1.0000000
0.103391 -0.0004194 -0.0002805 0.0854629 0.0022263 0.0007445 -0.0004450 0.9999971
0.207106 -0.0002853 -0.0000654 0.1701908 0.0027090 0.0010876 0.0006627 0.9999955
0.310262 -0.0006389 -0.0002604 0.2553890 0.0006361 0.0012958 0.0014034 0.9999980
0.413621 -0.0003246 -0.0004810 0.3402676 -0.0024219 0.0008913 0.0025640 0.9999934
0.517929 -0.0002270 -0.0003407 0.4241030 -0.0024611 0.0002025 0.0043740 0.9999874
0.620389 -0.0002837 0.0001170 0.5072812 -0.0009647 -0.0002125 0.0055898 0.9999839
0.724219 -0.0005889 0.0005829 0.5903109 0.0008126 -0.0005751 0.0059298 0.9999819
0.827211 -0.0008808 0.0004795 0.6731756 0.0010616 -0.0010164 0.0057333 0.9999825
0.930557 -0.0017347 0.0005503 0.7555040 0.0001907 -0.0014468 0.0055466 0.9999835
1.034070 -0.0021224 0.0006174 0.8382899 -0.0012180 -0.0018370 0.0054688 0.9999826
1.244258 -0.0027900 0.0013534 1.0020255 -0.0023313 -0.0027418 0.0061935 0.9999744
1.447568 -0.0038912 0.0019394 1.1642140 -0.0016043 -0.0036372 0.0064917 0.9999710
1.654521 -0.0064369 0.0020698 1.3239292 -0.0000602 -0.0049635 0.0072784 0.9999612
1.861353 -0.0089004 0.0017458 1.4839702 0.0005904 -0.0066624 0.0064549 0.9999568
2.068236 -0.0122396 0.0017436 1.6430404 0.0001544 -0.0082181 0.0059152 0.9999487
2.275131 -0.0164496 0.0021383 1.8004698 -0.0006677 -0.0094079 0.0053965 0.9999409
2.482010 -0.0200962 0.0021386 1.9557480 -0.0002991 -0.0110846 0.0061710 0.9999195
2.689023 -0.0245602 0.0022759 2.1097860 -0.0015596 -0.0121323 0.0061687 0.9999062
2.896139 -0.0283286 0.0023340 2.2607069 -0.0038877 -0.0129539 0.0066774 0.9998862
3.103545 -0.0332641 0.0027585 2.4067578 -0.0019849 -0.0137505 0.0054542 0.9998886
3.310078 -0.0382209 0.0030147 2.5495794 -0.0009772 -0.0145331 0.0049565 0.9998816
3.517076 -0.0427788 0.0028469 2.6895397 -0.0003780 -0.0163289 0.0049628 0.9998543
3.827725 -0.0513124 0.0034473 2.8941798 -0.0019714 -0.0191710 0.0050767 0.9998014
4.034871 -0.0580032 0.0038442 3.0250366 -0.0027773 -0.0210305 0.0038940 0.9997674
4.243437 -0.0649296 0.0042395 3.1527700 -0.0020010 -0.0229105 0.0020544 0.9997334
4.449183 -0.0719582 0.0044527 3.2780151 -0.0035666 -0.0242210 0.0009783 0.9996998
4.656235 -0.0790485 0.0039336 3.3978691 -0.0028726 -0.0236709 -0.0019639 0.9997138
4.863788 -0.0847902 0.0050639 3.5135040 -0.0002436 -0.0217608 -0.0030748 0.9997585
5.174268 -0.0935474 0.0050929 3.6831455 -0.0037188 -0.0164912 -0.0080753 0.9998245
5.381142 -0.0974323 0.0063894 3.7890639 -0.0041599 -0.0117332 -0.0123475 0.9998463
5.588095 -0.1005099 0.0064774 3.8888469 -0.0059895 -0.0054407 -0.0169542 0.9998235
5.795223 -0.1010297 0.0063056 3.9814990 -0.0061103 0.0016536 -0.0204297 0.9997712
6.002373 -0.1013991 0.0071043 4.0665259 -0.0046159 0.0094463 -0.0246871 0.9996399
6.209506 -0.0994776 0.0072590 4.1437407 -0.0032316 0.0174262 -0.0260591 0.9995033
6.416516 -0.0961764 0.0072731 4.2132006 -0.0045154 0.0254830 -0.0265942 0.9993113
6.830809 -0.0880917 0.0071968 4.3242693 -0.0052982 0.0434402 -0.0319784 0.9985300
7.038067 -0.0820605 0.0067051 4.3718615 -0.0025845 0.0548909 -0.0307040 0.9980168
7.245330 -0.0745192 0.0064062 4.4167433 0.0000271 0.0693340 -0.0319555 0.9970816
7.556580 -0.0602097 0.0064312 4.4829965 0.0011659 0.0952457 -0.0326461 0.9949176
8.074250 -0.0264149 0.0045821 4.5893102 0.0025783 0.1504143 -0.0345381 0.9880162
8.593446 0.0267061 0.0010986 4.6924324 0.0041326 0.2263327 -0.0350545 0.9734103
8.903911 0.0714009 -0.0014731 4.7515368 0.0092188 0.2837839 -0.0353539 0.9581920
9.214197 0.1278071 -0.0045303 4.8126903 0.0101248 0.3480150 -0.0411453 0.9365309
9.732384 0.2672508 -0.0128551 4.9126110 0.0123007 0.4689969 -0.0392437 0.8822418
9.939685 0.3403820 -0.0174121 4.9468374 0.0119947 0.5181043 -0.0382331 0.8543783
10.146770 0.4202243 -0.0215444 4.9759417 0.0086714 0.5641226 -0.0397579 0.8246877
10.353670 0.5071403 -0.0263044 4.9964342 0.0122910 0.6056301 -0.0361748 0.7948286
10.562990 0.6015713 -0.0317135 5.0086493 0.0177220 0.6407061 -0.0278998 0.7670744
10.767050 0.7009594 -0.0370966 5.0165777 0.0225192 0.6679570 -0.0253334 0.7434276
10.973420 0.8068314 -0.0434134 5.0199623 0.0258240 0.6880844 -0.0199888 0.7248954
11.180190 0.9169738 -0.0488802 5.0200419 0.0282399 0.7010411 -0.0181322 0.7123308
11.385900 1.0318488 -0.0557999 5.0186434 0.0286711 0.7099380 -0.0179292 0.7034519
11.592550 1.1523277 -0.0623786 5.0143409 0.0333102 0.7153727 -0.0166646 0.6977497
11.799490 1.2781910 -0.0690115 5.0107536 0.0313765 0.7182826 -0.0162639 0.6948534
12.004820 1.4088794 -0.0762187 5.0063004 0.0267158 0.7196751 -0.0120345 0.6936924
12.211190 1.5428326 -0.0833961 5.0006642 0.0285641 0.7198166 -0.0098500 0.6935065
12.417650 1.6793293 -0.0894484 4.9965172 0.0347338 0.7186671 -0.0147748 0.6943291
12.624550 1.8206276 -0.0968488 4.9924493 0.0335608 0.7171901 -0.0134398 0.6959392
12.830730 1.9648484 -0.1060512 4.9898934 0.0298930 0.7154293 -0.0112640 0.6979545
13.037710 2.1068878 -0.1141070 4.9863658 0.0371615 0.7131316 -0.0118197 0.6999447
13.244210 2.2506678 -0.1229054 4.9867702 0.0324707 0.7111203 -0.0144711 0.7021710
13.554880 2.4660847 -0.1369084 4.9853435 0.0363373 0.7072633 -0.0119597 0.7059144
13.761270 2.6110651 -0.1453820 4.9870253 0.0349616 0.7045669 -0.0137712 0.7086421
13.968170 2.7555645 -0.1549775 4.9882379 0.0371874 0.7021276 -0.0098027 0.7110118
14.175050 2.9005332 -0.1639168 4.9901891 0.0387286 0.6998726 -0.0088692 0.7131618
14.485500 3.1188807 -0.1782236 4.9959364 0.0387575 0.6962388 -0.0072734 0.7167262
14.795970 3.3390489 -0.1908419 5.0054622 0.0384674 0.6931444 -0.0090310 0.7197149
15.106400 3.5602598 -0.2046164 5.0175390 0.0373451 0.6902029 -0.0118871 0.7225538
15.416750 3.7843900 -0.2198421 5.0310478 0.0378206 0.6865389 -0.0168632 0.7259129
15.623920 3.9362483 -0.2307853 5.0426898 0.0371768 0.6844205 -0.0173075 0.7279333
15.830620 4.0886698 -0.2415994 5.0538492 0.0364159 0.6815310 -0.0197106 0.7306168
16.140910 4.3210649 -0.2587403 5.0737348 0.0358031 0.6763291 -0.0213856 0.7354181
16.453450 4.5528612 -0.2776785 5.0995312 0.0392021 0.6685227 -0.0294065 0.7420754
16.658020 4.7124701 -0.2912767 5.1189823 0.0369650 0.6629109 -0.0293362 0.7472095
16.968080 4.9517078 -0.3117389 5.1533742 0.0289988 0.6547857 -0.0252737 0.7548351
17.279480 5.1854362 -0.3294414 5.1908903 0.0317998 0.6467152 -0.0269574 0.7615914
17.485440 5.3379226 -0.3420599 5.2190371 0.0333667 0.6427750 -0.0300178 0.7647391
17.795780 5.5625181 -0.3609914 5.2619905 0.0305145 0.6370702 -0.0258365 0.7697681
18.003090 5.7080407 -0.3723960 5.2922931 0.0246047 0.6345692 -0.0245824 0.7720830
18.313370 5.9184051 -0.3876161 5.3376045 0.0243223 0.6316936 -0.0290445 0.7742919
18.520470 6.0529270 -0.3978213 5.3678441 0.0275834 0.6300099 -0.0326085 0.7754117
18.830950 6.2506981 -0.4143667 5.4123650 0.0265784 0.6285760 -0.0326553 0.7766077
19.038030 6.3779459 -0.4243810 5.4401670 0.0257070 0.6285135 -0.0309871 0.7767559
19.351800 6.5600834 -0.4402301 5.4800363 0.0257811 0.6305383 -0.0325429 0.7750469
19.557750 6.6772003 -0.4495777 5.5032969 0.0292078 0.6319947 -0.0328020 0.7737271
19.763960 6.7912655 -0.4589433 5.5265474 0.0270334 0.6339263 -0.0319669 0.7722595
19.969850 6.9024987 -0.4688074 5.5475812 0.0266573 0.6355544 -0.0289668 0.7710518
20.177180 7.0091820 -0.4775833 5.5675640 0.0310370 0.6373496 -0.0274122 0.7694613
20.383850 7.1149931 -0.4858133 5.5870013 0.0324105 0.6383513 -0.0292851 0.7685047
20.694250 7.2752924 -0.4984596 5.6153793 0.0354174 0.6379438 -0.0234750 0.7689098
20.902080 7.3839235 -0.5071017 5.6363592 0.0351833 0.6358023 -0.0232543 0.7706988
21.213570 7.5485816 -0.5193341 5.6720967 0.0349226 0.6280642 -0.0236462 0.7770178
21.417970 7.6613622 -0.5286462 5.6998806 0.0329529 0.6211220 -0.0236061 0.7826649
21.730330 7.8334470 -0.5414269 5.7469978 0.0319654 0.6092055 -0.0281031 0.7918694
21.936170 7.9519019 -0.5505172 5.7827349 0.0320211 0.6003871 -0.0311973 0.7984590
22.141920 8.0739517 -0.5600899 5.8224182 0.0313663 0.5918784 -0.0325386 0.8047592
22.348790 8.1994181 -0.5694349 5.8656750 0.0286622 0.5829991 -0.0321912 0.8113286
22.555690 8.3289680 -0.5796666 5.9131994 0.0262736 0.5740256 -0.0269153 0.8179730
22.762490 8.4621744 -0.5878621 5.9645095 0.0266332 0.5655478 -0.0234288 0.8239524
22.969530 8.5998507 -0.5958088 6.0188308 0.0275903 0.5589759 -0.0138851 0.8286084
23.176610 8.7406187 -0.6049909 6.0769739 0.0290713 0.5525467 -0.0103893 0.8329099
23.487620 8.9491568 -0.6176201 6.1686034 0.0375557 0.5432707 -0.0128516 0.8386188
23.694540 9.0843344 -0.6286858 6.2337246 0.0338198 0.5393217 -0.0184408 0.8412183
23.903510 9.2161045 -0.6401834 6.2966108 0.0355702 0.5353958 -0.0215754 0.8435761
24.213210 9.4109325 -0.6564785 6.3918848 0.0340115 0.5297647 -0.0215239 0.8471891
24.522420 9.5953035 -0.6721777 6.4853172 0.0318541 0.5248625 -0.0219513 0.8503075
24.832200 9.7711639 -0.6869529 6.5746679 0.0332984 0.5217064 -0.0197151 0.8522470
25.142500 9.9387598 -0.7014179 6.6632719 0.0338681 0.5187789 -0.0199747 0.8540038
25.452750 10.0983362 -0.7153900 6.7465353 0.0367232 0.5143539 -0.0168554 0.8566256
25.763160 10.2501945 -0.7291726 6.8294377 0.0373752 0.5095142 -0.0153749 0.8595127
26.177790 10.4449568 -0.7470660 6.9407907 0.0406899 0.5014392 -0.0161850 0.8640840
26.486950 10.5860062 -0.7619464 7.0292950 0.0440128 0.4925815 -0.0255204 0.8687779
26.796950 10.7293587 -0.7766160 7.1220837 0.0396281 0.4833719 -0.0306968 0.8739789
27.107250 10.8753176 -0.7919420 7.2222481 0.0289536 0.4740357 -0.0332231 0.8794021
27.417420 11.0264273 -0.8056415 7.3290095 0.0291994 0.4634680 -0.0392255 0.8847634
27.727690 11.1869059 -0.8202575 7.4490852 0.0265432 0.4528298 -0.0438887 0.8901204
28.037820 11.3532352 -0.8362022 7.5793171 0.0242365 0.4406731 -0.0426977 0.8963240
28.348030 11.5238743 -0.8513062 7.7220907 0.0228107 0.4277233 -0.0454348 0.9024789
28.554810 11.6414289 -0.8614911 7.8221836 0.0222559 0.4225734 -0.0446405 0.9049550
28.866830 11.8255777 -0.8779039 7.9783068 0.0248043 0.4167528 -0.0364474 0.9079502
29.073550 11.9509392 -0.8883154 8.0868883 0.0251901 0.4130564 -0.0300321 0.9098615
29.279330 12.0765629 -0.8989369 8.1987219 0.0251823 0.4090253 -0.0300379 0.9116808
29.486390 12.2015676 -0.9088203 8.3152132 0.0233549 0.4049242 -0.0355655 0.9133598
29.692890 12.3288355 -0.9191422 8.4341717 0.0178416 0.4009975 -0.0346266 0.9152506
29.899820 12.4559803 -0.9279216 8.5549335 0.0137588 0.3962017 -0.0312261 0.9175292
30.211630 12.6468220 -0.9403962 8.7383671 0.0254139 0.3870334 -0.0239188 0.9214050
30.416690 12.7732077 -0.9501707 8.8644533 0.0267504 0.3795882 -0.0213013 0.9245234
30.726980 12.9609423 -0.9665689 9.0606146 0.0305057 0.3693360 -0.0162362 0.9286532
30.933840 13.0847960 -0.9771882 9.1949530 0.0311794 0.3647026 -0.0153002 0.9304761
31.142770 13.2090378 -0.9881039 9.3279066 0.0291322 0.3619859 -0.0107739 0.9316660
31.347740 13.3337631 -0.9979979 9.4656448 0.0279391 0.3614323 -0.0083799 0.9319420
31.555590 13.4570198 -1.0084572 9.6028690 0.0275230 0.3619667 -0.0101026 0.9317299
31.763200 13.5801115 -1.0183152 9.7398357 0.0276261 0.3640546 -0.0140525 0.9308617
31.970850 13.7035770 -1.0289186 9.8750706 0.0257606 0.3670136 -0.0172111 0.9296995
32.176640 13.8280373 -1.0387839 10.0088673 0.0230349 0.3702334 -0.0170496 0.9284966
32.382560 13.9527597 -1.0489252 10.1401072 0.0251988 0.3739890 -0.0162735 0.9269479
32.589890 14.0765781 -1.0591676 10.2702360 0.0308405 0.3784122 -0.0232679 0.9248306
32.796560 14.2032223 -1.0709780 10.3990536 0.0254195 0.3831189 -0.0235024 0.9230500
33.003430 14.3278456 -1.0818993 10.5254250 0.0229163 0.3878758 -0.0233671 0.9211304
33.211600 14.4564571 -1.0919688 10.6481829 0.0247700 0.3914880 -0.0213882 0.9196011
33.417090 14.5841341 -1.1026801 10.7701654 0.0284489 0.3962691 -0.0198029 0.9174799
33.623980 14.7131367 -1.1139923 10.8917322 0.0276909 0.4012739 -0.0212723 0.9152923
33.830820 14.8433743 -1.1247762 11.0117130 0.0277313 0.4078087 -0.0221794 0.9123766
34.037880 14.9744835 -1.1361885 11.1292057 0.0309834 0.4151667 -0.0277829 0.9087930
34.244700 15.1101999 -1.1478602 11.2455845 0.0282319 0.4229922 -0.0275467 0.9052744
34.451590 15.2529354 -1.1595072 11.3643446 0.0196458 0.4312631 -0.0265284 0.9016221
34.659100 15.3951349 -1.1686001 11.4775124 0.0188079 0.4398276 -0.0283767 0.8974367
34.866170 15.5406494 -1.1785502 11.5876484 0.0271770 0.4473648 -0.0290305 0.8934671
35.074860 15.6900225 -1.1911058 11.6949425 0.0285363 0.4553254 -0.0264862 0.8894734
35.279490 15.8412743 -1.2034377 11.8001719 0.0271204 0.4630101 -0.0234190 0.8856284
35.486280 15.9899721 -1.2148542 11.9009676 0.0281783 0.4699993 -0.0224811 0.8819304
35.693160 16.1380596 -1.2267736 11.9976053 0.0262388 0.4752743 -0.0185084 0.8792516
35.900040 16.2832184 -1.2384075 12.0924740 0.0253559 0.4800427 -0.0195070 0.8766616
36.108200 16.4264393 -1.2493882 12.1835117 0.0299617 0.4834610 -0.0217622 0.8745823
36.417070 16.6387539 -1.2657828 12.3160667 0.0254013 0.4878522 -0.0182919 0.8723648
36.623970 16.7779427 -1.2761705 12.4002781 0.0267903 0.4905624 -0.0133657 0.8708916
36.830740 16.9126816 -1.2859713 12.4819565 0.0311365 0.4926209 -0.0164333 0.8695316
37.040370 17.0448170 -1.2965726 12.5616798 0.0370754 0.4947567 -0.0186517 0.8680399
37.244700 17.1769142 -1.3072138 12.6396503 0.0259624 0.4975995 -0.0169765 0.8668520
37.451400 17.3060608 -1.3166639 12.7180815 0.0207279 0.5002638 -0.0191227 0.8654137
37.761670 17.4946709 -1.3286999 12.8247509 0.0241537 0.5037549 -0.0190973 0.8632977
37.968550 17.6181126 -1.3378505 12.8951273 0.0228925 0.5062878 -0.0188624 0.8618543
38.176120 17.7394562 -1.3456848 12.9625845 0.0250863 0.5095622 -0.0186895 0.8598650
38.382320 17.8579102 -1.3542897 13.0268364 0.0266878 0.5139085 -0.0199304 0.8571981
38.692720 18.0334682 -1.3673794 13.1173344 0.0315903 0.5219037 -0.0213330 0.8521523
38.899920 18.1532421 -1.3762031 13.1784534 0.0304718 0.5281858 -0.0246367 0.8482242
39.106870 18.2756252 -1.3860629 13.2376852 0.0294399 0.5340535 -0.0266432 0.8445178
39.313880 18.3992748 -1.3963031 13.2958622 0.0308497 0.5407721 -0.0302596 0.8400584
39.520900 18.5282516 -1.4068676 13.3534555 0.0319693 0.5473223 -0.0332542 0.8356497
39.727990 18.6612225 -1.4191157 13.4106255 0.0328144 0.5540589 -0.0353870 0.8310775
39.934800 18.7996254 -1.4311309 13.4655628 0.0347342 0.5604972 -0.0339031 0.8267327
40.141680 18.9420128 -1.4438896 13.5215616 0.0321624 0.5673040 -0.0323981 0.8222421
40.350540 19.0916176 -1.4560868 13.5761881 0.0305719 0.5728685 -0.0286723 0.8185749
40.556060 19.2459888 -1.4673357 13.6316652 0.0259320 0.5778723 -0.0249471 0.8153335
40.764080 19.4030457 -1.4779391 13.6843624 0.0324592 0.5819418 -0.0248535 0.8122023
40.969360 19.5606022 -1.4904195 13.7362785 0.0442339 0.5855060 -0.0273791 0.8089972
41.282760 19.8161678 -1.5139434 13.8145533 0.0427606 0.5914515 -0.0169679 0.8050271
41.592690 20.0710354 -1.5362203 13.8951569 0.0455292 0.5972127 -0.0267608 0.8003424
41.900180 20.3367233 -1.5619000 13.9724379 0.0394940 0.6042024 -0.0270592 0.7953913
42.210320 20.5971203 -1.5872394 14.0440006 0.0430429 0.6100742 -0.0260494 0.7907453
42.520590 20.8660755 -1.6110904 14.1137543 0.0434117 0.6145467 -0.0241431 0.7873150
42.830730 21.1391392 -1.6358254 14.1825771 0.0396569 0.6177939 -0.0250091 0.7849411
43.140760 21.4146652 -1.6609460 14.2500916 0.0403040 0.6200065 -0.0269968 0.7830956
43.450910 21.6925049 -1.6854424 14.3155670 0.0386478 0.6217574 -0.0240018 0.7818875
43.660340 21.8728600 -1.7017405 14.3581419 0.0411122 0.6230809 -0.0272047 0.7806022
43.971430 22.1478062 -1.7275927 14.4209976 0.0396452 0.6261474 -0.0280593 0.7781904
44.176790 22.3309860 -1.7441993 14.4615068 0.0360930 0.6290617 -0.0247012 0.7761240
44.382090 22.5136108 -1.7594595 14.5007524 0.0361306 0.6324498 -0.0257862 0.7733284
44.692960 22.7861462 -1.7821927 14.5546265 0.0360602 0.6374001 -0.0252952 0.7692730
44.899580 22.9688148 -1.7975137 14.5897303 0.0349482 0.6405736 -0.0264732 0.7666441
45.107140 23.1514187 -1.8129264 14.6226139 0.0330186 0.6436169 -0.0280633 0.7641201
45.313460 23.3320713 -1.8277333 14.6562929 0.0316688 0.6464128 -0.0331008 0.7616113
45.520350 23.5125217 -1.8428874 14.6867819 0.0327428 0.6489331 -0.0372079 0.7592295
45.727180 23.6946144 -1.8599634 14.7152977 0.0299443 0.6514835 -0.0355504 0.7572376
45.933940 23.8747635 -1.8756075 14.7423725 0.0289645 0.6540048 -0.0337064 0.7551839
46.140840 24.0529041 -1.8903832 14.7677937 0.0296475 0.6569083 -0.0341737 0.7526119
46.347740 24.2317448 -1.9047264 14.7911863 0.0320723 0.6608211 -0.0309265 0.7492199
46.554470 24.4109497 -1.9194992 14.8133764 0.0311467 0.6645129 -0.0289766 0.7460650
46.761380 24.5854511 -1.9360483 14.8318586 0.0410519 0.6676770 -0.0362496 0.7424339
46.968250 24.7622070 -1.9542085 14.8518467 0.0383316 0.6719022 -0.0379573 0.7386727
47.175200 24.9378052 -1.9715307 14.8678780 0.0326874 0.6757757 -0.0355750 0.7355223
47.278520 25.0260658 -1.9791806 14.8757420 0.0312103 0.6779996 -0.0370883 0.7334623
47.485460 25.2000618 -1.9945300 14.8897438 0.0258890 0.6833570 -0.0376944 0.7286509
47.692300 25.3719959 -2.0094707 14.8991508 0.0259282 0.6884601 -0.0364354 0.7238943
47.899190 25.5419636 -2.0232089 14.9054928 0.0295954 0.6929229 -0.0372195 0.7194418
48.105950 25.7138767 -2.0381095 14.9117832 0.0277738 0.6975888 -0.0362243 0.7150428
48.312780 25.8856888 -2.0530860 14.9146252 0.0294915 0.7016329 -0.0352325 0.7110557
48.519480 26.0549507 -2.0676420 14.9162731 0.0319757 0.7043927 -0.0363821 0.7081559
48.726120 26.2256107 -2.0826464 14.9162121 0.0331327 0.7061295 -0.0327560 0.7065482
48.932760 26.3953342 -2.0978103 14.9153233 0.0337930 0.7074397 -0.0300915 0.7053238
49.139410 26.5631065 -2.1127660 14.9145288 0.0362807 0.7079128 -0.0297240 0.7047408
49.346620 26.7280426 -2.1279559 14.9137526 0.0391169 0.7074426 -0.0285257 0.7051107
49.553030 26.8912601 -2.1433704 14.9137678 0.0403539 0.7063756 -0.0274534 0.7061525
49.759580 27.0501499 -2.1581202 14.9147329 0.0399912 0.7047014 -0.0256394 0.7079118
49.966330 27.2056522 -2.1719141 14.9168758 0.0376717 0.7024099 -0.0237572 0.7103779
50.172720 27.3570061 -2.1856105 14.9217491 0.0346762 0.6998941 -0.0252701 0.7129567
50.379340 27.5038204 -2.1977267 14.9265041 0.0341953 0.6969827 -0.0266771 0.7157753
50.586570 27.6471748 -2.2098832 14.9318132 0.0313280 0.6944687 -0.0256966 0.7183812
50.793430 27.7854519 -2.2211308 14.9383001 0.0305106 0.6917300 -0.0260021 0.7210428
50.999580 27.9170151 -2.2318265 14.9447527 0.0316745 0.6889195 -0.0270014 0.7236418
51.206270 28.0438290 -2.2427340 14.9529963 0.0314046 0.6865870 -0.0295590 0.7257674
51.413610 28.1646957 -2.2532244 14.9617376 0.0302346 0.6840776 -0.0310686 0.7281198
51.723400 28.3374481 -2.2672510 14.9760933 0.0300430 0.6806227 -0.0342695 0.7312153
51.930130 28.4474907 -2.2775881 14.9858046 0.0289810 0.6784885 -0.0347640 0.7332155
52.240390 28.6047058 -2.2909589 14.9999065 0.0286088 0.6750684 -0.0358412 0.7363285
52.550540 28.7527294 -2.3043644 15.0151701 0.0298898 0.6724109 -0.0374519 0.7386254
52.860930 28.8952808 -2.3169801 15.0300264 0.0306348 0.6708493 -0.0395136 0.7399064
53.171240 29.0377560 -2.3306177 15.0447912 0.0302855 0.6713088 -0.0400719 0.7394739
53.481550 29.1852474 -2.3440745 15.0593777 0.0326357 0.6733360 -0.0396714 0.7375498
53.792070 29.3387165 -2.3587611 15.0721531 0.0395455 0.6755619 -0.0413378 0.7350805
54.102390 29.5044250 -2.3753784 15.0836067 0.0417227 0.6776714 -0.0341721 0.7333845
54.412740 29.6792641 -2.3915291 15.0978565 0.0412193 0.6801556 -0.0375065 0.7309463
54.723200 29.8635311 -2.4093347 15.1084232 0.0442345 0.6816578 -0.0324789 0.7296102
55.033520 30.0566139 -2.4282553 15.1222887 0.0438574 0.6836105 -0.0370552 0.7275851
55.343740 30.2598248 -2.4487157 15.1343145 0.0419033 0.6854868 -0.0393805 0.7258107
55.653990 30.4695377 -2.4720855 15.1473379 0.0476866 0.6872228 -0.0420230 0.7236607
55.964160 30.6880875 -2.4968734 15.1577463 0.0490233 0.6884111 -0.0375741 0.7226860
56.274290 30.9120712 -2.5214148 15.1668701 0.0514093 0.6894628 -0.0351077 0.7216409
56.584420 31.1435032 -2.5472002 15.1778603 0.0517409 0.6893770 -0.0336609 0.7217681
56.894350 31.3806038 -2.5730071 15.1901646 0.0505960 0.6881773 -0.0323536 0.7230528
57.204360 31.6237297 -2.5988870 15.2026644 0.0505858 0.6862113 -0.0299645 0.7250222
57.514200 31.8736935 -2.6255360 15.2180796 0.0516942 0.6833233 -0.0274969 0.7277643
57.824090 32.1285934 -2.6515772 15.2361193 0.0529245 0.6800573 -0.0268810 0.7307519
58.133900 32.3878250 -2.6784043 15.2597084 0.0518844 0.6771795 -0.0303391 0.7333591
58.443830 32.6504326 -2.7080555 15.2832546 0.0498339 0.6750552 -0.0297943 0.7354789
58.753660 32.9173584 -2.7346058 15.3075380 0.0506854 0.6740167 -0.0289514 0.7364063
59.063680 33.1806564 -2.7627387 15.3323450 0.0470027 0.6736651 -0.0291448 0.7369645
59.373860 33.4425697 -2.7904465 15.3569832 0.0471639 0.6733016 -0.0306879 0.7372236
59.683780 33.7024879 -2.8184295 15.3822794 0.0466620 0.6731059 -0.0319271 0.7373816
59.993680 33.9581718 -2.8465018 15.4064999 0.0471440 0.6728904 -0.0323559 0.7375290
60.303580 34.2152138 -2.8726962 15.4311800 0.0478444 0.6717037 -0.0285929 0.7387202
60.613290 34.4694824 -2.9000568 15.4562368 0.0564417 0.6684129 -0.0276157 0.7411315
60.923310 34.7250633 -2.9296479 15.4846287 0.0591929 0.6646235 -0.0260880 0.7443731
61.233200 34.9791908 -2.9581294 15.5169430 0.0554864 0.6604702 -0.0242845 0.7484053
61.543140 35.2328529 -2.9857605 15.5526733 0.0525276 0.6546798 -0.0251720 0.7536588
61.853030 35.4842567 -3.0124886 15.5922689 0.0517105 0.6463530 -0.0277391 0.7607788
62.162940 35.7363625 -3.0399237 15.6416759 0.0509662 0.6355352 -0.0296804 0.7698159
62.472790 35.9896927 -3.0668197 15.6969872 0.0493577 0.6251549 -0.0311429 0.7783157
62.782780 36.2386398 -3.0956581 15.7579536 0.0482011 0.6180387 -0.0326083 0.7839908
62.989540 36.4084625 -3.1141536 15.8009825 0.0475295 0.6142972 -0.0330201 0.7869495
63.196200 36.5768280 -3.1333380 15.8448944 0.0477841 0.6106309 -0.0329918 0.7897835
63.402810 36.7459030 -3.1521711 15.8908081 0.0470714 0.6070591 -0.0325648 0.7925926
63.609460 36.9158325 -3.1710727 15.9389782 0.0453472 0.6034067 -0.0314762 0.7955207
63.919450 37.1679382 -3.1987185 16.0139370 0.0436643 0.5979815 -0.0305615 0.7997359
64.125870 37.3319092 -3.2170541 16.0638046 0.0446735 0.5939742 -0.0338257 0.8025302
64.435680 37.5793686 -3.2436199 16.1435928 0.0395648 0.5899222 -0.0339506 0.8057752
64.745710 37.8174095 -3.2691698 16.2237778 0.0406555 0.5883436 -0.0401512 0.8065896
64.952280 37.9768410 -3.2870183 16.2770710 0.0372452 0.5880915 -0.0406340 0.8069139
65.262120 38.2129936 -3.3121376 16.3558769 0.0331024 0.5884026 -0.0395957 0.8069193
65.571960 38.4454994 -3.3359737 16.4304428 0.0349214 0.5888849 -0.0367667 0.8066247
65.985180 38.7516937 -3.3670516 16.5291595 0.0407504 0.5889902 -0.0384171 0.8061973
66.295140 38.9859085 -3.3917003 16.6065006 0.0380406 0.5896624 -0.0374750 0.8058826
66.605040 39.2282295 -3.4169354 16.6846142 0.0413893 0.5894036 -0.0384095 0.8058629
66.914810 39.4793015 -3.4435844 16.7649460 0.0409780 0.5891382 -0.0356281 0.8062057
67.224700 39.7338791 -3.4704399 16.8461151 0.0448237 0.5879917 -0.0313940 0.8070136
67.534610 39.9866753 -3.4972458 16.9285927 0.0459439 0.5868135 -0.0273279 0.8079556
67.844550 40.2382660 -3.5227127 17.0121479 0.0418519 0.5862638 -0.0254039 0.8086395
68.154890 40.4883118 -3.5477703 17.0948143 0.0446070 0.5852385 -0.0249641 0.8092483
68.464300 40.7331657 -3.5730247 17.1768894 0.0432112 0.5849997 -0.0236897 0.8095350
68.774690 40.9693184 -3.5968068 17.2553349 0.0419285 0.5857539 -0.0217330 0.8091119
69.187640 41.2710495 -3.6264741 17.3537140 0.0443322 0.5875890 -0.0222339 0.8076382
69.497520 41.4894333 -3.6490347 17.4251938 0.0478000 0.5890385 -0.0264924 0.8062549
69.808000 41.7046127 -3.6719780 17.4944229 0.0437610 0.5907007 -0.0230238 0.8053741
70.118000 41.9153862 -3.6938362 17.5612068 0.0459183 0.5911943 -0.0234769 0.8048787
70.429610 42.1261940 -3.7147512 17.6266289 0.0486192 0.5911731 -0.0229190 0.8047518
70.738030 42.3391075 -3.7365785 17.6941872 0.0485754 0.5909962 -0.0232900 0.8048736
71.151220 42.6203117 -3.7658408 17.7840118 0.0464835 0.5888008 -0.0207371 0.8066739
71.462150 42.8202209 -3.7867942 17.8500404 0.0462961 0.5863383 -0.0226542 0.8084249
71.874710 43.0750504 -3.8134203 17.9372883 0.0435919 0.5842133 -0.0232278 0.8100957
72.288020 43.3107796 -3.8381724 18.0187798 0.0440641 0.5824682 -0.0220800 0.8113579
72.701420 43.5335083 -3.8609405 18.0960274 0.0438024 0.5805238 -0.0230840 0.8127365
73.011570 43.6894417 -3.8764358 18.1511917 0.0423415 0.5795911 -0.0235870 0.8134648
73.322240 43.8349419 -3.8911948 18.2033882 0.0426309 0.5788227 -0.0232176 0.8140073
73.632800 43.9713745 -3.9051800 18.2520847 0.0449092 0.5777814 -0.0265507 0.8145224
73.942010 44.0987816 -3.9183059 18.2970562 0.0457622 0.5775000 -0.0254014 0.8147112
74.252330 44.2148132 -3.9315298 18.3382206 0.0437543 0.5791101 -0.0251473 0.8136858
74.562490 44.3215904 -3.9424112 18.3754330 0.0431380 0.5805894 -0.0246455 0.8126793
74.872800 44.4188309 -3.9524884 18.4084492 0.0426933 0.5818245 -0.0238107 0.8118439
75.182880 44.5069695 -3.9612000 18.4390068 0.0417877 0.5831947 -0.0247917 0.8108780
75.492900 44.5885391 -3.9691241 18.4660759 0.0435394 0.5840617 -0.0248138 0.8101608
75.802980 44.6668587 -3.9773459 18.4928837 0.0422381 0.5835776 -0.0250893 0.8105699
76.422600 44.8207016 -3.9920244 18.5481491 0.0417810 0.5734688 -0.0263922 0.8177355
76.732320 44.8989792 -4.0004711 18.5814724 0.0421573 0.5596172 -0.0276174 0.8272175
77.041770 44.9797859 -4.0089107 18.6199551 0.0410342 0.5376104 -0.0309779 0.8416244
77.351390 45.0588875 -4.0177507 18.6644020 0.0434573 0.5100012 -0.0333917 0.8584260
77.661290 45.1314392 -4.0257378 18.7130394 0.0421358 0.4901062 -0.0418507 0.8696373
78.075790 45.2233887 -4.0370274 18.7673168 0.0426089 0.5042216 -0.0428834 0.8614558
78.490350 45.3146553 -4.0485873 18.8074589 0.0454913 0.5400007 -0.0387491 0.8395405
78.904330 45.4125977 -4.0608139 18.8392677 0.0474848 0.5743693 -0.0344203 0.8164927
79.214940 45.4885292 -4.0696621 18.8610306 0.0473542 0.5912631 -0.0323715 0.8044363
79.524510 45.5602722 -4.0780954 18.8811932 0.0466614 0.5990481 -0.0299661 0.7987904
79.940110 45.6437492 -4.0873928 18.9082775 0.0469737 0.5860370 -0.0284580 0.8084208
80.350710 45.7087021 -4.0952239 18.9401302 0.0419677 0.5618169 -0.0342083 0.8254879
80.763430 45.7566566 -4.1015539 18.9638996 0.0503363 0.5335088 -0.0307075 0.8437367
81.174860 45.7935371 -4.1055646 18.9914684 0.0435972 0.5082086 -0.0358560 0.8593822
81.588120 45.8237648 -4.1085424 19.0136738 0.0425733 0.4864964 -0.0346255 0.8719575
82.001790 45.8415833 -4.1118350 19.0339012 0.0386161 0.4704962 -0.0463653 0.8803365
82.415420 45.8587151 -4.1134329 19.0463524 0.0379054 0.4600474 -0.0398365 0.8861899
