0.000000 0.0000000 0.0000000 0.0000000 0.0000000 0.0000000 0.0000000 1.0000000
0.310908 0.0013053 -0.0005237 0.0435619 0.0001574 0.0103381 0.0036925 0.9999397
0.414483 0.0015887 -0.0006796 0.0586152 0.0008564 0.0093186 0.0044313 0.9999464
0.518120 0.0016486 -0.0007918 0.0742081 0.0015769 0.0060031 0.0057265 0.9999644
0.725215 0.0005006 -0.0012726 0.1060369 0.0026116 -0.0083792 0.0061647 0.9999425
0.828918 -0.0012194 -0.0014941 0.1227458 0.0025490 -0.0179892 0.0038893 0.9998274
0.932502 -0.0028750 -0.0018700 0.1396615 0.0031610 -0.0280247 0.0020617 0.9996001
1.139865 -0.0070189 -0.0023589 0.1755715 0.0029303 -0.0487864 0.0027674 0.9988011
1.243510 -0.0098384 -0.0025650 0.1944123 0.0025112 -0.0586639 0.0033778 0.9982689
1.451124 -0.0168775 -0.0031430 0.2335114 0.0018555 -0.0754256 0.0022521 0.9971471
1.659233 -0.0251670 -0.0038568 0.2750241 0.0022216 -0.0883036 0.0027450 0.9960874
1.867090 -0.0338664 -0.0045438 0.3195368 0.0042110 -0.0973339 0.0039333 0.9952351
2.076388 -0.0439666 -0.0052502 0.3662294 0.0064102 -0.1053899 0.0041585 0.9944016
2.283102 -0.0546205 -0.0064427 0.4159983 0.0072097 -0.1136271 0.0092184 0.9934545
2.491106 -0.0684833 -0.0075451 0.4675645 0.0110252 -0.1223286 0.0067416 0.9924055
2.699213 -0.0832698 -0.0093642 0.5219477 0.0133033 -0.1312601 0.0063657 0.9912382
2.907234 -0.0994301 -0.0115666 0.5773675 0.0154938 -0.1396974 0.0071117 0.9900475
3.115221 -0.1175399 -0.0142245 0.6357372 0.0200154 -0.1479667 0.0064802 0.9887686
3.323567 -0.1366224 -0.0175215 0.6949194 0.0280038 -0.1531264 0.0062140 0.9877902
3.531593 -0.1574542 -0.0220492 0.7567880 0.0371143 -0.1573911 0.0044548 0.9868286
3.742035 -0.1800853 -0.0276056 0.8207176 0.0444937 -0.1620270 0.0016953 0.9857813
3.947360 -0.2044974 -0.0344109 0.8869565 0.0505477 -0.1669554 -0.0009744 0.9846674
4.259272 -0.2424052 -0.0454752 0.9881632 0.0527264 -0.1754523 -0.0029563 0.9830706
4.467802 -0.2695964 -0.0533721 1.0566479 0.0511590 -0.1820595 -0.0034261 0.9819497
4.676366 -0.2986843 -0.0607920 1.1264405 0.0472182 -0.1906710 -0.0047622 0.9805062
4.882642 -0.3305198 -0.0680601 1.1981957 0.0433803 -0.1994939 -0.0083064 0.9789031
5.090371 -0.3626337 -0.0752042 1.2688056 0.0422237 -0.2092315 -0.0086754 0.9769156
5.298151 -0.3972923 -0.0817986 1.3410816 0.0409847 -0.2182199 -0.0093330 0.9749939
5.505885 -0.4337836 -0.0886164 1.4156400 0.0374121 -0.2271309 -0.0082789 0.9731101
5.713619 -0.4732858 -0.0946294 1.4910843 0.0326262 -0.2351801 -0.0088891 0.9713634
5.921350 -0.5149581 -0.1001385 1.5682263 0.0311842 -0.2424680 -0.0078086 0.9696267
6.129103 -0.5591583 -0.1055929 1.6464903 0.0294317 -0.2485368 -0.0070460 0.9681495
6.336918 -0.6050085 -0.1107782 1.7286984 0.0292380 -0.2536157 -0.0052136 0.9668490
6.545512 -0.6535454 -0.1168579 1.8115990 0.0292664 -0.2551868 -0.0062676 0.9664284
6.752638 -0.7028846 -0.1227778 1.8963432 0.0278666 -0.2555108 -0.0056283 0.9663881
6.960403 -0.7535493 -0.1281166 1.9841545 0.0278251 -0.2573919 -0.0028856 0.9659021
7.168161 -0.8052145 -0.1343007 2.0719039 0.0246239 -0.2610154 -0.0022164 0.9650180
7.375748 -0.8585464 -0.1401010 2.1602502 0.0211536 -0.2674163 -0.0009462 0.9633484
7.583886 -0.9129000 -0.1459655 2.2475147 0.0233386 -0.2778699 0.0016538 0.9603338
7.790766 -0.9710333 -0.1515267 2.3340631 0.0209196 -0.2882728 0.0000865 0.9573198
7.998481 -1.0305154 -0.1565665 2.4195602 0.0204260 -0.2960034 -0.0026991 0.9549647
8.206229 -1.0901501 -0.1616623 2.5035987 0.0261438 -0.3014956 -0.0017276 0.9531075
8.413979 -1.1508484 -0.1679326 2.5868218 0.0249531 -0.3068373 -0.0021373 0.9514324
8.621720 -1.2127371 -0.1728269 2.6684933 0.0213670 -0.3115278 -0.0036031 0.9499899
8.829907 -1.2757745 -0.1781968 2.7522640 0.0225867 -0.3170235 -0.0036284 0.9481418
9.038033 -1.3396316 -0.1840208 2.8351035 0.0234946 -0.3235258 -0.0017084 0.9459261
9.244879 -1.4053347 -0.1892788 2.9172745 0.0228946 -0.3307612 -0.0019273 0.9434348
9.452542 -1.4722743 -0.1952997 2.9979143 0.0234297 -0.3388174 -0.0006799 0.9405601
9.659968 -1.5414143 -0.2009846 3.0783000 0.0242003 -0.3469589 0.0005956 0.9375678
9.869005 -1.6109800 -0.2073563 3.1579490 0.0243961 -0.3559023 0.0016301 0.9342033
10.074930 -1.6849790 -0.2131073 3.2367940 0.0228180 -0.3645531 0.0026851 0.9308991
10.282360 -1.7592757 -0.2194056 3.3157492 0.0237154 -0.3736336 0.0039153 0.9272649
10.593630 -1.8762798 -0.2290955 3.4320693 0.0233344 -0.3845246 0.0029542 0.9228151
10.801110 -1.9564512 -0.2348676 3.5078771 0.0255042 -0.3907236 0.0034188 0.9201483
11.008770 -2.0379605 -0.2416862 3.5844798 0.0268360 -0.3973852 0.0043376 0.9172491
11.216240 -2.1209033 -0.2483283 3.6597567 0.0256430 -0.4035479 0.0043836 0.9145886
11.423780 -2.2060966 -0.2553825 3.7352843 0.0254133 -0.4096248 0.0055822 0.9118829
11.631420 -2.2940984 -0.2620016 3.8107471 0.0250831 -0.4145292 0.0063339 0.9096682
11.839050 -2.3803682 -0.2692097 3.8839350 0.0259857 -0.4192723 0.0097123 0.9074366
12.046270 -2.4683201 -0.2765204 3.9571428 0.0249265 -0.4258316 0.0140927 0.9043493
12.253600 -2.5581045 -0.2843372 4.0292797 0.0226473 -0.4358872 0.0176080 0.8995440
12.460990 -2.6505487 -0.2918921 4.0990548 0.0211904 -0.4459612 0.0172183 0.8946357
12.668390 -2.7452111 -0.2991116 4.1668844 0.0229316 -0.4565548 0.0182349 0.8892128
12.875730 -2.8417869 -0.3070401 4.2327218 0.0220254 -0.4670974 0.0198501 0.8837086
13.083110 -2.9406009 -0.3150718 4.2972574 0.0211060 -0.4779702 0.0206770 0.8778790
13.290730 -3.0415297 -0.3233533 4.3600616 0.0222379 -0.4885859 0.0206755 0.8719873
13.498010 -3.1437490 -0.3320164 4.4199915 0.0231757 -0.4984592 0.0203777 0.8663636
13.705510 -3.2480972 -0.3403279 4.4785333 0.0210580 -0.5070327 0.0193628 0.8614520
13.912900 -3.3540606 -0.3485886 4.5350561 0.0213248 -0.5143550 0.0212703 0.8570483
14.120270 -3.4614029 -0.3573672 4.5909100 0.0223672 -0.5206206 0.0239300 0.8531595
14.327630 -3.5697451 -0.3667553 4.6440883 0.0222754 -0.5249072 0.0265970 0.8504522
14.538380 -3.6780558 -0.3758152 4.6992140 0.0176553 -0.5292769 0.0268844 0.8478393
14.742390 -3.7861912 -0.3848493 4.7509851 0.0156982 -0.5320659 0.0275101 0.8461103
14.950000 -3.8940430 -0.3931036 4.8024321 0.0131415 -0.5344690 0.0281878 0.8446157
15.157490 -3.9991124 -0.3999912 4.8519597 0.0115588 -0.5366309 0.0307211 0.8431785
15.365030 -4.1042509 -0.4083929 4.8993711 0.0087090 -0.5381865 0.0306717 0.8422225
15.572680 -4.2081380 -0.4155091 4.9463158 0.0079777 -0.5393322 0.0330424 0.8414068
15.780370 -4.3088112 -0.4232289 4.9918137 0.0091320 -0.5391955 0.0334157 0.8414679
15.988000 -4.4056025 -0.4306200 5.0369244 0.0110088 -0.5366108 0.0320777 0.8431481
16.195700 -4.5013752 -0.4375120 5.0828338 0.0119675 -0.5316818 0.0323909 0.8462400
16.403370 -4.5958042 -0.4448951 5.1292925 0.0124203 -0.5247657 0.0300350 0.8506260
16.611110 -4.6889610 -0.4521500 5.1767235 0.0128272 -0.5157351 0.0288170 0.8561673
16.818850 -4.7797160 -0.4591916 5.2261639 0.0154527 -0.5059404 0.0285472 0.8619574
16.922750 -4.8246689 -0.4629221 5.2519708 0.0168797 -0.5003120 0.0279614 0.8652290
17.130540 -4.9127998 -0.4700876 5.3034940 0.0169997 -0.4873017 0.0253167 0.8727010
17.234250 -4.9550366 -0.4743459 5.3299971 0.0158871 -0.4808170 0.0243824 0.8763379
17.338110 -4.9973764 -0.4775123 5.3572655 0.0158276 -0.4746102 0.0242324 0.8797201
17.442380 -5.0386581 -0.4808825 5.3852649 0.0162152 -0.4686016 0.0243406 0.8829253
17.545790 -5.0794392 -0.4843139 5.4130640 0.0169066 -0.4624387 0.0244276 0.8861535
17.649360 -5.1194134 -0.4878772 5.4411750 0.0166958 -0.4562600 0.0251217 0.8893351
17.753120 -5.1585617 -0.4911690 5.4703121 0.0167429 -0.4504864 0.0251546 0.8922718
17.857050 -5.1969838 -0.4946491 5.4986353 0.0159218 -0.4444843 0.0241392 0.8953198
17.960530 -5.2347674 -0.4977029 5.5275812 0.0145487 -0.4387126 0.0232685 0.8982083
18.064140 -5.2717705 -0.5006821 5.5564790 0.0144132 -0.4329938 0.0226191 0.9009978
18.167890 -5.3079634 -0.5036521 5.5857158 0.0154795 -0.4271466 0.0217919 0.9037872
18.271640 -5.3433213 -0.5064162 5.6150494 0.0165716 -0.4215716 0.0211516 0.9063969
18.479100 -5.4123292 -0.5125691 5.6747980 0.0155984 -0.4105679 0.0200770 0.9114755
18.582900 -5.4460883 -0.5154895 5.7052221 0.0145388 -0.4052962 0.0197084 0.9138573
18.686620 -5.4789190 -0.5179142 5.7355762 0.0143754 -0.4002800 0.0195632 0.9160712
18.894080 -5.5434828 -0.5230886 5.7962422 0.0146554 -0.3905882 0.0185232 0.9202625
18.997780 -5.5748601 -0.5255378 5.8269901 0.0135899 -0.3859864 0.0175998 0.9222364
19.101510 -5.6056709 -0.5279390 5.8579416 0.0125629 -0.3812938 0.0165107 0.9242211
19.309140 -5.6652966 -0.5323620 5.9193144 0.0124766 -0.3714841 0.0152079 0.9282309
19.412890 -5.6935730 -0.5345486 5.9493103 0.0124958 -0.3661610 0.0136986 0.9303668
19.620500 -5.7486763 -0.5385704 6.0106335 0.0100179 -0.3534859 0.0112466 0.9353186
19.828250 -5.8018909 -0.5424556 6.0723295 0.0107258 -0.3390103 0.0093176 0.9406754
20.035950 -5.8509421 -0.5457044 6.1343484 0.0115794 -0.3241348 0.0092272 0.9458950
20.243550 -5.8980184 -0.5490978 6.1977758 0.0096182 -0.3081836 0.0080595 0.9512442
20.451300 -5.9433689 -0.5521182 6.2624078 0.0069880 -0.2925203 0.0075271 0.9562042
20.658750 -5.9860945 -0.5546125 6.3287702 0.0050224 -0.2791711 0.0080819 0.9601942
20.868590 -6.0275693 -0.5567886 6.3961620 0.0051657 -0.2669804 0.0073348 0.9636602
21.074000 -6.0680118 -0.5587424 6.4653502 0.0048758 -0.2545160 0.0058070 0.9670388
21.281800 -6.1064301 -0.5611069 6.5361767 0.0052034 -0.2436512 0.0066716 0.9698260
21.488760 -6.1446052 -0.5628906 6.6084690 0.0051259 -0.2354499 0.0067053 0.9718499
21.696840 -6.1824436 -0.5648317 6.6830220 0.0017959 -0.2286993 0.0041746 0.9734865
22.007420 -6.2385659 -0.5659016 6.7994747 -0.0011189 -0.2179489 0.0016223 0.9759582
22.318740 -6.2942142 -0.5668992 6.9218197 -0.0041304 -0.2058543 0.0014186 0.9785729
22.630130 -6.3469520 -0.5673125 7.0494757 -0.0036212 -0.1915870 0.0034910 0.9814628
22.837890 -6.3806572 -0.5678228 7.1377983 -0.0021322 -0.1788992 0.0028094 0.9838611
23.045760 -6.4139991 -0.5683472 7.2301497 -0.0036263 -0.1605798 -0.0005544 0.9870160
23.357620 -6.4567471 -0.5682367 7.3748322 -0.0051749 -0.1283587 -0.0034965 0.9917082
23.669490 -6.4911299 -0.5680257 7.5268521 -0.0103638 -0.0944194 -0.0063973 0.9954580
23.981240 -6.5160117 -0.5661300 7.6865945 -0.0110127 -0.0606635 -0.0082820 0.9980631
24.292870 -6.5320048 -0.5633128 7.8573036 -0.0123815 -0.0297705 -0.0081427 0.9994469
24.604240 -6.5381637 -0.5607831 8.0316181 -0.0136646 0.0011719 -0.0098545 0.9998574
24.915620 -6.5333300 -0.5579067 8.2113371 -0.0117191 0.0314219 -0.0119640 0.9993659
25.226870 -6.5168419 -0.5560283 8.3920050 -0.0083959 0.0600536 -0.0131557 0.9980732
25.537870 -6.4887929 -0.5580208 8.5771475 -0.0005296 0.0871400 -0.0153237 0.9960781
25.848990 -6.4500432 -0.5612637 8.7725325 0.0022952 0.1139793 -0.0171297 0.9933328
26.056490 -6.4172840 -0.5636978 8.9052076 0.0051824 0.1314207 -0.0164599 0.9911765
26.367740 -6.3584538 -0.5698152 9.1023760 0.0069376 0.1575415 -0.0192333 0.9873007
26.575260 -6.3126869 -0.5747395 9.2355518 0.0099620 0.1756028 -0.0207447 0.9841921
26.782860 -6.2623978 -0.5805935 9.3680019 0.0134691 0.1939730 -0.0207840 0.9806942
27.094360 -6.1752462 -0.5902894 9.5696220 0.0180356 0.2284169 -0.0243390 0.9730920
27.405990 -6.0704851 -0.6029438 9.7665043 0.0209149 0.2696380 -0.0298409 0.9622720
27.613650 -5.9916496 -0.6140833 9.8903427 0.0224428 0.2964592 -0.0307032 0.9542880
27.821250 -5.9060736 -0.6257643 10.0094585 0.0270122 0.3223723 -0.0313087 0.9457093
28.028750 -5.8128014 -0.6385206 10.1262779 0.0298560 0.3463426 -0.0317829 0.9370940
28.340050 -5.6596794 -0.6594379 10.2959766 0.0328964 0.3781524 -0.0311872 0.9246328
28.547500 -5.5502911 -0.6742743 10.4036674 0.0370049 0.3969152 -0.0309313 0.9165873
28.754980 -5.4357328 -0.6899837 10.5088949 0.0389577 0.4154826 -0.0311726 0.9082317
28.962310 -5.3175321 -0.7076847 10.6090574 0.0369693 0.4353609 -0.0327274 0.8989010
29.169630 -5.1990767 -0.7243838 10.7004519 0.0343440 0.4550223 -0.0351355 0.8891236
29.376900 -5.0782456 -0.7413582 10.7859716 0.0348698 0.4742029 -0.0381793 0.8788959
29.584410 -4.9546404 -0.7583604 10.8640862 0.0325674 0.4947019 -0.0387583 0.8675870
29.791760 -4.8294396 -0.7743213 10.9348297 0.0299192 0.5157010 -0.0383036 0.8553889
29.999280 -4.7028322 -0.7907227 10.9992161 0.0284221 0.5361045 -0.0384145 0.8427980
30.206740 -4.5730371 -0.8065674 11.0568161 0.0292392 0.5551855 -0.0377374 0.8303553
30.414180 -4.4436445 -0.8214298 11.1073732 0.0299479 0.5737212 -0.0359948 0.8177111
30.621900 -4.3151855 -0.8367577 11.1506519 0.0313360 0.5908781 -0.0376859 0.8052707
30.829180 -4.1896954 -0.8527078 11.1875687 0.0360676 0.6065751 -0.0446618 0.7929509
31.036690 -4.0642033 -0.8692403 11.2203579 0.0355268 0.6224110 -0.0485102 0.7803776
31.244130 -3.9378858 -0.8857442 11.2472897 0.0330762 0.6377172 -0.0513071 0.7678478
31.451710 -3.8154747 -0.9034258 11.2683611 0.0316046 0.6521259 -0.0512421 0.7557164
31.659170 -3.6926122 -0.9200411 11.2852535 0.0312934 0.6662627 -0.0543833 0.7430727
31.866620 -3.5708303 -0.9361906 11.2968531 0.0305592 0.6794360 -0.0548542 0.7310430
32.075790 -3.4515691 -0.9521126 11.3040829 0.0281979 0.6903812 -0.0515894 0.7210528
32.281410 -3.3338070 -0.9671734 11.3075094 0.0277998 0.6986380 -0.0502938 0.7131638
32.592540 -3.1635368 -0.9901443 11.3107300 0.0299026 0.7059643 -0.0540417 0.7055492
32.799930 -3.0533192 -1.0056506 11.3112755 0.0332541 0.7092763 -0.0586431 0.7016996
33.007250 -2.9432058 -1.0209429 11.3101597 0.0276069 0.7118734 -0.0515910 0.6998661
33.214750 -2.8359454 -1.0344784 11.3088827 0.0269973 0.7122784 -0.0512111 0.6995055
33.422000 -2.7301438 -1.0478752 11.3081970 0.0283723 0.7113452 -0.0540406 0.7001876
33.629370 -2.6254842 -1.0617703 11.3078003 0.0282851 0.7092526 -0.0557315 0.7021786
33.836860 -2.5242367 -1.0757329 11.3086433 0.0276755 0.7061543 -0.0577259 0.7051581
34.044850 -2.4223640 -1.0891486 11.3105717 0.0267299 0.7016421 -0.0569510 0.7097468
34.251630 -2.3213902 -1.1028459 11.3134890 0.0280710 0.6965423 -0.0554996 0.7148151
34.459140 -2.2214694 -1.1160386 11.3185005 0.0269425 0.6917191 -0.0555378 0.7195237
34.770400 -2.0719030 -1.1350791 11.3281717 0.0252956 0.6845015 -0.0549665 0.7264960
34.977900 -1.9740641 -1.1479533 11.3356915 0.0270831 0.6794194 -0.0553680 0.7311568
35.185510 -1.8763878 -1.1605309 11.3449268 0.0264206 0.6744520 -0.0574993 0.7356020
35.393080 -1.7787244 -1.1733719 11.3553619 0.0248114 0.6695380 -0.0569068 0.7401789
35.600660 -1.6816609 -1.1861056 11.3675995 0.0242572 0.6649389 -0.0555191 0.7444363
35.808130 -1.5851208 -1.1977736 11.3799944 0.0260394 0.6593990 -0.0550396 0.7493234
36.015630 -1.4890630 -1.2109181 11.3945580 0.0283427 0.6524015 -0.0548871 0.7553518
36.223240 -1.3941113 -1.2230283 11.4110394 0.0278710 0.6459265 -0.0552648 0.7608863
36.430690 -1.2980218 -1.2355753 11.4285040 0.0260254 0.6423349 -0.0558451 0.7639437
36.638140 -1.2016649 -1.2475326 11.4468651 0.0273966 0.6401058 -0.0566502 0.7657053
36.742000 -1.1526339 -1.2535300 11.4563990 0.0276458 0.6391049 -0.0563408 0.7665548
36.949590 -1.0531744 -1.2665081 11.4756079 0.0291307 0.6364737 -0.0552414 0.7687659
37.157030 -0.9550180 -1.2793489 11.4960232 0.0288152 0.6337772 -0.0542531 0.7710724
37.364510 -0.8546156 -1.2917516 11.5168247 0.0281544 0.6307474 -0.0516073 0.7737582
37.572000 -0.7557905 -1.3041666 11.5385971 0.0305778 0.6259382 -0.0517043 0.7775558
37.779750 -0.6586499 -1.3164194 11.5618992 0.0302668 0.6206498 -0.0508434 0.7818521
37.987180 -0.5628736 -1.3280784 11.5869102 0.0319013 0.6136337 -0.0492891 0.7874050
38.194630 -0.4672306 -1.3400190 11.6135626 0.0336681 0.6048452 -0.0475686 0.7942078
38.402010 -0.3720865 -1.3524532 11.6420145 0.0321284 0.5958065 -0.0463169 0.8011473
38.609730 -0.2794139 -1.3644220 11.6728163 0.0323809 0.5869308 -0.0485978 0.8075283
38.817070 -0.1859334 -1.3764238 11.7059259 0.0305864 0.5780173 -0.0499269 0.8139212
39.024680 -0.0935531 -1.3878766 11.7403097 0.0292138 0.5706594 -0.0492788 0.8191862
39.232130 -0.0013561 -1.3994491 11.7769871 0.0277667 0.5639938 -0.0488420 0.8238655
39.439710 0.0884671 -1.4105796 11.8140554 0.0280174 0.5568931 -0.0497264 0.8286208
39.647300 0.1777859 -1.4217167 11.8531199 0.0277666 0.5495669 -0.0504706 0.8334614
39.854900 0.2663841 -1.4330127 11.8932095 0.0264903 0.5417701 -0.0490903 0.8386737
40.063320 0.3532634 -1.4432589 11.9346590 0.0239467 0.5340711 -0.0472197 0.8437802
40.270040 0.4387274 -1.4533491 11.9780521 0.0225350 0.5260487 -0.0480199 0.8487986
40.477820 0.5230460 -1.4628879 12.0231323 0.0208539 0.5182862 -0.0477998 0.8536156
40.685040 0.6067119 -1.4723794 12.0691948 0.0208330 0.5101144 -0.0477988 0.8585246
40.892540 0.6882420 -1.4811447 12.1173601 0.0207627 0.5023123 -0.0473723 0.8631380
41.100140 0.7693977 -1.4899578 12.1656532 0.0187602 0.4954153 -0.0460595 0.8672314
41.307630 0.8505425 -1.4987214 12.2153168 0.0159233 0.4908838 -0.0450770 0.8699124
41.515430 0.9325690 -1.5066758 12.2665606 0.0129543 0.4881870 -0.0434606 0.8715600
41.723100 1.0142989 -1.5140430 12.3178902 0.0127384 0.4863312 -0.0432084 0.8726126
41.930550 1.0961223 -1.5216458 12.3697367 0.0141764 0.4845861 -0.0435790 0.8735423
42.138180 1.1789575 -1.5291194 12.4223804 0.0137346 0.4829828 -0.0410996 0.8745569
42.345760 1.2612510 -1.5365424 12.4756699 0.0114964 0.4819653 -0.0388146 0.8752546
42.553870 1.3446612 -1.5436651 12.5296507 0.0095812 0.4811192 -0.0376224 0.8757951
42.864650 1.4695873 -1.5531791 12.6106949 0.0074912 0.4802327 -0.0376172 0.8763021
43.072130 1.5533061 -1.5590640 12.6648960 0.0050714 0.4797040 -0.0363237 0.8766635
43.383520 1.6770906 -1.5674244 12.7454720 0.0031191 0.4780980 -0.0347707 0.8776125
43.591170 1.7589688 -1.5722365 12.7996407 0.0014964 0.4763257 -0.0337058 0.8786213
43.798460 1.8406987 -1.5772491 12.8542709 0.0004874 0.4738028 -0.0326524 0.8800253
44.109610 1.9630017 -1.5835217 12.9380150 -0.0020820 0.4666784 -0.0294669 0.8839337
44.316920 2.0422449 -1.5875089 12.9941387 -0.0019604 0.4601052 -0.0291641 0.8873832
44.524290 2.1212530 -1.5906789 13.0525894 -0.0036660 0.4533093 -0.0286209 0.8908861
44.731960 2.1999564 -1.5940818 13.1120930 -0.0051700 0.4455718 -0.0256565 0.8948635
44.940270 2.2770457 -1.5966522 13.1731567 -0.0040664 0.4357505 -0.0246968 0.8997194
45.250540 2.3911505 -1.6000324 13.2699728 -0.0051863 0.4199840 -0.0224806 0.9072382
45.458050 2.4660087 -1.6025990 13.3362226 -0.0071762 0.4088511 -0.0217903 0.9123127
45.769260 2.5764318 -1.6051145 13.4408226 -0.0126348 0.3926396 -0.0179919 0.9194296
45.976640 2.6495209 -1.6052983 13.5135927 -0.0121099 0.3809382 -0.0136846 0.9244199
46.184260 2.7209949 -1.6052809 13.5895462 -0.0131060 0.3678779 -0.0109877 0.9297168
46.391460 2.7919259 -1.6045651 13.6691074 -0.0148849 0.3551198 -0.0085080 0.9346635
46.598920 2.8598223 -1.6038578 13.7496433 -0.0163120 0.3420013 -0.0066071 0.9395347
46.806400 2.9266071 -1.6024989 13.8336306 -0.0174424 0.3293947 -0.0071456 0.9440042
47.013900 2.9916277 -1.6008465 13.9210577 -0.0190216 0.3196651 -0.0097082 0.9472899
47.221650 3.0559464 -1.5993974 14.0087318 -0.0187303 0.3102372 -0.0118632 0.9504006
47.429220 3.1183338 -1.5976686 14.0989962 -0.0229000 0.3017179 -0.0139043 0.9530208
47.636820 3.1802626 -1.5948676 14.1921253 -0.0252630 0.2942398 -0.0177436 0.9552329
47.844470 3.2409282 -1.5923731 14.2873459 -0.0285040 0.2890947 -0.0214547 0.9566355
48.052150 3.3020625 -1.5891446 14.3826160 -0.0240043 0.2861935 -0.0253358 0.9575360
48.259930 3.3626704 -1.5864170 14.4770393 -0.0223883 0.2847939 -0.0280885 0.9579155
48.467570 3.4239254 -1.5860693 14.5739326 -0.0238197 0.2842532 -0.0278101 0.9580498
48.778960 3.5173626 -1.5833375 14.7200918 -0.0218867 0.2829170 -0.0265433 0.9585272
48.986440 3.5799007 -1.5819018 14.8182116 -0.0212617 0.2804607 -0.0251032 0.9593016
49.193760 3.6421647 -1.5804000 14.9184856 -0.0215480 0.2752149 -0.0240940 0.9608392
49.401170 3.7031398 -1.5789208 15.0189896 -0.0213494 0.2652631 -0.0220926 0.9636865
49.608640 3.7601423 -1.5768659 15.1219406 -0.0214943 0.2534517 -0.0225188 0.9668470
49.816010 3.8148150 -1.5756469 15.2247753 -0.0234057 0.2406212 -0.0232137 0.9700592
50.023270 3.8668337 -1.5735083 15.3291531 -0.0242240 0.2275073 -0.0220406 0.9732255
50.230760 3.9160471 -1.5710051 15.4350748 -0.0248501 0.2141255 -0.0221370 0.9762391
50.438290 3.9614913 -1.5682659 15.5422173 -0.0246783 0.2010731 -0.0255054 0.9789332
50.645900 4.0037179 -1.5656817 15.6506548 -0.0257594 0.1909791 -0.0302308 0.9807903
50.853640 4.0452895 -1.5632766 15.7593050 -0.0259833 0.1845700 -0.0310564 0.9819849
51.061270 4.0858817 -1.5605674 15.8676128 -0.0252187 0.1798736 -0.0294862 0.9829242
51.268910 4.1258163 -1.5585275 15.9775047 -0.0241796 0.1746819 -0.0282276 0.9839231
51.476390 4.1642475 -1.5563066 16.0857887 -0.0223036 0.1691233 -0.0282357 0.9849378
51.683890 4.2012835 -1.5535691 16.1955070 -0.0226027 0.1623302 -0.0285438 0.9860646
51.891290 4.2358737 -1.5508008 16.3059101 -0.0255894 0.1556773 -0.0289768 0.9870512
52.098770 4.2691922 -1.5483189 16.4154568 -0.0230170 0.1508245 -0.0278562 0.9878999
52.306140 4.3015766 -1.5454068 16.5231457 -0.0218026 0.1478742 -0.0261611 0.9884197
52.513900 4.3327241 -1.5440624 16.6295490 -0.0238046 0.1509316 -0.0289862 0.9878324
52.825640 4.3820720 -1.5409141 16.7839069 -0.0248459 0.1680896 -0.0332909 0.9848961
53.033270 4.4174924 -1.5390577 16.8813477 -0.0250200 0.1768696 -0.0312170 0.9834209
53.240640 4.4532685 -1.5375571 16.9757309 -0.0232052 0.1812059 -0.0297524 0.9827211
53.448020 4.4877834 -1.5361482 17.0678158 -0.0214939 0.1794638 -0.0279189 0.9831334
53.655390 4.5202718 -1.5351095 17.1597137 -0.0204729 0.1715989 -0.0249905 0.9846371
53.862640 4.5507207 -1.5340903 17.2514706 -0.0200078 0.1585385 -0.0219164 0.9869067
54.069890 4.5787878 -1.5325058 17.3440132 -0.0195424 0.1397830 -0.0176701 0.9898316
54.277140 4.6017809 -1.5311913 17.4375076 -0.0183881 0.1173237 -0.0158895 0.9927963
54.380770 4.6112704 -1.5305743 17.4847469 -0.0181077 0.1049150 -0.0156565 0.9941931
54.588020 4.6268349 -1.5287542 17.5806961 -0.0157397 0.0775614 -0.0155334 0.9967423
54.795390 4.6358924 -1.5274048 17.6759644 -0.0152556 0.0480510 -0.0162216 0.9985966
55.002770 4.6398134 -1.5254383 17.7720337 -0.0148341 0.0168835 -0.0161997 0.9996161
55.210270 4.6375031 -1.5245097 17.8681507 -0.0138656 -0.0129751 -0.0159375 0.9996926
55.418020 4.6297269 -1.5233006 17.9649143 -0.0124315 -0.0363647 -0.0184602 0.9990907
55.522020 4.6242375 -1.5222502 18.0143185 -0.0141849 -0.0447105 -0.0211219 0.9986759
55.730050 4.6123953 -1.5206987 18.1135254 -0.0167252 -0.0531230 -0.0260402 0.9981083
55.938270 4.6003227 -1.5186003 18.2135639 -0.0108304 -0.0547651 -0.0283173 0.9980389
56.146400 4.5887642 -1.5175710 18.3163872 -0.0102363 -0.0523086 -0.0294771 0.9981433
56.354520 4.5785379 -1.5162052 18.4204330 -0.0093665 -0.0497065 -0.0277186 0.9983352
56.562530 4.5674400 -1.5153654 18.5267448 -0.0045068 -0.0472428 -0.0259421 0.9985363
56.770390 4.5567732 -1.5153741 18.6358261 -0.0042240 -0.0455379 -0.0254930 0.9986283
56.978150 4.5452185 -1.5148772 18.7474480 -0.0058283 -0.0447794 -0.0274293 0.9986033
57.185780 4.5335288 -1.5144241 18.8610268 -0.0055759 -0.0446685 -0.0296654 0.9985458
57.393270 4.5219526 -1.5142053 18.9758816 -0.0044188 -0.0454017 -0.0307583 0.9984854
57.600640 4.5095797 -1.5145748 19.0922318 -0.0019722 -0.0472777 -0.0292630 0.9984511
57.808020 4.4971056 -1.5150218 19.2108994 -0.0030200 -0.0533057 -0.0242744 0.9982786
58.119020 4.4744802 -1.5163858 19.3854599 -0.0018427 -0.0677462 -0.0188911 0.9975220
58.326530 4.4566393 -1.5173198 19.5014896 -0.0013875 -0.0774435 -0.0178056 0.9968368
58.534020 4.4365053 -1.5189509 19.6164551 -0.0021479 -0.0866335 -0.0170090 0.9960927
58.741650 4.4142427 -1.5203047 19.7305870 -0.0004844 -0.0955423 -0.0178076 0.9952660
58.949150 4.3897104 -1.5219131 19.8443146 0.0001620 -0.1034158 -0.0173164 0.9944875
59.156650 4.3646007 -1.5234451 19.9571991 0.0008172 -0.1101311 -0.0162440 0.9937840
59.364270 4.3383789 -1.5251820 20.0702553 0.0036194 -0.1162858 -0.0125290 0.9931301
59.571770 4.3102679 -1.5270575 20.1828823 0.0062741 -0.1219994 -0.0081394 0.9924769
59.779400 4.2808747 -1.5293508 20.2955894 0.0044885 -0.1268940 -0.0072077 0.9918799
59.987020 4.2497768 -1.5314950 20.4082489 0.0044056 -0.1299922 -0.0080690 0.9914724
60.194660 4.2189069 -1.5338928 20.5218277 0.0010924 -0.1324023 -0.0064288 0.9911746
60.402270 4.1876698 -1.5350527 20.6348915 -0.0003015 -0.1331613 -0.0025369 0.9910911
60.506060 4.1718855 -1.5356367 20.6921310 -0.0011728 -0.1336590 0.0000266 0.9910267
60.713810 4.1405706 -1.5369830 20.8054466 -0.0011251 -0.1346207 0.0031479 0.9908916
60.817540 4.1253109 -1.5379857 20.8616772 -0.0011565 -0.1353859 0.0038093 0.9907849
61.025270 4.0926661 -1.5392445 20.9760208 -0.0026316 -0.1366699 0.0038210 0.9906058
61.128990 4.0762668 -1.5399194 21.0329475 -0.0037432 -0.1372886 0.0026931 0.9905204
61.336500 4.0427103 -1.5407072 21.1464825 -0.0058817 -0.1377768 0.0002434 0.9904458
61.440150 4.0261564 -1.5407840 21.2031975 -0.0064659 -0.1376320 -0.0004641 0.9904622
61.647800 3.9937406 -1.5409927 21.3164787 -0.0079367 -0.1361667 -0.0014042 0.9906532
61.751640 3.9775305 -1.5408651 21.3733463 -0.0090694 -0.1353447 -0.0011624 0.9907564
61.959050 3.9457130 -1.5401187 21.4855652 -0.0110318 -0.1338345 -0.0030006 0.9909378
62.166620 3.9141908 -1.5396526 21.5966358 -0.0116522 -0.1321618 -0.0040310 0.9911515
62.374040 3.8835759 -1.5387850 21.7076454 -0.0122484 -0.1307905 -0.0033605 0.9913287
62.581550 3.8539915 -1.5378370 21.8181362 -0.0157194 -0.1298600 -0.0015420 0.9914066
62.789040 3.8249626 -1.5364730 21.9271660 -0.0168079 -0.1288375 -0.0000274 0.9915233
62.996620 3.7967863 -1.5347376 22.0348263 -0.0172974 -0.1281844 0.0024147 0.9915965
63.203960 3.7686133 -1.5331602 22.1415977 -0.0170937 -0.1282614 0.0058688 0.9915757
63.411420 3.7407699 -1.5313027 22.2477093 -0.0184047 -0.1284225 0.0070358 0.9915238
63.618820 3.7126894 -1.5297294 22.3521366 -0.0202378 -0.1286898 0.0068167 0.9914550
63.826160 3.6848202 -1.5279722 22.4556484 -0.0200290 -0.1290482 0.0071153 0.9914105
64.033590 3.6575747 -1.5255768 22.5580444 -0.0213284 -0.1296198 0.0074885 0.9913061
64.241030 3.6302323 -1.5234455 22.6592331 -0.0220278 -0.1303425 0.0078962 0.9911929
64.448610 3.6029425 -1.5211343 22.7595387 -0.0223771 -0.1305621 0.0063052 0.9911675
64.656230 3.5758018 -1.5189002 22.8582954 -0.0241077 -0.1304314 0.0053295 0.9911498
64.863720 3.5486441 -1.5157651 22.9566364 -0.0260979 -0.1302908 0.0040965 0.9911238
65.071210 3.5221653 -1.5123091 23.0545921 -0.0302216 -0.1314399 0.0043050 0.9908540
65.278910 3.4957838 -1.5084498 23.1502552 -0.0332057 -0.1334635 0.0055990 0.9904814
65.486120 3.4692216 -1.5037460 23.2451210 -0.0347509 -0.1351544 0.0069029 0.9901909
65.693560 3.4422174 -1.4994724 23.3388996 -0.0353100 -0.1365672 0.0069742 0.9899768
65.901040 3.4157166 -1.4947857 23.4317112 -0.0359479 -0.1363696 0.0069461 0.9899812
66.108530 3.3904362 -1.4902923 23.5232792 -0.0363302 -0.1356361 0.0105713 0.9900360
66.419700 3.3529510 -1.4827973 23.6559200 -0.0366515 -0.1347342 0.0114196 0.9901379
66.627050 3.3298941 -1.4789906 23.7405567 -0.0349813 -0.1340833 0.0123785 0.9902751
66.938300 3.2955813 -1.4732598 23.8636074 -0.0337631 -0.1328277 0.0121838 0.9904890
67.145890 3.2737980 -1.4696281 23.9446487 -0.0330369 -0.1312727 0.0136502 0.9907016
67.353460 3.2526693 -1.4658910 24.0253563 -0.0320951 -0.1270927 0.0140956 0.9912713
67.561050 3.2326698 -1.4622118 24.1063881 -0.0320232 -0.1185730 0.0124316 0.9923509
67.769210 3.2142401 -1.4583755 24.1880417 -0.0369189 -0.1055121 0.0092899 0.9936891
67.976670 3.1988902 -1.4537146 24.2699623 -0.0392239 -0.0877038 0.0086416 0.9953365
68.184680 3.1868429 -1.4487369 24.3526459 -0.0410574 -0.0653213 0.0055252 0.9970040
68.392670 3.1795933 -1.4433379 24.4359875 -0.0424461 -0.0395025 0.0050616 0.9983047
68.600540 3.1770511 -1.4379506 24.5182419 -0.0401442 -0.0124111 0.0055966 0.9991012
68.808420 3.1787708 -1.4326378 24.6006145 -0.0397371 0.0145491 0.0063154 0.9990843
69.016040 3.1851130 -1.4271524 24.6839619 -0.0406782 0.0408699 0.0082575 0.9983019
69.223670 3.1957927 -1.4219339 24.7675781 -0.0411492 0.0662236 0.0097894 0.9969079
69.431290 3.2111080 -1.4163229 24.8515053 -0.0408388 0.0914739 0.0108223 0.9949108
69.638910 3.2304866 -1.4108200 24.9353352 -0.0392871 0.1154044 0.0117489 0.9924718
69.846210 3.2538002 -1.4055338 25.0195961 -0.0378805 0.1361582 0.0129203 0.9898783
70.053870 3.2799187 -1.4003042 25.1043110 -0.0373726 0.1550878 0.0121521 0.9871187
70.261200 3.3098907 -1.3945304 25.1883163 -0.0365314 0.1732098 0.0126158 0.9841263
70.468570 3.3433223 -1.3895235 25.2723179 -0.0365782 0.1917514 0.0122423 0.9806852
70.675960 3.3805394 -1.3836839 25.3565598 -0.0377169 0.2099122 0.0139920 0.9768923
70.883300 3.4211164 -1.3783530 25.4395046 -0.0365213 0.2274283 0.0136207 0.9730144
71.090660 3.4645805 -1.3728327 25.5219440 -0.0338813 0.2448144 0.0121975 0.9689010
71.298240 3.5111780 -1.3680730 25.6031437 -0.0340398 0.2644888 0.0083614 0.9637516
71.505720 3.5626860 -1.3628168 25.6833630 -0.0361794 0.2858846 0.0090958 0.9575377
71.713370 3.6177902 -1.3574284 25.7609596 -0.0368538 0.3104321 0.0090068 0.9498382
71.920920 3.6768198 -1.3520607 25.8337250 -0.0360881 0.3364392 0.0101500 0.9409587
72.128290 3.7397957 -1.3471645 25.9029770 -0.0358724 0.3617264 0.0120260 0.9315163
72.335680 3.8061733 -1.3419235 25.9688950 -0.0358321 0.3852450 0.0138038 0.9220151
72.543090 3.8755054 -1.3369961 26.0320740 -0.0344107 0.4052854 0.0144803 0.9134276
72.750440 3.9471817 -1.3314021 26.0932655 -0.0361969 0.4229341 0.0161580 0.9052930
73.061450 4.0612211 -1.3231894 26.1812038 -0.0346175 0.4488161 0.0154547 0.8928196
73.268930 4.1412544 -1.3177891 26.2362289 -0.0393486 0.4664480 0.0173214 0.8835032
73.580270 4.2675962 -1.3075258 26.3142357 -0.0394913 0.4964924 0.0178534 0.8669585
73.787750 4.3554087 -1.3009205 26.3610802 -0.0381651 0.5173429 0.0196194 0.8547016
73.995310 4.4474239 -1.2942142 26.4038334 -0.0362514 0.5386952 0.0231708 0.8414015
74.202790 4.5418491 -1.2874371 26.4421082 -0.0361028 0.5598964 0.0242054 0.8274217
74.410370 4.6397281 -1.2808582 26.4768715 -0.0351974 0.5812458 0.0226054 0.8126521
74.617850 4.7408404 -1.2744980 26.5069160 -0.0357730 0.6024899 0.0206361 0.7970573
74.825180 4.8450980 -1.2680831 26.5322456 -0.0364412 0.6239321 0.0205687 0.7803574
75.032640 4.9528346 -1.2610226 26.5514488 -0.0347446 0.6448292 0.0223574 0.7632092
75.240090 5.0621200 -1.2547815 26.5654297 -0.0343435 0.6647134 0.0242190 0.7459155
75.447460 5.1742964 -1.2477734 26.5739212 -0.0326222 0.6834619 0.0241891 0.7288556
75.654690 5.2872605 -1.2398723 26.5777664 -0.0332162 0.7016879 0.0244223 0.7112906
75.862200 5.4026456 -1.2322465 26.5756721 -0.0346813 0.7188318 0.0256006 0.6938462
76.069540 5.5187359 -1.2245893 26.5676956 -0.0347770 0.7359499 0.0239150 0.6757191
76.276990 5.6363144 -1.2172942 26.5540028 -0.0337788 0.7528419 0.0230969 0.6569281
76.484350 5.7552385 -1.2089775 26.5344238 -0.0329530 0.7685148 0.0242689 0.6385219
76.691750 5.8682671 -1.2024554 26.5054893 -0.0297646 0.7815638 0.0245388 0.6226314
76.899070 5.9874649 -1.1950858 26.4771137 -0.0298086 0.7948169 0.0237626 0.6056508
77.210160 6.1624436 -1.1852785 26.4207287 -0.0285764 0.8135448 0.0187694 0.5804963
77.417440 6.2797174 -1.1795496 26.3773441 -0.0303809 0.8255847 0.0187380 0.5631481
77.624880 6.3951988 -1.1735290 26.3288765 -0.0310425 0.8361949 0.0189803 0.5472240
77.832140 6.5102420 -1.1684024 26.2766800 -0.0296942 0.8437065 0.0208051 0.5355788
77.935700 6.5677762 -1.1654707 26.2489967 -0.0273490 0.8462692 0.0210955 0.5316347
78.142930 6.6828399 -1.1596196 26.1919060 -0.0233416 0.8494438 0.0244971 0.5265931
78.246670 6.7408152 -1.1567822 26.1628399 -0.0218204 0.8503469 0.0267891 0.5250870
78.350300 6.7993307 -1.1535847 26.1338921 -0.0211861 0.8510361 0.0281549 0.5239236
78.557850 6.9168496 -1.1471832 26.0754356 -0.0229308 0.8517761 0.0296854 0.5225614
78.661450 6.9760327 -1.1434313 26.0458889 -0.0249364 0.8520994 0.0304084 0.5219004
78.765630 7.0347009 -1.1395845 26.0162430 -0.0260686 0.8524378 0.0318005 0.5212092
78.868800 7.0938125 -1.1357670 25.9854908 -0.0259719 0.8526907 0.0322353 0.5207734
78.972430 7.1531444 -1.1312680 25.9550476 -0.0252069 0.8528840 0.0310228 0.5205680
79.081780 7.2131729 -1.1271412 25.9242916 -0.0241377 0.8532044 0.0305525 0.5201213
79.179920 7.2724900 -1.1232545 25.8933792 -0.0225527 0.8534153 0.0309233 0.5198245
79.283570 7.3323498 -1.1193378 25.8632679 -0.0222708 0.8538716 0.0311882 0.5190709
79.387330 7.3919640 -1.1157106 25.8324661 -0.0227071 0.8541119 0.0320668 0.5186030
79.491080 7.4518113 -1.1113448 25.8017216 -0.0235048 0.8543273 0.0329942 0.5181541
79.594920 7.5118146 -1.1071186 25.7710209 -0.0244476 0.8547010 0.0336501 0.5174516
79.698570 7.5721636 -1.1028771 25.7399006 -0.0248243 0.8550712 0.0343560 0.5167753
79.802330 7.6325779 -1.0979332 25.7086830 -0.0248193 0.8553823 0.0343592 0.5162601
79.906130 7.6934814 -1.0939608 25.6770992 -0.0251241 0.8556523 0.0344443 0.5157921
80.009790 7.7539115 -1.0893238 25.6454544 -0.0234722 0.8559602 0.0343498 0.5153651
80.113430 7.8157449 -1.0846424 25.6128006 -0.0218490 0.8560808 0.0340122 0.5152586
80.217170 7.8780870 -1.0802774 25.5803947 -0.0225086 0.8560869 0.0344090 0.5151938
80.321020 7.9404216 -1.0759310 25.5477276 -0.0228908 0.8559548 0.0353480 0.5153329
80.424740 8.0029926 -1.0712969 25.5150833 -0.0241341 0.8558698 0.0348864 0.5154488
80.528440 8.0659542 -1.0667422 25.4824162 -0.0228901 0.8559263 0.0329663 0.5155380
80.632230 8.1289530 -1.0626673 25.4494991 -0.0219863 0.8557358 0.0312313 0.5160013
80.735850 8.1925392 -1.0584404 25.4162540 -0.0208678 0.8557371 0.0304434 0.5160927
80.943530 8.3220310 -1.0498422 25.3493004 -0.0219836 0.8559564 0.0336383 0.5154841
81.150830 8.4520178 -1.0402446 25.2811203 -0.0224498 0.8560442 0.0325656 0.5153871
81.358350 8.5834904 -1.0315795 25.2129211 -0.0236986 0.8562276 0.0326183 0.5150230
81.462060 8.6504812 -1.0269852 25.1779518 -0.0232774 0.8563168 0.0325751 0.5148966
81.669620 8.7848520 -1.0177174 25.1076374 -0.0225989 0.8566009 0.0321754 0.5144793
81.876950 8.9202032 -1.0088656 25.0366459 -0.0224996 0.8568411 0.0332309 0.5140163
82.084440 9.0583344 -0.9989444 24.9642906 -0.0237859 0.8569631 0.0325346 0.5137995
82.291790 9.1956348 -0.9882050 24.8920460 -0.0275415 0.8573251 0.0280561 0.5132719
82.499340 9.3324118 -0.9791974 24.8200665 -0.0291004 0.8574500 0.0272734 0.5130193
82.706910 9.4700460 -0.9704882 24.7452908 -0.0258487 0.8570553 0.0290772 0.5137534
82.914210 9.6091900 -0.9621077 24.6718960 -0.0247610 0.8570306 0.0313674 0.5137134
83.225460 9.8173065 -0.9485005 24.5619907 -0.0264303 0.8568121 0.0314667 0.5139886
83.432930 9.9552231 -0.9391845 24.4879055 -0.0233106 0.8567806 0.0318841 0.5141664
83.744180 10.1640720 -0.9250833 24.3780556 -0.0241176 0.8558705 0.0323240 0.5156152
83.951670 10.3028698 -0.9145668 24.3069477 -0.0278075 0.8550749 0.0321616 0.5167585
84.262850 10.5109558 -0.9010264 24.2024975 -0.0261020 0.8538920 0.0292998 0.5189689
84.366570 10.5798845 -0.8963595 24.1671524 -0.0259796 0.8535649 0.0283711 0.5195644
84.574140 10.7186470 -0.8876241 24.0971298 -0.0276107 0.8532507 0.0296396 0.5199254
84.781780 10.8569441 -0.8780655 24.0271111 -0.0277062 0.8534540 0.0286353 0.5196428
84.885450 10.9255152 -0.8737757 23.9924355 -0.0265512 0.8539841 0.0282175 0.5188545
85.093050 11.0621290 -0.8658916 23.9215927 -0.0242524 0.8549695 0.0280250 0.5173525
85.300390 11.1971292 -0.8577389 23.8516350 -0.0240820 0.8565940 0.0297279 0.5145707
85.507850 11.3313332 -0.8487353 23.7806034 -0.0245085 0.8583104 0.0311803 0.5115959
85.818930 11.5303974 -0.8366273 23.6730289 -0.0211945 0.8606591 0.0302594 0.5078396
86.026320 11.6608906 -0.8287776 23.6015854 -0.0228939 0.8623182 0.0301333 0.5049508
86.233840 11.7905436 -0.8204567 23.5292110 -0.0256916 0.8637239 0.0297458 0.5024303
86.441310 11.9161129 -0.8129646 23.4583530 -0.0274213 0.8649534 0.0300768 0.5001990
86.648710 12.0376883 -0.8052104 23.3895359 -0.0283891 0.8659695 0.0304562 0.4983606
86.856060 12.1552362 -0.7980249 23.3224487 -0.0304595 0.8667641 0.0282208 0.4969867
87.063460 12.2688618 -0.7907259 23.2571697 -0.0323811 0.8668447 0.0273853 0.4967714
87.270810 12.3786173 -0.7840013 23.1942062 -0.0333765 0.8655036 0.0268186 0.4990694
87.374560 12.4318457 -0.7807746 23.1644783 -0.0336554 0.8641905 0.0262812 0.5013495
87.478210 12.4851542 -0.7773572 23.1352768 -0.0340647 0.8622593 0.0261832 0.5046415
87.581810 12.5375700 -0.7739995 23.1070461 -0.0340004 0.8595685 0.0262335 0.5092128
87.685550 12.5900879 -0.7706463 23.0794144 -0.0340500 0.8561053 0.0259403 0.5150256
87.789170 12.6426258 -0.7675325 23.0534096 -0.0338475 0.8521711 0.0256176 0.5215386
87.996680 12.7467127 -0.7592084 23.0037098 -0.0357699 0.8427175 0.0217291 0.5367268
88.204050 12.8506613 -0.7537882 22.9606342 -0.0352727 0.8329256 0.0186265 0.5519456
88.411430 12.9563894 -0.7481693 22.9204788 -0.0360925 0.8216912 0.0172098 0.5685286
88.618820 13.0632648 -0.7419857 22.8846741 -0.0375043 0.8098497 0.0176016 0.5851727
88.826180 13.1720924 -0.7354692 22.8537750 -0.0415363 0.7974401 0.0187684 0.6016742
89.033680 13.2819328 -0.7285897 22.8281784 -0.0456766 0.7850445 0.0167243 0.6175266
89.241050 13.3932419 -0.7203979 22.8063679 -0.0483884 0.7719843 0.0138422 0.6336459
89.448550 13.5063238 -0.7131528 22.7887936 -0.0473364 0.7571113 0.0139129 0.6514202
89.655800 13.6200733 -0.7057011 22.7760620 -0.0414306 0.7399331 0.0134251 0.6712691
89.863200 13.7352200 -0.6982859 22.7705441 -0.0393836 0.7211455 0.0135227 0.6915311
90.070690 13.8496284 -0.6918828 22.7717171 -0.0401371 0.7011011 0.0133195 0.7118067
90.278050 13.9659958 -0.6848959 22.7802715 -0.0437302 0.6793154 0.0120791 0.7324427
90.485550 14.0843010 -0.6770908 22.7958889 -0.0468390 0.6569009 0.0080306 0.7524778
90.693070 14.2022419 -0.6694716 22.8190727 -0.0475023 0.6350084 0.0045123 0.7710301
90.900550 14.3209190 -0.6617090 22.8486156 -0.0481814 0.6126691 0.0009179 0.7888690
91.108060 14.4394245 -0.6537454 22.8853111 -0.0507248 0.5896670 0.0015759 0.8060504
91.315450 14.5565205 -0.6455107 22.9284668 -0.0508245 0.5657490 0.0003845 0.8230096
91.522930 14.6726093 -0.6369909 22.9795456 -0.0492956 0.5429286 -0.0000650 0.8383307
91.626680 14.7304335 -0.6325936 23.0076675 -0.0514847 0.5318504 0.0001102 0.8452718
91.834060 14.8443394 -0.6232431 23.0691032 -0.0549041 0.5102490 0.0029045 0.8582675
92.041550 14.9572487 -0.6130259 23.1369171 -0.0567455 0.4892733 0.0022936 0.8702795
92.145310 15.0134335 -0.6073487 23.1729946 -0.0564835 0.4794636 0.0028804 0.8757374
92.352950 15.1233559 -0.5956249 23.2494965 -0.0584185 0.4624106 -0.0003515 0.8847393
92.560560 15.2331104 -0.5841553 23.3309689 -0.0599205 0.4482774 -0.0029008 0.8918791
92.768320 15.3407822 -0.5724967 23.4149075 -0.0608779 0.4362511 -0.0040788 0.8977540
92.975930 15.4472523 -0.5607071 23.5021973 -0.0586972 0.4253534 -0.0053020 0.9031063
93.183560 15.5516815 -0.5498481 23.5922012 -0.0578402 0.4170295 -0.0056261 0.9070333
93.391320 15.6554241 -0.5387895 23.6844406 -0.0592869 0.4124781 -0.0060400 0.9090162
93.598950 15.7579994 -0.5269959 23.7761192 -0.0609418 0.4094529 -0.0061177 0.9102730
93.910430 15.9132042 -0.5086536 23.9172306 -0.0606103 0.4057529 -0.0074343 0.9119406
94.118060 16.0153522 -0.4984164 24.0101585 -0.0583875 0.4044871 -0.0070319 0.9126509
94.325690 16.1174755 -0.4860198 24.1025276 -0.0577293 0.4046031 -0.0056463 0.9126510
94.533310 16.2162437 -0.4759521 24.1923485 -0.0600835 0.4077389 -0.0062639 0.9110981
94.844930 16.3613644 -0.4604304 24.3191910 -0.0615649 0.4169045 -0.0081817 0.9068260
95.156550 16.5038891 -0.4468443 24.4367943 -0.0582891 0.4323159 -0.0099812 0.8997809
95.468320 16.6448059 -0.4349086 24.5427284 -0.0538564 0.4509633 -0.0081333 0.8908790
95.780180 16.7816143 -0.4257938 24.6350231 -0.0434262 0.4715643 -0.0044259 0.8807507
95.988060 16.8675537 -0.4220718 24.6896896 -0.0327124 0.4865187 -0.0118701 0.8729768
96.196060 16.9538860 -0.4199057 24.7397404 -0.0277193 0.5046061 -0.0150736 0.8627729
96.404190 17.0384998 -0.4187275 24.7840710 -0.0300885 0.5272546 -0.0163896 0.8490162
96.612440 17.1246643 -0.4175832 24.8198662 -0.0308240 0.5538040 -0.0125655 0.8319814
96.820810 17.2097702 -0.4170678 24.8481102 -0.0235186 0.5855707 -0.0110513 0.8102047
97.029060 17.2968979 -0.4181356 24.8693237 -0.0143746 0.6182027 -0.0138860 0.7857645
97.237310 17.3869171 -0.4189578 24.8849640 -0.0104964 0.6509109 -0.0148179 0.7589369
97.445440 17.4783745 -0.4216080 24.8925037 -0.0142790 0.6821638 -0.0114550 0.7309703
97.653560 17.5665684 -0.4223762 24.8893852 -0.0124074 0.7133095 -0.0073344 0.7007009
97.861590 17.6577759 -0.4234823 24.8807487 -0.0101480 0.7430007 -0.0078845 0.6691673
98.069330 17.7462921 -0.4254688 24.8643417 -0.0030341 0.7684034 -0.0063080 0.6399275
98.276830 17.8349190 -0.4274556 24.8429470 -0.0014007 0.7881086 -0.0055031 0.6155100
98.484190 17.9221306 -0.4297138 24.8169975 -0.0014663 0.8024913 -0.0030889 0.5966540
98.691560 18.0089302 -0.4316736 24.7870674 0.0002625 0.8132367 -0.0014049 0.5819313
98.899080 18.0957680 -0.4330256 24.7538719 0.0016669 0.8236567 0.0004080 0.5670861
99.106560 18.1822681 -0.4351391 24.7172623 0.0032291 0.8344122 0.0019277 0.5511281
99.314190 18.2688675 -0.4365651 24.6768589 0.0016013 0.8478178 0.0009123 0.5302844
99.522160 18.3501720 -0.4385331 24.6316586 0.0036235 0.8625950 -0.0007616 0.5058816
99.730070 18.4292488 -0.4404004 24.5805550 0.0028924 0.8797816 -0.0009527 0.4753684
99.938070 18.5042381 -0.4424324 24.5226879 0.0050429 0.8981792 0.0035503 0.4395863
100.146100 18.5737572 -0.4442654 24.4587669 0.0072927 0.9158503 0.0038272 0.4014354
100.354100 18.6388035 -0.4455980 24.3894119 0.0095540 0.9321533 0.0049654 0.3619036
100.562100 18.6926422 -0.4474485 24.3180485 0.0115193 0.9465576 0.0080355 0.3222288
100.770000 18.7414780 -0.4491062 24.2432327 0.0139209 0.9584501 0.0094550 0.2847635
100.977600 18.7847157 -0.4500579 24.1649666 0.0169912 0.9675597 0.0074730 0.2519597
101.184900 18.8240166 -0.4514947 24.0842056 0.0199044 0.9745855 0.0068235 0.2230254
101.392300 18.8599663 -0.4515544 23.9996128 0.0213613 0.9806198 0.0082639 0.1945771
101.599800 18.8900795 -0.4519302 23.9133434 0.0234255 0.9857861 0.0105361 0.1660297
101.807200 18.9142303 -0.4524856 23.8255424 0.0249788 0.9903662 0.0121091 0.1356620
102.014700 18.9332218 -0.4532622 23.7365112 0.0270868 0.9942769 0.0092294 0.1029298
102.222200 18.9460373 -0.4525324 23.6452179 0.0295795 0.9970786 0.0115667 0.0694665
102.429800 18.9530849 -0.4519591 23.5518284 0.0293519 0.9988111 0.0157854 0.0355770
102.637400 18.9539127 -0.4507861 23.4578400 0.0294294 0.9994644 0.0142080 0.0017313
102.845000 18.9480534 -0.4492785 23.3613396 0.0306546 0.9989588 0.0135411 -0.0309559
103.156200 18.9281139 -0.4471544 23.2126656 0.0333767 0.9966440 0.0125517 -0.0736832
103.363600 18.9085312 -0.4456283 23.1114635 0.0344961 0.9947332 0.0115881 -0.0958203
103.571100 18.8854694 -0.4437920 23.0080738 0.0333136 0.9929664 0.0091643 -0.1132432
103.778400 18.8585453 -0.4422433 22.9020615 0.0317800 0.9912428 0.0095308 -0.1278159
103.985900 18.8283329 -0.4409372 22.7945976 0.0314462 0.9896584 0.0111354 -0.1395110
104.193200 18.7950706 -0.4388922 22.6841755 0.0338365 0.9886640 0.0116739 -0.1458162
104.400600 18.7610283 -0.4368436 22.5720234 0.0340443 0.9882622 0.0083165 -0.1486932
104.608100 18.7254906 -0.4350411 22.4572487 0.0358010 0.9879380 0.0082127 -0.1504302
104.919200 18.6702194 -0.4321696 22.2797356 0.0375841 0.9875427 0.0110563 -0.1523964
105.230400 18.6125793 -0.4292762 22.0973339 0.0367770 0.9871944 0.0094066 -0.1549390
105.541700 18.5514107 -0.4258598 21.9082966 0.0374273 0.9867754 0.0099661 -0.1573982
105.853200 18.4896774 -0.4220171 21.7169685 0.0387145 0.9862777 0.0100365 -0.1601773
106.164200 18.4251747 -0.4187682 21.5254707 0.0384370 0.9858871 0.0110431 -0.1625648
106.475500 18.3583221 -0.4153035 21.3279152 0.0369409 0.9855434 0.0107264 -0.1649982
106.786800 18.2906570 -0.4123869 21.1293793 0.0378259 0.9854278 0.0121533 -0.1653892
107.098100 18.2259083 -0.4093605 20.9303780 0.0333250 0.9862868 0.0108989 -0.1612732
107.409200 18.1643066 -0.4072708 20.7308483 0.0287319 0.9875522 0.0064633 -0.1545101
107.720700 18.1055183 -0.4072834 20.5282669 0.0216490 0.9891837 0.0054415 -0.1449738
108.031600 18.0510635 -0.4064145 20.3255615 0.0203905 0.9913741 0.0097981 -0.1290955
108.342700 18.0045128 -0.4056638 20.1199017 0.0217242 0.9940554 0.0072720 -0.1064380
108.550200 17.9797459 -0.4055309 19.9828300 0.0192248 0.9955252 0.0046802 -0.0924023
108.861500 17.9477978 -0.4061685 19.7753658 0.0206569 0.9971762 0.0068932 -0.0718706
109.173100 17.9256516 -0.4070803 19.5670280 0.0174727 0.9984667 0.0087257 -0.0517966
109.380500 17.9147797 -0.4070274 19.4278545 0.0154586 0.9990731 0.0102769 -0.0388382
109.588000 17.9080372 -0.4066666 19.2898617 0.0138788 0.9995188 0.0099387 -0.0259007
109.795400 17.9047966 -0.4060777 19.1506977 0.0135556 0.9997554 0.0115166 -0.0131419
109.900300 17.9048557 -0.4054308 19.0813580 0.0125713 0.9998135 0.0129482 -0.0068726
110.106700 17.9064064 -0.4041750 18.9427242 0.0140742 0.9998000 0.0130412 0.0056452
110.418100 17.9158268 -0.4036447 18.7335033 0.0152339 0.9995639 0.0097138 0.0233579
110.729500 17.9318142 -0.4045401 18.5246353 0.0134791 0.9990835 0.0086327 0.0396999
110.937100 17.9462452 -0.4045842 18.3852329 0.0129124 0.9986939 0.0067211 0.0489758
111.144800 17.9626102 -0.4056132 18.2460327 0.0124581 0.9982099 0.0067949 0.0581006
111.456200 17.9925613 -0.4073115 18.0400238 0.0101981 0.9974172 0.0091030 0.0705123
111.663700 18.0149803 -0.4074624 17.9046478 0.0091159 0.9968367 0.0088645 0.0784535
111.871200 18.0392189 -0.4078487 17.7694035 0.0075928 0.9962453 0.0099282 0.0856686
112.078600 18.0652981 -0.4076430 17.6351814 0.0067189 0.9956179 0.0118378 0.0925187
112.389900 18.1069946 -0.4075073 17.4388046 0.0063166 0.9946194 0.0093854 0.1029769
112.597300 18.1363125 -0.4080888 17.3112640 0.0056782 0.9939123 0.0063675 0.1098428
112.908600 18.1821327 -0.4104143 17.1273613 0.0077365 0.9926341 0.0025309 0.1208769
113.116300 18.2123718 -0.4142219 17.0117035 0.0075881 0.9916784 -0.0050087 0.1284185
113.323800 18.2442894 -0.4181454 16.9037132 0.0060769 0.9908265 -0.0151369 0.1341521
113.635300 18.2878265 -0.4285573 16.7549210 0.0057321 0.9898586 -0.0253598 0.1396568
113.843000 18.3156033 -0.4352873 16.6605568 0.0074573 0.9895592 -0.0307321 0.1406146
114.050700 18.3424644 -0.4432939 16.5661983 0.0113474 0.9899602 -0.0264924 0.1383770
114.362800 18.3783321 -0.4522055 16.4275589 0.0145581 0.9920367 -0.0273093 0.1220879
114.571200 18.3967476 -0.4575356 16.3354263 0.0185210 0.9946264 -0.0222768 0.0993934
114.779700 18.4088917 -0.4630938 16.2430668 0.0211270 0.9973980 -0.0140146 0.0674870
114.988100 18.4146080 -0.4669952 16.1515217 0.0226137 0.9993021 -0.0092324 0.0282586
115.196500 18.4107056 -0.4694278 16.0615616 0.0254075 0.9995720 -0.0044442 -0.0137986
115.404800 18.3999462 -0.4717554 15.9727945 0.0256325 0.9979538 -0.0015425 -0.0585551
115.613100 18.3813744 -0.4724763 15.8840570 0.0247220 0.9942504 0.0019992 -0.1041686
115.821100 18.3535480 -0.4732153 15.7953348 0.0261085 0.9883985 0.0081838 -0.1493979
116.029400 18.3187923 -0.4723626 15.7078609 0.0228094 0.9804296 0.0107345 -0.1952490
116.238300 18.2741337 -0.4708384 15.6237707 0.0246244 0.9706119 0.0108933 -0.2391389
116.444900 18.2210808 -0.4686654 15.5422497 0.0285025 0.9596698 0.0118705 -0.2794292
116.652400 18.1606865 -0.4666037 15.4617748 0.0310987 0.9487046 0.0115767 -0.3144175
116.859700 18.0932198 -0.4635428 15.3833008 0.0346410 0.9385909 0.0083297 -0.3431876
117.067000 18.0198441 -0.4603031 15.3060913 0.0388809 0.9303928 0.0052187 -0.3644589
117.274300 17.9408798 -0.4570171 15.2269745 0.0403855 0.9239792 0.0043770 -0.3802793
117.481600 17.8563404 -0.4534389 15.1461182 0.0407356 0.9182947 0.0036613 -0.3937793
117.689000 17.7671623 -0.4500935 15.0639944 0.0419882 0.9137191 0.0026507 -0.4041627
117.896100 17.6721706 -0.4462362 14.9787140 0.0446712 0.9125097 0.0017563 -0.4066049
118.103200 17.5748329 -0.4422866 14.8884239 0.0446029 0.9143924 0.0033805 -0.4023502
118.310600 17.4749889 -0.4382692 14.7940283 0.0410701 0.9155930 0.0042388 -0.3999808
118.518000 17.3729725 -0.4344445 14.6970911 0.0400901 0.9160806 0.0046094 -0.3989585
118.725500 17.2674732 -0.4305273 14.5974340 0.0398749 0.9167548 0.0038732 -0.3974362
118.932800 17.1598053 -0.4262498 14.4940357 0.0387975 0.9174411 0.0037988 -0.3959574
119.244200 16.9957561 -0.4217031 14.3357124 0.0371374 0.9186215 0.0010527 -0.3933881
119.555300 16.8262711 -0.4187139 14.1710968 0.0346531 0.9200875 -0.0015069 -0.3901742
119.866500 16.6586113 -0.4160536 14.0034914 0.0357179 0.9216734 0.0007983 -0.3863182
120.177500 16.4887066 -0.4126918 13.8303280 0.0360160 0.9248376 0.0039827 -0.3786322
120.488500 16.3205433 -0.4081182 13.6538448 0.0362152 0.9291740 0.0020409 -0.3678586
120.799500 16.1579952 -0.4060459 13.4716597 0.0391782 0.9360991 -0.0011224 -0.3495460
121.110500 16.0022888 -0.4041128 13.2786732 0.0382374 0.9443930 -0.0024237 -0.3265790
121.317800 15.9038591 -0.4035946 13.1458197 0.0354157 0.9492662 -0.0023632 -0.3124641
121.525300 15.8093510 -0.4029376 13.0091333 0.0346928 0.9531831 0.0015307 -0.3003930
121.732800 15.7177124 -0.4017994 12.8716393 0.0347049 0.9570888 -0.0000653 -0.2877091
122.044100 15.5873432 -0.4020172 12.6592064 0.0335586 0.9624099 -0.0021242 -0.2695114
122.355300 15.4616508 -0.4031917 12.4391890 0.0354605 0.9667357 -0.0032491 -0.2532868
122.563000 15.3805475 -0.4033144 12.2892008 0.0368345 0.9685380 -0.0026541 -0.2461104
122.770700 15.3010035 -0.4040143 12.1369677 0.0362775 0.9695052 -0.0017658 -0.2423644
122.978500 15.2202311 -0.4057077 11.9833221 0.0353852 0.9699081 -0.0016256 -0.2408805
123.186200 15.1375713 -0.4053280 11.8271894 0.0346827 0.9704663 -0.0029620 -0.2387122
123.393800 15.0585794 -0.4060253 11.6709538 0.0366709 0.9711197 -0.0020828 -0.2357488
123.601500 14.9770851 -0.4061181 11.5120935 0.0407529 0.9717082 -0.0034354 -0.2326167
123.809100 14.8962421 -0.4067783 11.3508635 0.0408331 0.9720924 -0.0066651 -0.2309211
124.016700 14.8141804 -0.4080459 11.1861887 0.0413976 0.9722674 -0.0027918 -0.2301618
124.224400 14.7294159 -0.4073646 11.0211039 0.0463670 0.9721906 -0.0010979 -0.2295527
124.431900 14.6457977 -0.4069699 10.8552818 0.0499977 0.9718550 -0.0043188 -0.2301725
124.743100 14.5205822 -0.4067830 10.6014042 0.0471356 0.9712936 -0.0026668 -0.2331521
124.950600 14.4344101 -0.4055937 10.4297123 0.0414524 0.9704826 -0.0002339 -0.2375817
125.158200 14.3457174 -0.4047046 10.2587261 0.0360687 0.9691365 0.0006954 -0.2438709
125.365700 14.2540588 -0.4039990 10.0867071 0.0332765 0.9671873 -0.0003472 -0.2518754
125.573100 14.1566124 -0.4034692 9.9159908 0.0367923 0.9649837 0.0020580 -0.2597086
125.780600 14.0549088 -0.4017623 9.7465019 0.0421893 0.9625133 -0.0001282 -0.2679332
125.988000 13.9513664 -0.4009203 9.5779152 0.0434167 0.9603536 -0.0034017 -0.2753623
126.195500 13.8419476 -0.3985376 9.4055758 0.0447538 0.9581063 0.0004584 -0.2828945
126.403000 13.7302341 -0.3953142 9.2353201 0.0500491 0.9562387 0.0020062 -0.2882683
126.610300 13.6164837 -0.3932723 9.0653820 0.0517879 0.9553366 -0.0022489 -0.2909380
126.714100 13.5599174 -0.3925891 8.9797039 0.0485014 0.9552251 -0.0009019 -0.2918766
126.921600 13.4463558 -0.3905617 8.8088093 0.0447071 0.9548951 0.0008468 -0.2935571
127.129000 13.3305397 -0.3877531 8.6373253 0.0448630 0.9546198 0.0025846 -0.2944176
127.336500 13.2130384 -0.3839327 8.4661646 0.0455630 0.9547232 0.0025909 -0.2939744
127.543900 13.0954857 -0.3814683 8.2925243 0.0441251 0.9548615 0.0028178 -0.2937424
127.751200 12.9783020 -0.3789422 8.1175861 0.0432260 0.9545015 0.0042357 -0.2950261
127.958600 12.8582325 -0.3752582 7.9423161 0.0444343 0.9539469 0.0050408 -0.2966233
128.166000 12.7379665 -0.3715007 7.7660260 0.0432783 0.9535117 0.0043883 -0.2981999
128.373300 12.6161022 -0.3675565 7.5865636 0.0415373 0.9533266 0.0061227 -0.2990077
128.580700 12.4946651 -0.3640006 7.4111166 0.0433249 0.9534253 0.0057149 -0.2984468
128.684500 12.4337177 -0.3625696 7.3207359 0.0434770 0.9534393 0.0050883 -0.2983913
128.788200 12.3729610 -0.3605069 7.2321453 0.0431632 0.9535102 0.0049812 -0.2982120
128.891800 12.3106165 -0.3584630 7.1414824 0.0427694 0.9536173 0.0052882 -0.2979208
128.995500 12.2492685 -0.3568656 7.0513697 0.0423836 0.9536391 0.0060861 -0.2978910
129.099100 12.1873035 -0.3550206 6.9608822 0.0426037 0.9536733 0.0061900 -0.2977480
129.202800 12.1259146 -0.3524986 6.8700190 0.0423017 0.9536801 0.0058096 -0.2977768
129.306600 12.0638695 -0.3503557 6.7793427 0.0424243 0.9536616 0.0051890 -0.2978303
129.410300 12.0015316 -0.3485255 6.6883106 0.0422197 0.9537131 0.0047957 -0.2977009
129.514100 11.9386024 -0.3466097 6.5967751 0.0426014 0.9537088 0.0047256 -0.2976615
129.617800 11.8754082 -0.3452347 6.5049176 0.0435666 0.9537138 0.0051040 -0.2974992
129.721600 11.8119020 -0.3426872 6.4119234 0.0440179 0.9536417 0.0051923 -0.2976627
129.825300 11.7486477 -0.3407712 6.3194771 0.0447520 0.9535624 0.0053239 -0.2978047
129.929100 11.6845169 -0.3384707 6.2263741 0.0456212 0.9534520 0.0049447 -0.2980328
130.032700 11.6202965 -0.3361771 6.1338625 0.0470169 0.9533288 0.0033816 -0.2982317
130.136500 11.5562325 -0.3342122 6.0410004 0.0475276 0.9532118 0.0020364 -0.2985369
130.240200 11.4912205 -0.3324726 5.9485054 0.0478890 0.9530934 0.0021221 -0.2988563
130.343800 11.4276791 -0.3309270 5.8559489 0.0467851 0.9528632 0.0029660 -0.2997568
130.447600 11.3637600 -0.3287489 5.7625504 0.0453547 0.9524577 0.0037307 -0.3012530
130.551300 11.2982731 -0.3266651 5.6687145 0.0438187 0.9521405 0.0052615 -0.3024577
130.655000 11.2323065 -0.3245820 5.5748549 0.0445577 0.9516303 0.0063640 -0.3039308
130.758700 11.1662350 -0.3220246 5.4807525 0.0441980 0.9513435 0.0059779 -0.3048874
130.862500 11.0998020 -0.3198398 5.3880186 0.0440885 0.9510035 0.0048111 -0.3059827
130.966100 11.0337172 -0.3179258 5.2948189 0.0434057 0.9507759 0.0045481 -0.3067904
131.070000 10.9677448 -0.3157014 5.2018557 0.0427264 0.9505480 0.0043447 -0.3075941
131.173700 10.9004116 -0.3135543 5.1086125 0.0435590 0.9503556 0.0046504 -0.3080669
131.277500 10.8335104 -0.3106717 5.0157528 0.0448263 0.9501408 0.0056884 -0.3085299
131.381100 10.7658548 -0.3081755 4.9227672 0.0458923 0.9500194 0.0060796 -0.3087395
131.588500 10.6294785 -0.3032132 4.7366695 0.0477950 0.9497586 0.0054633 -0.3092641
131.796000 10.4946957 -0.2972243 4.5503712 0.0500815 0.9495568 0.0060213 -0.3095116
132.003300 10.3589535 -0.2914121 4.3638396 0.0507318 0.9496453 0.0045048 -0.3091598
132.210600 10.2247543 -0.2869059 4.1786070 0.0491401 0.9500872 0.0051376 -0.3080472
132.418000 10.0914803 -0.2821579 3.9916036 0.0481379 0.9505648 0.0061675 -0.3067105
132.625500 9.9597187 -0.2769116 3.8047328 0.0471766 0.9511613 0.0066258 -0.3049963
132.832800 9.8282776 -0.2721775 3.6175194 0.0429794 0.9519788 0.0038306 -0.3031080
133.040100 9.6984501 -0.2688703 3.4290092 0.0402395 0.9527894 0.0061996 -0.3008897
133.247500 9.5681400 -0.2649003 3.2406483 0.0403804 0.9535870 0.0079392 -0.2982923
133.454800 9.4389095 -0.2600971 3.0519516 0.0426538 0.9544513 0.0077559 -0.2952004
133.766000 9.2473974 -0.2540379 2.7665150 0.0452667 0.9562645 0.0070238 -0.2888940
133.973300 9.1240635 -0.2498280 2.5740025 0.0449056 0.9582105 0.0051938 -0.2824697
134.284500 8.9438992 -0.2440803 2.2821748 0.0402801 0.9612928 0.0062233 -0.2724975
134.491900 8.8267670 -0.2406633 2.0861473 0.0408028 0.9631305 0.0082320 -0.2657950
134.595600 8.7704372 -0.2391207 1.9889863 0.0394942 0.9640773 0.0068642 -0.2625796
134.699300 8.7139845 -0.2371161 1.8913696 0.0397379 0.9648930 0.0053688 -0.2595640
134.803100 8.6585026 -0.2352338 1.7941611 0.0400102 0.9655343 0.0047172 -0.2571389
134.906900 8.6031303 -0.2336185 1.6959801 0.0404432 0.9660693 0.0055354 -0.2550370
135.010600 8.5490217 -0.2323047 1.5976808 0.0416803 0.9664320 0.0059198 -0.2534499
135.114300 8.4938965 -0.2307024 1.4994199 0.0426788 0.9667658 0.0064408 -0.2519937
135.218100 8.4392033 -0.2295575 1.4003513 0.0434324 0.9669909 0.0051986 -0.2510284
135.322000 8.3844442 -0.2280689 1.3018043 0.0429542 0.9673705 0.0038347 -0.2496690
135.425700 8.3307772 -0.2268268 1.2026134 0.0423997 0.9676878 0.0036226 -0.2485345
135.529500 8.2762346 -0.2256666 1.1024857 0.0415306 0.9681168 0.0043593 -0.2469940
135.633100 8.2232409 -0.2243707 1.0028293 0.0412690 0.9684293 0.0049504 -0.2457989
135.840600 8.1174688 -0.2221930 0.8032947 0.0407618 0.9691176 0.0056491 -0.2431411
136.047800 8.0119762 -0.2195805 0.6035028 0.0427355 0.9696891 0.0047955 -0.2405278
136.255200 7.9073362 -0.2169446 0.4029074 0.0441361 0.9702563 0.0037976 -0.2379921
136.462700 7.8044081 -0.2152359 0.2013867 0.0409087 0.9708216 0.0038366 -0.2362566
136.670200 7.7023401 -0.2125571 -0.0015726 0.0382383 0.9711639 0.0072697 -0.2352142
136.877700 7.6005745 -0.2099509 -0.2038310 0.0374748 0.9713854 0.0075873 -0.2344107
137.085100 7.4973426 -0.2059758 -0.4058306 0.0383312 0.9716128 0.0068760 -0.2333499
137.292500 7.3966351 -0.2037278 -0.6084278 0.0376054 0.9718177 0.0048953 -0.2326634
137.500000 7.2952495 -0.2027168 -0.8115587 0.0369154 0.9720815 0.0052919 -0.2316609
137.603600 7.2456465 -0.2009754 -0.9130166 0.0359098 0.9722571 0.0052949 -0.2310813
137.811000 7.1455498 -0.1992206 -1.1153182 0.0364329 0.9726334 0.0052551 -0.2294109
138.018400 7.0446877 -0.1973028 -1.3189374 0.0377304 0.9729627 0.0041760 -0.2278214
138.122100 6.9944248 -0.1961719 -1.4208708 0.0384177 0.9730686 0.0028478 -0.2272741
138.329600 6.8936548 -0.1954939 -1.6255349 0.0394559 0.9730187 0.0024967 -0.2273140
138.433400 6.8435259 -0.1946972 -1.7278049 0.0388921 0.9727676 0.0022788 -0.2284849
138.641000 6.7436028 -0.1946120 -1.9311900 0.0369425 0.9717765 0.0042368 -0.2329543
138.744700 6.6921759 -0.1935248 -2.0326524 0.0358200 0.9711496 0.0056501 -0.2356978
138.952200 6.5864239 -0.1913612 -2.2344301 0.0353391 0.9695017 0.0082501 -0.2423828
139.056000 6.5333233 -0.1898385 -2.3343482 0.0348777 0.9684113 0.0089802 -0.2467436
139.263600 6.4238939 -0.1866772 -2.5331180 0.0321444 0.9659847 0.0077087 -0.2564777
139.367400 6.3664050 -0.1855235 -2.6315327 0.0310098 0.9647543 0.0080484 -0.2611950
139.574900 6.2500634 -0.1830887 -2.8277555 0.0306241 0.9619035 0.0086426 -0.2715310
139.678500 6.1912594 -0.1808472 -2.9249616 0.0309359 0.9603661 0.0088451 -0.2768786
139.886000 6.0673823 -0.1778218 -3.1155055 0.0320026 0.9574015 0.0087488 -0.2868479
140.093500 5.9405236 -0.1761163 -3.3026738 0.0340662 0.9537868 0.0089305 -0.2984133
140.197100 5.8744860 -0.1729899 -3.3952610 0.0361660 0.9520068 0.0077415 -0.3038342
164.475600 0.0152277 -0.0028094 0.2604927 -0.0011785 -0.1266895 0.0082007 0.9919078
164.890500 -0.0254655 -0.0051111 0.3959173 0.0042366 -0.1485009 0.0077086 0.9888731
