0.000000 0.0000000 0.0000000 0.0000000 0.0000000 0.0000000 0.0000000 1.0000000
0.414483 0.0016948 -0.0005943 0.0562751 0.0009403 0.0092760 0.0044931 0.9999464
0.518120 0.0015467 -0.0007902 0.0711112 0.0015718 0.0060101 0.0057715 0.9999641
0.725215 0.0005096 -0.0010316 0.1017080 0.0027838 -0.0084262 0.0062735 0.9999409
0.828918 -0.0010695 -0.0014574 0.1177312 0.0025457 -0.0180158 0.0038683 0.9998270
0.932502 -0.0026620 -0.0015816 0.1340346 0.0033300 -0.0280884 0.0021127 0.9995977
1.036104 -0.0046581 -0.0017757 0.1511199 0.0035618 -0.0381422 0.0019633 0.9992641
1.243510 -0.0096806 -0.0023765 0.1866861 0.0025392 -0.0585631 0.0034219 0.9982746
1.347350 -0.0129373 -0.0025614 0.2051665 0.0023410 -0.0675194 0.0028530 0.9977111
1.555101 -0.0203850 -0.0033350 0.2440340 0.0020330 -0.0821578 0.0018952 0.9966155
1.659233 -0.0244749 -0.0036134 0.2642635 0.0023981 -0.0882497 0.0026490 0.9960920
1.867090 -0.0328761 -0.0043265 0.3068677 0.0044661 -0.0971839 0.0037441 0.9952494
2.076388 -0.0429254 -0.0051368 0.3517043 0.0064722 -0.1051574 0.0040530 0.9944263
2.283102 -0.0533500 -0.0063949 0.3988397 0.0073479 -0.1132049 0.0087183 0.9935063
2.491106 -0.0664867 -0.0074721 0.4480704 0.0110961 -0.1219468 0.0063175 0.9924545
2.699213 -0.0806822 -0.0092499 0.4999034 0.0133912 -0.1308192 0.0060040 0.9912976
2.907234 -0.0962349 -0.0112959 0.5527829 0.0155947 -0.1392667 0.0066120 0.9901100
3.115221 -0.1135300 -0.0138424 0.6082293 0.0200500 -0.1474809 0.0060738 0.9888430
3.323567 -0.1316909 -0.0170163 0.6646289 0.0279494 -0.1526335 0.0059188 0.9878699
3.531593 -0.1516635 -0.0213434 0.7237100 0.0371807 -0.1568115 0.0039063 0.9869207
3.742035 -0.1730545 -0.0266544 0.7840859 0.0443307 -0.1613656 0.0015080 0.9858974
3.947360 -0.1957462 -0.0332071 0.8468761 0.0502970 -0.1664435 -0.0010308 0.9847668
4.155286 -0.2202476 -0.0401238 0.9114922 0.0531886 -0.1713870 -0.0036838 0.9837601
4.363183 -0.2456654 -0.0475642 0.9782342 0.0519876 -0.1778776 -0.0039804 0.9826704
4.571450 -0.2720633 -0.0548820 1.0453119 0.0497271 -0.1858782 -0.0041464 0.9813049
4.778763 -0.3015801 -0.0619797 1.1136271 0.0448811 -0.1945483 -0.0068775 0.9798415
4.986477 -0.3326317 -0.0687337 1.1826417 0.0425715 -0.2037331 -0.0090729 0.9780583
5.194245 -0.3655418 -0.0751832 1.2521769 0.0418107 -0.2129869 -0.0095355 0.9761134
5.401997 -0.4006443 -0.0817629 1.3246727 0.0399189 -0.2219379 -0.0094591 0.9741974
5.609757 -0.4379199 -0.0878267 1.3979167 0.0351845 -0.2302357 -0.0100619 0.9724466
5.817477 -0.4774682 -0.0938613 1.4730709 0.0321301 -0.2382133 -0.0096580 0.9706332
6.025285 -0.5190710 -0.0989353 1.5494943 0.0307002 -0.2448698 -0.0094303 0.9690239
6.233134 -0.5636644 -0.1045999 1.6283529 0.0296273 -0.2504303 -0.0078788 0.9676491
6.441106 -0.6094366 -0.1100475 1.7081733 0.0301252 -0.2539346 -0.0078884 0.9667200
6.648730 -0.6567979 -0.1157545 1.7900163 0.0286833 -0.2543870 -0.0077818 0.9666457
6.856505 -0.7047232 -0.1213448 1.8739854 0.0284878 -0.2555529 -0.0064500 0.9663537
7.064308 -0.7553343 -0.1267027 1.9598960 0.0272416 -0.2579359 -0.0043585 0.9657681
7.271858 -0.8053572 -0.1329601 2.0447822 0.0228277 -0.2627806 -0.0038302 0.9645779
7.479481 -0.8575543 -0.1386722 2.1298704 0.0225591 -0.2712096 -0.0023609 0.9622530
7.687027 -0.9112859 -0.1441403 2.2145433 0.0235370 -0.2823953 -0.0009521 0.9590089
7.894618 -0.9689918 -0.1493932 2.2982593 0.0196343 -0.2916042 -0.0042890 0.9563279
8.102397 -1.0259173 -0.1543473 2.3811638 0.0225278 -0.2982621 -0.0036119 0.9542113
8.310112 -1.0845426 -0.1597575 2.4630103 0.0270187 -0.3035011 -0.0033207 0.9524422
8.517862 -1.1452621 -0.1654617 2.5455058 0.0225860 -0.3085356 -0.0044643 0.9509341
8.621720 -1.1753752 -0.1679820 2.5859914 0.0212562 -0.3109207 -0.0051540 0.9501842
8.829907 -1.2364476 -0.1729614 2.6666195 0.0224691 -0.3163413 -0.0051412 0.9483654
8.933548 -1.2675984 -0.1756367 2.7075126 0.0235859 -0.3195313 -0.0041919 0.9472729
9.038033 -1.2988150 -0.1784981 2.7475858 0.0233872 -0.3228180 -0.0033853 0.9461660
9.244879 -1.3632059 -0.1834978 2.8276427 0.0229041 -0.3299585 -0.0037226 0.9437102
9.348782 -1.3961031 -0.1861517 2.8677146 0.0232915 -0.3339944 -0.0030284 0.9422824
9.556318 -1.4619555 -0.1916499 2.9471071 0.0238624 -0.3424206 -0.0019262 0.9392417
9.659968 -1.4961616 -0.1945907 2.9857442 0.0243455 -0.3462006 -0.0014014 0.9378435
9.869005 -1.5623834 -0.2012981 3.0621078 0.0241647 -0.3550481 -0.0003237 0.9345356
9.971133 -1.5973842 -0.2039547 3.1005917 0.0233122 -0.3593822 0.0000768 0.9328992
10.178630 -1.6696608 -0.2099269 3.1771657 0.0230704 -0.3682234 0.0009613 0.9294506
10.386180 -1.7430182 -0.2155143 3.2531805 0.0237762 -0.3768623 0.0012132 0.9259633
10.593630 -1.8201799 -0.2219425 3.3291147 0.0231680 -0.3836267 0.0009182 0.9231972
10.801110 -1.8987443 -0.2273516 3.4042675 0.0251962 -0.3900996 0.0014973 0.9204267
11.008770 -1.9783930 -0.2338991 3.4789894 0.0266129 -0.3964961 0.0022226 0.9176479
11.216240 -2.0594118 -0.2395996 3.5532126 0.0254667 -0.4027314 0.0028058 0.9149595
11.423780 -2.1431048 -0.2465049 3.6280694 0.0254374 -0.4089679 0.0035711 0.9121872
11.735130 -2.2697825 -0.2563958 3.7369609 0.0248330 -0.4162725 0.0061372 0.9088800
12.046270 -2.3987262 -0.2666593 3.8439729 0.0246624 -0.4251228 0.0124955 0.9047133
12.253600 -2.4868042 -0.2736678 3.9148159 0.0225301 -0.4351222 0.0159472 0.8999482
12.460990 -2.5772817 -0.2815053 3.9834781 0.0208171 -0.4452479 0.0154170 0.8950326
12.668390 -2.6703997 -0.2880599 4.0505071 0.0226328 -0.4559310 0.0165074 0.8895742
12.875730 -2.7653434 -0.2955606 4.1154523 0.0217242 -0.4663973 0.0181703 0.8841219
13.083110 -2.8632400 -0.3030099 4.1800122 0.0209275 -0.4774676 0.0189041 0.8781967
13.290730 -2.9626708 -0.3111073 4.2418456 0.0217864 -0.4880030 0.0190366 0.8723624
13.498010 -3.0637615 -0.3192976 4.3017559 0.0227939 -0.4980405 0.0187283 0.8666518
13.705510 -3.1662884 -0.3270945 4.3593702 0.0207612 -0.5065502 0.0177187 0.8617783
13.809230 -3.2177162 -0.3311671 4.3869991 0.0206633 -0.5101264 0.0177073 0.8596689
14.016650 -3.3221271 -0.3387649 4.4428854 0.0212759 -0.5172985 0.0214089 0.8552727
14.120270 -3.3740776 -0.3432525 4.4698486 0.0218402 -0.5202855 0.0224033 0.8534191
14.224500 -3.4267519 -0.3476946 4.4964304 0.0224376 -0.5227939 0.0241784 0.8518207
14.431260 -3.5327177 -0.3568650 4.5494576 0.0190616 -0.5271130 0.0250947 0.8492107
14.538380 -3.5857563 -0.3611446 4.5757647 0.0168546 -0.5289065 0.0252212 0.8481378
14.742390 -3.6919568 -0.3688834 4.6266770 0.0150682 -0.5318004 0.0262198 0.8463296
14.950000 -3.7971277 -0.3771056 4.6759224 0.0124988 -0.5338979 0.0267055 0.8450347
15.157490 -3.9005284 -0.3834369 4.7247839 0.0110231 -0.5360080 0.0289978 0.8436427
15.365030 -3.9999361 -0.3907999 4.7714853 0.0076660 -0.5382383 0.0302382 0.8422152
15.572680 -4.1022182 -0.3976279 4.8172083 0.0071195 -0.5390955 0.0322041 0.8415987
15.780370 -4.1991816 -0.4044042 4.8611298 0.0085240 -0.5389857 0.0325168 0.8416439
15.988000 -4.2939310 -0.4118893 4.9046779 0.0103513 -0.5360674 0.0308068 0.8435493
16.195700 -4.3874049 -0.4182194 4.9490013 0.0115047 -0.5309670 0.0309608 0.8467486
16.403370 -4.4790707 -0.4251283 4.9938745 0.0119103 -0.5238699 0.0288171 0.8512273
16.611110 -4.5691090 -0.4322135 5.0403428 0.0120673 -0.5150403 0.0276552 0.8566347
16.818850 -4.6567941 -0.4387655 5.0883379 0.0147474 -0.5051739 0.0273004 0.8624595
16.922750 -4.6995931 -0.4423238 5.1124029 0.0162626 -0.4993918 0.0265118 0.8658178
17.026730 -4.7425880 -0.4455261 5.1376882 0.0165558 -0.4931758 0.0257192 0.8693917
17.130540 -4.7842455 -0.4488533 5.1629143 0.0162302 -0.4867239 0.0244645 0.8730624
17.234250 -4.8252702 -0.4521871 5.1880774 0.0156807 -0.4799370 0.0233209 0.8768528
17.338110 -4.8656573 -0.4552741 5.2146072 0.0155469 -0.4739812 0.0230697 0.8800954
17.442380 -4.9050026 -0.4585177 5.2411137 0.0158657 -0.4678649 0.0230883 0.8833559
17.545790 -4.9444041 -0.4616074 5.2684250 0.0166201 -0.4618621 0.0233872 0.8864875
17.753120 -5.0202961 -0.4680326 5.3230805 0.0165099 -0.4496706 0.0240136 0.8927190
17.857050 -5.0573955 -0.4713756 5.3504677 0.0157943 -0.4435508 0.0227113 0.8958222
17.960530 -5.0937600 -0.4742793 5.3783417 0.0143841 -0.4378225 0.0220307 0.8986764
18.064140 -5.1292090 -0.4769703 5.4061875 0.0142956 -0.4320272 0.0212078 0.9014978
18.167890 -5.1640835 -0.4796595 5.4342403 0.0154440 -0.4261323 0.0204392 0.9042981
18.271640 -5.1981049 -0.4822605 5.4627161 0.0164276 -0.4205433 0.0199683 0.9069039
18.479100 -5.2644792 -0.4879543 5.5202680 0.0156148 -0.4093839 0.0188185 0.9120345
18.582900 -5.2966571 -0.4905854 5.5496430 0.0146110 -0.4041746 0.0182834 0.9143824
18.686620 -5.3279967 -0.4929895 5.5788035 0.0143369 -0.3991840 0.0182316 0.9165775
18.790260 -5.3588161 -0.4953392 5.6074677 0.0147435 -0.3941824 0.0176794 0.9187438
18.894080 -5.3892856 -0.4977010 5.6367235 0.0146794 -0.3894273 0.0172567 0.9207785
18.997780 -5.4191151 -0.5000722 5.6658883 0.0135712 -0.3847787 0.0162672 0.9227657
19.101510 -5.4483724 -0.5023527 5.6952648 0.0126566 -0.3800303 0.0150083 0.9247656
19.205270 -5.4766464 -0.5045913 5.7241182 0.0123956 -0.3752136 0.0142966 0.9267452
19.309140 -5.5043941 -0.5066960 5.7530127 0.0123956 -0.3701696 0.0139211 0.9287772
19.412890 -5.5314126 -0.5085379 5.7817950 0.0124647 -0.3648129 0.0122944 0.9309162
19.620500 -5.5834470 -0.5121971 5.8397193 0.0100809 -0.3520897 0.0099370 0.9358592
19.828250 -5.6332016 -0.5159310 5.8981328 0.0108486 -0.3376328 0.0078372 0.9411828
20.035950 -5.6795378 -0.5190721 5.9570527 0.0116612 -0.3227815 0.0080373 0.9463676
20.243550 -5.7241921 -0.5223549 6.0170074 0.0096585 -0.3067260 0.0066612 0.9517255
20.451300 -5.7664342 -0.5247520 6.0775533 0.0072314 -0.2910693 0.0061009 0.9566552
20.658750 -5.8066196 -0.5270979 6.1401882 0.0052392 -0.2776452 0.0067689 0.9606456
20.868590 -5.8455820 -0.5291088 6.2037468 0.0053217 -0.2653935 0.0060982 0.9641062
21.074000 -5.8834000 -0.5311258 6.2691317 0.0050385 -0.2530304 0.0044319 0.9674351
21.281800 -5.9193077 -0.5332423 6.3358631 0.0054006 -0.2421577 0.0053951 0.9702069
21.488760 -5.9546804 -0.5349537 6.4037976 0.0053412 -0.2340136 0.0055408 0.9722028
21.696840 -5.9901218 -0.5364456 6.4740124 0.0020859 -0.2272514 0.0031535 0.9738288
21.903660 -6.0248818 -0.5379667 6.5456052 -0.0000553 -0.2200090 0.0008614 0.9754974
22.111130 -6.0598469 -0.5384977 6.6207385 -0.0023407 -0.2125915 -0.0002311 0.9771383
22.318740 -6.0946789 -0.5386510 6.6989470 -0.0037702 -0.2043539 0.0003373 0.9788898
22.526370 -6.1283031 -0.5390133 6.7790465 -0.0038884 -0.1951601 0.0016981 0.9807622
22.837890 -6.1771784 -0.5402033 6.9038148 -0.0019172 -0.1771478 0.0016205 0.9841810
23.045760 -6.2067127 -0.5405197 6.9889469 -0.0033879 -0.1589981 -0.0018258 0.9872714
23.253620 -6.2340412 -0.5403319 7.0787024 -0.0041734 -0.1377462 -0.0042578 0.9904496
23.461620 -6.2581801 -0.5401947 7.1711969 -0.0061982 -0.1155325 -0.0052023 0.9932708
23.773430 -6.2880821 -0.5389185 7.3188672 -0.0115344 -0.0813981 -0.0081642 0.9965815
23.981240 -6.3028679 -0.5377094 7.4202571 -0.0104213 -0.0587905 -0.0091969 0.9981736
24.188990 -6.3129740 -0.5364476 7.5239677 -0.0110502 -0.0379612 -0.0090882 0.9991768
24.396610 -6.3185735 -0.5351437 7.6306076 -0.0123793 -0.0177595 -0.0097447 0.9997182
24.604240 -6.3210077 -0.5334152 7.7416072 -0.0131082 0.0028945 -0.0109638 0.9998498
24.915620 -6.3143663 -0.5317752 7.9076986 -0.0114162 0.0329721 -0.0130732 0.9993055
25.123120 -6.3042068 -0.5303160 8.0221119 -0.0093998 0.0519805 -0.0144211 0.9984998
25.330500 -6.2909956 -0.5298967 8.1379042 -0.0054121 0.0709750 -0.0147220 0.9973547
25.641640 -6.2614551 -0.5321029 8.3175573 0.0018322 0.0979160 -0.0176435 0.9950366
25.848990 -6.2351298 -0.5346196 8.4389238 0.0028986 0.1156831 -0.0182761 0.9931138
26.056490 -6.2042484 -0.5375844 8.5618877 0.0056649 0.1330960 -0.0179639 0.9909242
26.264020 -6.1691999 -0.5411966 8.6861143 0.0075144 0.1503129 -0.0191974 0.9884235
26.471490 -6.1293364 -0.5450915 8.8115425 0.0088147 0.1686593 -0.0219641 0.9853902
26.679010 -6.0842161 -0.5497961 8.9354181 0.0117320 0.1867948 -0.0223749 0.9820740
26.886640 -6.0335388 -0.5562464 9.0583553 0.0170657 0.2061155 -0.0230589 0.9781071
27.094360 -5.9766665 -0.5633665 9.1804962 0.0185804 0.2301474 -0.0258060 0.9726361
27.302140 -5.9136372 -0.5720326 9.3025265 0.0203328 0.2576594 -0.0295924 0.9655685
27.509940 -5.8419027 -0.5816422 9.4222984 0.0220427 0.2846917 -0.0313973 0.9578512
27.717500 -5.7634649 -0.5922652 9.5380535 0.0250843 0.3112292 -0.0323062 0.9494543
27.925020 -5.6785564 -0.6040464 9.6494474 0.0289126 0.3360824 -0.0329404 0.9408122
28.132630 -5.5882034 -0.6168064 9.7562075 0.0312792 0.3591327 -0.0328369 0.9321840
28.340050 -5.4911242 -0.6307570 9.8601017 0.0334192 0.3796448 -0.0323863 0.9239611
28.547500 -5.3880682 -0.6446764 9.9604301 0.0376845 0.3983752 -0.0321922 0.9158825
28.754980 -5.2802901 -0.6594976 10.0586853 0.0398003 0.4169537 -0.0323167 0.9074807
28.962310 -5.1701355 -0.6759155 10.1511173 0.0381640 0.4367289 -0.0335134 0.8981583
29.169630 -5.0595851 -0.6922321 10.2352495 0.0355806 0.4562387 -0.0357011 0.8884287
29.376900 -4.9461451 -0.7083362 10.3143787 0.0363668 0.4752761 -0.0386337 0.8782355
29.584410 -4.8305435 -0.7244290 10.3873625 0.0340976 0.4958954 -0.0391517 0.8668289
29.791760 -4.7131147 -0.7403636 10.4537144 0.0309432 0.5169230 -0.0389867 0.8545837
29.999280 -4.5933580 -0.7559298 10.5139713 0.0296406 0.5373635 -0.0389000 0.8419315
30.206740 -4.4733920 -0.7709031 10.5665789 0.0306902 0.5563073 -0.0379615 0.8295416
30.414180 -4.3532214 -0.7855530 10.6129475 0.0311411 0.5748672 -0.0361255 0.8168554
30.621900 -4.2306981 -0.8000507 10.6541910 0.0325780 0.5920478 -0.0379919 0.8043474
30.829180 -4.1120515 -0.8155063 10.6889439 0.0373803 0.6077455 -0.0448888 0.7919806
31.036690 -3.9948843 -0.8315155 10.7185726 0.0366773 0.6234872 -0.0487828 0.7794477
31.244130 -3.8759899 -0.8479683 10.7436695 0.0340867 0.6387519 -0.0513684 0.7669390
31.451710 -3.7603848 -0.8642888 10.7629938 0.0329400 0.6531104 -0.0513680 0.7548000
31.659170 -3.6448750 -0.8804964 10.7782545 0.0327607 0.6671306 -0.0542994 0.7422366
31.866620 -3.5297656 -0.8959832 10.7889004 0.0320061 0.6803218 -0.0547452 0.7301649
32.075790 -3.4171369 -0.9116217 10.7948723 0.0295266 0.6911883 -0.0512789 0.7202482
32.177810 -3.3623934 -0.9187674 10.7968712 0.0287986 0.6957841 -0.0499435 0.7159335
32.385170 -3.2534332 -0.9332567 10.7994051 0.0298226 0.7024972 -0.0509040 0.7092370
32.592540 -3.1476657 -0.9478067 10.8007650 0.0311108 0.7067783 -0.0537731 0.7047021
32.799930 -3.0447505 -0.9620862 10.8008213 0.0345003 0.7100548 -0.0585806 0.7008567
33.007250 -2.9420767 -0.9765096 10.7995214 0.0290258 0.7126778 -0.0513888 0.6990043
33.214750 -2.8423116 -0.9894335 10.7977381 0.0282521 0.7130297 -0.0509614 0.6987084
33.422000 -2.7431514 -1.0025072 10.7968998 0.0294654 0.7120830 -0.0536595 0.6994214
33.629370 -2.6453795 -1.0156825 10.7960529 0.0293717 0.7099684 -0.0553245 0.7014424
33.836860 -2.5498710 -1.0288641 10.7968788 0.0288612 0.7069537 -0.0571889 0.7043529
34.044850 -2.4539008 -1.0415208 10.7982244 0.0279627 0.7023993 -0.0564934 0.7089865
34.251630 -2.3588696 -1.0545808 10.8007584 0.0292242 0.6973195 -0.0551050 0.7140412
34.459140 -2.2643926 -1.0668304 10.8050900 0.0282357 0.6924868 -0.0552000 0.7187613
34.770400 -2.1231847 -1.0850415 10.8133907 0.0267701 0.6851270 -0.0544416 0.7258929
34.977900 -2.0303464 -1.0972201 10.8206062 0.0285208 0.6800992 -0.0549663 0.7305001
35.185510 -1.9385506 -1.1094244 10.8288851 0.0278011 0.6750930 -0.0570416 0.7349985
35.393080 -1.8474770 -1.1212579 10.8383398 0.0263193 0.6702037 -0.0566262 0.7395456
35.600660 -1.7565974 -1.1335443 10.8490295 0.0258066 0.6653889 -0.0551122 0.7440123
35.808130 -1.6674109 -1.1448573 10.8607912 0.0275731 0.6600176 -0.0544173 0.7487692
35.911880 -1.6226730 -1.1506220 10.8673935 0.0288028 0.6567648 -0.0542708 0.7515883
36.119380 -1.5335582 -1.1622837 10.8811340 0.0303418 0.6492314 -0.0551558 0.7579814
36.326820 -1.4452610 -1.1739151 10.8974495 0.0278645 0.6445733 -0.0554506 0.7620197
36.534410 -1.3562171 -1.1854333 10.9136629 0.0278915 0.6419700 -0.0569062 0.7641062
36.742000 -1.2650294 -1.1969687 10.9307899 0.0289706 0.6396501 -0.0565474 0.7660358
36.949590 -1.1734807 -1.2091937 10.9484015 0.0301776 0.6370751 -0.0556882 0.7681950
37.053350 -1.1274905 -1.2154381 10.9579344 0.0303863 0.6358049 -0.0556171 0.7692435
37.260770 -1.0349759 -1.2269701 10.9768705 0.0295985 0.6331123 -0.0525773 0.7717049
37.468260 -0.9438436 -1.2384800 10.9962921 0.0303811 0.6293440 -0.0523121 0.7747687
37.675750 -0.8531007 -1.2500610 11.0171013 0.0316126 0.6242754 -0.0519432 0.7788342
37.987180 -0.7180326 -1.2673402 11.0511312 0.0331521 0.6143928 -0.0498428 0.7867262
38.194630 -0.6279256 -1.2790475 11.0762224 0.0349575 0.6056419 -0.0480340 0.7935166
38.505750 -0.4932177 -1.2960606 11.1180897 0.0331801 0.5922626 -0.0481336 0.8036214
38.713300 -0.4054763 -1.3077836 11.1477003 0.0331783 0.5832845 -0.0499228 0.8100532
38.920770 -0.3178549 -1.3191555 11.1794167 0.0313051 0.5750922 -0.0503606 0.8159367
39.128410 -0.2320004 -1.3304672 11.2119322 0.0301717 0.5682457 -0.0493846 0.8208213
39.335930 -0.1455944 -1.3411942 11.2467575 0.0284992 0.5612088 -0.0503675 0.8256485
39.543570 -0.0624623 -1.3516207 11.2822199 0.0297185 0.5541562 -0.0512445 0.8303022
39.751160 0.0205951 -1.3627131 11.3182716 0.0288149 0.5466378 -0.0501169 0.8353713
39.958670 0.1030049 -1.3731731 11.3565893 0.0264342 0.5388775 -0.0484999 0.8405713
40.166160 0.1836782 -1.3830031 11.3963404 0.0240034 0.5308683 -0.0485276 0.8457232
40.373770 0.2628484 -1.3918505 11.4379816 0.0227723 0.5232721 -0.0484418 0.8504829
40.581350 0.3411083 -1.4009457 11.4809017 0.0218418 0.5155066 -0.0488578 0.8552127
40.788800 0.4185581 -1.4097729 11.5243578 0.0224070 0.5072393 -0.0486974 0.8601365
40.996290 0.4950390 -1.4185803 11.5687485 0.0208966 0.4994559 -0.0479085 0.8647612
41.203950 0.5701375 -1.4265099 11.6141567 0.0184691 0.4940684 -0.0470683 0.8679516
41.411540 0.6470156 -1.4347258 11.6612482 0.0153891 0.4903123 -0.0456503 0.8702144
41.619170 0.7234168 -1.4419615 11.7090330 0.0132969 0.4882500 -0.0442111 0.8714818
41.826800 0.7987757 -1.4494554 11.7563906 0.0142467 0.4865079 -0.0453399 0.8723826
42.034430 0.8755651 -1.4566416 11.8049192 0.0144435 0.4846729 -0.0444617 0.8734453
42.241880 0.9530101 -1.4633471 11.8545227 0.0134024 0.4836844 -0.0414299 0.8741586
42.449700 1.0303011 -1.4702624 11.9035425 0.0106552 0.4822631 -0.0394758 0.8750717
42.657050 1.1081185 -1.4765551 11.9538946 0.0098336 0.4817160 -0.0395829 0.8753777
42.968420 1.2240744 -1.4857519 12.0292282 0.0074079 0.4809320 -0.0383528 0.8758873
43.176100 1.3009000 -1.4911964 12.0796757 0.0058953 0.4806078 -0.0369702 0.8761361
43.383520 1.3771777 -1.4965584 12.1295967 0.0044411 0.4795147 -0.0359824 0.8767846
43.694790 1.4905829 -1.5044310 12.2049541 0.0023854 0.4764924 -0.0342517 0.8785079
43.902170 1.5658216 -1.5086313 12.2556772 0.0005267 0.4737364 -0.0326219 0.8800621
44.109610 1.6412954 -1.5125729 12.3073797 -0.0008533 0.4682646 -0.0306214 0.8830571
44.316920 1.7161765 -1.5165597 12.3601322 -0.0007693 0.4616367 -0.0303305 0.8865501
44.524290 1.7901759 -1.5199875 12.4145422 -0.0025832 0.4549946 -0.0297976 0.8899918
44.731960 1.8624825 -1.5233985 12.4691162 -0.0041697 0.4472491 -0.0270772 0.8939897
44.940270 1.9341474 -1.5263489 12.5258150 -0.0030458 0.4374886 -0.0257039 0.8988513
45.148480 2.0060592 -1.5288241 12.5851297 -0.0032257 0.4267775 -0.0244783 0.9040196
45.354340 2.0766954 -1.5316873 12.6462898 -0.0059367 0.4160228 -0.0237983 0.9090233
45.561770 2.1474180 -1.5337285 12.7104740 -0.0075278 0.4049604 -0.0228599 0.9140174
45.769260 2.2165518 -1.5349612 12.7767487 -0.0115942 0.3944061 -0.0193960 0.9186584
45.976640 2.2851510 -1.5354480 12.8443737 -0.0112342 0.3826013 -0.0150821 0.9237221
46.184260 2.3524561 -1.5353268 12.9151182 -0.0121212 0.3695157 -0.0124270 0.9290623
46.391460 2.4188952 -1.5347511 12.9887962 -0.0139165 0.3566546 -0.0100478 0.9340786
46.598920 2.4831357 -1.5344102 13.0647087 -0.0154021 0.3435345 -0.0082540 0.9389775
46.806400 2.5456071 -1.5336180 13.1430521 -0.0164844 0.3310689 -0.0084056 0.9434251
47.013900 2.6065917 -1.5321636 13.2240829 -0.0180917 0.3212278 -0.0110909 0.9467642
47.221650 2.6668658 -1.5310608 13.3061571 -0.0178076 0.3120062 -0.0131818 0.9498217
47.429220 2.7254496 -1.5296681 13.3899460 -0.0219989 0.3033542 -0.0150885 0.9525044
47.636820 2.7839909 -1.5270556 13.4772177 -0.0242165 0.2958264 -0.0186359 0.9547529
47.844470 2.8408828 -1.5250808 13.5657301 -0.0275200 0.2906588 -0.0226033 0.9561638
48.052150 2.8984461 -1.5225122 13.6543303 -0.0230619 0.2876789 -0.0265923 0.9570799
48.259930 2.9551835 -1.5206112 13.7424974 -0.0217254 0.2864845 -0.0296231 0.9573804
48.364330 2.9841118 -1.5201052 13.7874479 -0.0221097 0.2861228 -0.0287189 0.9575073
48.571420 3.0425615 -1.5190806 13.8778763 -0.0221362 0.2853304 -0.0279238 0.9577665
48.778960 3.1009021 -1.5178525 13.9692268 -0.0209679 0.2842981 -0.0277879 0.9581037
48.986440 3.1595988 -1.5169526 14.0599079 -0.0203370 0.2817564 -0.0261467 0.9589140
49.193760 3.2169104 -1.5159054 14.1522655 -0.0206191 0.2767313 -0.0249890 0.9604011
49.401170 3.2734256 -1.5147715 14.2448578 -0.0204526 0.2667994 -0.0232355 0.9632548
49.608640 3.3262560 -1.5134406 14.3390846 -0.0206877 0.2549134 -0.0236195 0.9664540
49.816010 3.3765266 -1.5122137 14.4337673 -0.0224683 0.2422238 -0.0242049 0.9696581
50.023270 3.4247203 -1.5107028 14.5294247 -0.0233721 0.2290853 -0.0230769 0.9728521
50.230760 3.4694047 -1.5085504 14.6264896 -0.0240413 0.2159775 -0.0233345 0.9758233
50.438290 3.5113714 -1.5065110 14.7236032 -0.0239804 0.2026476 -0.0267487 0.9785926
50.645900 3.5502546 -1.5044841 14.8225212 -0.0250483 0.1925742 -0.0312069 0.9804662
50.853640 3.5884724 -1.5023966 14.9218121 -0.0251877 0.1862015 -0.0321078 0.9816637
51.061270 3.6264553 -1.5004144 15.0213270 -0.0245894 0.1813536 -0.0303899 0.9826407
51.165140 3.6450343 -1.4995040 15.0712299 -0.0242711 0.1788307 -0.0294117 0.9831406
51.268910 3.6634011 -1.4984782 15.1215496 -0.0233902 0.1761219 -0.0289575 0.9836643
51.372640 3.6812563 -1.4975293 15.1714869 -0.0224136 0.1735573 -0.0285158 0.9841557
51.580140 3.7169452 -1.4951239 15.2727308 -0.0210491 0.1674361 -0.0294267 0.9852188
51.787640 3.7496533 -1.4935552 15.3743553 -0.0241640 0.1605035 -0.0302806 0.9862747
51.995010 3.7809238 -1.4910762 15.4755049 -0.0244632 0.1546768 -0.0301633 0.9872015
52.202390 3.8123763 -1.4894583 15.5753965 -0.0217873 0.1503076 -0.0279980 0.9880025
52.410020 3.8424323 -1.4874116 15.6744013 -0.0220670 0.1493681 -0.0279065 0.9881414
52.617770 3.8721213 -1.4861929 15.7715445 -0.0238652 0.1572639 -0.0321317 0.9867452
52.825640 3.9025311 -1.4842184 15.8653765 -0.0244583 0.1695235 -0.0345786 0.9846156
53.033270 3.9358695 -1.4828064 15.9558001 -0.0247254 0.1782589 -0.0327559 0.9831274
53.137020 3.9528139 -1.4822724 16.0002098 -0.0241913 0.1809579 -0.0318974 0.9826757
53.344390 3.9859633 -1.4810746 16.0861378 -0.0217946 0.1822572 -0.0307595 0.9825279
53.551780 4.0174356 -1.4798594 16.1724129 -0.0209207 0.1775764 -0.0284460 0.9834733
53.759020 4.0476918 -1.4789333 16.2574310 -0.0199034 0.1667173 -0.0249102 0.9854891
53.966270 4.0746083 -1.4777980 16.3433952 -0.0198045 0.1511054 -0.0222412 0.9880690
54.173520 4.0980468 -1.4767094 16.4281235 -0.0188891 0.1304798 -0.0180673 0.9911063
54.380770 4.1175098 -1.4752939 16.5153065 -0.0180340 0.1061868 -0.0173163 0.9940318
54.588020 4.1320539 -1.4742522 16.6029873 -0.0158368 0.0788062 -0.0170843 0.9966177
54.795390 4.1410465 -1.4732040 16.6920662 -0.0155102 0.0491775 -0.0181789 0.9985042
55.002770 4.1441374 -1.4715629 16.7813625 -0.0152793 0.0183071 -0.0179602 0.9995543
55.106520 4.1438437 -1.4710460 16.8253078 -0.0147719 0.0030044 -0.0175062 0.9997331
55.314140 4.1393409 -1.4693370 16.9148350 -0.0127549 -0.0244361 -0.0190725 0.9994380
55.522020 4.1307039 -1.4678469 17.0056381 -0.0145678 -0.0436169 -0.0225507 0.9986876
55.730050 4.1196489 -1.4665241 17.0978298 -0.0171438 -0.0517919 -0.0277795 0.9981242
55.938270 4.1084685 -1.4645784 17.1912918 -0.0113973 -0.0533211 -0.0301453 0.9980572
56.146400 4.0985584 -1.4632754 17.2869701 -0.0106611 -0.0511188 -0.0310343 0.9981533
56.354520 4.0888510 -1.4621149 17.3832569 -0.0099282 -0.0483347 -0.0294829 0.9983466
56.562530 4.0792832 -1.4610831 17.4820080 -0.0049709 -0.0460136 -0.0275304 0.9985490
56.770390 4.0695133 -1.4610918 17.5833492 -0.0047599 -0.0442082 -0.0270059 0.9986459
56.978150 4.0595870 -1.4603524 17.6869869 -0.0063004 -0.0435841 -0.0287210 0.9986169
57.185780 4.0492649 -1.4594176 17.7920189 -0.0059423 -0.0436651 -0.0310691 0.9985453
57.393270 4.0384026 -1.4589527 17.8987236 -0.0047108 -0.0442608 -0.0320305 0.9984953
57.600640 4.0277319 -1.4595872 18.0067101 -0.0024401 -0.0464195 -0.0307840 0.9984446
57.704420 4.0221829 -1.4596679 18.0614777 -0.0028846 -0.0489467 -0.0285452 0.9983892
57.911640 4.0095291 -1.4600508 18.1707840 -0.0036248 -0.0569008 -0.0237936 0.9980897
58.119020 3.9948289 -1.4603484 18.2793770 -0.0021486 -0.0666642 -0.0204133 0.9975643
58.326530 3.9787009 -1.4614618 18.3874607 -0.0020240 -0.0764393 -0.0192955 0.9968855
58.534020 3.9601834 -1.4619523 18.4943352 -0.0023703 -0.0857075 -0.0182804 0.9961498
58.741650 3.9398694 -1.4633420 18.5998421 -0.0008430 -0.0945665 -0.0191326 0.9953343
58.949150 3.9174275 -1.4644128 18.7049847 -0.0000341 -0.1024636 -0.0188733 0.9945577
59.156650 3.8945236 -1.4659265 18.8088379 0.0004652 -0.1092416 -0.0174834 0.9938614
59.364270 3.8702669 -1.4673220 18.9124165 0.0033704 -0.1150959 -0.0141045 0.9932485
59.571770 3.8455186 -1.4685206 19.0158138 0.0062395 -0.1211577 -0.0093776 0.9925694
59.779400 3.8179970 -1.4708689 19.1204147 0.0043161 -0.1259623 -0.0085309 0.9919890
59.987020 3.7900591 -1.4729211 19.2236328 0.0040276 -0.1292348 -0.0093234 0.9915620
60.194660 3.7616906 -1.4747289 19.3268318 0.0010240 -0.1312722 -0.0078675 0.9913146
60.298400 3.7476873 -1.4753203 19.3786125 -0.0000984 -0.1316987 -0.0062265 0.9912702
60.402270 3.7335501 -1.4755973 19.4307060 -0.0002803 -0.1323556 -0.0036130 0.9911957
60.506060 3.7195239 -1.4760603 19.4827080 -0.0012407 -0.1329114 -0.0008776 0.9911268
60.609930 3.7054305 -1.4768178 19.5344791 -0.0009738 -0.1333835 0.0006907 0.9910638
60.817540 3.6768241 -1.4778832 19.6375446 -0.0011592 -0.1345162 0.0029013 0.9909065
61.025270 3.6472101 -1.4792218 19.7418823 -0.0027938 -0.1356942 0.0028099 0.9907429
61.232720 3.6173067 -1.4798229 19.8465157 -0.0047679 -0.1368009 0.0008769 0.9905867
61.440150 3.5873156 -1.4805943 19.9509678 -0.0065089 -0.1370352 -0.0013719 0.9905438
61.647800 3.5570860 -1.4803978 20.0547104 -0.0078844 -0.1352903 -0.0023790 0.9907718
61.855290 3.5280623 -1.4804549 20.1588745 -0.0101929 -0.1339091 -0.0028127 0.9909372
62.166620 3.4845228 -1.4795681 20.3134766 -0.0118137 -0.1315001 -0.0051768 0.9912322
62.374040 3.4568963 -1.4788809 20.4150791 -0.0124266 -0.1301651 -0.0047012 0.9914033
62.581550 3.4299474 -1.4781079 20.5167236 -0.0159922 -0.1292905 -0.0029562 0.9914734
62.789040 3.4031949 -1.4766829 20.6173973 -0.0170166 -0.1281362 -0.0015999 0.9916093
62.996620 3.3768950 -1.4746594 20.7174873 -0.0175183 -0.1274672 0.0014086 0.9916871
63.203960 3.3508320 -1.4730436 20.8166618 -0.0172572 -0.1274753 0.0046216 0.9916808
63.411420 3.3248720 -1.4714193 20.9153481 -0.0187001 -0.1276341 0.0058523 0.9916278
63.618820 3.2988024 -1.4696829 21.0129700 -0.0203951 -0.1278972 0.0055102 0.9915624
63.826160 3.2727118 -1.4679490 21.1097336 -0.0201214 -0.1280521 0.0056083 0.9915475
64.033590 3.2473769 -1.4657688 21.2055016 -0.0214726 -0.1286443 0.0061375 0.9914393
64.137290 3.2349114 -1.4648700 21.2525539 -0.0221105 -0.1290392 0.0062727 0.9913731
64.344770 3.2103863 -1.4625285 21.3461952 -0.0221488 -0.1297402 0.0062906 0.9912806
64.552380 3.1851420 -1.4603585 21.4380531 -0.0232460 -0.1296559 0.0044970 0.9912763
64.759950 3.1595950 -1.4577827 21.5296364 -0.0251469 -0.1293281 0.0035188 0.9912767
64.967450 3.1351600 -1.4545969 21.6219540 -0.0282931 -0.1299452 0.0036906 0.9911106
65.174920 3.1107368 -1.4514420 21.7117920 -0.0322418 -0.1317327 0.0042638 0.9907516
65.382430 3.0858707 -1.4470870 21.8008709 -0.0342385 -0.1334085 0.0053213 0.9904553
65.486120 3.0735269 -1.4446890 21.8450832 -0.0348692 -0.1343026 0.0058189 0.9903096
65.693560 3.0481296 -1.4399832 21.9341526 -0.0352762 -0.1357633 0.0064336 0.9900922
65.901040 3.0238523 -1.4351711 22.0218315 -0.0357678 -0.1357206 0.0067350 0.9900784
66.108530 3.0001040 -1.4309348 22.1079826 -0.0361362 -0.1349220 0.0100922 0.9901456
66.315950 2.9764566 -1.4265033 22.1916523 -0.0370787 -0.1340856 0.0108481 0.9902164
66.523350 2.9538426 -1.4224365 22.2729836 -0.0355301 -0.1336881 0.0114095 0.9903206
66.730790 2.9320784 -1.4187076 22.3515186 -0.0342740 -0.1328371 0.0110436 0.9904835
66.938300 2.9112139 -1.4151537 22.4282875 -0.0335804 -0.1321622 0.0118238 0.9905885
67.145890 2.8908815 -1.4114814 22.5044708 -0.0327819 -0.1306430 0.0133572 0.9907973
67.353460 2.8709083 -1.4084173 22.5806122 -0.0319727 -0.1264107 0.0136416 0.9913688
67.561050 2.8524466 -1.4053599 22.6566925 -0.0320498 -0.1179040 0.0118112 0.9924374
67.769210 2.8349533 -1.4017924 22.7340202 -0.0369556 -0.1047668 0.0086831 0.9937720
67.976670 2.8209262 -1.3979343 22.8108902 -0.0394884 -0.0870557 0.0075016 0.9953922
68.184680 2.8095577 -1.3927900 22.8889160 -0.0410986 -0.0646051 0.0048182 0.9970526
68.392670 2.8032715 -1.3878338 22.9670143 -0.0425130 -0.0389637 0.0043370 0.9983264
68.600540 2.8008032 -1.3826723 23.0446110 -0.0401658 -0.0118074 0.0047622 0.9991119
68.808420 2.8026326 -1.3776586 23.1221371 -0.0396969 0.0151232 0.0055306 0.9990820
69.016040 2.8090427 -1.3724325 23.2008190 -0.0406390 0.0413253 0.0074510 0.9982911
69.223670 2.8189874 -1.3672986 23.2789974 -0.0409712 0.0667404 0.0089832 0.9968883
69.431290 2.8335161 -1.3619432 23.3575687 -0.0405397 0.0919219 0.0101973 0.9948884
69.742460 2.8627622 -1.3543545 23.4758434 -0.0382136 0.1263941 0.0116139 0.9911758
69.950110 2.8861728 -1.3494222 23.5549908 -0.0375281 0.1460242 0.0120699 0.9884952
70.157430 2.9130387 -1.3441992 23.6345406 -0.0366158 0.1642101 0.0115729 0.9856776
70.364970 2.9431438 -1.3387445 23.7148170 -0.0356693 0.1826697 0.0123258 0.9824498
70.572360 2.9764724 -1.3342984 23.7937374 -0.0366587 0.2010751 0.0131595 0.9788012
70.675960 2.9943042 -1.3313687 23.8333740 -0.0371842 0.2100397 0.0136090 0.9768907
70.883300 3.0323939 -1.3263497 23.9116306 -0.0359873 0.2276574 0.0131764 0.9729868
71.090660 3.0731015 -1.3215793 23.9883118 -0.0336102 0.2449873 0.0114926 0.9688753
71.298240 3.1167459 -1.3173964 24.0638008 -0.0337543 0.2645364 0.0077046 0.9637540
71.505720 3.1649523 -1.3125991 24.1392479 -0.0359355 0.2860492 0.0084133 0.9575039
71.713370 3.2168465 -1.3079062 24.2119656 -0.0367596 0.3105108 0.0081566 0.9498238
71.920920 3.2720795 -1.3030487 24.2800579 -0.0360358 0.3365642 0.0093099 0.9409247
72.128290 3.3312368 -1.2983612 24.3453655 -0.0356419 0.3618729 0.0111877 0.9314787
72.335680 3.3937588 -1.2936604 24.4077320 -0.0356331 0.3854926 0.0130488 0.9219303
72.543090 3.4593754 -1.2888073 24.4680405 -0.0342054 0.4056509 0.0135605 0.9132872
72.750440 3.5268297 -1.2837716 24.5250721 -0.0359723 0.4232306 0.0153698 0.9051772
73.165200 3.6710386 -1.2732962 24.6336212 -0.0356646 0.4578605 0.0161682 0.8881612
73.476410 3.7884312 -1.2642834 24.7102623 -0.0398957 0.4866257 0.0168746 0.8725360
73.787750 3.9114256 -1.2550291 24.7770767 -0.0372256 0.5176544 0.0192374 0.8545631
73.995310 3.9976177 -1.2488871 24.8167725 -0.0351299 0.5389115 0.0229402 0.8413169
74.306540 4.1327763 -1.2399424 24.8703518 -0.0348623 0.5709324 0.0232548 0.8199269
74.617850 4.2745991 -1.2306644 24.9146767 -0.0346640 0.6028306 0.0204334 0.7968539
74.825180 4.3737340 -1.2248114 24.9388371 -0.0354589 0.6242445 0.0202937 0.7801600
75.032640 4.4756517 -1.2185929 24.9568100 -0.0338663 0.6450598 0.0221359 0.7630602
75.240090 4.5796328 -1.2125040 24.9696350 -0.0332019 0.6648746 0.0240318 0.7458297
75.447460 4.6858697 -1.2058213 24.9778099 -0.0316084 0.6836318 0.0237185 0.7287564
75.654690 4.7936430 -1.1991878 24.9807301 -0.0321022 0.7017040 0.0245216 0.7113225
75.862200 4.9035859 -1.1920937 24.9785919 -0.0336097 0.7187671 0.0258639 0.6939563
76.069540 5.0141344 -1.1848855 24.9710808 -0.0337653 0.7359019 0.0241178 0.6758155
76.276990 5.1255937 -1.1783804 24.9573097 -0.0328111 0.7525924 0.0234711 0.6572497
76.380600 5.1819344 -1.1745796 24.9483013 -0.0319979 0.7605159 0.0239125 0.6480895
76.484350 5.2380962 -1.1713104 24.9373722 -0.0322911 0.7679562 0.0248172 0.6392063
76.588100 5.2941375 -1.1677052 24.9257355 -0.0302975 0.7751370 0.0257536 0.6305406
76.691750 5.3500643 -1.1645849 24.9129219 -0.0288519 0.7817389 0.0251065 0.6224319
76.795320 5.4059801 -1.1611919 24.8987713 -0.0286677 0.7881145 0.0246264 0.6143672
76.899070 5.4627252 -1.1581168 24.8840714 -0.0292952 0.7945793 0.0244635 0.6059597
77.002800 5.5188508 -1.1546605 24.8668976 -0.0289409 0.8008697 0.0232654 0.5976863
77.210160 5.6310234 -1.1482360 24.8307743 -0.0280318 0.8135108 0.0192675 0.5805541
77.417440 5.7434015 -1.1429238 24.7892056 -0.0300420 0.8255541 0.0193622 0.5631900
77.521170 5.7990384 -1.1402569 24.7669449 -0.0303286 0.8313573 0.0194308 0.5545698
77.728490 5.9104438 -1.1340835 24.7178288 -0.0302710 0.8404578 0.0207285 0.5406336
77.935700 6.0211277 -1.1287743 24.6660805 -0.0271783 0.8464204 0.0211969 0.5313987
78.142930 6.1326594 -1.1226027 24.6108437 -0.0226082 0.8497354 0.0246054 0.5261495
78.350300 6.2448239 -1.1169975 24.5542717 -0.0204750 0.8512110 0.0283005 0.5236599
78.557850 6.3588753 -1.1105599 24.4972649 -0.0220578 0.8519530 0.0297360 0.5223077
78.661450 6.4157414 -1.1068163 24.4686756 -0.0241377 0.8522498 0.0304329 0.5216910
78.765630 6.4717550 -1.1025697 24.4394379 -0.0246995 0.8524365 0.0316113 0.5212893
78.868800 6.5279298 -1.0989686 24.4106178 -0.0248335 0.8527260 0.0318681 0.5207937
78.972430 6.5848093 -1.0949007 24.3809471 -0.0240441 0.8528810 0.0307290 0.5206454
79.081780 6.6420364 -1.0911176 24.3516541 -0.0231287 0.8531574 0.0304043 0.5202529
79.179920 6.7001624 -1.0871909 24.3216801 -0.0220740 0.8533970 0.0303938 0.5199064
79.283570 6.7580967 -1.0832372 24.2923889 -0.0216506 0.8538266 0.0306636 0.5192025
79.387330 6.8160610 -1.0794982 24.2621002 -0.0221298 0.8539599 0.0314192 0.5189177
79.491080 6.8734288 -1.0756774 24.2330894 -0.0230774 0.8542624 0.0322960 0.5183244
79.594920 6.9314122 -1.0718544 24.2034264 -0.0238786 0.8546736 0.0331820 0.5175536
79.802330 7.0470243 -1.0631226 24.1435814 -0.0246764 0.8553260 0.0333662 0.5164254
79.906130 7.1054382 -1.0601701 24.1134186 -0.0250063 0.8556243 0.0338107 0.5158863
80.113430 7.2231698 -1.0508614 24.0507374 -0.0213449 0.8559272 0.0334867 0.5155692
80.321020 7.3419108 -1.0422299 23.9891720 -0.0221805 0.8558965 0.0346240 0.5155099
80.528440 7.4618945 -1.0340251 23.9265480 -0.0223574 0.8558233 0.0323031 0.5157744
80.735850 7.5832276 -1.0266246 23.8632889 -0.0203061 0.8556363 0.0299568 0.5163108
80.943530 7.7079511 -1.0189493 23.7983265 -0.0216087 0.8557346 0.0332760 0.5158915
81.150830 7.8329563 -1.0102535 23.7333298 -0.0221860 0.8558900 0.0323252 0.5156697
81.358350 7.9590497 -1.0014212 23.6675758 -0.0234012 0.8559633 0.0321050 0.5155079
81.462060 8.0235538 -0.9969199 23.6340008 -0.0232332 0.8560667 0.0319294 0.5153547
81.669620 8.1524200 -0.9883372 23.5665779 -0.0225179 0.8563043 0.0315994 0.5150120
81.876950 8.2828369 -0.9797978 23.4984970 -0.0223746 0.8566118 0.0324840 0.5144516
81.980680 8.3484859 -0.9750733 23.4634438 -0.0232802 0.8565922 0.0325855 0.5144376
82.188180 8.4819260 -0.9650550 23.3937378 -0.0252462 0.8568129 0.0289282 0.5141959
82.395640 8.6156874 -0.9563804 23.3244553 -0.0294802 0.8571249 0.0271646 0.5135465
82.499340 8.6819811 -0.9518800 23.2895241 -0.0288396 0.8572135 0.0267317 0.5134576
82.706910 8.8151121 -0.9435962 23.2181225 -0.0254034 0.8569890 0.0286032 0.5139129
82.810450 8.8820953 -0.9392633 23.1823940 -0.0240578 0.8568556 0.0299429 0.5141237
83.018010 9.0143890 -0.9312973 23.1122665 -0.0249853 0.8567001 0.0313626 0.5142539
83.121720 9.0809469 -0.9267303 23.0771332 -0.0251109 0.8566341 0.0314200 0.5143543
83.329210 9.2142124 -0.9182541 23.0064030 -0.0239250 0.8566188 0.0310481 0.5144587
83.536780 9.3473234 -0.9095067 22.9357948 -0.0210718 0.8562833 0.0312734 0.5151280
83.744180 9.4808779 -0.9007685 22.8670673 -0.0237621 0.8558004 0.0315963 0.5157932
83.847930 9.5479317 -0.8962258 22.8321381 -0.0258746 0.8553805 0.0334590 0.5162706
84.055580 9.6816130 -0.8869952 22.7633362 -0.0266629 0.8543127 0.0309079 0.5181540
84.159190 9.7474203 -0.8826969 22.7300930 -0.0264062 0.8536984 0.0299810 0.5192330
84.262850 9.8139420 -0.8784751 22.6965237 -0.0258897 0.8533817 0.0288670 0.5198424
84.470300 9.9459743 -0.8702803 22.6294384 -0.0266761 0.8528519 0.0285983 0.5206862
84.677950 10.0783024 -0.8621228 22.5632038 -0.0270501 0.8528010 0.0296506 0.5206915
84.885450 10.2091131 -0.8532147 22.4966221 -0.0261925 0.8533710 0.0279902 0.5198926
85.093050 10.3402605 -0.8453271 22.4297333 -0.0235196 0.8544734 0.0278459 0.5182148
85.404100 10.5324764 -0.8330531 22.3299141 -0.0240366 0.8569021 0.0304869 0.5140151
85.611430 10.6586609 -0.8247029 22.2628460 -0.0233468 0.8585071 0.0307963 0.5113434
85.922700 10.8479176 -0.8129067 22.1607456 -0.0206843 0.8611024 0.0294626 0.5071556
86.130110 10.9735165 -0.8054725 22.0923004 -0.0234991 0.8627319 0.0294652 0.5042552
86.337580 11.0949402 -0.7982803 22.0236378 -0.0255085 0.8639577 0.0292778 0.5020650
86.545010 11.2140703 -0.7912179 21.9574203 -0.0270145 0.8651291 0.0303421 0.4999013
86.752310 11.3286638 -0.7840385 21.8920250 -0.0284657 0.8660186 0.0289204 0.4983625
87.063460 11.4940987 -0.7743121 21.7981472 -0.0317390 0.8664802 0.0269351 0.4974728
87.270810 11.5995607 -0.7680366 21.7380180 -0.0329262 0.8651761 0.0262674 0.4996961
87.374560 11.6505919 -0.7649737 21.7093906 -0.0330034 0.8638339 0.0257487 0.5020346
87.581810 11.7513056 -0.7580514 21.6548252 -0.0334014 0.8592344 0.0253223 0.5098621
87.685550 11.8013678 -0.7548308 21.6287537 -0.0336199 0.8557746 0.0248953 0.5156547
87.789170 11.8514671 -0.7517979 21.6035480 -0.0333328 0.8517447 0.0245184 0.5223206
87.996680 11.9515610 -0.7453316 21.5561028 -0.0350241 0.8422747 0.0213352 0.5374862
88.100300 12.0014439 -0.7424677 21.5349731 -0.0355361 0.8374575 0.0195159 0.5449966
88.307800 12.1023197 -0.7367880 21.4947891 -0.0362060 0.8269389 0.0162885 0.5608885
88.515060 12.2048836 -0.7308891 21.4576645 -0.0362749 0.8151439 0.0160473 0.5778987
88.618820 12.2559376 -0.7283243 21.4418755 -0.0369517 0.8093185 0.0165759 0.5859722
88.826180 12.3607864 -0.7215234 21.4121971 -0.0411322 0.7969251 0.0170951 0.6024336
89.033680 12.4657450 -0.7152624 21.3877640 -0.0453735 0.7844616 0.0150964 0.6183312
89.241050 12.5708008 -0.7081196 21.3675709 -0.0481265 0.7714127 0.0123700 0.6343920
89.448550 12.6786175 -0.7010848 21.3505993 -0.0470340 0.7564744 0.0122310 0.6522152
89.655800 12.7864370 -0.6945214 21.3388996 -0.0412771 0.7392914 0.0118369 0.6720152
89.863200 12.8959274 -0.6875843 21.3335495 -0.0391285 0.7204174 0.0120019 0.6923320
90.070690 13.0049620 -0.6817980 21.3345795 -0.0398027 0.7002021 0.0118933 0.7127351
90.278050 13.1151428 -0.6756463 21.3430042 -0.0434465 0.6784448 0.0108793 0.7332848
90.485550 13.2267179 -0.6684337 21.3576736 -0.0466008 0.6558803 0.0068172 0.7533943
90.693070 13.3379087 -0.6616172 21.3798828 -0.0472872 0.6340524 0.0034254 0.7718353
90.900550 13.4509115 -0.6539642 21.4084892 -0.0479711 0.6118665 -0.0004028 0.7895049
91.108060 13.5646458 -0.6466281 21.4443207 -0.0505142 0.5888872 0.0002348 0.8066351
91.315450 13.6755085 -0.6387128 21.4854546 -0.0507609 0.5649989 -0.0011799 0.8235279
91.522930 13.7859373 -0.6299939 21.5345726 -0.0489725 0.5422322 -0.0018216 0.8387983
91.730300 13.8948193 -0.6222078 21.5904045 -0.0536360 0.5201797 -0.0008031 0.8523706
91.937810 14.0036106 -0.6128047 21.6524048 -0.0556892 0.4988848 0.0017582 0.8648754
92.145310 14.1105232 -0.6023459 21.7196884 -0.0563990 0.4785925 0.0013206 0.8762229
92.352950 14.2158909 -0.5911882 21.7938118 -0.0582310 0.4617220 -0.0017302 0.8851095
92.560560 14.3210964 -0.5802951 21.8720016 -0.0597724 0.4474085 -0.0044115 0.8923191
92.768320 14.4247828 -0.5691984 21.9530373 -0.0607164 0.4354981 -0.0057325 0.8981214
92.872100 14.4757385 -0.5633013 21.9952888 -0.0600680 0.4301709 -0.0060960 0.9007262
93.079680 14.5772457 -0.5525026 22.0811462 -0.0571536 0.4200747 -0.0068390 0.9056621
93.287430 14.6777668 -0.5419722 22.1690941 -0.0580330 0.4137150 -0.0070851 0.9085273
93.495180 14.7747116 -0.5323641 22.2543755 -0.0603919 0.4098359 -0.0076474 0.9101257
93.806680 14.9215126 -0.5153484 22.3872070 -0.0613765 0.4058120 -0.0079892 0.9118584
93.910430 14.9708281 -0.5091074 22.4325447 -0.0603189 0.4048526 -0.0089754 0.9123461
94.221930 15.1167259 -0.4929962 22.5655613 -0.0566772 0.4032660 -0.0069481 0.9132995
94.429560 15.2098694 -0.4832165 22.6497326 -0.0581118 0.4047338 -0.0064772 0.9125632
94.844930 15.3947420 -0.4639330 22.8141747 -0.0608334 0.4159876 -0.0090342 0.9072883
95.260560 15.5727234 -0.4481642 22.9607811 -0.0563669 0.4376445 -0.0103162 0.8973203
95.572310 15.7049646 -0.4373899 23.0568237 -0.0513091 0.4570104 -0.0070364 0.8879523
95.884060 15.8333101 -0.4292750 23.1411324 -0.0359700 0.4780340 -0.0075333 0.8775722
96.196060 15.9563084 -0.4258962 23.2147484 -0.0263976 0.5038280 -0.0156904 0.8632579
96.508310 16.0784836 -0.4246191 23.2755699 -0.0298752 0.5390159 -0.0157517 0.8416182
96.820810 16.2021637 -0.4242293 23.3185921 -0.0223345 0.5846285 -0.0116090 0.8109106
97.029060 16.2860584 -0.4253490 23.3394527 -0.0133273 0.6173021 -0.0145890 0.7864780
97.341440 16.4162521 -0.4268961 23.3576679 -0.0099613 0.6652733 -0.0138403 0.7464051
97.549480 16.5035305 -0.4290503 23.3614693 -0.0135409 0.6967355 -0.0107118 0.7171203
97.861590 16.6326408 -0.4318565 23.3521118 -0.0093698 0.7424427 -0.0083412 0.6697921
98.069330 16.7173347 -0.4336815 23.3365669 -0.0021765 0.7678638 -0.0068578 0.6405728
98.276830 16.8030090 -0.4357789 23.3162842 -0.0005390 0.7876307 -0.0059163 0.6161190
98.484190 16.8874016 -0.4380182 23.2913208 -0.0005781 0.8020046 -0.0036064 0.5973067
98.691560 16.9708290 -0.4399894 23.2626457 0.0012087 0.8126985 -0.0019100 0.5826801
98.899080 17.0549526 -0.4418061 23.2305660 0.0025372 0.8230780 0.0000508 0.5679226
99.210310 17.1806297 -0.4449137 23.1763325 0.0025334 0.8402218 0.0011434 0.5422357
99.418170 17.2624741 -0.4463595 23.1350689 0.0028853 0.8543800 -0.0002936 0.5196406
99.522160 17.3022461 -0.4472575 23.1122513 0.0048453 0.8621320 -0.0011674 0.5066593
99.626160 17.3408585 -0.4479086 23.0885487 0.0049427 0.8705875 -0.0017796 0.4919856
99.730070 17.3782196 -0.4492491 23.0634995 0.0043505 0.8793028 -0.0012308 0.4762417
99.834080 17.4148121 -0.4504175 23.0365448 0.0045445 0.8885801 0.0013350 0.4586971
99.938070 17.4499817 -0.4513124 23.0076294 0.0065584 0.8976344 0.0033986 0.4406788
100.042100 17.4840965 -0.4521725 22.9777451 0.0081467 0.9066480 0.0037833 0.4217923
100.250100 17.5491447 -0.4538713 22.9135036 0.0093182 0.9236628 0.0037256 0.3830748
100.458100 17.6076660 -0.4558185 22.8447781 0.0117903 0.9391185 0.0063193 0.3433329
100.666000 17.6582985 -0.4575911 22.7737637 0.0138336 0.9525113 0.0091379 0.3040517
100.873800 17.7037773 -0.4578658 22.6979752 0.0168681 0.9629545 0.0083074 0.2690077
101.081300 17.7444229 -0.4582651 22.6202126 0.0208689 0.9709001 0.0063953 0.2384883
101.288700 17.7813416 -0.4588157 22.5395966 0.0225994 0.9773945 0.0072040 0.2100887
101.496100 17.8129044 -0.4594816 22.4571381 0.0252350 0.9829428 0.0093752 0.1819309
101.703400 17.8389168 -0.4599923 22.3728676 0.0268175 0.9878820 0.0121467 0.1523891
101.910900 17.8599777 -0.4604811 22.2874527 0.0287707 0.9921455 0.0108240 0.1212532
102.118500 17.8759365 -0.4602445 22.1996098 0.0305592 0.9956213 0.0093585 0.0878458
102.326100 17.8857441 -0.4600452 22.1091957 0.0327404 0.9978808 0.0150929 0.0541687
102.533600 17.8900394 -0.4590076 22.0177612 0.0317928 0.9991677 0.0157111 0.0201578
102.741200 17.8878479 -0.4575884 21.9240475 0.0318207 0.9993086 0.0139073 -0.0132817
102.948700 17.8792648 -0.4559334 21.8282032 0.0336123 0.9983619 0.0135407 -0.0442747
103.259900 17.8562374 -0.4535931 21.6811905 0.0363369 0.9957452 0.0124969 -0.0837554
103.467300 17.8354282 -0.4517705 21.5808811 0.0355992 0.9939697 0.0108346 -0.1031480
103.674700 17.8112812 -0.4501675 21.4787235 0.0352330 0.9922203 0.0096138 -0.1190167
103.882200 17.7839737 -0.4487846 21.3736076 0.0332355 0.9905443 0.0107034 -0.1326761
104.089600 17.7528172 -0.4466787 21.2660217 0.0344770 0.9892241 0.0123631 -0.1417538
104.296900 17.7199421 -0.4447967 21.1565971 0.0359593 0.9886125 0.0110504 -0.1457060
104.504300 17.6864815 -0.4424267 21.0456924 0.0362946 0.9883139 0.0078010 -0.1478427
104.711700 17.6512318 -0.4407146 20.9316750 0.0380906 0.9879945 0.0106535 -0.1493403
104.919200 17.6155548 -0.4384078 20.8149681 0.0391571 0.9877231 0.0117735 -0.1507686
105.126600 17.5788784 -0.4362739 20.6968460 0.0391081 0.9874707 0.0106384 -0.1525090
105.334200 17.5410728 -0.4338112 20.5751190 0.0385127 0.9872277 0.0099025 -0.1542732
105.541700 17.5014305 -0.4316440 20.4516296 0.0389502 0.9869525 0.0106451 -0.1558664
105.749200 17.4607391 -0.4293364 20.3251629 0.0395704 0.9866456 0.0103841 -0.1576603
105.956700 17.4189892 -0.4271843 20.1983910 0.0403107 0.9863497 0.0109558 -0.1592775
106.164200 17.3770847 -0.4244555 20.0694923 0.0394542 0.9860659 0.0118440 -0.1611745
106.371700 17.3338833 -0.4219542 19.9405479 0.0380867 0.9858635 0.0118436 -0.1627339
106.579200 17.2904568 -0.4189402 19.8112431 0.0383383 0.9856251 0.0113161 -0.1641503
106.786800 17.2465553 -0.4167189 19.6811752 0.0385970 0.9856141 0.0128484 -0.1640427
106.994300 17.2040253 -0.4138125 19.5504627 0.0361352 0.9861163 0.0118336 -0.1616441
107.305700 17.1412735 -0.4113497 19.3538055 0.0315935 0.9873239 0.0092459 -0.1552671
107.616700 17.0818062 -0.4104479 19.1549702 0.0255658 0.9888716 0.0051856 -0.1464665
107.824300 17.0450840 -0.4105874 19.0212498 0.0214593 0.9900644 0.0072665 -0.1387771
108.031600 17.0100174 -0.4102719 18.8865891 0.0214369 0.9915975 0.0105418 -0.1271370
108.238900 16.9785519 -0.4104533 18.7521496 0.0231673 0.9934099 0.0105309 -0.1117543
108.446400 16.9524117 -0.4096143 18.6177292 0.0211975 0.9950227 0.0065544 -0.0971465
108.654000 16.9294968 -0.4101189 18.4821129 0.0208625 0.9962586 0.0063630 -0.0836248
108.861500 16.9105740 -0.4107784 18.3470287 0.0222461 0.9972869 0.0080478 -0.0697082
109.069200 16.8947544 -0.4109240 18.2103081 0.0212679 0.9981765 0.0082421 -0.0558869
109.276700 16.8840103 -0.4106584 18.0733147 0.0171246 0.9988676 0.0108662 -0.0430358
109.380500 16.8794804 -0.4102575 18.0040665 0.0166487 0.9991229 0.0110097 -0.0368097
109.588000 16.8739815 -0.4101040 17.8676338 0.0149527 0.9995421 0.0108080 -0.0239859
109.691700 16.8721123 -0.4094615 17.7981892 0.0149924 0.9996709 0.0111975 -0.0175489
109.900300 16.8717098 -0.4087375 17.6614704 0.0142027 0.9997924 0.0137517 -0.0049303
110.003000 16.8719254 -0.4086376 17.5943947 0.0145492 0.9997951 0.0139989 0.0014706
110.210600 16.8758698 -0.4074643 17.4573174 0.0163372 0.9996939 0.0127467 0.0135159
110.418100 16.8825760 -0.4065368 17.3201389 0.0168884 0.9994739 0.0105124 0.0256180
110.729500 16.8996029 -0.4069186 17.1149445 0.0149783 0.9989695 0.0093363 0.0418144
110.937100 16.9136543 -0.4067789 16.9785461 0.0146259 0.9985501 0.0074160 0.0512727
111.144800 16.9305363 -0.4075424 16.8424931 0.0138132 0.9980593 0.0074001 0.0602671
111.352300 16.9500885 -0.4086542 16.7073956 0.0118106 0.9975227 0.0098916 0.0686385
111.560000 16.9722309 -0.4089791 16.5729942 0.0114155 0.9969383 0.0092648 0.0767969
111.767500 16.9958439 -0.4093930 16.4408913 0.0094754 0.9963502 0.0099576 0.0842458
111.974900 17.0205803 -0.4094781 16.3081398 0.0085025 0.9957134 0.0112163 0.0914148
112.182300 17.0478363 -0.4092169 16.1783047 0.0078398 0.9950469 0.0125330 0.0983013
112.389900 17.0757122 -0.4091199 16.0505829 0.0078163 0.9943679 0.0101024 0.1052109
112.597300 17.1048164 -0.4095793 15.9256058 0.0075163 0.9936314 0.0071316 0.1122017
112.804900 17.1343555 -0.4112015 15.8044043 0.0081363 0.9927813 0.0051740 0.1195501
113.012500 17.1649570 -0.4133879 15.6897125 0.0094623 0.9918281 0.0006153 0.1272288
113.220000 17.1963730 -0.4171012 15.5807123 0.0090535 0.9909267 -0.0098970 0.1337327
113.427600 17.2260857 -0.4223507 15.4795227 0.0071087 0.9901457 -0.0176618 0.1387406
113.635300 17.2549953 -0.4290985 15.3840294 0.0078363 0.9895449 -0.0245820 0.1418987
113.843000 17.2822552 -0.4368386 15.2924271 0.0090750 0.9892588 -0.0296559 0.1428465
114.154700 17.3212147 -0.4471639 15.1559353 0.0148118 0.9901362 -0.0247739 0.1371029
114.467000 17.3548431 -0.4564316 15.0211525 0.0170843 0.9930122 -0.0248213 0.1140997
114.675400 17.3696709 -0.4617498 14.9309692 0.0208610 0.9958953 -0.0162340 0.0865669
114.883900 17.3786068 -0.4660618 14.8423557 0.0229607 0.9983888 -0.0101467 0.0508897
115.092200 17.3798828 -0.4686714 14.7537365 0.0247173 0.9996340 -0.0050774 0.0097496
115.300700 17.3735027 -0.4710186 14.6666698 0.0272645 0.9990614 -0.0013033 -0.0336350
115.509500 17.3597145 -0.4717826 14.5795927 0.0247682 0.9965479 0.0014785 -0.0792244
115.717200 17.3374443 -0.4721883 14.4924088 0.0265592 0.9918309 0.0072786 -0.1245519
115.925200 17.3071632 -0.4715482 14.4061899 0.0247181 0.9850037 0.0113612 -0.1703749
116.133100 17.2691841 -0.4700758 14.3232098 0.0235576 0.9761845 0.0122351 -0.2153118
116.341000 17.2215958 -0.4678749 14.2419987 0.0272166 0.9657117 0.0128965 -0.2578641
116.548600 17.1663952 -0.4653055 14.1628437 0.0305014 0.9546790 0.0134994 -0.2957627
116.756100 17.1047573 -0.4629054 14.0851154 0.0332101 0.9440535 0.0120218 -0.3278955
116.963400 17.0360374 -0.4590308 14.0093536 0.0371817 0.9349239 0.0084259 -0.3527942
117.170600 16.9622993 -0.4556472 13.9326601 0.0398615 0.9277831 0.0066829 -0.3709244
117.377900 16.8831863 -0.4521463 13.8546791 0.0405914 0.9217989 0.0058220 -0.3854935
117.585200 16.7984695 -0.4478293 13.7751007 0.0411630 0.9164531 0.0046406 -0.3979922
117.792500 16.7086983 -0.4441366 13.6935396 0.0432998 0.9134184 0.0037705 -0.4046947
117.999600 16.6152420 -0.4400118 13.6082125 0.0458240 0.9141720 0.0038646 -0.4027093
118.207000 16.5204315 -0.4358057 13.5182238 0.0432162 0.9159600 0.0055090 -0.3988976
118.414300 16.4224701 -0.4314692 13.4249125 0.0408988 0.9166830 0.0057643 -0.3974751
118.725500 16.2713947 -0.4256896 13.2806892 0.0400871 0.9175760 0.0055531 -0.3954953
119.036700 16.1146603 -0.4192674 13.1289024 0.0389081 0.9186357 0.0049715 -0.3931539
119.244200 16.0085354 -0.4160756 13.0252666 0.0372509 0.9194670 0.0028287 -0.3913884
119.451600 15.9011517 -0.4136964 12.9196405 0.0357059 0.9204341 0.0007127 -0.3892630
119.659100 15.7903900 -0.4114221 12.8099766 0.0349351 0.9213322 0.0007754 -0.3872027
119.866500 15.6806726 -0.4094891 12.7004223 0.0361657 0.9225413 0.0025289 -0.3841918
120.073700 15.5714703 -0.4071302 12.5883856 0.0363014 0.9245446 0.0044928 -0.3793143
120.281100 15.4632416 -0.4040497 12.4745178 0.0359352 0.9268765 0.0059618 -0.3735949
120.592200 15.3020058 -0.3996613 12.3004141 0.0373053 0.9319053 0.0036018 -0.3607600
120.799500 15.1972771 -0.3970331 12.1812992 0.0391453 0.9369268 0.0007249 -0.3473258
121.006700 15.0968599 -0.3955006 12.0584221 0.0390884 0.9424412 -0.0002072 -0.3320792
121.214100 15.0013962 -0.3949373 11.9321365 0.0368900 0.9477493 -0.0005840 -0.3168755
121.421600 14.9097462 -0.3932793 11.8020096 0.0354807 0.9519390 0.0018455 -0.3042198
121.629100 14.8210258 -0.3918869 11.6685772 0.0343083 0.9558327 0.0029858 -0.2918868
121.836600 14.7333851 -0.3908025 11.5321245 0.0341668 0.9595062 0.0015657 -0.2796032
122.147800 14.6090622 -0.3907803 11.3231564 0.0342210 0.9646303 -0.0014523 -0.2613717
122.355300 14.5287495 -0.3901973 11.1796551 0.0357643 0.9673149 -0.0015299 -0.2510387
122.563000 14.4495106 -0.3901643 11.0334196 0.0374379 0.9691457 -0.0009029 -0.2436274
122.770700 14.3743992 -0.3895069 10.8863964 0.0366044 0.9700646 -0.0001469 -0.2400722
122.978500 14.2970963 -0.3899904 10.7374697 0.0350831 0.9704766 -0.0001130 -0.2386301
123.186200 14.2177830 -0.3899851 10.5866909 0.0348846 0.9710269 -0.0011662 -0.2364074
123.393800 14.1425323 -0.3903144 10.4356318 0.0368050 0.9716528 -0.0001976 -0.2335298
123.601500 14.0638752 -0.3893297 10.2821970 0.0405416 0.9723066 -0.0016299 -0.2301598
123.913000 13.9479504 -0.3900538 10.0487089 0.0411786 0.9727928 -0.0033799 -0.2279628
124.016700 13.9096775 -0.3900204 9.9688988 0.0412403 0.9728392 -0.0009675 -0.2277767
124.224400 13.8282051 -0.3879325 9.8095093 0.0460701 0.9727940 0.0003278 -0.2270448
124.328100 13.7883368 -0.3869677 9.7295933 0.0481469 0.9726312 -0.0014032 -0.2273071
124.431900 13.7484226 -0.3869978 9.6496601 0.0494319 0.9725139 -0.0028175 -0.2275198
124.639300 13.6689310 -0.3860983 9.4873581 0.0489172 0.9721935 -0.0020388 -0.2290036
124.743100 13.6282558 -0.3863331 9.4054804 0.0468024 0.9720086 -0.0010683 -0.2302341
124.950600 13.5471077 -0.3849352 9.2407570 0.0410505 0.9711565 0.0014002 -0.2348785
125.054300 13.5055733 -0.3840183 9.1578331 0.0375042 0.9705474 0.0027595 -0.2379570
125.262000 13.4199581 -0.3823967 8.9924984 0.0335146 0.9689128 0.0012411 -0.2451185
125.365700 13.3751726 -0.3812603 8.9096832 0.0324887 0.9679553 0.0009100 -0.2490104
125.573100 13.2827015 -0.3799484 8.7452383 0.0356242 0.9657560 0.0031537 -0.2569752
125.780600 13.1857319 -0.3778328 8.5818138 0.0409251 0.9633489 0.0008586 -0.2651101
125.988000 13.0859919 -0.3763804 8.4193220 0.0423315 0.9612937 -0.0027525 -0.2722405
126.195500 12.9828377 -0.3743249 8.2539034 0.0437661 0.9590548 0.0011105 -0.2798163
126.403000 12.8763313 -0.3711123 8.0901680 0.0491188 0.9572686 0.0026326 -0.2849864
126.610300 12.7678404 -0.3690886 7.9266605 0.0510389 0.9564536 -0.0016866 -0.2873825
126.714100 12.7138929 -0.3683438 7.8433323 0.0477567 0.9563105 -0.0005067 -0.2884257
126.921600 12.6062832 -0.3663647 7.6775041 0.0437408 0.9559227 0.0012644 -0.2903395
127.129000 12.4961271 -0.3635656 7.5144997 0.0437705 0.9557686 0.0031510 -0.2908273
127.336500 12.3855801 -0.3601095 7.3496675 0.0442077 0.9557986 0.0033110 -0.2906608
127.543900 12.2741890 -0.3579400 7.1832590 0.0431461 0.9559170 0.0034454 -0.2904294
127.751200 12.1633625 -0.3549489 7.0152140 0.0421586 0.9555666 0.0047277 -0.2917067
127.855000 12.1067543 -0.3533118 6.9311638 0.0422041 0.9552786 0.0059120 -0.2926201
128.062200 11.9942131 -0.3493780 6.7631483 0.0431663 0.9547457 0.0047421 -0.2942361
128.166000 11.9364767 -0.3479029 6.6781273 0.0426112 0.9545956 0.0047989 -0.2948026
128.269700 11.8791046 -0.3459390 6.5923762 0.0418032 0.9544824 0.0053056 -0.2952754
128.373300 11.8213005 -0.3438823 6.5070438 0.0414240 0.9544652 0.0061503 -0.2953685
128.477100 11.7627716 -0.3421049 6.4212875 0.0421628 0.9545513 0.0063552 -0.2949807
128.580700 11.7045794 -0.3397567 6.3358326 0.0432480 0.9546143 0.0056045 -0.2946347
128.684500 11.6457787 -0.3372604 6.2485228 0.0433878 0.9546781 0.0044286 -0.2944277
128.788200 11.5872250 -0.3360076 6.1625271 0.0432236 0.9548183 0.0045308 -0.2939951
128.891800 11.5284157 -0.3341124 6.0746875 0.0425310 0.9548678 0.0048873 -0.2939299
128.995500 11.4696617 -0.3323993 5.9870052 0.0424636 0.9548861 0.0054143 -0.2938708
129.099100 11.4112186 -0.3303282 5.8995943 0.0423760 0.9549408 0.0054398 -0.2937053
129.202800 11.3524313 -0.3284686 5.8117065 0.0422587 0.9549809 0.0052233 -0.2935956
129.306600 11.2938595 -0.3262445 5.7238131 0.0422086 0.9549243 0.0044503 -0.2937996
129.410300 11.2343903 -0.3248898 5.6354876 0.0421294 0.9549816 0.0040646 -0.2936305
129.514100 11.1745892 -0.3233463 5.5466700 0.0424575 0.9549540 0.0040774 -0.2936728
129.617800 11.1151047 -0.3223598 5.4576759 0.0432895 0.9549018 0.0045847 -0.2937136
129.721600 11.0541515 -0.3200924 5.3679347 0.0439533 0.9549197 0.0045979 -0.2935565
129.825300 10.9943132 -0.3182194 5.2791853 0.0447529 0.9548347 0.0045326 -0.2937131
129.929100 10.9335060 -0.3161215 5.1893153 0.0453862 0.9547246 0.0042489 -0.2939779
130.032700 10.8721733 -0.3144035 5.0998158 0.0469758 0.9546275 0.0027955 -0.2940609
130.136500 10.8118591 -0.3128925 5.0103302 0.0477127 0.9545112 0.0014073 -0.2943295
130.240200 10.7500591 -0.3114423 4.9211960 0.0482632 0.9544131 0.0014621 -0.2945577
130.343800 10.6892452 -0.3096585 4.8309364 0.0469422 0.9541912 0.0021503 -0.2954842
130.447600 10.6276045 -0.3075954 4.7400751 0.0456357 0.9537889 0.0027976 -0.2969786
130.551300 10.5653877 -0.3059302 4.6493902 0.0445299 0.9535134 0.0041986 -0.2980127
130.655000 10.5033188 -0.3043511 4.5590301 0.0453263 0.9529630 0.0053435 -0.2996306
130.758700 10.4407082 -0.3021955 4.4683237 0.0449147 0.9526910 0.0050490 -0.3005613
130.862500 10.3780365 -0.3002315 4.3790274 0.0448150 0.9523776 0.0038394 -0.3015855
130.966100 10.3153362 -0.2985177 4.2887964 0.0441092 0.9521392 0.0035585 -0.3024445
131.070000 10.2522335 -0.2968528 4.1989660 0.0435052 0.9519401 0.0034181 -0.3031597
131.173700 10.1887236 -0.2944906 4.1087351 0.0438246 0.9517565 0.0037335 -0.3036859
131.277500 10.1250553 -0.2921283 4.0185571 0.0452359 0.9515374 0.0048000 -0.3041500
131.381100 10.0611887 -0.2903573 3.9307327 0.0464812 0.9514660 0.0052934 -0.3041775
131.484800 9.9977512 -0.2880344 3.8411510 0.0475917 0.9512923 0.0046204 -0.3045596
131.588500 9.9340439 -0.2855368 3.7515535 0.0483836 0.9511442 0.0045318 -0.3048988
131.692200 9.8703032 -0.2829677 3.6622081 0.0497598 0.9509996 0.0050595 -0.3051198
131.796000 9.8066263 -0.2806029 3.5733054 0.0506328 0.9509724 0.0051859 -0.3050587
131.899600 9.7435207 -0.2777888 3.4836752 0.0513635 0.9509308 0.0045441 -0.3050768
132.003300 9.6799164 -0.2756534 3.3946507 0.0512835 0.9510089 0.0038333 -0.3048562
132.210600 9.5532036 -0.2714910 3.2166858 0.0495582 0.9514530 0.0044186 -0.3037461
132.418000 9.4272728 -0.2672880 3.0378284 0.0487921 0.9519585 0.0054911 -0.3022650
132.625500 9.3036251 -0.2626553 2.8586943 0.0477290 0.9525434 0.0059238 -0.3005791
132.936500 9.1193895 -0.2570371 2.5893936 0.0418170 0.9537661 0.0038064 -0.2976022
133.143700 8.9981174 -0.2536441 2.4096708 0.0404439 0.9545578 0.0064919 -0.2951975
133.351100 8.8775549 -0.2503714 2.2313046 0.0416238 0.9553866 0.0070008 -0.2923268
133.558600 8.7579594 -0.2466204 2.0507147 0.0442808 0.9562277 0.0072907 -0.2891620
133.869700 8.5807095 -0.2394875 1.7768884 0.0460137 0.9584475 0.0061268 -0.2814671
134.077100 8.4664097 -0.2363393 1.5925238 0.0431980 0.9605044 0.0040122 -0.2748622
134.284500 8.3525972 -0.2331426 1.4045923 0.0410759 0.9625101 0.0050974 -0.2680691
134.491900 8.2429276 -0.2303010 1.2168231 0.0411913 0.9643232 0.0071491 -0.2614058
134.595600 8.1899471 -0.2287533 1.1228781 0.0397865 0.9652301 0.0057023 -0.2582932
134.699300 8.1369514 -0.2271317 1.0295179 0.0397530 0.9660519 0.0043178 -0.2552349
134.803100 8.0850458 -0.2260337 0.9358921 0.0400775 0.9666415 0.0037915 -0.2529499
134.906900 8.0331182 -0.2247490 0.8415921 0.0404071 0.9671612 0.0046298 -0.2508885
135.010600 7.9821234 -0.2237757 0.7473807 0.0418556 0.9675177 0.0049516 -0.2492652
135.114300 7.9300451 -0.2224484 0.6530583 0.0428791 0.9678561 0.0054519 -0.2477625
135.218100 7.8787909 -0.2214957 0.5580223 0.0434425 0.9680712 0.0041818 -0.2468470
135.425700 7.7760129 -0.2193665 0.3673003 0.0421665 0.9687735 0.0026462 -0.2443214
135.529500 7.7252874 -0.2185094 0.2714615 0.0414595 0.9691470 0.0033278 -0.2429490
135.633100 7.6752577 -0.2179238 0.1758473 0.0411915 0.9694632 0.0041212 -0.2417177
135.736900 7.6254802 -0.2170862 0.0804384 0.0409685 0.9697888 0.0045990 -0.2404373
135.840600 7.5760169 -0.2157796 -0.0153830 0.0407333 0.9701038 0.0045977 -0.2392033
135.944200 7.5270886 -0.2148316 -0.1111245 0.0408962 0.9703805 0.0040021 -0.2380611
136.151600 7.4271994 -0.2125763 -0.3037503 0.0435045 0.9709637 0.0034816 -0.2352122
136.255200 7.3778234 -0.2117899 -0.4003730 0.0443104 0.9712156 0.0028445 -0.2340272
136.462700 7.2810884 -0.2105850 -0.5940037 0.0410958 0.9717524 0.0028416 -0.2323796
136.670200 7.1852922 -0.2090287 -0.7892635 0.0383279 0.9720670 0.0063477 -0.2314658
136.877700 7.0888476 -0.2064769 -0.9835520 0.0374483 0.9723102 0.0065111 -0.2305823
137.085100 6.9920068 -0.2033266 -1.1774160 0.0381525 0.9725537 0.0059342 -0.2294528
137.396200 6.8492064 -0.2009762 -1.4699876 0.0366401 0.9728603 0.0037257 -0.2284437
137.603600 6.7544489 -0.2005291 -1.6660622 0.0356635 0.9731345 0.0045961 -0.2274120
137.914700 6.6122904 -0.1976107 -1.9598966 0.0370072 0.9736317 0.0039051 -0.2250699
138.122100 6.5184259 -0.1967115 -2.1557062 0.0375193 0.9738890 0.0019606 -0.2238945
138.329600 6.4220123 -0.1963142 -2.3524179 0.0387218 0.9739081 0.0016445 -0.2236088
138.433400 6.3744717 -0.1963271 -2.4508705 0.0385210 0.9736525 0.0015924 -0.2247540
138.641000 6.2786665 -0.1961474 -2.6486909 0.0364624 0.9727041 0.0034317 -0.2291410
138.848500 6.1811395 -0.1948465 -2.8450322 0.0350362 0.9712614 0.0062750 -0.2353389
139.056000 6.0805559 -0.1924020 -3.0394857 0.0342237 0.9693161 0.0082075 -0.2432854
139.263600 5.9754863 -0.1908211 -3.2332551 0.0323688 0.9669397 0.0070630 -0.2528438
139.471100 5.8654370 -0.1886023 -3.4247038 0.0296161 0.9643840 0.0081958 -0.2627150
139.574900 5.8089862 -0.1872292 -3.5194931 0.0299836 0.9630173 0.0080718 -0.2676443
139.782200 5.6943917 -0.1835600 -3.7054570 0.0311944 0.9600707 0.0076733 -0.2779071
139.886000 5.6369581 -0.1820355 -3.7973742 0.0316060 0.9584369 0.0077244 -0.2834434
140.093500 5.5162587 -0.1789540 -3.9782951 0.0337936 0.9549372 0.0065535 -0.2948049
140.197100 5.4535284 -0.1773823 -4.0685177 0.0355989 0.9531057 0.0062561 -0.3004712
140.404600 5.3238926 -0.1742114 -4.2484708 0.0394121 0.9491824 0.0075895 -0.3121568
140.508200 5.2585154 -0.1719798 -4.3367486 0.0405177 0.9472604 0.0073837 -0.3178074
140.612000 5.1912851 -0.1697929 -4.4240270 0.0410676 0.9455872 0.0057842 -0.3227147
140.715600 5.1237803 -0.1679036 -4.5096593 0.0415358 0.9440719 0.0045165 -0.3270820
140.819400 5.0567827 -0.1660988 -4.5950866 0.0417368 0.9427576 0.0040239 -0.3308322
140.923100 4.9871349 -0.1642855 -4.6804404 0.0436053 0.9415708 0.0026111 -0.3339705
141.026700 4.9180102 -0.1614577 -4.7647896 0.0463143 0.9403229 0.0018497 -0.3371119
141.130500 4.8490238 -0.1596503 -4.8494420 0.0468147 0.9392493 0.0020535 -0.3400220
141.234200 4.7786431 -0.1575221 -4.9340281 0.0478980 0.9378766 0.0006544 -0.3436463
141.338000 4.7085662 -0.1555706 -5.0171556 0.0471985 0.9368802 0.0009256 -0.3464491
141.441700 4.6388526 -0.1541678 -5.1001682 0.0446999 0.9360065 0.0016127 -0.3491291
141.545500 4.5671110 -0.1519689 -5.1829162 0.0460792 0.9349524 0.0012302 -0.3517658
141.649100 4.4956036 -0.1497739 -5.2657776 0.0459920 0.9340338 0.0028858 -0.3541995
141.752900 4.4224086 -0.1478931 -5.3488307 0.0465016 0.9331588 0.0041689 -0.3564195
141.856600 4.3481202 -0.1449116 -5.4318666 0.0453223 0.9326649 0.0037795 -0.3578655
141.960200 4.2737994 -0.1422950 -5.5143719 0.0437652 0.9320810 0.0032004 -0.3595821
142.064000 4.1999888 -0.1402019 -5.5967231 0.0436914 0.9312485 0.0047394 -0.3617248
142.167700 4.1250157 -0.1378440 -5.6788874 0.0441219 0.9301686 0.0063492 -0.3644164
142.271500 4.0491543 -0.1344310 -5.7598948 0.0445352 0.9288208 0.0055291 -0.3678016
142.375400 3.9733815 -0.1316451 -5.8407192 0.0437781 0.9272785 0.0049907 -0.3717702
142.479100 3.8947253 -0.1291780 -5.9219661 0.0440120 0.9256799 0.0041612 -0.3757159
142.582700 3.8156934 -0.1264687 -6.0021286 0.0449345 0.9242221 0.0031161 -0.3791895
142.686500 3.7362938 -0.1241538 -6.0824122 0.0454129 0.9232644 0.0031545 -0.3814585
142.790100 3.6565399 -0.1213802 -6.1620431 0.0458384 0.9225672 0.0034406 -0.3830884
142.893700 3.5773787 -0.1184436 -6.2419434 0.0453407 0.9220052 0.0045734 -0.3844863
142.997500 3.4973884 -0.1155671 -6.3218317 0.0451438 0.9216155 0.0053278 -0.3854330
143.101100 3.4167471 -0.1125484 -6.4011822 0.0449755 0.9217439 0.0056004 -0.3851416
143.204700 3.3378053 -0.1093955 -6.4804196 0.0451055 0.9219336 0.0062702 -0.3846617
143.308500 3.2581515 -0.1066990 -6.5602379 0.0443867 0.9223958 0.0069286 -0.3836246
143.412100 3.1788406 -0.1034406 -6.6398849 0.0439242 0.9227812 0.0070715 -0.3827475
143.515900 3.1009281 -0.1005377 -6.7193756 0.0415977 0.9232070 0.0057193 -0.3820024
143.619600 3.0226195 -0.0982465 -6.7981234 0.0407371 0.9234387 0.0031989 -0.3815641
143.723300 2.9443221 -0.0958020 -6.8770094 0.0406899 0.9236414 0.0016780 -0.3810879
143.827000 2.8668633 -0.0939567 -6.9557366 0.0423322 0.9236870 0.0020671 -0.3807966
143.930600 2.7873950 -0.0916955 -7.0353837 0.0443933 0.9238026 0.0024087 -0.3802792
144.034400 2.7082324 -0.0894403 -7.1149321 0.0454920 0.9238686 0.0028591 -0.3799856
144.138000 2.6297820 -0.0869250 -7.1948280 0.0452512 0.9237937 0.0029202 -0.3801959
144.241700 2.5522387 -0.0847551 -7.2742863 0.0443663 0.9237170 0.0022615 -0.3804910
144.345400 2.4749372 -0.0823869 -7.3534336 0.0432401 0.9235433 0.0017849 -0.3810445
144.449100 2.3960214 -0.0797934 -7.4337635 0.0423697 0.9234293 0.0023770 -0.3814152
144.552700 2.3156853 -0.0773850 -7.5143766 0.0421710 0.9232494 0.0030927 -0.3818673
144.656500 2.2365189 -0.0753808 -7.5943980 0.0429480 0.9230164 0.0039435 -0.3823359
144.864000 2.0757658 -0.0696788 -7.7555385 0.0419132 0.9223376 0.0045010 -0.3840786
145.071600 1.9135292 -0.0647488 -7.9162607 0.0416102 0.9212275 0.0036530 -0.3867753
145.279100 1.7515171 -0.0596656 -8.0752926 0.0417447 0.9202008 0.0051889 -0.3891799
145.486600 1.5883453 -0.0536248 -8.2340059 0.0411051 0.9193386 0.0064779 -0.3912607
145.590400 1.5060432 -0.0505882 -8.3137131 0.0415773 0.9188823 0.0073371 -0.3922662
145.901400 1.2594261 -0.0421603 -8.5504227 0.0429770 0.9179764 0.0047977 -0.3942706
146.108800 1.0927494 -0.0366627 -8.7089977 0.0429252 0.9178005 0.0065324 -0.3946607
146.212500 1.0106637 -0.0331883 -8.7880735 0.0411757 0.9177514 0.0073857 -0.3949460
146.419900 0.8430524 -0.0267586 -8.9473810 0.0401153 0.9175845 0.0088090 -0.3954134
146.523500 0.7594137 -0.0237211 -9.0265884 0.0423236 0.9175074 0.0088615 -0.3953612
146.627200 0.6776085 -0.0208513 -9.1046715 0.0429000 0.9176173 0.0056386 -0.3951030
146.730900 0.5947142 -0.0179963 -9.1831808 0.0413026 0.9178562 0.0018866 -0.3947539
146.834600 0.5124731 -0.0157406 -9.2625771 0.0401536 0.9179024 0.0026033 -0.3947608
147.042000 0.3443027 -0.0108670 -9.4223938 0.0406828 0.9182460 0.0058525 -0.3938718
147.145700 0.2635369 -0.0080108 -9.5007849 0.0419923 0.9181401 0.0049702 -0.3939933
147.353100 0.0965295 -0.0027737 -9.6601181 0.0437508 0.9181758 0.0039962 -0.3937299
147.456900 0.0127721 -0.0004123 -9.7390194 0.0453748 0.9182126 0.0036381 -0.3934636
147.664300 -0.1524835 0.0042531 -9.8967552 0.0453915 0.9184647 0.0025499 -0.3928814
147.871800 -0.3184509 0.0102533 -10.0566273 0.0446053 0.9188513 0.0039423 -0.3920549
148.079200 -0.4815612 0.0160408 -10.2156620 0.0418252 0.9191763 0.0051582 -0.3915852
148.286700 -0.6436863 0.0217212 -10.3731880 0.0419468 0.9194469 0.0057211 -0.3909284
148.597900 -0.8876867 0.0297199 -10.6100407 0.0396852 0.9200412 0.0035481 -0.3897906
148.909000 -1.1289449 0.0350026 -10.8493042 0.0387182 0.9202994 0.0049825 -0.3892622
149.012800 -1.2124257 0.0377829 -10.9293270 0.0380612 0.9206711 0.0052648 -0.3884435
149.220100 -1.3773346 0.0430136 -11.0887394 0.0358544 0.9211898 0.0061458 -0.3874094
149.427500 -1.5364361 0.0467771 -11.2476664 0.0321105 0.9213048 0.0056361 -0.3874722
149.634900 -1.6968560 0.0508119 -11.4073191 0.0327963 0.9212626 0.0086254 -0.3874600
149.842400 -1.8566604 0.0558567 -11.5642719 0.0332287 0.9215687 0.0060706 -0.3867430
149.946100 -1.9365644 0.0576637 -11.6436901 0.0322454 0.9215899 0.0074445 -0.3867517
150.153500 -2.0963936 0.0617467 -11.8023911 0.0309839 0.9217323 0.0074779 -0.3865147
150.257200 -2.1761141 0.0638517 -11.8809013 0.0313707 0.9218454 0.0063872 -0.3862333
150.361000 -2.2560744 0.0656179 -11.9601040 0.0318421 0.9219477 0.0055945 -0.3859627
150.464700 -2.3363366 0.0674861 -12.0393276 0.0332419 0.9220345 0.0055175 -0.3856383
150.568400 -2.4157391 0.0693522 -12.1189461 0.0328678 0.9222190 0.0064356 -0.3852147
150.672100 -2.4964480 0.0716234 -12.1986475 0.0333020 0.9223768 0.0060545 -0.3848057
150.775700 -2.5748143 0.0733876 -12.2781954 0.0315328 0.9225927 0.0065360 -0.3844290
150.983100 -2.7331309 0.0773516 -12.4380693 0.0276614 0.9228156 0.0062141 -0.3841975
151.190500 -2.8908887 0.0800823 -12.5976601 0.0256305 0.9229027 0.0059945 -0.3841325
151.398000 -3.0487828 0.0819816 -12.7555761 0.0254490 0.9231601 0.0051549 -0.3835377
151.605500 -3.2076726 0.0835815 -12.9132147 0.0248060 0.9233992 0.0030114 -0.3830269
151.709100 -3.2848878 0.0845588 -12.9920044 0.0247748 0.9233965 0.0028941 -0.3830362
151.916600 -3.4411106 0.0854941 -13.1494770 0.0220239 0.9234868 0.0009972 -0.3829962
152.124100 -3.5933728 0.0852077 -13.3046494 0.0165112 0.9234254 0.0000531 -0.3834226
152.331500 -3.7441921 0.0833554 -13.4575691 0.0142931 0.9234503 0.0024505 -0.3834440
152.538900 -3.8941555 0.0827764 -13.6090755 0.0147193 0.9240611 0.0037736 -0.3819427
152.746200 -4.0412011 0.0811884 -13.7590885 0.0147952 0.9249709 -0.0028167 -0.3797395
152.953500 -4.1883178 0.0786118 -13.9091454 0.0218733 0.9260089 -0.0042674 -0.3768433
153.160900 -4.3334017 0.0772476 -14.0601997 0.0238683 0.9275476 -0.0026907 -0.3729323
153.368200 -4.4719577 0.0755553 -14.2102737 0.0208443 0.9286646 -0.0015751 -0.3703311
153.472000 -4.5404611 0.0744591 -14.2832804 0.0212598 0.9292974 -0.0042281 -0.3686956
153.679400 -4.6741323 0.0705537 -14.4273930 0.0227204 0.9302877 -0.0082272 -0.3660341
153.886700 -4.8023639 0.0668526 -14.5682487 0.0170774 0.9311756 -0.0062941 -0.3641163
154.198000 -4.9864230 0.0602601 -14.7720490 0.0072699 0.9321631 -0.0001900 -0.3619656
154.509300 -5.1529346 0.0534870 -14.9629412 -0.0058477 0.9323590 0.0004413 -0.3614863
154.820700 -5.3052888 0.0470805 -15.1364079 -0.0194240 0.9289286 0.0099951 -0.3696139
155.028600 -5.4009991 0.0440668 -15.2401371 -0.0283609 0.9241390 0.0113950 -0.3808320
155.340600 -5.5393682 0.0387057 -15.3743629 -0.0390156 0.9129250 0.0128117 -0.4060561
155.653000 -5.6696157 0.0330714 -15.4835014 -0.0461873 0.8925846 0.0166658 -0.4481983
155.965500 -5.7975602 0.0271140 -15.5650339 -0.0467116 0.8647401 0.0153336 -0.4998075
156.277900 -5.9243107 0.0191076 -15.6193962 0.0392093 -0.8315229 -0.0132498 0.5539464
156.486100 -6.0093994 0.0152181 -15.6461105 0.0327021 -0.8033612 -0.0157697 0.5943843
156.694500 -6.0944285 0.0128970 -15.6626110 0.0259436 -0.7678685 -0.0211637 0.6397320
156.902800 -6.1779761 0.0107345 -15.6664104 0.0180853 -0.7283618 -0.0226649 0.6845790
157.214900 -6.2993674 0.0078192 -15.6555195 0.0159149 -0.6653695 -0.0254570 0.7459103
157.422700 -6.3765993 0.0060743 -15.6360312 0.0152542 -0.6213686 -0.0248205 0.7829766
157.630500 -6.4520617 0.0041038 -15.6082716 0.0167659 -0.5756019 -0.0248822 0.8171794
157.838200 -6.5246801 0.0019036 -15.5723095 0.0198305 -0.5280032 -0.0249573 0.8486439
158.045900 -6.5930271 0.0006653 -15.5261259 0.0189183 -0.4793801 -0.0259931 0.8770184
158.149700 -6.6265788 -0.0006525 -15.4998760 0.0169901 -0.4541771 -0.0263918 0.8903583
158.357400 -6.6909842 -0.0031704 -15.4406509 0.0141209 -0.4042445 -0.0282009 0.9141070
158.564900 -6.7503896 -0.0047201 -15.3726997 0.0155252 -0.3546227 -0.0290177 0.9344302
158.772400 -6.8046441 -0.0072484 -15.2958088 0.0163984 -0.3062166 -0.0271333 0.9514338
158.979700 -6.8517795 -0.0096421 -15.2104511 0.0164177 -0.2593476 -0.0242525 0.9653399
159.187100 -6.8935366 -0.0132085 -15.1175365 0.0150550 -0.2140492 -0.0209630 0.9764819
159.290900 -6.9113216 -0.0148673 -15.0690708 0.0146980 -0.1931313 -0.0196120 0.9808668
159.394500 -6.9281445 -0.0170098 -15.0191841 0.0148781 -0.1736508 -0.0191565 0.9845085
159.498100 -6.9433656 -0.0187093 -14.9677830 0.0156754 -0.1559876 -0.0180927 0.9874689
159.601700 -6.9569826 -0.0206980 -14.9147024 0.0166550 -0.1404386 -0.0162559 0.9898158
159.808900 -6.9816914 -0.0255798 -14.8037577 0.0193694 -0.1134724 -0.0131640 0.9932651
160.016100 -7.0042219 -0.0307562 -14.6876068 0.0204847 -0.0928164 -0.0110235 0.9954115
160.223400 -7.0221562 -0.0368329 -14.5670376 0.0190935 -0.0791647 -0.0080705 0.9966460
160.327000 -7.0307703 -0.0400086 -14.5059652 0.0181388 -0.0748510 -0.0065494 0.9970083
160.534100 -7.0477839 -0.0452753 -14.3796816 0.0149751 -0.0695379 -0.0024587 0.9974639
160.741500 -7.0664349 -0.0501848 -14.2499628 0.0136782 -0.0675210 -0.0033997 0.9976183
160.948900 -7.0837555 -0.0547362 -14.1164265 0.0137175 -0.0665826 -0.0015941 0.9976854
161.156400 -7.1025615 -0.0594221 -13.9801760 0.0121739 -0.0648974 -0.0016430 0.9978163
161.363700 -7.1201692 -0.0638198 -13.8397923 0.0116294 -0.0639509 -0.0002559 0.9978852
161.571300 -7.1380138 -0.0682286 -13.6957207 0.0099690 -0.0624341 0.0020175 0.9979973
161.778800 -7.1558337 -0.0722825 -13.5504303 0.0072945 -0.0609664 0.0042764 0.9981040
161.986200 -7.1717801 -0.0762502 -13.4060717 0.0068157 -0.0599923 0.0073126 0.9981488
162.193600 -7.1888666 -0.0804504 -13.2641802 0.0041882 -0.0585814 0.0096108 0.9982276
162.401000 -7.2057505 -0.0843990 -13.1239290 0.0000333 -0.0578023 0.0109264 0.9982682
162.608400 -7.2219276 -0.0870736 -12.9870720 0.0000625 -0.0587447 0.0120700 0.9982001
162.815900 -7.2388978 -0.0907015 -12.8541250 0.0028679 -0.0606502 0.0111264 0.9980929
163.127000 -7.2657008 -0.0943671 -12.6580133 -0.0008904 -0.0646403 0.0080737 0.9978756
163.334500 -7.2828588 -0.0971644 -12.5322237 -0.0035083 -0.0680062 0.0073306 0.9976518
163.542000 -7.3017106 -0.0982844 -12.4095316 -0.0024443 -0.0725892 0.0036209 0.9973524
163.749500 -7.3208990 -0.0994498 -12.2891464 -0.0076960 -0.0785864 0.0045973 0.9968670
163.956900 -7.3427072 -0.0996953 -12.1716366 -0.0058088 -0.0863048 0.0050258 0.9962392
164.164400 -7.3652081 -0.0999832 -12.0549421 -0.0015622 -0.0969876 0.0069292 0.9952602
164.371900 -7.3907652 -0.1014009 -11.9366703 -0.0037463 -0.1088539 0.0077142 0.9940208
164.475600 -7.4056468 -0.1015434 -11.8778286 -0.0049334 -0.1140771 0.0078860 0.9934283
164.683000 -7.4360046 -0.1029055 -11.7594452 -0.0046306 -0.1256047 0.0074613 0.9920415
164.890500 -7.4696989 -0.1038097 -11.6420937 0.0001092 -0.1361764 0.0080564 0.9906518
164.994400 -7.4878912 -0.1048616 -11.5837345 0.0014241 -0.1407489 0.0094419 0.9899993
