0.000000 -0.0014835 -0.0132998 -0.0237651 -0.0000058 -0.0000094 0.0000041 1.0000000
0.104499 -0.0010862 -0.0141343 0.0315445 0.0005119 0.0004597 -0.0003684 0.9999997
0.207793 -0.0004474 -0.0157810 0.0870858 -0.0000981 0.0007781 -0.0005490 0.9999995
0.311634 -0.0007503 -0.0164836 0.1421185 -0.0002468 0.0012146 -0.0001939 0.9999992
0.415494 -0.0010233 -0.0172091 0.1972295 -0.0001248 0.0015780 -0.0000902 0.9999987
0.519644 -0.0023147 -0.0178604 0.2517858 -0.0000552 0.0025441 -0.0002652 0.9999967
0.623401 -0.0045367 -0.0178395 0.3056209 0.0007533 0.0036280 -0.0004792 0.9999930
0.727346 -0.0050780 -0.0196191 0.3604805 0.0004669 0.0040763 -0.0001849 0.9999915
0.831180 -0.0061495 -0.0195865 0.4164871 0.0002102 0.0046904 0.0000863 0.9999890
0.935030 -0.0067366 -0.0206922 0.4724877 -0.0002452 0.0042347 0.0006117 0.9999908
1.038877 -0.0078861 -0.0211188 0.5277811 0.0001192 0.0034814 0.0008096 0.9999936
1.246636 -0.0093633 -0.0225375 0.6384357 0.0005567 0.0021246 0.0005588 0.9999974
1.350553 -0.0101669 -0.0231595 0.6939456 0.0008141 0.0019460 -0.0003240 0.9999977
1.454410 -0.0108784 -0.0238853 0.7491582 0.0008774 0.0018012 -0.0002209 0.9999980
1.558293 -0.0117580 -0.0246251 0.8049721 0.0007975 0.0019371 0.0000338 0.9999978
1.662157 -0.0126634 -0.0256361 0.8606800 0.0007230 0.0019918 0.0002170 0.9999977
1.766057 -0.0158576 -0.0245518 0.9173122 0.0026617 0.0034956 -0.0006540 0.9999901
1.973923 -0.0133627 -0.0290956 1.0260611 0.0013705 0.0013283 -0.0003831 0.9999981
2.181756 -0.0134299 -0.0316375 1.1353571 0.0017419 0.0004269 -0.0000168 0.9999984
2.389627 -0.0140766 -0.0337958 1.2434299 0.0004970 -0.0004846 0.0007442 0.9999995
2.597363 -0.0146199 -0.0354039 1.3507690 0.0010052 -0.0013627 0.0012800 0.9999977
2.806098 -0.0152475 -0.0382348 1.4586649 0.0010820 -0.0024600 0.0010966 0.9999958
2.909338 -0.0153019 -0.0392845 1.5126187 0.0008452 -0.0028119 0.0011313 0.9999951
3.117132 -0.0156991 -0.0415773 1.6200613 0.0006123 -0.0038108 0.0017387 0.9999911
3.221000 -0.0160449 -0.0427771 1.6741571 0.0006616 -0.0041151 0.0018665 0.9999896
3.428991 -0.0166786 -0.0448412 1.7812556 -0.0003752 -0.0045387 0.0023617 0.9999868
3.636879 -0.0184291 -0.0468639 1.8884851 -0.0006717 -0.0043967 0.0018258 0.9999884
3.844868 -0.0195560 -0.0485182 1.9961789 -0.0015145 -0.0042683 0.0000735 0.9999897
4.052745 -0.0206514 -0.0498513 2.1041980 -0.0045309 -0.0025762 -0.0003583 0.9999864
4.260741 -0.0214507 -0.0506380 2.2118223 -0.0069085 -0.0011042 -0.0002979 0.9999755
4.364619 -0.0210659 -0.0508115 2.2656367 -0.0061494 -0.0005685 0.0005868 0.9999807
4.572617 -0.0218329 -0.0517198 2.3720016 -0.0051539 0.0004357 0.0000906 0.9999866
4.676494 -0.0217645 -0.0521111 2.4255581 -0.0049226 0.0003205 0.0000814 0.9999878
4.884244 -0.0222204 -0.0529019 2.5322094 -0.0045462 -0.0009101 0.0005875 0.9999891
4.988118 -0.0225398 -0.0532761 2.5855439 -0.0051451 -0.0016733 0.0008853 0.9999850
5.195994 -0.0234536 -0.0541888 2.6916013 -0.0053463 -0.0030241 0.0005854 0.9999810
5.299899 -0.0240760 -0.0546386 2.7444956 -0.0053958 -0.0032578 0.0004296 0.9999800
5.507756 -0.0252680 -0.0556589 2.8505363 -0.0046742 -0.0035275 0.0013774 0.9999819
5.611618 -0.0260247 -0.0563350 2.9023557 -0.0054551 -0.0037787 0.0017793 0.9999764
5.715493 -0.0265070 -0.0567996 2.9550231 -0.0062981 -0.0039686 0.0018303 0.9999706
5.819513 -0.0269763 -0.0571047 3.0075345 -0.0054028 -0.0043356 0.0014888 0.9999749
6.027387 -0.0282871 -0.0581707 3.1126306 -0.0051441 -0.0046517 -0.0001961 0.9999759
6.235244 -0.0297675 -0.0592829 3.2172651 -0.0056281 -0.0046922 -0.0020457 0.9999710
6.547122 -0.0316165 -0.0605401 3.3722007 -0.0054635 -0.0019851 -0.0022257 0.9999806
6.755121 -0.0316716 -0.0608425 3.4750752 -0.0023040 0.0003417 -0.0017560 0.9999958
6.963119 -0.0312868 -0.0619569 3.5736632 -0.0049393 0.0033800 -0.0008787 0.9999817
7.171120 -0.0304443 -0.0634406 3.6716461 -0.0026870 0.0070863 -0.0007146 0.9999710
7.379122 -0.0286985 -0.0647731 3.7685440 -0.0004666 0.0104773 0.0003443 0.9999449
7.587125 -0.0263729 -0.0662888 3.8647702 -0.0015548 0.0140438 -0.0001317 0.9999002
7.795143 -0.0236049 -0.0679983 3.9604239 0.0005603 0.0177579 0.0001772 0.9998422
8.003122 -0.0198245 -0.0697324 4.0554843 0.0002348 0.0206802 0.0008162 0.9997858
8.211127 -0.0158882 -0.0709995 4.1491590 -0.0012895 0.0233914 0.0011584 0.9997249
8.523125 -0.0093799 -0.0739810 4.2895212 0.0008886 0.0269543 0.0033956 0.9996305
8.731123 -0.0043313 -0.0753580 4.3851624 0.0027870 0.0288577 0.0030808 0.9995749
9.043123 0.0032506 -0.0781004 4.5288892 0.0008470 0.0279676 0.0032361 0.9996032
9.251125 0.0081845 -0.0794768 4.6264949 0.0002703 0.0257467 0.0026985 0.9996648
9.562998 0.0138948 -0.0817382 4.7720356 0.0003342 0.0203576 0.0017549 0.9997911
9.770876 0.0169021 -0.0835985 4.8702312 -0.0008236 0.0162840 0.0011780 0.9998664
9.978770 0.0193147 -0.0847335 4.9688859 -0.0009759 0.0115418 0.0008368 0.9999326
10.186620 0.0206966 -0.0860946 5.0676079 -0.0007284 0.0064739 0.0002836 0.9999787
10.394630 0.0211029 -0.0878177 5.1667137 -0.0005925 0.0022780 -0.0012706 0.9999964
10.602630 0.0208099 -0.0895169 5.2666607 -0.0004911 0.0007224 -0.0029301 0.9999953
10.810750 0.0204655 -0.0908765 5.3672805 -0.0009274 -0.0004389 -0.0045206 0.9999893
11.018750 0.0195349 -0.0923096 5.4675536 -0.0022559 -0.0011891 -0.0063652 0.9999765
11.122750 0.0189255 -0.0925022 5.5177774 -0.0037074 -0.0015491 -0.0067005 0.9999695
11.226750 0.0185301 -0.0930477 5.5681782 -0.0034801 -0.0017505 -0.0060142 0.9999743
11.434620 0.0178022 -0.0939251 5.6688356 -0.0031779 -0.0023492 -0.0046673 0.9999813
11.642630 0.0172254 -0.0948902 5.7701154 -0.0051304 -0.0029399 -0.0019593 0.9999806
11.746630 0.0169535 -0.0952127 5.8207960 -0.0056860 -0.0031829 -0.0009643 0.9999783
11.954620 0.0162099 -0.0958211 5.9221492 -0.0042651 -0.0030464 0.0024682 0.9999832
12.058500 0.0157993 -0.0962436 5.9735270 -0.0041735 -0.0029724 0.0030206 0.9999823
12.162500 0.0152691 -0.0965379 6.0244670 -0.0042542 -0.0027334 0.0032096 0.9999821
12.370380 0.0140337 -0.0975417 6.1261859 -0.0062096 -0.0020283 0.0018270 0.9999770
12.578370 0.0132428 -0.0983480 6.2276030 -0.0044666 -0.0016031 0.0013606 0.9999878
12.786250 0.0123841 -0.0992702 6.3283052 -0.0011007 -0.0010851 0.0021812 0.9999964
12.994130 0.0119626 -0.1011706 6.4289184 0.0010483 -0.0008947 0.0025062 0.9999959
13.202130 0.0113165 -0.1030798 6.5294671 0.0006443 -0.0010244 0.0023091 0.9999966
13.410000 0.0101377 -0.1044790 6.6292720 0.0000290 -0.0010282 0.0018398 0.9999978
13.617880 0.0097736 -0.1062204 6.7285509 0.0000907 -0.0018415 0.0016119 0.9999970
13.825750 0.0086676 -0.1081996 6.8274598 -0.0008808 -0.0024038 0.0013290 0.9999958
14.033750 0.0077199 -0.1101045 6.9256783 0.0000847 -0.0031142 0.0008183 0.9999948
14.241630 0.0067247 -0.1119738 7.0245590 0.0004965 -0.0038658 0.0009246 0.9999920
14.449650 0.0050825 -0.1136881 7.1233873 0.0009296 -0.0044281 0.0005141 0.9999896
14.657500 0.0038630 -0.1153746 7.2222190 0.0001635 -0.0051815 0.0004554 0.9999865
14.865380 0.0022943 -0.1170424 7.3209033 -0.0001947 -0.0060123 -0.0001463 0.9999819
15.177250 -0.0007465 -0.1193982 7.4695487 0.0004040 -0.0066274 -0.0010291 0.9999774
15.281260 -0.0017833 -0.1205868 7.5181146 0.0008268 -0.0068085 -0.0009072 0.9999760
15.489130 -0.0034419 -0.1225371 7.6172953 0.0015696 -0.0068989 0.0014776 0.9999739
15.697000 -0.0052229 -0.1242373 7.7168059 -0.0024974 -0.0070587 0.0020665 0.9999698
15.801010 -0.0064042 -0.1250066 7.7656770 -0.0021511 -0.0071542 0.0015567 0.9999709
15.905010 -0.0078206 -0.1259802 7.8138723 -0.0006592 -0.0069279 0.0006352 0.9999756
16.009010 -0.0084125 -0.1263644 7.8622808 0.0004901 -0.0071974 0.0003645 0.9999739
16.112880 -0.0093571 -0.1277057 7.9110446 0.0001514 -0.0072453 0.0003372 0.9999737
16.320880 -0.0111205 -0.1295512 8.0073328 -0.0015639 -0.0071256 0.0005728 0.9999732
16.528880 -0.0129110 -0.1309840 8.1037226 -0.0016683 -0.0060959 0.0010819 0.9999794
16.736760 -0.0142617 -0.1325208 8.1991234 -0.0001406 -0.0046369 0.0015357 0.9999881
16.944760 -0.0157218 -0.1341664 8.2945385 -0.0001939 -0.0031431 0.0016065 0.9999937
17.152760 -0.0169785 -0.1361469 8.3890667 -0.0014422 -0.0017099 0.0012259 0.9999967
17.360750 -0.0169899 -0.1375563 8.4815931 -0.0014528 -0.0008739 0.0013006 0.9999977
17.672760 -0.0176907 -0.1399768 8.6181908 -0.0015645 0.0005592 0.0012686 0.9999978
17.880630 -0.0181778 -0.1416924 8.7066917 -0.0021175 0.0010547 0.0016032 0.9999959
18.088630 -0.0181803 -0.1429874 8.7919531 -0.0024223 0.0005148 0.0020010 0.9999949
18.296630 -0.0184480 -0.1443105 8.8747053 -0.0015001 0.0000169 0.0017030 0.9999974
18.504630 -0.0190793 -0.1461087 8.9551859 -0.0015158 -0.0009244 0.0020648 0.9999963
18.712510 -0.0196619 -0.1473673 9.0334702 -0.0027957 -0.0029046 0.0030411 0.9999872
19.024630 -0.0212740 -0.1492168 9.1466932 -0.0034964 -0.0065829 0.0025488 0.9999689
19.232630 -0.0227652 -0.1499879 9.2191753 -0.0035437 -0.0095964 0.0022990 0.9999450
19.544640 -0.0257252 -0.1515711 9.3210726 -0.0026731 -0.0142228 0.0022658 0.9998927
19.752630 -0.0284076 -0.1531143 9.3846807 -0.0024505 -0.0172940 0.0014687 0.9998463
19.960780 -0.0311104 -0.1540804 9.4458408 -0.0025146 -0.0189081 0.0003056 0.9998180
20.168880 -0.0336579 -0.1551159 9.5038328 -0.0033534 -0.0185640 0.0005368 0.9998219
20.377010 -0.0356472 -0.1559674 9.5598011 -0.0021332 -0.0183387 0.0003365 0.9998295
20.585260 -0.0378296 -0.1569874 9.6146660 -0.0004529 -0.0173174 -0.0000367 0.9998499
20.793380 -0.0398802 -0.1578222 9.6683912 -0.0001047 -0.0156864 -0.0000091 0.9998770
21.001510 -0.0414708 -0.1590238 9.7221003 -0.0000702 -0.0139271 0.0001895 0.9999030
21.209640 -0.0428154 -0.1602308 9.7751989 -0.0002511 -0.0115385 0.0003860 0.9999333
21.417760 -0.0438695 -0.1612298 9.8279305 -0.0007067 -0.0084816 0.0013892 0.9999628
21.626010 -0.0446097 -0.1620407 9.8800583 -0.0005322 -0.0054435 0.0014665 0.9999840
21.730010 -0.0449666 -0.1625158 9.9058199 -0.0005010 -0.0039197 0.0016923 0.9999908
21.834140 -0.0453824 -0.1629050 9.9316740 0.0000178 -0.0023229 0.0012034 0.9999965
22.042260 -0.0456878 -0.1637524 9.9836521 -0.0000410 0.0006846 0.0007899 0.9999995
22.146400 -0.0457369 -0.1641978 10.0101309 -0.0003570 0.0019825 0.0007990 0.9999977
22.250510 -0.0456906 -0.1645868 10.0365047 -0.0001653 0.0031216 0.0007136 0.9999949
22.354510 -0.0454749 -0.1650833 10.0628567 0.0005822 0.0041499 0.0007276 0.9999909
22.458660 -0.0453178 -0.1655283 10.0893555 0.0017619 0.0050104 0.0008051 0.9999856
22.562760 -0.0450604 -0.1659821 10.1159229 0.0025550 0.0054234 0.0015577 0.9999808
22.666760 -0.0447940 -0.1664219 10.1424809 0.0028342 0.0055149 0.0013162 0.9999799
22.874760 -0.0446112 -0.1676809 10.1963568 0.0031740 0.0057179 0.0008574 0.9999782
23.082900 -0.0442380 -0.1682958 10.2514095 0.0047039 0.0059118 0.0010594 0.9999709
23.186890 -0.0439310 -0.1690696 10.2783365 0.0057256 0.0062039 0.0030669 0.9999596
23.290890 -0.0433564 -0.1698445 10.3060265 0.0059739 0.0062976 0.0046622 0.9999515
23.499010 -0.0431755 -0.1707940 10.3626490 0.0009635 0.0069268 0.0015423 0.9999744
23.707160 -0.0424091 -0.1718756 10.4200153 0.0002655 0.0085860 0.0024198 0.9999602
24.019270 -0.0410999 -0.1734464 10.5081654 0.0049714 0.0142066 0.0002432 0.9998867
24.227390 -0.0392481 -0.1745214 10.5689516 0.0024088 0.0174086 0.0026062 0.9998422
24.435530 -0.0368092 -0.1756675 10.6303186 0.0014075 0.0202712 0.0035403 0.9997873
24.747640 -0.0334325 -0.1774634 10.7224417 0.0036615 0.0241221 0.0015775 0.9997011
24.955760 -0.0307477 -0.1783858 10.7840605 0.0019888 0.0272472 -0.0000714 0.9996268
25.163760 -0.0274792 -0.1792887 10.8457956 0.0025526 0.0300937 -0.0004368 0.9995437
25.371770 -0.0238897 -0.1806573 10.9072485 0.0023935 0.0325081 0.0020544 0.9994665
25.475770 -0.0216476 -0.1811544 10.9383764 0.0026096 0.0327771 0.0023814 0.9994565
25.683760 -0.0179920 -0.1824455 11.0002403 0.0026363 0.0333284 0.0028898 0.9994368
25.891640 -0.0140470 -0.1838438 11.0626745 0.0021181 0.0329018 0.0026775 0.9994528
26.099520 -0.0104285 -0.1853706 11.1245031 0.0027843 0.0314634 0.0027190 0.9994974
26.307390 -0.0071476 -0.1866559 11.1865711 0.0033349 0.0300063 0.0016604 0.9995428
26.515270 -0.0041470 -0.1881243 11.2478504 0.0031495 0.0281052 0.0005576 0.9995999
26.723140 -0.0014887 -0.1893676 11.3094912 0.0013876 0.0247072 0.0011327 0.9996931
26.931140 0.0010873 -0.1906740 11.3704576 -0.0000839 0.0197816 0.0019973 0.9998024
27.139140 0.0025201 -0.1918095 11.4295378 -0.0006978 0.0150367 0.0025043 0.9998836
27.347260 0.0032828 -0.1928504 11.4867268 -0.0005628 0.0108519 0.0029187 0.9999367
27.555390 0.0035141 -0.1939214 11.5418739 -0.0003646 0.0070474 0.0025288 0.9999719
27.763390 0.0034360 -0.1948657 11.5931768 0.0000939 0.0031836 0.0032850 0.9999895
27.971390 0.0022865 -0.1960370 11.6413021 0.0017443 -0.0021633 0.0018304 0.9999945
28.179260 0.0008914 -0.1971895 11.6874132 0.0032594 -0.0116931 0.0014332 0.9999253
28.387040 -0.0020504 -0.1983656 11.7308998 0.0030774 -0.0267334 0.0006510 0.9996377
28.594790 -0.0066999 -0.1996830 11.7725306 0.0027247 -0.0480730 -0.0015269 0.9988390
28.802270 -0.0131515 -0.2003364 11.8117027 0.0029545 -0.0748115 -0.0029088 0.9971890
29.217280 -0.0327299 -0.2020969 11.8826046 -0.0006383 -0.1451259 -0.0036525 0.9894062
29.424640 -0.0464573 -0.2025390 11.9141455 -0.0025734 -0.1859686 -0.0043832 0.9825425
29.632160 -0.0622430 -0.2028124 11.9442720 -0.0041204 -0.2300128 -0.0037645 0.9731716
29.839540 -0.0811510 -0.2031343 11.9720640 -0.0054738 -0.2773664 -0.0026554 0.9607450
30.047140 -0.1028709 -0.2029576 11.9975853 -0.0063002 -0.3272480 -0.0029071 0.9449130
30.254640 -0.1267943 -0.2029005 12.0192814 -0.0079845 -0.3791483 -0.0010506 0.9253009
30.462040 -0.1528430 -0.2026258 12.0383358 -0.0126687 -0.4348106 0.0019119 0.9004308
30.669520 -0.1812096 -0.2027464 12.0526295 -0.0137567 -0.4906637 -0.0025786 0.8712366
30.980890 -0.2262604 -0.2022939 12.0675268 -0.0147575 -0.5708927 -0.0060714 0.8208696
31.188640 -0.2574174 -0.2019074 12.0724831 -0.0181081 -0.6203513 -0.0073171 0.7840809
31.396270 -0.2901695 -0.2014186 12.0733986 -0.0207385 -0.6692820 -0.0093963 0.7426596
31.500160 -0.3076892 -0.2009324 12.0722427 -0.0227811 -0.6931040 -0.0110088 0.7203935
31.707810 -0.3437126 -0.1995013 12.0664291 -0.0274583 -0.7396985 -0.0151903 0.6722063
31.915520 -0.3812873 -0.1980499 12.0555725 -0.0320031 -0.7832643 -0.0189174 0.6205763
32.019400 -0.4009187 -0.1968911 12.0478296 -0.0339191 -0.8034697 -0.0197186 0.5940514
32.227300 -0.4399543 -0.1949052 12.0279303 -0.0361372 -0.8401926 -0.0196759 0.5407249
32.331290 -0.4597640 -0.1933575 12.0157566 -0.0363032 -0.8566707 -0.0193223 0.5142218
32.435430 -0.4800162 -0.1918598 12.0018806 0.0364320 0.8716126 0.0192413 -0.4884608
32.539520 -0.4995899 -0.1903842 11.9864149 0.0366098 0.8847597 0.0192563 -0.4642082
32.643770 -0.5201292 -0.1888749 11.9690208 0.0367539 0.8961579 0.0199830 -0.4417589
32.748020 -0.5407329 -0.1871933 11.9498453 0.0387211 0.9064593 0.0203302 -0.4200225
32.956400 -0.5825119 -0.1837344 11.9065132 0.0457073 0.9260365 0.0210056 -0.3740668
33.164770 -0.6223216 -0.1796179 11.8549194 0.0448920 0.9427886 0.0199994 -0.3297490
33.269020 -0.6418939 -0.1776997 11.8260374 0.0444341 0.9500275 0.0180055 -0.3084625
33.477420 -0.6792750 -0.1737993 11.7629976 0.0417768 0.9625736 0.0143515 -0.2673963
33.685770 -0.7139287 -0.1708664 11.6919498 0.0394169 0.9729598 0.0144630 -0.2271264
33.790020 -0.7297778 -0.1695299 11.6535406 0.0398003 0.9774338 0.0139946 -0.2069860
33.998280 -0.7593772 -0.1668243 11.5702524 0.0430027 0.9850411 0.0140563 -0.1662744
34.102520 -0.7716520 -0.1655052 11.5267591 0.0435953 0.9880859 0.0153026 -0.1468043
34.310770 -0.7932396 -0.1623942 11.4329996 0.0448075 0.9929051 0.0158401 -0.1089995
34.414890 -0.8023435 -0.1606063 11.3835821 0.0445229 0.9947208 0.0140939 -0.0913765
34.623270 -0.8152206 -0.1576304 11.2809191 0.0434378 0.9972527 0.0125649 -0.0586712
34.727400 -0.8198351 -0.1565980 11.2273312 0.0428902 0.9980648 0.0128538 -0.0431488
34.831660 -0.8229175 -0.1554937 11.1711702 0.0430657 0.9985896 0.0122932 -0.0285152
35.040020 -0.8242218 -0.1533238 11.0551424 0.0416319 0.9990459 0.0129025 -0.0027465
35.144150 -0.8228391 -0.1522258 10.9951286 0.0409737 0.9990313 0.0133472 0.0089169
35.248400 -0.8202991 -0.1514087 10.9345503 0.0399112 0.9989350 0.0129903 0.0191595
35.456920 -0.8116496 -0.1498382 10.8109875 0.0350768 0.9987603 0.0113437 0.0334480
35.561270 -0.8063402 -0.1491494 10.7476521 0.0328581 0.9986879 0.0123172 0.0372964
35.769770 -0.7953389 -0.1473379 10.6176205 0.0302890 0.9986895 0.0120302 0.0394589
35.978280 -0.7840101 -0.1460714 10.4840097 0.0292914 0.9988059 0.0121438 0.0371657
36.186650 -0.7732831 -0.1444146 10.3478394 0.0282601 0.9989447 0.0128358 0.0338544
36.395030 -0.7631999 -0.1432104 10.2078161 0.0275457 0.9991075 0.0149909 0.0282951
36.603150 -0.7556270 -0.1411504 10.0662928 0.0269421 0.9992439 0.0156718 0.0232420
36.707280 -0.7518249 -0.1402535 9.9970379 0.0262356 0.9993252 0.0153440 0.0206246
36.915280 -0.7456223 -0.1382820 9.8561268 0.0251047 0.9994649 0.0146405 0.0150128
37.123280 -0.7413855 -0.1368013 9.7170019 0.0252438 0.9994749 0.0175804 0.0101770
37.227300 -0.7400510 -0.1355378 9.6468086 0.0256461 0.9994855 0.0174636 0.0081292
37.435150 -0.7375242 -0.1330330 9.5058298 0.0261949 0.9995046 0.0167687 0.0048136
37.642900 -0.7358878 -0.1310605 9.3649511 0.0260681 0.9995582 0.0140782 0.0023945
37.746770 -0.7350511 -0.1297866 9.2931776 0.0257115 0.9995567 0.0149573 0.0012776
37.850530 -0.7347316 -0.1289765 9.2229052 0.0262015 0.9995283 0.0160185 0.0004071
38.058150 -0.7341904 -0.1267536 9.0786886 0.0267360 0.9995095 0.0163112 -0.0000224
38.162020 -0.7333454 -0.1258112 9.0090742 0.0269745 0.9995030 0.0163150 0.0001344
38.369530 -0.7321256 -0.1237927 8.8644066 0.0283292 0.9994912 0.0146299 0.0008792
38.577050 -0.7309415 -0.1211895 8.7204266 0.0293827 0.9994328 0.0163522 0.0018440
38.784650 -0.7294726 -0.1182538 8.5773563 0.0280758 0.9994554 0.0170907 0.0029312
38.992150 -0.7263768 -0.1160723 8.4325027 0.0262517 0.9995112 0.0166721 0.0032040
39.199650 -0.7246897 -0.1141000 8.2880640 0.0267296 0.9995219 0.0151513 0.0034704
39.407270 -0.7233899 -0.1121944 8.1408644 0.0269446 0.9995038 0.0158700 0.0037857
39.614780 -0.7203147 -0.1096945 7.9945564 0.0261378 0.9995112 0.0167694 0.0036109
39.822150 -0.7187673 -0.1077220 7.8481607 0.0268399 0.9995021 0.0161275 0.0038931
40.029660 -0.7160798 -0.1049428 7.7033086 0.0278224 0.9994578 0.0171904 0.0037967
40.237040 -0.7151460 -0.1039402 7.5577054 0.0280581 0.9994729 0.0158264 0.0040136
40.444530 -0.7134234 -0.1012233 7.4136796 0.0281619 0.9994706 0.0157598 0.0041267
40.652040 -0.7118393 -0.0988917 7.2678208 0.0277563 0.9994804 0.0158238 0.0042680
40.859530 -0.7093798 -0.0966913 7.1224046 0.0268949 0.9994864 0.0169106 0.0042048
40.963300 -0.7085356 -0.0953944 7.0486856 0.0273549 0.9994824 0.0163988 0.0042172
41.067040 -0.7079881 -0.0939892 6.9756184 0.0276177 0.9994778 0.0161861 0.0043969
41.170800 -0.7070730 -0.0930751 6.9031210 0.0279496 0.9994513 0.0172700 0.0041959
41.274530 -0.7061200 -0.0919750 6.8305922 0.0276986 0.9994341 0.0187063 0.0037867
41.482150 -0.7044929 -0.0891974 6.6862330 0.0267024 0.9994642 0.0187295 0.0027310
41.689670 -0.7033234 -0.0863590 6.5462008 0.0261545 0.9994822 0.0186492 0.0018508
41.897280 -0.7026081 -0.0841080 6.4067898 0.0270985 0.9994677 0.0181181 0.0012747
42.104780 -0.7017607 -0.0814713 6.2659259 0.0267348 0.9994807 0.0179793 0.0006139
42.208530 -0.7013796 -0.0803216 6.1960664 0.0266964 0.9994739 0.0184156 0.0002671
42.312280 -0.7012165 -0.0788815 6.1262746 0.0266888 0.9994587 0.0192376 0.0000979
42.416050 -0.7007110 -0.0772551 6.0565701 0.0266815 0.9994566 0.0193447 -0.0006171
42.519900 -0.7007991 -0.0761022 5.9867039 0.0268220 0.9994635 0.0187381 -0.0014941
42.727400 -0.7008902 -0.0737294 5.8487940 0.0270877 0.9994434 0.0191630 -0.0034640
42.934910 -0.7015700 -0.0711842 5.7143440 0.0280228 0.9993978 0.0196920 -0.0055752
43.142410 -0.7025552 -0.0688564 5.5813761 0.0282064 0.9993634 0.0204550 -0.0076714
43.349910 -0.7041844 -0.0665200 5.4525824 0.0287413 0.9993008 0.0218663 -0.0096821
43.557400 -0.7061238 -0.0639746 5.3267975 0.0293308 0.9992670 0.0217788 -0.0114407
43.764790 -0.7080740 -0.0609835 5.2073560 0.0290570 0.9992399 0.0228672 -0.0123450
43.972290 -0.7099732 -0.0586189 5.0921583 0.0285304 0.9992794 0.0217167 -0.0124512
44.179660 -0.7123569 -0.0566058 4.9823232 0.0291663 0.9992643 0.0217976 -0.0120439
44.387040 -0.7143655 -0.0541311 4.8772593 0.0290207 0.9992459 0.0230599 -0.0115575
44.594530 -0.7158031 -0.0520121 4.7769957 0.0281105 0.9992770 0.0230106 -0.0112158
44.802160 -0.7173363 -0.0501914 4.6820779 0.0285929 0.9992917 0.0220173 -0.0106712
45.009780 -0.7188043 -0.0483506 4.5917969 0.0284941 0.9992879 0.0225325 -0.0102005
45.321160 -0.7208081 -0.0457424 4.4644136 0.0286122 0.9992760 0.0232150 -0.0094743
45.528910 -0.7216318 -0.0438849 4.3836370 0.0282972 0.9993262 0.0216063 -0.0089221
45.944410 -0.7236419 -0.0403916 4.2304587 0.0302078 0.9993123 0.0197637 -0.0084725
46.256280 -0.7250705 -0.0387696 4.1226692 0.0313592 0.9992876 0.0191605 -0.0085878
46.880280 -0.7264383 -0.0356751 3.9178181 0.0340132 0.9992399 0.0160498 -0.0102489
47.192290 -0.7280257 -0.0342064 3.8182657 0.0326049 0.9993185 0.0132334 -0.0111477
47.608410 -0.7295722 -0.0330309 3.6879439 0.0298582 0.9993835 0.0140474 -0.0119911
47.816410 -0.7301099 -0.0319223 3.6234555 0.0302635 0.9994405 0.0078376 -0.0118924
48.024410 -0.7308423 -0.0318001 3.5571694 0.0259359 0.9995680 0.0077590 -0.0114389
48.232410 -0.7316475 -0.0310981 3.4880133 0.0237916 0.9996043 0.0110143 -0.0101863
48.440410 -0.7326506 -0.0306020 3.4177158 0.0237674 0.9996287 0.0109624 -0.0075766
48.648410 -0.7325057 -0.0294964 3.3448312 0.0221071 0.9996930 0.0103091 -0.0043579
48.856410 -0.7321708 -0.0287369 3.2681928 0.0216543 0.9996607 0.0144425 -0.0010011
49.064530 -0.7317376 -0.0273937 3.1888003 0.0231863 0.9996018 0.0158585 0.0026735
49.272540 -0.7304213 -0.0252606 3.1059556 0.0246872 0.9995775 0.0138493 0.0066057
49.480540 -0.7286942 -0.0236451 3.0208507 0.0264058 0.9995020 0.0136664 0.0105720
49.688540 -0.7257354 -0.0215923 2.9316843 0.0276566 0.9993882 0.0155093 0.0147599
49.896540 -0.7228885 -0.0201600 2.8402159 0.0300210 0.9992620 0.0143757 0.0191708
50.104550 -0.7181556 -0.0187151 2.7452741 0.0308165 0.9991853 0.0120267 0.0231195
50.312540 -0.7122725 -0.0174147 2.6467206 0.0310067 0.9991308 0.0117621 0.0252543
50.520540 -0.7062880 -0.0161615 2.5462339 0.0302598 0.9991745 0.0087652 0.0256470
50.728660 -0.7010493 -0.0150886 2.4407711 0.0318578 0.9991242 0.0093834 0.0254542
50.936790 -0.6940404 -0.0141109 2.3323607 0.0319856 0.9990917 0.0134324 0.0247436
51.144790 -0.6882623 -0.0120570 2.2211306 0.0309298 0.9991612 0.0113752 0.0243088
51.352790 -0.6819862 -0.0112707 2.1069696 0.0304348 0.9991872 0.0113001 0.0238931
51.560790 -0.6760439 -0.0096754 1.9903088 0.0309076 0.9991803 0.0126088 0.0229007
51.768790 -0.6697897 -0.0080038 1.8716053 0.0301283 0.9992418 0.0127224 0.0211238
51.976790 -0.6641946 -0.0062648 1.7484691 0.0285910 0.9993458 0.0119805 0.0186258
52.080790 -0.6618393 -0.0053485 1.6862638 0.0292289 0.9993989 0.0073835 0.0171163
52.184660 -0.6596009 -0.0048932 1.6233531 0.0295137 0.9994178 0.0061154 0.0159875
52.288680 -0.6574689 -0.0042199 1.5585215 0.0297987 0.9994019 0.0095913 0.0146893
52.496670 -0.6538226 -0.0022735 1.4290309 0.0288114 0.9994262 0.0128486 0.0123290
52.600670 -0.6515487 -0.0012742 1.3633713 0.0284033 0.9994630 0.0121312 0.0109432
52.704540 -0.6498037 -0.0004863 1.2974710 0.0284541 0.9994791 0.0116691 0.0097811
52.808540 -0.6488881 0.0005822 1.2304565 0.0284307 0.9994876 0.0116590 0.0089558
53.016420 -0.6465894 0.0027991 1.0947412 0.0293662 0.9994639 0.0125922 0.0071442
53.120310 -0.6455853 0.0033291 1.0269045 0.0292724 0.9994583 0.0136841 0.0062429
53.328040 -0.6431488 0.0051135 0.8965604 0.0283131 0.9994448 0.0170873 0.0040528
53.535790 -0.6421096 0.0072853 0.7649940 0.0279117 0.9994690 0.0166203 0.0025465
53.743420 -0.6406615 0.0090844 0.6312180 0.0282459 0.9994650 0.0164005 0.0016736
53.847310 -0.6401923 0.0100710 0.5659489 0.0278683 0.9994687 0.0168415 0.0013880
53.951170 -0.6393545 0.0108467 0.5006481 0.0274030 0.9994887 0.0164560 0.0007964
54.054920 -0.6387405 0.0117034 0.4361484 0.0276457 0.9994991 0.0153899 0.0005309
54.158790 -0.6382311 0.0127285 0.3709203 0.0279355 0.9994817 0.0159988 0.0002383
54.366290 -0.6376016 0.0149900 0.2414263 0.0283716 0.9994104 0.0193370 0.0002268
54.573910 -0.6363449 0.0174220 0.1141952 0.0282650 0.9994503 0.0173091 0.0007696
54.677690 -0.6361110 0.0182834 0.0501991 0.0279521 0.9994848 0.0157105 0.0014210
54.885290 -0.6351234 0.0198237 -0.0775664 0.0273619 0.9994937 0.0160911 0.0021814
54.989170 -0.6347138 0.0208658 -0.1416023 0.0279034 0.9994524 0.0175993 0.0025653
55.092920 -0.6340149 0.0219217 -0.2045780 0.0275151 0.9994327 0.0192031 0.0029116
55.196790 -0.6332638 0.0230129 -0.2674848 0.0267398 0.9994564 0.0190392 0.0030731
55.300540 -0.6321258 0.0240933 -0.3300393 0.0263330 0.9995070 0.0168711 0.0028000
55.404410 -0.6319370 0.0249966 -0.3911901 0.0262691 0.9995326 0.0153886 0.0027537
55.508190 -0.6310773 0.0258590 -0.4533017 0.0268222 0.9995171 0.0155016 0.0024201
55.611910 -0.6310378 0.0266064 -0.5148356 0.0272203 0.9994811 0.0170568 0.0023913
55.715790 -0.6302710 0.0276083 -0.5761971 0.0275033 0.9994643 0.0176069 0.0021717
55.819540 -0.6297113 0.0287008 -0.6379508 0.0267866 0.9994956 0.0169602 0.0018668
55.923300 -0.6289629 0.0297467 -0.6993761 0.0257727 0.9995303 0.0165125 0.0015434
56.027170 -0.6282758 0.0307379 -0.7615455 0.0254115 0.9995470 0.0160694 0.0013499
56.130920 -0.6279280 0.0314161 -0.8228114 0.0260544 0.9995368 0.0156886 0.0011581
56.338420 -0.6268085 0.0329742 -0.9454624 0.0279553 0.9994767 0.0162564 0.0007787
56.546040 -0.6261537 0.0347030 -1.0673478 0.0286456 0.9994603 0.0160551 0.0008354
56.753550 -0.6249760 0.0362412 -1.1886169 0.0264407 0.9995229 0.0159631 0.0003302
56.961060 -0.6247199 0.0373858 -1.3069345 0.0257243 0.9995260 0.0169113 0.0002834
57.168540 -0.6236977 0.0393715 -1.4242274 0.0267796 0.9994919 0.0172872 -0.0002343
57.376170 -0.6234373 0.0407327 -1.5417891 0.0261905 0.9995258 0.0161930 -0.0001736
57.583670 -0.6223393 0.0416120 -1.6575493 0.0231185 0.9996423 0.0134381 -0.0004882
57.791170 -0.6214136 0.0429618 -1.7723657 0.0213279 0.9996511 0.0155790 -0.0003053
57.998680 -0.6211952 0.0444560 -1.8870788 0.0240544 0.9995505 0.0178935 -0.0001640
58.206190 -0.6206647 0.0466641 -2.0014281 0.0272791 0.9994656 0.0180073 -0.0000329
58.413800 -0.6202447 0.0490917 -2.1157048 0.0270870 0.9995127 0.0155162 -0.0000639
58.621420 -0.6197004 0.0504839 -2.2300065 0.0248591 0.9995714 0.0154587 -0.0003261
58.829070 -0.6189744 0.0516912 -2.3462517 0.0248448 0.9995862 0.0144875 -0.0005873
59.036550 -0.6188739 0.0530956 -2.4619489 0.0245107 0.9995925 0.0146258 -0.0004803
59.244170 -0.6178851 0.0550004 -2.5781465 0.0226609 0.9996382 0.0144658 -0.0008368
59.451800 -0.6170614 0.0566700 -2.6940269 0.0204433 0.9996688 0.0155934 -0.0010996
59.659420 -0.6168391 0.0583444 -2.8120363 0.0200823 0.9997020 0.0138402 -0.0010758
59.866920 -0.6161911 0.0597617 -2.9286611 0.0191802 0.9997303 0.0130668 -0.0008274
59.970800 -0.6155176 0.0607429 -2.9856722 0.0186610 0.9997641 0.0110742 -0.0008629
60.178320 -0.6147591 0.0612760 -3.1014147 0.0189202 0.9997514 0.0117673 -0.0007654
60.385920 -0.6144180 0.0619431 -3.2177734 0.0213503 0.9997018 0.0118549 -0.0000742
60.697180 -0.6131375 0.0637972 -3.3923388 0.0201333 0.9997311 0.0115018 0.0001991
60.904800 -0.6122245 0.0646250 -3.5085948 0.0211914 0.9996846 0.0134568 0.0006743
61.112300 -0.6114540 0.0658685 -3.6240714 0.0235108 0.9996358 0.0131830 0.0013527
61.319920 -0.6107094 0.0668459 -3.7390294 0.0247819 0.9995956 0.0138377 0.0017370
61.527550 -0.6104690 0.0679905 -3.8513658 0.0272263 0.9995175 0.0147686 0.0023124
61.735050 -0.6090256 0.0692309 -3.9649732 0.0293545 0.9994788 0.0132363 0.0022962
61.942550 -0.6081505 0.0700058 -4.0769415 0.0307099 0.9994696 0.0105454 0.0024708
62.046420 -0.6075789 0.0700162 -4.1333203 0.0305797 0.9994592 0.0118405 0.0024473
62.150170 -0.6072074 0.0704204 -4.1898556 0.0303802 0.9994587 0.0123521 0.0025828
62.357670 -0.6061878 0.0710567 -4.3023620 0.0301859 0.9994702 0.0118939 0.0026031
62.565300 -0.6049516 0.0714727 -4.4141603 0.0300393 0.9994828 0.0112524 0.0022912
62.876680 -0.6035004 0.0726884 -4.5824962 0.0296174 0.9994966 0.0113221 0.0010479
63.084300 -0.6032121 0.0732897 -4.6939034 0.0299140 0.9994966 0.0105694 0.0003030
63.395800 -0.6015077 0.0736048 -4.8613324 0.0289800 0.9995121 0.0115802 -0.0012691
63.603430 -0.6014958 0.0741136 -4.9713097 0.0286074 0.9995210 0.0117006 -0.0015703
63.914800 -0.6009948 0.0746456 -5.1358886 0.0293426 0.9995219 0.0096532 -0.0013732
64.122420 -0.6006515 0.0742186 -5.2443871 0.0307258 0.9994626 0.0113950 -0.0007334
64.330050 -0.6001692 0.0745082 -5.3527217 0.0316253 0.9994248 0.0122386 0.0004115
64.433800 -0.6001042 0.0749216 -5.4058394 0.0313147 0.9994556 0.0103533 0.0008952
64.641430 -0.5994214 0.0747400 -5.5126920 0.0302386 0.9994904 0.0101803 0.0009628
64.849050 -0.5991304 0.0757543 -5.6193714 0.0303944 0.9994484 0.0133288 0.0011528
65.056690 -0.5985037 0.0766789 -5.7245197 0.0306369 0.9994538 0.0123631 0.0008433
65.264300 -0.5980265 0.0770342 -5.8282747 0.0298429 0.9994934 0.0110635 0.0000858
65.368050 -0.5978047 0.0774018 -5.8803496 0.0292353 0.9995059 0.0115430 -0.0002617
65.471930 -0.5973903 0.0774821 -5.9327621 0.0290009 0.9995030 0.0123275 -0.0008751
65.679420 -0.5974559 0.0779206 -6.0351062 0.0293200 0.9995055 0.0112839 -0.0013024
65.886930 -0.5977734 0.0786920 -6.1371322 0.0293402 0.9994912 0.0123742 -0.0018690
66.094550 -0.5977375 0.0790082 -6.2386737 0.0294181 0.9994858 0.0124743 -0.0026625
66.302080 -0.5982215 0.0796222 -6.3395729 0.0293356 0.9994891 0.0122387 -0.0033465
66.509680 -0.5985490 0.0806642 -6.4394732 0.0289644 0.9995024 0.0118476 -0.0039514
66.717300 -0.5989595 0.0804101 -6.5378313 0.0295289 0.9994980 0.0106040 -0.0044094
67.028680 -0.6001350 0.0811253 -6.6835871 0.0298267 0.9994738 0.0119434 -0.0044547
67.236300 -0.6004609 0.0814678 -6.7800765 0.0297626 0.9994767 0.0118869 -0.0043753
67.443820 -0.6010172 0.0818947 -6.8764625 0.0304204 0.9994504 0.0125662 -0.0039302
67.651550 -0.6009944 0.0826319 -6.9713669 0.0303267 0.9994501 0.0128255 -0.0038980
67.859060 -0.6017699 0.0830940 -7.0656524 0.0300488 0.9994607 0.0126988 -0.0037551
68.066810 -0.6017597 0.0838814 -7.1580558 0.0292728 0.9994802 0.0126126 -0.0048312
68.170550 -0.6020193 0.0836498 -7.2032681 0.0285458 0.9994880 0.0134110 -0.0053888
68.378180 -0.6023502 0.0839483 -7.2931142 0.0275434 0.9995090 0.0132402 -0.0069108
68.585930 -0.6036431 0.0845616 -7.3822508 0.0281407 0.9995003 0.0122447 -0.0075726
68.793560 -0.6048213 0.0850345 -7.4692669 0.0288137 0.9994569 0.0142130 -0.0073220
69.001180 -0.6059871 0.0853878 -7.5524139 0.0311092 0.9993865 0.0144198 -0.0071396
69.208930 -0.6069164 0.0862125 -7.6311340 0.0300731 0.9993887 0.0161356 -0.0075828
69.416810 -0.6076936 0.0866373 -7.7086749 0.0291745 0.9994124 0.0154793 -0.0091666
69.728440 -0.6091443 0.0876732 -7.8166847 0.0303719 0.9993524 0.0159546 -0.0108547
70.143930 -0.6108839 0.0889287 -7.9423857 0.0359438 0.9992465 0.0146338 -0.0004458
70.558570 -0.6040086 0.0895002 -8.0497313 0.0375158 0.9980109 0.0177962 0.0474362
71.076680 -0.5792143 0.0890124 -8.1530313 0.0394682 0.9880830 0.0124991 0.1482496
71.387680 -0.5530875 0.0867907 -8.2022257 0.0402978 0.9720182 0.0110865 0.2311576
71.906200 -0.4944246 0.0831710 -8.2690411 0.0380695 0.9203775 0.0099835 0.3890453
72.113680 -0.4644313 0.0822818 -8.2900753 0.0344652 0.8897995 0.0094898 0.4549495
72.321310 -0.4314594 0.0804957 -8.3058252 0.0310081 0.8554072 0.0076441 0.5169706
72.529060 -0.3960769 0.0788221 -8.3165827 0.0312102 0.8170400 0.0061248 0.5757031
72.632930 -0.3773113 0.0778639 -8.3198490 0.0315646 0.7966042 0.0044990 0.6036599
72.840820 -0.3395126 0.0756133 -8.3220444 0.0287983 0.7529284 0.0020118 0.6574689
73.048810 -0.2992145 0.0734707 -8.3199444 0.0230186 0.7045407 0.0073922 0.7092517
73.256690 -0.2565999 0.0716623 -8.3115826 0.0139069 0.6522188 0.0131040 0.7577899
73.360680 -0.2360247 0.0705295 -8.3046446 0.0092894 0.6245992 0.0143477 0.7807584
73.464560 -0.2149644 0.0702223 -8.2964125 0.0077669 0.5957593 0.0151455 0.8029827
73.568560 -0.1940117 0.0700172 -8.2863731 0.0069453 0.5660847 0.0156830 0.8241686
73.672580 -0.1734641 0.0696506 -8.2745371 0.0054274 0.5359083 0.0176293 0.8440747
73.880450 -0.1316147 0.0693885 -8.2450953 0.0013698 0.4732994 0.0207080 0.8806571
74.088440 -0.0923800 0.0690602 -8.2073050 0.0001346 0.4106716 0.0193901 0.9115771
74.296560 -0.0545874 0.0690952 -8.1623106 0.0038440 0.3494989 0.0199032 0.9367175
74.504810 -0.0201800 0.0687846 -8.1084146 0.0031432 0.2889183 0.0202135 0.9571352
74.712820 0.0084159 0.0681117 -8.0472841 0.0012140 0.2256972 0.0206071 0.9739788
74.816930 0.0210702 0.0677334 -8.0137091 0.0003505 0.1943666 0.0202108 0.9807207
75.025200 0.0413010 0.0671781 -7.9396925 -0.0001322 0.1390930 0.0164047 0.9901434
75.233810 0.0558786 0.0669140 -7.8594890 0.0006095 0.0951972 0.0110177 0.9953973
75.442560 0.0666179 0.0660877 -7.7724352 -0.0007276 0.0599682 0.0109714 0.9981397
75.651310 0.0719349 0.0651539 -7.6784887 -0.0011972 0.0317443 0.0089932 0.9994549
75.755680 0.0726557 0.0653710 -7.6301746 -0.0007518 0.0211429 0.0061078 0.9997575
75.964710 0.0733272 0.0646254 -7.5275254 0.0003759 0.0085907 0.0012343 0.9999623
76.173710 0.0735071 0.0640918 -7.4204431 0.0001978 0.0059773 -0.0003840 0.9999821
76.278060 0.0737412 0.0633986 -7.3647699 -0.0005177 0.0055012 0.0000749 0.9999847
76.382460 0.0742891 0.0628945 -7.3080831 -0.0009795 0.0046291 0.0004516 0.9999887
76.486810 0.0743489 0.0625258 -7.2504578 -0.0007170 0.0038240 0.0010739 0.9999918
76.695310 0.0743221 0.0619012 -7.1325879 -0.0011052 0.0015869 0.0007119 0.9999979
76.903560 0.0736868 0.0610954 -7.0105138 -0.0026839 -0.0002290 0.0016571 0.9999950
77.111810 0.0730025 0.0598835 -6.8832011 -0.0016628 -0.0016409 0.0022105 0.9999948
77.320060 0.0713242 0.0599612 -6.7527723 -0.0011484 -0.0024157 0.0017764 0.9999948
77.528190 0.0697688 0.0593364 -6.6188555 -0.0001161 -0.0024764 0.0016043 0.9999956
77.736190 0.0674698 0.0586644 -6.4820776 -0.0004878 -0.0012548 0.0012013 0.9999984
77.944210 0.0676572 0.0570152 -6.3435936 0.0021302 0.0000883 0.0007381 0.9999974
78.048060 0.0668913 0.0558724 -6.2726183 0.0032494 0.0013168 0.0011466 0.9999932
78.255940 0.0668695 0.0535225 -6.1274877 0.0030113 0.0018804 0.0021598 0.9999914
78.463690 0.0668559 0.0506090 -5.9791884 0.0044756 0.0005639 0.0029548 0.9999855
78.671320 0.0652908 0.0472207 -5.8278518 0.0044852 -0.0019097 0.0030565 0.9999834
78.775190 0.0645498 0.0455493 -5.7513523 0.0034281 -0.0030503 0.0034272 0.9999836
78.879060 0.0638109 0.0441139 -5.6740837 0.0036951 -0.0038621 0.0028750 0.9999816
78.982940 0.0629689 0.0429362 -5.5956674 0.0040333 -0.0045375 0.0033172 0.9999760
79.086810 0.0617615 0.0412039 -5.5172839 0.0044823 -0.0051575 0.0038503 0.9999692
79.190690 0.0602442 0.0397802 -5.4376016 0.0050604 -0.0055291 0.0037210 0.9999650
79.294440 0.0586541 0.0384036 -5.3573585 0.0049674 -0.0059174 0.0027578 0.9999663
79.398310 0.0572447 0.0357345 -5.2761149 0.0041772 -0.0060007 0.0033754 0.9999676
79.502200 0.0550420 0.0345793 -5.1951051 0.0026240 -0.0055671 0.0024141 0.9999781
79.709940 0.0528286 0.0314777 -5.0284290 0.0001897 -0.0053207 0.0026109 0.9999824
79.917560 0.0494331 0.0308991 -4.8604722 -0.0051152 -0.0047613 0.0021260 0.9999733
80.021460 0.0473960 0.0307478 -4.7758193 -0.0065252 -0.0045559 0.0012315 0.9999676
80.228940 0.0454875 0.0299031 -4.6075954 -0.0077891 -0.0049020 0.0010310 0.9999571
80.436670 0.0434968 0.0285912 -4.4452777 -0.0058724 -0.0047925 0.0012316 0.9999705
80.540440 0.0419809 0.0283036 -4.3643799 -0.0058399 -0.0042252 0.0019630 0.9999721
80.748100 0.0407208 0.0269735 -4.2066798 -0.0068524 -0.0034725 0.0022716 0.9999679
80.955700 0.0390589 0.0252929 -4.0504699 -0.0064715 -0.0027190 0.0029714 0.9999710
81.059440 0.0382139 0.0248152 -3.9703972 -0.0071937 -0.0024671 0.0033184 0.9999655
81.266940 0.0363084 0.0244820 -3.8140497 -0.0089782 -0.0020211 0.0036629 0.9999509
81.578330 0.0333418 0.0227239 -3.5826159 -0.0055032 -0.0026472 0.0019885 0.9999794
81.785940 0.0310951 0.0218389 -3.4281414 -0.0067852 -0.0030704 0.0009561 0.9999718
81.993440 0.0292958 0.0208862 -3.2737508 -0.0062959 -0.0034823 0.0027267 0.9999704
82.201070 0.0267650 0.0207212 -3.1206005 -0.0064163 -0.0042109 0.0036575 0.9999639
82.408570 0.0248294 0.0193983 -2.9670832 -0.0051898 -0.0054769 0.0040641 0.9999633
82.616210 0.0225042 0.0193800 -2.8131831 -0.0072784 -0.0069699 0.0038908 0.9999416
82.823820 0.0182938 0.0185798 -2.6612659 -0.0066570 -0.0070829 0.0030408 0.9999481
83.031440 0.0146491 0.0174933 -2.5110960 -0.0065268 -0.0070100 0.0022009 0.9999517
83.238940 0.0120246 0.0156425 -2.3606906 -0.0064082 -0.0068124 0.0031478 0.9999513
83.446570 0.0102533 0.0137805 -2.2081363 -0.0067471 -0.0066063 0.0043795 0.9999458
83.654320 0.0074218 0.0131541 -2.0585704 -0.0074543 -0.0057478 0.0048430 0.9999440
83.862070 0.0049260 0.0129606 -1.9070768 -0.0053610 -0.0048342 0.0042646 0.9999648
84.069850 0.0005262 0.0117284 -1.7580312 -0.0062018 -0.0035127 0.0029447 0.9999703
84.381590 -0.0021288 0.0111860 -1.5377382 -0.0059095 -0.0015829 0.0011864 0.9999806
84.797070 -0.0014060 0.0088124 -1.2433443 -0.0034410 0.0009009 0.0008845 0.9999933
85.108710 -0.0018380 0.0050723 -1.0282307 0.0007163 0.0029942 -0.0002986 0.9999952
85.316330 -0.0003215 0.0030885 -0.8870064 0.0001121 0.0032984 0.0003435 0.9999945
85.627820 0.0024837 -0.0020946 -0.6808022 -0.0005334 0.0025339 0.0021743 0.9999943
85.939070 0.0011650 -0.0050757 -0.4814777 -0.0006279 0.0016689 0.0019276 0.9999965
86.146690 0.0004808 -0.0070841 -0.3492922 -0.0014863 0.0006725 0.0016127 0.9999974
86.354210 -0.0005500 -0.0090889 -0.2187145 0.0003008 0.0004908 0.0021560 0.9999975
86.561820 -0.0013468 -0.0116643 -0.0895068 0.0003230 0.0002513 0.0014480 0.9999989
86.665690 -0.0017244 -0.0128136 -0.0259701 -0.0000114 0.0002626 0.0009912 0.9999995
86.976950 -0.0255443 -0.0215548 0.2274331 -0.0000358 0.0048431 0.0025636 0.9999850
88.222590 -0.0190911 -0.0246647 0.9170687 0.0022127 0.0051480 -0.0009851 0.9999838
97.983580 -0.0093307 -0.0943635 5.7386436 -0.0011011 0.0320815 -0.0008877 0.9994842
98.502470 0.0031109 -0.0967109 6.0021124 -0.0019876 0.0166178 0.0070104 0.9998354
100.578200 -0.0044085 -0.1135562 7.1182165 0.0013107 -0.0084555 0.0000214 0.9999634
100.889600 -0.0082193 -0.1168163 7.2859302 -0.0008594 -0.0076187 -0.0004131 0.9999705
101.201000 -0.0115036 -0.1193711 7.4533987 -0.0002686 -0.0062017 -0.0019548 0.9999788
107.535000 -0.0437341 -0.1654378 10.0753117 -0.0001875 0.0049750 0.0014311 0.9999866
110.655000 -0.0251106 -0.1820699 10.9767942 0.0039107 0.0220326 0.0027134 0.9997459
111.486700 -0.0163161 -0.1879015 11.2482901 0.0032191 0.0156485 -0.0000961 0.9998724
111.902600 -0.0137945 -0.1906616 11.3840237 0.0008129 0.0110637 -0.0009122 0.9999381
112.214600 -0.0127485 -0.1926826 11.4837370 0.0010032 0.0087487 -0.0004037 0.9999611
112.526600 -0.0119626 -0.1944501 11.5807476 0.0004610 0.0069133 -0.0009159 0.9999756
113.254600 -0.0115590 -0.1998728 11.7868643 0.0054100 0.0072968 -0.0076060 0.9999298
113.566600 -0.0107870 -0.2022284 11.8716822 0.0053899 0.0094844 -0.0097820 0.9998927
113.878500 -0.0093661 -0.2045371 11.9534330 0.0022760 0.0091301 -0.0082410 0.9999217
114.190300 -0.0088904 -0.2064292 12.0369072 0.0005639 0.0072213 -0.0065473 0.9999523
