0.000000 0.0000000 0.0000000 0.0000000 0.0000000 0.0000000 0.0000000 1.0000000
0.103391 -0.0003260 -0.0001841 0.0816989 0.0022749 0.0007103 -0.0004180 0.9999971
0.207106 -0.0000780 -0.0000883 0.1624861 0.0026971 0.0010331 0.0006775 0.9999956
0.310262 -0.0002255 -0.0000996 0.2437500 0.0006819 0.0011851 0.0015458 0.9999979
0.413621 -0.0000583 -0.0001502 0.3248988 -0.0023255 0.0008162 0.0026816 0.9999934
0.517929 -0.0000326 0.0000146 0.4048541 -0.0023479 0.0001454 0.0044448 0.9999874
0.620389 0.0000788 0.0002657 0.4840350 -0.0009078 -0.0003310 0.0056980 0.9999833
0.724219 0.0000375 0.0004716 0.5627397 0.0008166 -0.0007794 0.0060266 0.9999812
0.827211 -0.0004057 0.0005409 0.6418372 0.0011088 -0.0011898 0.0058809 0.9999814
0.930557 -0.0012568 0.0005898 0.7205383 0.0002295 -0.0016177 0.0056922 0.9999825
1.034070 -0.0016298 0.0006826 0.7989093 -0.0011955 -0.0020399 0.0056049 0.9999815
1.137438 -0.0020732 0.0006580 0.8769423 -0.0020496 -0.0025410 0.0057571 0.9999781
1.244258 -0.0029232 0.0011171 0.9545777 -0.0023691 -0.0027826 0.0062676 0.9999737
1.447568 -0.0046568 0.0020463 1.1088512 -0.0015471 -0.0034588 0.0066281 0.9999709
1.551083 -0.0057485 0.0023307 1.1855335 -0.0005553 -0.0041449 0.0068624 0.9999677
1.654521 -0.0062960 0.0026533 1.2613022 0.0001191 -0.0050707 0.0074511 0.9999593
1.861353 -0.0090083 0.0026959 1.4138107 0.0009376 -0.0066577 0.0066121 0.9999555
2.068236 -0.0124905 0.0026567 1.5651708 0.0004802 -0.0080846 0.0061227 0.9999484
2.275131 -0.0158652 0.0024242 1.7152017 -0.0005488 -0.0094778 0.0055133 0.9999397
2.482010 -0.0197640 0.0027587 1.8629014 -0.0000139 -0.0109590 0.0062349 0.9999205
2.689023 -0.0235046 0.0029298 2.0090764 -0.0012121 -0.0121405 0.0061825 0.9999065
2.896139 -0.0271185 0.0031223 2.1522737 -0.0034640 -0.0129430 0.0066036 0.9998884
3.103545 -0.0315256 0.0035341 2.2908545 -0.0015126 -0.0137672 0.0054709 0.9998891
3.310078 -0.0358632 0.0038345 2.4260764 -0.0004338 -0.0146985 0.0050312 0.9998792
3.517076 -0.0405996 0.0035549 2.5581310 0.0001394 -0.0163700 0.0049858 0.9998536
3.827725 -0.0486960 0.0035699 2.7521772 -0.0015572 -0.0192598 0.0050556 0.9998005
4.034871 -0.0550939 0.0040067 2.8764882 -0.0023335 -0.0211220 0.0039827 0.9997662
4.243437 -0.0618339 0.0043804 2.9980884 -0.0015134 -0.0229650 0.0019295 0.9997333
4.449183 -0.0685304 0.0046454 3.1170604 -0.0030847 -0.0243514 0.0010363 0.9996982
4.760815 -0.0781880 0.0041114 3.2849507 -0.0007991 -0.0229139 -0.0025913 0.9997337
4.966824 -0.0832413 0.0051796 3.3937280 -0.0001286 -0.0202690 -0.0035845 0.9997881
5.277498 -0.0905356 0.0051595 3.5503724 -0.0036629 -0.0145617 -0.0105133 0.9998320
5.484644 -0.0938510 0.0055269 3.6479640 -0.0049030 -0.0089478 -0.0144423 0.9998437
5.691619 -0.0955422 0.0055364 3.7392018 -0.0055069 -0.0021148 -0.0184467 0.9998124
5.898736 -0.0956780 0.0061323 3.8232489 -0.0053855 0.0052844 -0.0223591 0.9997215
6.105870 -0.0953320 0.0061486 3.8995500 -0.0028643 0.0133522 -0.0257231 0.9995759
6.313021 -0.0920335 0.0066064 3.9690874 -0.0035127 0.0212352 -0.0255731 0.9994412
6.524037 -0.0889173 0.0068926 4.0307775 -0.0041201 0.0296897 -0.0278633 0.9991623
6.934429 -0.0806546 0.0061921 4.1292453 -0.0040632 0.0487600 -0.0314296 0.9983076
7.141701 -0.0737866 0.0062128 4.1733856 -0.0001405 0.0614210 -0.0310737 0.9976281
7.353300 -0.0661820 0.0050730 4.2153540 0.0008328 0.0773678 -0.0329709 0.9964569
7.866988 -0.0390748 0.0047459 4.3179874 0.0025266 0.1260065 -0.0332935 0.9914674
8.177962 -0.0164759 0.0030879 4.3780189 0.0028381 0.1635824 -0.0359891 0.9858689
8.385961 0.0020260 0.0018693 4.4179153 0.0028311 0.1929601 -0.0375526 0.9804837
8.799662 0.0528308 -0.0012188 4.4928231 0.0082605 0.2637706 -0.0346313 0.9639282
9.008027 0.0844834 -0.0030607 4.5303764 0.0105557 0.3043511 -0.0365735 0.9517990
9.214197 0.1222305 -0.0051425 4.5698414 0.0106073 0.3477112 -0.0409502 0.9366469
9.421456 0.1676364 -0.0083090 4.6087308 0.0109971 0.3947650 -0.0403567 0.9178295
9.630085 0.2231936 -0.0117005 4.6466856 0.0114667 0.4434511 -0.0395263 0.8953531
9.836009 0.2872533 -0.0154931 4.6812100 0.0131226 0.4938503 -0.0382805 0.8686048
10.043900 0.3600838 -0.0194906 4.7118897 0.0111514 0.5415249 -0.0377919 0.8397608
10.250360 0.4390788 -0.0231432 4.7358975 0.0099737 0.5854006 -0.0396617 0.8097121
10.457170 0.5256101 -0.0287176 4.7501068 0.0154689 0.6235421 -0.0301606 0.7810546
10.664530 0.6178209 -0.0334221 4.7597532 0.0196135 0.6551633 -0.0272988 0.7547391
10.870220 0.7166871 -0.0395773 4.7650366 0.0244619 0.6785221 -0.0223376 0.7338328
11.077200 0.8201850 -0.0446819 4.7660356 0.0272709 0.6949390 -0.0179403 0.7183273
11.284150 0.9286487 -0.0507473 4.7661095 0.0284545 0.7054961 -0.0176639 0.7079220
11.488980 1.0410324 -0.0574742 4.7634001 0.0315671 0.7127979 -0.0169414 0.7004538
11.695270 1.1587709 -0.0639092 4.7592688 0.0334564 0.7167098 -0.0159265 0.6963865
11.901710 1.2816370 -0.0705030 4.7555504 0.0284492 0.7188992 -0.0141594 0.6943876
12.108000 1.4081982 -0.0767488 4.7503576 0.0270585 0.7195237 -0.0097712 0.6938718
12.314500 1.5366511 -0.0834166 4.7457070 0.0319429 0.7192062 -0.0116572 0.6939642
12.521050 1.6699990 -0.0897802 4.7418442 0.0355467 0.7176087 -0.0143892 0.6953899
12.727430 1.8073806 -0.0982179 4.7386875 0.0314335 0.7160591 -0.0108272 0.6972474
12.934130 1.9440043 -0.1061561 4.7355657 0.0349603 0.7139524 -0.0100625 0.6992486
13.141650 2.0807588 -0.1138912 4.7341633 0.0356837 0.7118891 -0.0138234 0.7012485
13.348030 2.2192132 -0.1230995 4.7331080 0.0329797 0.7090710 -0.0113389 0.7042742
13.554880 2.3562491 -0.1316119 4.7331524 0.0365978 0.7068954 -0.0117465 0.7062730
13.761270 2.4950881 -0.1397876 4.7348509 0.0353288 0.7042196 -0.0134290 0.7089755
13.968170 2.6340625 -0.1493695 4.7359805 0.0373905 0.7017376 -0.0094286 0.7113912
14.175050 2.7726817 -0.1575618 4.7385325 0.0390368 0.6995440 -0.0086750 0.7134697
14.382120 2.9119811 -0.1665152 4.7414351 0.0396025 0.6968890 -0.0063731 0.7160563
14.588970 3.0515931 -0.1752327 4.7470737 0.0386835 0.6948070 -0.0086964 0.7181025
14.795970 3.1919045 -0.1836062 4.7525434 0.0385713 0.6927506 -0.0088676 0.7200904
15.002870 3.3329389 -0.1928859 4.7604599 0.0371367 0.6910152 -0.0104499 0.7218099
15.209870 3.4753044 -0.2021146 4.7682328 0.0382794 0.6885660 -0.0132246 0.7240419
15.416750 3.6183472 -0.2115420 4.7771921 0.0379665 0.6861222 -0.0166790 0.7263035
15.623920 3.7642212 -0.2219591 4.7883968 0.0373192 0.6840154 -0.0171480 0.7283105
15.830620 3.9101393 -0.2323094 4.7997646 0.0364814 0.6812234 -0.0194953 0.7309061
16.039410 4.0577784 -0.2429476 4.8116245 0.0356906 0.6778003 -0.0189817 0.7341340
16.244300 4.2055783 -0.2541903 4.8266668 0.0383718 0.6736503 -0.0249079 0.7376330
16.453450 4.3545518 -0.2668998 4.8434591 0.0393307 0.6680533 -0.0292623 0.7424968
16.658020 4.5062571 -0.2803283 4.8634548 0.0369354 0.6626946 -0.0292315 0.7474070
16.864710 4.6579289 -0.2938691 4.8839135 0.0326171 0.6571150 -0.0269228 0.7526029
17.073430 4.8097539 -0.3055521 4.9079657 0.0282308 0.6515750 -0.0242231 0.7576717
17.279480 4.9577670 -0.3168423 4.9330449 0.0318309 0.6464976 -0.0267219 0.7617832
17.485440 5.1028605 -0.3286135 4.9599004 0.0334579 0.6425445 -0.0298203 0.7649365
17.693880 5.2453179 -0.3409097 4.9861712 0.0330193 0.6383347 -0.0281301 0.7685358
18.003090 5.4540381 -0.3579983 5.0287647 0.0248249 0.6342136 -0.0239875 0.7723868
18.209790 5.5889316 -0.3667087 5.0582614 0.0246347 0.6321933 -0.0259063 0.7739855
18.417190 5.7184153 -0.3769906 5.0864458 0.0257428 0.6305187 -0.0303409 0.7751535
18.623970 5.8453989 -0.3869731 5.1146564 0.0288433 0.6290166 -0.0325693 0.7761735
18.830950 5.9698958 -0.3969243 5.1420450 0.0269624 0.6280833 -0.0321631 0.7770134
19.141510 6.1493249 -0.4118418 5.1818027 0.0253954 0.6286747 -0.0304845 0.7766556
19.351800 6.2640972 -0.4212134 5.2068872 0.0260444 0.6300713 -0.0323364 0.7754264
19.557750 6.3755379 -0.4304616 5.2298336 0.0293154 0.6316297 -0.0325612 0.7740312
19.763960 6.4834270 -0.4390436 5.2518406 0.0272902 0.6335418 -0.0316138 0.7725805
19.969850 6.5878820 -0.4485829 5.2713575 0.0267121 0.6351411 -0.0286910 0.7714007
20.177180 6.6883559 -0.4568900 5.2903862 0.0310489 0.6369354 -0.0271685 0.7698124
20.487640 6.8398256 -0.4684956 5.3190670 0.0326264 0.6385216 -0.0279770 0.7684028
20.694250 6.9413223 -0.4762736 5.3364496 0.0355645 0.6375142 -0.0232188 0.7692670
21.004610 7.0948434 -0.4889231 5.3673868 0.0352364 0.6332889 -0.0233191 0.7727612
21.213570 7.1984720 -0.4962519 5.3901153 0.0349961 0.6276785 -0.0232980 0.7773367
21.417970 7.3050365 -0.5046713 5.4163418 0.0331262 0.6207079 -0.0233636 0.7829933
21.730330 7.4675875 -0.5170493 5.4616299 0.0320664 0.6089269 -0.0279151 0.7920862
21.936170 7.5798988 -0.5256654 5.4956985 0.0321619 0.6001176 -0.0308866 0.7986680
22.141920 7.6950340 -0.5351037 5.5331526 0.0314563 0.5915474 -0.0321259 0.8050156
22.348790 7.8135643 -0.5437138 5.5743952 0.0287850 0.5827477 -0.0317979 0.8115205
22.555690 7.9365530 -0.5532469 5.6193295 0.0264591 0.5737124 -0.0264952 0.8182005
22.762490 8.0633774 -0.5611579 5.6682048 0.0267902 0.5651650 -0.0230296 0.8242211
22.969530 8.1946430 -0.5686362 5.7199221 0.0277653 0.5585241 -0.0134161 0.8289149
23.176610 8.3275356 -0.5777455 5.7751274 0.0292682 0.5520897 -0.0097972 0.8332133
23.384670 8.4586039 -0.5850893 5.8329625 0.0373254 0.5454739 -0.0111048 0.8372226
23.694540 8.6536884 -0.6003270 5.9250202 0.0339350 0.5389909 -0.0179306 0.8414367
23.903510 8.7791243 -0.6110298 5.9860482 0.0356427 0.5352256 -0.0212990 0.8436881
24.108220 8.9020901 -0.6223121 6.0465641 0.0344796 0.5316914 -0.0230199 0.8459229
24.315110 9.0225220 -0.6330353 6.1064191 0.0323302 0.5281650 -0.0207662 0.8482720
24.522420 9.1377583 -0.6427392 6.1650867 0.0314002 0.5247993 -0.0221476 0.8503582
24.728750 9.2506866 -0.6519836 6.2230873 0.0324833 0.5224798 -0.0207041 0.8517811
24.935580 9.3596134 -0.6612785 6.2801571 0.0322702 0.5209364 -0.0201815 0.8527465
25.142500 9.4645576 -0.6706877 6.3352971 0.0332105 0.5187806 -0.0202751 0.8540214
25.452750 9.6157789 -0.6838588 6.4140377 0.0361056 0.5143062 -0.0170857 0.8566759
25.659630 9.7118540 -0.6923704 6.4658337 0.0367664 0.5111527 -0.0159987 0.8585541
25.970230 9.8526239 -0.7043699 6.5439305 0.0382933 0.5057994 -0.0152941 0.8616651
26.280040 9.9892616 -0.7172427 6.6238847 0.0417924 0.4984267 -0.0190396 0.8657146
26.590190 10.1224546 -0.7314920 6.7090435 0.0442800 0.4890040 -0.0282418 0.8706990
26.900360 10.2598705 -0.7454201 6.8003740 0.0349241 0.4801100 -0.0320001 0.8759285
27.107250 10.3531227 -0.7549348 6.8648062 0.0286178 0.4738257 -0.0335351 0.8795145
27.417420 10.4982176 -0.7676215 6.9686503 0.0289516 0.4635532 -0.0396250 0.8847090
27.727690 10.6513691 -0.7822652 7.0814786 0.0261761 0.4526623 -0.0441849 0.8902019
28.037820 10.8110437 -0.7970803 7.2058144 0.0238896 0.4405033 -0.0431429 0.8963955
28.244420 10.9194565 -0.8064411 7.2955551 0.0230534 0.4315462 -0.0452105 0.9006622
28.451340 11.0308228 -0.8152187 7.3899565 0.0222230 0.4246002 -0.0456973 0.9039539
28.660870 11.1440020 -0.8258138 7.4871387 0.0228122 0.4205097 -0.0430398 0.9059795
28.866830 11.2610340 -0.8362993 7.5865936 0.0246754 0.4166464 -0.0367639 0.9079897
29.073550 11.3806791 -0.8463121 7.6899204 0.0250253 0.4128445 -0.0303477 0.9099517
29.279330 11.4999180 -0.8565099 7.7965956 0.0249787 0.4088398 -0.0304941 0.9117545
29.486390 11.6189280 -0.8664332 7.9079795 0.0229570 0.4047725 -0.0359985 0.9134201
29.692890 11.7403803 -0.8758698 8.0216408 0.0175211 0.4007741 -0.0350300 0.9153393
29.899820 11.8613997 -0.8840150 8.1373863 0.0134792 0.3960703 -0.0316840 0.9175744
30.106560 11.9834671 -0.8916788 8.2531595 0.0201314 0.3901418 -0.0256172 0.9201782
30.313330 12.1031570 -0.9007733 8.3719826 0.0274066 0.3833384 -0.0236860 0.9228973
30.520070 12.2233591 -0.9107091 8.4947863 0.0260029 0.3758590 -0.0189409 0.9261183
30.726980 12.3423061 -0.9211918 8.6187639 0.0300771 0.3691568 -0.0168894 0.9287267
30.933840 12.4590607 -0.9310978 8.7466164 0.0306944 0.3647480 -0.0161211 0.9304606
31.142770 12.5779581 -0.9417812 8.8747559 0.0286208 0.3620273 -0.0114179 0.9316580
31.347740 12.6957226 -0.9507049 9.0046368 0.0275509 0.3614825 -0.0090298 0.9319280
31.555590 12.8127289 -0.9605553 9.1345749 0.0271500 0.3619746 -0.0106208 0.9317320
31.763200 12.9293909 -0.9697826 9.2642851 0.0272771 0.3640213 -0.0145390 0.9308776
31.970850 13.0465298 -0.9799088 9.3934650 0.0254467 0.3669894 -0.0175960 0.9297105
32.176640 13.1646233 -0.9891983 9.5200853 0.0226994 0.3701805 -0.0175221 0.9285172
32.382560 13.2822256 -0.9989493 9.6440687 0.0248145 0.3739918 -0.0167820 0.9269481
32.589890 13.3990622 -1.0081333 9.7670975 0.0305030 0.3784170 -0.0238311 0.9248255
32.796560 13.5183067 -1.0194185 9.8887453 0.0249925 0.3832014 -0.0243243 0.9230062
33.003430 13.6359711 -1.0297469 10.0080795 0.0225719 0.3879198 -0.0240340 0.9211032
33.211600 13.7564554 -1.0396831 10.1241922 0.0242229 0.3918253 -0.0222897 0.9194506
33.417090 13.8774376 -1.0492200 10.2393589 0.0280418 0.3965489 -0.0206721 0.9173523
33.623980 13.9992466 -1.0600961 10.3532019 0.0271768 0.4014318 -0.0221524 0.9152176
33.830820 14.1226797 -1.0701923 10.4662514 0.0272003 0.4079137 -0.0231758 0.9123209
34.037880 14.2459927 -1.0813179 10.5771542 0.0304048 0.4153077 -0.0287830 0.9087170
34.244700 14.3729076 -1.0925858 10.6854172 0.0275332 0.4230945 -0.0284314 0.9052208
34.451590 14.5061264 -1.1035147 10.7964315 0.0189404 0.4313832 -0.0274224 0.9015530
34.659100 14.6390228 -1.1118126 10.9027643 0.0181477 0.4400420 -0.0293705 0.8973132
34.866170 14.7760468 -1.1207974 11.0064831 0.0265426 0.4476544 -0.0302114 0.8933019
35.176790 14.9866858 -1.1385753 11.1569557 0.0268239 0.4596178 -0.0247265 0.8873672
35.382770 15.1279860 -1.1496347 11.2538691 0.0264454 0.4669201 -0.0252762 0.8835425
35.589680 15.2677250 -1.1615875 11.3457518 0.0267626 0.4729094 -0.0201011 0.8804751
35.796540 15.4054022 -1.1725477 11.4365177 0.0237923 0.4779239 -0.0197468 0.8778569
36.006010 15.5398617 -1.1837236 11.5237236 0.0261773 0.4823781 -0.0210181 0.8753196
36.210300 15.6721678 -1.1938210 11.6075706 0.0288847 0.4856449 -0.0242735 0.8733416
36.417070 15.8051586 -1.2033587 11.6895123 0.0244710 0.4882505 -0.0193834 0.8721450
36.520460 15.8707600 -1.2083144 11.7284203 0.0239842 0.4895269 -0.0165567 0.8715010
36.727360 15.9988604 -1.2166415 11.8056107 0.0279722 0.4919197 -0.0148734 0.8700640
36.934690 16.1221962 -1.2277029 11.8803082 0.0331363 0.4938015 -0.0207887 0.8686943
37.141020 16.2458363 -1.2365803 11.9521904 0.0326897 0.4960223 -0.0182110 0.8675030
37.244700 16.3070755 -1.2415586 11.9895096 0.0249400 0.4978196 -0.0182692 0.8667294
37.347880 16.3673458 -1.2460716 12.0267220 0.0193451 0.4994654 -0.0194599 0.8658991
37.451400 16.4264832 -1.2497687 12.0613461 0.0199518 0.5003966 -0.0203519 0.8653271
37.658150 16.5437965 -1.2574049 12.1283426 0.0240578 0.5028607 -0.0205476 0.8637882
37.865070 16.6587105 -1.2657877 12.1937075 0.0223622 0.5053067 -0.0203499 0.8624099
38.072390 16.7710648 -1.2729108 12.2564917 0.0230084 0.5079156 -0.0199059 0.8608694
38.278810 16.8815136 -1.2812632 12.3163195 0.0249553 0.5115942 -0.0205554 0.8586187
38.485830 16.9895439 -1.2884293 12.3743839 0.0268455 0.5163257 -0.0220347 0.8556878
38.692720 17.0970268 -1.2966613 12.4293594 0.0306105 0.5219552 -0.0229592 0.8521142
38.899920 17.2073097 -1.3049209 12.4850206 0.0295439 0.5280721 -0.0261391 0.8482829
39.106870 17.3192921 -1.3136661 12.5394440 0.0285425 0.5340275 -0.0281965 0.8445146
39.313880 17.4332619 -1.3231707 12.5923195 0.0299910 0.5405647 -0.0317909 0.8401664
39.520900 17.5510502 -1.3326697 12.6447830 0.0310904 0.5470937 -0.0349216 0.8357645
39.727990 17.6719418 -1.3439716 12.6968699 0.0319276 0.5538416 -0.0370502 0.8311843
39.934800 17.7982025 -1.3549674 12.7469749 0.0339447 0.5602168 -0.0354869 0.8268890
40.141680 17.9278469 -1.3664485 12.7979527 0.0313211 0.5670035 -0.0341979 0.8224090
40.350540 18.0638809 -1.3775209 12.8474970 0.0297828 0.5725144 -0.0305096 0.8187853
40.556060 18.2038250 -1.3878856 12.8971663 0.0251337 0.5774704 -0.0268350 0.8155833
40.764080 18.3444405 -1.3981445 12.9438848 0.0315939 0.5814601 -0.0265934 0.8125262
40.969360 18.4859390 -1.4096364 12.9897432 0.0434920 0.5849186 -0.0288968 0.8094094
41.176820 18.6363525 -1.4227623 13.0362978 0.0434273 0.5888316 -0.0215551 0.8068004
41.385110 18.7870159 -1.4367518 13.0826845 0.0430709 0.5927450 -0.0217829 0.8039426
41.900180 19.1744614 -1.4725811 13.1985350 0.0388639 0.6034698 -0.0288096 0.7959169
42.210320 19.4153767 -1.4945397 13.2638197 0.0424907 0.6090841 -0.0280972 0.7914680
42.520590 19.6598778 -1.5171316 13.3260784 0.0428174 0.6133507 -0.0261798 0.7882146
42.727360 19.8228188 -1.5323787 13.3673697 0.0405279 0.6155549 -0.0257385 0.7866303
42.934150 19.9846382 -1.5473564 13.4089756 0.0393333 0.6173353 -0.0284502 0.7852010
43.140760 20.1494179 -1.5620803 13.4483356 0.0395721 0.6187443 -0.0292665 0.7840491
43.450910 20.3927727 -1.5846248 13.5057554 0.0380695 0.6205180 -0.0256986 0.7828459
43.762280 20.6348534 -1.6066303 13.5629816 0.0414670 0.6225355 -0.0295964 0.7809316
43.971430 20.7976074 -1.6224217 13.6000557 0.0393179 0.6247311 -0.0296492 0.7792856
44.176790 20.9588528 -1.6373863 13.6360550 0.0356744 0.6276153 -0.0262742 0.7772619
44.485720 21.2005825 -1.6577854 13.6876917 0.0360908 0.6324763 -0.0276271 0.7732451
44.692960 21.3623581 -1.6721035 13.7195234 0.0355265 0.6357383 -0.0270125 0.7706134
44.899580 21.5241165 -1.6865040 13.7512188 0.0343277 0.6389601 -0.0279416 0.7679654
45.107140 21.6852760 -1.6999424 13.7811117 0.0325462 0.6420799 -0.0296943 0.7653707
45.313460 21.8453751 -1.7134423 13.8111868 0.0311482 0.6448286 -0.0346734 0.7629047
45.520350 22.0049381 -1.7272810 13.8386469 0.0322283 0.6472917 -0.0385581 0.7605841
45.727180 22.1661777 -1.7424008 13.8651819 0.0294142 0.6499375 -0.0371169 0.7585106
45.933940 22.3252201 -1.7563176 13.8900938 0.0284306 0.6525314 -0.0352462 0.7564074
46.140840 22.4846210 -1.7699602 13.9134865 0.0290191 0.6553710 -0.0357902 0.7539004
46.244200 22.5629120 -1.7764130 13.9251518 0.0300225 0.6572039 -0.0371142 0.7521996
46.451100 22.7236176 -1.7896377 13.9455442 0.0296128 0.6610141 -0.0308236 0.7491551
46.554470 22.8018188 -1.7971811 13.9555988 0.0303641 0.6630618 -0.0307171 0.7473176
46.657980 22.8800468 -1.8042805 13.9646502 0.0356713 0.6644261 -0.0339878 0.7457281
46.761380 22.9563942 -1.8113116 13.9722691 0.0407602 0.6661450 -0.0376878 0.7437534
46.968250 23.1134357 -1.8278657 13.9905224 0.0381232 0.6703228 -0.0392415 0.7400500
47.175200 23.2701817 -1.8439586 14.0055876 0.0324442 0.6743110 -0.0366826 0.7368218
47.278520 23.3482685 -1.8517723 14.0124474 0.0309240 0.6764705 -0.0379538 0.7348407
47.485460 23.5026817 -1.8656503 14.0253782 0.0255264 0.6818241 -0.0387653 0.7300421
47.692300 23.6549568 -1.8788706 14.0347528 0.0256403 0.6869218 -0.0374927 0.7253105
47.795800 23.7301807 -1.8852348 14.0381765 0.0277657 0.6891230 -0.0382401 0.7231018
47.899190 23.8063297 -1.8915174 14.0412416 0.0291831 0.6914819 -0.0382734 0.7207887
48.002630 23.8828621 -1.8983363 14.0441637 0.0285817 0.6938372 -0.0377358 0.7185743
48.209330 24.0351181 -1.9110048 14.0487986 0.0278880 0.6983094 -0.0361135 0.7143403
48.416100 24.1857815 -1.9241033 14.0509758 0.0305533 0.7015781 -0.0376183 0.7109426
48.622870 24.3358459 -1.9373095 14.0523243 0.0331376 0.7038401 -0.0353746 0.7087028
48.829380 24.4871826 -1.9516834 14.0526314 0.0331354 0.7052993 -0.0322953 0.7073981
49.036150 24.6365643 -1.9642072 14.0524960 0.0348448 0.7062346 -0.0311572 0.7064331
49.242780 24.7854004 -1.9775515 14.0515661 0.0377674 0.7061152 -0.0304070 0.7064349
49.452210 24.9312153 -1.9912918 14.0510092 0.0394856 0.7051443 -0.0295109 0.7073482
49.656580 25.0728207 -2.0049386 14.0519791 0.0401710 0.7037439 -0.0279161 0.7087676
49.863540 25.2117519 -2.0176582 14.0538492 0.0386778 0.7017712 -0.0259229 0.7108791
50.069330 25.3472309 -2.0300739 14.0569944 0.0360774 0.6993490 -0.0249859 0.7134320
50.276120 25.4777222 -2.0416801 14.0616112 0.0340984 0.6965196 -0.0279363 0.7161825
50.483680 25.6055622 -2.0522275 14.0661993 0.0332452 0.6936216 -0.0271616 0.7190591
50.691000 25.7291698 -2.0629296 14.0726471 0.0297883 0.6911796 -0.0270620 0.7215616
50.896200 25.8476982 -2.0723310 14.0788670 0.0311664 0.6882429 -0.0274507 0.7242905
51.103000 25.9599991 -2.0820551 14.0862312 0.0324007 0.6857874 -0.0295947 0.7264779
51.309660 26.0685902 -2.0910912 14.0940800 0.0309261 0.6833215 -0.0317864 0.7287695
51.516920 26.1726646 -2.1004102 14.1023903 0.0299291 0.6808723 -0.0324213 0.7310718
51.723400 26.2719517 -2.1089213 14.1107826 0.0299531 0.6785231 -0.0355078 0.7331086
51.930130 26.3681755 -2.1175416 14.1201935 0.0289648 0.6764069 -0.0361699 0.7350690
52.136910 26.4612980 -2.1259489 14.1290264 0.0285532 0.6742432 -0.0366042 0.7370489
52.343730 26.5509453 -2.1340528 14.1382513 0.0287843 0.6720405 -0.0378467 0.7389863
52.550540 26.6364307 -2.1419730 14.1474457 0.0297833 0.6702623 -0.0388121 0.7405100
52.757460 26.7200298 -2.1492829 14.1567268 0.0303407 0.6691069 -0.0403073 0.7414517
53.067800 26.8438969 -2.1612525 14.1707458 0.0310489 0.6689361 -0.0411101 0.7415324
53.274690 26.9295788 -2.1687756 14.1803675 0.0296055 0.6698462 -0.0412928 0.7407594
53.585110 27.0614510 -2.1819808 14.1916027 0.0361713 0.6716986 -0.0404608 0.7388339
53.895510 27.2001667 -2.1951399 14.2044706 0.0396962 0.6741750 -0.0426222 0.7362714
54.205940 27.3484573 -2.2105548 14.2150402 0.0419176 0.6763130 -0.0347240 0.7346005
54.516280 27.5033569 -2.2254066 14.2277584 0.0424156 0.6784671 -0.0366874 0.7324871
54.826640 27.6682587 -2.2416115 14.2385702 0.0428533 0.6802297 -0.0358021 0.7308689
55.136960 27.8375225 -2.2587056 14.2503719 0.0447178 0.6820701 -0.0392352 0.7288630
55.447050 28.0178452 -2.2774942 14.2635708 0.0416623 0.6840795 -0.0414558 0.7270357
55.757510 28.2009411 -2.2979350 14.2739468 0.0489882 0.6853563 -0.0446097 0.7251874
56.067460 28.3939705 -2.3200817 14.2828979 0.0496919 0.6865429 -0.0361434 0.7244882
56.377670 28.5904961 -2.3414674 14.2919865 0.0522233 0.6872776 -0.0365247 0.7235940
56.687660 28.7947578 -2.3644276 14.3026705 0.0516112 0.6865770 -0.0342425 0.7244141
56.997680 29.0008049 -2.3864508 14.3147593 0.0503113 0.6850615 -0.0331113 0.7259912
57.410890 29.2878342 -2.4168408 14.3326216 0.0518479 0.6816229 -0.0300902 0.7292439
57.720780 29.5079079 -2.4403877 14.3486032 0.0528043 0.6785179 -0.0280461 0.7321465
58.030610 29.7293835 -2.4638329 14.3684769 0.0525301 0.6753555 -0.0306115 0.7349820
58.443830 30.0261497 -2.4966905 14.3971853 0.0502657 0.6722981 -0.0310240 0.7379201
58.857110 30.3254261 -2.5283492 14.4252100 0.0506917 0.6707808 -0.0297979 0.7393210
59.373860 30.6965961 -2.5687985 14.4635239 0.0477045 0.6703455 -0.0319131 0.7398262
59.683780 30.9142551 -2.5928495 14.4871254 0.0471761 0.6702907 -0.0331602 0.7398548
59.993680 31.1299229 -2.6170619 14.5088654 0.0475743 0.6699418 -0.0337513 0.7401186
60.303580 31.3475742 -2.6403513 14.5313988 0.0484223 0.6687353 -0.0294475 0.7413375
60.613290 31.5639153 -2.6643760 14.5542746 0.0572849 0.6653577 -0.0280340 0.7437955
60.923310 31.7783985 -2.6897490 14.5797434 0.0600456 0.6615801 -0.0265574 0.7469946
61.233200 31.9925022 -2.7143331 14.6077089 0.0561102 0.6573057 -0.0249993 0.7511165
61.543140 32.2074585 -2.7378578 14.6405783 0.0530831 0.6516134 -0.0260531 0.7562429
61.956290 32.4864845 -2.7681231 14.6892891 0.0521646 0.6397616 -0.0296715 0.7662268
62.266190 32.6948929 -2.7913857 14.7331924 0.0508918 0.6288242 -0.0311897 0.7752531
62.472790 32.8359604 -2.8069663 14.7656431 0.0498580 0.6219957 -0.0320551 0.7807740
62.679430 32.9758072 -2.8231788 14.8003979 0.0487281 0.6169143 -0.0330400 0.7848252
62.886160 33.1169357 -2.8390603 14.8368473 0.0483102 0.6129617 -0.0337696 0.7879110
63.092920 33.2585907 -2.8548708 14.8740578 0.0480738 0.6092146 -0.0340218 0.7908154
63.299560 33.3998337 -2.8710332 14.9136047 0.0481153 0.6056669 -0.0339935 0.7935345
63.609460 33.6117477 -2.8949161 14.9748735 0.0457957 0.6002212 -0.0326366 0.7978547
63.816090 33.7509270 -2.9106798 15.0170860 0.0438959 0.5965888 -0.0318281 0.8007134
64.125870 33.9571114 -2.9339747 15.0823975 0.0450113 0.5908263 -0.0351481 0.8047751
64.435680 34.1622086 -2.9571333 15.1500549 0.0398858 0.5867505 -0.0350967 0.8080230
64.745710 34.3607941 -2.9790146 15.2179785 0.0410127 0.5851082 -0.0412555 0.8088661
64.952280 34.4928474 -2.9941633 15.2635345 0.0376428 0.5848523 -0.0416958 0.8091923
65.158820 34.6237526 -3.0087156 15.3082333 0.0334653 0.5848333 -0.0410620 0.8094220
65.365480 34.7527847 -3.0215850 15.3518953 0.0340055 0.5853002 -0.0410230 0.8090639
65.571960 34.8804550 -3.0344326 15.3945971 0.0352355 0.5857810 -0.0381692 0.8088030
65.778660 35.0095863 -3.0481749 15.4372845 0.0359497 0.5860142 -0.0379798 0.8086115
65.985180 35.1380806 -3.0612121 15.4792128 0.0410198 0.5858363 -0.0397912 0.8084120
66.295140 35.3340797 -3.0830197 15.5450659 0.0383703 0.5864562 -0.0385895 0.8081508
66.605040 35.5362015 -3.1044717 15.6118526 0.0418072 0.5861189 -0.0394524 0.8081833
66.811530 35.6754532 -3.1193824 15.6577034 0.0404122 0.5860590 -0.0376859 0.8083820
67.122370 35.8851280 -3.1415482 15.7270002 0.0447557 0.5853723 -0.0342164 0.8088049
67.431360 36.0969582 -3.1651659 15.7962914 0.0482595 0.5836495 -0.0286308 0.8100646
67.741230 36.3067818 -3.1872079 15.8679914 0.0414988 0.5831858 -0.0261004 0.8108581
68.051170 36.5141754 -3.2086997 15.9381399 0.0448441 0.5823619 -0.0271013 0.8112392
68.361010 36.7196159 -3.2300029 16.0083447 0.0436642 0.5817119 -0.0243843 0.8118559
68.670920 36.9191628 -3.2504568 16.0766506 0.0430014 0.5821131 -0.0241057 0.8116121
68.981020 37.1113586 -3.2703140 16.1425667 0.0414100 0.5834990 -0.0220934 0.8107565
69.394410 37.3557053 -3.2952690 16.2245598 0.0475312 0.5854720 -0.0275806 0.8088279
69.704490 37.5362167 -3.3143551 16.2845421 0.0440546 0.5872310 -0.0257061 0.8078107
70.014150 37.7129936 -3.3329127 16.3422871 0.0455531 0.5880274 -0.0248836 0.8071737
70.324290 37.8901329 -3.3511014 16.3987885 0.0477206 0.5879613 -0.0245892 0.8071057
70.634290 38.0655899 -3.3691852 16.4558105 0.0493043 0.5879764 -0.0252090 0.8069804
70.946380 38.2420464 -3.3883920 16.5134449 0.0477687 0.5870025 -0.0234734 0.8078336
71.255370 38.4147911 -3.4070232 16.5713978 0.0464021 0.5848214 -0.0227291 0.8095148
71.564460 38.5786819 -3.4242618 16.6286659 0.0458947 0.5825713 -0.0245566 0.8111112
71.977870 38.7869072 -3.4465790 16.7009621 0.0437055 0.5806534 -0.0248320 0.8125976
72.394080 38.9816284 -3.4670956 16.7695808 0.0444599 0.5786964 -0.0234680 0.8139920
72.804810 39.1619415 -3.4860001 16.8341541 0.0440224 0.5769454 -0.0244761 0.8152282
73.114920 39.2893677 -3.4993041 16.8800735 0.0418933 0.5759981 -0.0249465 0.8159956
73.425090 39.4078217 -3.5113711 16.9232731 0.0437196 0.5751609 -0.0260138 0.8164569
73.735300 39.5181313 -3.5231094 16.9636250 0.0461728 0.5740919 -0.0277089 0.8170183
74.045380 39.6206703 -3.5348892 17.0015774 0.0446789 0.5747910 -0.0270545 0.8166316
74.355660 39.7143707 -3.5447788 17.0350189 0.0438220 0.5764014 -0.0266423 0.8155558
74.665890 39.8008842 -3.5536866 17.0655861 0.0432088 0.5777071 -0.0258681 0.8146892
74.976100 39.8788605 -3.5620980 17.0930939 0.0422009 0.5789973 -0.0261110 0.8138178
75.286270 39.9496765 -3.5693083 17.1182766 0.0425515 0.5804210 -0.0262698 0.8127796
75.596260 40.0163460 -3.5760717 17.1415958 0.0432932 0.5811005 -0.0264050 0.8122504
76.112930 40.1226921 -3.5866694 17.1802387 0.0414209 0.5781340 -0.0278522 0.8144137
76.422600 40.1866302 -3.5931878 17.2051563 0.0418781 0.5706698 -0.0281063 0.8196294
76.732320 40.2520866 -3.5999715 17.2337246 0.0423449 0.5568243 -0.0293889 0.8290296
77.351390 40.3843079 -3.6148520 17.3040619 0.0435112 0.5072482 -0.0350898 0.8599853
77.661290 40.4445229 -3.6216130 17.3453426 0.0421311 0.4873774 -0.0435720 0.8710853
77.972190 40.5021782 -3.6282721 17.3810711 0.0419765 0.4948067 -0.0456429 0.8667878
78.283030 40.5581551 -3.6361020 17.4089928 0.0448679 0.5178920 -0.0416213 0.8532540
78.593920 40.6159172 -3.6432805 17.4321365 0.0452235 0.5470392 -0.0404370 0.8349059
78.904330 40.6780891 -3.6511726 17.4524117 0.0475697 0.5719767 -0.0362907 0.8180848
79.214940 40.7403603 -3.6589766 17.4707756 0.0473562 0.5889271 -0.0341698 0.8060736
79.524510 40.7997131 -3.6657946 17.4874096 0.0468807 0.5965971 -0.0317626 0.8005406
80.144160 40.8960686 -3.6777182 17.5228939 0.0445418 0.5716266 -0.0347633 0.8185661
80.453690 40.9331512 -3.6821866 17.5411491 0.0419363 0.5523135 -0.0347866 0.8318540
80.864960 40.9693947 -3.6868517 17.5617542 0.0475776 0.5238379 -0.0353560 0.8497530
81.174860 40.9919167 -3.6893163 17.5787449 0.0434670 0.5052458 -0.0375574 0.8610614
81.588120 41.0167313 -3.6919301 17.5972519 0.0422280 0.4835736 -0.0363894 0.8735269
82.208520 41.0385742 -3.6959329 17.6187191 0.0377058 0.4614299 -0.0450391 0.8852300
82.518840 41.0478477 -3.6969318 17.6269741 0.0359251 0.4540708 -0.0431656 0.8891939
