0.000000 0.0000000 0.0000000 0.0000000 0.0000000 0.0000000 0.0000000 1.0000000
0.414483 0.0015965 -0.0007442 0.0595273 0.0009004 0.0093567 0.0045066 0.9999456
0.518120 0.0015424 -0.0008559 0.0753548 0.0016188 0.0060448 0.0057635 0.9999638
0.621714 0.0011059 -0.0008179 0.0911573 0.0026876 0.0000116 0.0066595 0.9999742
0.828918 -0.0012690 -0.0015824 0.1247763 0.0025827 -0.0179595 0.0039543 0.9998276
0.932502 -0.0030910 -0.0018969 0.1419730 0.0032151 -0.0279298 0.0021644 0.9996024
1.036104 -0.0052448 -0.0021363 0.1600011 0.0034040 -0.0379588 0.0019765 0.9992716
1.243510 -0.0104517 -0.0026416 0.1978273 0.0025281 -0.0584532 0.0033845 0.9982812
1.451124 -0.0175288 -0.0030752 0.2377947 0.0020615 -0.0753659 0.0021805 0.9971514
1.659233 -0.0257684 -0.0038680 0.2800626 0.0023565 -0.0883648 0.0028069 0.9960814
1.762893 -0.0299018 -0.0043530 0.3021896 0.0032610 -0.0933661 0.0047053 0.9956154
1.867090 -0.0348397 -0.0046458 0.3252717 0.0043609 -0.0972532 0.0039460 0.9952423
1.970961 -0.0403426 -0.0049212 0.3485242 0.0052200 -0.1009448 0.0037802 0.9948711
2.076388 -0.0455300 -0.0054665 0.3729490 0.0065037 -0.1051880 0.0040921 0.9944227
2.387073 -0.0629796 -0.0075740 0.4495251 0.0084535 -0.1177015 0.0089631 0.9929726
2.595229 -0.0781062 -0.0088708 0.5030562 0.0126100 -0.1265431 0.0051208 0.9918677
2.803189 -0.0934568 -0.0108579 0.5594896 0.0143416 -0.1353688 0.0075625 0.9906626
3.011247 -0.1113287 -0.0131244 0.6178282 0.0175213 -0.1436542 0.0063125 0.9894527
3.219570 -0.1302276 -0.0163215 0.6778232 0.0237468 -0.1506515 0.0066875 0.9882790
3.427467 -0.1510732 -0.0201107 0.7406423 0.0324368 -0.1548689 0.0056635 0.9873862
3.635476 -0.1738032 -0.0249945 0.8059025 0.0409304 -0.1591061 0.0033880 0.9864069
3.843522 -0.1977915 -0.0313412 0.8729687 0.0478154 -0.1641786 0.0003849 0.9852710
4.051384 -0.2233356 -0.0385338 0.9412237 0.0526420 -0.1691017 -0.0028451 0.9841877
4.259272 -0.2500222 -0.0464493 1.0121927 0.0529613 -0.1748211 -0.0030953 0.9831699
4.467802 -0.2778386 -0.0547152 1.0830810 0.0512840 -0.1816172 -0.0034404 0.9820251
4.676366 -0.3075627 -0.0625691 1.1550089 0.0471426 -0.1902704 -0.0044718 0.9805890
4.882642 -0.3403267 -0.0702545 1.2291147 0.0433360 -0.1991299 -0.0081427 0.9789806
5.090371 -0.3736563 -0.0773192 1.3020262 0.0423399 -0.2087448 -0.0086424 0.9770150
5.298151 -0.4090061 -0.0844507 1.3767419 0.0410439 -0.2178385 -0.0094417 0.9750757
5.505885 -0.4472696 -0.0913689 1.4549552 0.0375988 -0.2267268 -0.0084934 0.9731953
5.713619 -0.4880164 -0.0975361 1.5330669 0.0327123 -0.2348479 -0.0087104 0.9714425
5.921350 -0.5306606 -0.1035607 1.6120796 0.0313698 -0.2420464 -0.0082770 0.9697221
6.129103 -0.5763521 -0.1086422 1.6933373 0.0297509 -0.2482631 -0.0074133 0.9682073
6.336918 -0.6228616 -0.1146845 1.7774078 0.0293048 -0.2533908 -0.0055492 0.9669041
6.545512 -0.6729589 -0.1205128 1.8629721 0.0293136 -0.2549948 -0.0061796 0.9664782
6.752638 -0.7234565 -0.1266980 1.9502082 0.0278904 -0.2553101 -0.0053951 0.9664418
6.960403 -0.7755940 -0.1323980 2.0407450 0.0279242 -0.2571495 -0.0030127 0.9659634
7.168161 -0.8296221 -0.1386898 2.1318727 0.0248755 -0.2605618 -0.0028117 0.9651325
7.375748 -0.8846564 -0.1446378 2.2238791 0.0214589 -0.2670681 -0.0015819 0.9634374
7.583886 -0.9404030 -0.1513891 2.3134630 0.0232246 -0.2776110 0.0015151 0.9604116
7.790766 -1.0000980 -0.1567910 2.4027693 0.0209352 -0.2879985 -0.0000586 0.9574020
7.998481 -1.0613240 -0.1619928 2.4914138 0.0203328 -0.2957607 -0.0027261 0.9550418
8.206229 -1.1227297 -0.1674438 2.5779529 0.0261958 -0.3012171 -0.0022009 0.9531931
8.413979 -1.1847885 -0.1738284 2.6640642 0.0249362 -0.3066704 -0.0023766 0.9514861
8.621720 -1.2481747 -0.1788287 2.7482522 0.0213885 -0.3114303 -0.0037224 0.9500210
8.829907 -1.3128028 -0.1844136 2.8332601 0.0226232 -0.3167777 -0.0039704 0.9482217
8.933548 -1.3456253 -0.1873232 2.8764510 0.0235272 -0.3200456 -0.0025964 0.9471064
9.141108 -1.4121935 -0.1927537 2.9607897 0.0234480 -0.3267438 -0.0024316 0.9448189
9.348782 -1.4805835 -0.1986158 3.0443435 0.0233569 -0.3344269 -0.0017670 0.9421306
9.556318 -1.5491024 -0.2046682 3.1274509 0.0236344 -0.3429421 -0.0001418 0.9390591
9.659968 -1.5843195 -0.2077724 3.1679518 0.0239758 -0.3469757 0.0004695 0.9375675
9.764859 -1.6205970 -0.2107323 3.2096829 0.0242234 -0.3514454 0.0013900 0.9358939
9.869005 -1.6569259 -0.2138598 3.2503591 0.0242363 -0.3557314 0.0018882 0.9342720
9.971133 -1.6933601 -0.2171352 3.2904775 0.0230421 -0.3601061 0.0022286 0.9326241
10.074930 -1.7316658 -0.2200587 3.3310151 0.0225882 -0.3644561 0.0026342 0.9309428
10.178630 -1.7696546 -0.2230983 3.3716285 0.0228732 -0.3690701 0.0034488 0.9291136
10.386180 -1.8481088 -0.2290308 3.4519451 0.0240204 -0.3774846 0.0034000 0.9256980
10.489860 -1.8884335 -0.2324252 3.4923363 0.0232026 -0.3811876 0.0036203 0.9241994
10.697400 -1.9702975 -0.2392448 3.5712922 0.0238889 -0.3875295 0.0032091 0.9215422
10.904980 -2.0523517 -0.2457309 3.6495967 0.0264664 -0.3941061 0.0042005 0.9186742
11.112480 -2.1384006 -0.2528745 3.7282240 0.0261463 -0.4002571 0.0039642 0.9160213
11.320040 -2.2252970 -0.2595519 3.8065319 0.0255731 -0.4066182 0.0051486 0.9132257
11.527650 -2.3127689 -0.2669312 3.8837762 0.0250195 -0.4123363 0.0062593 0.9106666
11.735130 -2.4020185 -0.2740037 3.9604635 0.0244782 -0.4170400 0.0089129 0.9085147
11.942960 -2.4913332 -0.2814799 4.0352640 0.0255018 -0.4222017 0.0125891 0.9060557
12.253600 -2.6304498 -0.2935284 4.1484675 0.0220869 -0.4361858 0.0185152 0.8993949
12.460990 -2.7263210 -0.3015520 4.2212124 0.0207374 -0.4463827 0.0179506 0.8944218
12.668390 -2.8244288 -0.3087142 4.2913976 0.0226662 -0.4570140 0.0189430 0.8889688
12.875730 -2.9249711 -0.3170601 4.3601079 0.0214874 -0.4676641 0.0208248 0.8833997
13.083110 -3.0280879 -0.3253193 4.4273410 0.0208512 -0.4785362 0.0214103 0.8775591
13.290730 -3.1323199 -0.3339706 4.4921913 0.0219321 -0.4891747 0.0214013 0.8716474
13.498010 -3.2372146 -0.3428400 4.5536580 0.0228076 -0.4990458 0.0212337 0.8660151
13.705510 -3.3446152 -0.3512164 4.6132364 0.0209588 -0.5074529 0.0200842 0.8611904
13.809230 -3.3986154 -0.3556391 4.6423278 0.0207796 -0.5111292 0.0202677 0.8590136
14.016650 -3.5073376 -0.3641007 4.7000599 0.0213932 -0.5182829 0.0238784 0.8546081
14.224500 -3.6167536 -0.3739776 4.7554836 0.0225746 -0.5237255 0.0265825 0.8511730
14.431260 -3.7272093 -0.3838205 4.8104210 0.0196240 -0.5280107 0.0271718 0.8485761
14.638630 -3.8370590 -0.3927371 4.8633161 0.0165142 -0.5312348 0.0275322 0.8466161
14.742390 -3.8915217 -0.3973653 4.8893394 0.0156079 -0.5324783 0.0279057 0.8458395
14.950000 -4.0003748 -0.4058873 4.9411616 0.0131870 -0.5348476 0.0283092 0.8443712
15.157490 -4.1084914 -0.4135188 4.9917746 0.0115109 -0.5370080 0.0304675 0.8429481
15.261240 -4.1617002 -0.4175515 5.0159035 0.0095673 -0.5377654 0.0311371 0.8424650
15.365030 -4.2147732 -0.4212955 5.0405121 0.0082918 -0.5388398 0.0316786 0.8417716
15.572680 -4.3194985 -0.4292220 5.0883088 0.0075569 -0.5400395 0.0333908 0.8409431
15.780370 -4.4209929 -0.4367296 5.1341667 0.0088609 -0.5398899 0.0337991 0.8410101
15.988000 -4.5200443 -0.4445567 5.1796589 0.0108174 -0.5370211 0.0320728 0.8428895
16.195700 -4.6169157 -0.4514856 5.2258101 0.0118199 -0.5321937 0.0324019 0.8459197
16.403370 -4.7131271 -0.4587078 5.2727442 0.0124471 -0.5250523 0.0302333 0.8504417
16.611110 -4.8070493 -0.4662100 5.3199940 0.0127574 -0.5158196 0.0288133 0.8561175
16.818850 -4.8988457 -0.4733149 5.3701468 0.0153015 -0.5060887 0.0287167 0.8618674
16.922750 -4.9438481 -0.4771703 5.3958383 0.0167802 -0.5004762 0.0280683 0.8651325
17.026730 -4.9891520 -0.4807808 5.4220953 0.0170850 -0.4941733 0.0270222 0.8687754
17.130540 -5.0327444 -0.4844554 5.4479933 0.0166944 -0.4874707 0.0256494 0.8726028
17.234250 -5.0754104 -0.4878110 5.4744511 0.0162079 -0.4809623 0.0248319 0.8762397
17.338110 -5.1177444 -0.4913243 5.5018435 0.0159700 -0.4748208 0.0244461 0.8795980
17.442380 -5.1589804 -0.4948562 5.5298862 0.0163193 -0.4688949 0.0245096 0.8827630
17.545790 -5.1996756 -0.4982004 5.5578880 0.0170715 -0.4630070 0.0246508 0.8858473
17.649360 -5.2401028 -0.5017693 5.5855722 0.0168789 -0.4565699 0.0254027 0.8891646
17.753120 -5.2796664 -0.5050563 5.6148076 0.0169344 -0.4506583 0.0253846 0.8921748
17.857050 -5.3185601 -0.5085417 5.6436830 0.0161662 -0.4447238 0.0244850 0.8951871
17.960530 -5.3566990 -0.5119143 5.6727753 0.0146030 -0.4388749 0.0235250 0.8981215
18.064140 -5.3939233 -0.5149137 5.7018757 0.0144856 -0.4330728 0.0227797 0.9009546
18.167890 -5.4303255 -0.5176898 5.7307158 0.0156556 -0.4270870 0.0221188 0.9038044
18.271640 -5.4658542 -0.5204639 5.7603660 0.0167211 -0.4214984 0.0214385 0.9064215
18.479100 -5.5341010 -0.5266656 5.8192091 0.0157316 -0.4103329 0.0202132 0.9115760
18.582900 -5.5675492 -0.5292798 5.8494287 0.0148501 -0.4050247 0.0197293 0.9139722
18.686620 -5.5996299 -0.5317822 5.8793163 0.0145339 -0.4000832 0.0196242 0.9161534
18.790260 -5.6313848 -0.5341967 5.9087229 0.0150249 -0.3950806 0.0191080 0.9183248
18.894080 -5.6626964 -0.5367771 5.9385338 0.0149426 -0.3902985 0.0185933 0.9203793
18.997780 -5.6934109 -0.5392525 5.9684372 0.0138199 -0.3856500 0.0176973 0.9223719
19.101510 -5.7235022 -0.5415712 5.9987836 0.0129097 -0.3809489 0.0165682 0.9243575
19.205270 -5.7527375 -0.5438568 6.0282364 0.0126860 -0.3760116 0.0156851 0.9263954
19.412890 -5.8091884 -0.5481321 6.0875115 0.0127123 -0.3656674 0.0137935 0.9305565
19.620500 -5.8626962 -0.5520298 6.1471181 0.0102914 -0.3529597 0.0113114 0.9355136
19.828250 -5.9134612 -0.5558707 6.2063131 0.0109700 -0.3384353 0.0093910 0.9408789
20.035950 -5.9612565 -0.5592123 6.2665420 0.0118290 -0.3235049 0.0093809 0.9461060
20.243550 -6.0072932 -0.5624690 6.3281479 0.0098941 -0.3074798 0.0081983 0.9514678
20.451300 -6.0506482 -0.5651973 6.3902102 0.0073730 -0.2918208 0.0076640 0.9564139
20.658750 -6.0920167 -0.5676754 6.4544320 0.0053332 -0.2784293 0.0082800 0.9604062
20.868590 -6.1322012 -0.5698286 6.5194874 0.0054680 -0.2661386 0.0075317 0.9638898
21.074000 -6.1711273 -0.5718033 6.5863132 0.0051703 -0.2537055 0.0059789 0.9672492
21.281800 -6.2079568 -0.5739415 6.6546392 0.0055550 -0.2428792 0.0069399 0.9700158
21.488760 -6.2445583 -0.5757498 6.7244554 0.0054641 -0.2347219 0.0070676 0.9720215
21.696840 -6.2809172 -0.5775309 6.7961502 0.0020898 -0.2278858 0.0046867 0.9736744
21.903660 -6.3165846 -0.5790207 6.8692245 0.0000234 -0.2206120 0.0023653 0.9753588
22.111130 -6.3524380 -0.5795479 6.9461274 -0.0022137 -0.2131989 0.0013435 0.9770054
22.318740 -6.3881512 -0.5799124 7.0260253 -0.0037827 -0.2049046 0.0018704 0.9787728
22.526370 -6.4222088 -0.5805858 7.1078663 -0.0040063 -0.1957607 0.0031530 0.9806384
22.735920 -6.4560833 -0.5804492 7.1928968 -0.0022550 -0.1847421 0.0045973 0.9827737
23.045760 -6.5037827 -0.5817028 7.3241806 -0.0032883 -0.1595984 -0.0000858 0.9871765
23.357620 -6.5450335 -0.5817793 7.4630442 -0.0049222 -0.1271243 -0.0030894 0.9918697
23.669490 -6.5771842 -0.5813254 7.6078353 -0.0099467 -0.0933518 -0.0056261 0.9955676
23.981240 -6.6014681 -0.5796505 7.7623601 -0.0106247 -0.0595165 -0.0074919 0.9981427
24.188990 -6.6125264 -0.5784019 7.8701191 -0.0112820 -0.0386583 -0.0072048 0.9991628
24.396610 -6.6195555 -0.5767685 7.9805217 -0.0126381 -0.0182468 -0.0078586 0.9997227
24.708120 -6.6204152 -0.5741409 8.1484518 -0.0132597 0.0125817 -0.0105159 0.9997776
24.915620 -6.6157250 -0.5726675 8.2644377 -0.0115976 0.0325874 -0.0114989 0.9993355
25.123120 -6.6045156 -0.5717757 8.3806438 -0.0097960 0.0513508 -0.0127533 0.9985512
25.330500 -6.5900707 -0.5710046 8.4998493 -0.0058246 0.0702167 -0.0131821 0.9974276
25.537870 -6.5709610 -0.5718610 8.6203022 -0.0002393 0.0881257 -0.0151212 0.9959946
25.745370 -6.5480003 -0.5737163 8.7440710 0.0026462 0.1061368 -0.0169578 0.9942034
25.952760 -6.5188489 -0.5762539 8.8692532 0.0028073 0.1238509 -0.0161745 0.9921650
26.160240 -6.4849257 -0.5796550 8.9954929 0.0072806 0.1409079 -0.0163479 0.9898610
26.367740 -6.4461031 -0.5833518 9.1229515 0.0071296 0.1586804 -0.0184932 0.9871311
26.679010 -6.3781638 -0.5908642 9.3143692 0.0111029 0.1858671 -0.0205293 0.9822977
26.886640 -6.3265882 -0.5967624 9.4416809 0.0164935 0.2052056 -0.0212979 0.9783481
27.094360 -6.2689986 -0.6034442 9.5682020 0.0180951 0.2293989 -0.0239803 0.9728688
27.302140 -6.2035856 -0.6121728 9.6938124 0.0197381 0.2568808 -0.0278111 0.9658412
27.509940 -6.1303711 -0.6218926 9.8160639 0.0214168 0.2839447 -0.0295715 0.9581452
27.717500 -6.0506630 -0.6325524 9.9342422 0.0244226 0.3104931 -0.0302921 0.9497789
27.925020 -5.9637651 -0.6439849 10.0481205 0.0283071 0.3353066 -0.0308910 0.9411769
28.132630 -5.8701010 -0.6567534 10.1585569 0.0306275 0.3582240 -0.0308135 0.9326243
28.340050 -5.7701359 -0.6705978 10.2642088 0.0327809 0.3785648 -0.0301668 0.9245021
28.547500 -5.6670990 -0.6845712 10.3658867 0.0367838 0.3973414 -0.0301406 0.9164379
28.754980 -5.5559740 -0.6994714 10.4672298 0.0390174 0.4157754 -0.0300471 0.9081330
28.962310 -5.4427147 -0.7157573 10.5625296 0.0375326 0.4355438 -0.0311882 0.8988438
29.169630 -5.3288584 -0.7316893 10.6496677 0.0347093 0.4551957 -0.0337602 0.8890738
29.376900 -5.2131605 -0.7478338 10.7312403 0.0352490 0.4742656 -0.0367474 0.8789080
29.584410 -5.0936737 -0.7643765 10.8070517 0.0325652 0.4948620 -0.0377033 0.8675423
29.791760 -4.9731560 -0.7801057 10.8758097 0.0295295 0.5159944 -0.0373706 0.8552667
29.999280 -4.8507133 -0.7956919 10.9374752 0.0281818 0.5363919 -0.0372974 0.8426734
30.206740 -4.7253442 -0.8109029 10.9939594 0.0289823 0.5555602 -0.0365949 0.8301648
30.414180 -4.6000557 -0.8254783 11.0426512 0.0293644 0.5741252 -0.0349876 0.8174924
30.621900 -4.4751945 -0.8400012 11.0845327 0.0309407 0.5912250 -0.0365474 0.8050839
30.829180 -4.3528461 -0.8549959 11.1207743 0.0357543 0.6068897 -0.0435185 0.7927879
31.036690 -4.2318830 -0.8711976 11.1515713 0.0351374 0.6226370 -0.0472930 0.7802896
31.244130 -4.1095800 -0.8877135 11.1773729 0.0325215 0.6378666 -0.0498543 0.7678432
31.451710 -3.9898438 -0.9041778 11.1976824 0.0311290 0.6522480 -0.0500786 0.7557087
31.659170 -3.8703613 -0.9203173 11.2140799 0.0311331 0.6662949 -0.0528169 0.7431637
31.866620 -3.7526107 -0.9363050 11.2257614 0.0303089 0.6795750 -0.0530685 0.7310561
32.075790 -3.6367941 -0.9515452 11.2323599 0.0279730 0.6904749 -0.0496880 0.7211053
32.281410 -3.5235481 -0.9658730 11.2359390 0.0274900 0.6987879 -0.0482924 0.7131673
32.488780 -3.4130168 -0.9800541 11.2382669 0.0281919 0.7041286 -0.0505880 0.7077069
32.696160 -3.3047388 -0.9948258 11.2387285 0.0325077 0.7076555 -0.0553678 0.7036343
32.903550 -3.1982169 -1.0092671 11.2388191 0.0300267 0.7109012 -0.0539523 0.7005762
33.007250 -3.1451004 -1.0160530 11.2379141 0.0270573 0.7119401 -0.0502188 0.6999195
33.214750 -3.0412946 -1.0289969 11.2364664 0.0264857 0.7122927 -0.0496926 0.6996201
33.422000 -2.9387257 -1.0420368 11.2358303 0.0278066 0.7113260 -0.0523077 0.7003614
33.629370 -2.8379953 -1.0551414 11.2351818 0.0276408 0.7091570 -0.0539993 0.7024361
33.836860 -2.7391481 -1.0680017 11.2364311 0.0272184 0.7061578 -0.0561120 0.7053025
34.044850 -2.6406641 -1.0809386 11.2383528 0.0263028 0.7016104 -0.0551120 0.7099392
34.355380 -2.4969544 -1.1000187 11.2435541 0.0271826 0.6942096 -0.0539670 0.7172320
34.563020 -2.4001689 -1.1122302 11.2487926 0.0254314 0.6894445 -0.0533349 0.7219244
34.874180 -2.2566874 -1.1303735 11.2586050 0.0259889 0.6818526 -0.0533932 0.7290753
35.081760 -2.1622198 -1.1421702 11.2671337 0.0266712 0.6770011 -0.0550727 0.7334338
35.289260 -2.0680032 -1.1545842 11.2770338 0.0257892 0.6720771 -0.0554606 0.7379509
35.496880 -1.9733121 -1.1662664 11.2874317 0.0240598 0.6672964 -0.0544683 0.7424082
35.600660 -1.9267253 -1.1719636 11.2934332 0.0238550 0.6650016 -0.0541451 0.7444946
35.808130 -1.8334808 -1.1833025 11.3054199 0.0254730 0.6595604 -0.0536902 0.7492986
36.015630 -1.7403988 -1.1951921 11.3195648 0.0275720 0.6526377 -0.0541656 0.7552284
36.223240 -1.6476456 -1.2067758 11.3349733 0.0271507 0.6459544 -0.0544158 0.7609499
36.430690 -1.5555420 -1.2184564 11.3519716 0.0252989 0.6424579 -0.0550985 0.7639188
36.638140 -1.4627001 -1.2297742 11.3695650 0.0265873 0.6402246 -0.0560651 0.7656776
36.742000 -1.4153739 -1.2355883 11.3785820 0.0269020 0.6391756 -0.0555786 0.7665780
36.949590 -1.3189199 -1.2478485 11.3971863 0.0282212 0.6365928 -0.0547714 0.7687348
37.053350 -1.2709723 -1.2538567 11.4073124 0.0283577 0.6353069 -0.0549034 0.7697835
37.260770 -1.1749616 -1.2657185 11.4276190 0.0274625 0.6327298 -0.0518440 0.7721470
37.468260 -1.0796486 -1.2772341 11.4484339 0.0282728 0.6289597 -0.0515074 0.7752144
37.572000 -1.0332233 -1.2826549 11.4579096 0.0298578 0.6261443 -0.0513068 0.7774442
37.779750 -0.9372231 -1.2953722 11.4812670 0.0294737 0.6209928 -0.0500205 0.7816631
37.987180 -0.8435526 -1.3068689 11.5044165 0.0308625 0.6137237 -0.0487346 0.7874107
38.194630 -0.7504828 -1.3183926 11.5300922 0.0325608 0.6049122 -0.0470115 0.7942361
38.402010 -0.6577301 -1.3298674 11.5577116 0.0312054 0.5958928 -0.0457438 0.8011526
38.609730 -0.5665483 -1.3416615 11.5885696 0.0313925 0.5871317 -0.0478495 0.8074659
38.817070 -0.4754775 -1.3530054 11.6207399 0.0297234 0.5782110 -0.0490979 0.8138661
39.024680 -0.3851523 -1.3641746 11.6543875 0.0281045 0.5708346 -0.0486314 0.8191416
39.232130 -0.2952228 -1.3749484 11.6902475 0.0268206 0.5641685 -0.0481793 0.8238164
39.439710 -0.2075696 -1.3856603 11.7265816 0.0270080 0.5571509 -0.0491084 0.8285179
39.647300 -0.1207943 -1.3963519 11.7643795 0.0267853 0.5498143 -0.0498149 0.8333699
39.854900 -0.0341759 -1.4069910 11.8035641 0.0255512 0.5419805 -0.0484790 0.8386024
40.063320 0.0500560 -1.4172026 11.8439293 0.0228857 0.5343336 -0.0463735 0.8436903
40.270040 0.1325278 -1.4264258 11.8862267 0.0213743 0.5263921 -0.0475052 0.8486447
40.477820 0.2145391 -1.4353503 11.9301853 0.0198004 0.5187395 -0.0472954 0.8533935
40.685040 0.2957048 -1.4442717 11.9749842 0.0197717 0.5107417 -0.0475236 0.8581920
40.892540 0.3751216 -1.4530704 12.0208254 0.0195638 0.5026836 -0.0469247 0.8629742
41.100140 0.4543266 -1.4614091 12.0678930 0.0175648 0.4957597 -0.0456664 0.8670803
41.307630 0.5340419 -1.4692820 12.1167183 0.0148865 0.4913401 -0.0448348 0.8696856
41.515430 0.6140432 -1.4768950 12.1666050 0.0117815 0.4885804 -0.0433771 0.8713604
41.723100 0.6932068 -1.4839901 12.2163877 0.0114788 0.4868177 -0.0429907 0.8723695
41.930550 0.7730117 -1.4911644 12.2662220 0.0130609 0.4849786 -0.0433654 0.8733525
42.138180 0.8537302 -1.4982738 12.3173113 0.0125041 0.4833566 -0.0409783 0.8743746
42.345760 0.9347029 -1.5056134 12.3691359 0.0101131 0.4822491 -0.0387129 0.8751199
42.553870 1.0162120 -1.5120941 12.4218292 0.0082434 0.4814448 -0.0376444 0.8756288
42.864650 1.1369596 -1.5209228 12.5000858 0.0061165 0.4806260 -0.0377194 0.8760927
43.072130 1.2179079 -1.5264403 12.5525589 0.0036336 0.4800119 -0.0364849 0.8764954
43.383520 1.3393240 -1.5340959 12.6314125 0.0018303 0.4784656 -0.0349380 0.8774090
43.694790 1.4587269 -1.5411320 12.7107248 -0.0001735 0.4753824 -0.0334737 0.8791422
43.902170 1.5371480 -1.5453024 12.7644081 -0.0020345 0.4727702 -0.0315560 0.8806182
44.109610 1.6167760 -1.5487925 12.8186398 -0.0034041 0.4671308 -0.0296075 0.8836858
44.316920 1.6947846 -1.5523489 12.8738785 -0.0031460 0.4606137 -0.0293300 0.8871104
44.524290 1.7720237 -1.5556262 12.9306536 -0.0050099 0.4538344 -0.0286040 0.8906127
44.731960 1.8494463 -1.5585362 12.9885817 -0.0064678 0.4458876 -0.0257076 0.8946964
44.940270 1.9248161 -1.5610081 13.0484142 -0.0054309 0.4361263 -0.0246507 0.8995314
45.250540 2.0357118 -1.5644778 13.1434441 -0.0066561 0.4204896 -0.0224254 0.9069958
45.458050 2.1088462 -1.5659541 13.2078609 -0.0084092 0.4093650 -0.0218137 0.9120712
45.769260 2.2171578 -1.5681634 13.3101606 -0.0138837 0.3931662 -0.0179240 0.9191878
45.976640 2.2881165 -1.5679855 13.3807182 -0.0134257 0.3814371 -0.0137033 0.9241957
46.184260 2.3577619 -1.5675139 13.4547729 -0.0143671 0.3685039 -0.0110861 0.9294491
46.391460 2.4270606 -1.5667907 13.5313148 -0.0161097 0.3553868 -0.0082414 0.9345441
46.598920 2.4933085 -1.5658464 13.6108093 -0.0176656 0.3425683 -0.0066181 0.9393035
46.806400 2.5593238 -1.5642161 13.6933699 -0.0187111 0.3298609 -0.0068539 0.9438192
47.013900 2.6224837 -1.5622168 13.7783203 -0.0203114 0.3202098 -0.0095806 0.9470804
47.221650 2.6854362 -1.5606399 13.8641300 -0.0200990 0.3108031 -0.0117542 0.9501891
47.429220 2.7464423 -1.5585169 13.9523182 -0.0241160 0.3022727 -0.0136526 0.9528186
47.636820 2.8074903 -1.5553880 14.0439243 -0.0264617 0.2947711 -0.0172578 0.9550455
47.844470 2.8665667 -1.5527353 14.1358757 -0.0296839 0.2895910 -0.0209790 0.9564601
48.052150 2.9263163 -1.5494270 14.2283974 -0.0251641 0.2867169 -0.0249964 0.9573585
48.259930 2.9857321 -1.5463635 14.3204556 -0.0233901 0.2852498 -0.0275953 0.9577703
48.467570 3.0457387 -1.5453894 14.4147778 -0.0247204 0.2845707 -0.0270179 0.9579554
48.778960 3.1364579 -1.5424418 14.5570173 -0.0228037 0.2833011 -0.0258441 0.9584115
48.986440 3.1967344 -1.5408381 14.6518707 -0.0222000 0.2809716 -0.0242868 0.9591518
49.193760 3.2571301 -1.5392512 14.7480993 -0.0225301 0.2755802 -0.0231420 0.9607353
49.401170 3.3159776 -1.5376134 14.8450317 -0.0223735 0.2656089 -0.0212336 0.9635873
49.608640 3.3709354 -1.5356547 14.9441376 -0.0227287 0.2538713 -0.0218508 0.9667240
49.816010 3.4239323 -1.5340657 15.0432043 -0.0245841 0.2409080 -0.0224386 0.9699770
50.023270 3.4741535 -1.5317391 15.1439209 -0.0253119 0.2278856 -0.0212055 0.9731278
50.230760 3.5208750 -1.5289173 15.2461319 -0.0259688 0.2147530 -0.0213855 0.9760888
50.438290 3.5649285 -1.5261989 15.3490553 -0.0258231 0.2015992 -0.0245944 0.9788187
50.645900 3.6057286 -1.5236807 15.4533463 -0.0269920 0.1914043 -0.0290101 0.9807111
50.853640 3.6457410 -1.5211339 15.5580359 -0.0272449 0.1850164 -0.0300643 0.9818975
51.061270 3.6848426 -1.5183725 15.6629362 -0.0264862 0.1805333 -0.0282947 0.9828050
51.268910 3.7242627 -1.5158398 15.7691641 -0.0253117 0.1751049 -0.0270332 0.9838530
51.476390 3.7614045 -1.5136501 15.8753347 -0.0236317 0.1697737 -0.0274873 0.9848162
51.683890 3.7971666 -1.5109477 15.9820137 -0.0239439 0.1631985 -0.0277318 0.9859127
51.891290 3.8308399 -1.5077978 16.0897884 -0.0269244 0.1565948 -0.0282732 0.9868910
52.098770 3.8636827 -1.5051181 16.1958046 -0.0242928 0.1515012 -0.0272504 0.9877827
52.306140 3.8951182 -1.5021572 16.2994137 -0.0231044 0.1485952 -0.0253581 0.9883029
52.513900 3.9261239 -1.4998918 16.4023151 -0.0249341 0.1515705 -0.0285798 0.9877185
52.825640 3.9740705 -1.4971347 16.5511761 -0.0262322 0.1686676 -0.0326969 0.9847812
53.033270 4.0084038 -1.4951007 16.6452007 -0.0264387 0.1775373 -0.0307302 0.9832788
53.240640 4.0434098 -1.4935963 16.7362976 -0.0247022 0.1816399 -0.0291774 0.9826217
53.448020 4.0772910 -1.4921557 16.8257904 -0.0231412 0.1798006 -0.0273784 0.9830496
53.655390 4.1087608 -1.4908147 16.9145679 -0.0220495 0.1720078 -0.0242775 0.9845495
53.862640 4.1382732 -1.4893222 17.0037193 -0.0214799 0.1590100 -0.0212309 0.9868149
53.966270 4.1521025 -1.4884715 17.0486469 -0.0215252 0.1505072 -0.0197830 0.9881765
54.173520 4.1769633 -1.4867802 17.1387234 -0.0204940 0.1296055 -0.0158846 0.9912266
54.380770 4.1972394 -1.4850950 17.2299938 -0.0195877 0.1053734 -0.0149564 0.9941273
54.588020 4.2123723 -1.4836794 17.3220501 -0.0173720 0.0780343 -0.0145324 0.9966934
54.795390 4.2212110 -1.4822114 17.4149265 -0.0169625 0.0486019 -0.0155412 0.9985533
55.002770 4.2244134 -1.4801948 17.5076752 -0.0165325 0.0176938 -0.0156212 0.9995847
55.210270 4.2227325 -1.4785624 17.6005783 -0.0153629 -0.0123804 -0.0150105 0.9996926
55.418020 4.2152252 -1.4772608 17.6941433 -0.0139936 -0.0357738 -0.0175035 0.9991086
55.626020 4.2045898 -1.4749403 17.7900486 -0.0183375 -0.0498054 -0.0234466 0.9983153
55.834140 4.1930122 -1.4728428 17.8862514 -0.0146999 -0.0541293 -0.0262195 0.9980814
56.042270 4.1814837 -1.4708575 17.9846115 -0.0113349 -0.0534786 -0.0281178 0.9981087
56.250540 4.1706719 -1.4696202 18.0847416 -0.0118279 -0.0503019 -0.0277092 0.9982795
56.458520 4.1602950 -1.4681834 18.1872940 -0.0084939 -0.0475990 -0.0256872 0.9985000
56.666390 4.1504545 -1.4674863 18.2920876 -0.0048882 -0.0457464 -0.0239551 0.9986538
56.874270 4.1403990 -1.4670447 18.3990059 -0.0067450 -0.0447033 -0.0254299 0.9986538
57.081890 4.1299596 -1.4657588 18.5085392 -0.0071214 -0.0445598 -0.0271714 0.9986117
57.185780 4.1243610 -1.4651368 18.5641060 -0.0068021 -0.0446292 -0.0282081 0.9985821
57.393270 4.1132536 -1.4642859 18.6765003 -0.0054838 -0.0454370 -0.0291914 0.9985256
57.600640 4.1012754 -1.4646345 18.7902184 -0.0031690 -0.0473157 -0.0275720 0.9984943
57.808020 4.0890551 -1.4650127 18.9053307 -0.0043790 -0.0532510 -0.0227567 0.9983122
57.911640 4.0821261 -1.4647993 18.9622211 -0.0042702 -0.0579015 -0.0205121 0.9981024
58.119020 4.0667791 -1.4654739 19.0762768 -0.0030537 -0.0677292 -0.0172109 0.9975506
58.326530 4.0495963 -1.4666175 19.1898727 -0.0028611 -0.0775070 -0.0161515 0.9968569
58.534020 4.0301971 -1.4674636 19.3032913 -0.0034098 -0.0870191 -0.0150180 0.9960876
58.741650 4.0081406 -1.4686159 19.4148388 -0.0017454 -0.0958002 -0.0157841 0.9952739
58.949150 3.9843111 -1.4698328 19.5258846 -0.0010432 -0.1037927 -0.0153890 0.9944794
59.156650 3.9593325 -1.4711900 19.6355820 -0.0004758 -0.1104055 -0.0143102 0.9937835
59.364270 3.9334087 -1.4722431 19.7453403 0.0026174 -0.1162310 -0.0104959 0.9931633
59.675530 3.8924975 -1.4749470 19.9086533 0.0033567 -0.1246462 -0.0053843 0.9921809
59.987020 3.8485093 -1.4778440 20.0709991 0.0029444 -0.1303541 -0.0054485 0.9914482
60.194660 3.8179164 -1.4791425 20.1805344 0.0001267 -0.1325327 -0.0036551 0.9911719
60.402270 3.7875805 -1.4804198 20.2897530 -0.0014082 -0.1332694 -0.0000093 0.9910789
60.506060 3.7720275 -1.4809976 20.3445950 -0.0023928 -0.1336283 0.0025723 0.9910253
60.713810 3.7416987 -1.4823158 20.4549866 -0.0024218 -0.1346531 0.0054764 0.9908747
60.921300 3.7111139 -1.4838494 20.5657654 -0.0032186 -0.1361694 0.0069758 0.9906558
61.128990 3.6794600 -1.4845339 20.6764164 -0.0049061 -0.1374587 0.0050001 0.9904827
61.336500 3.6468439 -1.4854565 20.7857552 -0.0071427 -0.1379244 0.0027266 0.9904132
61.543930 3.6152220 -1.4854341 20.8952980 -0.0082652 -0.1371965 0.0014326 0.9905083
61.751640 3.5833426 -1.4851758 21.0051918 -0.0103586 -0.1352226 0.0011307 0.9907604
61.855290 3.5678973 -1.4847217 21.0594730 -0.0113416 -0.1345629 0.0004917 0.9908400
62.062800 3.5376220 -1.4841483 21.1680336 -0.0131427 -0.1331962 -0.0019427 0.9910007
62.270350 3.5076728 -1.4829612 21.2755699 -0.0127795 -0.1316548 -0.0013894 0.9912122
62.477810 3.4788437 -1.4823391 21.3822479 -0.0153967 -0.1305824 -0.0006931 0.9913176
62.685330 3.4502501 -1.4807210 21.4889221 -0.0179480 -0.1295376 0.0010292 0.9914115
62.892780 3.4224019 -1.4788477 21.5951328 -0.0184015 -0.1286288 0.0037463 0.9915150
62.996620 3.4085488 -1.4781313 21.6477852 -0.0187345 -0.1283748 0.0044167 0.9915389
63.100390 3.3949537 -1.4769143 21.6999111 -0.0192090 -0.1283898 0.0071122 0.9915122
63.307710 3.3671126 -1.4750915 21.8036346 -0.0190419 -0.1281831 0.0081810 0.9915339
63.515270 3.3396220 -1.4733055 21.9072437 -0.0216654 -0.1287024 0.0084981 0.9914101
63.722540 3.3120198 -1.4709613 22.0094948 -0.0218367 -0.1290565 0.0084784 0.9913605
63.929910 3.2850485 -1.4691281 22.1105061 -0.0220203 -0.1293686 0.0089356 0.9913118
64.137290 3.2584453 -1.4666969 22.2108784 -0.0235543 -0.1301369 0.0097494 0.9911683
64.344770 3.2317390 -1.4639103 22.3097057 -0.0234868 -0.1306650 0.0094958 0.9911029
64.552380 3.2047443 -1.4617151 22.4064541 -0.0245754 -0.1304816 0.0075554 0.9911173
64.759950 3.1781058 -1.4589942 22.5025043 -0.0266196 -0.1303570 0.0069909 0.9910851
64.967450 3.1522684 -1.4551697 22.5988579 -0.0295980 -0.1308732 0.0067367 0.9909343
65.174920 3.1263533 -1.4514378 22.6931343 -0.0333997 -0.1325924 0.0072511 0.9905812
65.382430 3.0997667 -1.4469042 22.7872944 -0.0355480 -0.1343646 0.0086053 0.9902567
65.589790 3.0734406 -1.4420800 22.8796387 -0.0364548 -0.1360164 0.0085035 0.9899991
65.693560 3.0604892 -1.4393735 22.9259701 -0.0366317 -0.1366993 0.0094964 0.9898895
65.901040 3.0346622 -1.4345130 23.0169640 -0.0371330 -0.1365147 0.0094412 0.9898968
66.108530 3.0098238 -1.4300544 23.1059685 -0.0375135 -0.1357042 0.0126272 0.9899584
66.315950 2.9852872 -1.4247810 23.1940022 -0.0382946 -0.1350908 0.0136486 0.9899989
66.419700 2.9732695 -1.4225496 23.2361965 -0.0378470 -0.1349700 0.0138581 0.9900296
66.627050 2.9507785 -1.4186481 23.3188877 -0.0361093 -0.1343413 0.0148197 0.9901661
66.834590 2.9280648 -1.4148017 23.3984814 -0.0352669 -0.1333011 0.0140095 0.9903488
67.042030 2.9062161 -1.4107054 23.4781532 -0.0343002 -0.1323885 0.0157975 0.9904783
67.249580 2.8844123 -1.4070504 23.5578651 -0.0338760 -0.1296122 0.0155409 0.9908640
67.457250 2.8642869 -1.4039094 23.6368771 -0.0329305 -0.1234273 0.0159146 0.9916794
67.664920 2.8446031 -1.3997583 23.7170029 -0.0350535 -0.1123653 0.0124252 0.9929708
67.872840 2.8285599 -1.3954446 23.7972393 -0.0401899 -0.0971186 0.0110997 0.9943991
68.080710 2.8149726 -1.3910619 23.8772507 -0.0416732 -0.0768778 0.0088127 0.9961303
68.288670 2.8054049 -1.3861194 23.9574699 -0.0441909 -0.0525463 0.0064925 0.9976191
68.496670 2.8007016 -1.3803532 24.0380821 -0.0430167 -0.0255604 0.0070151 0.9987227
68.704540 2.8006349 -1.3747013 24.1181870 -0.0412310 0.0011887 0.0075248 0.9991206
68.912190 2.8046374 -1.3698182 24.1994171 -0.0421310 0.0280374 0.0085083 0.9986824
69.119820 2.8128114 -1.3636889 24.2805119 -0.0429293 0.0537649 0.0103912 0.9975763
69.431290 2.8325939 -1.3548758 24.4028416 -0.0425718 0.0920382 0.0119602 0.9947731
69.638910 2.8516157 -1.3493373 24.4840469 -0.0410193 0.1158988 0.0130642 0.9923277
69.950110 2.8864813 -1.3407420 24.6070557 -0.0395056 0.1463507 0.0136981 0.9883487
70.157430 2.9137464 -1.3347204 24.6891842 -0.0384533 0.1647351 0.0134295 0.9854965
70.364970 2.9445510 -1.3285145 24.7709789 -0.0374938 0.1831331 0.0140211 0.9822728
70.572360 2.9790664 -1.3229269 24.8525124 -0.0381178 0.2015407 0.0152677 0.9786190
70.675960 2.9974461 -1.3202223 24.8929329 -0.0389736 0.2104936 0.0154116 0.9766965
70.883300 3.0367670 -1.3146420 24.9737968 -0.0377857 0.2281958 0.0149467 0.9727669
71.090660 3.0788388 -1.3093313 25.0530586 -0.0354282 0.2455451 0.0132453 0.9686470
71.298240 3.1239357 -1.3043602 25.1313114 -0.0354994 0.2652247 0.0095010 0.9634860
71.505720 3.1739502 -1.2991447 25.2093983 -0.0378989 0.2866993 0.0100582 0.9572179
71.713370 3.2277050 -1.2937295 25.2843819 -0.0386587 0.3111064 0.0098554 0.9495373
71.920920 3.2850771 -1.2882847 25.3549404 -0.0379957 0.3371270 0.0108621 0.9406294
72.128290 3.3460617 -1.2830541 25.4224014 -0.0377531 0.3625039 0.0126656 0.9311311
72.335680 3.4102411 -1.2776854 25.4863091 -0.0378115 0.3861139 0.0143672 0.9215639
72.543090 3.4773140 -1.2722868 25.5480633 -0.0363121 0.4062909 0.0150714 0.9128975
72.750440 3.5469761 -1.2663295 25.6067829 -0.0379266 0.4238577 0.0168222 0.9047780
72.957660 3.6193619 -1.2602801 25.6635799 -0.0367658 0.4410398 0.0156544 0.8965975
73.165200 3.6960592 -1.2544041 25.7186699 -0.0376591 0.4585155 0.0175710 0.8877143
73.372690 3.7751169 -1.2481008 25.7717686 -0.0420820 0.4772930 0.0180359 0.8775507
73.580270 3.8576021 -1.2413766 25.8203564 -0.0409885 0.4974680 0.0185639 0.8663145
73.787750 3.9429665 -1.2347037 25.8654480 -0.0396766 0.5182311 0.0202790 0.8540791
73.995310 4.0316029 -1.2278098 25.9066505 -0.0376645 0.5396957 0.0238374 0.8406793
74.202790 4.1235094 -1.2210448 25.9434566 -0.0376345 0.5607681 0.0247155 0.8267478
74.410370 4.2188950 -1.2143744 25.9776897 -0.0368514 0.5822763 0.0231057 0.8118266
74.617850 4.3171272 -1.2076072 26.0066967 -0.0373299 0.6035382 0.0210167 0.7961825
74.825180 4.4177547 -1.2010667 26.0305958 -0.0378549 0.6248133 0.0209942 0.7795733
75.032640 4.5219374 -1.1938410 26.0488415 -0.0361046 0.6456138 0.0227549 0.7624706
75.240090 4.6278143 -1.1875660 26.0620613 -0.0357577 0.6654770 0.0245641 0.7451566
75.447460 4.7364731 -1.1807135 26.0700493 -0.0341951 0.6842189 0.0244087 0.7280655
75.654690 4.8464422 -1.1731278 26.0732574 -0.0347530 0.7023312 0.0249765 0.7105626
75.862200 4.9582710 -1.1653090 26.0708008 -0.0361703 0.7193946 0.0262203 0.6931635
76.069540 5.0717115 -1.1577044 26.0624561 -0.0364489 0.7364180 0.0244381 0.6751021
76.276990 5.1860070 -1.1497293 26.0481777 -0.0349253 0.7530740 0.0237147 0.6565800
76.380600 5.2434959 -1.1459925 26.0392513 -0.0341353 0.7611039 0.0244309 0.6472702
76.588100 5.3569255 -1.1392833 26.0151138 -0.0327360 0.7754716 0.0265189 0.6299753
76.691750 5.4131799 -1.1356759 26.0015049 -0.0311455 0.7819278 0.0257395 0.6220582
76.795320 5.4704180 -1.1315696 25.9871101 -0.0309247 0.7883175 0.0250039 0.6139821
77.002800 5.5852995 -1.1249139 25.9544392 -0.0314476 0.8010213 0.0236584 0.5973410
77.210160 5.6989737 -1.1177760 25.9177876 -0.0306202 0.8136644 0.0195516 0.5801986
77.417440 5.8137527 -1.1112690 25.8749809 -0.0321749 0.8256581 0.0192323 0.5629241
77.521170 5.8703780 -1.1091939 25.8518620 -0.0329262 0.8313130 0.0196650 0.5544798
77.728490 5.9832935 -1.1022261 25.8017883 -0.0325803 0.8404353 0.0207819 0.5405322
77.832140 6.0396681 -1.0990707 25.7755394 -0.0313138 0.8437250 0.0210629 0.5354474
77.935700 6.0965724 -1.0960572 25.7487125 -0.0289815 0.8464464 0.0213226 0.5312569
78.039350 6.1535797 -1.0927842 25.7205200 -0.0265319 0.8483498 0.0226864 0.5282841
78.142930 6.2102604 -1.0898120 25.6923943 -0.0249477 0.8497601 0.0245821 0.5260050
78.246670 6.2668972 -1.0870521 25.6633587 -0.0236580 0.8505405 0.0268791 0.5246891
78.350300 6.3238416 -1.0836591 25.6349964 -0.0228344 0.8511962 0.0281320 0.5235956
78.454020 6.3818302 -1.0799905 25.6064091 -0.0233852 0.8517870 0.0286908 0.5225790
78.557850 6.4393840 -1.0766240 25.5778084 -0.0245456 0.8521076 0.0293821 0.5219644
78.661450 6.4972959 -1.0727888 25.5490875 -0.0266092 0.8525182 0.0300759 0.5211527
78.765630 6.5551610 -1.0689143 25.5195484 -0.0276199 0.8527913 0.0314345 0.5205728
78.868800 6.6124644 -1.0647184 25.4900436 -0.0274246 0.8531211 0.0315568 0.5200350
78.972430 6.6711292 -1.0605533 25.4597549 -0.0271056 0.8533451 0.0302402 0.5197624
79.081780 6.7297139 -1.0565714 25.4300098 -0.0259485 0.8536674 0.0299760 0.5193073
79.179920 6.7893524 -1.0528138 25.3992710 -0.0249288 0.8539873 0.0301111 0.5188231
79.387330 6.9079561 -1.0452900 25.3380337 -0.0247746 0.8547141 0.0313685 0.5175577
79.491080 6.9675522 -1.0415189 25.3067970 -0.0258358 0.8548229 0.0324992 0.5172564
79.698570 7.0907607 -1.0314789 25.2439404 -0.0270544 0.8556370 0.0333941 0.5157888
79.802330 7.1495194 -1.0256919 25.2120399 -0.0270038 0.8558765 0.0331714 0.5154084
80.009790 7.2723517 -1.0179040 25.1480541 -0.0258590 0.8564659 0.0333304 0.5144770
80.113430 7.3342681 -1.0132245 25.1154213 -0.0243159 0.8566355 0.0329271 0.5142958
80.217170 7.3956361 -1.0089743 25.0815258 -0.0251385 0.8563650 0.0331119 0.5146946
80.424740 7.5213223 -0.9992217 25.0164566 -0.0265775 0.8563228 0.0334402 0.5146713
80.528440 7.5835352 -0.9950920 24.9836674 -0.0253575 0.8563007 0.0317173 0.5148787
80.735850 7.7103615 -0.9868309 24.9174747 -0.0232422 0.8562033 0.0293311 0.5152818
80.943530 7.8399086 -0.9783249 24.8494339 -0.0246609 0.8562798 0.0323787 0.5149062
81.150830 7.9703245 -0.9681565 24.7813892 -0.0247505 0.8564831 0.0312677 0.5146323
81.358350 8.1015215 -0.9595264 24.7126675 -0.0261057 0.8565948 0.0313707 0.5143732
81.462060 8.1684952 -0.9548308 24.6777020 -0.0259280 0.8567209 0.0312800 0.5141776
81.669620 8.3026962 -0.9455373 24.6071587 -0.0253814 0.8569835 0.0308204 0.5137947
81.773370 8.3707027 -0.9410138 24.5715256 -0.0250535 0.8571531 0.0309685 0.5135190
81.876950 8.4387722 -0.9364724 24.5353813 -0.0251710 0.8572618 0.0318266 0.5132793
81.980680 8.5070896 -0.9315041 24.4990578 -0.0259816 0.8572412 0.0320684 0.5132585
82.084440 8.5754242 -0.9262233 24.4634933 -0.0264989 0.8574380 0.0309899 0.5129694
82.188180 8.6438198 -0.9209018 24.4269009 -0.0281480 0.8574408 0.0282889 0.5130329
82.291790 8.7121983 -0.9158989 24.3912334 -0.0300177 0.8576978 0.0268493 0.5125744
82.395640 8.7808208 -0.9115528 24.3552284 -0.0322013 0.8577381 0.0265582 0.5123895
82.603060 8.9173279 -0.9018505 24.2819328 -0.0300927 0.8577106 0.0264364 0.5125700
82.706910 8.9852209 -0.8978076 24.2458038 -0.0282997 0.8576946 0.0277218 0.5126310
82.810450 9.0540590 -0.8931525 24.2084866 -0.0268889 0.8575329 0.0290889 0.5129017
82.914210 9.1219788 -0.8886744 24.1724529 -0.0266095 0.8575308 0.0301337 0.5128593
83.018010 9.1906443 -0.8845428 24.1358528 -0.0276029 0.8574451 0.0305083 0.5129280
83.121720 9.2590008 -0.8796454 24.0997066 -0.0276095 0.8574377 0.0306084 0.5129342
83.225460 9.3264265 -0.8752955 24.0640526 -0.0284234 0.8573076 0.0301570 0.5131338
83.329210 9.3945236 -0.8706391 24.0275574 -0.0266433 0.8574191 0.0300092 0.5130517
83.432930 9.4620142 -0.8659900 23.9917946 -0.0253959 0.8574566 0.0302400 0.5130388
83.640430 9.5983591 -0.8572174 23.9194565 -0.0225755 0.8569122 0.0299841 0.5140942
83.744180 9.6670895 -0.8528485 23.8839760 -0.0266596 0.8566335 0.0306264 0.5143250
83.847930 9.7357302 -0.8480799 23.8475285 -0.0287027 0.8561314 0.0324793 0.5149372
84.055580 9.8727074 -0.8377706 23.7766781 -0.0293074 0.8551282 0.0297781 0.5167303
84.159190 9.9405813 -0.8333577 23.7423458 -0.0291791 0.8545616 0.0288632 0.5177257
84.262850 10.0087080 -0.8289362 23.7078476 -0.0286876 0.8542636 0.0277814 0.5183038
84.470300 10.1444721 -0.8206918 23.6384392 -0.0297279 0.8537846 0.0276069 0.5190434
84.677950 10.2801743 -0.8119300 23.5698509 -0.0300601 0.8536931 0.0286372 0.5191189
84.885450 10.4148149 -0.8027880 23.5015259 -0.0294605 0.8543504 0.0270453 0.5181565
84.989500 10.4825945 -0.7983565 23.4667854 -0.0282230 0.8548205 0.0264720 0.5174791
85.196770 10.6153297 -0.7900834 23.3972721 -0.0266686 0.8560607 0.0275883 0.5154490
85.404100 10.7469597 -0.7817937 23.3282776 -0.0275347 0.8577963 0.0293040 0.5124145
85.611430 10.8760204 -0.7722684 23.2592068 -0.0266113 0.8594002 0.0293658 0.5097655
85.922700 11.0685129 -0.7604804 23.1529789 -0.0241834 0.8617523 0.0281174 0.5059720
86.130110 11.1967096 -0.7523044 23.0829811 -0.0268430 0.8634005 0.0280153 0.5030251
86.337580 11.3204432 -0.7451351 23.0120411 -0.0289422 0.8645529 0.0279054 0.5009311
86.441310 11.3819294 -0.7415318 22.9782047 -0.0299522 0.8652449 0.0284555 0.4996443
86.648710 11.5018988 -0.7338159 22.9102898 -0.0308542 0.8663067 0.0287483 0.4977291
86.856060 11.6182566 -0.7267088 22.8433723 -0.0328487 0.8671052 0.0264931 0.4963341
87.063460 11.7304344 -0.7197038 22.7788124 -0.0347544 0.8671563 0.0257152 0.4961560
87.270810 11.8394823 -0.7130321 22.7163963 -0.0358311 0.8659251 0.0250710 0.4982583
87.374560 11.8923521 -0.7099158 22.6867046 -0.0360902 0.8646355 0.0246003 0.5004975
87.478210 11.9454126 -0.7064130 22.6571426 -0.0364427 0.8626502 0.0243921 0.5038965
87.581810 11.9974995 -0.7026936 22.6288681 -0.0365744 0.8599402 0.0241844 0.5085079
87.685550 12.0495386 -0.6993272 22.6017513 -0.0366871 0.8565400 0.0238875 0.5142205
87.789170 12.1014862 -0.6959458 22.5754280 -0.0364503 0.8525088 0.0234108 0.5209147
87.892930 12.1533260 -0.6924384 22.5498848 -0.0359616 0.8479761 0.0223968 0.5283387
87.996680 12.2050648 -0.6896674 22.5262489 -0.0383341 0.8430703 0.0205395 0.5360420
88.100300 12.2572508 -0.6865708 22.5037880 -0.0388594 0.8382383 0.0186856 0.5435967
88.204050 12.3095942 -0.6839921 22.4819469 -0.0379545 0.8332386 0.0173496 0.5513364
88.411430 12.4149551 -0.6776010 22.4421692 -0.0387737 0.8220881 0.0155995 0.5678242
88.618820 12.5212851 -0.6705993 22.4063854 -0.0403108 0.8102318 0.0155796 0.5845141
88.826180 12.6293011 -0.6637228 22.3756046 -0.0444328 0.7978688 0.0166355 0.6009612
89.033680 12.7373495 -0.6565501 22.3500881 -0.0487023 0.7854747 0.0143703 0.6168072
89.241050 12.8473072 -0.6485586 22.3285828 -0.0514951 0.7724141 0.0116620 0.6329208
89.448550 12.9582500 -0.6414006 22.3108311 -0.0504117 0.7575169 0.0119063 0.6507573
89.655800 13.0697870 -0.6336191 22.2983608 -0.0447312 0.7404185 0.0112637 0.6705615
89.863200 13.1835804 -0.6263483 22.2923012 -0.0426726 0.7215123 0.0117092 0.6909863
90.070690 13.2979965 -0.6196516 22.2928371 -0.0432849 0.7013668 0.0117609 0.7113879
90.278050 13.4129152 -0.6125752 22.3010254 -0.0468580 0.6796017 0.0108021 0.7320035
90.485550 13.5290508 -0.6043736 22.3162766 -0.0500814 0.6572118 0.0066711 0.7520106
90.693070 13.6452160 -0.5964041 22.3388062 -0.0507601 0.6353491 0.0032176 0.7705482
90.900550 13.7634068 -0.5876950 22.3680573 -0.0514008 0.6130693 -0.0004620 0.7883551
91.108060 13.8819027 -0.5791820 22.4047585 -0.0539072 0.5900962 0.0002181 0.8055311
91.315450 13.9979229 -0.5699396 22.4474506 -0.0540881 0.5662675 -0.0012593 0.8224439
91.522930 14.1135330 -0.5606774 22.4985390 -0.0524168 0.5436207 -0.0015882 0.8376912
91.730300 14.2286959 -0.5514498 22.5569611 -0.0571483 0.5216020 -0.0008930 0.8512723
91.937810 14.3432655 -0.5407772 22.6212597 -0.0591112 0.5001894 0.0019373 0.8638939
92.145310 14.4551907 -0.5293074 22.6913719 -0.0599156 0.4800718 0.0016649 0.8751791
92.352950 14.5645695 -0.5168836 22.7676010 -0.0617657 0.4631315 -0.0013723 0.8841336
92.560560 14.6745501 -0.5045831 22.8483200 -0.0632447 0.4488000 -0.0039289 0.8913828
92.768320 14.7824383 -0.4921689 22.9320583 -0.0641940 0.4368747 -0.0050350 0.8972147
92.975930 14.8890591 -0.4797599 23.0197372 -0.0620545 0.4262099 -0.0058708 0.9024743
93.079680 14.9406853 -0.4735069 23.0637627 -0.0606997 0.4214280 -0.0061636 0.9048072
93.287430 15.0447254 -0.4613883 23.1537819 -0.0613463 0.4149436 -0.0059550 0.9077571
93.495180 15.1472940 -0.4486115 23.2442589 -0.0631303 0.4112786 -0.0061886 0.9092999
93.806680 15.3006096 -0.4296949 23.3820915 -0.0642738 0.4072277 -0.0065533 0.9110387
93.910430 15.3512344 -0.4230480 23.4285393 -0.0632960 0.4062298 -0.0078032 0.9115427
94.118060 15.4525127 -0.4112060 23.5199242 -0.0603034 0.4048013 -0.0062427 0.9123927
94.325690 15.5515022 -0.3991523 23.6103115 -0.0601622 0.4052143 -0.0060749 0.9122198
94.533310 15.6478176 -0.3882535 23.6992893 -0.0622898 0.4086308 -0.0063466 0.9105496
94.948810 15.8358097 -0.3677197 23.8619137 -0.0627959 0.4221649 -0.0098113 0.9042882
95.156550 15.9279270 -0.3585229 23.9366074 -0.0605367 0.4333202 -0.0100861 0.8991480
95.468320 16.0651417 -0.3460178 24.0404434 -0.0560383 0.4521807 -0.0084306 0.8901243
95.780180 16.1985912 -0.3362195 24.1299953 -0.0455667 0.4729141 -0.0049153 0.8799158
95.988060 16.2830620 -0.3317486 24.1834602 -0.0345430 0.4878570 -0.0123179 0.8721529
96.300060 16.4086266 -0.3294545 24.2533302 -0.0314320 0.5164235 -0.0173217 0.8555809
96.508310 16.4928684 -0.3278956 24.2930431 -0.0331354 0.5409314 -0.0155706 0.8402695
96.716580 16.5775375 -0.3272752 24.3243885 -0.0307750 0.5703637 -0.0119430 0.8207286
97.029060 16.7056999 -0.3268175 24.3577957 -0.0163079 0.6191524 -0.0148779 0.7849605
97.237310 16.7943974 -0.3274676 24.3728638 -0.0123681 0.6518247 -0.0159326 0.7581015
97.445440 16.8843040 -0.3295583 24.3801861 -0.0158389 0.6830161 -0.0126837 0.7301214
97.653560 16.9721699 -0.3304672 24.3781967 -0.0141521 0.7143883 -0.0087747 0.6995513
97.861590 17.0614090 -0.3321415 24.3697395 -0.0122680 0.7440726 -0.0093733 0.6679204
98.069330 17.1474590 -0.3338002 24.3539276 -0.0048071 0.7695530 -0.0079410 0.6385155
98.276830 17.2350655 -0.3355592 24.3323269 -0.0030595 0.7892191 -0.0071917 0.6140620
98.484190 17.3211670 -0.3380603 24.3063393 -0.0031859 0.8035336 -0.0048190 0.5952314
98.691560 17.4063568 -0.3397807 24.2767963 -0.0012175 0.8142877 -0.0031439 0.5804517
98.899080 17.4920692 -0.3410556 24.2433643 0.0003993 0.8245818 -0.0013552 0.5657409
99.106560 17.5769482 -0.3431102 24.2068939 0.0021347 0.8353210 0.0001041 0.5497583
99.210310 17.6196480 -0.3439025 24.1873360 0.0007354 0.8416421 -0.0003990 0.5400351
99.418170 17.7036285 -0.3457428 24.1451511 0.0007668 0.8558921 -0.0018392 0.5171506
99.522160 17.7435226 -0.3469278 24.1219292 0.0024903 0.8636141 -0.0027070 0.5041401
99.626160 17.7826958 -0.3477445 24.0973072 0.0025083 0.8719590 -0.0033559 0.4895611
99.730070 17.8209000 -0.3491762 24.0718746 0.0017668 0.8807261 -0.0028764 0.4736139
99.834080 17.8581963 -0.3502084 24.0440426 0.0021269 0.8899772 -0.0004234 0.4560000
100.042100 17.9283905 -0.3522867 23.9837551 0.0057043 0.9079391 0.0019997 0.4190586
100.146100 17.9623814 -0.3530964 23.9514236 0.0065482 0.9166193 0.0017718 0.3997037
100.354100 18.0261192 -0.3550403 23.8828220 0.0088915 0.9328412 0.0029341 0.3601661
100.562100 18.0794163 -0.3569382 23.8120003 0.0109258 0.9471822 0.0058984 0.3204554
100.770000 18.1265469 -0.3587713 23.7386856 0.0133576 0.9589976 0.0072373 0.2830068
100.977600 18.1687737 -0.3599034 23.6617432 0.0167503 0.9680293 0.0052401 0.2502226
101.184900 18.2081680 -0.3609745 23.5809555 0.0200469 0.9750102 0.0043693 0.2212107
101.392300 18.2425270 -0.3619667 23.4975548 0.0213018 0.9809793 0.0059345 0.1928489
101.599800 18.2718296 -0.3626840 23.4125271 0.0234702 0.9860954 0.0081849 0.1643109
101.807200 18.2955704 -0.3639071 23.3258362 0.0249932 0.9906296 0.0098486 0.1339081
102.014700 18.3138123 -0.3647649 23.2379189 0.0272504 0.9944645 0.0068854 0.1012445
102.222200 18.3262539 -0.3646020 23.1475716 0.0297318 0.9972137 0.0092883 0.0677827
102.429800 18.3329887 -0.3646582 23.0546646 0.0294735 0.9988993 0.0135821 0.0338674
102.637400 18.3334446 -0.3638004 22.9614925 0.0296774 0.9994881 0.0119549 0.0000238
102.845000 18.3275528 -0.3626693 22.8661613 0.0308681 0.9989218 0.0112761 -0.0327914
103.052400 18.3150082 -0.3614802 22.7683716 0.0332896 0.9974549 0.0104803 -0.0621738
103.259900 18.2975101 -0.3604180 22.6691647 0.0347380 0.9955410 0.0097688 -0.0871542
103.467300 18.2757645 -0.3594154 22.5679054 0.0341381 0.9936874 0.0082007 -0.1065491
103.674700 18.2504959 -0.3580984 22.4645786 0.0336740 0.9918852 0.0068304 -0.1224051
103.882200 18.2222958 -0.3574601 22.3588448 0.0318633 0.9901601 0.0079582 -0.1360309
104.089600 18.1900253 -0.3559054 22.2507305 0.0331845 0.9888166 0.0095344 -0.1450845
104.296900 18.1561699 -0.3546732 22.1408787 0.0348991 0.9881865 0.0081645 -0.1490058
104.504300 18.1214199 -0.3531631 22.0290680 0.0353422 0.9878765 0.0049885 -0.1510832
104.711700 18.0850391 -0.3519549 21.9131660 0.0370443 0.9875528 0.0078361 -0.1526624
104.919200 18.0480900 -0.3501939 21.7953262 0.0381561 0.9872778 0.0088737 -0.1541037
105.126600 18.0097885 -0.3488477 21.6763592 0.0382829 0.9870288 0.0077251 -0.1557205
105.334200 17.9701786 -0.3472617 21.5534534 0.0378092 0.9867873 0.0069895 -0.1573927
105.541700 17.9295959 -0.3459241 21.4290867 0.0382838 0.9865019 0.0077189 -0.1590245
105.749200 17.8875256 -0.3443531 21.3013897 0.0386335 0.9861990 0.0075091 -0.1608187
105.956700 17.8443966 -0.3430525 21.1727581 0.0394009 0.9858922 0.0080923 -0.1624762
106.164200 17.8009682 -0.3410968 21.0424004 0.0385661 0.9856122 0.0090048 -0.1643171
106.371700 17.7563400 -0.3392493 20.9120121 0.0373426 0.9853975 0.0089046 -0.1658856
106.579200 17.7123947 -0.3371850 20.7821579 0.0376911 0.9851315 0.0084507 -0.1674036
106.890600 17.6436424 -0.3357759 20.5845757 0.0381326 0.9853525 0.0100075 -0.1659100
107.098100 17.6007004 -0.3346958 20.4530945 0.0342226 0.9860030 0.0088876 -0.1629352
107.305700 17.5580597 -0.3333202 20.3208637 0.0315341 0.9868436 0.0065075 -0.1584393
107.616700 17.4977379 -0.3339629 20.1219349 0.0256878 0.9883844 0.0026150 -0.1497654
107.927800 17.4402447 -0.3348087 19.9193020 0.0207734 0.9903915 0.0061432 -0.1365848
108.135300 17.4071064 -0.3354357 19.7857437 0.0230461 0.9921048 0.0083738 -0.1229907
108.446400 17.3638306 -0.3354798 19.5829620 0.0213706 0.9947078 0.0037794 -0.1004264
108.654000 17.3409519 -0.3369707 19.4479752 0.0207273 0.9959778 0.0037446 -0.0870902
108.861500 17.3200951 -0.3383947 19.3110981 0.0220746 0.9970722 0.0054553 -0.0730068
109.069200 17.3031197 -0.3389642 19.1734047 0.0209901 0.9980106 0.0056085 -0.0591847
109.276700 17.2910957 -0.3389081 19.0354042 0.0165816 0.9987522 0.0081237 -0.0464019
109.380500 17.2859116 -0.3391813 18.9666710 0.0164568 0.9990299 0.0083305 -0.0399864
109.588000 17.2799149 -0.3398374 18.8295841 0.0146527 0.9994833 0.0082112 -0.0274038
109.795400 17.2756443 -0.3395089 18.6904945 0.0144596 0.9997452 0.0096854 -0.0143754
110.003000 17.2756500 -0.3390137 18.5542164 0.0137559 0.9998396 0.0113140 -0.0018747
110.314400 17.2814693 -0.3388537 18.3501225 0.0156379 0.9997072 0.0087703 0.0162541
110.625600 17.2945766 -0.3392825 18.1430740 0.0143354 0.9993091 0.0075276 0.0334539
110.833200 17.3064938 -0.3401273 18.0050850 0.0135954 0.9989591 0.0052374 0.0432256
111.041100 17.3216915 -0.3415387 17.8677807 0.0127220 0.9985297 0.0043704 0.0525120
111.144800 17.3304653 -0.3422120 17.8002548 0.0122699 0.9983032 0.0047426 0.0567244
111.352300 17.3495770 -0.3431223 17.6657066 0.0103303 0.9978094 0.0069079 0.0649765
111.560000 17.3699951 -0.3443546 17.5308666 0.0097662 0.9972364 0.0064930 0.0733622
111.871200 17.4054585 -0.3453193 17.3320885 0.0072982 0.9964001 0.0075673 0.0841202
112.182300 17.4429913 -0.3463016 17.1343880 0.0061631 0.9954265 0.0095992 0.0948464
112.493600 17.4848671 -0.3483402 16.9430504 0.0057135 0.9944201 0.0057097 0.1051835
112.804900 17.5297470 -0.3509938 16.7594986 0.0066186 0.9932769 0.0024453 0.1155474
113.116300 17.5743446 -0.3555731 16.5866947 0.0077552 0.9918660 -0.0070588 0.1268536
113.323800 17.6045723 -0.3597903 16.4805260 0.0063895 0.9909801 -0.0171965 0.1327471
113.635300 17.6471615 -0.3699968 16.3339844 0.0062919 0.9899860 -0.0275748 0.1383031
113.843000 17.6742630 -0.3771515 16.2416000 0.0079404 0.9896846 -0.0329118 0.1392056
114.154700 17.7123165 -0.3885213 16.1050301 0.0136691 0.9905593 -0.0280435 0.1334876
114.467000 17.7449799 -0.3985670 15.9691725 0.0160357 0.9933445 -0.0281289 0.1105363
114.779700 17.7646694 -0.4062496 15.8338881 0.0217625 0.9974582 -0.0161773 0.0658932
114.988100 17.7702694 -0.4105789 15.7447805 0.0232917 0.9993103 -0.0113207 0.0266159
115.196500 17.7661934 -0.4133098 15.6572418 0.0260756 0.9995202 -0.0064596 -0.0154196
115.404800 17.7553463 -0.4160032 15.5707626 0.0264253 0.9978334 -0.0034938 -0.0601508
115.613100 17.7369556 -0.4170052 15.4842243 0.0255271 0.9940661 0.0000981 -0.1057406
115.821100 17.7095871 -0.4178297 15.3978252 0.0270613 0.9881412 0.0062565 -0.1510147
116.029400 17.6752338 -0.4173176 15.3124828 0.0239200 0.9801015 0.0088708 -0.1968508
116.238300 17.6311588 -0.4160236 15.2304363 0.0257612 0.9702266 0.0090607 -0.2406547
116.444900 17.5792809 -0.4141255 15.1511593 0.0297149 0.9592127 0.0100363 -0.2809402
116.652400 17.5200024 -0.4122057 15.0729027 0.0323250 0.9481786 0.0097620 -0.3159383
116.859700 17.4541683 -0.4095041 14.9968052 0.0359997 0.9380121 0.0065312 -0.3446659
117.067000 17.3823795 -0.4064705 14.9218254 0.0402477 0.9297738 0.0034144 -0.3659086
117.274300 17.3054123 -0.4036660 14.8454819 0.0417847 0.9233419 0.0026391 -0.3816895
117.481600 17.2225723 -0.4007066 14.7664089 0.0420954 0.9176033 0.0020792 -0.3952567
117.689000 17.1353092 -0.3974150 14.6873703 0.0434678 0.9130664 0.0009167 -0.4054867
117.896100 17.0425091 -0.3937485 14.6048326 0.0461508 0.9118609 -0.0000005 -0.4078967
118.103200 16.9473343 -0.3901536 14.5169201 0.0460419 0.9137371 0.0016641 -0.4036853
118.310600 16.8499641 -0.3865412 14.4255314 0.0425996 0.9149593 0.0025032 -0.4012837
118.518000 16.7503929 -0.3829180 14.3316946 0.0416509 0.9154472 0.0028222 -0.4002669
118.725500 16.6475811 -0.3792040 14.2352266 0.0413679 0.9161083 0.0020796 -0.3987856
118.932800 16.5421982 -0.3753765 14.1348801 0.0402693 0.9168171 0.0020635 -0.3972664
119.140500 16.4346542 -0.3726371 14.0322351 0.0398443 0.9175788 -0.0000047 -0.3955523
119.347800 16.3268070 -0.3706027 13.9282532 0.0375758 0.9185171 -0.0020491 -0.3935864
119.555300 16.2170486 -0.3691992 13.8211308 0.0359870 0.9194128 -0.0030766 -0.3916320
119.762700 16.1070137 -0.3678640 13.7122936 0.0360753 0.9204404 -0.0013945 -0.3892123
120.073700 15.9420099 -0.3651821 13.5471945 0.0374554 0.9230777 0.0009211 -0.3827843
120.281100 15.8340111 -0.3631995 13.4350739 0.0366539 0.9253937 0.0027131 -0.3772210
120.592200 15.6720085 -0.3599257 13.2620697 0.0380322 0.9304129 0.0001228 -0.3645346
120.903200 15.5159235 -0.3580265 13.0827427 0.0402089 0.9381260 -0.0036066 -0.3439329
121.110500 15.4169092 -0.3573241 12.9572372 0.0390645 0.9436352 -0.0039540 -0.3286502
121.317800 15.3226261 -0.3571329 12.8286476 0.0363463 0.9484584 -0.0040897 -0.3147840
121.525300 15.2292662 -0.3566974 12.6957722 0.0354020 0.9524767 -0.0001570 -0.3025472
121.732800 15.1391964 -0.3561048 12.5617342 0.0353622 0.9564098 -0.0017747 -0.2898734
121.940300 15.0526867 -0.3564278 12.4243593 0.0340632 0.9600412 -0.0027627 -0.2777643
122.147800 14.9685650 -0.3572934 12.2842035 0.0342754 0.9634390 -0.0050925 -0.2656776
122.355300 14.8871517 -0.3585254 12.1413784 0.0360063 0.9661658 -0.0050092 -0.2553471
122.563000 14.8062725 -0.3593332 11.9954395 0.0377186 0.9680452 -0.0044140 -0.2478836
122.770700 14.7277260 -0.3597941 11.8474617 0.0368582 0.9690607 -0.0035982 -0.2440286
122.978500 14.6478291 -0.3615578 11.6972389 0.0356404 0.9694661 -0.0035635 -0.2425954
123.186200 14.5664539 -0.3626974 11.5452290 0.0355202 0.9699960 -0.0045863 -0.2404683
123.393800 14.4879494 -0.3638661 11.3921280 0.0373694 0.9706879 -0.0038360 -0.2373897
123.601500 14.4061317 -0.3638173 11.2362461 0.0409405 0.9713733 -0.0053723 -0.2339424
123.913000 14.2866926 -0.3661129 10.9993773 0.0411213 0.9718380 -0.0072269 -0.2319217
124.120500 14.2059526 -0.3666241 10.8381615 0.0433994 0.9718905 -0.0030838 -0.2313782
124.328100 14.1217384 -0.3662722 10.6752949 0.0483470 0.9716843 -0.0049932 -0.2312297
124.535600 14.0384655 -0.3666446 10.5108709 0.0498006 0.9714068 -0.0068308 -0.2320392
124.743100 13.9543343 -0.3690454 10.3451595 0.0470381 0.9711225 -0.0043074 -0.2338589
124.950600 13.8694630 -0.3685304 10.1768761 0.0413844 0.9702626 -0.0019648 -0.2384826
125.158200 13.7815809 -0.3682846 10.0090160 0.0359949 0.9689564 -0.0009684 -0.2445956
125.365700 13.6908131 -0.3683509 9.8401518 0.0332852 0.9670538 -0.0020032 -0.2523786
125.573100 13.5940819 -0.3687010 9.6714630 0.0368501 0.9648438 0.0005482 -0.2602274
125.780600 13.4928265 -0.3674244 9.5036936 0.0422210 0.9624074 -0.0016907 -0.2683034
125.988000 13.3904572 -0.3670602 9.3373852 0.0435856 0.9602376 -0.0051264 -0.2757132
126.195500 13.2819042 -0.3657407 9.1670094 0.0452256 0.9579988 -0.0012700 -0.2831809
126.403000 13.1699810 -0.3631148 8.9984913 0.0509753 0.9561998 0.0001335 -0.2882421
126.610300 13.0572243 -0.3607851 8.8306246 0.0524549 0.9553495 -0.0044130 -0.2907514
126.817800 12.9454346 -0.3594542 8.6612129 0.0482601 0.9549067 -0.0026222 -0.2929458
127.025200 12.8300123 -0.3565696 8.4903030 0.0454260 0.9546955 -0.0013687 -0.2940936
127.232700 12.7123260 -0.3552760 8.3183622 0.0463787 0.9546747 0.0006045 -0.2940151
127.440100 12.5959282 -0.3542418 8.1449966 0.0452304 0.9546534 0.0008226 -0.2942626
127.647600 12.4774370 -0.3523327 7.9725857 0.0429834 0.9548255 0.0019789 -0.2940354
127.855000 12.3620949 -0.3497748 7.8007679 0.0430853 0.9542087 0.0039073 -0.2959970
128.062200 12.2441978 -0.3468332 7.6280017 0.0443212 0.9536793 0.0027391 -0.2975298
128.166000 12.1834993 -0.3447838 7.5407295 0.0437268 0.9535552 0.0024926 -0.2980174
128.373300 12.0638771 -0.3413784 7.3654518 0.0423963 0.9534576 0.0039870 -0.2985050
128.580700 11.9416304 -0.3379066 7.1900201 0.0441182 0.9536726 0.0034933 -0.2975735
128.684500 11.8807964 -0.3369045 7.0998383 0.0442032 0.9536692 0.0028721 -0.2975783
128.788200 11.8215218 -0.3360761 7.0136623 0.0437503 0.9538376 0.0030306 -0.2971034
128.891800 11.7608776 -0.3347170 6.9237995 0.0427650 0.9538964 0.0037639 -0.2970500
128.995500 11.6995239 -0.3327748 6.8335857 0.0423835 0.9539163 0.0042629 -0.2970338
129.099100 11.6382885 -0.3312487 6.7437196 0.0427650 0.9539738 0.0042389 -0.2967948
129.306600 11.5154457 -0.3273036 6.5630064 0.0424551 0.9539904 0.0033478 -0.2967973
129.410300 11.4540653 -0.3258271 6.4719176 0.0422588 0.9539642 0.0029029 -0.2969143
129.617800 11.3270168 -0.3235798 6.2877893 0.0438516 0.9540583 0.0032866 -0.2963764
129.825300 11.2028580 -0.3192603 6.1046176 0.0448688 0.9538954 0.0031305 -0.2967501
129.929100 11.1400185 -0.3172404 6.0132098 0.0456629 0.9537801 0.0026894 -0.2970038
130.136500 11.0151548 -0.3144810 5.8315287 0.0480079 0.9535320 -0.0000689 -0.2974422
130.240200 10.9541569 -0.3132062 5.7423267 0.0483420 0.9533132 0.0000435 -0.2980891
130.343800 10.8929176 -0.3117350 5.6523676 0.0470602 0.9530739 0.0007891 -0.2990567
130.447600 10.8308163 -0.3100331 5.5617867 0.0455482 0.9527057 0.0015954 -0.3004573
130.551300 10.7678947 -0.3087359 5.4706945 0.0439690 0.9523613 0.0031789 -0.3017690
130.655000 10.7038927 -0.3067809 5.3797483 0.0449013 0.9518624 0.0041103 -0.3031912
130.758700 10.6401453 -0.3050743 5.2887549 0.0443980 0.9515684 0.0038531 -0.3041900
130.862500 10.5760489 -0.3033610 5.1988354 0.0442844 0.9512012 0.0027027 -0.3053652
130.966100 10.5117273 -0.3017953 5.1085281 0.0436745 0.9510106 0.0023407 -0.3060489
131.070000 10.4478884 -0.3004281 5.0188036 0.0431364 0.9508114 0.0022087 -0.3067442
131.173700 10.3836899 -0.2984206 4.9289131 0.0435523 0.9506161 0.0025110 -0.3072879
131.277500 10.3188000 -0.2961251 4.8391466 0.0451475 0.9504131 0.0034577 -0.3076763
131.381100 10.2536030 -0.2944078 4.7499380 0.0463926 0.9503083 0.0039009 -0.3078094
131.484800 10.1891747 -0.2924142 4.6606369 0.0473865 0.9501335 0.0032442 -0.3082049
131.588500 10.1239815 -0.2900410 4.5708723 0.0481186 0.9499964 0.0031610 -0.3085148
131.796000 9.9941483 -0.2853183 4.3919353 0.0505265 0.9498541 0.0037622 -0.3085612
131.899600 9.9298744 -0.2828110 4.3020849 0.0509067 0.9498211 0.0032076 -0.3086066
132.107000 9.8009224 -0.2790394 4.1237516 0.0496666 0.9501022 0.0029949 -0.3079450
132.314400 9.6721287 -0.2748300 3.9429321 0.0485336 0.9505646 0.0033240 -0.3066926
132.521700 9.5437021 -0.2705710 3.7628973 0.0481419 0.9511170 0.0045148 -0.3050221
132.729100 9.4165773 -0.2670671 3.5817466 0.0455287 0.9517835 0.0029256 -0.3033590
132.936500 9.2910900 -0.2640673 3.4009457 0.0415331 0.9526377 0.0022830 -0.3012493
133.040100 9.2286987 -0.2625068 3.3097529 0.0406432 0.9530231 0.0038607 -0.3001335
133.247500 9.1052647 -0.2593091 3.1278653 0.0406649 0.9537435 0.0055423 -0.2978069
133.454800 8.9820805 -0.2559543 2.9474812 0.0430799 0.9546124 0.0054621 -0.2946685
133.662200 8.8590031 -0.2527397 2.7641935 0.0449155 0.9556229 0.0048574 -0.2911082
133.869700 8.7388678 -0.2485578 2.5807972 0.0456723 0.9573547 0.0045458 -0.2852463
134.077100 8.6208448 -0.2459194 2.3953345 0.0428208 0.9594603 0.0023934 -0.2785619
134.284500 8.5051603 -0.2433349 2.2067974 0.0406907 0.9614587 0.0035529 -0.2718985
134.491900 8.3918829 -0.2409854 2.0167959 0.0410603 0.9633057 0.0055014 -0.2651903
134.595600 8.3366280 -0.2391275 1.9204719 0.0394499 0.9642249 0.0039348 -0.2621042
134.803100 8.2299080 -0.2372061 1.7322793 0.0399350 0.9655937 0.0019465 -0.2569635
135.010600 8.1230001 -0.2365237 1.5424418 0.0415144 0.9665575 0.0034137 -0.2530445
135.218100 8.0166321 -0.2346831 1.3511310 0.0430971 0.9671094 0.0025761 -0.2506699
135.529500 7.8578038 -0.2329107 1.0604610 0.0417540 0.9681872 0.0017709 -0.2467125
135.633100 7.8062267 -0.2322104 0.9640741 0.0411326 0.9685425 0.0025036 -0.2454126
135.840600 7.7032442 -0.2308401 0.7700255 0.0406789 0.9692172 0.0030859 -0.2428037
135.944200 7.6529856 -0.2300429 0.6735880 0.0408854 0.9695083 0.0024288 -0.2416113
136.151600 7.5507102 -0.2284009 0.4790635 0.0434149 0.9700672 0.0018570 -0.2389171
136.255200 7.4999871 -0.2280954 0.3813183 0.0443910 0.9703038 0.0012941 -0.2377777
136.462700 7.4007440 -0.2275131 0.1858902 0.0412295 0.9708133 0.0013446 -0.2362625
136.670200 7.3016148 -0.2263253 -0.0109427 0.0383374 0.9711847 0.0049090 -0.2351730
136.877700 7.2021389 -0.2238045 -0.2072287 0.0374428 0.9714282 0.0048740 -0.2343107
136.981400 7.1518044 -0.2230187 -0.3053138 0.0381088 0.9715408 0.0051761 -0.2337293
137.292500 7.0050254 -0.2203848 -0.5998840 0.0377546 0.9717774 0.0021892 -0.2328488
137.500000 6.9060926 -0.2199651 -0.7959476 0.0368912 0.9721066 0.0025302 -0.2316060
137.707400 6.8092971 -0.2184776 -0.9946070 0.0366254 0.9723693 0.0019736 -0.2305485
137.914700 6.7122955 -0.2178832 -1.1917984 0.0374503 0.9727311 0.0022577 -0.2288813
138.122100 6.6151795 -0.2167562 -1.3881820 0.0381820 0.9730046 0.0000079 -0.2276054
138.329600 6.5168147 -0.2173671 -1.5865098 0.0391873 0.9729847 -0.0003218 -0.2275191
138.433400 6.4677639 -0.2172272 -1.6855693 0.0387472 0.9727440 -0.0004926 -0.2286209
138.641000 6.3702002 -0.2177271 -1.8831193 0.0368819 0.9717921 0.0010995 -0.2329347
138.848500 6.2706289 -0.2173564 -2.0801551 0.0352888 0.9702992 0.0041251 -0.2392848
139.056000 6.1669431 -0.2160062 -2.2769775 0.0347100 0.9682171 0.0060739 -0.2476167
139.263600 6.0602288 -0.2143087 -2.4711852 0.0321802 0.9657430 0.0047349 -0.2574538
139.471100 5.9492307 -0.2134028 -2.6623216 0.0297982 0.9630368 0.0059946 -0.2676494
139.678500 5.8343744 -0.2109059 -2.8501308 0.0304623 0.9601150 0.0060750 -0.2778748
139.886000 5.7157550 -0.2092061 -3.0345192 0.0322424 0.9569871 0.0057110 -0.2882767
140.093500 5.5924301 -0.2064647 -3.2153866 0.0338899 0.9534277 0.0044470 -0.2996787
140.300900 5.4626951 -0.2046836 -3.3949852 0.0375520 0.9496406 0.0053605 -0.3110367
140.508200 5.3281312 -0.2010279 -3.5719652 0.0411331 0.9457898 0.0050744 -0.3221242
140.612000 5.2595525 -0.1989726 -3.6592240 0.0418200 0.9441440 0.0034867 -0.3268503
140.715600 5.1903157 -0.1972248 -3.7458451 0.0423585 0.9425849 0.0021746 -0.3312623
140.819400 5.1208553 -0.1957460 -3.8322604 0.0424983 0.9412869 0.0017310 -0.3349177
140.923100 5.0495195 -0.1941704 -3.9182644 0.0444961 0.9400457 0.0001123 -0.3381333
141.026700 4.9781251 -0.1918257 -4.0033851 0.0472680 0.9388303 -0.0006466 -0.3411204
141.130500 4.9060493 -0.1898330 -4.0890522 0.0474155 0.9378281 -0.0004588 -0.3438459
141.234200 4.8341289 -0.1883441 -4.1739268 0.0488163 0.9364814 -0.0019908 -0.3472978
141.338000 4.7617588 -0.1867701 -4.2590761 0.0481982 0.9353837 -0.0016820 -0.3503306
141.441700 4.6899610 -0.1855952 -4.3432269 0.0455064 0.9344836 -0.0010170 -0.3530842
141.545500 4.6155133 -0.1837623 -4.4271436 0.0469552 0.9334577 -0.0014366 -0.3555979
141.649100 4.5422602 -0.1816879 -4.5107450 0.0467619 0.9325379 0.0001056 -0.3580315
141.752900 4.4673100 -0.1806608 -4.5947514 0.0472806 0.9316229 0.0016930 -0.3603339
141.856600 4.3911500 -0.1775428 -4.6788206 0.0458594 0.9310824 0.0011372 -0.3619131
141.960200 4.3144474 -0.1748800 -4.7620606 0.0441369 0.9305493 0.0003790 -0.3634967
142.064000 4.2386751 -0.1732068 -4.8451948 0.0439697 0.9297003 0.0019818 -0.3656777
142.167700 4.1617322 -0.1711223 -4.9281149 0.0443313 0.9286181 0.0035939 -0.3683616
142.271500 4.0848041 -0.1685677 -5.0093670 0.0449287 0.9272173 0.0028002 -0.3718086
142.375400 4.0069709 -0.1657087 -5.0908256 0.0439650 0.9256796 0.0021263 -0.3757390
142.479100 3.9269638 -0.1639792 -5.1723337 0.0441271 0.9240198 0.0013470 -0.3797873
142.686500 3.7630148 -0.1607046 -5.3341942 0.0451829 0.9217027 0.0006802 -0.3852559
142.790100 3.6825013 -0.1584157 -5.4150753 0.0454353 0.9208441 0.0009804 -0.3872737
142.997500 3.5174046 -0.1530791 -5.5766916 0.0449458 0.9200219 0.0027063 -0.3892714
143.204700 3.3537095 -0.1474423 -5.7355242 0.0446497 0.9203927 0.0035347 -0.3884214
143.412100 3.1904693 -0.1427447 -5.8974752 0.0438559 0.9211836 0.0042079 -0.3866259
143.619600 3.0314503 -0.1380294 -6.0536346 0.0400404 0.9219890 0.0004845 -0.3851402
143.827000 2.8764813 -0.1345341 -6.2096906 0.0411011 0.9221867 -0.0004693 -0.3845544
144.138000 2.6396265 -0.1294945 -6.4459167 0.0442707 0.9222391 0.0003383 -0.3840769
144.449100 2.3959231 -0.1244859 -6.6875200 0.0419903 0.9220076 -0.0003504 -0.3848880
144.656500 2.2355421 -0.1212785 -6.8483171 0.0422454 0.9215949 0.0012269 -0.3858454
144.967900 2.0007644 -0.1077908 -7.0821071 0.0421673 0.9202124 -0.0001818 -0.3891414
145.175400 1.8392115 -0.1064394 -7.2396932 0.0421829 0.9190959 0.0012047 -0.3917676
145.486600 1.5951865 -0.0998252 -7.4737720 0.0414047 0.9176926 0.0031044 -0.3951156
145.797700 1.3494322 -0.0936766 -7.7060289 0.0425335 0.9165999 0.0018629 -0.3975324
146.212500 1.0207634 -0.0848666 -8.0133934 0.0412491 0.9161435 0.0042618 -0.3986997
146.419900 0.8571463 -0.0799155 -8.1680536 0.0404135 0.9158965 0.0057411 -0.3993336
146.730900 0.6147163 -0.0717821 -8.3963461 0.0408522 0.9160004 -0.0013565 -0.3990896
146.834600 0.5294034 -0.0703642 -8.4749146 0.0397931 0.9162538 -0.0005815 -0.3986166
147.042000 0.3638844 -0.0671754 -8.6303749 0.0405005 0.9165027 0.0027271 -0.3979638
147.145700 0.2835155 -0.0649314 -8.7060366 0.0419820 0.9164814 0.0017317 -0.3978646
147.353100 0.1184025 -0.0607052 -8.8604021 0.0437765 0.9165055 0.0005805 -0.3976192
147.456900 0.0356131 -0.0597681 -8.9384270 0.0449272 0.9164478 0.0004709 -0.3976240
147.664300 -0.1295500 -0.0561128 -9.0928688 0.0454095 0.9167414 -0.0007868 -0.3968911
147.768000 -0.2110133 -0.0545827 -9.1694946 0.0456754 0.9169067 0.0000972 -0.3964794
147.975500 -0.3742800 -0.0507492 -9.3253345 0.0427750 0.9172654 0.0012801 -0.3959707
148.183000 -0.5358176 -0.0469486 -9.4800892 0.0413177 0.9175185 0.0033069 -0.3955272
148.390400 -0.6968169 -0.0427350 -9.6341019 0.0415293 0.9177643 0.0023260 -0.3949412
148.597900 -0.8611021 -0.0376285 -9.7893963 0.0397304 0.9184005 0.0005569 -0.3936516
148.805400 -1.0214844 -0.0345315 -9.9430122 0.0387870 0.9187966 0.0009401 -0.3928199
149.012800 -1.1810131 -0.0311718 -10.0978622 0.0379935 0.9190646 0.0020812 -0.3922658
149.116400 -1.2617059 -0.0293557 -10.1756954 0.0394189 0.9190199 0.0018789 -0.3922310
149.323900 -1.4223528 -0.0259725 -10.3310165 0.0355104 0.9193640 0.0018254 -0.3917979
149.427500 -1.5023589 -0.0245207 -10.4093628 0.0320054 0.9196079 0.0023194 -0.3915247
149.634900 -1.6635914 -0.0214252 -10.5667782 0.0329376 0.9196568 0.0051735 -0.3913051
149.738600 -1.7441134 -0.0198573 -10.6445980 0.0328684 0.9199378 0.0039711 -0.3906639
149.946100 -1.9039526 -0.0168496 -10.8007679 0.0323495 0.9199800 0.0041067 -0.3906066
150.049700 -1.9834843 -0.0148549 -10.8789616 0.0315179 0.9200115 0.0045710 -0.3905953
150.257200 -2.1415892 -0.0123124 -11.0331039 0.0317220 0.9202011 0.0028512 -0.3901480
150.361000 -2.2207494 -0.0110999 -11.1102276 0.0319841 0.9202922 0.0019987 -0.3899170
150.464700 -2.3001757 -0.0101354 -11.1878433 0.0334241 0.9203662 0.0019227 -0.3896219
150.672100 -2.4581594 -0.0074989 -11.3410025 0.0333986 0.9207513 0.0024739 -0.3887099
150.775700 -2.5325246 -0.0066606 -11.4160595 0.0313037 0.9209461 0.0031420 -0.3884179
151.086900 -2.7618604 -0.0039019 -11.6425381 0.0268029 0.9212094 0.0024648 -0.3881350
151.294200 -2.9168057 -0.0028065 -11.7932119 0.0256962 0.9214133 0.0026808 -0.3877242
151.605500 -3.1438408 -0.0010676 -12.0199709 0.0244553 0.9216633 -0.0003083 -0.3872190
151.709100 -3.2186904 -0.0007860 -12.0942106 0.0246330 0.9217153 -0.0004890 -0.3870838
151.916600 -3.3703647 -0.0007828 -12.2442474 0.0215495 0.9217983 -0.0022763 -0.3870637
152.124100 -3.5180960 -0.0024874 -12.3932343 0.0159372 0.9216760 -0.0031376 -0.3876202
152.227900 -3.5921226 -0.0041736 -12.4673271 0.0143642 0.9216284 -0.0021427 -0.3878018
152.331500 -3.6667056 -0.0054190 -12.5415783 0.0135773 0.9216900 -0.0006172 -0.3876892
152.435200 -3.7404547 -0.0061643 -12.6147671 0.0135613 0.9219041 0.0000416 -0.3871807
152.538900 -3.8142986 -0.0073018 -12.6882820 0.0142141 0.9223028 0.0004475 -0.3862064
152.746200 -3.9584770 -0.0102206 -12.8324556 0.0144762 0.9232025 -0.0062418 -0.3839905
152.953500 -4.1025453 -0.0138689 -12.9762840 0.0217051 0.9242766 -0.0077364 -0.3810272
153.160900 -4.2441578 -0.0166884 -13.1211939 0.0232662 0.9258379 -0.0059354 -0.3771574
153.368200 -4.3794441 -0.0195684 -13.2641678 0.0204726 0.9270076 -0.0049115 -0.3744511
153.575600 -4.5122585 -0.0238286 -13.4028730 0.0218945 0.9282277 -0.0106849 -0.3712139
153.783100 -4.6405778 -0.0283426 -13.5404882 0.0207759 0.9291347 -0.0105738 -0.3690057
153.990500 -4.7629580 -0.0337633 -13.6745863 0.0129928 0.9298026 -0.0093893 -0.3677093
154.301600 -4.9363360 -0.0409463 -13.8672733 0.0040845 0.9306350 -0.0025038 -0.3659175
154.613000 -5.0936823 -0.0478176 -14.0448427 -0.0116238 0.9299474 0.0005072 -0.3675085
154.924700 -5.2411141 -0.0539075 -14.2039051 -0.0244758 0.9250607 0.0073241 -0.3789590
155.236600 -5.3790035 -0.0602705 -14.3401537 -0.0369614 0.9155243 0.0094024 -0.4004506
155.548900 -5.5062695 -0.0681121 -14.4521303 -0.0467000 0.8983485 0.0131082 -0.4365973
155.861400 -5.6327181 -0.0753923 -14.5393257 -0.0463287 0.8727310 0.0131283 -0.4858209
156.069600 -5.7148328 -0.0805092 -14.5820541 0.0458077 -0.8517109 -0.0113394 0.5218829
156.277900 -5.7967272 -0.0855120 -14.6137638 0.0391607 -0.8290046 -0.0099598 0.5577800
156.486100 -5.8799877 -0.0898501 -14.6378412 0.0324140 -0.8008794 -0.0125302 0.5978165
156.694500 -5.9621353 -0.0925390 -14.6538439 0.0253828 -0.7650899 -0.0178762 0.6431746
156.902800 -6.0428648 -0.0947333 -14.6564131 0.0174237 -0.7255332 -0.0193643 0.6876939
157.110900 -6.1217003 -0.0974844 -14.6510868 0.0148851 -0.6836020 -0.0213287 0.7293914
157.422700 -6.2351065 -0.1000028 -14.6252260 0.0139467 -0.6181602 -0.0215512 0.7856329
157.630500 -6.3079004 -0.1021203 -14.5978546 0.0152945 -0.5722339 -0.0217491 0.8196593
157.838200 -6.3780675 -0.1041669 -14.5623760 0.0183251 -0.5244917 -0.0220926 0.8509316
158.045900 -6.4441261 -0.1057077 -14.5171347 0.0171075 -0.4756670 -0.0232210 0.8791524
158.253500 -6.5078707 -0.1085671 -14.4631491 0.0131887 -0.4255643 -0.0249408 0.9044883
158.461100 -6.5677204 -0.1101908 -14.4009132 0.0122041 -0.3755018 -0.0265957 0.9263597
158.668600 -6.6217456 -0.1115131 -14.3305464 0.0138796 -0.3266020 -0.0258387 0.9447067
158.876100 -6.6704559 -0.1134188 -14.2515488 0.0140124 -0.2786993 -0.0230889 0.9599985
159.083500 -6.7125306 -0.1159753 -14.1648149 0.0132144 -0.2322607 -0.0199080 0.9723600
159.290900 -6.7482290 -0.1191373 -14.0717936 0.0119928 -0.1892312 -0.0171688 0.9817092
159.394500 -6.7640290 -0.1208625 -14.0232010 0.0121768 -0.1697328 -0.0167031 0.9852733
159.498100 -6.7786636 -0.1221447 -13.9728613 0.0129840 -0.1521155 -0.0155484 0.9881551
159.601700 -6.7915535 -0.1241887 -13.9213772 0.0137907 -0.1365013 -0.0138607 0.9904469
159.705200 -6.8035460 -0.1259479 -13.8686371 0.0150271 -0.1221961 -0.0113076 0.9923278
159.912500 -6.8258839 -0.1303409 -13.7590437 0.0175503 -0.0983865 -0.0103390 0.9949398
160.119800 -6.8440857 -0.1349484 -13.6444330 0.0172503 -0.0810817 -0.0071606 0.9965324
160.223400 -6.8521943 -0.1377305 -13.5854073 0.0161574 -0.0750728 -0.0059063 0.9970297
160.430500 -6.8683825 -0.1422528 -13.4655075 0.0139311 -0.0675513 -0.0024562 0.9976155
160.637900 -6.8839064 -0.1468202 -13.3411455 0.0109720 -0.0640290 -0.0004112 0.9978876
160.845200 -6.9007215 -0.1508585 -13.2133265 0.0112845 -0.0628229 -0.0008993 0.9979605
161.052600 -6.9163332 -0.1546551 -13.0824699 0.0101423 -0.0614857 0.0013114 0.9980556
161.260100 -6.9332457 -0.1585409 -12.9490871 0.0088857 -0.0601992 0.0010579 0.9981463
161.467500 -6.9490266 -0.1619658 -12.8125877 0.0081061 -0.0590368 0.0030006 0.9982184
161.675000 -6.9649944 -0.1653768 -12.6716175 0.0054171 -0.0574553 0.0052436 0.9983196
161.882500 -6.9808178 -0.1686106 -12.5312176 0.0036560 -0.0559718 0.0072475 0.9983994
162.089900 -6.9958735 -0.1716183 -12.3925371 0.0030866 -0.0547210 0.0106079 0.9984406
162.297200 -7.0097814 -0.1746452 -12.2565145 -0.0011339 -0.0535872 0.0129383 0.9984787
162.504600 -7.0243692 -0.1771979 -12.1227617 -0.0032776 -0.0537951 0.0137548 0.9984519
162.712100 -7.0395150 -0.1787724 -11.9925222 -0.0014822 -0.0554679 0.0148529 0.9983489
163.023300 -7.0625930 -0.1820371 -11.8008966 -0.0003456 -0.0591413 0.0105704 0.9981936
163.230800 -7.0783892 -0.1842511 -11.6765394 -0.0064239 -0.0621738 0.0104938 0.9979895
163.438300 -7.0952783 -0.1854269 -11.5564928 -0.0048954 -0.0661162 0.0078602 0.9977689
163.645800 -7.1128535 -0.1862842 -11.4393492 -0.0082382 -0.0711501 0.0064221 0.9974110
163.853300 -7.1311498 -0.1867767 -11.3251219 -0.0115287 -0.0779570 0.0069184 0.9968660
164.060600 -7.1517367 -0.1860735 -11.2112045 -0.0059398 -0.0875056 0.0079738 0.9961144
164.164400 -7.1627116 -0.1860569 -11.1552286 -0.0046844 -0.0926282 0.0092477 0.9956468
164.268100 -7.1744232 -0.1861225 -11.0980721 -0.0048921 -0.0985610 0.0095645 0.9950730
164.475600 -7.2005391 -0.1865717 -10.9844646 -0.0079777 -0.1095301 0.0104329 0.9938967
164.683000 -7.2293806 -0.1869569 -10.8695526 -0.0074817 -0.1208723 0.0097216 0.9925923
164.786700 -7.2449360 -0.1870194 -10.8125982 -0.0049593 -0.1262005 0.0095932 0.9919460
164.890500 -7.2612629 -0.1872131 -10.7559147 -0.0026230 -0.1312907 0.0102369 0.9912876
164.994400 -7.2777967 -0.1877719 -10.6989927 -0.0012153 -0.1362078 0.0116332 0.9906113
