0.000000 0.0000000 0.0000000 0.0000000 0.0000000 0.0000000 0.0000000 1.0000000
0.103391 -0.0003098 -0.0002098 0.0818416 0.0022715 0.0007319 -0.0004082 0.9999971
0.207106 -0.0001575 -0.0000897 0.1630974 0.0027022 0.0010571 0.0006596 0.9999956
0.310262 -0.0003939 -0.0000225 0.2447436 0.0007262 0.0012387 0.0014443 0.9999979
0.413621 -0.0000802 -0.0002110 0.3260409 -0.0023371 0.0008206 0.0026487 0.9999934
0.517929 -0.0001006 -0.0000734 0.4060905 -0.0023629 0.0001814 0.0044102 0.9999875
0.620389 -0.0000879 0.0001670 0.4856959 -0.0009481 -0.0002389 0.0056267 0.9999837
0.724219 -0.0003099 0.0004317 0.5648425 0.0007932 -0.0006434 0.0059704 0.9999816
0.827211 -0.0006285 0.0004969 0.6441932 0.0010956 -0.0010776 0.0058207 0.9999819
0.930557 -0.0012715 0.0006890 0.7230464 0.0002509 -0.0015592 0.0056502 0.9999828
1.034070 -0.0016675 0.0007747 0.8020210 -0.0011619 -0.0019940 0.0055622 0.9999819
1.137438 -0.0019872 0.0006924 0.8801287 -0.0020349 -0.0025174 0.0057355 0.9999783
1.244258 -0.0028888 0.0011827 0.9580330 -0.0023544 -0.0027177 0.0062005 0.9999743
1.447568 -0.0049858 0.0019016 1.1130258 -0.0016186 -0.0032880 0.0064436 0.9999725
1.551083 -0.0053522 0.0022630 1.1895989 -0.0006045 -0.0041919 0.0067841 0.9999680
1.654521 -0.0062362 0.0027898 1.2660116 0.0001474 -0.0049871 0.0073556 0.9999605
1.861353 -0.0093036 0.0025332 1.4190630 0.0008222 -0.0064695 0.0065140 0.9999575
2.068236 -0.0120745 0.0025593 1.5712363 0.0004154 -0.0081612 0.0060982 0.9999480
2.275131 -0.0153528 0.0025427 1.7221507 -0.0004853 -0.0096492 0.0056478 0.9999374
2.482010 -0.0184662 0.0025819 1.8705218 -0.0001284 -0.0114250 0.0063025 0.9999149
2.689023 -0.0229558 0.0028014 2.0164645 -0.0012948 -0.0123136 0.0060484 0.9999050
2.793694 -0.0247553 0.0028298 2.0887303 -0.0027437 -0.0127539 0.0066609 0.9998927
2.999556 -0.0293414 0.0031208 2.2305124 -0.0029844 -0.0133538 0.0063295 0.9998863
3.206573 -0.0346157 0.0036990 2.3664765 -0.0007258 -0.0139325 0.0052150 0.9998891
3.413963 -0.0396028 0.0036976 2.5006232 -0.0003467 -0.0150682 0.0048043 0.9998748
3.620721 -0.0439518 0.0030696 2.6326592 -0.0000038 -0.0171930 0.0047926 0.9998407
3.827725 -0.0490928 0.0038319 2.7611916 -0.0015575 -0.0191773 0.0050896 0.9998019
4.034871 -0.0552433 0.0039847 2.8861370 -0.0024256 -0.0210783 0.0040427 0.9997667
4.243437 -0.0614212 0.0044356 3.0078793 -0.0015909 -0.0230194 0.0020796 0.9997316
4.449183 -0.0682633 0.0049152 3.1270614 -0.0030657 -0.0242906 0.0011018 0.9996997
4.656235 -0.0749431 0.0048313 3.2421291 -0.0022870 -0.0238167 -0.0018623 0.9997120
4.760815 -0.0779876 0.0047293 3.2972512 -0.0007889 -0.0228819 -0.0027165 0.9997342
4.966824 -0.0827975 0.0056949 3.4075572 -0.0001251 -0.0203774 -0.0034930 0.9997863
5.073257 -0.0853947 0.0055525 3.4618683 -0.0015072 -0.0187947 -0.0057566 0.9998056
5.174268 -0.0880822 0.0055759 3.5151048 -0.0031818 -0.0168012 -0.0079253 0.9998224
5.381142 -0.0919329 0.0063135 3.6162846 -0.0037243 -0.0119336 -0.0122054 0.9998474
5.588095 -0.0943540 0.0068860 3.7116389 -0.0054470 -0.0057909 -0.0168134 0.9998270
5.795223 -0.0951327 0.0068848 3.8002062 -0.0055012 0.0013950 -0.0201784 0.9997803
6.002373 -0.0954131 0.0073992 3.8817191 -0.0040584 0.0091324 -0.0244770 0.9996504
6.209506 -0.0935115 0.0074937 3.9552145 -0.0026360 0.0170963 -0.0257099 0.9995198
7.038067 -0.0765210 0.0065872 4.1721950 -0.0020355 0.0544544 -0.0304290 0.9980505
7.245330 -0.0695071 0.0067224 4.2159662 0.0006437 0.0689715 -0.0317318 0.9971136
7.763356 -0.0446312 0.0054402 4.3204455 0.0017654 0.1149904 -0.0319911 0.9928498
8.074250 -0.0234121 0.0048579 4.3815355 0.0031732 0.1500397 -0.0342693 0.9880807
8.488779 0.0153644 0.0020607 4.4619536 0.0035188 0.2086170 -0.0363059 0.9773170
8.696029 0.0408921 0.0005969 4.4994826 0.0063814 0.2444580 -0.0339174 0.9690455
8.903911 0.0703857 -0.0008054 4.5374422 0.0097923 0.2834380 -0.0350304 0.9583005
9.110580 0.1054277 -0.0028601 4.5764484 0.0107585 0.3256698 -0.0384063 0.9446419
9.525112 0.1974859 -0.0089958 4.6546946 0.0112394 0.4187715 -0.0394401 0.9071651
9.732384 0.2584300 -0.0122079 4.6919441 0.0127517 0.4686651 -0.0387376 0.8824340
9.939685 0.3281691 -0.0163281 4.7247500 0.0125192 0.5177330 -0.0376247 0.8546228
10.146770 0.4049643 -0.0207514 4.7530026 0.0091166 0.5638534 -0.0390262 0.8249019
10.353670 0.4883689 -0.0253763 4.7722130 0.0127214 0.6052408 -0.0353657 0.7951547
10.457170 0.5337507 -0.0277946 4.7793646 0.0154629 0.6235670 -0.0297693 0.7810499
10.562990 0.5799806 -0.0303186 4.7849050 0.0181652 0.6404508 -0.0271425 0.7673044
10.664530 0.6268110 -0.0326318 4.7892971 0.0195113 0.6552631 -0.0269424 0.7546679
10.767050 0.6760377 -0.0355568 4.7926126 0.0227818 0.6677375 -0.0246348 0.7436402
10.870220 0.7259274 -0.0386391 4.7942443 0.0244423 0.6785561 -0.0220171 0.7338116
10.973420 0.7775871 -0.0415218 4.7953105 0.0260675 0.6878017 -0.0192486 0.7251750
11.180190 0.8838071 -0.0463060 4.7959375 0.0286124 0.7007903 -0.0173613 0.7125818
11.284150 0.9383065 -0.0502344 4.7958026 0.0283421 0.7055891 -0.0171781 0.7078458
11.488980 1.0499948 -0.0563909 4.7924609 0.0314094 0.7127576 -0.0166097 0.7005099
11.695270 1.1677171 -0.0628186 4.7881427 0.0333446 0.7167137 -0.0155169 0.6963970
11.901710 1.2913470 -0.0691451 4.7851973 0.0284135 0.7189832 -0.0138374 0.6943086
12.108000 1.4186815 -0.0754736 4.7794957 0.0268969 0.7195339 -0.0094574 0.6938718
12.314500 1.5478003 -0.0823960 4.7750859 0.0317227 0.7192390 -0.0113029 0.6939461
12.521050 1.6809620 -0.0885408 4.7712851 0.0353865 0.7176841 -0.0140041 0.6953282
12.727430 1.8186373 -0.0967429 4.7678356 0.0313505 0.7160913 -0.0104533 0.6972238
12.934130 1.9556215 -0.1048179 4.7644978 0.0348768 0.7139261 -0.0096218 0.6992857
13.141650 2.0929008 -0.1126021 4.7629800 0.0355116 0.7118924 -0.0133323 0.7012634
13.348030 2.2324982 -0.1216569 4.7623281 0.0327654 0.7091333 -0.0109335 0.7042279
13.554880 2.3701985 -0.1302893 4.7624960 0.0365005 0.7069658 -0.0112231 0.7062160
13.761270 2.5097332 -0.1385648 4.7643156 0.0351631 0.7042731 -0.0129810 0.7089390
13.968170 2.6488426 -0.1475647 4.7650023 0.0373675 0.7017686 -0.0090494 0.7113667
14.175050 2.7882276 -0.1560171 4.7676520 0.0389105 0.6995992 -0.0081600 0.7134286
14.485500 2.9978318 -0.1690864 4.7730379 0.0390073 0.6959179 -0.0066402 0.7170304
14.795970 3.2095170 -0.1815239 4.7823071 0.0386207 0.6928519 -0.0083229 0.7199968
15.106400 3.4229193 -0.1951076 4.7940774 0.0373885 0.6899425 -0.0112525 0.7228104
15.313360 3.5665164 -0.2050091 4.8023729 0.0390428 0.6875241 -0.0133880 0.7249876
15.520220 3.7122309 -0.2145005 4.8125672 0.0361901 0.6852784 -0.0172993 0.7271757
15.727200 3.8584015 -0.2254946 4.8222451 0.0373203 0.6825192 -0.0173432 0.7297081
15.934250 4.0070324 -0.2354738 4.8349314 0.0353601 0.6797163 -0.0186391 0.7323851
16.140910 4.1569486 -0.2465952 4.8484392 0.0356750 0.6761519 -0.0209027 0.7356011
16.348280 4.3073521 -0.2582449 4.8639398 0.0395457 0.6710205 -0.0265252 0.7399081
16.658020 4.5367908 -0.2778834 4.8922992 0.0369329 0.6626859 -0.0286994 0.7474355
16.968080 4.7686396 -0.2973708 4.9255824 0.0289288 0.6544639 -0.0248034 0.7551324
17.279480 4.9947438 -0.3146122 4.9630728 0.0316637 0.6465946 -0.0263491 0.7617207
17.485440 5.1418233 -0.3267457 4.9899712 0.0333017 0.6425502 -0.0291823 0.7649632
17.693880 5.2870374 -0.3392857 5.0176454 0.0326392 0.6384891 -0.0276853 0.7684399
17.899360 5.4293685 -0.3504806 5.0456028 0.0272484 0.6355484 -0.0236725 0.7712168
18.106340 5.5678906 -0.3606414 5.0752635 0.0240508 0.6330328 -0.0242402 0.7733715
18.417190 5.7668357 -0.3750089 5.1190190 0.0254480 0.6306525 -0.0298879 0.7750720
18.727490 5.9584627 -0.3899723 5.1616917 0.0276133 0.6285146 -0.0329089 0.7766106
18.934680 6.0824962 -0.4003895 5.1883888 0.0256188 0.6279480 -0.0309127 0.7772191
19.245500 6.2624245 -0.4149356 5.2284942 0.0247882 0.6293725 -0.0308648 0.7760949
19.452110 6.3762922 -0.4243924 5.2522864 0.0278511 0.6310552 -0.0326508 0.7745499
19.660070 6.4879541 -0.4332196 5.2740531 0.0281867 0.6324607 -0.0318965 0.7734219
19.866980 6.5974441 -0.4424685 5.2962165 0.0254231 0.6344220 -0.0297237 0.7719967
20.073350 6.7021489 -0.4509518 5.3161855 0.0284907 0.6359358 -0.0274683 0.7707266
20.383850 6.8555813 -0.4631986 5.3440247 0.0320453 0.6379098 -0.0286043 0.7689123
20.590890 6.9585314 -0.4713176 5.3625689 0.0340150 0.6382140 -0.0248347 0.7687061
20.797730 7.0624299 -0.4789706 5.3813076 0.0361335 0.6366681 -0.0215715 0.7699888
21.004610 7.1666179 -0.4875265 5.4029460 0.0349089 0.6331936 -0.0228885 0.7728670
21.213570 7.2726388 -0.4948449 5.4264798 0.0347290 0.6276268 -0.0227891 0.7774054
21.417970 7.3811026 -0.5033036 5.4532137 0.0329340 0.6206458 -0.0227712 0.7830681
21.730330 7.5469790 -0.5157940 5.4994469 0.0318658 0.6088685 -0.0273891 0.7921575
21.936170 7.6613588 -0.5246066 5.5341311 0.0319193 0.6000423 -0.0304207 0.7987521
22.141920 7.7790256 -0.5340259 5.5725946 0.0312733 0.5914581 -0.0315551 0.8051109
22.348790 7.9000754 -0.5427199 5.6143808 0.0285862 0.5826070 -0.0312302 0.8116505
22.555690 8.0254412 -0.5522577 5.6604452 0.0262546 0.5736027 -0.0259024 0.8183029
22.762490 8.1544285 -0.5602453 5.7101355 0.0266036 0.5650921 -0.0224544 0.8242930
22.969530 8.2872334 -0.5675563 5.7629342 0.0275818 0.5585274 -0.0129482 0.8289263
23.176610 8.4224014 -0.5763335 5.8190708 0.0291769 0.5521108 -0.0091821 0.8332095
23.487620 8.6233473 -0.5883030 5.9081979 0.0375887 0.5429513 -0.0118016 0.8388395
23.694540 8.7537060 -0.5993236 5.9710937 0.0338191 0.5390201 -0.0172882 0.8414361
23.903510 8.8811998 -0.6101075 6.0322618 0.0355979 0.5350993 -0.0205491 0.8437886
24.108220 9.0056124 -0.6212305 6.0936050 0.0344976 0.5315841 -0.0221962 0.8460116
24.315110 9.1280928 -0.6314960 6.1540699 0.0325088 0.5280102 -0.0199022 0.8483822
24.522420 9.2452698 -0.6412745 6.2139087 0.0316519 0.5246364 -0.0211667 0.8504744
24.728750 9.3598986 -0.6509416 6.2731485 0.0326451 0.5223880 -0.0196426 0.8518564
24.935580 9.4704466 -0.6604201 6.3304873 0.0323706 0.5207367 -0.0192238 0.8528868
25.142500 9.5772667 -0.6695516 6.3864956 0.0334283 0.5185689 -0.0193484 0.8541631
25.349360 9.6806564 -0.6784074 6.4404807 0.0356211 0.5157102 -0.0176504 0.8558403
25.556300 9.7806044 -0.6866943 6.4933558 0.0368719 0.5125317 -0.0153388 0.8577392
25.866530 9.9263039 -0.6997809 6.5732765 0.0377706 0.5074896 -0.0139960 0.8607159
26.074530 10.0199966 -0.7080619 6.6267080 0.0396472 0.5035701 -0.0138022 0.8629338
26.280040 10.1122046 -0.7171036 6.6806459 0.0418322 0.4982104 -0.0180796 0.8658577
26.590190 10.2480955 -0.7312868 6.7670374 0.0445699 0.4886433 -0.0271372 0.8709219
26.900360 10.3880081 -0.7460959 6.8597927 0.0349844 0.4797734 -0.0310066 0.8761462
27.210600 10.5324697 -0.7601404 6.9603882 0.0282460 0.4699445 -0.0348084 0.8815570
27.520750 10.6821480 -0.7736520 7.0673652 0.0292825 0.4595479 -0.0397009 0.8867819
27.727690 10.7863178 -0.7831154 7.1461706 0.0263376 0.4523348 -0.0431423 0.8904147
28.037820 10.9474812 -0.7977417 7.2721066 0.0241398 0.4401330 -0.0421796 0.8966165
28.348030 11.1132345 -0.8121061 7.4110308 0.0227418 0.4272056 -0.0448575 0.9027547
28.554810 11.2269735 -0.8219035 7.5072966 0.0222269 0.4219166 -0.0440885 0.9052892
28.761830 11.3446951 -0.8330821 7.6073465 0.0238067 0.4179706 -0.0394108 0.9072930
28.970690 11.4652023 -0.8427275 7.7103682 0.0250396 0.4139600 -0.0322167 0.9093801
29.176740 11.5863361 -0.8528764 7.8183279 0.0245974 0.4103456 -0.0287515 0.9111447
29.384830 11.7069168 -0.8628384 7.9283876 0.0247573 0.4062086 -0.0321454 0.9128792
29.589380 11.8283443 -0.8722410 8.0419359 0.0213431 0.4025189 -0.0339516 0.9145328
29.692890 11.8897724 -0.8769934 8.1002769 0.0177548 0.4004135 -0.0340535 0.9155294
29.899820 12.0127077 -0.8852654 8.2175894 0.0137052 0.3955868 -0.0306182 0.9178158
30.106560 12.1357555 -0.8928583 8.3345728 0.0203790 0.3896833 -0.0246250 0.9203941
30.313330 12.2573423 -0.9018297 8.4547167 0.0277833 0.3827570 -0.0225263 0.9231564
30.520070 12.3786736 -0.9119225 8.5789623 0.0263029 0.3752734 -0.0178888 0.9263682
30.726980 12.4988432 -0.9224716 8.7050858 0.0304003 0.3686424 -0.0157831 0.9289400
30.933840 12.6175728 -0.9325408 8.8345480 0.0310496 0.3640831 -0.0148647 0.9307301
31.142770 12.7376900 -0.9432711 8.9642925 0.0289873 0.3614024 -0.0101777 0.9319037
31.347740 12.8567772 -0.9522455 9.0955086 0.0279375 0.3608468 -0.0078137 0.9321738
31.555590 12.9752893 -0.9619008 9.2275391 0.0276029 0.3613662 -0.0094623 0.9319673
31.763200 13.0934467 -0.9712883 9.3590717 0.0277175 0.3634197 -0.0133871 0.9311169
31.970850 13.2119932 -0.9811968 9.4894199 0.0259719 0.3663343 -0.0164615 0.9299751
32.176640 13.3311367 -0.9907278 9.6178417 0.0231944 0.3695674 -0.0163812 0.9287699
32.382560 13.4504700 -1.0003793 9.7437706 0.0253764 0.3732931 -0.0155827 0.9272354
32.589890 13.5683250 -1.0102706 9.8686342 0.0309880 0.3777977 -0.0225144 0.9250956
32.796560 13.6887941 -1.0216395 9.9915390 0.0254919 0.3825351 -0.0229511 0.9233040
33.003430 13.8078823 -1.0319351 10.1127234 0.0230770 0.3872353 -0.0227042 0.9214124
33.211600 13.9291449 -1.0417109 10.2301750 0.0248253 0.3911699 -0.0209028 0.9197461
33.417090 14.0510101 -1.0516285 10.3453979 0.0284841 0.3958161 -0.0194331 0.9176822
33.623980 14.1739883 -1.0623292 10.4616337 0.0277723 0.4008179 -0.0206868 0.9155030
33.830820 14.2978516 -1.0724988 10.5754299 0.0277093 0.4072829 -0.0218361 0.9126204
34.037880 14.4234276 -1.0829728 10.6891212 0.0310776 0.4147086 -0.0273504 0.9090121
34.244700 14.5523605 -1.0939701 10.7995224 0.0283743 0.4224907 -0.0268877 0.9055240
34.451590 14.6871500 -1.1050745 10.9123878 0.0196798 0.4308228 -0.0260058 0.9018471
34.659100 14.8221521 -1.1133124 11.0205021 0.0189449 0.4394621 -0.0278708 0.8976288
34.866170 14.9606094 -1.1225787 11.1260729 0.0273169 0.4470855 -0.0286268 0.8936156
35.074860 15.1025867 -1.1346635 11.2282066 0.0286300 0.4550004 -0.0259734 0.8896518
35.279490 15.2457571 -1.1467068 11.3281364 0.0271540 0.4627076 -0.0227163 0.8858038
35.486280 15.3875456 -1.1574650 11.4245176 0.0282463 0.4696874 -0.0217382 0.8821130
35.693160 15.5275812 -1.1684365 11.5167370 0.0263615 0.4751331 -0.0177397 0.8793401
35.900040 15.6656065 -1.1794287 11.6064520 0.0254452 0.4798075 -0.0187218 0.8768049
36.108200 15.8016386 -1.1895149 11.6925201 0.0300939 0.4831302 -0.0211150 0.8747764
36.313700 15.9359417 -1.1997377 11.7771807 0.0280266 0.4862515 -0.0210345 0.8731160
36.520460 16.0691624 -1.2103771 11.8584938 0.0250149 0.4889695 -0.0147664 0.8718171
36.727360 16.1993008 -1.2187231 11.9371824 0.0290800 0.4914405 -0.0130380 0.8703278
36.934690 16.3251724 -1.2292095 12.0130758 0.0345887 0.4931400 -0.0188098 0.8690585
37.040370 16.3875465 -1.2342196 12.0503674 0.0370875 0.4943985 -0.0181334 0.8682545
37.141020 16.4506035 -1.2388421 12.0871229 0.0338785 0.4956276 -0.0163047 0.8677210
37.244700 16.5127583 -1.2439274 12.1250677 0.0261677 0.4974101 -0.0163142 0.8669673
37.347880 16.5740166 -1.2484473 12.1626978 0.0206535 0.4989563 -0.0174422 0.8662054
37.451400 16.6340485 -1.2527490 12.1981974 0.0210166 0.4999595 -0.0184372 0.8655974
37.658150 16.7532310 -1.2602108 12.2662725 0.0252598 0.5024080 -0.0185424 0.8640627
37.865070 16.8703842 -1.2684612 12.3329906 0.0237132 0.5048687 -0.0182843 0.8626766
38.072390 16.9846458 -1.2762680 12.3970222 0.0241651 0.5075028 -0.0178883 0.8611254
38.278810 17.0972691 -1.2846493 12.4582310 0.0261073 0.5112328 -0.0185366 0.8588457
38.485830 17.2069263 -1.2917277 12.5171957 0.0280488 0.5159334 -0.0199734 0.8559363
38.692720 17.3169022 -1.3002836 12.5741110 0.0318202 0.5217030 -0.0208835 0.8522778
38.899920 17.4288979 -1.3086454 12.6307735 0.0306649 0.5278378 -0.0240998 0.8484492
39.106870 17.5431366 -1.3175373 12.6858950 0.0296672 0.5337107 -0.0261202 0.8447429
39.313880 17.6597195 -1.3273220 12.7405758 0.0310994 0.5403392 -0.0296901 0.8403481
39.520900 17.7803726 -1.3371551 12.7942753 0.0321923 0.5468602 -0.0326920 0.8359658
39.727990 17.9040394 -1.3486336 12.8474789 0.0330086 0.5535780 -0.0348494 0.8314129
39.934800 18.0329952 -1.3596925 12.8992262 0.0350417 0.5600612 -0.0332843 0.8270403
40.141680 18.1658249 -1.3714371 12.9512854 0.0323890 0.5667783 -0.0319702 0.8226124
40.350540 18.3048267 -1.3825805 13.0020294 0.0307668 0.5722604 -0.0283620 0.8190036
40.556060 18.4481983 -1.3932029 13.0536737 0.0261133 0.5772802 -0.0245058 0.8157605
40.764080 18.5914288 -1.4034555 13.1011753 0.0327012 0.5812878 -0.0241330 0.8126824
40.969360 18.7365208 -1.4143050 13.1488895 0.0444943 0.5848307 -0.0268056 0.8094904
41.282760 18.9683552 -1.4351792 13.2207870 0.0430247 0.5908591 -0.0164338 0.8054591
41.486770 19.1227856 -1.4484036 13.2693195 0.0459996 0.5945433 -0.0240796 0.8023854
41.693290 19.2821865 -1.4629265 13.3182316 0.0424405 0.5988995 -0.0258225 0.7992818
41.900180 19.4428730 -1.4787401 13.3645897 0.0397963 0.6035194 -0.0264376 0.7959155
42.106940 19.6082306 -1.4928194 13.4104118 0.0421896 0.6074115 -0.0273251 0.7927955
42.313830 19.7748375 -1.5082384 13.4537125 0.0436342 0.6107013 -0.0247426 0.7902707
42.520590 19.9436226 -1.5236311 13.4969654 0.0439247 0.6134420 -0.0235180 0.7881665
42.727360 20.1117554 -1.5389216 13.5393343 0.0416172 0.6155717 -0.0231804 0.7866398
42.934150 20.2801304 -1.5546186 13.5822487 0.0403145 0.6173349 -0.0258542 0.7852413
43.244710 20.5331802 -1.5769956 13.6434765 0.0403262 0.6193522 -0.0262995 0.7836357
43.555160 20.7868919 -1.5995231 13.7026205 0.0386614 0.6211169 -0.0241528 0.7823911
43.762280 20.9520264 -1.6146708 13.7415409 0.0424785 0.6224847 -0.0269628 0.7810130
43.971430 21.1188889 -1.6308763 13.7803049 0.0401896 0.6247836 -0.0271695 0.7792895
44.176790 21.2867756 -1.6458386 13.8169918 0.0366295 0.6275302 -0.0238824 0.7773633
44.382090 21.4526234 -1.6597700 13.8531952 0.0366616 0.6308932 -0.0250026 0.7745997
44.589150 21.6195869 -1.6738381 13.8871021 0.0364499 0.6341625 -0.0251525 0.7719305
44.796760 21.7849674 -1.6882420 13.9192324 0.0357499 0.6373724 -0.0246585 0.7693311
45.003060 21.9508839 -1.7024547 13.9495182 0.0347962 0.6403848 -0.0261655 0.7668194
45.209900 22.1165619 -1.7160668 13.9798079 0.0323579 0.6432800 -0.0286890 0.7644087
45.416890 22.2812443 -1.7298900 14.0105915 0.0330472 0.6459078 -0.0345126 0.7619185
45.623680 22.4455948 -1.7445557 14.0385981 0.0315940 0.6485593 -0.0354875 0.7596797
45.830550 22.6109161 -1.7590683 14.0648346 0.0294267 0.6511720 -0.0328500 0.7576476
46.037440 22.7729626 -1.7722230 14.0892391 0.0295953 0.6538774 -0.0320856 0.7553403
46.244200 22.9384003 -1.7854942 14.1131868 0.0311401 0.6571170 -0.0342601 0.7523655
46.451100 23.1032314 -1.7993644 14.1338282 0.0304695 0.6609293 -0.0279838 0.7493070
46.657980 23.2635441 -1.8127992 14.1531963 0.0365900 0.6642922 -0.0315083 0.7459118
46.864950 23.4227352 -1.8281031 14.1711941 0.0426123 0.6681985 -0.0369787 0.7418407
47.071770 23.5829887 -1.8444618 14.1875362 0.0356854 0.6721405 -0.0351966 0.7387252
47.278520 23.7438087 -1.8609074 14.2015667 0.0319087 0.6761997 -0.0352129 0.7351843
47.588920 23.9822502 -1.8802972 14.2212811 0.0244598 0.6843877 -0.0360848 0.7278139
47.795800 24.1363945 -1.8943087 14.2298832 0.0285827 0.6890901 -0.0357484 0.7232288
48.105950 24.3709774 -1.9144020 14.2393618 0.0281374 0.6960182 -0.0346089 0.7166374
48.312780 24.5263176 -1.9272850 14.2428827 0.0298346 0.7000831 -0.0338435 0.7126346
48.519480 24.6809311 -1.9406295 14.2453899 0.0324756 0.7028601 -0.0346830 0.7097394
48.829380 24.9136581 -1.9611218 14.2460299 0.0339359 0.7053511 -0.0294357 0.7074332
49.139410 25.1443329 -1.9803605 14.2453661 0.0366726 0.7063736 -0.0282749 0.7063228
49.346620 25.2958355 -1.9939687 14.2453299 0.0396732 0.7058758 -0.0270048 0.7067080
49.656580 25.5161896 -2.0145936 14.2462788 0.0407315 0.7039471 -0.0250526 0.7086409
49.863540 25.6598015 -2.0272582 14.2481518 0.0393274 0.7020133 -0.0230021 0.7107050
50.069330 25.7983150 -2.0395091 14.2509766 0.0367258 0.6995311 -0.0220722 0.7133164
50.276120 25.9326744 -2.0508778 14.2556686 0.0347169 0.6967103 -0.0252201 0.7160680
50.483680 26.0644951 -2.0616059 14.2605553 0.0338791 0.6938584 -0.0243503 0.7189018
50.586570 26.1288452 -2.0666547 14.2637558 0.0320014 0.6927240 -0.0241152 0.7200887
50.793430 26.2532730 -2.0767181 14.2703581 0.0312358 0.6899523 -0.0243828 0.7227694
50.999580 26.3712177 -2.0861435 14.2769127 0.0324574 0.6871640 -0.0253498 0.7253341
51.206270 26.4852924 -2.0957291 14.2847910 0.0321622 0.6847141 -0.0280390 0.7275617
51.413610 26.5943089 -2.1050167 14.2934437 0.0309412 0.6823282 -0.0297210 0.7297860
51.622300 26.6992073 -2.1136990 14.3016052 0.0306443 0.6798376 -0.0305295 0.7320859
51.826760 26.7994938 -2.1223996 14.3106871 0.0301134 0.6777580 -0.0328583 0.7339330
52.033540 26.8974743 -2.1310544 14.3199492 0.0290140 0.6754544 -0.0335593 0.7360660
52.240390 26.9912815 -2.1393938 14.3290129 0.0293659 0.6731880 -0.0342193 0.7380952
52.447130 27.0808430 -2.1473227 14.3385801 0.0304236 0.6713040 -0.0350175 0.7397290
52.654640 27.1677303 -2.1549084 14.3479996 0.0307289 0.6698832 -0.0365324 0.7409303
52.860930 27.2529049 -2.1624265 14.3579025 0.0313701 0.6689961 -0.0379808 0.7416317
53.067800 27.3380852 -2.1700990 14.3670931 0.0320120 0.6690989 -0.0381766 0.7415016
53.274690 27.4251728 -2.1780584 14.3768892 0.0304603 0.6700017 -0.0382778 0.7407460
53.481550 27.5145302 -2.1863899 14.3850746 0.0334429 0.6714046 -0.0379961 0.7393604
53.688500 27.6060486 -2.1950788 14.3927660 0.0396840 0.6728017 -0.0383051 0.7377641
53.999020 27.7515163 -2.2084687 14.4052725 0.0409979 0.6751460 -0.0374980 0.7355888
54.309430 27.9053917 -2.2240925 14.4170866 0.0421421 0.6775888 -0.0344102 0.7334258
54.619690 28.0685577 -2.2393036 14.4284096 0.0441971 0.6792124 -0.0315079 0.7319320
54.826640 28.1829319 -2.2505784 14.4370556 0.0434851 0.6806350 -0.0332172 0.7305763
55.033520 28.3010082 -2.2619667 14.4454222 0.0444330 0.6817020 -0.0357085 0.7294059
55.240380 28.4216709 -2.2735600 14.4535847 0.0441961 0.6828820 -0.0367730 0.7282627
55.550620 28.6093178 -2.2933834 14.4655838 0.0458248 0.6847672 -0.0390275 0.7262719
55.860740 28.8027611 -2.3153949 14.4766140 0.0502511 0.6860117 -0.0396285 0.7247705
56.170950 29.0034828 -2.3375156 14.4845734 0.0512999 0.6872327 -0.0332199 0.7238618
56.481050 29.2113457 -2.3605218 14.4955750 0.0526260 0.6876946 -0.0332439 0.7233267
56.791050 29.4247055 -2.3833966 14.5065155 0.0516262 0.6865521 -0.0318811 0.7245443
57.100960 29.6410179 -2.4066224 14.5195560 0.0507968 0.6848752 -0.0294771 0.7262897
57.410890 29.8660927 -2.4291682 14.5338144 0.0521149 0.6822132 -0.0276146 0.7287706
57.720780 30.0938606 -2.4524286 14.5498886 0.0530058 0.6790345 -0.0257738 0.7317365
57.927360 30.2482319 -2.4680037 14.5621166 0.0537102 0.6767583 -0.0265949 0.7337616
58.237240 30.4815369 -2.4936538 14.5839157 0.0520884 0.6739348 -0.0298324 0.7363483
58.547070 30.7179508 -2.5182765 14.6067181 0.0495497 0.6723497 -0.0279318 0.7380451
58.857110 30.9558792 -2.5430017 14.6284065 0.0511190 0.6712390 -0.0273192 0.7389714
59.167110 31.1908970 -2.5680161 14.6534748 0.0473633 0.6711059 -0.0293972 0.7392628
59.477160 31.4230194 -2.5925941 14.6768475 0.0474481 0.6708078 -0.0305510 0.7394811
59.787170 31.6532135 -2.6168857 14.7020245 0.0469631 0.6707701 -0.0302340 0.7395592
60.097040 31.8814907 -2.6411638 14.7252617 0.0495218 0.6701713 -0.0311687 0.7398963
60.406760 32.1099434 -2.6653790 14.7487421 0.0505895 0.6684801 -0.0268380 0.7415220
60.716680 32.3392525 -2.6905730 14.7728519 0.0585304 0.6645967 -0.0252683 0.7444776
61.026630 32.5651932 -2.7163961 14.7999973 0.0600556 0.6608166 -0.0248635 0.7477276
61.336450 32.7912445 -2.7421458 14.8302746 0.0551071 0.6560735 -0.0233448 0.7523202
61.646430 33.0168304 -2.7653208 14.8650522 0.0529983 0.6496416 -0.0247753 0.7579862
61.956290 33.2355194 -2.7894323 14.9038429 0.0524884 0.6401532 -0.0276598 0.7659528
62.266190 33.4568024 -2.8140295 14.9493713 0.0512385 0.6291849 -0.0292373 0.7750137
62.472790 33.6050797 -2.8297992 14.9837790 0.0502125 0.6223847 -0.0302097 0.7805148
62.679430 33.7521629 -2.8467755 15.0201426 0.0491216 0.6172787 -0.0310015 0.7845973
62.886160 33.9000702 -2.8631511 15.0584068 0.0487761 0.6133800 -0.0317453 0.7876409
63.092920 34.0493279 -2.8796067 15.0976810 0.0483916 0.6097196 -0.0322565 0.7904807
63.299560 34.1974678 -2.8966203 15.1383867 0.0484919 0.6060945 -0.0320978 0.7932639
63.506200 34.3472710 -2.9136350 15.1804667 0.0469450 0.6024219 -0.0315192 0.7961724
63.712840 34.4950600 -2.9301124 15.2242603 0.0453903 0.5987485 -0.0299835 0.7990876
64.022620 34.7141953 -2.9546018 15.2915354 0.0451935 0.5930504 -0.0311865 0.8032908
64.332410 34.9295998 -2.9786851 15.3619833 0.0429617 0.5880660 -0.0327756 0.8070058
64.539060 35.0708961 -2.9940352 15.4097071 0.0392580 0.5864500 -0.0347559 0.8082866
64.745710 35.2090416 -3.0090618 15.4570503 0.0415102 0.5855049 -0.0391531 0.8086581
64.952280 35.3468323 -3.0248613 15.5044022 0.0382009 0.5852436 -0.0394135 0.8089976
65.158820 35.4837418 -3.0396338 15.5511618 0.0340022 0.5852680 -0.0388852 0.8091930
65.365480 35.6202545 -3.0530081 15.5968742 0.0345342 0.5856978 -0.0388035 0.8088633
65.571960 35.7558899 -3.0662746 15.6418781 0.0358079 0.5861453 -0.0359548 0.8086153
65.778660 35.8923531 -3.0809996 15.6868095 0.0365337 0.5863731 -0.0356481 0.8084313
65.985180 36.0268555 -3.0940440 15.7309008 0.0415201 0.5862571 -0.0376278 0.8081849
66.295140 36.2330132 -3.1165130 15.8002090 0.0388841 0.5868837 -0.0365069 0.8079126
66.605040 36.4454803 -3.1386027 15.8702021 0.0422251 0.5865664 -0.0374523 0.8079321
66.914810 36.6648064 -3.1623578 15.9428406 0.0417278 0.5864471 -0.0346167 0.8081710
67.224700 36.8894043 -3.1856980 16.0157108 0.0454436 0.5852692 -0.0307080 0.8089820
67.534610 37.1126480 -3.2097349 16.0891457 0.0467492 0.5839096 -0.0262216 0.8100472
67.844550 37.3351593 -3.2325168 16.1648731 0.0426169 0.5833464 -0.0243915 0.8107378
68.154890 37.5551109 -3.2544107 16.2390938 0.0453848 0.5822987 -0.0240008 0.8113522
68.464300 37.7693672 -3.2768021 16.3130932 0.0439518 0.5821470 -0.0227683 0.8115755
68.774690 37.9778366 -3.2975371 16.3843536 0.0426865 0.5829377 -0.0209235 0.8111250
69.084250 38.1777840 -3.3166203 16.4518414 0.0433522 0.5843570 -0.0200911 0.8100888
69.394410 38.3689575 -3.3365993 16.5165615 0.0480778 0.5859370 -0.0256112 0.8085237
69.704490 38.5595055 -3.3572350 16.5798435 0.0445471 0.5877233 -0.0234720 0.8074937
70.014150 38.7473450 -3.3758926 16.6403522 0.0460421 0.5884313 -0.0228884 0.8069107
70.324290 38.9342270 -3.3947132 16.6994476 0.0482739 0.5883182 -0.0224225 0.8068758
70.634290 39.1189346 -3.4133687 16.7589817 0.0498796 0.5883130 -0.0230579 0.8067640
70.946380 39.3052406 -3.4333205 16.8195305 0.0483601 0.5873004 -0.0213041 0.8076420
71.255370 39.4870911 -3.4525504 16.8806591 0.0469668 0.5851741 -0.0207073 0.8092815
71.564460 39.6600075 -3.4705551 16.9409409 0.0464799 0.5829713 -0.0225274 0.8108493
71.977870 39.8806152 -3.4941056 17.0167751 0.0442176 0.5809563 -0.0226565 0.8124169
72.394080 40.0859146 -3.5154519 17.0893021 0.0449475 0.5790256 -0.0215121 0.8137852
72.804810 40.2764130 -3.5355339 17.1575127 0.0444960 0.5773340 -0.0223022 0.8149897
73.114920 40.4110489 -3.5493798 17.2059364 0.0423784 0.5764043 -0.0227673 0.8157474
73.425090 40.5362015 -3.5621548 17.2519455 0.0441290 0.5756280 -0.0239021 0.8161702
73.735300 40.6533546 -3.5739641 17.2945766 0.0466841 0.5745611 -0.0257204 0.8167243
73.942010 40.7275772 -3.5820820 17.3212261 0.0463552 0.5745924 -0.0248734 0.8167472
74.252330 40.8300438 -3.5938072 17.3590927 0.0442918 0.5763632 -0.0247897 0.8156158
74.562490 40.9237213 -3.6034958 17.3927650 0.0436168 0.5778757 -0.0243020 0.8145961
74.872800 41.0094833 -3.6125877 17.4226112 0.0431045 0.5791622 -0.0234712 0.8137335
75.182880 41.0872383 -3.6201906 17.4501934 0.0422736 0.5805681 -0.0243904 0.8127477
75.389540 41.1356926 -3.6252973 17.4671574 0.0436951 0.5813224 -0.0242337 0.8121378
75.699680 41.2061234 -3.6321325 17.4913864 0.0431143 0.5814350 -0.0245067 0.8120800
75.906260 41.2513008 -3.6366405 17.5076427 0.0422116 0.5805253 -0.0252127 0.8127564
76.319510 41.3410759 -3.6450596 17.5401878 0.0422241 0.5743105 -0.0254809 0.8171507
76.628920 41.4092064 -3.6523356 17.5691853 0.0422309 0.5624490 -0.0274484 0.8252965
76.938900 41.4805336 -3.6595340 17.6029720 0.0421257 0.5435206 -0.0292605 0.8378273
77.248120 41.5512428 -3.6675074 17.6407356 0.0433128 0.5172020 -0.0326458 0.8541431
77.868560 41.6794357 -3.6823578 17.7242928 0.0421054 0.4903758 -0.0435129 0.8694052
78.179430 41.7387695 -3.6901345 17.7562447 0.0442189 0.5093420 -0.0413009 0.8584344
78.490350 41.7995758 -3.6976852 17.7824974 0.0459647 0.5377619 -0.0384841 0.8409628
78.800950 41.8640366 -3.7056801 17.8052692 0.0463978 0.5650254 -0.0361337 0.8229750
79.114220 41.9298553 -3.7140961 17.8230667 0.0483081 0.5844521 -0.0327799 0.8093254
79.422000 41.9950905 -3.7218213 17.8420162 0.0466255 0.5958824 -0.0298509 0.8011611
79.733660 42.0536575 -3.7282720 17.8601227 0.0475989 0.5931519 -0.0289317 0.8031613
80.044830 42.1042252 -3.7341032 17.8794460 0.0459538 0.5780111 -0.0304451 0.8141649
80.350710 42.1457634 -3.7391782 17.8996563 0.0423233 0.5592265 -0.0338323 0.8272423
80.763430 42.1881409 -3.7444329 17.9207745 0.0508056 0.5308039 -0.0303639 0.8454254
81.071670 42.2129974 -3.7473903 17.9402733 0.0442514 0.5114124 -0.0358158 0.8574476
81.484880 42.2406158 -3.7502346 17.9608383 0.0433750 0.4887494 -0.0351864 0.8706346
82.208520 42.2703323 -3.7546892 17.9881287 0.0386929 0.4616374 -0.0429975 0.8851808
82.518840 42.2799301 -3.7559257 17.9969711 0.0367213 0.4544483 -0.0412806 0.8890581
