0.000000 0.0000000 0.0000000 0.0000000 0.0000000 0.0000000 0.0000000 1.0000000
0.103391 -0.0003672 -0.0002206 0.0813719 0.0022554 0.0007617 -0.0004229 0.9999971
0.207106 -0.0003857 -0.0000295 0.1622320 0.0027407 0.0011564 0.0006093 0.9999954
0.310262 -0.0004855 -0.0000610 0.2434780 0.0006873 0.0012657 0.0014161 0.9999980
0.413621 -0.0002558 -0.0003359 0.3241793 -0.0024093 0.0008976 0.0026093 0.9999933
0.517929 -0.0002946 0.0001152 0.4040526 -0.0023231 0.0002758 0.0044482 0.9999874
0.620389 -0.0000785 0.0002227 0.4832181 -0.0009396 -0.0002078 0.0055878 0.9999839
0.724219 -0.0001871 0.0004660 0.5618185 0.0008049 -0.0006343 0.0059423 0.9999818
0.827211 -0.0006967 0.0005115 0.6407242 0.0010824 -0.0009893 0.0057628 0.9999823
0.930557 -0.0015138 0.0005298 0.7191948 0.0001922 -0.0014201 0.0055673 0.9999835
1.034070 -0.0018907 0.0004176 0.7976654 -0.0012853 -0.0018265 0.0055426 0.9999821
1.137438 -0.0022997 0.0003340 0.8756146 -0.0021627 -0.0023001 0.0056265 0.9999792
1.244258 -0.0030039 0.0008727 0.9530308 -0.0024868 -0.0025544 0.0061304 0.9999748
1.344229 -0.0033771 0.0010991 1.0306325 -0.0024268 -0.0030145 0.0061973 0.9999733
1.447568 -0.0040447 0.0011766 1.1072268 -0.0018471 -0.0034113 0.0064001 0.9999720
1.551083 -0.0052049 0.0015984 1.1842566 -0.0008207 -0.0040784 0.0066542 0.9999692
1.757843 -0.0072887 0.0020329 1.3369286 0.0001606 -0.0056623 0.0070995 0.9999588
1.964724 -0.0102466 0.0021899 1.4889891 0.0007010 -0.0073300 0.0057598 0.9999563
2.171620 -0.0131082 0.0020200 1.6402104 -0.0004316 -0.0088852 0.0058611 0.9999433
2.378626 -0.0164981 0.0018823 1.7881674 -0.0007034 -0.0102762 0.0060721 0.9999285
2.585514 -0.0204565 0.0019354 1.9349068 -0.0006874 -0.0116528 0.0061063 0.9999132
2.793694 -0.0248628 0.0023057 2.0793829 -0.0030442 -0.0124781 0.0062765 0.9998978
2.999556 -0.0290179 0.0027583 2.2201762 -0.0032571 -0.0132098 0.0060655 0.9998891
3.206573 -0.0339444 0.0031745 2.3562765 -0.0010461 -0.0139341 0.0052540 0.9998885
3.413963 -0.0390251 0.0035738 2.4903641 -0.0005419 -0.0149388 0.0046407 0.9998775
3.620721 -0.0431791 0.0029592 2.6223347 -0.0002272 -0.0171743 0.0047979 0.9998410
3.827725 -0.0485930 0.0037103 2.7508276 -0.0018402 -0.0190923 0.0050724 0.9998032
4.034871 -0.0549025 0.0036016 2.8757000 -0.0027334 -0.0209658 0.0038695 0.9997690
4.243437 -0.0611166 0.0041251 2.9970572 -0.0018426 -0.0228585 0.0018374 0.9997354
4.449183 -0.0679005 0.0046214 3.1156325 -0.0033871 -0.0241612 0.0009426 0.9997019
4.656235 -0.0744636 0.0046326 3.2301691 -0.0025809 -0.0236201 -0.0020465 0.9997156
4.760815 -0.0776475 0.0045298 3.2847347 -0.0011008 -0.0226498 -0.0029244 0.9997386
4.966824 -0.0824797 0.0055243 3.3940413 -0.0004285 -0.0201158 -0.0036695 0.9997908
5.174268 -0.0880383 0.0054499 3.5004296 -0.0034748 -0.0164368 -0.0081800 0.9998254
5.381142 -0.0918347 0.0062248 3.6007659 -0.0040212 -0.0115838 -0.0125135 0.9998465
5.588095 -0.0947858 0.0063252 3.6955671 -0.0058600 -0.0053084 -0.0171416 0.9998218
5.795223 -0.0951941 0.0064109 3.7835195 -0.0059402 0.0017664 -0.0204943 0.9997708
6.002373 -0.0954319 0.0070887 3.8640118 -0.0044737 0.0095059 -0.0248217 0.9996367
6.209506 -0.0941021 0.0071140 3.9369581 -0.0031029 0.0176757 -0.0261402 0.9994972
6.416516 -0.0909943 0.0072072 4.0027232 -0.0043911 0.0257578 -0.0267995 0.9992993
6.727294 -0.0853525 0.0076073 4.0845270 -0.0046431 0.0389068 -0.0324922 0.9987037
7.245330 -0.0702548 0.0061780 4.1948032 0.0001118 0.0695309 -0.0322739 0.9970576
7.763356 -0.0453403 0.0055187 4.2982450 0.0014237 0.1155671 -0.0324294 0.9927691
8.074250 -0.0246576 0.0048358 4.3588176 0.0028050 0.1507133 -0.0347561 0.9879624
8.385961 0.0023690 0.0029514 4.4178934 0.0024828 0.1932120 -0.0378264 0.9804245
8.696029 0.0392166 0.0008740 4.4750795 0.0061179 0.2450466 -0.0344425 0.9688800
9.008027 0.0845189 -0.0015646 4.5313659 0.0103465 0.3047825 -0.0369161 0.9516500
9.421456 0.1675079 -0.0070401 4.6092644 0.0107748 0.3951547 -0.0406322 0.9176522
9.630085 0.2226450 -0.0102065 4.6472683 0.0113242 0.4439047 -0.0398582 0.8951155
9.836009 0.2863411 -0.0140299 4.6816502 0.0128764 0.4943579 -0.0387033 0.8683009
10.043900 0.3591726 -0.0177174 4.7119293 0.0111094 0.5418928 -0.0381880 0.8395061
10.250360 0.4382075 -0.0216099 4.7360706 0.0098709 0.5858492 -0.0400439 0.8093700
10.457170 0.5249580 -0.0272067 4.7502341 0.0153891 0.6239540 -0.0305775 0.7807109
10.664530 0.6172360 -0.0320428 4.7601771 0.0195366 0.6556041 -0.0276905 0.7543440
10.870220 0.7155334 -0.0382310 4.7651858 0.0244631 0.6789384 -0.0227411 0.7334351
11.077200 0.8184733 -0.0435172 4.7662268 0.0271449 0.6953581 -0.0183880 0.7179151
11.284150 0.9259130 -0.0496694 4.7667098 0.0283379 0.7059647 -0.0180948 0.7074485
11.488980 1.0378532 -0.0563340 4.7636852 0.0313936 0.7132480 -0.0174869 0.6999900
11.592550 1.0952100 -0.0594444 4.7614074 0.0334051 0.7155173 -0.0168390 0.6975926
11.799490 1.2150220 -0.0655511 4.7575121 0.0316575 0.7184154 -0.0162813 0.6947028
11.901710 1.2765687 -0.0693130 4.7559562 0.0283157 0.7193956 -0.0146982 0.6938675
12.108000 1.4027356 -0.0756949 4.7503457 0.0268973 0.7199564 -0.0103102 0.6934212
12.314500 1.5306807 -0.0822742 4.7449932 0.0317567 0.7195922 -0.0122336 0.6935625
12.521050 1.6624670 -0.0884892 4.7413387 0.0352742 0.7180601 -0.0150338 0.6949240
12.727430 1.7989367 -0.0969943 4.7378874 0.0311712 0.7164787 -0.0114307 0.6968185
12.934130 1.9344151 -0.1048904 4.7344909 0.0346469 0.7143856 -0.0106909 0.6988122
13.141650 2.0700595 -0.1126590 4.7323780 0.0354429 0.7122243 -0.0143365 0.7009100
13.348030 2.2077653 -0.1216256 4.7320700 0.0327393 0.7095085 -0.0119108 0.7038352
13.554880 2.3442500 -0.1302453 4.7318459 0.0364441 0.7073367 -0.0123026 0.7058296
13.864670 2.5524001 -0.1433718 4.7336712 0.0354214 0.7034587 -0.0114097 0.7097612
14.071640 2.6914289 -0.1521722 4.7343922 0.0386372 0.7008287 -0.0094392 0.7122200
14.382120 2.9002483 -0.1659985 4.7389774 0.0392366 0.6973047 -0.0069411 0.7156665
14.588970 3.0393384 -0.1744536 4.7447963 0.0384791 0.6952810 -0.0092540 0.7176476
14.899490 3.2496712 -0.1873211 4.7538271 0.0378977 0.6924730 -0.0100745 0.7203773
15.106400 3.3910947 -0.1964054 4.7610679 0.0372144 0.6902069 -0.0122001 0.7225515
15.313360 3.5333564 -0.2060098 4.7689281 0.0389819 0.6877068 -0.0144433 0.7247973
15.520220 3.6774857 -0.2156957 4.7793055 0.0360615 0.6855972 -0.0182949 0.7268572
15.727200 3.8226414 -0.2266286 4.7888646 0.0372682 0.6828506 -0.0183697 0.7293755
15.934250 3.9695830 -0.2368808 4.8012037 0.0351874 0.6800108 -0.0197459 0.7320910
16.140910 4.1174908 -0.2480292 4.8144217 0.0355490 0.6764022 -0.0218778 0.7353486
16.348280 4.2659683 -0.2594699 4.8295021 0.0396539 0.6712207 -0.0273838 0.7396894
16.554450 4.4158115 -0.2724089 4.8485270 0.0374829 0.6657968 -0.0303414 0.7445731
16.761400 4.5671673 -0.2859672 4.8673673 0.0354898 0.6601384 -0.0286190 0.7497591
16.968080 4.7194223 -0.2984850 4.8906136 0.0290019 0.6548202 -0.0257256 0.7547898
17.175580 4.8694701 -0.3102078 4.9151711 0.0289168 0.6492360 -0.0253413 0.7596146
17.383340 5.0153942 -0.3212476 4.9403529 0.0327519 0.6448048 -0.0289323 0.7630970
17.588870 5.1588554 -0.3341557 4.9674954 0.0323740 0.6407716 -0.0307443 0.7664323
17.795780 5.3007946 -0.3453631 4.9941859 0.0308090 0.6370738 -0.0260145 0.7697474
18.003090 5.4387689 -0.3563513 5.0225887 0.0249450 0.6345603 -0.0246891 0.7720760
18.209790 5.5729265 -0.3660747 5.0511303 0.0244319 0.6324794 -0.0265202 0.7737374
18.417190 5.7025862 -0.3761536 5.0796165 0.0257675 0.6308789 -0.0308544 0.7748392
18.727490 5.8920412 -0.3911556 5.1217375 0.0279706 0.6287905 -0.0338635 0.7763333
18.934680 6.0140347 -0.4022029 5.1479650 0.0256813 0.6282858 -0.0319823 0.7769006
19.245500 6.1914258 -0.4161374 5.1867332 0.0251060 0.6296124 -0.0318755 0.7758491
19.452110 6.3041782 -0.4257392 5.2105856 0.0281141 0.6312849 -0.0336748 0.7743093
19.660070 6.4144688 -0.4346852 5.2322640 0.0283576 0.6327751 -0.0330314 0.7731109
19.866980 6.5222068 -0.4439963 5.2545400 0.0255666 0.6348417 -0.0308864 0.7716012
20.073350 6.6253233 -0.4525699 5.2738791 0.0286534 0.6363284 -0.0286222 0.7703544
20.280310 6.7263055 -0.4604733 5.2923298 0.0315250 0.6379489 -0.0288166 0.7688934
20.487640 6.8268194 -0.4691880 5.3102527 0.0322469 0.6387866 -0.0287335 0.7681707
20.694250 6.9288907 -0.4768333 5.3288612 0.0352668 0.6380004 -0.0240652 0.7688515
20.902080 7.0314150 -0.4851100 5.3485208 0.0351316 0.6358097 -0.0236290 0.7706838
21.108200 7.1348925 -0.4937017 5.3700209 0.0350446 0.6310043 -0.0234104 0.7746338
21.316100 7.2408614 -0.5017272 5.3951430 0.0341400 0.6247464 -0.0230557 0.7797403
21.524290 7.3480716 -0.5101897 5.4227328 0.0323939 0.6172530 -0.0242982 0.7857220
21.730330 7.4575362 -0.5184531 5.4542608 0.0316601 0.6094042 -0.0287284 0.7917063
21.936170 7.5705738 -0.5273042 5.4882383 0.0318210 0.6005161 -0.0315367 0.7983566
22.141920 7.6865087 -0.5367095 5.5263066 0.0310961 0.5920281 -0.0328536 0.8046468
22.348790 7.8062105 -0.5452474 5.5673780 0.0284583 0.5831388 -0.0325218 0.8112223
22.555690 7.9300814 -0.5549934 5.6124129 0.0261022 0.5741253 -0.0271075 0.8179022
22.762490 8.0574331 -0.5627561 5.6616840 0.0264293 0.5656790 -0.0238196 0.8238577
22.969530 8.1896181 -0.5702841 5.7135859 0.0274703 0.5590850 -0.0140850 0.8285355
23.176610 8.3238945 -0.5793918 5.7690401 0.0289439 0.5526385 -0.0104880 0.8328523
23.384670 8.4558964 -0.5867997 5.8270569 0.0370599 0.5459775 -0.0116927 0.8368981
23.694540 8.6527386 -0.6019668 5.9186358 0.0337264 0.5393497 -0.0184911 0.8412030
23.903510 8.7788544 -0.6124892 5.9797621 0.0355341 0.5356043 -0.0217972 0.8434395
24.108220 8.9024105 -0.6237651 6.0405874 0.0344012 0.5321016 -0.0233421 0.8456593
24.315110 9.0238962 -0.6340635 6.1004829 0.0323864 0.5285396 -0.0211946 0.8480259
24.522420 9.1403112 -0.6441743 6.1596384 0.0314859 0.5251458 -0.0222431 0.8501387
24.728750 9.2544546 -0.6535143 6.2176147 0.0325606 0.5227426 -0.0210408 0.8516086
25.039090 9.4185305 -0.6675258 6.3027840 0.0328313 0.5201877 -0.0198182 0.8531905
25.349360 9.5737696 -0.6814730 6.3844709 0.0354644 0.5161418 -0.0189520 0.8555588
25.659630 9.7206068 -0.6940161 6.4617023 0.0370140 0.5112456 -0.0161190 0.8584859
25.970230 9.8617525 -0.7066970 6.5407000 0.0383503 0.5060011 -0.0153837 0.8615425
26.384510 10.0437889 -0.7245889 6.6487970 0.0430210 0.4955996 -0.0226039 0.8671905
26.693580 10.1792450 -0.7390998 6.7364588 0.0428188 0.4862468 -0.0294667 0.8722742
27.003850 10.3191347 -0.7538569 6.8302312 0.0311722 0.4770221 -0.0332344 0.8777093
27.313990 10.4645653 -0.7670015 6.9333200 0.0287482 0.4670295 -0.0379465 0.8829593
27.624170 10.6159315 -0.7806144 7.0441723 0.0284747 0.4565749 -0.0417685 0.8882477
27.934460 10.7756968 -0.7962121 7.1671357 0.0242068 0.4450456 -0.0429665 0.8941489
28.244420 10.9397659 -0.8109567 7.3016424 0.0233336 0.4320026 -0.0449331 0.9004501
28.451340 11.0524492 -0.8192035 7.3960075 0.0225403 0.4248911 -0.0457356 0.9038073
28.660870 11.1681175 -0.8302438 7.4943089 0.0231548 0.4206710 -0.0429318 0.9059010
28.866830 11.2874346 -0.8412443 7.5957842 0.0249581 0.4169506 -0.0365778 0.9078498
29.073550 11.4092579 -0.8512679 7.7004700 0.0253294 0.4130513 -0.0303177 0.9098505
29.279330 11.5297451 -0.8619077 7.8089519 0.0251553 0.4092833 -0.0304933 0.9115506
29.486390 11.6502399 -0.8715876 7.9209967 0.0232835 0.4051734 -0.0358626 0.9132395
29.692890 11.7734623 -0.8812242 8.0358715 0.0178845 0.4011517 -0.0349874 0.9151685
29.899820 11.8961029 -0.8898953 8.1519184 0.0137649 0.3962882 -0.0314591 0.9174838
30.211630 12.0804424 -0.9023492 8.3287573 0.0252345 0.3871368 -0.0242606 0.9213576
30.416690 12.2029772 -0.9116406 8.4513559 0.0266781 0.3797130 -0.0216686 0.9244657
30.623580 12.3246155 -0.9222127 8.5778303 0.0273329 0.3725798 -0.0170495 0.9274409
30.830330 12.4431400 -0.9324075 8.7055273 0.0310972 0.3671335 -0.0172610 0.9294880
31.037350 12.5638218 -0.9435365 8.8354092 0.0296023 0.3632859 -0.0134422 0.9311103
31.244240 12.6847286 -0.9535000 8.9665871 0.0282048 0.3619412 -0.0092806 0.9317279
31.451260 12.8039923 -0.9631819 9.0992527 0.0270359 0.3618916 -0.0093723 0.9317809
31.661730 12.9230556 -0.9725534 9.2314644 0.0273638 0.3630685 -0.0124790 0.9312770
31.865880 13.0426941 -0.9825729 9.3644810 0.0264306 0.3657215 -0.0164775 0.9302030
32.074110 13.1634026 -0.9927686 9.4954472 0.0247434 0.3688253 -0.0174913 0.9290047
32.280170 13.2854500 -1.0017176 9.6247501 0.0230179 0.3724552 -0.0153976 0.9276369
32.486110 13.4052200 -1.0112972 9.7494574 0.0284288 0.3762510 -0.0208521 0.9258467
32.694680 13.5256004 -1.0218431 9.8744373 0.0287973 0.3809015 -0.0236485 0.9238644
32.902290 13.6476574 -1.0327654 9.9970779 0.0230459 0.3854331 -0.0239030 0.9221382
33.106800 13.7677383 -1.0426410 10.1151581 0.0232427 0.3897173 -0.0227993 0.9203588
33.314720 13.8901243 -1.0522468 10.2315092 0.0267766 0.3938833 -0.0203593 0.9185447
33.520520 14.0139017 -1.0625511 10.3489332 0.0287304 0.3988645 -0.0200079 0.9163413
33.727760 14.1383762 -1.0734167 10.4644852 0.0282486 0.4044454 -0.0207458 0.9138904
33.934650 14.2647266 -1.0840764 10.5794735 0.0298762 0.4114653 -0.0255857 0.9105762
34.142230 14.3933125 -1.0959461 10.6900225 0.0325645 0.4185657 -0.0286482 0.9071503
34.348070 14.5258045 -1.1079152 10.8024778 0.0225363 0.4267681 -0.0278698 0.9036506
34.555090 14.6619167 -1.1172656 10.9124031 0.0177645 0.4349407 -0.0280358 0.8998472
34.764710 14.7997408 -1.1266527 11.0207968 0.0222489 0.4434784 -0.0265596 0.8956152
35.074860 15.0131578 -1.1444736 11.1765184 0.0286589 0.4551484 -0.0262798 0.8895662
35.279490 15.1556520 -1.1565107 11.2769852 0.0271167 0.4630273 -0.0231462 0.8856267
35.486280 15.2985106 -1.1670444 11.3744602 0.0283097 0.4700631 -0.0221321 0.8819010
35.693160 15.4396572 -1.1790571 11.4674540 0.0262058 0.4755991 -0.0181656 0.8790841
35.900040 15.5788546 -1.1904775 11.5583391 0.0252413 0.4803636 -0.0191249 0.8764975
36.108200 15.7164221 -1.2004453 11.6458521 0.0299043 0.4837804 -0.0216751 0.8744098
36.313700 15.8517704 -1.2102046 11.7303534 0.0280616 0.4867721 -0.0213784 0.8728164
36.520460 15.9865456 -1.2198910 11.8118010 0.0254371 0.4893319 -0.0149962 0.8715976
36.727360 16.1174107 -1.2288959 11.8912067 0.0293640 0.4919011 -0.0131804 0.8700559
36.934690 16.2438164 -1.2399858 11.9674053 0.0347065 0.4936307 -0.0189524 0.8687721
37.141020 16.3704395 -1.2497909 12.0421753 0.0339928 0.4960546 -0.0164364 0.8674700
37.244700 16.4330940 -1.2548866 12.0802765 0.0262245 0.4978959 -0.0164752 0.8666837
37.451400 16.5557327 -1.2637794 12.1537905 0.0210909 0.5003629 -0.0186288 0.8653584
37.658150 16.6760063 -1.2712784 12.2222290 0.0253728 0.5027704 -0.0186781 0.8638456
37.761670 16.7354870 -1.2754183 12.2560968 0.0245332 0.5039713 -0.0184861 0.8631740
37.968550 16.8523579 -1.2838992 12.3229694 0.0232826 0.5065297 -0.0183478 0.8617128
38.072390 16.9096794 -1.2880312 12.3545904 0.0242119 0.5079281 -0.0178633 0.8608738
38.278810 17.0234776 -1.2956189 12.4174404 0.0262478 0.5118401 -0.0187291 0.8584754
38.485830 17.1358833 -1.3034570 12.4773455 0.0281228 0.5165402 -0.0201350 0.8555641
38.692720 17.2479763 -1.3121023 12.5345573 0.0319634 0.5222191 -0.0208369 0.8519574
38.899920 17.3625908 -1.3210473 12.5922432 0.0308165 0.5282775 -0.0240001 0.8481728
39.106870 17.4783001 -1.3301016 12.6485481 0.0297866 0.5342811 -0.0260501 0.8443801
39.313880 17.5963364 -1.3398807 12.7038250 0.0311383 0.5409678 -0.0296907 0.8399421
39.520900 17.7190857 -1.3499299 12.7585754 0.0322084 0.5475327 -0.0327223 0.8355237
39.727990 17.8448563 -1.3615458 12.8126163 0.0330666 0.5542546 -0.0348509 0.8309596
39.934800 17.9759712 -1.3728412 12.8648748 0.0350910 0.5606710 -0.0332758 0.8266253
40.141680 18.1109657 -1.3847740 12.9175701 0.0323909 0.5674035 -0.0319650 0.8221815
40.350540 18.2527771 -1.3958747 12.9693241 0.0308656 0.5729481 -0.0284519 0.8185159
40.556060 18.3992023 -1.4068596 13.0217285 0.0262316 0.5779988 -0.0245305 0.8152469
40.764080 18.5462685 -1.4176250 13.0707836 0.0326316 0.5820754 -0.0243393 0.8121152
41.072760 18.7747364 -1.4353027 13.1440897 0.0450484 0.5874828 -0.0237211 0.8076335
41.385110 19.0169525 -1.4578477 13.2179089 0.0441159 0.5934379 -0.0197568 0.8034270
41.592690 19.1757240 -1.4719157 13.2673120 0.0458190 0.5972664 -0.0262095 0.8003040
41.796670 19.3401070 -1.4877837 13.3162928 0.0400292 0.6019910 -0.0255136 0.7970907
42.003560 19.5074081 -1.5021045 13.3639793 0.0410624 0.6062968 -0.0281485 0.7936786
42.210320 19.6780643 -1.5181527 13.4082985 0.0435718 0.6099311 -0.0256146 0.7908410
42.417600 19.8514824 -1.5339683 13.4531746 0.0438012 0.6130388 -0.0242919 0.7884636
42.623970 20.0250244 -1.5500367 13.4976196 0.0424776 0.6154094 -0.0239875 0.7866966
42.830730 20.2003632 -1.5660791 13.5413074 0.0401464 0.6174670 -0.0243589 0.7851939
43.037390 20.3739891 -1.5818360 13.5842934 0.0406086 0.6188715 -0.0265777 0.7839915
43.347610 20.6375713 -1.6061976 13.6475945 0.0384781 0.6208236 -0.0242617 0.7826294
43.555160 20.8088112 -1.6211267 13.6884480 0.0384965 0.6222980 -0.0243736 0.7814533
43.865300 21.0659027 -1.6450731 13.7477322 0.0422453 0.6248117 -0.0281169 0.7791246
44.071640 21.2391014 -1.6619463 13.7863808 0.0377833 0.6273067 -0.0252960 0.7774438
44.278660 21.4104824 -1.6761534 13.8236427 0.0359880 0.6304030 -0.0247190 0.7750393
44.485720 21.5826073 -1.6908256 13.8593102 0.0367957 0.6337888 -0.0251370 0.7722214
44.692960 21.7537880 -1.7051890 13.8928261 0.0362771 0.6371872 -0.0246663 0.7694595
44.899580 21.9261589 -1.7198057 13.9261360 0.0351458 0.6404517 -0.0256138 0.7667661
45.107140 22.0984917 -1.7342992 13.9575558 0.0333371 0.6435386 -0.0272085 0.7642031
45.313460 22.2706203 -1.7480760 13.9888258 0.0319640 0.6462200 -0.0323209 0.7617961
45.520350 22.4397068 -1.7626896 14.0175209 0.0331956 0.6487358 -0.0360441 0.7594345
45.727180 22.6109390 -1.7784523 14.0449848 0.0302866 0.6513531 -0.0345177 0.7573839
45.933940 22.7795086 -1.7930310 14.0703735 0.0294681 0.6538534 -0.0325557 0.7553459
46.140840 22.9487801 -1.8072752 14.0952311 0.0298741 0.6568617 -0.0331674 0.7526886
46.347740 23.1199455 -1.8214420 14.1177435 0.0324420 0.6607967 -0.0296203 0.7492782
46.554470 23.2886124 -1.8358904 14.1387615 0.0311684 0.6644964 -0.0278467 0.7461218
46.761380 23.4532566 -1.8496093 14.1560993 0.0413954 0.6676408 -0.0352782 0.7424942
46.968250 23.6201744 -1.8669639 14.1741352 0.0389026 0.6717531 -0.0367384 0.7388400
47.175200 23.7859631 -1.8836757 14.1893616 0.0331206 0.6757542 -0.0342901 0.7355837
47.278520 23.8685493 -1.8910911 14.1960640 0.0315794 0.6779207 -0.0358341 0.7335818
47.588920 24.1091404 -1.9121625 14.2144814 0.0241357 0.6859233 -0.0362384 0.7263700
47.795800 24.2652168 -1.9255819 14.2229662 0.0282910 0.6906797 -0.0361046 0.7217047
48.105950 24.5044537 -1.9450245 14.2305679 0.0279190 0.6975444 -0.0351777 0.7151328
48.312780 24.6623459 -1.9578806 14.2336512 0.0295693 0.7016500 -0.0345127 0.7110708
48.519480 24.8193150 -1.9715805 14.2347021 0.0322466 0.7043795 -0.0352863 0.7082122
48.829380 25.0563202 -1.9924371 14.2339592 0.0337870 0.7067620 -0.0301344 0.7060013
49.036150 25.2126293 -2.0054996 14.2332220 0.0353269 0.7077699 -0.0290833 0.7049596
49.242780 25.3682785 -2.0190878 14.2314167 0.0384174 0.7075970 -0.0281400 0.7050098
49.452210 25.5200672 -2.0331101 14.2309074 0.0400566 0.7067469 -0.0274180 0.7057992
49.656580 25.6685352 -2.0471992 14.2309380 0.0407486 0.7052865 -0.0256637 0.7072848
49.863540 25.8144054 -2.0601833 14.2323866 0.0393232 0.7033643 -0.0236614 0.7093465
50.069330 25.9555817 -2.0728784 14.2350435 0.0366512 0.7008927 -0.0227363 0.7119615
50.276120 26.0924664 -2.0845037 14.2392378 0.0347658 0.6980650 -0.0256817 0.7147287
50.483680 26.2265129 -2.0948782 14.2437983 0.0338286 0.6952131 -0.0251709 0.7175659
50.691000 26.3557587 -2.1059389 14.2498732 0.0303973 0.6927378 -0.0249701 0.7201159
50.896200 26.4796333 -2.1155457 14.2559767 0.0317918 0.6898172 -0.0253176 0.7228420
51.103000 26.5972309 -2.1252799 14.2633104 0.0330629 0.6873837 -0.0275759 0.7250173
51.309660 26.7107639 -2.1347399 14.2709427 0.0314828 0.6849555 -0.0297564 0.7272959
51.516920 26.8198414 -2.1442466 14.2790604 0.0305271 0.6824884 -0.0303490 0.7296277
51.723400 26.9237175 -2.1528628 14.2877245 0.0305267 0.6802202 -0.0335095 0.7316049
51.930130 27.0248508 -2.1618087 14.2970304 0.0295500 0.6780795 -0.0341098 0.7336018
52.136910 27.1223755 -2.1704695 14.3058205 0.0291641 0.6758803 -0.0345721 0.7356222
52.343730 27.2157841 -2.1786690 14.3151436 0.0294373 0.6737407 -0.0358463 0.7375106
52.550540 27.3049831 -2.1867290 14.3244534 0.0304057 0.6719888 -0.0368681 0.7390178
52.757460 27.3925877 -2.1943262 14.3335238 0.0309245 0.6707822 -0.0383355 0.7400171
52.964300 27.4787769 -2.2023957 14.3429585 0.0315959 0.6704006 -0.0390992 0.7402945
53.274690 27.6120853 -2.2142744 14.3571920 0.0302026 0.6715170 -0.0393193 0.7393286
53.585110 27.7493896 -2.2274089 14.3686419 0.0367743 0.6734509 -0.0385919 0.7373074
53.895510 27.8938828 -2.2404523 14.3818169 0.0402736 0.6760153 -0.0409105 0.7346480
54.205940 28.0485420 -2.2565608 14.3920441 0.0425090 0.6781096 -0.0328902 0.7329928
54.412740 28.1551952 -2.2665784 14.4011631 0.0417215 0.6797088 -0.0369518 0.7313617
54.723200 28.3231430 -2.2822804 14.4110327 0.0447615 0.6812705 -0.0321380 0.7299548
55.033520 28.4986591 -2.2997584 14.4230690 0.0442857 0.6831598 -0.0366748 0.7280017
55.343740 28.6847057 -2.3185062 14.4347391 0.0423195 0.6850690 -0.0390157 0.7262006
55.653990 28.8757305 -2.3396862 14.4462986 0.0481966 0.6867923 -0.0416180 0.7240590
55.964160 29.0753860 -2.3621397 14.4554539 0.0496429 0.6878746 -0.0370616 0.7231808
56.274290 29.2805729 -2.3845315 14.4636126 0.0520526 0.6888641 -0.0345550 0.7221930
56.584420 29.4927387 -2.4079871 14.4739876 0.0523373 0.6887429 -0.0333052 0.7223467
56.894350 29.7088223 -2.4318647 14.4860010 0.0508906 0.6876404 -0.0321050 0.7235538
57.204360 29.9300613 -2.4556272 14.4973154 0.0512681 0.6855788 -0.0294338 0.7255942
57.514200 30.1572304 -2.4793458 14.5116062 0.0525291 0.6826435 -0.0269393 0.7283632
57.824090 30.3878517 -2.5032334 14.5279493 0.0537752 0.6793621 -0.0261994 0.7313611
58.133900 30.6212616 -2.5275104 14.5492258 0.0527869 0.6764005 -0.0296230 0.7340425
58.443830 30.8557014 -2.5539756 14.5704679 0.0507459 0.6742731 -0.0290583 0.7361632
58.753660 31.0937920 -2.5789168 14.5920792 0.0516586 0.6731315 -0.0279129 0.7371880
59.167110 31.4088192 -2.6126611 14.6206779 0.0478829 0.6724759 -0.0290567 0.7379968
59.477160 31.6434231 -2.6373036 14.6437454 0.0479293 0.6722664 -0.0303507 0.7381325
59.787170 31.8742886 -2.6620059 14.6674452 0.0476286 0.6720650 -0.0296944 0.7383620
60.097040 32.1034470 -2.6864359 14.6902485 0.0500673 0.6715420 -0.0307177 0.7386346
60.406760 32.3324661 -2.7105303 14.7135429 0.0511321 0.6699176 -0.0264861 0.7401989
60.716680 32.5596581 -2.7355909 14.7365417 0.0591093 0.6661085 -0.0247423 0.7430972
61.026630 32.7856941 -2.7613516 14.7629642 0.0606607 0.6622793 -0.0243795 0.7463993
61.336450 33.0122375 -2.7873166 14.7926407 0.0556649 0.6576340 -0.0228777 0.7509298
61.543140 33.1632576 -2.8034997 14.8155575 0.0539619 0.6536861 -0.0235277 0.7544727
61.853030 33.3870773 -2.8278339 14.8516369 0.0530864 0.6453629 -0.0263457 0.7615737
62.162940 33.6096268 -2.8524840 14.8950653 0.0522871 0.6344892 -0.0283093 0.7706413
62.472790 33.8341751 -2.8770127 14.9441624 0.0507801 0.6240790 -0.0294659 0.7791524
62.679430 33.9820290 -2.8942113 14.9799252 0.0497152 0.6189848 -0.0304004 0.7832382
62.886160 34.1318245 -2.9109590 15.0177479 0.0493340 0.6150195 -0.0310634 0.7863538
63.092920 34.2830849 -2.9276543 15.0567093 0.0490979 0.6113192 -0.0313663 0.7892366
63.299560 34.4331627 -2.9446654 15.0973740 0.0491313 0.6077091 -0.0313588 0.7920179
63.609460 34.6588974 -2.9700642 15.1608906 0.0469101 0.6022025 -0.0298207 0.7964059
63.919450 34.8809776 -2.9945712 15.2276478 0.0450466 0.5968344 -0.0291010 0.8005702
64.125870 35.0259323 -3.0106678 15.2728205 0.0462175 0.5928609 -0.0323388 0.8033269
64.435680 35.2438164 -3.0349674 15.3439312 0.0410088 0.5888499 -0.0323765 0.8065518
64.745710 35.4549866 -3.0578551 15.4151335 0.0421972 0.5872158 -0.0384545 0.8074145
64.952280 35.5950317 -3.0741169 15.4624586 0.0388022 0.5869249 -0.0388163 0.8077790
65.158820 35.7342300 -3.0892096 15.5093002 0.0346398 0.5869322 -0.0382042 0.8079920
65.365480 35.8721237 -3.1027615 15.5550995 0.0352532 0.5873656 -0.0380930 0.8076558
65.571960 36.0098801 -3.1164224 15.5999317 0.0366016 0.5877830 -0.0351198 0.8074268
65.778660 36.1477432 -3.1309760 15.6445103 0.0372026 0.5880415 -0.0350091 0.8072159
65.985180 36.2845993 -3.1443765 15.6887569 0.0422145 0.5879012 -0.0369116 0.8069867
66.295140 36.4930153 -3.1668310 15.7579784 0.0395568 0.5885888 -0.0358086 0.8066698
66.503710 36.6356163 -3.1815658 15.8036003 0.0422356 0.5883276 -0.0366015 0.8066890
66.811530 36.8570061 -3.2051044 15.8749924 0.0416569 0.5880872 -0.0348170 0.8069733
67.122370 37.0810051 -3.2285342 15.9476185 0.0459528 0.5874028 -0.0313888 0.8073791
67.431360 37.3076401 -3.2539253 16.0200005 0.0494980 0.5856304 -0.0256537 0.8086587
67.741230 37.5311508 -3.2768717 16.0948963 0.0426748 0.5851547 -0.0232655 0.8094638
68.051170 37.7521667 -3.2994661 16.1683903 0.0460244 0.5843169 -0.0242036 0.8098578
68.361010 37.9701309 -3.3216414 16.2420235 0.0447784 0.5837507 -0.0216083 0.8104092
68.670920 38.1820946 -3.3432393 16.3136082 0.0441352 0.5841414 -0.0212598 0.8101722
68.981020 38.3875732 -3.3640251 16.3826962 0.0426124 0.5854774 -0.0191821 0.8093407
69.394410 38.6481628 -3.3902550 16.4683132 0.0487533 0.5874605 -0.0246014 0.8074083
69.704490 38.8409004 -3.4101989 16.5311337 0.0452239 0.5892230 -0.0227822 0.8063821
70.014150 39.0295982 -3.4296513 16.5913105 0.0467010 0.5899879 -0.0219874 0.8057604
70.324290 39.2180481 -3.4489496 16.6504974 0.0489454 0.5898909 -0.0214773 0.8057120
70.634290 39.4048233 -3.4676270 16.7101440 0.0504831 0.5899343 -0.0222177 0.8055652
70.946380 39.5931854 -3.4878721 16.7702866 0.0489991 0.5888712 -0.0203813 0.8064827
71.255370 39.7768402 -3.5071113 16.8316727 0.0476701 0.5868282 -0.0197894 0.8080647
71.564460 39.9511414 -3.5249381 16.8913517 0.0471872 0.5845325 -0.0215740 0.8097097
71.977870 40.1729279 -3.5482326 16.9667358 0.0450373 0.5825762 -0.0216626 0.8112382
72.394080 40.3793182 -3.5694966 17.0384293 0.0457895 0.5806266 -0.0204605 0.8126238
72.804810 40.5712738 -3.5893018 17.1060219 0.0453741 0.5789332 -0.0213979 0.8138302
73.114920 40.7064819 -3.6032944 17.1540699 0.0432711 0.5780051 -0.0218317 0.8145925
73.425090 40.8323479 -3.6161151 17.1996574 0.0450320 0.5772429 -0.0229904 0.8150057
73.735300 40.9502983 -3.6279082 17.2419853 0.0475805 0.5761550 -0.0248052 0.8155772
73.942010 41.0246277 -3.6358542 17.2684288 0.0473199 0.5761904 -0.0241052 0.8155884
74.252330 41.1281013 -3.6474919 17.3056145 0.0453149 0.5778709 -0.0239623 0.8145168
74.562490 41.2218094 -3.6576052 17.3385525 0.0446401 0.5793213 -0.0233370 0.8135414
74.872800 41.3076019 -3.6666219 17.3683109 0.0441001 0.5806364 -0.0225967 0.8126537
75.389540 41.4340706 -3.6792254 17.4119587 0.0447829 0.5826731 -0.0232973 0.8111373
75.596260 41.4812698 -3.6839571 17.4280949 0.0446387 0.5830166 -0.0233438 0.8108971
75.906260 41.5491142 -3.6911664 17.4520073 0.0431476 0.5819656 -0.0241295 0.8117094
76.216170 41.6171341 -3.6975734 17.4763794 0.0429597 0.5782506 -0.0247270 0.8143521
76.526720 41.6856270 -3.7047458 17.5034771 0.0429697 0.5684604 -0.0258003 0.8211825
76.835380 41.7560768 -3.7121642 17.5337505 0.0431734 0.5520256 -0.0268970 0.8322742
77.144940 41.8272285 -3.7191048 17.5707703 0.0434009 0.5276943 -0.0307780 0.8477663
77.454530 41.8951416 -3.7275500 17.6122227 0.0442034 0.4993569 -0.0345749 0.8645770
77.764930 41.9584694 -3.7344451 17.6545219 0.0434462 0.4895149 -0.0419031 0.8699033
78.075790 42.0191650 -3.7421048 17.6888962 0.0442617 0.5031811 -0.0417265 0.8620375
78.386780 42.0792274 -3.7501006 17.7164459 0.0469029 0.5291927 -0.0377816 0.8463615
78.697630 42.1424942 -3.7574522 17.7400360 0.0466144 0.5578797 -0.0368182 0.8277932
79.007710 42.2091866 -3.7659402 17.7598915 0.0497733 0.5802473 -0.0319497 0.8122899
79.322290 42.2752342 -3.7739897 17.7777157 0.0478764 0.5940185 -0.0297544 0.8024740
79.631890 42.3365631 -3.7804027 17.7955055 0.0485740 0.5968145 -0.0288527 0.8003878
80.245950 42.4349632 -3.7922876 17.8350258 0.0451013 0.5669647 -0.0329939 0.8218445
80.555530 42.4716911 -3.7969422 17.8527794 0.0478063 0.5470816 -0.0286558 0.8352216
80.864960 42.4995193 -3.8008142 17.8700619 0.0491730 0.5256902 -0.0325309 0.8486304
81.278100 42.5310211 -3.8039775 17.8933735 0.0450642 0.5012105 -0.0348096 0.8634498
81.588120 42.5504494 -3.8062000 17.9078655 0.0439574 0.4853900 -0.0336778 0.8725423
82.001790 42.5661087 -3.8092201 17.9251957 0.0400731 0.4691947 -0.0454424 0.8810139
82.312040 42.5779305 -3.8103275 17.9334660 0.0398683 0.4607472 -0.0395511 0.8857529
82.726180 42.5878830 -3.8119695 17.9452972 0.0360887 0.4516390 -0.0447747 0.8903455
