3.116499 0.0000000 0.0000000 0.0000000 0.0000000 0.0000000 0.0000000 1.0000000
3.220123 0.0005268 -0.0003500 0.0402156 -0.0011005 0.0057699 -0.0003697 0.9999827
3.323750 0.0017169 -0.0003450 0.0821851 -0.0020965 0.0111886 -0.0007300 0.9999350
3.427371 0.0033576 -0.0006297 0.1251738 -0.0031415 0.0163301 -0.0010009 0.9998612
3.531001 0.0054243 -0.0005200 0.1694016 -0.0040742 0.0215791 -0.0011645 0.9997582
3.634758 0.0079313 -0.0004420 0.2149088 -0.0047250 0.0269493 -0.0008688 0.9996253
3.738395 0.0108360 -0.0005737 0.2615706 -0.0053939 0.0323537 -0.0006575 0.9994617
3.842137 0.0145851 -0.0004010 0.3088049 -0.0068880 0.0376550 -0.0010010 0.9992666
3.945774 0.0183983 -0.0002864 0.3562056 -0.0088557 0.0436524 -0.0015495 0.9990063
4.049501 0.0232675 0.0000160 0.4043470 -0.0107059 0.0498644 -0.0014719 0.9986975
4.153250 0.0286778 0.0001022 0.4524710 -0.0118789 0.0564614 -0.0015679 0.9983329
4.360751 0.0415837 0.0007193 0.5493674 -0.0115114 0.0710480 -0.0017820 0.9974049
4.568398 0.0584779 0.0009097 0.6457071 -0.0102677 0.0894699 -0.0024043 0.9959337
4.672274 0.0686994 0.0013529 0.6946024 -0.0096928 0.1023550 -0.0040054 0.9946926
4.880125 0.0937410 0.0010111 0.7920459 -0.0096555 0.1341979 -0.0058949 0.9908900
5.088126 0.1263072 0.0006957 0.8886883 -0.0084444 0.1680706 -0.0056666 0.9857225
5.295877 0.1651732 -0.0000076 0.9834768 -0.0059990 0.2003170 -0.0073467 0.9796852
5.503628 0.2109070 -0.0016159 1.0744911 -0.0003553 0.2315668 -0.0035077 0.9728127
5.711251 0.2624246 -0.0039577 1.1627265 0.0061223 0.2606258 0.0024497 0.9654174
5.918752 0.3192355 -0.0078982 1.2467997 0.0142352 0.2871427 0.0086416 0.9577430
6.126131 0.3784645 -0.0128088 1.3283255 0.0303182 0.3123945 0.0061411 0.9494486
6.333503 0.4424421 -0.0206489 1.4064641 0.0429481 0.3375446 0.0039498 0.9403210
6.540880 0.5100213 -0.0300199 1.4813654 0.0446178 0.3611355 0.0065499 0.9314223
6.748254 0.5821329 -0.0393132 1.5524091 0.0410413 0.3807762 0.0138082 0.9236528
6.955504 0.6551232 -0.0478164 1.6208954 0.0428784 0.3938478 0.0161940 0.9180322
7.162754 0.7290073 -0.0570140 1.6876013 0.0441651 0.4044241 0.0132384 0.9134086
7.473752 0.8404467 -0.0689388 1.7838235 0.0451714 0.4189608 0.0148028 0.9067592
7.681003 0.9176512 -0.0770422 1.8489817 0.0479554 0.4207701 0.0140029 0.9057907
7.991881 1.0386940 -0.0906070 1.9535539 0.0468935 0.4120299 0.0135250 0.9098623
8.199389 1.1224706 -0.1004609 2.0292397 0.0462291 0.4046510 0.0117824 0.9132259
8.407006 1.2069190 -0.1102467 2.1082163 0.0440739 0.4016470 0.0079674 0.9146987
8.614628 1.2953273 -0.1204774 2.1894827 0.0423794 0.4022202 0.0066331 0.9145375
8.822133 1.3848138 -0.1306829 2.2721031 0.0416354 0.4026517 0.0067665 0.9143808
9.029629 1.4773513 -0.1410459 2.3566456 0.0411323 0.4026999 0.0071761 0.9143792
9.133505 1.5235829 -0.1458164 2.3993547 0.0404687 0.4028187 0.0059272 0.9143655
9.237279 1.5699581 -0.1512663 2.4421449 0.0401003 0.4028700 0.0060001 0.9143586
9.444755 1.6616640 -0.1622642 2.5269246 0.0389618 0.4018982 0.0057728 0.9148369
9.548508 1.7080933 -0.1676041 2.5694394 0.0377875 0.4007047 0.0062119 0.9154066
9.755883 1.8003043 -0.1775084 2.6561613 0.0369309 0.3982064 0.0068388 0.9165266
9.963509 1.8919699 -0.1875799 2.7426040 0.0374905 0.3965617 0.0068868 0.9172164
10.171130 1.9809349 -0.1982757 2.8271046 0.0391707 0.3987578 0.0050497 0.9162054
10.378880 2.0727959 -0.2084479 2.9114327 0.0388948 0.4039651 0.0052248 0.9139322
10.586510 2.1640334 -0.2193644 2.9933438 0.0361426 0.4097049 0.0053169 0.9114863
10.690390 2.2097132 -0.2242837 3.0335863 0.0378091 0.4123993 0.0058100 0.9101997
10.898010 2.3006284 -0.2340864 3.1127651 0.0392919 0.4177257 0.0046563 0.9077112
11.105390 2.3923938 -0.2444480 3.1909671 0.0389544 0.4215267 0.0046906 0.9059668
11.209130 2.4389899 -0.2488973 3.2297282 0.0352994 0.4227003 0.0066163 0.9055576
11.416630 2.5308428 -0.2576403 3.3067100 0.0298272 0.4247802 0.0095084 0.9047551
11.624010 2.6200771 -0.2658711 3.3815584 0.0354862 0.4263315 0.0078339 0.9038367
11.831510 2.7109137 -0.2742606 3.4553890 0.0376855 0.4264373 0.0118650 0.9036539
12.038930 2.8017583 -0.2820899 3.5305736 0.0334097 0.4258841 0.0118067 0.9040835
12.142640 2.8468819 -0.2860963 3.5684986 0.0301057 0.4255091 0.0117032 0.9043775
12.350150 2.9358640 -0.2932487 3.6446793 0.0255188 0.4245026 0.0049081 0.9050537
12.453880 2.9808414 -0.2967738 3.6820254 0.0257811 0.4233675 0.0066776 0.9055665
12.557630 3.0252907 -0.3007772 3.7190676 0.0270968 0.4216729 0.0084771 0.9063034
12.661390 3.0695686 -0.3044110 3.7563066 0.0286644 0.4185825 0.0092654 0.9076790
12.868760 3.1557260 -0.3115983 3.8318508 0.0308275 0.4104085 0.0149191 0.9112585
13.076170 3.2403052 -0.3180951 3.9104564 0.0296640 0.3994560 0.0126388 0.9161851
13.179930 3.2820308 -0.3217059 3.9503090 0.0279002 0.3933145 0.0132803 0.9188846
13.283680 3.3229873 -0.3252359 3.9906838 0.0274789 0.3874523 0.0130096 0.9213883
13.491130 3.4026852 -0.3320323 4.0731063 0.0276610 0.3754231 0.0139088 0.9263363
13.594890 3.4422510 -0.3360745 4.1142063 0.0298553 0.3686798 0.0132152 0.9289829
13.802490 3.5176189 -0.3433552 4.1976671 0.0369134 0.3564380 0.0113882 0.9335200
14.010030 3.5907855 -0.3513148 4.2837901 0.0330554 0.3447319 0.0092051 0.9380738
14.113800 3.6261518 -0.3556787 4.3270693 0.0335326 0.3397679 0.0075427 0.9398811
14.321530 3.6951120 -0.3646556 4.4143348 0.0385129 0.3339126 0.0000761 0.9418169
14.425390 3.7299035 -0.3694217 4.4582438 0.0396423 0.3320224 -0.0017217 0.9424366
14.529260 3.7642219 -0.3745070 4.5024056 0.0395148 0.3303130 -0.0027491 0.9430400
14.633120 3.7985897 -0.3795911 4.5466166 0.0394036 0.3278842 -0.0032764 0.9438902
14.736910 3.8330607 -0.3845776 4.5912261 0.0372717 0.3249159 -0.0043658 0.9449981
14.840760 3.8671951 -0.3895400 4.6357179 0.0353314 0.3222423 -0.0040089 0.9459892
14.944510 3.9011567 -0.3947789 4.6807604 0.0338388 0.3192781 -0.0042081 0.9470474
15.048260 3.9336712 -0.3994717 4.7260861 0.0329454 0.3165426 -0.0086056 0.9479669
15.152010 3.9654505 -0.4041752 4.7710247 0.0331036 0.3135507 -0.0123939 0.9489133
15.255760 3.9985025 -0.4090902 4.8160915 0.0351518 0.3098565 -0.0119925 0.9500576
15.463280 4.0621533 -0.4190006 4.9066839 0.0357740 0.3032159 -0.0124446 0.9521688
15.670890 4.1254787 -0.4289048 4.9996481 0.0321079 0.2962037 -0.0114428 0.9545164
15.774640 4.1559882 -0.4333315 5.0452704 0.0337489 0.2929476 -0.0129410 0.9554451
15.982160 4.2155561 -0.4432747 5.1374278 0.0350935 0.2866567 -0.0141438 0.9572859
16.189760 4.2756577 -0.4537553 5.2314863 0.0346549 0.2790174 -0.0120302 0.9595851
16.397260 4.3328772 -0.4635567 5.3232627 0.0354939 0.2717569 -0.0101396 0.9616577
16.812390 4.4421644 -0.4828165 5.5112782 0.0339738 0.2612103 -0.0131648 0.9645940
17.020010 4.4964690 -0.4922737 5.6055269 0.0342769 0.2559260 -0.0095740 0.9660410
17.331410 4.5766592 -0.5062138 5.7483382 0.0341110 0.2486098 -0.0061983 0.9679831
17.539040 4.6272745 -0.5153762 5.8440132 0.0345155 0.2461499 -0.0087225 0.9685777
17.642890 4.6532269 -0.5199838 5.8916130 0.0339061 0.2453742 -0.0087895 0.9687955
17.850540 4.7040787 -0.5289159 5.9871488 0.0291906 0.2444698 -0.0076418 0.9691873
18.058140 4.7544136 -0.5374063 6.0813112 0.0306134 0.2432842 -0.0076368 0.9694418
18.265770 4.8030100 -0.5458990 6.1748190 0.0317434 0.2436088 -0.0099264 0.9693031
18.473380 4.8524261 -0.5554087 6.2684150 0.0317126 0.2429865 -0.0079987 0.9694781
18.680990 4.9011240 -0.5639594 6.3625646 0.0332197 0.2427968 -0.0135888 0.9694130
18.784860 4.9246788 -0.5686500 6.4091978 0.0335773 0.2427483 -0.0170475 0.9693581
18.888520 4.9490376 -0.5733814 6.4549527 0.0354771 0.2423678 -0.0159251 0.9694048
18.992370 4.9731627 -0.5782909 6.5007973 0.0360811 0.2423154 -0.0152662 0.9694062
19.096040 4.9967852 -0.5831254 6.5463638 0.0365764 0.2413412 -0.0159646 0.9696193
19.199890 5.0205941 -0.5877009 6.5918541 0.0365738 0.2407254 -0.0119084 0.9698308
19.303520 5.0452781 -0.5926572 6.6373296 0.0350360 0.2387662 -0.0088508 0.9704044
19.407390 5.0688157 -0.5974149 6.6823053 0.0326216 0.2378540 -0.0063418 0.9707322
19.511150 5.0917678 -0.6016574 6.7269950 0.0325710 0.2361282 -0.0055842 0.9711598
19.614770 5.1144762 -0.6061833 6.7716126 0.0350779 0.2335386 -0.0056247 0.9716983
19.718390 5.1364913 -0.6106101 6.8161268 0.0366671 0.2303694 -0.0051670 0.9723985
19.822140 5.1582079 -0.6147346 6.8609109 0.0370295 0.2262782 -0.0052869 0.9733443
19.925670 5.1796961 -0.6192147 6.9062676 0.0348994 0.2215053 -0.0039341 0.9745265
20.132890 5.2208791 -0.6276507 6.9965239 0.0359330 0.2088871 -0.0005777 0.9772792
20.236640 5.2403269 -0.6320262 7.0420365 0.0364208 0.2018431 -0.0010134 0.9787399
20.444020 5.2768259 -0.6409702 7.1333308 0.0374132 0.1884330 0.0001537 0.9813731
20.547770 5.2932677 -0.6455300 7.1779718 0.0405580 0.1816429 -0.0016151 0.9825265
20.859140 5.3393698 -0.6597186 7.3117385 0.0487722 0.1616175 -0.0087164 0.9856090
21.274520 5.3910980 -0.6815973 7.4891791 0.0516333 0.1426512 -0.0154268 0.9883050
21.482520 5.4167929 -0.6917810 7.5788345 0.0505381 0.1411176 -0.0182542 0.9885335
21.794280 5.4560037 -0.7076082 7.7099948 0.0472334 0.1446170 -0.0171771 0.9882104
22.106150 5.4946108 -0.7231263 7.8377972 0.0465926 0.1513415 -0.0169934 0.9872366
22.313900 5.5225344 -0.7329012 7.9238796 0.0446146 0.1571500 -0.0164846 0.9864287
22.521520 5.5503607 -0.7422159 8.0079746 0.0451068 0.1625230 -0.0183557 0.9855022
22.832900 5.5924177 -0.7570466 8.1304836 0.0484187 0.1662849 -0.0172268 0.9847376
23.040140 5.6204395 -0.7671175 8.2112617 0.0460342 0.1638639 -0.0135783 0.9853147
23.247420 5.6461916 -0.7765394 8.2903938 0.0466752 0.1545910 -0.0122868 0.9867989
23.454650 5.6692171 -0.7858887 8.3692074 0.0456107 0.1396149 -0.0103776 0.9891004
23.662020 5.6886406 -0.7947142 8.4483995 0.0391912 0.1234410 -0.0123650 0.9915006
23.765650 5.6972418 -0.7984314 8.4879665 0.0356577 0.1151304 -0.0119580 0.9926382
23.973020 5.7121601 -0.8054224 8.5667181 0.0286996 0.0978698 -0.0122792 0.9947096
24.076780 5.7185130 -0.8088225 8.6053553 0.0272371 0.0888861 -0.0127693 0.9955875
24.284160 5.7286959 -0.8143418 8.6817236 0.0262303 0.0712912 -0.0126992 0.9970297
24.387900 5.7324419 -0.8170115 8.7197189 0.0250741 0.0631831 -0.0152407 0.9975705
24.595400 5.7389069 -0.8218755 8.7952318 0.0215682 0.0499314 -0.0147945 0.9984102
24.699270 5.7421169 -0.8244872 8.8320761 0.0210041 0.0443171 -0.0135716 0.9987045
24.803110 5.7442126 -0.8269080 8.8689518 0.0223956 0.0394244 -0.0160288 0.9988430
24.906780 5.7459292 -0.8295656 8.9051552 0.0253081 0.0347074 -0.0181828 0.9989116
25.010540 5.7475796 -0.8320374 8.9409475 0.0303250 0.0299818 -0.0182405 0.9989238
25.114270 5.7496972 -0.8343358 8.9772730 0.0340470 0.0256251 -0.0156428 0.9989692
25.218040 5.7505245 -0.8368955 9.0146341 0.0331801 0.0226207 -0.0157942 0.9990686
25.425520 5.7516680 -0.8422282 9.0899029 0.0228658 0.0176308 -0.0192312 0.9993981
25.633210 5.7531142 -0.8473153 9.1646461 0.0187542 0.0163606 -0.0179329 0.9995294
25.840800 5.7552085 -0.8511435 9.2387762 0.0205014 0.0149195 -0.0147783 0.9995692
26.048150 5.7565231 -0.8541443 9.3135176 0.0174338 0.0127731 -0.0164064 0.9996318
26.255540 5.7573872 -0.8581614 9.3892469 0.0133654 0.0089673 -0.0149218 0.9997591
26.462800 5.7571926 -0.8611540 9.4655676 0.0110220 0.0018087 -0.0136981 0.9998438
26.670290 5.7552009 -0.8645029 9.5414886 0.0110422 -0.0090183 -0.0133399 0.9998094
26.877670 5.7514391 -0.8674819 9.6182756 0.0140061 -0.0214037 -0.0146947 0.9995648
27.085020 5.7456675 -0.8705245 9.6965008 0.0126064 -0.0335448 -0.0139006 0.9992610
27.292530 5.7378917 -0.8737385 9.7757244 0.0107569 -0.0456417 -0.0155392 0.9987791
27.500020 5.7274628 -0.8757370 9.8558760 0.0094405 -0.0542220 -0.0195920 0.9982920
27.707780 5.7177105 -0.8784558 9.9382639 0.0061661 -0.0577868 -0.0185790 0.9981370
27.915520 5.7076025 -0.8808817 10.0218134 0.0079269 -0.0570638 -0.0158895 0.9982126
28.123280 5.6976767 -0.8827863 10.1070108 0.0088623 -0.0564127 -0.0125527 0.9982893
28.330900 5.6879878 -0.8852156 10.1934443 0.0048913 -0.0551610 -0.0115479 0.9983987
28.538650 5.6786098 -0.8873913 10.2800903 0.0035182 -0.0536121 -0.0117373 0.9984866
28.849900 5.6643076 -0.8909264 10.4137173 0.0054543 -0.0511197 -0.0115776 0.9986105
29.057520 5.6555905 -0.8929328 10.5012207 0.0098558 -0.0504117 -0.0125585 0.9986009
29.161270 5.6502604 -0.8941478 10.5460863 0.0082753 -0.0492059 -0.0133179 0.9986656
29.368650 5.6408534 -0.8974285 10.6351519 0.0059152 -0.0472441 -0.0162782 0.9987332
29.576300 5.6326547 -0.8998598 10.7239847 0.0049516 -0.0409519 -0.0177243 0.9989916
29.783900 5.6265192 -0.9028031 10.8117523 0.0061504 -0.0306477 -0.0159165 0.9993846
29.991660 5.6224918 -0.9054993 10.8995113 0.0072560 -0.0188021 -0.0180157 0.9996346
30.199280 5.6212335 -0.9077702 10.9887609 0.0004562 -0.0085844 -0.0127959 0.9998811
30.406780 5.6199775 -0.9089085 11.0777445 -0.0033386 -0.0023804 -0.0155784 0.9998702
30.510400 5.6198859 -0.9095037 11.1221781 -0.0042117 -0.0010024 -0.0151620 0.9998757
30.717780 5.6193514 -0.9100483 11.2111168 -0.0033503 0.0003695 -0.0150048 0.9998817
30.925160 5.6193032 -0.9112077 11.2990961 -0.0034363 0.0000111 -0.0169753 0.9998500
31.132530 5.6181173 -0.9121687 11.3899193 -0.0051095 -0.0012748 -0.0168673 0.9998439
31.340050 5.6177640 -0.9126278 11.4800167 -0.0056132 -0.0041282 -0.0148921 0.9998648
31.547410 5.6146092 -0.9131928 11.5711842 -0.0092563 -0.0085758 -0.0175688 0.9997661
31.858530 5.6092777 -0.9128458 11.7086277 -0.0101591 -0.0156945 -0.0210847 0.9996029
32.066030 5.6042643 -0.9120276 11.7995300 -0.0068520 -0.0203109 -0.0257519 0.9994385
32.377150 5.5956960 -0.9125490 11.9372091 -0.0053890 -0.0268422 -0.0279876 0.9992333
32.688280 5.5854206 -0.9128742 12.0761604 -0.0057038 -0.0337128 -0.0262821 0.9990696
32.895660 5.5781374 -0.9130822 12.1682777 -0.0042030 -0.0383324 -0.0254166 0.9989329
32.999410 5.5731344 -0.9132326 12.2148027 -0.0053726 -0.0403555 -0.0281360 0.9987747
33.206780 5.5645313 -0.9144110 12.3068905 -0.0045026 -0.0452550 -0.0281436 0.9985688
33.414280 5.5544524 -0.9150099 12.3978519 0.0014438 -0.0492556 -0.0308992 0.9983071
33.621780 5.5436554 -0.9156488 12.4904966 -0.0058253 -0.0518821 -0.0341448 0.9980523
33.725530 5.5388527 -0.9155679 12.5368662 -0.0118288 -0.0527633 -0.0322976 0.9980145
33.933050 5.5277147 -0.9146360 12.6293364 -0.0175098 -0.0546193 -0.0343806 0.9977615
34.036660 5.5223818 -0.9142457 12.6744146 -0.0152592 -0.0562438 -0.0340567 0.9977193
34.244030 5.5107627 -0.9129912 12.7661839 -0.0097213 -0.0611626 -0.0330371 0.9975336
34.347780 5.5046840 -0.9126632 12.8116884 -0.0085155 -0.0634305 -0.0321981 0.9974304
34.451530 5.4982810 -0.9125507 12.8577042 -0.0074053 -0.0656285 -0.0319363 0.9973055
34.555160 5.4918985 -0.9122051 12.9032888 -0.0080197 -0.0677925 -0.0314357 0.9971718
34.658910 5.4855542 -0.9118973 12.9490490 -0.0105624 -0.0695992 -0.0308759 0.9970412
34.866280 5.4712481 -0.9107104 13.0413666 -0.0164045 -0.0723191 -0.0299473 0.9967968
35.073910 5.4577131 -0.9084163 13.1333561 -0.0223783 -0.0743230 -0.0289442 0.9965629
35.281280 5.4429069 -0.9064871 13.2244253 -0.0184838 -0.0763172 -0.0332829 0.9963565
35.488660 5.4276538 -0.9044095 13.3145571 -0.0070346 -0.0772976 -0.0333063 0.9964268
35.592410 5.4200187 -0.9037950 13.3605671 -0.0082060 -0.0770427 -0.0333329 0.9964367
35.799780 5.4053011 -0.9033612 13.4525261 -0.0119050 -0.0780287 -0.0333910 0.9963207
36.007180 5.3906503 -0.9020183 13.5444927 -0.0115644 -0.0794459 -0.0299131 0.9963232
36.214530 5.3753066 -0.9012306 13.6368504 -0.0156520 -0.0806381 -0.0310923 0.9961354
36.422040 5.3595057 -0.8994377 13.7285862 -0.0132274 -0.0819637 -0.0310923 0.9960624
36.629530 5.3424444 -0.8980677 13.8195152 -0.0136390 -0.0836437 -0.0294877 0.9959660
36.837040 5.3257713 -0.8970393 13.9116564 -0.0163228 -0.0875258 -0.0299576 0.9955779
37.044540 5.3086200 -0.8949232 14.0026045 -0.0151485 -0.0921604 -0.0294037 0.9951947
37.252040 5.2896500 -0.8936225 14.0932713 -0.0112990 -0.0975144 -0.0311375 0.9946827
37.563030 5.2599635 -0.8927923 14.2288094 -0.0111457 -0.1126012 -0.0246544 0.9932718
37.874040 5.2238026 -0.8905767 14.3622093 -0.0147143 -0.1351727 -0.0238183 0.9904264
38.081530 5.1961946 -0.8886164 14.4498215 -0.0168537 -0.1488188 -0.0271568 0.9883478
38.289160 5.1663928 -0.8865328 14.5367298 -0.0137465 -0.1574953 -0.0324807 0.9868897
38.497160 5.1365309 -0.8847985 14.6229153 -0.0111380 -0.1565113 -0.0390354 0.9868416
38.705160 5.1084652 -0.8836262 14.7102013 -0.0058053 -0.1467437 -0.0433300 0.9882080
38.913290 5.0844173 -0.8831698 14.7982178 -0.0064437 -0.1347317 -0.0394864 0.9900741
39.121160 5.0615039 -0.8832651 14.8863907 -0.0072398 -0.1234950 -0.0398384 0.9915188
39.328910 5.0409279 -0.8828295 14.9757776 -0.0053424 -0.1135487 -0.0365400 0.9928459
39.536410 5.0204153 -0.8826239 15.0663834 -0.0049122 -0.1056348 -0.0390301 0.9936266
39.743820 5.0010767 -0.8823622 15.1576700 -0.0102103 -0.0997052 -0.0410182 0.9941188
39.951290 4.9825997 -0.8814464 15.2498856 -0.0107311 -0.0957228 -0.0429147 0.9944246
40.158660 4.9633760 -0.8812549 15.3410101 -0.0001927 -0.0934734 -0.0459407 0.9945613
40.469910 4.9364552 -0.8826082 15.4804087 0.0012087 -0.0914330 -0.0470815 0.9946969
40.781040 4.9095964 -0.8833755 15.6207266 -0.0026629 -0.0926494 -0.0447049 0.9946911
41.092170 4.8809924 -0.8836100 15.7627153 -0.0030750 -0.0990486 -0.0446600 0.9940752
41.299420 4.8597369 -0.8835641 15.8572693 -0.0019701 -0.1032796 -0.0468214 0.9935478
41.610540 4.8277731 -0.8844814 15.9990625 0.0021591 -0.1129701 -0.0423384 0.9926936
41.817920 4.8032837 -0.8851098 16.0947533 -0.0015721 -0.1211420 -0.0445768 0.9916325
42.025300 4.7764826 -0.8843523 16.1907272 -0.0077941 -0.1287524 -0.0492326 0.9904233
42.232670 4.7488294 -0.8829783 16.2870731 -0.0078723 -0.1373655 -0.0498674 0.9892330
42.543790 4.7050133 -0.8825354 16.4304638 0.0021860 -0.1511159 -0.0453771 0.9874716
42.751180 4.6734929 -0.8830653 16.5264091 0.0024712 -0.1592539 -0.0384052 0.9864873
42.958540 4.6398897 -0.8831134 16.6229343 -0.0045261 -0.1683094 -0.0354498 0.9850862
43.166060 4.6039944 -0.8826959 16.7198849 -0.0082811 -0.1766031 -0.0358103 0.9835957
43.373560 4.5649776 -0.8810310 16.8169727 -0.0088275 -0.1843490 -0.0406822 0.9819788
43.581040 4.5254250 -0.8790709 16.9141693 -0.0097752 -0.1897980 -0.0397248 0.9809705
43.788690 4.4847727 -0.8771255 17.0109901 -0.0059069 -0.1957819 -0.0374443 0.9799145
43.996060 4.4427967 -0.8758971 17.1079235 -0.0082658 -0.2008103 -0.0398696 0.9787836
44.099960 4.4211683 -0.8748257 17.1568489 -0.0107217 -0.2033956 -0.0407312 0.9781903
44.411040 4.3547635 -0.8723521 17.3015442 -0.0054689 -0.2118093 -0.0405787 0.9764529
44.618540 4.3101358 -0.8709233 17.3982792 -0.0067351 -0.2173237 -0.0356603 0.9754247
44.826160 4.2644315 -0.8698279 17.4947662 -0.0079278 -0.2237290 -0.0311093 0.9741225
44.929790 4.2413535 -0.8690057 17.5425873 -0.0093583 -0.2265670 -0.0273590 0.9735663
45.033540 4.2174959 -0.8683594 17.5901356 -0.0104512 -0.2293027 -0.0289797 0.9728675
45.137340 4.1933403 -0.8675348 17.6370163 -0.0105375 -0.2313638 -0.0291258 0.9723741
45.241040 4.1693730 -0.8666542 17.6837635 -0.0094788 -0.2342775 -0.0289536 0.9716923
45.344810 4.1450095 -0.8657690 17.7303104 -0.0092065 -0.2368149 -0.0304305 0.9710345
45.448540 4.1208358 -0.8647217 17.7771587 -0.0098945 -0.2396149 -0.0269752 0.9704428
45.552290 4.0960612 -0.8640666 17.8233833 -0.0111479 -0.2426369 -0.0284957 0.9696345
45.656170 4.0708003 -0.8630645 17.8690948 -0.0098610 -0.2448505 -0.0273943 0.9691236
45.759920 4.0462766 -0.8620986 17.9147053 -0.0109236 -0.2477054 -0.0257037 0.9684328
45.863670 4.0199761 -0.8612143 17.9607315 -0.0116893 -0.2497483 -0.0284541 0.9678221
46.071290 3.9681864 -0.8590947 18.0511570 -0.0131499 -0.2533258 -0.0320167 0.9667616
46.278790 3.9163504 -0.8560628 18.1418037 -0.0157910 -0.2557932 -0.0325388 0.9660547
46.486540 3.8645363 -0.8537686 18.2320518 -0.0099375 -0.2576757 -0.0295634 0.9657280
46.694170 3.8123283 -0.8514504 18.3223495 -0.0111533 -0.2566210 -0.0300254 0.9659812
46.901920 3.7605867 -0.8490983 18.4138565 -0.0142868 -0.2540899 -0.0308057 0.9665843
47.109670 3.7085600 -0.8466996 18.5058365 -0.0111863 -0.2485346 -0.0328484 0.9680012
47.317420 3.6583443 -0.8447809 18.5990734 -0.0078326 -0.2415853 -0.0326467 0.9697986
47.525050 3.6089172 -0.8434464 18.6937275 -0.0080471 -0.2334067 -0.0328190 0.9717919
47.732670 3.5604010 -0.8407313 18.7908154 -0.0122164 -0.2251052 -0.0362080 0.9735848
47.940170 3.5141892 -0.8386686 18.8868809 -0.0130693 -0.2161666 -0.0390318 0.9754885
48.147690 3.4695282 -0.8360357 18.9850960 -0.0067415 -0.2091456 -0.0372205 0.9771526
48.355050 3.4261494 -0.8347037 19.0849419 -0.0084053 -0.2023042 -0.0363921 0.9786102
48.562550 3.3829937 -0.8333139 19.1859322 -0.0098881 -0.1962749 -0.0363274 0.9798259
48.769940 3.3398557 -0.8311566 19.2881031 -0.0105821 -0.1904457 -0.0391196 0.9808609
48.977300 3.2984915 -0.8291261 19.3909206 -0.0100314 -0.1857970 -0.0415542 0.9816578
49.184670 3.2574449 -0.8270951 19.4946880 -0.0090392 -0.1812336 -0.0432932 0.9824451
49.392050 3.2186189 -0.8247063 19.5986519 -0.0091275 -0.1775164 -0.0425080 0.9831570
49.599420 3.1797242 -0.8231536 19.7029343 -0.0099342 -0.1738251 -0.0437565 0.9837538
49.806800 3.1408620 -0.8213807 19.8077202 -0.0098769 -0.1697015 -0.0455002 0.9843950
50.014170 3.1040044 -0.8195239 19.9123573 -0.0085110 -0.1667638 -0.0443579 0.9849618
50.221580 3.0677381 -0.8175349 20.0193577 -0.0156526 -0.1660204 -0.0413753 0.9851296
50.428990 3.0301685 -0.8143358 20.1260281 -0.0174876 -0.1647245 -0.0398949 0.9853773
50.636450 2.9940238 -0.8123561 20.2319870 -0.0110501 -0.1644904 -0.0371607 0.9856165
50.740210 2.9754725 -0.8112297 20.2853165 -0.0099703 -0.1637775 -0.0348040 0.9858328
50.843990 2.9570026 -0.8103400 20.3393002 -0.0111351 -0.1631383 -0.0339196 0.9859571
50.947600 2.9387913 -0.8094541 20.3929825 -0.0134757 -0.1625167 -0.0322955 0.9860851
51.051200 2.9211984 -0.8083824 20.4462433 -0.0158346 -0.1622517 -0.0307803 0.9861421
51.154950 2.9040337 -0.8068500 20.4993992 -0.0173674 -0.1622388 -0.0297248 0.9861508
51.258560 2.8851147 -0.8058251 20.5533581 -0.0180972 -0.1617873 -0.0290110 0.9862331
51.362310 2.8672385 -0.8044820 20.6066380 -0.0168918 -0.1618953 -0.0279105 0.9862685
51.465930 2.8494263 -0.8033978 20.6597290 -0.0160065 -0.1621482 -0.0268116 0.9862722
51.569680 2.8313379 -0.8019599 20.7130737 -0.0161242 -0.1621783 -0.0264962 0.9862739
51.673320 2.8132000 -0.8007216 20.7662621 -0.0179156 -0.1619251 -0.0258829 0.9863008
51.776930 2.7950234 -0.7995294 20.8197403 -0.0186469 -0.1616486 -0.0255564 0.9863412
51.880670 2.7769952 -0.7981650 20.8729591 -0.0176502 -0.1613167 -0.0251017 0.9864255
51.984300 2.7588682 -0.7965853 20.9263573 -0.0168505 -0.1610438 -0.0243512 0.9865029
52.088050 2.7407541 -0.7953026 20.9802208 -0.0173395 -0.1608157 -0.0236557 0.9865485
52.191670 2.7225952 -0.7941485 21.0338593 -0.0185076 -0.1608046 -0.0233984 0.9865353
52.399170 2.6870480 -0.7910615 21.1410522 -0.0203217 -0.1612180 -0.0199764 0.9865074
52.502930 2.6695108 -0.7896229 21.1943245 -0.0214689 -0.1614613 -0.0173616 0.9864928
52.710430 2.6344914 -0.7860842 21.3016243 -0.0236603 -0.1623589 -0.0107518 0.9863895
52.917930 2.5991573 -0.7824149 21.4071789 -0.0257550 -0.1637424 -0.0086260 0.9861292
53.125430 2.5632963 -0.7788078 21.5109234 -0.0270991 -0.1650871 -0.0077901 0.9858758
53.436550 2.5109873 -0.7731599 21.6605549 -0.0291503 -0.1675595 -0.0069172 0.9854066
53.644050 2.4771514 -0.7690030 21.7560043 -0.0342247 -0.1681343 -0.0109952 0.9851084
53.851550 2.4434662 -0.7638799 21.8481178 -0.0372843 -0.1675632 -0.0186812 0.9849789
54.059050 2.4111109 -0.7586484 21.9358864 -0.0372938 -0.1667005 -0.0250691 0.9849831
54.266550 2.3813648 -0.7536135 22.0191116 -0.0355855 -0.1658090 -0.0273841 0.9851351
54.473930 2.3526068 -0.7488291 22.1010017 -0.0347642 -0.1650715 -0.0264600 0.9853135
54.681310 2.3249078 -0.7444837 22.1802559 -0.0343460 -0.1637739 -0.0270044 0.9855299
54.888800 2.2991867 -0.7399060 22.2566185 -0.0348777 -0.1590357 -0.0302917 0.9861915
55.096430 2.2753210 -0.7354379 22.3311005 -0.0344852 -0.1522586 -0.0315120 0.9872361
55.304050 2.2526131 -0.7324498 22.4030304 -0.0287706 -0.1445615 -0.0336621 0.9885045
55.511680 2.2312598 -0.7284968 22.4773159 -0.0277690 -0.1333622 -0.0352101 0.9900523
55.822930 2.2026854 -0.7221166 22.5920715 -0.0354243 -0.1156239 -0.0374632 0.9919540
56.030430 2.1862736 -0.7176993 22.6702538 -0.0355579 -0.1048440 -0.0355068 0.9932183
56.341580 2.1644230 -0.7109553 22.7891045 -0.0305542 -0.0941279 -0.0258910 0.9947543
56.549070 2.1500328 -0.7057804 22.8720570 -0.0405153 -0.0884832 -0.0218112 0.9950143
56.756680 2.1350589 -0.6994531 22.9562607 -0.0554709 -0.0829918 -0.0253632 0.9946819
56.964280 2.1217170 -0.6915007 23.0405960 -0.0560572 -0.0771802 -0.0263070 0.9950923
57.171890 2.1097493 -0.6833274 23.1257687 -0.0578089 -0.0709296 -0.0238212 0.9955198
57.379330 2.0991106 -0.6744540 23.2121086 -0.0625971 -0.0643327 -0.0198619 0.9957652
57.586810 2.0892577 -0.6656947 23.2982559 -0.0627523 -0.0583621 -0.0171765 0.9961732
57.794300 2.0804169 -0.6567097 23.3824844 -0.0623285 -0.0517465 -0.0174115 0.9965612
57.898200 2.0766377 -0.6525307 23.4238586 -0.0626402 -0.0476166 -0.0181299 0.9967347
58.105810 2.0703545 -0.6441681 23.5052700 -0.0623616 -0.0372070 -0.0167861 0.9972185
58.209680 2.0678954 -0.6399114 23.5453625 -0.0624166 -0.0316016 -0.0162876 0.9974168
58.313440 2.0660319 -0.6359036 23.5848446 -0.0632576 -0.0264741 -0.0163062 0.9975128
58.521060 2.0642347 -0.6288006 23.6619606 -0.0597151 -0.0159172 -0.0147584 0.9979794
58.728680 2.0627885 -0.6215644 23.7382393 -0.0508267 -0.0025077 -0.0208053 0.9984876
58.936580 2.0650423 -0.6157129 23.8143291 -0.0458720 0.0157731 -0.0207688 0.9986069
59.144310 2.0713761 -0.6106663 23.8897552 -0.0397520 0.0367105 -0.0169251 0.9983915
59.352060 2.0813878 -0.6068643 23.9665489 -0.0329626 0.0572238 -0.0104870 0.9977620
59.663310 2.1006784 -0.6006023 24.0850544 -0.0384152 0.0837383 -0.0078090 0.9957165
59.870680 2.1162035 -0.5960445 24.1642742 -0.0455601 0.0952251 -0.0050341 0.9943999
60.078080 2.1322894 -0.5903480 24.2451153 -0.0482177 0.1031950 -0.0084235 0.9934561
60.285560 2.1499109 -0.5841789 24.3264027 -0.0520476 0.1107657 -0.0111776 0.9924198
60.493060 2.1665273 -0.5794317 24.4053154 -0.0382134 0.1168433 -0.0234387 0.9921381
60.700580 2.1854312 -0.5742577 24.4861259 -0.0303134 0.1208407 -0.0271319 0.9918379
60.907960 2.2046268 -0.5709398 24.5687237 -0.0393786 0.1202570 -0.0308948 0.9914802
61.115330 2.2226880 -0.5687205 24.6484604 -0.0194105 0.1168992 -0.0366803 0.9922764
61.322690 2.2404239 -0.5666106 24.7285690 -0.0107206 0.1115677 -0.0403103 0.9928811
61.530190 2.2568426 -0.5668420 24.8091259 -0.0213271 0.1091504 -0.0425323 0.9928859
61.737600 2.2731037 -0.5665587 24.8857040 -0.0137546 0.1063357 -0.0387763 0.9934787
61.945060 2.2889287 -0.5671761 24.9605923 -0.0095176 0.1035556 -0.0362029 0.9939190
62.152610 2.3038082 -0.5683372 25.0332069 -0.0041506 0.1036283 -0.0350915 0.9939882
62.360060 2.3177984 -0.5693318 25.1042957 -0.0003910 0.1049356 -0.0390916 0.9937103
62.567930 2.3325493 -0.5714185 25.1741638 0.0011161 0.1146725 -0.0436958 0.9924412
62.775810 2.3502398 -0.5741104 25.2409325 0.0029539 0.1322972 -0.0437693 0.9902388
63.087560 2.3803930 -0.5789315 25.3334007 0.0049431 0.1588511 -0.0384106 0.9865427
63.295440 2.4009290 -0.5816549 25.3890724 0.0049262 0.1764824 -0.0389037 0.9835224
63.503190 2.4215136 -0.5843964 25.4397068 0.0046594 0.1954295 -0.0389395 0.9799333
63.710810 2.4422841 -0.5881752 25.4826965 0.0132391 0.2113374 -0.0343031 0.9767213
63.918440 2.4617367 -0.5909386 25.5206852 0.0236430 0.2246216 -0.0330025 0.9736000
64.125960 2.4791927 -0.5937349 25.5551033 0.0286911 0.2346683 -0.0348956 0.9710252
64.437070 2.5053120 -0.5989805 25.5999107 0.0304982 0.2444181 -0.0242948 0.9688857
65.059060 2.5412645 -0.6057066 25.6666107 0.0274749 0.2551614 -0.0289629 0.9660740
65.266320 2.5497475 -0.6074176 25.6810379 0.0301305 0.2552795 -0.0264765 0.9660349
65.577440 2.5624113 -0.6095985 25.7029438 0.0298936 0.2508320 -0.0216936 0.9673257
65.992190 2.5771151 -0.6124307 25.7315445 0.0311402 0.2418612 -0.0214185 0.9695745
66.199690 2.5841713 -0.6138058 25.7468777 0.0319498 0.2362874 -0.0231708 0.9708813
66.510690 2.5964384 -0.6155349 25.7763538 0.0282579 0.2256212 -0.0298230 0.9733484
67.340070 2.6367421 -0.6240407 25.8796825 0.0246015 0.1700712 -0.0216680 0.9848863
67.651080 2.6483378 -0.6271606 25.9271965 0.0262371 0.1368139 -0.0267144 0.9898888
67.962080 2.6574132 -0.6306340 25.9808598 0.0260823 0.0995325 -0.0289035 0.9942724
68.273070 2.6632364 -0.6342539 26.0410004 0.0244161 0.0607975 -0.0285184 0.9974439
68.584070 2.6652994 -0.6378995 26.1101952 0.0237988 0.0224391 -0.0291319 0.9990402
68.895320 2.6627626 -0.6420242 26.1883488 0.0226668 -0.0088310 -0.0282490 0.9993049
69.206570 2.6562145 -0.6464927 26.2748051 0.0218374 -0.0364986 -0.0256836 0.9987649
69.517690 2.6445518 -0.6508476 26.3693943 0.0218589 -0.0643857 -0.0217522 0.9974485
69.829070 2.6259651 -0.6557065 26.4724941 0.0214669 -0.0862015 -0.0237542 0.9957631
70.140570 2.6030574 -0.6605814 26.5837536 0.0179845 -0.0996390 -0.0255351 0.9945334
70.451940 2.5767884 -0.6655015 26.7045078 0.0171550 -0.1063059 -0.0272457 0.9938121
70.763330 2.5473547 -0.6708168 26.8319054 0.0181040 -0.1106903 -0.0262139 0.9933442
71.074690 2.5162144 -0.6760964 26.9650421 0.0203059 -0.1148914 -0.0250935 0.9928535
71.385950 2.4826131 -0.6829191 27.1058655 0.0207646 -0.1184918 -0.0219051 0.9924962
71.697200 2.4462152 -0.6902112 27.2512474 0.0251781 -0.1200830 -0.0219498 0.9922017
71.904720 2.4218979 -0.6955498 27.3514881 0.0231035 -0.1205081 -0.0229455 0.9921782
72.215950 2.3837976 -0.7032495 27.5039997 0.0225932 -0.1216234 -0.0209191 0.9920986
72.527200 2.3442764 -0.7116346 27.6639080 0.0222380 -0.1231425 -0.0179589 0.9919773
72.734700 2.3158364 -0.7171607 27.7730541 0.0225962 -0.1238226 -0.0182512 0.9918792
72.942200 2.2866263 -0.7231250 27.8842716 0.0229319 -0.1243716 -0.0182769 0.9918023
73.149700 2.2567782 -0.7293404 27.9973793 0.0221151 -0.1236860 -0.0206341 0.9918603
73.357220 2.2267084 -0.7355899 28.1129055 0.0245702 -0.1203471 -0.0232273 0.9921559
73.564950 2.1981378 -0.7419821 28.2295418 0.0276790 -0.1116294 -0.0278024 0.9929752
73.772700 2.1713600 -0.7488688 28.3490925 0.0295359 -0.0969584 -0.0317013 0.9943449
73.980600 2.1490707 -0.7569319 28.4688721 0.0271469 -0.0799748 -0.0333880 0.9958676
74.292330 2.1236377 -0.7698113 28.6539459 0.0307369 -0.0516176 -0.0351541 0.9975746
74.603820 2.1103387 -0.7831786 28.8390961 0.0305075 -0.0183566 -0.0346455 0.9987652
74.811700 2.1091621 -0.7935206 28.9622593 0.0359333 0.0072512 -0.0366853 0.9986543
75.019330 2.1138914 -0.8057935 29.0859814 0.0408108 0.0356421 -0.0402730 0.9977185
75.227100 2.1257157 -0.8190552 29.2070808 0.0440083 0.0664257 -0.0410001 0.9959769
75.434820 2.1458313 -0.8334336 29.3292713 0.0494764 0.0948318 -0.0384318 0.9935200
75.642200 2.1737528 -0.8485692 29.4504738 0.0530842 0.1195091 -0.0347000 0.9908055
75.745950 2.1893191 -0.8569973 29.5114861 0.0533981 0.1307911 -0.0338769 0.9893911
75.953320 2.2245440 -0.8738334 29.6324234 0.0563989 0.1527296 -0.0342536 0.9860626
76.160580 2.2659984 -0.8907533 29.7517509 0.0559906 0.1715483 -0.0310533 0.9830930
76.367700 2.3107333 -0.9078372 29.8715382 0.0579937 0.1825074 -0.0253024 0.9811664
76.574950 2.3577356 -0.9258544 29.9915771 0.0599205 0.1875685 -0.0245265 0.9801153
76.782200 2.4049883 -0.9437819 30.1121712 0.0609389 0.1911764 -0.0253851 0.9793333
76.989560 2.4546614 -0.9621809 30.2340183 0.0643863 0.1943595 -0.0240301 0.9785200
77.196950 2.5065641 -0.9817941 30.3577995 0.0623192 0.1973038 -0.0237116 0.9780722
77.404200 2.5590620 -1.0005121 30.4852657 0.0610225 0.1991574 -0.0251485 0.9777424
77.611580 2.6124191 -1.0209985 30.6118832 0.0643563 0.1989928 -0.0256868 0.9775481
77.818950 2.6668091 -1.0420704 30.7422981 0.0642587 0.1989462 -0.0254799 0.9775695
78.026330 2.7220678 -1.0629206 30.8748207 0.0647288 0.1994471 -0.0277817 0.9773737
78.233830 2.7781363 -1.0844197 31.0093250 0.0633602 0.2020995 -0.0282337 0.9769054
78.441200 2.8362522 -1.1059642 31.1452217 0.0643347 0.2043630 -0.0276131 0.9763884
78.648580 2.8953228 -1.1276832 31.2822456 0.0638792 0.2078054 -0.0279742 0.9756812
78.855950 2.9566250 -1.1497126 31.4203625 0.0626495 0.2113746 -0.0286298 0.9749749
78.959710 2.9876432 -1.1609247 31.4892845 0.0624016 0.2131056 -0.0295567 0.9745863
79.167080 3.0509176 -1.1832385 31.6291180 0.0630100 0.2159919 -0.0295724 0.9739110
79.374460 3.1162567 -1.2061145 31.7696362 0.0639015 0.2184737 -0.0288468 0.9733210
79.478210 3.1496067 -1.2177939 31.8403111 0.0640010 0.2198725 -0.0294309 0.9729819
79.685700 3.2168245 -1.2412972 31.9815826 0.0636053 0.2230733 -0.0293704 0.9722809
79.893210 3.2859879 -1.2645693 32.1258240 0.0637289 0.2272558 -0.0290729 0.9713126
80.204330 3.3926153 -1.3000326 32.3414116 0.0650320 0.2312611 -0.0281757 0.9703068
80.307980 3.4286451 -1.3115947 32.4135284 0.0653451 0.2322267 -0.0278829 0.9700636
80.515330 3.5029249 -1.3375666 32.5599365 0.0648863 0.2334780 -0.0273277 0.9698098
80.722740 3.5777998 -1.3621390 32.7077065 0.0660225 0.2347302 -0.0264581 0.9694549
80.826440 3.6159763 -1.3743060 32.7821198 0.0655085 0.2350063 -0.0258603 0.9694390
81.033840 3.6919632 -1.4000213 32.9318199 0.0652899 0.2360357 -0.0265076 0.9691861
81.137500 3.7311649 -1.4125640 33.0076637 0.0643220 0.2366306 -0.0267870 0.9690981
81.344940 3.8093338 -1.4383533 33.1602402 0.0636842 0.2377457 -0.0255050 0.9689019
81.552330 3.8879280 -1.4637327 33.3128929 0.0649194 0.2380002 -0.0256010 0.9687548
81.759710 3.9657745 -1.4904470 33.4650803 0.0642219 0.2383779 -0.0256707 0.9687066
81.967080 4.0446615 -1.5155289 33.6178589 0.0661822 0.2378092 -0.0258434 0.9687099
82.174460 4.1238365 -1.5417335 33.7704773 0.0668857 0.2363720 -0.0239697 0.9690614
82.278210 4.1641254 -1.5550230 33.8478508 0.0662113 0.2352227 -0.0226099 0.9694200
82.485710 4.2433071 -1.5816197 34.0018463 0.0653815 0.2336653 -0.0229233 0.9698455
82.693080 4.3218126 -1.6079986 34.1571999 0.0657078 0.2328183 -0.0225186 0.9700366
82.900600 4.3986435 -1.6342101 34.3103676 0.0656869 0.2319634 -0.0221925 0.9702503
83.107850 4.4743996 -1.6608648 34.4645309 0.0649978 0.2317722 -0.0237877 0.9703047
83.315210 4.5525723 -1.6874580 34.6186371 0.0639608 0.2310072 -0.0211724 0.9706165
83.418960 4.5905838 -1.6996949 34.6945343 0.0644607 0.2306668 -0.0178962 0.9707303
83.626210 4.6673174 -1.7252727 34.8480835 0.0671560 0.2298088 -0.0173832 0.9707604
83.937350 4.7810059 -1.7647460 35.0801582 0.0656200 0.2288791 -0.0204611 0.9710250
84.248350 4.8943672 -1.8033767 35.3116188 0.0650933 0.2276926 -0.0227793 0.9712878
84.455710 4.9703903 -1.8291142 35.4663658 0.0648806 0.2276788 -0.0226437 0.9713085
84.662980 5.0469275 -1.8553157 35.6206551 0.0654233 0.2272198 -0.0203461 0.9714304
84.870340 5.1205730 -1.8810592 35.7715759 0.0655425 0.2257826 -0.0193435 0.9717779
85.077720 5.1935387 -1.9073675 35.9222183 0.0662044 0.2245685 -0.0224812 0.9719468
85.388710 5.2996874 -1.9463265 36.1472244 0.0627493 0.2238341 -0.0230741 0.9723314
85.492460 5.3352461 -1.9588706 36.2210808 0.0623145 0.2237178 -0.0217177 0.9724174
85.699750 5.4063234 -1.9832861 36.3696175 0.0631433 0.2241586 -0.0218959 0.9722584
85.907110 5.4766045 -2.0078690 36.5154266 0.0623247 0.2249530 -0.0226754 0.9721099
86.114460 5.5456219 -2.0318449 36.6580391 0.0616088 0.2256002 -0.0230631 0.9719964
86.218210 5.5782919 -2.0432560 36.7263870 0.0600693 0.2262518 -0.0234031 0.9719332
86.425590 5.6439810 -2.0655856 36.8604393 0.0592566 0.2267258 -0.0230957 0.9718800
86.529210 5.6756935 -2.0765922 36.9250755 0.0619557 0.2268345 -0.0223710 0.9717032
86.736730 5.7377472 -2.0978663 37.0504684 0.0614035 0.2264148 -0.0216384 0.9718527
86.944090 5.7955866 -2.1182330 37.1706123 0.0600031 0.2251054 -0.0215681 0.9722459
87.047710 5.8226795 -2.1276844 37.2276039 0.0592312 0.2240621 -0.0221155 0.9725218
87.151360 5.8493042 -2.1370988 37.2832832 0.0578865 0.2229272 -0.0213242 0.9728813
87.254960 5.8743305 -2.1458306 37.3361626 0.0561109 0.2220210 -0.0209325 0.9732009
87.358710 5.8981762 -2.1542873 37.3869438 0.0550225 0.2214635 -0.0217546 0.9733721
87.566210 5.9432650 -2.1695349 37.4826775 0.0569270 0.2206883 -0.0212529 0.9734497
87.669860 5.9642591 -2.1770861 37.5271339 0.0571210 0.2204195 -0.0213802 0.9734964
87.877340 6.0029640 -2.1904922 37.6092377 0.0565997 0.2218344 -0.0242763 0.9731375
88.085210 6.0388584 -2.2025208 37.6827469 0.0564775 0.2346276 -0.0280039 0.9700392
88.293330 6.0749798 -2.2143233 37.7470932 0.0572810 0.2602557 -0.0303462 0.9633613
88.501590 6.1142521 -2.2251258 37.8043404 0.0607993 0.2949187 -0.0279333 0.9531769
88.710100 6.1574411 -2.2353795 37.8565636 0.0609922 0.3405016 -0.0268006 0.9378808
88.918590 6.2047195 -2.2453589 37.9022369 0.0598129 0.3913352 -0.0247856 0.9179678
89.127090 6.2548237 -2.2552168 37.9395905 0.0622818 0.4474250 -0.0231868 0.8918488
89.335590 6.3077621 -2.2646093 37.9680519 0.0657167 0.5050423 -0.0231097 0.8602788
89.647840 6.3917484 -2.2780240 37.9944458 0.0718269 0.5862097 -0.0149257 0.8068311
89.855840 6.4512091 -2.2863042 38.0038681 0.0709116 0.6375099 -0.0125340 0.7670695
90.063710 6.5121326 -2.2947085 38.0043716 0.0760516 0.6854591 -0.0074040 0.7240905
90.271490 6.5735059 -2.3023121 37.9979820 0.0805177 0.7318242 -0.0107863 0.6766343
90.479340 6.6376810 -2.3098330 37.9826775 0.0807336 0.7747833 -0.0097000 0.6269760
90.686970 6.7016659 -2.3173299 37.9581337 0.0809353 0.8150126 -0.0078505 0.5737092
90.894590 6.7638512 -2.3243771 37.9237137 0.0831194 0.8518986 -0.0098287 0.5169752
91.102090 6.8253937 -2.3316932 37.8794823 0.0848840 0.8844270 -0.0109254 0.4587639
91.309470 6.8843927 -2.3387070 37.8240280 0.0859054 0.9106615 -0.0089778 0.4040239
91.516590 6.9414015 -2.3453586 37.7601967 0.0872212 0.9304104 -0.0085954 0.3558862
91.723710 6.9952774 -2.3512797 37.6875877 0.0888573 0.9439252 -0.0091863 0.3178445
91.827240 7.0219460 -2.3547659 37.6488419 0.0892479 0.9487343 -0.0076471 0.3031166
91.930590 7.0484428 -2.3583639 37.6085625 0.0873768 0.9527567 -0.0049736 0.2908525
92.137720 7.1009407 -2.3643479 37.5245476 0.0810587 0.9592519 -0.0029240 0.2706599
92.344860 7.1511297 -2.3690896 37.4356689 0.0760038 0.9647613 -0.0006600 0.2519099
92.552220 7.2005987 -2.3739545 37.3433380 0.0655779 0.9706303 0.0012659 0.2314622
92.759720 7.2464437 -2.3769853 37.2458076 0.0575186 0.9761441 0.0062509 0.2092731
92.967220 7.2876062 -2.3795447 37.1456757 0.0472798 0.9815248 0.0099890 0.1851320
93.174720 7.3233252 -2.3797095 37.0417519 0.0454907 0.9861844 0.0128471 0.1587633
93.382090 7.3536139 -2.3791146 36.9349861 0.0449619 0.9898993 0.0189248 0.1331148
93.589470 7.3794246 -2.3772035 36.8251877 0.0463057 0.9921673 0.0238127 0.1135462
93.796720 7.4039674 -2.3741024 36.7119102 0.0440109 0.9931365 0.0284971 0.1045506
94.003970 7.4301448 -2.3697610 36.5966110 0.0368266 0.9935265 0.0321476 0.1025445
94.211350 7.4567270 -2.3647997 36.4793968 0.0316654 0.9936429 0.0277275 0.1044139
94.625970 7.5132446 -2.3595185 36.2383919 0.0333584 0.9925410 0.0215553 0.1152608
94.833490 7.5447965 -2.3565750 36.1148109 0.0296188 0.9924011 0.0173329 0.1181620
95.040970 7.5771985 -2.3545852 35.9892807 0.0278054 0.9925081 0.0145645 0.1180782
95.248350 7.6094623 -2.3521693 35.8594818 0.0274147 0.9923376 0.0153486 0.1194943
95.455870 7.6420846 -2.3501959 35.7295151 0.0278793 0.9920194 0.0184005 0.1215796
95.663110 7.6749592 -2.3487930 35.5991096 0.0306768 0.9914623 0.0192779 0.1252585
95.974250 7.7269249 -2.3463583 35.4043732 0.0334634 0.9904824 0.0202014 0.1319726
96.181600 7.7635155 -2.3442173 35.2753830 0.0338302 0.9900204 0.0184914 0.1355478
96.389100 7.8002291 -2.3429055 35.1475563 0.0340878 0.9897231 0.0208695 0.1372973
96.596600 7.8367796 -2.3411429 35.0220032 0.0337433 0.9896080 0.0181884 0.1385873
96.803990 7.8733854 -2.3395758 34.8965607 0.0326370 0.9895822 0.0211105 0.1386226
97.011470 7.9087248 -2.3382273 34.7750130 0.0326010 0.9895286 0.0202424 0.1391423
97.218890 7.9439716 -2.3369522 34.6545334 0.0336140 0.9893224 0.0199849 0.1403986
97.426220 7.9789028 -2.3352680 34.5366478 0.0342854 0.9889580 0.0185197 0.1429814
97.633720 8.0140562 -2.3342514 34.4217873 0.0344667 0.9885020 0.0211760 0.1456964
97.841240 8.0487566 -2.3333383 34.3110123 0.0331859 0.9881642 0.0195329 0.1484882
98.048750 8.0822926 -2.3322699 34.2051353 0.0330710 0.9878538 0.0189433 0.1506397
98.359970 8.1312962 -2.3310385 34.0562172 0.0301964 0.9877652 0.0182304 0.1519071
98.567470 8.1602392 -2.3305867 33.9640236 0.0326370 0.9872991 0.0214926 0.1539916
98.774870 8.1890707 -2.3303239 33.8792572 0.0301677 0.9870511 0.0230490 0.1558483
99.086100 8.2261877 -2.3294299 33.7672310 0.0304340 0.9865928 0.0220315 0.1588175
99.397230 8.2576923 -2.3285668 33.6724281 0.0336222 0.9862764 0.0207587 0.1603045
99.708350 8.2843552 -2.3283341 33.5957642 0.0313044 0.9862030 0.0211535 0.1611717
100.019300 8.3051157 -2.3277855 33.5344200 0.0339624 0.9860412 0.0203867 0.1617208
100.330500 8.3211756 -2.3279059 33.4867363 0.0345384 0.9858997 0.0210885 0.1623706
100.641500 8.3349047 -2.3271785 33.4460526 0.0362487 0.9858439 0.0173732 0.1627759
101.263600 8.3624554 -2.3266797 33.3666534 0.0351800 0.9858584 0.0164140 0.1630217
101.574700 8.3754530 -2.3268106 33.3279419 0.0367382 0.9857584 0.0177250 0.1631459
101.782100 8.3843231 -2.3266375 33.3033066 0.0363972 0.9858093 0.0175781 0.1629304
101.989600 8.3922338 -2.3264089 33.2793884 0.0363557 0.9857537 0.0176038 0.1632728
102.404500 8.4070654 -2.3265505 33.2388458 0.0357634 0.9858587 0.0175477 0.1627746
102.611900 8.4129772 -2.3261929 33.2197571 0.0370575 0.9857774 0.0170267 0.1630328
103.441500 8.4380627 -2.3258376 33.1500587 0.0345309 0.9859038 0.0170506 0.1628208
103.856400 8.4508753 -2.3256710 33.1135254 0.0351563 0.9857709 0.0141601 0.1637658
104.063700 8.4596748 -2.3253961 33.0884094 0.0367166 0.9855493 0.0109306 0.1650002
104.374600 8.4784184 -2.3257580 33.0392570 0.0373505 0.9845182 0.0087261 0.1710339
104.582000 8.4943495 -2.3248580 32.9977722 0.0396469 0.9833378 0.0065417 0.1772909
104.789400 8.5138283 -2.3257360 32.9501762 0.0401740 0.9816529 0.0060648 0.1862979
104.996700 8.5362778 -2.3259957 32.8967018 0.0429829 0.9796208 0.0073624 0.1960648
105.204100 8.5632362 -2.3264668 32.8379288 0.0427403 0.9774598 0.0069962 0.2066315
105.411500 8.5936146 -2.3272414 32.7742043 0.0439428 0.9753226 0.0092461 0.2161697
105.618900 8.6275406 -2.3275437 32.7057037 0.0447116 0.9732244 0.0120051 0.2251466
105.826500 8.6661339 -2.3279243 32.6336288 0.0404093 0.9719886 0.0147198 0.2310595
106.034100 8.7071114 -2.3280730 32.5570755 0.0362468 0.9713599 0.0143939 0.2343905
106.137900 8.7289934 -2.3281202 32.5170212 0.0328356 0.9712361 0.0146888 0.2353857
106.345500 8.7731657 -2.3272963 32.4335365 0.0338805 0.9706920 0.0148759 0.2374613
106.553000 8.8198271 -2.3272469 32.3463821 0.0322566 0.9703504 0.0103293 0.2393177
106.760500 8.8684120 -2.3276641 32.2572708 0.0324523 0.9700413 0.0046432 0.2407182
106.968000 8.9189157 -2.3285298 32.1622009 0.0334557 0.9697087 0.0068399 0.2418655
107.382900 9.0277281 -2.3300152 31.9646378 0.0316298 0.9686418 0.0094742 0.2462577
107.693900 9.1157970 -2.3314044 31.8069286 0.0342120 0.9666659 0.0117401 0.2534733
107.901200 9.1778498 -2.3320589 31.6999168 0.0370290 0.9652531 0.0130830 0.2583490
108.212500 9.2715836 -2.3342247 31.5422974 0.0363015 0.9643186 0.0088471 0.2620946
108.523700 9.3643932 -2.3377655 31.3859615 0.0323226 0.9649912 0.0060578 0.2602127
108.731200 9.4262447 -2.3395016 31.2795048 0.0339800 0.9654032 0.0074487 0.2584309
108.938900 9.4883213 -2.3421247 31.1719017 0.0342545 0.9661018 0.0069398 0.2557846
109.146400 9.5496483 -2.3443885 31.0635529 0.0349059 0.9667381 0.0063397 0.2532959
109.353900 9.6104755 -2.3469894 30.9542999 0.0345001 0.9674029 0.0063030 0.2508020
109.561200 9.6721725 -2.3498387 30.8430672 0.0354329 0.9680533 0.0053944 0.2481698
109.768700 9.7337551 -2.3523622 30.7308884 0.0358203 0.9684898 0.0045139 0.2464223
109.976100 9.7955561 -2.3550541 30.6180649 0.0350825 0.9686126 0.0052014 0.2460320
110.079700 9.8265772 -2.3566809 30.5614700 0.0348565 0.9686301 0.0049090 0.2460012
110.183500 9.8583374 -2.3580968 30.5044632 0.0343311 0.9686295 0.0040039 0.2460939
110.287200 9.8897476 -2.3593161 30.4475403 0.0339721 0.9685104 0.0031910 0.2466237
110.390900 9.9213209 -2.3612056 30.3908405 0.0347182 0.9683269 0.0039242 0.2472291
110.598200 9.9852657 -2.3642573 30.2761650 0.0348595 0.9679837 0.0025548 0.2485677
110.805600 10.0483723 -2.3675504 30.1624565 0.0356128 0.9674376 0.0002491 0.2505918
111.012900 10.1132040 -2.3718543 30.0478821 0.0337520 0.9668180 0.0035947 0.2532012
111.324000 10.2106628 -2.3772230 29.8788605 0.0349224 0.9659812 0.0036047 0.2562180
111.427600 10.2423096 -2.3788242 29.8230896 0.0358956 0.9656606 0.0033944 0.2572930
111.635000 10.3063650 -2.3827841 29.7130547 0.0371095 0.9651154 0.0018787 0.2591749
111.842400 10.3703976 -2.3868144 29.6037598 0.0365182 0.9645081 0.0008762 0.2615144
112.049700 10.4349403 -2.3912377 29.4949589 0.0342992 0.9642077 0.0051432 0.2628700
112.257100 10.4989166 -2.3947194 29.3892288 0.0317237 0.9645190 0.0019012 0.2620936
112.360900 10.5299654 -2.3967469 29.3369293 0.0320482 0.9647030 0.0009768 0.2613810
112.464600 10.5601559 -2.3985236 29.2838478 0.0344459 0.9649303 0.0007132 0.2602354
112.672000 10.6197863 -2.4021013 29.1799622 0.0389603 0.9653834 0.0017676 0.2579030
112.775600 10.6494265 -2.4040966 29.1278286 0.0398567 0.9655724 0.0018730 0.2570562
112.983000 10.7075987 -2.4082000 29.0263500 0.0396488 0.9661729 0.0012222 0.2548260
113.190500 10.7635393 -2.4132710 28.9297066 0.0380901 0.9668969 -0.0060958 0.2522347
113.397800 10.8167028 -2.4186723 28.8364449 0.0363602 0.9674404 -0.0107882 0.2502412
113.605200 10.8659334 -2.4249043 28.7474136 0.0384873 0.9677255 -0.0064755 0.2489660
113.812600 10.9113579 -2.4303017 28.6652260 0.0410375 0.9678149 -0.0068443 0.2482005
114.020100 10.9516945 -2.4352279 28.5903168 0.0451291 0.9676026 -0.0104633 0.2481918
114.331400 11.0082712 -2.4427099 28.4879513 0.0437722 0.9675503 -0.0090221 0.2486947
114.850000 11.0923491 -2.4535680 28.3394070 0.0402582 0.9678785 -0.0131459 0.2478260
115.161100 11.1380615 -2.4598517 28.2582092 0.0376141 0.9682576 -0.0123061 0.2468015
115.679700 11.2047405 -2.4686029 28.1341610 0.0426400 0.9683368 -0.0114228 0.2457137
116.198300 11.2627754 -2.4766846 28.0269432 0.0454226 0.9678614 -0.0145537 0.2469197
116.509400 11.2930031 -2.4813433 27.9707909 0.0507821 0.9668535 -0.0164354 0.2496905
116.924200 11.3305244 -2.4863977 27.9078751 0.0471514 0.9655681 -0.0192811 0.2551142
117.235400 11.3528690 -2.4901762 27.8704643 0.0482939 0.9646736 -0.0192443 0.2582678
117.857700 11.3862257 -2.4961185 27.8128223 0.0496099 0.9646151 -0.0229830 0.2579309
118.065100 11.3948917 -2.4975908 27.7981567 0.0495101 0.9643860 -0.0240053 0.2587122
118.479900 11.4097424 -2.5000415 27.7737617 0.0481926 0.9642516 -0.0256798 0.2593006
118.791000 11.4184999 -2.5016060 27.7587757 0.0491745 0.9640676 -0.0257286 0.2597953
119.102100 11.4257164 -2.5028086 27.7469139 0.0486709 0.9639292 -0.0268431 0.2602903
119.517000 11.4332304 -2.5040784 27.7338963 0.0493368 0.9637164 -0.0273841 0.2608959
121.176000 11.4466972 -2.5066385 27.7112465 0.0497884 0.9633965 -0.0295256 0.2617564
121.694500 11.4531622 -2.5077748 27.7005196 0.0494234 0.9634576 -0.0292924 0.2616271
122.420500 11.4686718 -2.5106163 27.6737385 0.0497419 0.9633924 -0.0292821 0.2618080
122.835200 11.4811954 -2.5129409 27.6526909 0.0495661 0.9633449 -0.0291480 0.2620310
123.042600 11.4884329 -2.5142441 27.6406193 0.0487666 0.9633767 -0.0289540 0.2620855
123.250000 11.4957037 -2.5155330 27.6278152 0.0498264 0.9633001 -0.0293163 0.2621274
123.457400 11.5034819 -2.5170069 27.6146469 0.0505369 0.9633085 -0.0290868 0.2619861
123.664800 11.5109520 -2.5185642 27.6009102 0.0528845 0.9632741 -0.0276730 0.2618024
124.079600 11.5253382 -2.5213995 27.5771370 0.0521379 0.9633060 -0.0274297 0.2618603
124.287000 11.5313835 -2.5226121 27.5673065 0.0521035 0.9632061 -0.0267728 0.2623021
