3.630286 0.0000000 0.0000000 0.0000000 0.0000000 0.0000000 0.0000000 1.0000000
3.837524 0.0014330 -0.0000962 0.0338454 0.0009556 0.0262991 0.0035687 0.9996473
3.941290 0.0030783 -0.0003893 0.0505922 0.0011745 0.0373195 0.0058345 0.9992856
4.148625 0.0068575 -0.0006028 0.0861991 0.0010477 0.0566302 0.0109882 0.9983342
4.355974 0.0129666 -0.0009253 0.1221737 0.0007854 0.0709730 0.0140104 0.9973795
4.459609 0.0157931 -0.0009545 0.1401653 0.0002019 0.0776585 0.0140055 0.9968816
4.563217 0.0188299 -0.0012705 0.1582273 0.0000355 0.0837956 0.0140329 0.9963841
4.666947 0.0223221 -0.0014665 0.1765465 0.0013417 0.0893029 0.0140590 0.9959044
4.770559 0.0259031 -0.0015341 0.1951497 0.0030752 0.0944724 0.0141928 0.9954215
4.874319 0.0295954 -0.0015683 0.2138861 0.0044307 0.0992280 0.0146779 0.9949466
4.977967 0.0337506 -0.0017596 0.2331074 0.0049002 0.1029096 0.0145661 0.9945720
5.081656 0.0379617 -0.0018901 0.2526180 0.0053029 0.1057264 0.0143535 0.9942775
5.185269 0.0422865 -0.0021973 0.2724965 0.0059812 0.1083694 0.0150204 0.9939792
5.288943 0.0469460 -0.0024132 0.2925867 0.0068051 0.1104779 0.0143142 0.9937522
5.392622 0.0516626 -0.0026451 0.3129937 0.0071995 0.1124620 0.0144988 0.9935241
5.496314 0.0565653 -0.0028572 0.3338297 0.0068369 0.1139775 0.0144648 0.9933545
5.600026 0.0612407 -0.0031532 0.3547336 0.0058311 0.1153113 0.0146906 0.9932036
5.807340 0.0716640 -0.0036948 0.3979775 0.0056754 0.1174140 0.0161258 0.9929359
6.014715 0.0821365 -0.0039616 0.4418722 0.0063226 0.1182895 0.0168797 0.9928156
6.221927 0.0926972 -0.0046263 0.4870095 0.0069539 0.1181767 0.0164755 0.9928315
6.429280 0.1040830 -0.0051528 0.5337731 0.0065300 0.1166878 0.0165647 0.9930090
6.636673 0.1154772 -0.0057240 0.5820094 0.0073411 0.1155689 0.0170552 0.9931259
6.844097 0.1270030 -0.0063129 0.6314265 0.0077349 0.1146038 0.0175768 0.9932256
7.051471 0.1387782 -0.0070785 0.6818399 0.0059929 0.1138227 0.0198119 0.9932854
7.258923 0.1512000 -0.0079716 0.7333868 0.0073301 0.1128612 0.0212841 0.9933557
7.466210 0.1627280 -0.0089050 0.7851560 0.0069656 0.1124991 0.0213600 0.9933978
7.673572 0.1750968 -0.0095355 0.8388084 0.0067411 0.1123123 0.0221511 0.9934031
7.881024 0.1873944 -0.0101772 0.8934636 0.0071406 0.1126438 0.0226053 0.9933526
8.088400 0.1998379 -0.0110654 0.9487534 0.0078622 0.1135850 0.0219106 0.9932556
8.399546 0.2192880 -0.0122312 1.0337113 0.0077047 0.1154621 0.0208276 0.9930636
8.606978 0.2325225 -0.0130007 1.0909425 0.0077337 0.1164426 0.0193118 0.9929795
8.918107 0.2538563 -0.0145336 1.1792730 0.0080202 0.1222751 0.0180854 0.9922991
9.125548 0.2688007 -0.0157618 1.2379721 0.0079061 0.1268303 0.0169556 0.9917480
9.332783 0.2846963 -0.0168985 1.2978415 0.0095385 0.1316009 0.0167182 0.9911159
9.540126 0.3009977 -0.0183181 1.3578100 0.0093799 0.1365839 0.0153841 0.9904646
9.643856 0.3093790 -0.0192264 1.3880452 0.0087566 0.1393930 0.0144720 0.9900926
9.851216 0.3269112 -0.0202352 1.4488422 0.0085227 0.1452105 0.0139871 0.9892652
10.058450 0.3453651 -0.0216364 1.5098171 0.0096560 0.1510296 0.0140855 0.9883817
10.265950 0.3644390 -0.0228083 1.5718695 0.0098687 0.1573988 0.0142315 0.9873832
10.577010 0.3945915 -0.0239741 1.6659776 0.0111170 0.1663943 0.0136969 0.9859015
10.680800 0.4055075 -0.0250439 1.6983067 0.0108552 0.1693236 0.0154847 0.9853791
10.888380 0.4277186 -0.0258592 1.7609131 0.0113774 0.1731760 0.0143221 0.9847210
10.992100 0.4390140 -0.0266940 1.7920861 0.0112781 0.1750467 0.0139852 0.9843962
11.199650 0.4617895 -0.0284008 1.8538194 0.0118827 0.1789231 0.0128228 0.9837077
11.303360 0.4732926 -0.0293854 1.8846940 0.0115788 0.1812808 0.0125003 0.9832838
11.407080 0.4848261 -0.0302375 1.9151899 0.0117790 0.1836865 0.0127540 0.9828315
11.510570 0.4966537 -0.0311261 1.9456691 0.0119374 0.1859756 0.0125476 0.9824017
11.614180 0.5085093 -0.0320806 1.9757005 0.0118823 0.1882870 0.0122835 0.9819654
11.821430 0.5328032 -0.0338978 2.0361164 0.0115240 0.1924822 0.0127968 0.9811493
11.925060 0.5450560 -0.0347192 2.0667160 0.0118623 0.1947677 0.0132693 0.9806879
12.028650 0.5574955 -0.0355625 2.0970964 0.0123534 0.1967029 0.0132962 0.9802951
12.132140 0.5703705 -0.0365805 2.1277506 0.0130411 0.1985934 0.0132032 0.9799063
12.235950 0.5833281 -0.0374156 2.1582985 0.0137572 0.2003271 0.0135857 0.9795383
12.339620 0.5963473 -0.0384410 2.1889038 0.0139406 0.2020224 0.0132665 0.9791918
12.443230 0.6094680 -0.0394288 2.2195659 0.0138983 0.2038810 0.0133290 0.9788063
12.546850 0.6227642 -0.0403654 2.2501242 0.0140216 0.2059038 0.0132875 0.9783816
12.650590 0.6361543 -0.0412771 2.2806504 0.0143177 0.2078721 0.0142858 0.9779469
12.857820 0.6637123 -0.0433389 2.3422668 0.0138680 0.2110160 0.0158211 0.9772562
12.961450 0.6777906 -0.0444142 2.3729463 0.0135057 0.2124054 0.0158262 0.9769601
13.168790 0.7060061 -0.0463110 2.4344447 0.0149866 0.2152666 0.0148026 0.9763281
13.376170 0.7344290 -0.0484166 2.4963613 0.0162915 0.2188217 0.0136220 0.9755337
13.583380 0.7635636 -0.0505888 2.5584838 0.0169118 0.2226744 0.0129417 0.9746603
13.790730 0.7937917 -0.0529927 2.6205924 0.0160397 0.2262886 0.0130855 0.9738404
13.998450 0.8244303 -0.0551675 2.6826005 0.0160637 0.2302666 0.0125287 0.9729143
14.205920 0.8555665 -0.0576562 2.7442493 0.0165572 0.2339071 0.0118816 0.9720454
14.412870 0.8875118 -0.0600187 2.8063824 0.0166122 0.2365850 0.0126913 0.9713859
14.620330 0.9197297 -0.0623909 2.8681631 0.0165868 0.2391532 0.0143011 0.9707348
14.827390 0.9521359 -0.0646047 2.9304307 0.0171833 0.2421128 0.0136473 0.9699999
15.034850 0.9849759 -0.0671208 2.9929416 0.0184984 0.2451796 0.0134217 0.9692082
15.242180 1.0192008 -0.0697234 3.0547462 0.0191987 0.2479050 0.0125673 0.9685126
15.449500 1.0529189 -0.0720522 3.1161764 0.0184654 0.2506055 0.0136615 0.9678168
15.656680 1.0873519 -0.0751376 3.1777642 0.0183222 0.2538210 0.0125563 0.9669961
15.864040 1.1220845 -0.0778400 3.2393947 0.0178316 0.2575022 0.0115536 0.9660441
16.071400 1.1571699 -0.0805706 3.3003662 0.0178081 0.2612580 0.0110495 0.9650415
16.278760 1.1927211 -0.0832100 3.3615434 0.0177009 0.2656499 0.0103584 0.9638514
16.486210 1.2291369 -0.0862637 3.4218442 0.0183098 0.2692373 0.0107688 0.9628396
16.693380 1.2656212 -0.0888395 3.4824071 0.0186239 0.2731993 0.0100126 0.9617250
16.900690 1.3010931 -0.0915747 3.5429025 0.0189982 0.2775889 0.0107703 0.9604517
17.107930 1.3399467 -0.0947348 3.6040123 0.0204072 0.2811794 0.0126301 0.9593551
17.315330 1.3782752 -0.0976756 3.6645780 0.0215049 0.2843923 0.0138724 0.9583664
17.522740 1.4169102 -0.1003650 3.7244465 0.0229394 0.2876301 0.0149573 0.9573500
17.730020 1.4563341 -0.1031458 3.7842209 0.0236208 0.2911770 0.0144853 0.9562678
17.937820 1.4966338 -0.1062584 3.8446200 0.0244382 0.2950169 0.0144573 0.9550701
18.144610 1.5373633 -0.1093677 3.9047153 0.0248121 0.2978290 0.0146342 0.9541845
18.351820 1.5795819 -0.1126110 3.9652758 0.0245579 0.3000752 0.0159853 0.9534654
18.559140 1.6221845 -0.1157324 4.0260987 0.0239176 0.3024077 0.0156557 0.9527499
18.766280 1.6639462 -0.1186958 4.0860558 0.0237463 0.3050289 0.0168283 0.9518983
18.973530 1.7066209 -0.1218268 4.1464605 0.0256113 0.3074023 0.0160616 0.9510993
19.077140 1.7286575 -0.1237513 4.1771894 0.0252579 0.3093136 0.0155655 0.9504972
19.284530 1.7726092 -0.1269161 4.2384925 0.0235058 0.3145933 0.0141205 0.9488304
19.388220 1.7952746 -0.1285893 4.2692170 0.0229255 0.3172469 0.0139870 0.9479627
19.595460 1.8416018 -0.1317136 4.3306746 0.0234698 0.3218766 0.0154803 0.9463641
19.699070 1.8651700 -0.1332057 4.3614082 0.0237061 0.3240665 0.0154389 0.9456112
19.802840 1.8888464 -0.1348217 4.3919854 0.0236525 0.3260569 0.0161617 0.9449160
19.906420 1.9126567 -0.1364457 4.4226322 0.0228582 0.3283512 0.0165892 0.9441333
20.010030 1.9365394 -0.1380062 4.4528747 0.0219479 0.3305213 0.0158989 0.9434094
20.113650 1.9599178 -0.1395678 4.4827361 0.0218898 0.3327517 0.0158477 0.9426272
20.320880 2.0090127 -0.1426699 4.5434995 0.0217739 0.3372717 0.0169773 0.9410024
20.424500 2.0336082 -0.1442787 4.5735211 0.0211312 0.3395851 0.0175593 0.9401740
20.528120 2.0583894 -0.1456369 4.6036091 0.0209586 0.3415492 0.0170098 0.9394763
20.631730 2.0834355 -0.1470094 4.6334047 0.0206321 0.3433419 0.0174366 0.9388220
20.735350 2.1084194 -0.1484654 4.6629310 0.0199994 0.3447768 0.0177756 0.9383032
20.838960 2.1333199 -0.1496954 4.6925087 0.0201275 0.3464743 0.0166753 0.9376953
20.942580 2.1582561 -0.1511976 4.7218909 0.0200393 0.3482808 0.0145527 0.9370630
21.046320 2.1835189 -0.1525874 4.7512140 0.0202566 0.3498448 0.0129173 0.9364996
21.149940 2.2094045 -0.1541689 4.7804995 0.0190894 0.3510211 0.0128125 0.9360852
21.253550 2.2348597 -0.1555938 4.8093505 0.0185948 0.3524539 0.0135480 0.9355463
21.357170 2.2601290 -0.1568574 4.8380671 0.0189973 0.3541134 0.0133098 0.9349148
21.460820 2.2847483 -0.1581469 4.8666067 0.0186567 0.3560727 0.0124374 0.9341892
21.564620 2.3103137 -0.1596317 4.8952608 0.0168054 0.3576010 0.0121588 0.9336441
21.668140 2.3355503 -0.1609171 4.9234838 0.0156103 0.3594354 0.0113689 0.9329701
21.771790 2.3607781 -0.1621666 4.9515266 0.0153134 0.3611739 0.0111749 0.9323058
21.875360 2.3859727 -0.1633242 4.9790545 0.0157524 0.3626457 0.0115030 0.9317229
22.082650 2.4370265 -0.1656340 5.0345645 0.0150143 0.3655632 0.0113770 0.9305959
22.186210 2.4621530 -0.1666904 5.0616441 0.0146672 0.3671982 0.0099893 0.9299734
22.393570 2.5116937 -0.1693454 5.1152577 0.0172754 0.3707792 -0.0004707 0.9285602
22.497250 2.5371876 -0.1709392 5.1415496 0.0217028 0.3719867 0.0031536 0.9279789
22.704440 2.5875254 -0.1740663 5.1937079 0.0156984 0.3732433 0.0090836 0.9275562
22.808100 2.6131537 -0.1750764 5.2207050 0.0105186 0.3749682 0.0078089 0.9269451
23.015390 2.6635227 -0.1765337 5.2721324 0.0077039 0.3779638 0.0053208 0.9257730
23.222650 2.7123780 -0.1784554 5.3214893 0.0126435 0.3801378 0.0090923 0.9247987
23.430070 2.7624569 -0.1802462 5.3717146 0.0143059 0.3828883 0.0085797 0.9236440
23.637320 2.8115201 -0.1818967 5.4204144 0.0133344 0.3855298 0.0096928 0.9225481
23.844680 2.8435788 -0.1818669 5.4570560 0.0137762 0.3893867 0.0080515 0.9209362
24.052120 2.8627539 -0.1826757 5.4752884 0.0131661 0.3936980 0.0077363 0.9191130
24.259390 2.8805046 -0.1830706 5.4938231 0.0114454 0.3985886 0.0095424 0.9170088
24.466620 2.8948114 -0.1814106 5.5189314 0.0135853 0.4057741 0.0052229 0.9138575
24.673870 2.9066694 -0.1811849 5.5346451 0.0136224 0.4118413 0.0021802 0.9111511
24.881210 2.9199395 -0.1804450 5.5552778 0.0141924 0.4192847 -0.0007472 0.9077436
25.088320 2.9336605 -0.1828906 5.5747347 0.0118047 0.4260322 0.0000914 0.9046310
25.295560 2.9476600 -0.1841591 5.5926104 0.0089232 0.4303492 0.0059160 0.9025990
25.502780 2.9606526 -0.1850193 5.6095362 0.0076476 0.4336778 0.0058720 0.9010164
25.710010 2.9710073 -0.1856187 5.6197429 0.0080212 0.4341902 -0.0009685 0.9007850
25.917260 2.9802535 -0.1857668 5.6295495 0.0089391 0.4333615 -0.0006081 0.9011756
26.124480 2.9860258 -0.1859549 5.6341810 0.0100224 0.4308906 -0.0019713 0.9023463
26.331730 2.9933434 -0.1861529 5.6429176 0.0061314 0.4324090 -0.0088003 0.9016138
26.539060 3.0000539 -0.1866648 5.6492462 0.0051247 0.4329642 -0.0129576 0.9013034
26.746310 3.0067294 -0.1871431 5.6556702 0.0038663 0.4325363 -0.0099367 0.9015535
26.953530 3.0130482 -0.1874560 5.6618328 0.0030101 0.4328674 -0.0115249 0.9013789
27.160890 3.0192409 -0.1878536 5.6680951 0.0043791 0.4336097 -0.0122912 0.9010063
27.471850 3.0280335 -0.1882619 5.6758966 0.0037206 0.4327386 -0.0101124 0.9014550
27.679200 3.0336680 -0.1882907 5.6816273 0.0031846 0.4334688 -0.0099395 0.9011081
27.886560 3.0372121 -0.1884542 5.6857357 0.0029276 0.4343926 -0.0109378 0.9006525
28.093790 3.0416167 -0.1886176 5.6892500 0.0033968 0.4337572 -0.0111458 0.9009545
28.301020 3.0464044 -0.1888022 5.6931820 0.0020806 0.4339889 -0.0114541 0.9008430
28.508250 3.0510650 -0.1889404 5.6969719 0.0021970 0.4345759 -0.0118327 0.9005548
28.715630 3.0557506 -0.1890849 5.7007680 0.0019871 0.4351754 -0.0111342 0.9002746
28.922840 3.0604115 -0.1892774 5.7045412 0.0008102 0.4359465 -0.0116674 0.8998966
29.233840 3.0668530 -0.1894677 5.7098341 0.0013088 0.4364803 -0.0115463 0.8996388
29.544660 3.0732949 -0.1897824 5.7156658 0.0011098 0.4378390 -0.0122860 0.8989688
29.855620 3.0796747 -0.1899934 5.7211113 -0.0005361 0.4385799 -0.0118034 0.8986145
30.166350 3.0860937 -0.1902894 5.7267580 -0.0001113 0.4396643 -0.0108798 0.8980963
30.477220 3.0929193 -0.1905256 5.7322364 -0.0004063 0.4405150 -0.0115920 0.8976703
30.788170 3.0997787 -0.1907582 5.7377119 -0.0027944 0.4416200 -0.0115894 0.8971230
31.099140 3.1066663 -0.1909483 5.7432351 -0.0004979 0.4428208 -0.0130700 0.8965148
31.410110 3.1135674 -0.1911072 5.7485986 -0.0018340 0.4437505 -0.0112565 0.8960778
31.721250 3.1205244 -0.1913093 5.7540474 -0.0012470 0.4448867 -0.0107690 0.8955212
32.032190 3.1274898 -0.1914784 5.7594662 -0.0020123 0.4457034 -0.0102642 0.8951196
32.343330 3.1345329 -0.1917190 5.7648430 -0.0033212 0.4459911 -0.0098554 0.8949770
32.654370 3.1412654 -0.1918801 5.7702284 -0.0028572 0.4466778 -0.0103070 0.8946310
32.965700 3.1480820 -0.1920203 5.7756000 -0.0033074 0.4467667 -0.0093461 0.8945956
33.276450 3.1549051 -0.1921411 5.7809334 -0.0028351 0.4469445 -0.0100780 0.8945004
33.587620 3.1616807 -0.1923226 5.7861919 -0.0038830 0.4471439 -0.0105741 0.8943911
33.898640 3.1685538 -0.1924680 5.7915049 -0.0037313 0.4482290 -0.0114777 0.8938373
34.209730 3.1752093 -0.1925752 5.7967019 -0.0048918 0.4499137 -0.0120313 0.8929777
34.520830 3.1820908 -0.1926961 5.8019600 -0.0028744 0.4512957 -0.0116902 0.8922933
34.831800 3.1887019 -0.1928458 5.8070078 -0.0040497 0.4525466 -0.0107062 0.8916672
35.142780 3.1951916 -0.1929787 5.8120313 -0.0036843 0.4536498 -0.0111868 0.8911022
35.557430 3.2041004 -0.1931204 5.8187470 -0.0037733 0.4552480 -0.0113266 0.8902846
35.868330 3.2104702 -0.1932574 5.8235693 -0.0044503 0.4561310 -0.0107469 0.8898367
36.179530 3.2169464 -0.1934208 5.8284435 -0.0029731 0.4571534 -0.0105565 0.8893203
36.490550 3.2233286 -0.1935456 5.8331747 -0.0039886 0.4578300 -0.0097067 0.8889778
36.905210 3.2318499 -0.1936868 5.8395338 -0.0030525 0.4599295 -0.0102868 0.8878906
37.319950 3.2401686 -0.1938294 5.8458204 -0.0036065 0.4635757 -0.0111371 0.8859800
37.631050 3.2465014 -0.1939450 5.8504548 -0.0029913 0.4666207 -0.0109370 0.8843849
37.942020 3.2527418 -0.1940699 5.8549585 -0.0035088 0.4698482 -0.0097375 0.8826866
38.252870 3.2586899 -0.1941688 5.8592319 -0.0020834 0.4721738 -0.0090532 0.8814566
38.563710 3.2644849 -0.1943081 5.8633127 -0.0016363 0.4739075 -0.0080589 0.8805362
38.874760 3.2701893 -0.1943582 5.8671875 -0.0005688 0.4753704 -0.0091628 0.8797379
39.185650 3.2759755 -0.1944950 5.8712254 -0.0017256 0.4771827 -0.0075403 0.8787701
39.496500 3.2815082 -0.1945540 5.8750229 -0.0005427 0.4785153 -0.0078341 0.8780441
39.807600 3.2869506 -0.1946698 5.8787165 0.0009116 0.4799258 -0.0075748 0.8772759
40.118690 3.2924075 -0.1948018 5.8824091 0.0001409 0.4813792 -0.0086584 0.8764697
40.325920 3.2959905 -0.1948365 5.8848400 0.0014947 0.4826689 -0.0084916 0.8757604
40.637020 3.3014321 -0.1949872 5.8884497 0.0015104 0.4850203 -0.0076090 0.8744685
40.947990 3.3065987 -0.1951614 5.8918400 0.0008704 0.4880910 -0.0096252 0.8727393
41.155220 3.3090596 -0.1951746 5.8930607 0.0008784 0.4871586 -0.0076441 0.8732796
41.466320 3.3110445 -0.1952930 5.8941450 0.0021343 0.4857030 -0.0076672 0.8740876
41.777290 3.3160417 -0.1954980 5.8958192 0.0027877 0.4827981 -0.0067605 0.8757012
42.088380 3.3199472 -0.1956651 5.8972888 0.0020216 0.4800757 -0.0070031 0.8771967
42.399350 3.3223877 -0.1957573 5.8988457 0.0019156 0.4780076 -0.0080005 0.8783172
42.710200 3.3255873 -0.1958445 5.9003487 0.0016696 0.4765520 -0.0070481 0.8791164
43.021170 3.3284092 -0.1959327 5.9019079 0.0014396 0.4767539 -0.0088671 0.8789909
43.332030 3.3313751 -0.1959847 5.9034004 0.0020380 0.4769400 -0.0077080 0.8788997
43.642870 3.3342001 -0.1960302 5.9048624 0.0012725 0.4772081 -0.0076881 0.8787557
43.953730 3.3370662 -0.1960674 5.9062605 0.0035848 0.4764724 -0.0096043 0.8791296
44.161070 3.3390653 -0.1961356 5.9071288 0.0033261 0.4755173 -0.0089467 0.8796546
44.471930 3.3413849 -0.1962356 5.9084435 0.0033134 0.4738915 -0.0077648 0.8805428
44.782910 3.3418627 -0.1963091 5.9097128 0.0027924 0.4731659 -0.0076530 0.8809357
45.300980 3.3441305 -0.1963283 5.9119039 0.0016508 0.4713822 -0.0083750 0.8818877
45.612070 3.3452916 -0.1962608 5.9133348 0.0015759 0.4715365 -0.0083607 0.8818055
46.544720 3.3515954 -0.1964958 5.9169559 0.0004538 0.4701304 -0.0095444 0.8825452
46.855700 3.3528130 -0.1965815 5.9183793 -0.0016031 0.4706839 -0.0075477 0.8822682
47.063060 3.3540430 -0.1966414 5.9192424 -0.0016455 0.4698479 -0.0075808 0.8827133
47.373770 3.3558469 -0.1967120 5.9205008 -0.0003096 0.4677987 -0.0049774 0.8838210
47.684770 3.3565664 -0.1968716 5.9219866 -0.0021810 0.4671463 -0.0034423 0.8841707
47.892090 3.3571854 -0.1968555 5.9229603 -0.0023692 0.4668072 -0.0046957 0.8843434
48.514170 3.3588662 -0.1970075 5.9260559 -0.0031155 0.4662160 -0.0030216 0.8846603
48.825160 3.3594491 -0.1970928 5.9276466 -0.0036625 0.4667450 -0.0033345 0.8843780
49.136000 3.3603778 -0.1972411 5.9292660 -0.0037450 0.4673543 -0.0035062 0.8840553
50.379370 3.3617687 -0.1973959 5.9309998 -0.0063479 0.4663168 -0.0038194 0.8845868
50.690230 3.3618279 -0.1973887 5.9309797 -0.0064780 0.4659467 -0.0043492 0.8847784
51.001310 3.3620725 -0.1973481 5.9308310 -0.0066285 0.4622405 -0.0042339 0.8867197
51.312450 3.3620372 -0.1973460 5.9306974 -0.0072803 0.4618630 -0.0052120 0.8869061
51.623380 3.3622880 -0.1973327 5.9306574 -0.0106812 0.4596648 -0.0047334 0.8880156
51.934500 3.3622928 -0.1973694 5.9310532 -0.0108888 0.4597303 -0.0043228 0.8879813
52.349180 3.3632603 -0.1973818 5.9319878 -0.0100137 0.4602859 -0.0036978 0.8877066
52.763900 3.3637359 -0.1974055 5.9325495 -0.0086661 0.4604158 -0.0012340 0.8876602
53.074870 3.3640754 -0.1974227 5.9329729 -0.0079559 0.4601862 0.0000422 0.8877867
54.007650 3.3648105 -0.1975043 5.9344368 -0.0098409 0.4609415 -0.0004922 0.8873758
54.629720 3.3655779 -0.1975569 5.9353523 -0.0084437 0.4596914 0.0043515 0.8880279
55.251540 3.3661051 -0.1976117 5.9363222 -0.0109965 0.4585476 -0.0009167 0.8886014
55.562540 3.3664634 -0.1976501 5.9369063 -0.0122881 0.4578457 0.0016448 0.8889452
55.873610 3.3667374 -0.1976821 5.9374056 -0.0113486 0.4565756 0.0013699 0.8896112
56.184470 3.3670135 -0.1977116 5.9379988 -0.0137560 0.4564323 0.0051084 0.8896372
56.495310 3.3672595 -0.1977432 5.9384785 -0.0183428 0.4551807 0.0005846 0.8902099
56.702420 3.3674359 -0.1977706 5.9389310 -0.0197765 0.4561571 -0.0007667 0.8896792
57.117000 3.3677354 -0.1978255 5.9397936 -0.0184514 0.4572936 0.0042248 0.8891143
57.324230 3.3680797 -0.1978385 5.9400921 -0.0195226 0.4552593 0.0049336 0.8901312
57.531360 3.3685548 -0.1978509 5.9404554 -0.0167577 0.4531438 0.0060509 0.8912594
57.738590 3.3689663 -0.1978673 5.9406857 -0.0170485 0.4488655 0.0082046 0.8933990
57.945800 3.3693581 -0.1978848 5.9409661 -0.0200610 0.4458319 0.0079837 0.8948563
58.360400 3.3701925 -0.1979104 5.9416084 -0.0208918 0.4392745 0.0095763 0.8980589
58.567620 3.3705974 -0.1979061 5.9418907 -0.0207800 0.4352428 0.0103058 0.9000143
58.774970 3.3710141 -0.1979131 5.9421763 -0.0220756 0.4307322 0.0111529 0.9021408
58.982460 3.3714216 -0.1979045 5.9424763 -0.0221246 0.4264032 0.0119125 0.9041841
59.189810 3.3718352 -0.1978946 5.9427848 -0.0209007 0.4219896 0.0118940 0.9062817
59.397170 3.3722582 -0.1978765 5.9431162 -0.0206972 0.4176516 0.0128213 0.9082810
59.604650 3.3726830 -0.1978548 5.9434614 -0.0185158 0.4130609 0.0132576 0.9104186
59.812000 3.3731046 -0.1978344 5.9438057 -0.0172786 0.4082835 0.0139228 0.9125854
60.019480 3.3735361 -0.1978183 5.9441729 -0.0164771 0.4034155 0.0155451 0.9147364
60.123100 3.3737414 -0.1978106 5.9443488 -0.0164859 0.4007744 0.0161880 0.9158854
60.330460 3.3741763 -0.1977896 5.9447241 -0.0167178 0.3955523 0.0168822 0.9181361
60.537830 3.3746023 -0.1977676 5.9451160 -0.0165517 0.3908166 0.0171365 0.9201602
60.745170 3.3750191 -0.1977420 5.9455323 -0.0163485 0.3863535 0.0187070 0.9220161
60.952400 3.3754354 -0.1977090 5.9459929 -0.0154890 0.3821831 0.0203905 0.9237318
61.159760 3.3758221 -0.1976671 5.9464874 -0.0124369 0.3783298 0.0215020 0.9253376
61.366980 3.3761961 -0.1976276 5.9470224 -0.0126975 0.3747888 0.0237158 0.9267198
61.470630 3.3763862 -0.1976415 5.9473085 -0.0130016 0.3729357 0.0246918 0.9274374
61.574220 3.3765707 -0.1976523 5.9475937 -0.0125747 0.3709555 0.0254423 0.9282169
61.677850 3.3767822 -0.1976584 5.9478817 -0.0103196 0.3680893 0.0275187 0.9293258
61.784120 3.3769569 -0.1976775 5.9482002 -0.0106316 0.3661433 0.0285032 0.9300610
61.988910 3.3772631 -0.1977888 5.9489655 -0.0159965 0.3638698 0.0334035 0.9307132
62.092420 3.3773580 -0.1978383 5.9494486 -0.0179204 0.3642733 0.0346174 0.9304759
62.300010 3.3774583 -0.1978819 5.9504223 -0.0174358 0.3655132 0.0342021 0.9300141
62.507020 3.3780272 -0.1979459 5.9513760 -0.0172868 0.3617927 0.0355929 0.9314185
62.714120 3.3786254 -0.1978956 5.9522972 -0.0143757 0.3559188 0.0378928 0.9336377
62.817730 3.3792048 -0.1978635 5.9524746 -0.0123715 0.3448821 0.0383340 0.9377813
62.921550 3.3797026 -0.1978387 5.9525685 -0.0125554 0.3332111 0.0377612 0.9420121
63.128570 3.3805280 -0.1978315 5.9528332 -0.0134979 0.3154244 0.0384551 0.9480751
63.232210 3.3808649 -0.1978183 5.9529853 -0.0132174 0.3083605 0.0389027 0.9503819
63.335690 3.3811400 -0.1978074 5.9531283 -0.0136027 0.3024071 0.0387321 0.9522945
63.439300 3.3814378 -0.1978132 5.9532738 -0.0145236 0.2957520 0.0388515 0.9543638
63.646520 3.3820050 -0.1977908 5.9535775 -0.0135752 0.2821621 0.0394542 0.9584590
63.750030 3.3822610 -0.1977808 5.9537458 -0.0126431 0.2757288 0.0395717 0.9603374
63.853630 3.3824825 -0.1977709 5.9539075 -0.0117176 0.2702430 0.0394424 0.9619125
63.957240 3.3827195 -0.1977650 5.9540672 -0.0108352 0.2639961 0.0394515 0.9636557
64.060730 3.3829825 -0.1977399 5.9542537 -0.0096762 0.2569762 0.0393476 0.9655679
64.164350 3.3832405 -0.1976996 5.9544373 -0.0086013 0.2501104 0.0385728 0.9674104
64.267970 3.3835068 -0.1976863 5.9546351 -0.0088067 0.2431904 0.0372632 0.9692225
64.371580 3.3837788 -0.1976874 5.9548340 -0.0084340 0.2356755 0.0371336 0.9710855
64.475200 3.3840661 -0.1976770 5.9550500 -0.0072619 0.2277550 0.0362423 0.9730167
64.578710 3.3842325 -0.1976763 5.9552321 -0.0065879 0.2233273 0.0364583 0.9740392
64.785940 3.3845937 -0.1976443 5.9555960 -0.0050402 0.2132053 0.0364325 0.9763149
64.993150 3.3849213 -0.1976293 5.9559588 -0.0048045 0.2036180 0.0367818 0.9783475
65.200410 3.3852487 -0.1976148 5.9563279 -0.0050357 0.1933291 0.0363143 0.9804488
65.407740 3.3855042 -0.1976084 5.9566641 -0.0055372 0.1850982 0.0361428 0.9820396
65.614970 3.3857763 -0.1975924 5.9570084 -0.0024946 0.1758472 0.0344504 0.9838113
65.822450 3.3858342 -0.1975914 5.9571524 0.0036921 0.1746910 0.0326603 0.9840745
66.029810 3.3858504 -0.1975979 5.9572659 0.0028567 0.1745405 0.0343578 0.9840462
66.237180 3.3859386 -0.1975919 5.9574270 0.0012013 0.1717354 0.0333644 0.9845772
66.444520 3.3859906 -0.1975917 5.9575686 0.0000801 0.1708054 0.0332259 0.9847444
66.651880 3.3860431 -0.1975920 5.9577084 0.0008547 0.1693695 0.0337290 0.9849749
66.859100 3.3860979 -0.1975896 5.9578524 0.0026502 0.1680799 0.0328941 0.9852208
67.066340 3.3861580 -0.1975900 5.9579992 0.0027264 0.1663826 0.0333607 0.9854930
67.273570 3.3862228 -0.1975881 5.9581494 0.0030528 0.1641194 0.0323651 0.9859046
67.480800 3.3862765 -0.1975887 5.9582920 0.0036728 0.1625420 0.0329093 0.9861458
67.687910 3.3863258 -0.1975889 5.9584341 0.0056459 0.1613813 0.0326531 0.9863356
67.895140 3.3863757 -0.1975909 5.9585767 0.0056978 0.1598603 0.0323807 0.9865920
68.102260 3.3864241 -0.1975928 5.9587197 0.0052079 0.1585655 0.0334070 0.9867694
68.309500 3.3864703 -0.1975956 5.9588585 0.0055711 0.1570942 0.0336785 0.9869935
68.516600 3.3865194 -0.1975984 5.9590030 0.0061350 0.1555200 0.0330549 0.9872605
68.723700 3.3865657 -0.1975996 5.9591475 0.0088574 0.1544289 0.0319323 0.9874480
68.930920 3.3866110 -0.1976029 5.9592896 0.0075874 0.1528714 0.0338193 0.9876381
69.241640 3.3866763 -0.1976061 5.9594841 0.0084178 0.1509344 0.0332165 0.9879497
69.552530 3.3867412 -0.1976111 5.9596858 0.0093017 0.1490126 0.0337493 0.9882154
69.759720 3.3867793 -0.1976128 5.9598069 0.0091008 0.1474730 0.0337869 0.9884470
70.070460 3.3868339 -0.1976160 5.9599805 0.0101342 0.1463586 0.0317712 0.9886693
70.381410 3.3868880 -0.1976205 5.9601583 0.0104685 0.1444684 0.0316976 0.9889462
70.692380 3.3869390 -0.1976238 5.9603305 0.0123146 0.1427030 0.0319638 0.9891726
71.314340 3.3869870 -0.1976324 5.9605012 0.0133616 0.1427381 0.0304280 0.9892024
71.625410 3.3869967 -0.1976331 5.9605398 0.0130690 0.1446060 0.0305902 0.9889300
71.936530 3.3869925 -0.1976335 5.9605618 0.0134568 0.1466757 0.0310139 0.9886068
72.247600 3.3869929 -0.1976390 5.9605880 0.0143084 0.1484937 0.0323836 0.9882794
72.558610 3.3870006 -0.1976406 5.9606199 0.0146729 0.1500116 0.0323209 0.9880469
72.869690 3.3870082 -0.1976426 5.9606524 0.0152071 0.1521273 0.0311036 0.9877543
73.180810 3.3870153 -0.1976445 5.9606853 0.0158301 0.1544795 0.0310726 0.9873804
73.491740 3.3870211 -0.1976470 5.9607177 0.0146877 0.1579481 0.0299915 0.9868826
73.906330 3.3870292 -0.1976466 5.9607329 0.0154009 0.1542627 0.0302409 0.9874468
74.217430 3.3870358 -0.1976480 5.9607520 0.0137753 0.1536408 0.0305399 0.9875587
74.528420 3.3870392 -0.1976470 5.9607511 0.0146713 0.1488327 0.0305321 0.9882820
74.735780 3.3870435 -0.1976481 5.9607677 0.0146510 0.1493226 0.0301896 0.9882190
75.046740 3.3870485 -0.1976478 5.9607768 0.0149814 0.1463316 0.0302204 0.9886604
75.253960 3.3870521 -0.1976481 5.9607882 0.0140917 0.1462852 0.0296546 0.9886975
75.461430 3.3870559 -0.1976481 5.9607968 0.0134221 0.1454930 0.0297013 0.9888223
75.772410 3.3870625 -0.1976489 5.9608192 0.0135056 0.1466861 0.0291049 0.9886626
76.083250 3.3870692 -0.1976496 5.9608426 0.0143057 0.1471815 0.0296345 0.9885619
76.911950 3.3870859 -0.1976500 5.9608879 0.0132765 0.1437979 0.0305828 0.9890453
78.051830 3.3871012 -0.1976560 5.9609504 0.0109174 0.1423226 0.0302254 0.9892985
78.466420 3.3871017 -0.1976586 5.9609718 0.0088116 0.1442384 0.0304466 0.9890352
78.881010 3.3871002 -0.1976608 5.9609928 0.0068879 0.1500495 0.0303783 0.9881877
79.606430 3.3870997 -0.1976666 5.9610305 0.0044791 0.1591298 0.0310848 0.9867580
79.917400 3.3871021 -0.1976657 5.9610457 0.0047338 0.1627921 0.0309975 0.9861620
80.228390 3.3871036 -0.1976673 5.9610629 0.0023140 0.1691763 0.0301928 0.9851205
80.539350 3.3870997 -0.1976694 5.9610791 0.0007575 0.1780034 0.0300383 0.9835710
81.886720 3.3871095 -0.1976713 5.9611473 0.0002274 0.2011749 0.0328502 0.9790043
84.063650 3.3871284 -0.1976741 5.9612517 -0.0025930 0.2042310 0.0357375 0.9782667
84.271000 3.3871336 -0.1976741 5.9612613 -0.0031538 0.2021033 0.0369853 0.9786605
84.582130 3.3871365 -0.1976745 5.9612761 -0.0039667 0.2032407 0.0340341 0.9785291
84.893170 3.3871398 -0.1976749 5.9612899 -0.0051791 0.2045148 0.0330046 0.9782932
85.515020 3.3871472 -0.1976756 5.9613190 -0.0059155 0.2079185 0.0341523 0.9775319
85.723090 3.3871496 -0.1976760 5.9613280 -0.0070051 0.2085834 0.0348174 0.9773595
86.033690 3.3871531 -0.1976764 5.9613419 -0.0083401 0.2092677 0.0348371 0.9772021
87.381660 3.3871694 -0.1976770 5.9614029 -0.0110106 0.2085394 0.0349005 0.9773290
87.692700 3.3871741 -0.1976773 5.9614167 -0.0107365 0.2096029 0.0381274 0.9769840
88.003840 3.3871779 -0.1976775 5.9614301 -0.0132046 0.2116150 0.0397612 0.9764547
88.937260 3.3871906 -0.1976786 5.9614692 -0.0190989 0.2209399 0.0362331 0.9744270
89.248170 3.3871953 -0.1976790 5.9614825 -0.0206547 0.2243588 0.0409398 0.9734272
89.455530 3.3871987 -0.1976789 5.9614906 -0.0196515 0.2265147 0.0440559 0.9728124
89.662760 3.3872015 -0.1976789 5.9614983 -0.0192881 0.2288624 0.0474543 0.9721101
90.077600 3.3872068 -0.1976791 5.9615149 -0.0188413 0.2352419 0.0532611 0.9702935
90.285080 3.3872101 -0.1976790 5.9615226 -0.0186908 0.2389334 0.0566214 0.9692035
90.492430 3.3872123 -0.1976789 5.9615297 -0.0185600 0.2436883 0.0587586 0.9678941
90.699910 3.3872151 -0.1976784 5.9615378 -0.0190902 0.2505836 0.0593743 0.9660839
90.907270 3.3872175 -0.1976782 5.9615445 -0.0197606 0.2590832 0.0602681 0.9637703
91.322130 3.3872252 -0.1976762 5.9615588 -0.0182626 0.2852124 0.0571003 0.9565877
91.944420 3.3872359 -0.1976744 5.9615765 -0.0169371 0.3370773 0.0624049 0.9392538
92.359390 3.3872437 -0.1976736 5.9615860 -0.0188223 0.3774258 0.0648377 0.9235754
92.774250 3.3872538 -0.1976727 5.9615960 -0.0211716 0.4230792 0.0627823 0.9036671
93.189210 3.3872638 -0.1976717 5.9616041 -0.0255819 0.4712264 0.0645118 0.8792778
93.396540 3.3872695 -0.1976711 5.9616079 -0.0251137 0.4947878 0.0627734 0.8663797
93.811380 3.3872819 -0.1976699 5.9616146 -0.0269538 0.5426937 0.0626192 0.8371594
94.018900 3.3872879 -0.1976691 5.9616175 -0.0261796 0.5669037 0.0618757 0.8210398
94.226290 3.3872943 -0.1976684 5.9616194 -0.0264428 0.5901750 0.0626835 0.8044035
94.744540 3.3873100 -0.1976666 5.9616237 -0.0296595 0.6453432 0.0601447 0.7609436
95.677830 3.3873391 -0.1976633 5.9616246 -0.0302668 0.7317330 0.0581925 0.6784279
96.610910 3.3873692 -0.1976599 5.9616194 -0.0314908 0.8083068 0.0528664 0.5855370
96.714500 3.3873723 -0.1976597 5.9616175 -0.0310972 0.8165367 0.0518810 0.5741160
96.921840 3.3873789 -0.1976588 5.9616151 -0.0310707 0.8323873 0.0506175 0.5510026
97.233060 3.3873885 -0.1976577 5.9616108 -0.0318686 0.8554174 0.0493258 0.5145993
97.336810 3.3873918 -0.1976574 5.9616089 -0.0316412 0.8629873 0.0484888 0.5018970
97.751640 3.3874040 -0.1976561 5.9616013 -0.0329644 0.8914413 0.0462710 0.4495606
97.958990 3.3874097 -0.1976553 5.9615965 -0.0335722 0.9044583 0.0455664 0.4227905
98.166520 3.3874145 -0.1976546 5.9615917 -0.0336893 0.9167770 0.0436800 0.3955718
98.892150 3.3874314 -0.1976523 5.9615726 -0.0325581 0.9531844 0.0374189 0.2982941
99.099510 3.3874359 -0.1976517 5.9615660 -0.0324565 0.9613390 0.0365938 0.2709886
99.306750 3.3874393 -0.1976512 5.9615598 -0.0332581 0.9686174 0.0356417 0.2437290
100.032400 3.3874497 -0.1976494 5.9615350 -0.0319842 0.9866526 0.0318233 0.1564638
100.136200 3.3874512 -0.1976492 5.9615307 -0.0327903 0.9883983 0.0314976 0.1449190
100.343500 3.3874531 -0.1976487 5.9615231 -0.0323864 0.9914166 0.0295960 0.1231598
100.447100 3.3874543 -0.1976485 5.9615192 -0.0321032 0.9926170 0.0293359 0.1132265
100.550800 3.3874550 -0.1976483 5.9615154 -0.0315053 0.9936712 0.0292647 0.1037717
100.654400 3.3874557 -0.1976481 5.9615111 -0.0309953 0.9945377 0.0288991 0.0953882
100.758000 3.3874562 -0.1976479 5.9615073 -0.0298488 0.9953171 0.0279599 0.0875851
101.379800 3.3874598 -0.1976467 5.9614820 -0.0268017 0.9980938 0.0246163 0.0498443
101.483400 3.3874602 -0.1976465 5.9614778 -0.0268289 0.9983481 0.0245447 0.0444838
101.587000 3.3874607 -0.1976464 5.9614730 -0.0270404 0.9984962 0.0254392 0.0403359
101.690600 3.3874607 -0.1976462 5.9614697 -0.0266201 0.9986204 0.0258151 0.0371781
101.794300 3.3874612 -0.1976460 5.9614649 -0.0260102 0.9987423 0.0254733 0.0344725
101.897900 3.3874617 -0.1976458 5.9614606 -0.0264387 0.9988195 0.0256618 0.0316549
102.001600 3.3874619 -0.1976457 5.9614563 -0.0267744 0.9988791 0.0261312 0.0289956
102.105200 3.3874619 -0.1976456 5.9614515 -0.0269342 0.9989441 0.0259157 0.0267129
102.208900 3.3874619 -0.1976455 5.9614472 -0.0273600 0.9989771 0.0262000 0.0246950
102.623600 3.3874629 -0.1976453 5.9614429 -0.0276630 0.9990560 0.0263621 0.0206618
102.830900 3.3874643 -0.1976449 5.9614367 -0.0273664 0.9991037 0.0263667 0.0186486
103.038300 3.3874645 -0.1976447 5.9614286 -0.0273010 0.9991230 0.0264771 0.0175157
103.245700 3.3874624 -0.1976452 5.9614205 -0.0283398 0.9990441 0.0280857 0.0178589
103.453000 3.3874629 -0.1976448 5.9614124 -0.0283056 0.9990547 0.0284454 0.0167116
103.660300 3.3874631 -0.1976445 5.9614043 -0.0285690 0.9990795 0.0279303 0.0156170
103.867700 3.3874626 -0.1976444 5.9613948 -0.0289394 0.9990541 0.0290124 0.0145495
104.075100 3.3874631 -0.1976440 5.9613867 -0.0297074 0.9990764 0.0280177 0.0133704
104.282300 3.3874633 -0.1976437 5.9613781 -0.0300020 0.9991371 0.0260885 0.0120108
104.489800 3.3874633 -0.1976434 5.9613695 -0.0294290 0.9991932 0.0255034 0.0098240
104.697300 3.3874633 -0.1976431 5.9613614 -0.0297366 0.9992021 0.0260810 0.0055378
105.112100 3.3874633 -0.1976425 5.9613447 -0.0311664 0.9991316 0.0251146 -0.0115709
105.319400 3.3874629 -0.1976423 5.9613366 -0.0325907 0.9988479 0.0254688 -0.0243326
105.526900 3.3874624 -0.1976421 5.9613285 -0.0335554 0.9983183 0.0244577 -0.0404519
105.734400 3.3874621 -0.1976419 5.9613209 -0.0338048 0.9974254 0.0219585 -0.0593098
105.941900 3.3874607 -0.1976417 5.9613132 -0.0337808 0.9959779 0.0199563 -0.0805514
106.149400 3.3874593 -0.1976417 5.9613056 -0.0332762 0.9937983 0.0192318 -0.1043447
106.357000 3.3874576 -0.1976416 5.9612985 -0.0333992 0.9906151 0.0168626 -0.1314604
106.771900 3.3874531 -0.1976416 5.9612837 -0.0298655 0.9812888 0.0110842 -0.1898882
106.979300 3.3874497 -0.1976417 5.9612775 -0.0281211 0.9747304 0.0104272 -0.2213622
107.186900 3.3874462 -0.1976417 5.9612699 -0.0277119 0.9664516 0.0083879 -0.2552117
107.394300 3.3874424 -0.1976419 5.9612637 -0.0281979 0.9567834 0.0046384 -0.2893940
107.601600 3.3874381 -0.1976421 5.9612575 -0.0275342 0.9459274 0.0026865 -0.3231966
107.809100 3.3874333 -0.1976424 5.9612517 -0.0269238 0.9336262 0.0009473 -0.3572344
108.223900 3.3874226 -0.1976429 5.9612412 -0.0268001 0.9057339 -0.0057645 -0.4229594
108.431200 3.3874230 -0.1976424 5.9612379 -0.0251549 0.8891460 -0.0100379 -0.4568215
108.638800 3.3874128 -0.1976434 5.9612331 -0.0249786 0.8730362 -0.0132519 -0.4868349
108.845900 3.3874047 -0.1976439 5.9612293 0.0254173 -0.8559663 0.0185634 0.5160728
109.053200 3.3873982 -0.1976445 5.9612255 0.0233701 -0.8393744 0.0205947 0.5426604
109.260500 3.3873904 -0.1976451 5.9612231 0.0213992 -0.8227358 0.0236974 0.5675265
109.467900 3.3873825 -0.1976458 5.9612198 0.0212828 -0.8049831 0.0289768 0.5922073
109.571600 3.3873799 -0.1976460 5.9612193 0.0216433 -0.7954796 0.0289242 0.6049026
109.675300 3.3873758 -0.1976463 5.9612184 0.0201693 -0.7857696 0.0286177 0.6175275
109.779100 3.3873720 -0.1976466 5.9612174 0.0206458 -0.7749894 0.0267258 0.6310713
109.882700 3.3873682 -0.1976469 5.9612169 0.0237227 -0.7638003 0.0292085 0.6443548
109.986400 3.3873649 -0.1976473 5.9612160 0.0275948 -0.7525208 0.0345144 0.6570843
110.090100 3.3873613 -0.1976476 5.9612155 0.0291527 -0.7414124 0.0358698 0.6694558
110.297600 3.3873539 -0.1976483 5.9612155 0.0223703 -0.7194333 0.0351650 0.6933100
110.505100 3.3873458 -0.1976491 5.9612150 0.0211651 -0.6957357 0.0378745 0.7169863
110.712500 3.3873386 -0.1976497 5.9612160 0.0241725 -0.6713027 0.0421213 0.7395905
110.920000 3.3873303 -0.1976507 5.9612164 0.0252968 -0.6461399 0.0439902 0.7615302
111.023600 3.3873267 -0.1976511 5.9612174 0.0252490 -0.6333172 0.0433218 0.7722661
111.542000 3.3873174 -0.1976525 5.9612217 0.0250526 -0.5728099 0.0430548 0.8181732
111.853000 3.3873138 -0.1976530 5.9612236 0.0231155 -0.5417522 0.0428310 0.8391279
112.785600 3.3873122 -0.1976531 5.9612246 0.0172491 -0.4836766 0.0444709 0.8739461
113.096000 3.3873100 -0.1976536 5.9612260 0.0167654 -0.4780284 0.0385168 0.8773392
113.199600 3.3873093 -0.1976539 5.9612269 0.0163489 -0.4782977 0.0360098 0.8773068
113.303200 3.3873086 -0.1976540 5.9612279 0.0157453 -0.4784601 0.0334495 0.8773307
113.510500 3.3873076 -0.1976545 5.9612303 0.0141483 -0.4785101 0.0310951 0.8774173
113.717900 3.3873057 -0.1976553 5.9612327 0.0120117 -0.4776034 0.0317012 0.8779213
113.823800 3.3873048 -0.1976554 5.9612346 0.0141532 -0.4766759 0.0297070 0.8784630
114.028800 3.3873034 -0.1976557 5.9612360 0.0117854 -0.4755307 0.0282563 0.8791662
