0.000000 -0.0000069 0.0001217 0.0002294 0.0000575 -0.0000285 0.0000039 1.0000000
0.104499 -0.0003948 -0.0008395 0.0566495 0.0005370 0.0008822 -0.0003595 0.9999994
0.207793 -0.0009258 -0.0019962 0.1135334 0.0002188 0.0019150 -0.0006262 0.9999979
0.311634 0.0002368 -0.0029602 0.1705400 -0.0000475 0.0016126 -0.0001107 0.9999987
0.415494 0.0012334 -0.0038256 0.2280411 0.0000907 0.0014567 0.0002373 0.9999989
0.519644 0.0020299 -0.0048156 0.2847867 0.0000886 0.0015429 0.0004208 0.9999987
0.623401 0.0037757 -0.0057577 0.3424278 0.0005578 0.0009818 0.0003337 0.9999993
0.727346 0.0030458 -0.0069771 0.3998636 0.0006201 0.0019965 0.0002646 0.9999978
0.831180 0.0053497 -0.0083434 0.4566506 -0.0002688 0.0007514 0.0011683 0.9999990
0.935030 0.0032084 -0.0093849 0.5133449 -0.0006967 0.0013230 0.0013008 0.9999980
1.038877 0.0026997 -0.0102082 0.5688599 -0.0004370 0.0002950 0.0017917 0.9999983
1.246636 0.0018169 -0.0119583 0.6805458 -0.0000928 -0.0011922 0.0014055 0.9999983
1.350553 0.0016674 -0.0129089 0.7362515 -0.0000233 -0.0017720 0.0007144 0.9999982
1.558293 0.0003702 -0.0146943 0.8473779 -0.0002263 -0.0020739 0.0010196 0.9999973
1.662157 0.0002553 -0.0158406 0.9028729 -0.0004106 -0.0025242 0.0015055 0.9999956
1.766057 -0.0005714 -0.0166304 0.9582872 0.0001799 -0.0026928 0.0010725 0.9999958
1.870090 -0.0014309 -0.0177431 1.0133480 0.0004778 -0.0028289 0.0012938 0.9999951
1.973923 -0.0022794 -0.0189871 1.0684006 0.0001900 -0.0029972 0.0006945 0.9999952
2.077874 -0.0023194 -0.0198826 1.1240504 0.0003193 -0.0037204 0.0012250 0.9999923
2.285652 -0.0038864 -0.0217743 1.2333479 0.0003282 -0.0045096 0.0010583 0.9999892
2.389627 -0.0045769 -0.0227177 1.2886128 -0.0005408 -0.0049397 0.0018204 0.9999860
2.493488 -0.0049444 -0.0234820 1.3435295 -0.0004962 -0.0055530 0.0018771 0.9999827
2.701441 -0.0064357 -0.0255805 1.4524192 0.0003419 -0.0064557 0.0022378 0.9999766
2.909338 -0.0084606 -0.0279821 1.5620703 -0.0001087 -0.0069940 0.0017746 0.9999740
3.117132 -0.0100138 -0.0300326 1.6711082 -0.0002310 -0.0077366 0.0025179 0.9999669
3.221000 -0.0101139 -0.0305573 1.7244678 0.0000298 -0.0083850 0.0027110 0.9999611
3.428991 -0.0121743 -0.0323944 1.8315434 -0.0009451 -0.0085114 0.0031283 0.9999585
3.636879 -0.0145706 -0.0343092 1.9376779 -0.0012439 -0.0084620 0.0024951 0.9999603
3.948871 -0.0175856 -0.0366249 2.0988088 -0.0037732 -0.0073987 0.0007130 0.9999653
4.052745 -0.0183842 -0.0369427 2.1515834 -0.0050931 -0.0066018 0.0002864 0.9999652
4.260741 -0.0199405 -0.0376170 2.2582343 -0.0074656 -0.0051381 0.0004410 0.9999588
4.364619 -0.0198866 -0.0375386 2.3110862 -0.0065964 -0.0046957 0.0012497 0.9999664
4.572617 -0.0214254 -0.0381237 2.4156959 -0.0055274 -0.0036207 0.0007260 0.9999779
4.676494 -0.0214554 -0.0383928 2.4681191 -0.0053130 -0.0038922 0.0007544 0.9999780
4.780371 -0.0222114 -0.0386452 2.5202119 -0.0046338 -0.0041951 0.0011003 0.9999799
4.884244 -0.0226995 -0.0390988 2.5722349 -0.0049459 -0.0051797 0.0009545 0.9999739
4.988118 -0.0236536 -0.0393994 2.6245584 -0.0055104 -0.0057572 0.0011282 0.9999676
5.091994 -0.0241857 -0.0398042 2.6766963 -0.0057465 -0.0066077 0.0014057 0.9999607
5.195994 -0.0251743 -0.0400262 2.7294273 -0.0056022 -0.0070574 0.0006967 0.9999592
5.299899 -0.0260479 -0.0404061 2.7813947 -0.0055349 -0.0074638 0.0006860 0.9999566
5.403745 -0.0269930 -0.0407312 2.8330781 -0.0053039 -0.0075963 0.0010319 0.9999565
5.507756 -0.0276402 -0.0410577 2.8852699 -0.0047979 -0.0078711 0.0014293 0.9999565
5.611618 -0.0287283 -0.0416589 2.9366729 -0.0056316 -0.0081134 0.0015405 0.9999501
5.715493 -0.0296810 -0.0420385 2.9884245 -0.0063924 -0.0083180 0.0017421 0.9999434
5.923372 -0.0318809 -0.0421269 3.0913720 -0.0045494 -0.0085649 0.0004178 0.9999529
6.131261 -0.0340465 -0.0432515 3.1936719 -0.0049784 -0.0088554 -0.0015878 0.9999471
6.339121 -0.0366271 -0.0436172 3.2952640 -0.0054331 -0.0081914 -0.0029171 0.9999474
6.547122 -0.0384516 -0.0446697 3.3954878 -0.0047852 -0.0060004 -0.0033505 0.9999650
6.755121 -0.0401075 -0.0454409 3.4943464 -0.0018321 -0.0031936 -0.0026867 0.9999896
6.859122 -0.0404257 -0.0462645 3.5436840 -0.0038529 -0.0018749 -0.0017200 0.9999893
7.067120 -0.0407806 -0.0471947 3.6414433 -0.0034903 0.0018624 -0.0019721 0.9999902
7.171120 -0.0406938 -0.0479751 3.6889646 -0.0020141 0.0037118 -0.0016636 0.9999897
7.275124 -0.0404659 -0.0488382 3.7369719 -0.0003055 0.0054692 -0.0010465 0.9999844
7.379122 -0.0398510 -0.0495555 3.7844524 0.0001945 0.0071654 -0.0007548 0.9999740
7.587125 -0.0386162 -0.0511965 3.8790400 -0.0008832 0.0109965 -0.0011997 0.9999384
7.795143 -0.0365965 -0.0529135 3.9726260 0.0012822 0.0147215 -0.0009648 0.9998903
8.003122 -0.0335462 -0.0546746 4.0651298 0.0009540 0.0177224 -0.0003203 0.9998425
8.211127 -0.0303076 -0.0560601 4.1573300 -0.0005163 0.0206020 0.0002906 0.9997876
8.419122 -0.0265889 -0.0574451 4.2486701 0.0001350 0.0231012 0.0014817 0.9997320
8.627137 -0.0219124 -0.0592246 4.3392110 0.0032444 0.0251262 0.0018858 0.9996772
8.835121 -0.0176327 -0.0610745 4.4309783 0.0034713 0.0261292 0.0018600 0.9996508
9.043123 -0.0133249 -0.0627396 4.5236464 0.0018926 0.0251624 0.0020434 0.9996795
9.355001 -0.0077982 -0.0653582 4.6645012 0.0012801 0.0215523 0.0013347 0.9997660
9.562998 -0.0050290 -0.0668123 4.7579365 0.0013932 0.0177243 0.0005931 0.9998417
9.770876 -0.0026761 -0.0682918 4.8524075 0.0004907 0.0135969 0.0000759 0.9999074
9.978770 -0.0009063 -0.0699918 4.9469738 0.0001439 0.0089596 -0.0002630 0.9999598
10.186620 0.0000841 -0.0716741 5.0411587 0.0003457 0.0039167 -0.0007904 0.9999920
10.394630 -0.0002679 -0.0735647 5.1359286 0.0004457 -0.0001850 -0.0024436 0.9999969
10.602630 -0.0011832 -0.0749776 5.2319107 0.0007418 -0.0016784 -0.0038608 0.9999909
10.810750 -0.0015224 -0.0764421 5.3278179 0.0002929 -0.0030045 -0.0056792 0.9999793
11.018750 -0.0032644 -0.0777261 5.4234552 -0.0007565 -0.0036074 -0.0073335 0.9999663
11.226750 -0.0048677 -0.0788760 5.5189333 -0.0021156 -0.0041099 -0.0069064 0.9999655
11.538630 -0.0063799 -0.0806544 5.6620688 -0.0028213 -0.0052414 -0.0044804 0.9999722
11.642630 -0.0066711 -0.0808668 5.7099900 -0.0036217 -0.0054132 -0.0029132 0.9999745
11.850630 -0.0077012 -0.0818241 5.8058052 -0.0032851 -0.0055955 0.0002020 0.9999789
11.954620 -0.0083618 -0.0823429 5.8535690 -0.0028642 -0.0055096 0.0014940 0.9999796
12.058500 -0.0090101 -0.0828312 5.9018769 -0.0027161 -0.0054175 0.0021830 0.9999793
12.162500 -0.0098598 -0.0833378 5.9497190 -0.0029201 -0.0050844 0.0021847 0.9999804
12.266520 -0.0103639 -0.0838265 5.9978423 -0.0038807 -0.0049177 0.0021175 0.9999781
12.370380 -0.0112712 -0.0843047 6.0460925 -0.0046971 -0.0043654 0.0009207 0.9999790
12.474370 -0.0118141 -0.0848044 6.0937414 -0.0038627 -0.0041685 0.0009103 0.9999834
12.578370 -0.0124458 -0.0854696 6.1417365 -0.0030012 -0.0039307 0.0005632 0.9999876
12.682250 -0.0128992 -0.0860113 6.1897531 -0.0017172 -0.0037729 0.0007825 0.9999911
12.786250 -0.0136181 -0.0867343 6.2373252 0.0003041 -0.0035032 0.0013457 0.9999929
12.994130 -0.0145639 -0.0887237 6.3323760 0.0025128 -0.0032368 0.0015551 0.9999904
13.202130 -0.0155434 -0.0908629 6.4263940 0.0021181 -0.0033288 0.0014394 0.9999912
13.410000 -0.0170514 -0.0926927 6.5210514 0.0014160 -0.0033263 0.0008503 0.9999931
13.617880 -0.0180800 -0.0947034 6.6145444 0.0014568 -0.0039050 0.0004667 0.9999912
13.825750 -0.0194199 -0.0968086 6.7069173 0.0005379 -0.0044826 0.0000432 0.9999898
14.033750 -0.0205209 -0.0985706 6.7990189 0.0017266 -0.0053304 -0.0004453 0.9999842
14.241630 -0.0221509 -0.1008767 6.8921285 0.0020612 -0.0060191 -0.0005615 0.9999796
14.449650 -0.0243629 -0.1029381 6.9850802 0.0024438 -0.0064383 -0.0008925 0.9999759
14.657500 -0.0259903 -0.1050472 7.0770259 0.0014563 -0.0071118 -0.0008798 0.9999732
14.865380 -0.0282299 -0.1066444 7.1692424 0.0012274 -0.0078336 -0.0015586 0.9999673
15.177250 -0.0315587 -0.1096414 7.3075981 0.0016444 -0.0084665 -0.0022846 0.9999602
15.385130 -0.0337584 -0.1115971 7.4006062 0.0031889 -0.0085470 -0.0016553 0.9999570
15.593130 -0.0352404 -0.1138224 7.4928136 0.0010871 -0.0089877 0.0000970 0.9999590
15.801010 -0.0373225 -0.1154622 7.5848689 -0.0007278 -0.0090587 -0.0000941 0.9999587
16.009010 -0.0395347 -0.1170865 7.6760015 0.0018471 -0.0090806 -0.0008250 0.9999567
16.320880 -0.0429929 -0.1199067 7.8140316 0.0001179 -0.0088570 -0.0008240 0.9999604
16.632880 -0.0449902 -0.1226627 7.9483824 0.0007572 -0.0071308 -0.0000689 0.9999743
16.944760 -0.0473598 -0.1253440 8.0809650 0.0014758 -0.0050805 0.0000870 0.9999860
17.152760 -0.0488560 -0.1273021 8.1691208 0.0003279 -0.0036393 -0.0004340 0.9999932
17.464760 -0.0505340 -0.1301063 8.2974262 0.0002509 -0.0018171 0.0000513 0.9999983
17.672760 -0.0510942 -0.1316365 8.3817053 0.0002754 -0.0011213 -0.0000577 0.9999993
17.984650 -0.0515016 -0.1341503 8.5039930 -0.0006550 -0.0008727 0.0006561 0.9999992
18.296630 -0.0529842 -0.1364838 8.6212006 0.0003275 -0.0012927 0.0002566 0.9999990
18.608520 -0.0543924 -0.1387707 8.7326441 0.0000246 -0.0029240 0.0004014 0.9999956
18.920510 -0.0559004 -0.1411646 8.8398895 -0.0017778 -0.0062219 0.0009549 0.9999786
19.232630 -0.0581755 -0.1426012 8.9416523 -0.0015029 -0.0106454 0.0004695 0.9999421
19.544640 -0.0613312 -0.1444928 9.0357361 -0.0008823 -0.0151485 0.0003668 0.9998848
19.856630 -0.0652241 -0.1462674 9.1230240 -0.0002950 -0.0193054 -0.0011057 0.9998130
20.064890 -0.0676514 -0.1478663 9.1774712 -0.0013310 -0.0196407 -0.0015554 0.9998050
20.273010 -0.0697609 -0.1486122 9.2295990 -0.0012336 -0.0192717 -0.0013696 0.9998126
20.481150 -0.0723376 -0.1498238 9.2805300 0.0007020 -0.0183857 -0.0020020 0.9998287
20.689270 -0.0743089 -0.1503716 9.3310499 0.0019135 -0.0170304 -0.0024026 0.9998503
21.001510 -0.0768895 -0.1523689 9.4050751 0.0019626 -0.0144015 -0.0020334 0.9998923
21.313760 -0.0787701 -0.1541706 9.4781036 0.0014729 -0.0103639 -0.0011643 0.9999445
21.521880 -0.0795565 -0.1550819 9.5262442 0.0014201 -0.0074913 -0.0007883 0.9999706
21.730010 -0.0803183 -0.1561055 9.5736113 0.0016573 -0.0043527 -0.0003532 0.9999891
21.938260 -0.0807699 -0.1571477 9.6208677 0.0023059 -0.0014183 -0.0007665 0.9999961
22.146400 -0.0809670 -0.1580398 9.6691208 0.0016581 0.0013840 -0.0010064 0.9999971
22.354510 -0.0807405 -0.1590072 9.7174492 0.0025569 0.0035628 -0.0009540 0.9999899
22.562760 -0.0803693 -0.1600064 9.7661934 0.0046381 0.0047469 -0.0003447 0.9999779
22.770760 -0.0801730 -0.1612739 9.8152828 0.0051290 0.0049278 0.0002411 0.9999747
22.978890 -0.0796232 -0.1623224 9.8651791 0.0054907 0.0049219 -0.0004316 0.9999727
23.186890 -0.0794109 -0.1635670 9.9156122 0.0076119 0.0053229 0.0018730 0.9999551
23.499010 -0.0788376 -0.1650643 9.9919128 0.0031377 0.0060926 0.0002973 0.9999765
23.915260 -0.0772827 -0.1672561 10.0973616 0.0072804 0.0117182 -0.0002949 0.9999048
24.227390 -0.0750539 -0.1691312 10.1784611 0.0047647 0.0163858 0.0011253 0.9998537
24.539510 -0.0723967 -0.1710269 10.2606049 0.0046841 0.0209044 0.0006474 0.9997703
24.851760 -0.0691866 -0.1728542 10.3430557 0.0049796 0.0248494 -0.0006340 0.9996786
25.163760 -0.0652216 -0.1745822 10.4254990 0.0045706 0.0293623 -0.0021783 0.9995560
25.475770 -0.0600635 -0.1766699 10.5084667 0.0047078 0.0319921 0.0006494 0.9994769
25.683760 -0.0566729 -0.1781182 10.5641050 0.0046447 0.0325173 0.0009742 0.9994599
25.891640 -0.0531872 -0.1795012 10.6199512 0.0041765 0.0321803 0.0006125 0.9994732
26.099520 -0.0499370 -0.1809862 10.6754894 0.0049729 0.0307331 0.0005074 0.9995151
26.203510 -0.0485620 -0.1815890 10.7030563 0.0054319 0.0300083 -0.0000241 0.9995349
26.411390 -0.0456713 -0.1831405 10.7585030 0.0057950 0.0283474 -0.0014139 0.9995803
26.619260 -0.0433553 -0.1847910 10.8131323 0.0047139 0.0260233 -0.0014894 0.9996491
26.827140 -0.0411536 -0.1862282 10.8678541 0.0027006 0.0214842 -0.0004527 0.9997655
26.931140 -0.0402056 -0.1868303 10.8949089 0.0021184 0.0191012 -0.0002411 0.9998153
27.139140 -0.0390523 -0.1881076 10.9477234 0.0014065 0.0145143 0.0002912 0.9998936
27.243260 -0.0387332 -0.1885684 10.9735479 0.0015188 0.0122371 0.0007358 0.9999237
27.451390 -0.0381994 -0.1898254 11.0239229 0.0017517 0.0082634 0.0005919 0.9999641
27.555390 -0.0381714 -0.1903435 11.0481730 0.0017974 0.0063783 0.0004212 0.9999779
27.659410 -0.0381881 -0.1908599 11.0717926 0.0018247 0.0045115 0.0006269 0.9999880
28.075410 -0.0399265 -0.1933860 11.1588001 0.0046914 -0.0071109 -0.0007794 0.9999634
28.490900 -0.0455275 -0.1959229 11.2372684 0.0046415 -0.0372574 -0.0030406 0.9992903
28.698520 -0.0506943 -0.1969397 11.2733660 0.0048673 -0.0612536 -0.0044885 0.9981003
28.906040 -0.0574294 -0.1978965 11.3070726 0.0040746 -0.0908384 -0.0057249 0.9958408
29.113510 -0.0662615 -0.1983512 11.3391628 0.0026334 -0.1263808 -0.0058003 0.9919614
29.321000 -0.0774698 -0.1991940 11.3691359 0.0001541 -0.1657024 -0.0068191 0.9861522
29.528390 -0.0905151 -0.1997378 11.3967657 -0.0018926 -0.2081450 -0.0066352 0.9780737
29.735770 -0.1063099 -0.1997948 11.4230986 -0.0029743 -0.2539288 -0.0058509 0.9672006
29.943280 -0.1245337 -0.2000275 11.4471264 -0.0048248 -0.3026783 -0.0050185 0.9530674
30.150890 -0.1454630 -0.2001556 11.4686432 -0.0054260 -0.3534591 -0.0049999 0.9354209
30.462040 -0.1797810 -0.2002457 11.4951782 -0.0119701 -0.4354588 -0.0011199 0.9001284
30.773400 -0.2183146 -0.1998453 11.5126276 -0.0131414 -0.5183455 -0.0076232 0.8550363
31.188640 -0.2739737 -0.1985411 11.5253620 -0.0178740 -0.6207386 -0.0100654 0.7837492
31.396270 -0.3031982 -0.1978357 11.5260448 -0.0204358 -0.6695769 -0.0121747 0.7423617
31.603900 -0.3347141 -0.1966739 11.5229149 -0.0250546 -0.7170218 -0.0157430 0.6964224
31.707810 -0.3510374 -0.1958414 11.5198355 -0.0274530 -0.7399943 -0.0179170 0.6718138
31.811650 -0.3674979 -0.1953634 11.5153608 -0.0298201 -0.7621195 -0.0201489 0.6464353
31.915520 -0.3845284 -0.1944789 11.5100918 -0.0322997 -0.7835245 -0.0216056 0.6201446
32.019400 -0.4016922 -0.1933487 11.5033760 -0.0342536 -0.8037755 -0.0224263 0.5935223
32.123290 -0.4188330 -0.1925069 11.4951439 -0.0359503 -0.8226568 -0.0226711 0.5669475
32.227300 -0.4360435 -0.1914127 11.4855461 -0.0366779 -0.8403439 -0.0223435 0.5403496
32.331290 -0.4536324 -0.1897526 11.4746971 -0.0368207 -0.8568152 -0.0218830 0.5138416
32.435430 -0.4712601 -0.1883549 11.4624491 0.0371178 0.8717068 0.0217965 -0.4881335
32.643770 -0.5068221 -0.1854804 11.4332619 0.0375689 0.8962227 0.0225184 -0.4414367
32.748020 -0.5247817 -0.1841734 11.4163895 0.0398147 0.9064699 0.0229316 -0.4197632
32.956400 -0.5617723 -0.1807299 11.3780298 0.0467791 0.9260148 0.0235765 -0.3738349
33.164770 -0.5973649 -0.1767015 11.3321991 0.0461460 0.9427983 0.0224824 -0.3293879
33.373140 -0.6313825 -0.1728363 11.2793226 0.0439145 0.9566218 0.0183411 -0.2874193
33.581640 -0.6638122 -0.1697009 11.2190914 0.0428540 0.9679021 0.0169166 -0.2470685
33.790020 -0.6930730 -0.1666220 11.1520996 0.0412964 0.9773895 0.0163199 -0.2067317
33.998280 -0.7194459 -0.1634657 11.0790281 0.0444762 0.9850265 0.0161452 -0.1657827
34.206650 -0.7411618 -0.1606261 10.9991159 0.0464807 0.9906665 0.0178510 -0.1268889
34.519020 -0.7644082 -0.1561436 10.8677778 0.0453876 0.9961308 0.0147891 -0.0737878
34.727400 -0.7733445 -0.1533505 10.7737989 0.0442109 0.9980094 0.0148703 -0.0424429
34.935780 -0.7771930 -0.1505333 10.6739759 0.0441128 0.9988217 0.0140364 -0.0145669
35.248400 -0.7735894 -0.1475368 10.5153046 0.0412452 0.9988396 0.0148507 0.0199449
35.456920 -0.7653326 -0.1455100 10.4044914 0.0366250 0.9986576 0.0129615 0.0342559
35.665520 -0.7546801 -0.1441570 10.2904406 0.0327050 0.9985651 0.0146510 0.0397916
35.874180 -0.7449032 -0.1420408 10.1720028 0.0305783 0.9986714 0.0133861 0.0392592
36.082520 -0.7348566 -0.1400008 10.0509977 0.0299123 0.9987862 0.0141300 0.0364948
36.186650 -0.7302345 -0.1389597 9.9902411 0.0292712 0.9988699 0.0143547 0.0345835
36.290910 -0.7256486 -0.1382175 9.9287987 0.0286361 0.9989618 0.0153526 0.0319308
36.395030 -0.7213324 -0.1369838 9.8670712 0.0286742 0.9990352 0.0163275 0.0289808
36.499150 -0.7178056 -0.1360400 9.8048134 0.0281568 0.9991065 0.0171882 0.0264183
36.603150 -0.7142745 -0.1351041 9.7428112 0.0277770 0.9991822 0.0171001 0.0238960
36.707280 -0.7110029 -0.1342735 9.6810389 0.0271346 0.9992636 0.0168426 0.0212641
36.811280 -0.7083516 -0.1334292 9.6193714 0.0263193 0.9993458 0.0164520 0.0185646
36.915280 -0.7054734 -0.1321091 9.5578947 0.0259531 0.9994103 0.0161299 0.0156607
37.019270 -0.7036583 -0.1307919 9.4966984 0.0257373 0.9994290 0.0173735 0.0133201
37.123280 -0.7017144 -0.1296879 9.4354954 0.0261721 0.9994214 0.0188481 0.0108063
37.331150 -0.6994115 -0.1273664 9.3121119 0.0271615 0.9994363 0.0184789 0.0069188
37.539030 -0.6970523 -0.1255692 9.1871214 0.0271768 0.9994870 0.0164148 0.0042164
37.746770 -0.6957297 -0.1235443 9.0614338 0.0264602 0.9995120 0.0164881 0.0019274
37.954400 -0.6944091 -0.1209260 8.9369707 0.0267942 0.9994888 0.0174328 0.0004732
38.162020 -0.6943021 -0.1185107 8.8109789 0.0277067 0.9994622 0.0175167 0.0008306
38.473280 -0.6926937 -0.1152283 8.6199770 0.0301936 0.9994065 0.0164643 0.0019687
38.680780 -0.6907002 -0.1123534 8.4922428 0.0299231 0.9993801 0.0183251 0.0028836
38.888400 -0.6885124 -0.1092733 8.3635845 0.0281094 0.9994321 0.0182529 0.0034909
39.095900 -0.6869584 -0.1065829 8.2355976 0.0277325 0.9994593 0.0172181 0.0039298
39.303400 -0.6844954 -0.1045473 8.1070652 0.0279754 0.9994587 0.0169229 0.0036494
39.511030 -0.6830992 -0.1019138 7.9765019 0.0274498 0.9994625 0.0174856 0.0039384
39.718530 -0.6807976 -0.0999682 7.8468289 0.0279979 0.9994408 0.0178842 0.0038000
39.925900 -0.6787869 -0.0973945 7.7171874 0.0285465 0.9994287 0.0176345 0.0040403
40.133400 -0.6767364 -0.0945741 7.5835409 0.0290206 0.9994105 0.0179220 0.0039212
40.340780 -0.6752474 -0.0921065 7.4509687 0.0290896 0.9994268 0.0168549 0.0039807
40.548280 -0.6739414 -0.0893337 7.3165917 0.0286854 0.9994521 0.0159785 0.0041734
40.755780 -0.6723847 -0.0866754 7.1822715 0.0276059 0.9994568 0.0174851 0.0042759
40.963300 -0.6702609 -0.0842820 7.0504279 0.0278426 0.9994566 0.0171754 0.0040335
41.067040 -0.6696954 -0.0826904 6.9843202 0.0281282 0.9994518 0.0169841 0.0040632
41.274530 -0.6681353 -0.0808250 6.8507490 0.0280786 0.9994117 0.0193827 0.0034850
41.482150 -0.6666628 -0.0783557 6.7180762 0.0267459 0.9994497 0.0194670 0.0024550
41.689670 -0.6658536 -0.0755543 6.5882969 0.0262663 0.9994665 0.0193494 0.0015356
41.897280 -0.6652477 -0.0728371 6.4581203 0.0269645 0.9994616 0.0186705 0.0009239
42.104780 -0.6645592 -0.0702344 6.3282952 0.0266171 0.9994739 0.0185278 0.0002518
42.312280 -0.6641703 -0.0679327 6.1987686 0.0262859 0.9994572 0.0198577 -0.0003446
42.519900 -0.6639377 -0.0653212 6.0708275 0.0261904 0.9994671 0.0193886 -0.0019310
42.623660 -0.6640692 -0.0640909 6.0064011 0.0261862 0.9994740 0.0188954 -0.0029818
42.831160 -0.6642973 -0.0619694 5.8789892 0.0269233 0.9994090 0.0207739 -0.0050226
43.038660 -0.6656538 -0.0593284 5.7556567 0.0272036 0.9993962 0.0204717 -0.0069395
43.246160 -0.6669165 -0.0570394 5.6326542 0.0273512 0.9993445 0.0218696 -0.0091816
43.453690 -0.6692779 -0.0543772 5.5145745 0.0281493 0.9993013 0.0219822 -0.0110112
43.764790 -0.6721476 -0.0510230 5.3447204 0.0284758 0.9992368 0.0235196 -0.0127190
44.075920 -0.6752401 -0.0474464 5.1840568 0.0284493 0.9992665 0.0223662 -0.0125233
44.179660 -0.6763191 -0.0464127 5.1334605 0.0284130 0.9992696 0.0223388 -0.0124056
44.387040 -0.6779789 -0.0439215 5.0347877 0.0281418 0.9992532 0.0235965 -0.0120108
44.594530 -0.6796905 -0.0417427 4.9421897 0.0271948 0.9992859 0.0235323 -0.0115927
44.802160 -0.6809788 -0.0398865 4.8538599 0.0276553 0.9993035 0.0224583 -0.0111012
45.009780 -0.6822607 -0.0383275 4.7700653 0.0275745 0.9992955 0.0230861 -0.0107292
45.321160 -0.6843070 -0.0358092 4.6511168 0.0278732 0.9992787 0.0237675 -0.0100164
45.528910 -0.6850799 -0.0339005 4.5754976 0.0275198 0.9993303 0.0221794 -0.0094743
45.944410 -0.6871165 -0.0305457 4.4334040 0.0292273 0.9993265 0.0202684 -0.0090336
46.256280 -0.6890978 -0.0290854 4.3335242 0.0302979 0.9993067 0.0196764 -0.0090007
46.776300 -0.6913497 -0.0260465 4.1732588 0.0328199 0.9992494 0.0178276 -0.0102813
46.984290 -0.6928595 -0.0249948 4.1115327 0.0335125 0.9992618 0.0154201 -0.0107233
47.296290 -0.6941836 -0.0240519 4.0193362 0.0325967 0.9992974 0.0144688 -0.0115185
47.504410 -0.6952382 -0.0233090 3.9583373 0.0318077 0.9993041 0.0154049 -0.0119257
47.816410 -0.6958337 -0.0221442 3.8684547 0.0291806 0.9994675 0.0083047 -0.0120123
48.024410 -0.6968383 -0.0221431 3.8069394 0.0249511 0.9995885 0.0083059 -0.0114551
48.232410 -0.6975301 -0.0214716 3.7427619 0.0228368 0.9996198 0.0115786 -0.0102285
48.440410 -0.6984391 -0.0207748 3.6778603 0.0227438 0.9996460 0.0114777 -0.0076745
48.648410 -0.6987490 -0.0197933 3.6103187 0.0210871 0.9997089 0.0109063 -0.0042969
48.856410 -0.6985061 -0.0186503 3.5390973 0.0206328 0.9996756 0.0149042 -0.0009141
49.064530 -0.6981015 -0.0172987 3.4653835 0.0221496 0.9996186 0.0162741 0.0026805
49.272540 -0.6968939 -0.0155181 3.3889890 0.0237553 0.9995925 0.0143734 0.0066230
49.480540 -0.6950575 -0.0140751 3.3105400 0.0255487 0.9995164 0.0142878 0.0104950
49.688540 -0.6924359 -0.0120205 3.2281604 0.0266600 0.9994073 0.0160613 0.0147100
49.896540 -0.6893629 -0.0104723 3.1426630 0.0289673 0.9992895 0.0148726 0.0189784
50.104550 -0.6851583 -0.0090816 3.0543551 0.0298867 0.9992100 0.0125638 0.0229851
50.312540 -0.6797444 -0.0078092 2.9628224 0.0301591 0.9991537 0.0123488 0.0250978
50.520540 -0.6740365 -0.0065357 2.8693366 0.0293904 0.9991999 0.0093100 0.0254798
50.728660 -0.6695442 -0.0053621 2.7714958 0.0310509 0.9991453 0.0098905 0.0254303
50.936790 -0.6634021 -0.0039701 2.6709054 0.0313265 0.9991019 0.0138009 0.0249717
51.144790 -0.6582921 -0.0021322 2.5680015 0.0303465 0.9991655 0.0118150 0.0246522
51.352790 -0.6519428 -0.0010035 2.4624920 0.0296377 0.9992080 0.0115506 0.0239084
51.560790 -0.6469666 0.0007479 2.3537729 0.0302536 0.9991895 0.0127950 0.0232671
51.768790 -0.6414434 0.0026113 2.2434492 0.0292965 0.9992565 0.0128158 0.0215388
51.976790 -0.6369630 0.0040940 2.1290073 0.0279417 0.9993432 0.0122345 0.0195675
52.080790 -0.6344672 0.0049120 2.0719686 0.0286998 0.9993979 0.0076313 0.0179432
52.288680 -0.6307576 0.0062295 1.9530963 0.0291960 0.9994007 0.0097599 0.0158292
52.496670 -0.6271968 0.0080212 1.8354875 0.0281710 0.9994281 0.0129299 0.0135180
52.704540 -0.6236929 0.0097565 1.7168310 0.0274961 0.9994927 0.0115423 0.0111804
52.912410 -0.6210213 0.0115675 1.5955381 0.0291983 0.9994588 0.0120131 0.0092269
53.016420 -0.6200690 0.0125136 1.5339649 0.0289476 0.9994631 0.0128225 0.0084392
53.120310 -0.6188709 0.0133729 1.4721993 0.0284326 0.9994742 0.0137148 0.0074034
53.224160 -0.6179134 0.0146331 1.4101772 0.0275558 0.9994853 0.0150401 0.0066019
53.328040 -0.6166854 0.0151519 1.3494241 0.0271819 0.9994731 0.0168670 0.0054909
53.535790 -0.6148612 0.0168093 1.2277745 0.0271718 0.9994859 0.0165384 0.0040106
53.743420 -0.6133166 0.0183320 1.1070609 0.0273053 0.9994893 0.0163025 0.0031319
53.847310 -0.6126135 0.0192487 1.0475985 0.0269363 0.9994933 0.0167310 0.0027743
53.951170 -0.6117567 0.0199069 0.9884133 0.0265674 0.9995102 0.0163812 0.0022503
54.054920 -0.6110969 0.0208667 0.9297923 0.0265815 0.9995293 0.0151924 0.0019402
54.158790 -0.6105224 0.0215094 0.8702116 0.0269086 0.9995095 0.0159368 0.0016728
54.366290 -0.6097003 0.0237124 0.7518479 0.0271293 0.9994463 0.0191912 0.0016825
54.470160 -0.6087638 0.0249239 0.6930595 0.0271961 0.9994531 0.0187157 0.0018655
54.677690 -0.6068994 0.0269909 0.5766641 0.0265604 0.9995247 0.0154432 0.0025170
54.885290 -0.6060003 0.0284768 0.4599589 0.0257514 0.9995378 0.0157696 0.0035313
55.092920 -0.6045810 0.0301605 0.3443372 0.0265831 0.9994568 0.0190306 0.0041565
55.300540 -0.6026213 0.0324715 0.2290857 0.0254301 0.9995310 0.0165599 0.0041040
55.508190 -0.6018409 0.0343107 0.1157061 0.0258070 0.9995443 0.0151582 0.0039446
55.611910 -0.6014515 0.0349890 0.0594473 0.0262448 0.9995100 0.0166061 0.0038985
55.819540 -0.6000258 0.0360315 -0.0525277 0.0259022 0.9995162 0.0168802 0.0033916
55.923300 -0.5990306 0.0373734 -0.1088696 0.0244436 0.9995650 0.0162300 0.0029870
56.027170 -0.5982301 0.0381577 -0.1657089 0.0242086 0.9995768 0.0158872 0.0027837
56.130920 -0.5976355 0.0388242 -0.2213101 0.0248195 0.9995698 0.0154106 0.0025937
56.234670 -0.5970778 0.0395273 -0.2770494 0.0257376 0.9995475 0.0153691 0.0024845
56.338420 -0.5965067 0.0402340 -0.3327647 0.0267420 0.9995124 0.0159575 0.0023005
56.442290 -0.5961578 0.0410039 -0.3884929 0.0270205 0.9994993 0.0162988 0.0023508
56.546040 -0.5957758 0.0417183 -0.4439777 0.0271252 0.9995046 0.0157833 0.0023920
56.649810 -0.5951585 0.0425988 -0.4993306 0.0263677 0.9995278 0.0156235 0.0022058
56.753550 -0.5946990 0.0430632 -0.5542991 0.0251923 0.9995569 0.0157186 0.0020656
56.857290 -0.5943545 0.0436179 -0.6087661 0.0246698 0.9995691 0.0157850 0.0019957
56.961060 -0.5936882 0.0442217 -0.6632190 0.0246164 0.9995586 0.0165294 0.0018601
57.064790 -0.5928907 0.0454618 -0.7171047 0.0250036 0.9995514 0.0164157 0.0015251
57.168540 -0.5924233 0.0460927 -0.7707114 0.0255876 0.9995291 0.0168786 0.0013837
57.376170 -0.5917761 0.0475304 -0.8788832 0.0252747 0.9995547 0.0158054 0.0013311
57.583670 -0.5909278 0.0482881 -0.9855978 0.0221181 0.9996690 0.0130879 0.0011743
57.791170 -0.5896914 0.0495665 -1.0920619 0.0202988 0.9996775 0.0151962 0.0013598
57.998680 -0.5890022 0.0507778 -1.1983805 0.0229442 0.9995816 0.0175530 0.0014301
58.206190 -0.5881796 0.0529261 -1.3045419 0.0263936 0.9994965 0.0175464 0.0014948
58.413800 -0.5874874 0.0548355 -1.4106339 0.0260990 0.9995429 0.0151853 0.0015127
58.621420 -0.5865993 0.0561826 -1.5159079 0.0241280 0.9995949 0.0150376 0.0013011
58.829070 -0.5856296 0.0572265 -1.6227734 0.0240620 0.9996115 0.0140282 0.0010437
59.036550 -0.5849559 0.0584535 -1.7295405 0.0236920 0.9996197 0.0140661 0.0011119
59.244170 -0.5838139 0.0598771 -1.8375924 0.0219782 0.9996601 0.0139981 0.0008571
59.451800 -0.5824184 0.0613825 -1.9447446 0.0198947 0.9996870 0.0151664 0.0004098
59.659420 -0.5817978 0.0629757 -2.0536535 0.0192859 0.9997255 0.0132932 0.0004566
59.866920 -0.5807819 0.0642608 -2.1619637 0.0185866 0.9997506 0.0123638 0.0006627
59.970800 -0.5797257 0.0648704 -2.2148459 0.0181775 0.9997789 0.0105555 0.0005445
60.178320 -0.5790439 0.0650463 -2.3219278 0.0184861 0.9997645 0.0113364 0.0007978
60.385920 -0.5783030 0.0658699 -2.4304030 0.0208302 0.9997182 0.0112982 0.0013731
60.697180 -0.5765458 0.0670908 -2.5936842 0.0197586 0.9997414 0.0111532 0.0015236
60.904800 -0.5754376 0.0678283 -2.7018604 0.0206453 0.9996980 0.0131609 0.0020797
61.112300 -0.5743637 0.0688998 -2.8095391 0.0230432 0.9996484 0.0128354 0.0027181
61.319920 -0.5732552 0.0700309 -2.9167011 0.0243572 0.9996104 0.0132669 0.0031069
61.527550 -0.5726123 0.0709601 -3.0225229 0.0266693 0.9995363 0.0142335 0.0036545
61.735050 -0.5706664 0.0716638 -3.1284606 0.0289563 0.9994919 0.0128368 0.0035446
62.046420 -0.5687511 0.0724183 -3.2866352 0.0304592 0.9994625 0.0114841 0.0038709
62.253920 -0.5674606 0.0727203 -3.3918931 0.0294849 0.9994921 0.0114759 0.0038117
62.565300 -0.5653228 0.0732566 -3.5491107 0.0297533 0.9994909 0.0109646 0.0035274
62.876680 -0.5635968 0.0741967 -3.7067876 0.0294601 0.9995020 0.0110881 0.0022085
63.084300 -0.5622979 0.0746502 -3.8107891 0.0296634 0.9995056 0.0103493 0.0012471
63.395800 -0.5604891 0.0745385 -3.9670694 0.0286212 0.9995228 0.0116121 -0.0003035
63.603430 -0.5601988 0.0750959 -4.0698104 0.0282496 0.9995334 0.0115960 -0.0006592
63.811050 -0.5595912 0.0756242 -4.1728568 0.0291238 0.9995280 0.0097642 -0.0005443
64.018680 -0.5592135 0.0757349 -4.2749238 0.0299212 0.9995015 0.0100703 -0.0000928
64.226180 -0.5587469 0.0757324 -4.3761559 0.0310345 0.9994428 0.0122632 0.0007459
64.330050 -0.5581642 0.0762135 -4.4265881 0.0314290 0.9994346 0.0118774 0.0012189
64.537570 -0.5576231 0.0760643 -4.5256038 0.0302580 0.9995009 0.0088805 0.0018931
64.745300 -0.5563334 0.0759951 -4.6250119 0.0297489 0.9994832 0.0120580 0.0017291
65.056690 -0.5553022 0.0769274 -4.7726274 0.0301616 0.9994684 0.0122761 0.0015855
65.264300 -0.5545838 0.0773310 -4.8696079 0.0291939 0.9995147 0.0108470 0.0006899
65.471930 -0.5536336 0.0777408 -4.9660521 0.0285743 0.9995190 0.0120527 -0.0003026
65.679420 -0.5533438 0.0780485 -5.0618596 0.0287128 0.9995264 0.0110293 -0.0008772
65.886930 -0.5532027 0.0786022 -5.1576324 0.0287463 0.9995109 0.0122109 -0.0015516
66.198300 -0.5530112 0.0790057 -5.2994204 0.0285822 0.9995133 0.0121828 -0.0028018
66.405950 -0.5539858 0.0795881 -5.3936520 0.0285243 0.9995149 0.0121022 -0.0031445
66.613430 -0.5542856 0.0797718 -5.4869103 0.0283014 0.9995276 0.0113977 -0.0037159
66.821050 -0.5546867 0.0804596 -5.5802493 0.0286936 0.9995184 0.0110341 -0.0042283
67.028680 -0.5551820 0.0811224 -5.6729984 0.0289670 0.9995029 0.0117466 -0.0041080
67.236300 -0.5553867 0.0814451 -5.7643342 0.0289890 0.9995046 0.0115696 -0.0040413
67.443820 -0.5559473 0.0819611 -5.8559523 0.0296682 0.9994773 0.0122988 -0.0037129
67.547680 -0.5563289 0.0820552 -5.9007649 0.0296960 0.9994724 0.0127033 -0.0034231
67.755300 -0.5562526 0.0826566 -5.9904366 0.0292881 0.9994860 0.0125403 -0.0035469
67.962930 -0.5562418 0.0833023 -6.0796409 0.0288414 0.9995019 0.0121522 -0.0040502
68.066810 -0.5564300 0.0836935 -6.1233459 0.0285366 0.9995071 0.0122240 -0.0046604
68.170550 -0.5565037 0.0838620 -6.1670084 0.0279213 0.9995138 0.0128152 -0.0053241
68.274430 -0.5567616 0.0838990 -6.2103057 0.0271955 0.9995267 0.0130589 -0.0060144
68.482050 -0.5576879 0.0842361 -6.2961950 0.0271683 0.9995361 0.0117765 -0.0071301
68.689680 -0.5586282 0.0844971 -6.3800592 0.0279067 0.9995001 0.0127800 -0.0075764
68.793560 -0.5592418 0.0848242 -6.4212837 0.0279230 0.9994900 0.0136579 -0.0073168
69.001180 -0.5601956 0.0851907 -6.5007753 0.0300828 0.9994265 0.0137885 -0.0071763
69.208930 -0.5612674 0.0858312 -6.5772429 0.0297227 0.9994079 0.0156941 -0.0073531
69.416810 -0.5616581 0.0865465 -6.6495829 0.0283591 0.9994467 0.0147886 -0.0091258
69.624560 -0.5625305 0.0870854 -6.7191796 0.0288672 0.9994149 0.0151033 -0.0104150
70.040060 -0.5646436 0.0879024 -6.8460932 0.0332038 0.9993253 0.0144664 -0.0061013
70.558570 -0.5576136 0.0879010 -6.9737191 0.0366954 0.9980598 0.0173601 0.0472095
71.180310 -0.5258346 0.0868638 -7.0902514 0.0390213 0.9839068 0.0117946 0.1739701
71.698810 -0.4750235 0.0832601 -7.1610060 0.0383109 0.9455606 0.0096883 0.3230380
71.906200 -0.4499211 0.0823273 -7.1854076 0.0374268 0.9205775 0.0095514 0.3886453
72.113680 -0.4222000 0.0806415 -7.2051439 0.0335052 0.8900343 0.0094549 0.4545624
72.321310 -0.3909340 0.0800478 -7.2204204 0.0304374 0.8556243 0.0073016 0.5166500
72.529060 -0.3571190 0.0780405 -7.2294230 0.0304108 0.8175659 0.0060469 0.5749997
72.632930 -0.3395855 0.0771674 -7.2323360 0.0307389 0.7972152 0.0043913 0.6028962
72.840820 -0.3041927 0.0751935 -7.2346344 0.0280669 0.7534505 0.0020097 0.6569022
73.048810 -0.2665477 0.0733872 -7.2328010 0.0224199 0.7049847 0.0074279 0.7088291
73.256690 -0.2273803 0.0718639 -7.2252212 0.0133581 0.6526567 0.0131908 0.7574211
73.360680 -0.2083317 0.0707447 -7.2187605 0.0086998 0.6250744 0.0145235 0.7803816
73.464560 -0.1887524 0.0705834 -7.2112460 0.0072324 0.5961695 0.0152431 0.8026813
73.568560 -0.1695697 0.0701979 -7.2021756 0.0063592 0.5664545 0.0160372 0.8239124
73.776440 -0.1306551 0.0703413 -7.1787562 0.0029945 0.5049885 0.0193672 0.8629035
73.984440 -0.0931427 0.0699026 -7.1480532 -0.0003131 0.4417789 0.0203888 0.8968922
74.088440 -0.0757709 0.0697563 -7.1299086 -0.0002999 0.4107029 0.0194639 0.9115614
74.296560 -0.0413933 0.0699151 -7.0891790 0.0034162 0.3494615 0.0200354 0.9367303
74.504810 -0.0102050 0.0699797 -7.0402279 0.0029627 0.2888779 0.0202577 0.9571470
74.608810 0.0036664 0.0694304 -7.0139198 0.0015703 0.2571876 0.0200586 0.9661520
74.816930 0.0271597 0.0687543 -6.9550204 0.0000316 0.1941225 0.0204169 0.9807648
74.921080 0.0368996 0.0686088 -6.9227147 -0.0005816 0.1651845 0.0195754 0.9860682
75.025200 0.0450668 0.0684008 -6.8890305 -0.0003687 0.1388878 0.0166885 0.9901674
75.233810 0.0580746 0.0679744 -6.8175230 0.0002869 0.0949297 0.0113874 0.9954188
75.442560 0.0681731 0.0675054 -6.7398648 -0.0009273 0.0593416 0.0113009 0.9981734
75.651310 0.0726998 0.0667634 -6.6568775 -0.0014469 0.0310967 0.0091703 0.9994733
75.860220 0.0741782 0.0663904 -6.5697970 -0.0004726 0.0123835 0.0038721 0.9999157
76.069190 0.0741363 0.0664375 -6.4787560 0.0004038 0.0058342 -0.0002121 0.9999829
76.278060 0.0746786 0.0654502 -6.3836040 -0.0007176 0.0047779 0.0002785 0.9999883
76.486810 0.0752409 0.0647598 -6.2843637 -0.0010220 0.0030850 0.0010531 0.9999942
76.695310 0.0748540 0.0643484 -6.1819983 -0.0013470 0.0010591 0.0010107 0.9999980
76.903560 0.0741919 0.0638233 -6.0756946 -0.0029797 -0.0008481 0.0016071 0.9999939
77.111810 0.0730192 0.0633607 -5.9657536 -0.0017085 -0.0021718 0.0019276 0.9999943
77.320060 0.0718786 0.0631050 -5.8524156 -0.0013910 -0.0030828 0.0017636 0.9999927
77.528190 0.0701462 0.0625575 -5.7365775 -0.0004147 -0.0029653 0.0013988 0.9999945
77.736190 0.0684394 0.0615182 -5.6169534 -0.0010099 -0.0019189 0.0010736 0.9999971
77.944210 0.0678912 0.0607778 -5.4949799 0.0019291 -0.0002251 0.0005635 0.9999980
78.152070 0.0670354 0.0583449 -5.3704538 0.0031683 0.0015359 0.0014856 0.9999927
78.359820 0.0661736 0.0560694 -5.2427087 0.0026806 0.0012666 0.0026545 0.9999921
78.567580 0.0653179 0.0533154 -5.1132646 0.0044608 -0.0004529 0.0025291 0.9999868
78.775190 0.0645918 0.0517101 -4.9821925 0.0033939 -0.0033683 0.0026587 0.9999850
78.982940 0.0630926 0.0491943 -4.8485293 0.0038798 -0.0046760 0.0025593 0.9999782
79.190690 0.0609166 0.0467854 -4.7135901 0.0049805 -0.0055577 0.0028249 0.9999682
79.294440 0.0601571 0.0451617 -4.6457100 0.0047167 -0.0062940 0.0018319 0.9999674
79.502200 0.0576335 0.0424237 -4.5064349 0.0026606 -0.0059243 0.0009768 0.9999784
79.606060 0.0563160 0.0415032 -4.4357672 0.0019676 -0.0056824 0.0010450 0.9999813
79.709940 0.0551149 0.0406655 -4.3643866 0.0005190 -0.0053957 0.0013011 0.9999844
79.813820 0.0538100 0.0399664 -4.2934856 -0.0024314 -0.0050942 0.0009969 0.9999835
79.917560 0.0527280 0.0400087 -4.2218313 -0.0048132 -0.0048930 0.0008888 0.9999760
80.021460 0.0514160 0.0394983 -4.1502404 -0.0063757 -0.0048384 0.0000440 0.9999680
80.125190 0.0504190 0.0393532 -4.0793943 -0.0071640 -0.0050002 -0.0006227 0.9999616
80.228940 0.0498191 0.0390305 -4.0089669 -0.0075503 -0.0052573 -0.0003638 0.9999576
80.332810 0.0486663 0.0388477 -3.9385374 -0.0064359 -0.0053420 0.0000686 0.9999650
80.436670 0.0479435 0.0385804 -3.8689902 -0.0053513 -0.0051860 0.0002169 0.9999722
80.540440 0.0463758 0.0376906 -3.8003089 -0.0056681 -0.0044728 0.0011245 0.9999733
80.644320 0.0459202 0.0374241 -3.7317224 -0.0067226 -0.0041141 0.0010285 0.9999684
80.748100 0.0452885 0.0367690 -3.6632590 -0.0066451 -0.0037448 0.0014525 0.9999698
80.851960 0.0446364 0.0365752 -3.5946302 -0.0057821 -0.0033966 0.0010291 0.9999770
80.955700 0.0435884 0.0359902 -3.5261283 -0.0059912 -0.0030574 0.0016005 0.9999761
81.059440 0.0427489 0.0355339 -3.4565265 -0.0066515 -0.0026183 0.0018873 0.9999726
81.163210 0.0423471 0.0348743 -3.3873255 -0.0080501 -0.0023829 0.0021638 0.9999624
81.266940 0.0416183 0.0350416 -3.3186338 -0.0085313 -0.0023624 0.0023668 0.9999580
81.474570 0.0402129 0.0350598 -3.1811423 -0.0055793 -0.0028453 0.0021754 0.9999780
81.682070 0.0382205 0.0334770 -3.0441630 -0.0055772 -0.0034284 0.0001854 0.9999785
81.889700 0.0369629 0.0333966 -2.9076402 -0.0046145 -0.0038033 0.0009040 0.9999817
82.097310 0.0343144 0.0323631 -2.7729824 -0.0063363 -0.0043797 0.0021577 0.9999680
82.304840 0.0327779 0.0320622 -2.6375263 -0.0037219 -0.0056029 0.0020507 0.9999753
82.512440 0.0305665 0.0309177 -2.5043964 -0.0065067 -0.0068490 0.0022947 0.9999527
82.719960 0.0279498 0.0303464 -2.3712935 -0.0058453 -0.0078786 0.0017411 0.9999503
82.823820 0.0264465 0.0296350 -2.3050325 -0.0058250 -0.0079132 0.0014709 0.9999506
83.031440 0.0235303 0.0283697 -2.1736012 -0.0057279 -0.0080965 0.0011353 0.9999502
83.238940 0.0215189 0.0269869 -2.0419016 -0.0056038 -0.0078221 0.0019575 0.9999518
83.446570 0.0210170 0.0261203 -1.9110216 -0.0056529 -0.0080429 0.0027415 0.9999479
83.654320 0.0169042 0.0251878 -1.7835042 -0.0063829 -0.0065020 0.0032648 0.9999532
83.758190 0.0158033 0.0249449 -1.7188824 -0.0056615 -0.0061587 0.0027455 0.9999613
83.862070 0.0138077 0.0244552 -1.6545669 -0.0045648 -0.0052907 0.0028147 0.9999716
83.965950 0.0128613 0.0241305 -1.5906503 -0.0043357 -0.0049387 0.0016916 0.9999770
84.173690 0.0107473 0.0217847 -1.4631975 -0.0066262 -0.0041681 0.0009007 0.9999689
84.381590 0.0079033 0.0220135 -1.3379941 -0.0053733 -0.0024633 0.0002710 0.9999825
84.693200 0.0050349 0.0199446 -1.1523988 -0.0055237 -0.0000076 0.0006187 0.9999846
84.900940 0.0040104 0.0184390 -1.0291991 -0.0007990 0.0015371 -0.0004546 0.9999984
85.108710 0.0031854 0.0161277 -0.9069858 0.0008737 0.0028366 -0.0008468 0.9999952
85.316330 0.0019000 0.0142304 -0.7870151 0.0001206 0.0036363 -0.0005833 0.9999932
85.627820 0.0008268 0.0109139 -0.6064897 -0.0001202 0.0040649 0.0010475 0.9999912
85.835320 0.0010528 0.0081621 -0.4861114 -0.0005997 0.0029805 0.0008605 0.9999950
86.042820 0.0001610 0.0062128 -0.3670387 -0.0013816 0.0019807 0.0004483 0.9999970
86.250460 -0.0000732 0.0042653 -0.2475923 -0.0008363 0.0007199 0.0015515 0.9999982
86.458070 -0.0065576 0.0040634 -0.1243774 0.0013729 0.0043197 0.0007457 0.9999894
86.665690 -0.0014172 0.0001567 -0.0015501 -0.0001944 0.0010986 0.0009261 0.9999989
86.873200 -0.0015682 -0.0022330 0.1278302 -0.0000125 0.0006003 0.0005041 0.9999997
87.184570 -0.0083587 -0.0081263 0.3457625 0.0003073 -0.0000699 0.0020401 0.9999979
91.543700 -0.0228511 -0.0408209 2.8209236 -0.0060820 -0.0109011 0.0011379 0.9999214
91.751210 -0.0255933 -0.0417425 2.9290178 -0.0058262 -0.0116951 0.0023238 0.9999120
94.761580 -0.0421075 -0.0582525 4.2948713 0.0012577 -0.0010160 0.0046338 0.9999880
97.568330 -0.0441819 -0.0780249 5.4879785 -0.0000161 0.0331973 -0.0098191 0.9994006
97.879840 -0.0348420 -0.0798180 5.6315594 0.0011482 0.0314440 -0.0043573 0.9994954
98.191080 -0.0260904 -0.0814843 5.7787724 -0.0006914 0.0238847 0.0027788 0.9997106
99.228960 -0.0196072 -0.0877026 6.2906675 0.0050823 -0.0020353 0.0029466 0.9999807
99.540330 -0.0218810 -0.0912474 6.4503555 0.0044020 -0.0042302 0.0019375 0.9999795
101.719800 -0.0458053 -0.1149802 7.5517044 -0.0012065 -0.0044291 0.0000370 0.9999894
101.927300 -0.0472980 -0.1166417 7.6542959 0.0012660 -0.0028337 -0.0013529 0.9999943
107.119000 -0.0796862 -0.1572743 9.6269770 0.0007393 0.0014141 -0.0007419 0.9999985
107.327000 -0.0796186 -0.1581577 9.6780148 0.0000529 0.0037124 -0.0005612 0.9999930
107.535000 -0.0792541 -0.1592337 9.7287683 0.0020827 0.0043917 -0.0005626 0.9999880
107.742800 -0.0791427 -0.1604308 9.7794905 0.0047332 0.0049524 -0.0003724 0.9999765
111.070800 -0.0585885 -0.1805885 10.6650305 0.0046900 0.0199667 0.0004540 0.9997895
111.694700 -0.0543602 -0.1853580 10.8466234 0.0039383 0.0124414 -0.0029873 0.9999104
112.006600 -0.0532132 -0.1875126 10.9368410 0.0028535 0.0094850 -0.0033644 0.9999453
112.318600 -0.0524966 -0.1896065 11.0257473 0.0033113 0.0074008 -0.0026122 0.9999637
112.630600 -0.0524334 -0.1917801 11.1111727 0.0029146 0.0059354 -0.0038169 0.9999709
112.942600 -0.0524094 -0.1943278 11.1909342 0.0064129 0.0056843 -0.0072558 0.9999369
113.254600 -0.0521605 -0.1968084 11.2683258 0.0074445 0.0067536 -0.0097730 0.9999017
113.566600 -0.0517057 -0.1992884 11.3441362 0.0074872 0.0089566 -0.0117267 0.9998631
113.878500 -0.0505887 -0.2015979 11.4175043 0.0043612 0.0085643 -0.0104350 0.9998994
114.190300 -0.0501900 -0.2035711 11.4911566 0.0027047 0.0066902 -0.0086573 0.9999365
