0.000000 -0.0000000 -0.0000000 0.0000000 -0.0000000 0.0000000 0.0000000 1.0000000
0.519499 -0.0041701 -0.0005589 0.0451659 0.0016834 -0.0213231 -0.0010573 0.9997706
0.623377 -0.0061311 -0.0004686 0.0564366 0.0022008 -0.0280947 -0.0009957 0.9996024
0.830874 -0.0104942 -0.0007883 0.0819543 0.0021040 -0.0457372 -0.0002470 0.9989513
1.245873 -0.0286935 -0.0024991 0.1417659 0.0041642 -0.0917844 -0.0039490 0.9957623
1.764374 -0.0668623 -0.0040149 0.2246421 0.0046080 -0.1699734 -0.0090935 0.9853959
1.868002 -0.0766322 -0.0041362 0.2412796 0.0047799 -0.1874580 -0.0103210 0.9822068
2.282875 -0.1234897 -0.0044575 0.3078178 0.0048148 -0.2646926 -0.0079090 0.9642884
2.697329 -0.1917434 -0.0065608 0.3696447 0.0022469 -0.3624047 -0.0131855 0.9319248
2.904641 -0.2343854 -0.0059560 0.4006089 0.0000450 -0.4156471 -0.0082523 0.9094886
3.112001 -0.2848347 -0.0057625 0.4287503 -0.0028751 -0.4684598 -0.0067849 0.8834541
3.319374 -0.3419881 -0.0048661 0.4515475 -0.0048083 -0.5210359 -0.0067573 0.8534945
3.526893 -0.4064158 -0.0045400 0.4685810 -0.0071340 -0.5713568 -0.0076958 0.8206347
3.734395 -0.4780191 -0.0042415 0.4810548 -0.0114956 -0.6171411 -0.0074744 0.7867330
3.942122 -0.5566829 -0.0038194 0.4865139 -0.0117126 -0.6558098 -0.0081230 0.7547916
4.150266 -0.6415796 -0.0012092 0.4865879 -0.0096698 -0.6857734 -0.0087349 0.7276985
4.358512 -0.7315576 0.0001613 0.4829078 -0.0078077 -0.7094468 -0.0067741 0.7046832
4.462646 -0.7796900 0.0008783 0.4788715 -0.0069512 -0.7186810 -0.0062767 0.6952769
4.671250 -0.8773776 0.0022488 0.4701363 -0.0057003 -0.7315781 -0.0055174 0.6817115
4.879959 -0.9836839 0.0040838 0.4587272 -0.0060808 -0.7392358 -0.0058995 0.6733934
4.984250 -1.0377059 0.0042881 0.4519709 -0.0057121 -0.7414181 -0.0073173 0.6709793
5.088502 -1.0925968 0.0046199 0.4459692 -0.0062615 -0.7429812 -0.0076242 0.6692396
5.192878 -1.1508640 0.0056115 0.4392430 -0.0071291 -0.7433890 -0.0071505 0.6687831
5.297154 -1.2102703 0.0072004 0.4329806 -0.0084454 -0.7431161 -0.0069407 0.6690732
5.505749 -1.3320726 0.0082643 0.4202405 -0.0083124 -0.7420545 -0.0089662 0.6702280
5.714253 -1.4601680 0.0102773 0.4063984 -0.0067656 -0.7410421 -0.0087097 0.6713680
5.922523 -1.5938423 0.0125940 0.3933568 -0.0086847 -0.7397889 -0.0111622 0.6726904
6.130876 -1.7323012 0.0144305 0.3796777 -0.0083616 -0.7385409 -0.0126022 0.6740390
6.339025 -1.8756529 0.0177076 0.3665394 -0.0060094 -0.7375188 -0.0122725 0.6751884
6.547271 -2.0217414 0.0198610 0.3536732 -0.0092619 -0.7365789 -0.0121379 0.6761793
6.755380 -2.1705670 0.0220915 0.3408827 -0.0085514 -0.7359482 -0.0107688 0.6768982
6.963378 -2.3213766 0.0239386 0.3283278 -0.0063057 -0.7360048 -0.0047363 0.6769304
7.171256 -2.4768245 0.0250743 0.3145918 -0.0092716 -0.7361495 -0.0076723 0.6767119
7.379272 -2.6329024 0.0269582 0.3004901 -0.0123639 -0.7363325 -0.0134600 0.6763730
7.587271 -2.7885408 0.0295320 0.2855096 -0.0107059 -0.7364654 -0.0129122 0.6762672
7.795131 -2.9442539 0.0320998 0.2708436 -0.0095705 -0.7366213 -0.0130143 0.6761126
8.003004 -3.0980179 0.0337116 0.2569284 -0.0094768 -0.7365777 -0.0139268 0.6761431
8.211004 -3.2507043 0.0357697 0.2434089 -0.0053928 -0.7364709 -0.0113156 0.6763530
8.418880 -3.4060795 0.0369053 0.2295918 -0.0069451 -0.7361332 -0.0120421 0.6766939
8.626899 -3.5587234 0.0389155 0.2163667 -0.0110336 -0.7356466 -0.0154913 0.6770985
8.834756 -3.7114434 0.0421713 0.2031623 -0.0121395 -0.7356589 -0.0165424 0.6770413
9.146631 -3.9390478 0.0456301 0.1822165 -0.0064049 -0.7354044 -0.0144989 0.6774430
9.458529 -4.1659856 0.0486564 0.1621037 -0.0046197 -0.7362689 -0.0107076 0.6765887
9.666385 -4.3161187 0.0495501 0.1487606 -0.0069918 -0.7371641 -0.0097853 0.6756067
9.874249 -4.4668727 0.0509982 0.1354859 -0.0118436 -0.7384400 -0.0118847 0.6741104
10.082130 -4.6137176 0.0524246 0.1204437 -0.0090456 -0.7392842 -0.0113736 0.6732368
10.290010 -4.7592216 0.0544785 0.1040631 -0.0042758 -0.7400741 -0.0126537 0.6723927
10.497760 -4.9043865 0.0553542 0.0890270 -0.0047046 -0.7407656 -0.0142354 0.6715962
10.809650 -5.1179051 0.0579195 0.0673038 -0.0047366 -0.7416230 -0.0148709 0.6706354
11.017510 -5.2576122 0.0605999 0.0534067 -0.0071913 -0.7418442 -0.0171690 0.6703138
11.433260 -5.5319762 0.0647284 0.0234044 -0.0064683 -0.7423639 -0.0153032 0.6697908
11.953260 -5.8457580 0.0675416 -0.0067645 -0.0042098 -0.7379388 -0.0150642 0.6746864
12.473910 -6.1244826 0.0698149 -0.0209058 -0.0045715 -0.7170992 -0.0192867 0.6966892
13.204380 -6.4369869 0.0737197 0.0186762 -0.0073489 -0.6302434 -0.0165658 0.7761861
13.622130 -6.5787945 0.0743386 0.0834193 -0.0110242 -0.5449693 -0.0040687 0.8383737
13.935130 -6.6775932 0.0762404 0.1519592 -0.0141581 -0.4738518 0.0003920 0.8804907
14.247880 -6.7606630 0.0762847 0.2350810 -0.0123768 -0.4007795 0.0071349 0.9160631
14.456380 -6.8097854 0.0761917 0.2982590 -0.0016977 -0.3473350 0.0069470 0.9377139
14.664880 -6.8584528 0.0763685 0.3742912 0.0010737 -0.2909677 0.0071648 0.9567055
14.769010 -6.8802538 0.0755841 0.4159544 0.0025705 -0.2630147 0.0058875 0.9647704
14.977150 -6.9198713 0.0733959 0.5071933 0.0021202 -0.2126681 0.0020419 0.9771200
15.081160 -6.9387741 0.0732548 0.5552390 0.0035026 -0.1904616 -0.0004507 0.9816883
15.288760 -6.9725037 0.0720010 0.6602094 0.0021316 -0.1556521 -0.0029361 0.9878053
15.496190 -7.0028849 0.0707292 0.7740535 0.0001997 -0.1321600 -0.0024657 0.9912253
15.703610 -7.0320272 0.0698759 0.8950995 -0.0015454 -0.1150442 -0.0061174 0.9933403
16.014760 -7.0700617 0.0684207 1.0869530 -0.0019140 -0.0949100 -0.0071171 0.9954585
16.118550 -7.0819035 0.0683389 1.1542289 -0.0021512 -0.0874644 -0.0074409 0.9961376
16.326140 -7.1036525 0.0667587 1.2937332 -0.0011239 -0.0739318 -0.0085837 0.9972257
16.533760 -7.1224823 0.0652214 1.4366885 0.0044902 -0.0635620 -0.0083025 0.9979333
16.741260 -7.1405449 0.0640257 1.5863075 0.0016089 -0.0561754 -0.0088268 0.9983806
16.948890 -7.1579366 0.0618531 1.7377495 -0.0043548 -0.0516053 -0.0108489 0.9985991
17.156420 -7.1734982 0.0603306 1.8870987 -0.0034377 -0.0482391 -0.0103374 0.9987764
17.364000 -7.1871967 0.0589614 2.0368071 -0.0058401 -0.0456894 -0.0086529 0.9989011
17.467890 -7.1942201 0.0587242 2.1122239 -0.0068007 -0.0441472 -0.0073013 0.9989752
17.675510 -7.2070823 0.0577066 2.2598550 -0.0012550 -0.0420666 -0.0085376 0.9990776
17.883140 -7.2204342 0.0549956 2.4072363 0.0046189 -0.0404669 -0.0094738 0.9991253
18.090880 -7.2339287 0.0515981 2.5550389 0.0018027 -0.0381364 -0.0116572 0.9992029
18.298510 -7.2457719 0.0490306 2.7027051 -0.0016262 -0.0357383 -0.0123088 0.9992841
18.506260 -7.2557445 0.0474542 2.8490078 -0.0015442 -0.0346030 -0.0101282 0.9993486
18.713910 -7.2657657 0.0451870 2.9945650 -0.0000724 -0.0337600 -0.0087844 0.9993914
18.921640 -7.2764549 0.0430620 3.1429920 -0.0007162 -0.0329453 -0.0099773 0.9994071
19.129390 -7.2867708 0.0415992 3.2933416 -0.0001482 -0.0338432 -0.0096255 0.9993808
19.337010 -7.2996273 0.0392770 3.4461596 -0.0003418 -0.0361494 -0.0093817 0.9993023
19.544760 -7.3127275 0.0376005 3.6010299 0.0025067 -0.0389483 -0.0115108 0.9991718
19.752390 -7.3264551 0.0351274 3.7573590 0.0050020 -0.0412098 -0.0114813 0.9990720
20.064010 -7.3481989 0.0303062 3.9967022 0.0030360 -0.0443026 -0.0105568 0.9989578
20.271890 -7.3635941 0.0283271 4.1612768 -0.0011220 -0.0454148 -0.0096096 0.9989213
20.479750 -7.3791609 0.0260189 4.3255472 -0.0023687 -0.0440752 -0.0112249 0.9989623
20.687510 -7.3936019 0.0245866 4.4913659 -0.0004872 -0.0424370 -0.0101565 0.9990474
20.895390 -7.4071522 0.0224772 4.6587796 0.0003523 -0.0406787 -0.0075774 0.9991435
21.103270 -7.4198709 0.0206603 4.8268790 -0.0021873 -0.0399412 -0.0051900 0.9991862
21.311120 -7.4333820 0.0174099 4.9928265 -0.0007855 -0.0390362 -0.0057283 0.9992211
21.622900 -7.4531994 0.0125329 5.2362103 0.0079269 -0.0380505 -0.0101143 0.9991932
21.934640 -7.4716883 0.0059543 5.4790454 0.0007479 -0.0378829 -0.0080462 0.9992495
22.142620 -7.4842229 0.0031952 5.6386356 -0.0020016 -0.0397328 -0.0064884 0.9991873
22.454390 -7.5036182 -0.0012320 5.8725300 0.0014372 -0.0435561 -0.0041998 0.9990411
22.662270 -7.5186720 -0.0041820 6.0255871 0.0051309 -0.0473320 -0.0056649 0.9988500
22.870160 -7.5346775 -0.0083747 6.1765671 0.0073759 -0.0505937 -0.0093968 0.9986479
23.078010 -7.5521288 -0.0126531 6.3255844 0.0036154 -0.0545037 -0.0125609 0.9984280
23.181990 -7.5614753 -0.0142293 6.3993740 0.0008734 -0.0564127 -0.0125514 0.9983283
23.389770 -7.5793662 -0.0164994 6.5456061 -0.0013545 -0.0624079 -0.0117564 0.9979805
23.493760 -7.5895271 -0.0175317 6.6175652 -0.0033569 -0.0652171 -0.0105324 0.9978099
23.701510 -7.6111083 -0.0194324 6.7584829 -0.0025524 -0.0716205 -0.0129763 0.9973443
23.805540 -7.6225567 -0.0199546 6.8286471 -0.0004716 -0.0745753 -0.0138610 0.9971189
24.013390 -7.6453638 -0.0222801 6.9677100 0.0016133 -0.0803772 -0.0144501 0.9966584
24.221270 -7.6700053 -0.0236978 7.1064906 -0.0027845 -0.0859555 -0.0154153 0.9961758
24.325140 -7.6829643 -0.0252352 7.1750979 -0.0040456 -0.0890281 -0.0148407 0.9959103
24.533020 -7.7092934 -0.0262967 7.3084497 0.0015289 -0.0969578 -0.0128582 0.9952043
24.740760 -7.7379751 -0.0282330 7.4425850 0.0009551 -0.1071081 -0.0113881 0.9941817
24.948510 -7.7710056 -0.0287096 7.5747857 -0.0056543 -0.1188054 -0.0117015 0.9928325
25.156270 -7.8065586 -0.0303683 7.7043533 -0.0049130 -0.1303221 -0.0136239 0.9913659
25.467890 -7.8649440 -0.0310412 7.8960657 -0.0001298 -0.1490362 -0.0124012 0.9887540
25.675640 -7.9075556 -0.0321738 8.0244560 -0.0063706 -0.1613197 -0.0121562 0.9868068
25.987390 -7.9768353 -0.0335646 8.2110300 -0.0001204 -0.1783860 -0.0090719 0.9839188
26.195270 -8.0258121 -0.0350431 8.3357611 0.0037682 -0.1862828 -0.0077206 0.9824586
26.507020 -8.1049442 -0.0377856 8.5226059 -0.0002223 -0.1987347 -0.0098219 0.9800041
26.714890 -8.1611738 -0.0389897 8.6474638 -0.0067695 -0.2055137 -0.0145505 0.9785227
26.922890 -8.2188530 -0.0394757 8.7693100 -0.0007341 -0.2114375 -0.0173179 0.9772378
27.130890 -8.2762346 -0.0403581 8.8920650 0.0028768 -0.2161826 -0.0144694 0.9762415
27.338640 -8.3367710 -0.0420033 9.0150146 -0.0011841 -0.2213906 -0.0181232 0.9750161
27.650520 -8.4272346 -0.0443984 9.1971207 0.0060449 -0.2294834 -0.0155902 0.9731689
27.858410 -8.4907246 -0.0468718 9.3174915 0.0049659 -0.2339650 -0.0173601 0.9720773
28.170020 -8.5857754 -0.0501927 9.4972582 0.0040651 -0.2413129 -0.0175745 0.9702797
28.377890 -8.6501865 -0.0525136 9.6148567 0.0038581 -0.2458331 -0.0163936 0.9691659
28.585770 -8.7147827 -0.0546527 9.7308636 0.0039132 -0.2505808 -0.0174568 0.9679304
28.793670 -8.7792339 -0.0573887 9.8447447 0.0078284 -0.2555377 -0.0151275 0.9666491
29.001520 -8.8446207 -0.0597073 9.9558516 0.0073500 -0.2594933 -0.0151118 0.9655987
29.209390 -8.9090672 -0.0621857 10.0657825 -0.0018862 -0.2627672 -0.0158024 0.9647280
29.417270 -8.9717894 -0.0633932 10.1713552 -0.0046432 -0.2659711 -0.0133452 0.9638774
29.625020 -9.0323887 -0.0643294 10.2713976 -0.0017007 -0.2693932 -0.0119953 0.9629540
29.832900 -9.0904284 -0.0645785 10.3664322 -0.0010704 -0.2722407 -0.0104179 0.9621722
30.040770 -9.1469965 -0.0658087 10.4554720 -0.0023777 -0.2744915 -0.0101700 0.9615328
30.248520 -9.1979647 -0.0664053 10.5378189 -0.0030943 -0.2772495 -0.0081755 0.9607582
30.456270 -9.2459040 -0.0665437 10.6123333 -0.0003815 -0.2795280 -0.0081332 0.9601030
30.664040 -9.2896261 -0.0676803 10.6801910 0.0022188 -0.2830757 -0.0055978 0.9590787
31.079540 -9.3693829 -0.0696851 10.7961998 -0.0010889 -0.2948036 -0.0081899 0.9555222
31.390900 -9.4215708 -0.0707945 10.8675756 -0.0073338 -0.3063945 -0.0085415 0.9518381
31.598390 -9.4522343 -0.0709196 10.9076099 -0.0091949 -0.3190248 -0.0060320 0.9476826
31.805770 -9.4822311 -0.0716694 10.9410601 -0.0092655 -0.3361779 -0.0071395 0.9417259
32.116900 -9.5235958 -0.0714175 10.9819431 -0.0026501 -0.3677695 -0.0052247 0.9298986
32.428170 -9.5664272 -0.0712701 11.0155888 0.0028240 -0.3994876 -0.0107271 0.9166715
32.739270 -9.6114616 -0.0708297 11.0473442 -0.0005384 -0.4360017 -0.0092114 0.8998985
33.050400 -9.6601944 -0.0706638 11.0727654 -0.0027842 -0.4764792 -0.0149975 0.8790534
33.361650 -9.7105694 -0.0714081 11.0922251 -0.0036135 -0.5166785 -0.0213539 0.8559055
33.569020 -9.7458038 -0.0719216 11.1034803 -0.0027347 -0.5458502 -0.0202644 0.8376333
33.776420 -9.7879429 -0.0708942 11.1140385 -0.0003134 -0.5787730 -0.0184440 0.8152800
33.983650 -9.8373013 -0.0698920 11.1218338 -0.0000621 -0.6144705 -0.0176460 0.7887424
34.294770 -9.9223928 -0.0683850 11.1243229 -0.0001169 -0.6711325 -0.0160743 0.7411631
34.502140 -9.9855232 -0.0672020 11.1193571 -0.0034516 -0.7092661 -0.0164487 0.7047405
34.709660 -10.0524673 -0.0652624 11.1080484 -0.0074056 -0.7462587 -0.0154631 0.6654351
34.917150 -10.1254158 -0.0619080 11.0878744 -0.0093293 -0.7804765 -0.0152679 0.6249291
35.021020 -10.1634045 -0.0608325 11.0745697 -0.0109507 -0.7961488 -0.0147580 0.6048217
35.228670 -10.2427826 -0.0579019 11.0411997 -0.0146655 -0.8254850 -0.0122636 0.5641002
35.332520 -10.2835178 -0.0567658 11.0207062 -0.0167186 -0.8387356 -0.0112073 0.5441667
35.540420 -10.3666019 -0.0540640 10.9718056 -0.0192622 -0.8622816 -0.0098825 0.5059661
35.644400 -10.4096489 -0.0524125 10.9431772 0.0196202 0.8719795 0.0096682 -0.4890536
35.852770 -10.4979811 -0.0493968 10.8786144 0.0187154 0.8863125 0.0099076 -0.4626032
36.061290 -10.5924587 -0.0464988 10.8049517 0.0173630 0.8950443 0.0103555 -0.4455189
36.269900 -10.6912661 -0.0428969 10.7255335 0.0185356 0.9007810 0.0104145 -0.4337529
36.478420 -10.7951412 -0.0394404 10.6392536 0.0190242 0.9046505 0.0109508 -0.4255886
36.686900 -10.9021416 -0.0356002 10.5475140 0.0190554 0.9073182 0.0113412 -0.4198595
36.895150 -11.0153303 -0.0317986 10.4500694 0.0200991 0.9088879 0.0113649 -0.4164009
37.103550 -11.1322498 -0.0273869 10.3480396 0.0203840 0.9093041 0.0110631 -0.4154854
37.311780 -11.2547112 -0.0231068 10.2410202 0.0205059 0.9096699 0.0099637 -0.4147058
37.520030 -11.3817215 -0.0190247 10.1296043 0.0207269 0.9100239 0.0117729 -0.4138700
37.728150 -11.5120964 -0.0142715 10.0153589 0.0208617 0.9104697 0.0127305 -0.4128532
37.936280 -11.6448383 -0.0100883 9.8971844 0.0212006 0.9107640 0.0109088 -0.4122384
38.144280 -11.7821655 -0.0049486 9.7758312 0.0227919 0.9111428 0.0095290 -0.4113497
38.352280 -11.9228773 -0.0010398 9.6506557 0.0211139 0.9118018 0.0064630 -0.4100366
38.560150 -12.0666218 0.0020747 9.5212917 0.0185136 0.9120442 0.0053581 -0.4096388
38.768150 -12.2139130 0.0051572 9.3890476 0.0181621 0.9119903 0.0079209 -0.4097329
38.976020 -12.3618231 0.0081586 9.2566929 0.0202702 0.9120606 0.0094363 -0.4094455
39.183930 -12.5090694 0.0112310 9.1238070 0.0210325 0.9120923 0.0098819 -0.4093257
39.391750 -12.6574039 0.0160539 8.9914064 0.0206860 0.9122620 0.0105621 -0.4089481
39.599580 -12.8049488 0.0200595 8.8591776 0.0213654 0.9123744 0.0117494 -0.4086299
39.807870 -12.9523983 0.0245914 8.7266769 0.0216051 0.9127343 0.0108593 -0.4078374
40.015280 -13.0991449 0.0284697 8.5954676 0.0220098 0.9133186 0.0104376 -0.4065166
40.223030 -13.2438412 0.0325984 8.4631453 0.0215918 0.9137226 0.0100442 -0.4056403
40.430770 -13.3878965 0.0363856 8.3306837 0.0203854 0.9138719 0.0098477 -0.4053710
40.638670 -13.5313768 0.0396503 8.1985264 0.0182658 0.9136455 0.0109336 -0.4059541
40.846410 -13.6751232 0.0429758 8.0670767 0.0167068 0.9130670 0.0101748 -0.4073403
41.054600 -13.8198261 0.0465425 7.9376612 0.0183116 0.9124579 0.0105217 -0.4086251
41.262460 -13.9653044 0.0508521 7.8078222 0.0229535 0.9118206 0.0148066 -0.4096793
41.469820 -14.1096277 0.0558056 7.6787405 0.0225528 0.9116825 0.0135223 -0.4100530
41.677410 -14.2518024 0.0603648 7.5509624 0.0217532 0.9116449 0.0113519 -0.4102457
41.885060 -14.3943157 0.0645967 7.4242144 0.0228868 0.9117371 0.0133457 -0.4099189
42.092740 -14.5369081 0.0687841 7.2963371 0.0226720 0.9120730 0.0117413 -0.4092321
42.300170 -14.6777525 0.0730224 7.1700349 0.0235984 0.9123737 0.0143932 -0.4084240
42.507790 -14.8184385 0.0784574 7.0440989 0.0250909 0.9126622 0.0155540 -0.4076471
42.715290 -14.9547253 0.0839272 6.9212656 0.0249344 0.9130252 0.0136229 -0.4069123
42.922920 -15.0917330 0.0889299 6.7968755 0.0228536 0.9129096 0.0137321 -0.4072900
43.130550 -15.2272043 0.0941711 6.6737442 0.0213732 0.9126034 0.0139932 -0.4080471
43.338330 -15.3628178 0.0988999 6.5521560 0.0213518 0.9123325 0.0142466 -0.4086447
43.545910 -15.4964886 0.1025333 6.4313970 0.0200096 0.9120672 0.0135856 -0.4093269
43.753650 -15.6309900 0.1068704 6.3123074 0.0221236 0.9118026 0.0133121 -0.4098161
43.961280 -15.7628250 0.1111737 6.1963301 0.0220316 0.9117600 0.0119727 -0.4099573
44.169050 -15.8916836 0.1149402 6.0822878 0.0218242 0.9114651 0.0087504 -0.4107049
44.376660 -16.0171909 0.1169721 5.9703803 0.0207172 0.9112619 0.0106292 -0.4111686
44.584310 -16.1403236 0.1199029 5.8618770 0.0202416 0.9113744 0.0103056 -0.4109510
44.792180 -16.2588291 0.1222968 5.7572403 0.0201736 0.9113745 0.0102035 -0.4109567
44.999710 -16.3736916 0.1248646 5.6550260 0.0194033 0.9114184 0.0105347 -0.4108879
45.207330 -16.4864960 0.1270843 5.5543880 0.0202336 0.9114495 0.0117752 -0.4107454
45.415240 -16.5968285 0.1299625 5.4573908 0.0217515 0.9115512 0.0132537 -0.4103970
45.726540 -16.7543411 0.1342713 5.3183784 0.0244684 0.9119297 0.0131315 -0.4094058
46.038180 -16.9002533 0.1381941 5.1863766 0.0260594 0.9129733 0.0119240 -0.4070115
46.557220 -17.1187592 0.1447823 4.9761772 0.0317308 0.9222617 0.0085226 -0.3851674
46.868310 -17.2335205 0.1475719 4.8512468 0.0367390 0.9332260 0.0066486 -0.3573447
47.282920 -17.3553638 0.1508097 4.6792979 0.0338318 0.9532349 0.0098336 -0.3001699
47.490160 -17.4028511 0.1533048 4.5926356 0.0334280 0.9643795 0.0109596 -0.2621731
47.801160 -17.4510098 0.1538427 4.4647536 0.0214325 0.9805678 0.0119390 -0.1946408
48.112290 -17.4805813 0.1527358 4.3330960 0.0132585 0.9922554 0.0098013 -0.1231152
48.319780 -17.4909039 0.1538161 4.2433667 0.0129739 0.9972018 0.0106051 -0.0728545
48.527420 -17.4893036 0.1548264 4.1528234 0.0044371 0.9996336 0.0151143 -0.0220123
48.631190 -17.4856529 0.1549283 4.1081481 0.0033161 0.9998417 0.0170788 0.0037212
48.734910 -17.4803543 0.1560950 4.0639429 0.0053172 0.9994064 0.0165257 0.0297580
48.838780 -17.4735489 0.1562789 4.0205231 0.0095676 0.9982814 0.0159669 0.0555668
48.942530 -17.4636879 0.1558529 3.9780304 0.0117805 0.9965256 0.0151212 0.0810513
49.046410 -17.4517765 0.1558392 3.9365990 0.0124649 0.9941530 0.0143759 0.1062912
49.150280 -17.4372540 0.1566973 3.8958015 0.0121605 0.9911986 0.0128880 0.1311920
49.357910 -17.4040756 0.1586826 3.8156457 0.0155932 0.9831300 0.0120025 0.1818468
49.565780 -17.3610153 0.1590125 3.7374225 0.0149057 0.9737176 0.0123661 0.2269337
49.773780 -17.3115520 0.1591006 3.6597881 0.0143962 0.9637206 0.0166751 0.2660026
49.878030 -17.2851334 0.1592650 3.6215267 0.0163054 0.9590866 0.0184164 0.2820423
50.086410 -17.2275848 0.1596348 3.5472436 0.0153517 0.9508775 0.0192306 0.3085877
50.190690 -17.1970978 0.1603725 3.5099416 0.0146311 0.9475263 0.0186289 0.3187991
50.399300 -17.1330452 0.1612383 3.4335370 0.0135981 0.9425592 0.0176546 0.3332948
50.608030 -17.0655079 0.1620711 3.3560448 0.0118301 0.9393013 0.0153951 0.3425437
50.816730 -16.9953289 0.1635958 3.2756739 0.0133645 0.9370955 0.0147590 0.3485048
51.025280 -16.9220161 0.1639578 3.1930132 0.0140915 0.9357283 0.0140832 0.3521586
51.233800 -16.8439217 0.1643219 3.1078591 0.0107450 0.9350452 0.0122792 0.3541527
51.338030 -16.8038349 0.1652109 3.0625033 0.0117604 0.9348858 0.0131711 0.3545091
51.546400 -16.7217216 0.1648642 2.9684691 0.0147439 0.9350181 0.0139302 0.3540195
51.754650 -16.6346741 0.1649337 2.8720312 0.0136745 0.9352154 0.0079149 0.3537267
51.962780 -16.5438938 0.1649611 2.7687960 0.0156365 0.9354047 0.0062346 0.3531781
52.171030 -16.4469910 0.1641236 2.6609836 0.0111217 0.9355940 0.0072728 0.3528276
52.379030 -16.3458710 0.1638403 2.5479007 0.0089433 0.9354973 0.0078571 0.3531333
52.587160 -16.2402439 0.1647222 2.4283400 0.0079971 0.9355783 0.0112632 0.3528490
52.795150 -16.1303768 0.1648525 2.3043218 0.0051505 0.9353766 0.0100745 0.3534721
53.003160 -16.0182762 0.1655292 2.1790152 0.0073337 0.9351881 0.0097618 0.3539411
53.211180 -15.9027195 0.1668137 2.0475335 0.0085425 0.9352001 0.0143552 0.3537254
53.419160 -15.7848377 0.1671166 1.9148955 0.0112054 0.9351965 0.0133202 0.3537012
53.627040 -15.6638165 0.1683095 1.7776771 0.0144372 0.9351764 0.0108169 0.3537225
53.835050 -15.5405025 0.1681019 1.6383080 0.0134642 0.9354231 0.0112778 0.3530935
54.042910 -15.4152479 0.1680435 1.4981809 0.0125214 0.9356088 0.0141531 0.3525323
54.250800 -15.2926750 0.1684838 1.3564224 0.0179451 0.9356061 0.0175916 0.3521501
54.458660 -15.1695004 0.1693390 1.2149167 0.0194977 0.9355229 0.0231383 0.3519679
54.666410 -15.0468197 0.1718073 1.0743670 0.0212336 0.9354455 0.0257215 0.3518937
54.874290 -14.9252262 0.1729339 0.9365926 0.0231875 0.9358701 0.0177095 0.3511352
55.082040 -14.8047686 0.1729677 0.7995768 0.0234950 0.9362065 0.0176068 0.3502221
55.290780 -14.6839275 0.1732270 0.6607323 0.0230880 0.9364622 0.0194274 0.3494683
55.497680 -14.5664558 0.1730573 0.5262327 0.0201066 0.9382724 0.0188244 0.3447990
55.705670 -14.4545317 0.1732843 0.3908982 0.0197017 0.9417854 0.0185473 0.3351240
55.913810 -14.3465157 0.1751305 0.2502255 0.0214311 0.9470528 0.0210466 0.3196698
56.122050 -14.2457924 0.1761500 0.1091852 0.0228526 0.9540372 0.0238538 0.2978618
56.434670 -14.1129704 0.1812485 -0.1158023 0.0271028 0.9667367 0.0255552 0.2530465
56.747290 -14.0038681 0.1861625 -0.3460279 0.0317289 0.9781818 0.0163208 0.2046637
56.955550 -13.9424458 0.1863647 -0.5015845 0.0278871 0.9846039 0.0121324 0.1721346
57.163560 -13.8928728 0.1855713 -0.6618636 0.0276900 0.9889849 0.0113414 0.1449599
57.371290 -13.8510799 0.1863147 -0.8254848 0.0286155 0.9917295 0.0111031 0.1246213
57.579070 -13.8126049 0.1872838 -0.9928060 0.0269881 0.9939349 0.0148543 0.1055666
57.786690 -13.7815018 0.1891035 -1.1615767 0.0266423 0.9956264 0.0124616 0.0886735
57.994890 -13.7548237 0.1916749 -1.3339527 0.0312046 0.9965079 0.0127763 0.0763880
58.201850 -13.7305622 0.1952030 -1.5130318 0.0351331 0.9965904 0.0220301 0.0713293
58.409230 -13.7049475 0.2000063 -1.6924622 0.0327615 0.9967695 0.0206208 0.0703702
58.720450 -13.6600647 0.2046377 -1.9679304 0.0231685 0.9972025 0.0168991 0.0690279
58.927820 -13.6330223 0.2085641 -2.1564360 0.0210310 0.9971659 0.0186038 0.0697977
59.135420 -13.6049976 0.2132769 -2.3477042 0.0196144 0.9971159 0.0179452 0.0710854
59.343070 -13.5767956 0.2170411 -2.5398507 0.0181606 0.9971139 0.0159238 0.0719748
59.550680 -13.5469894 0.2199887 -2.7348490 0.0154167 0.9972371 0.0152709 0.0710447
59.654550 -13.5330343 0.2209630 -2.8316972 0.0144391 0.9972977 0.0155880 0.0703263
59.862460 -13.5035162 0.2227641 -3.0229950 0.0137610 0.9974242 0.0160032 0.0685535
59.965990 -13.4895086 0.2246081 -3.1183867 0.0139216 0.9974462 0.0168295 0.0680004
60.173450 -13.4622478 0.2280575 -3.3063667 0.0134841 0.9974909 0.0184550 0.0670029
60.381050 -13.4350519 0.2303815 -3.4929843 0.0130121 0.9975984 0.0166855 0.0659525
60.588540 -13.4084129 0.2323409 -3.6787157 0.0127186 0.9976731 0.0161699 0.0650016
60.797000 -13.3817701 0.2345761 -3.8635132 0.0119836 0.9978127 0.0173625 0.0626468
60.900200 -13.3684349 0.2356156 -3.9544091 0.0118432 0.9979180 0.0172729 0.0610011
61.003920 -13.3580246 0.2364976 -4.0430784 0.0112347 0.9980071 0.0168938 0.0597521
61.107700 -13.3465061 0.2382234 -4.1320033 0.0109354 0.9981179 0.0162526 0.0581121
61.315290 -13.3248358 0.2398476 -4.3069348 0.0100213 0.9982768 0.0178396 0.0549988
61.522950 -13.3068953 0.2429942 -4.4770575 0.0107382 0.9983814 0.0185197 0.0526910
61.730990 -13.2886038 0.2456850 -4.6466098 0.0109873 0.9985011 0.0177490 0.0505937
62.042070 -13.2641668 0.2489065 -4.8952060 0.0093654 0.9985957 0.0174976 0.0491210
62.249910 -13.2465973 0.2504826 -5.0568337 0.0087343 0.9986792 0.0140558 0.0486427
62.457420 -13.2299986 0.2525472 -5.2208591 0.0094577 0.9986480 0.0139466 0.0491748
62.665290 -13.2125320 0.2542292 -5.3827248 0.0111116 0.9985875 0.0149555 0.0497571
62.872800 -13.1955042 0.2556517 -5.5430903 0.0118833 0.9985187 0.0158023 0.0506901
63.080660 -13.1766558 0.2575030 -5.7026672 0.0114978 0.9985080 0.0152270 0.0511640
63.288240 -13.1590204 0.2581595 -5.8596020 0.0130964 0.9983836 0.0142813 0.0534286
63.495820 -13.1402626 0.2592389 -6.0156870 0.0122728 0.9982644 0.0132413 0.0560556
63.703640 -13.1218596 0.2601164 -6.1685963 0.0121424 0.9981804 0.0131055 0.0575906
63.911420 -13.1031666 0.2605532 -6.3181167 0.0106799 0.9981838 0.0151764 0.0573125
64.119460 -13.0849733 0.2618486 -6.4643803 0.0097659 0.9982577 0.0156915 0.0560356
64.327430 -13.0684834 0.2628731 -6.6049075 0.0084855 0.9984387 0.0157270 0.0529220
64.431450 -13.0640650 0.2627021 -6.6712513 0.0084989 0.9985509 0.0159116 0.0507027
64.639590 -13.0497913 0.2640533 -6.8052325 0.0099002 0.9989072 0.0162158 0.0427021
64.847590 -13.0403709 0.2648424 -6.9313817 0.0127804 0.9991654 0.0172815 0.0347360
65.263460 -13.0301981 0.2676679 -7.1609936 0.0152734 0.9995134 0.0175023 0.0208183
65.471470 -13.0271921 0.2684020 -7.2623854 0.0163377 0.9996048 0.0171950 0.0150910
65.679310 -13.0258551 0.2692201 -7.3539572 0.0181757 0.9996253 0.0176083 0.0104315
65.887300 -13.0237465 0.2707281 -7.4368734 0.0186402 0.9996296 0.0188272 0.0062190
66.095340 -13.0233316 0.2706909 -7.5106745 0.0196297 0.9996060 0.0197861 0.0033076
66.199080 -13.0237570 0.2719514 -7.5439210 0.0208711 0.9995872 0.0196060 0.0023121
66.303070 -13.0241537 0.2724787 -7.5747175 0.0214061 0.9995697 0.0199888 0.0016320
66.512930 -13.0241337 0.2730084 -7.6276846 0.0209383 0.9995577 0.0210678 0.0014621
66.926760 -13.0212603 0.2732345 -7.7063046 0.0174527 0.9996416 0.0196348 0.0051562
68.173980 -13.0121202 0.2760870 -7.8547602 0.0140859 0.9992961 0.0164015 0.0306585
69.630320 -13.0049496 0.2759292 -7.8836279 0.0129141 0.9987651 0.0153302 0.0454590
75.559590 -12.9987431 0.2758265 -7.9007463 0.0128626 0.9966311 0.0151081 0.0795777
76.598340 -12.9658060 0.2764442 -7.9707370 0.0117169 0.9859266 0.0145663 0.1661306
76.805830 -12.9519806 0.2769893 -7.9958119 0.0109327 0.9814684 0.0168839 0.1905656
77.220840 -12.9156122 0.2776625 -8.0517883 0.0127988 0.9682124 0.0212707 0.2488946
77.428190 -12.8908005 0.2780633 -8.0816050 0.0126229 0.9575734 0.0199031 0.2872244
77.635430 -12.8577480 0.2787053 -8.1163931 0.0116224 0.9429793 0.0176924 0.3321777
77.842690 -12.8144999 0.2793652 -8.1553717 0.0157331 0.9239696 0.0160003 0.3818070
78.050250 -12.7581539 0.2805648 -8.1961870 0.0166171 0.9025398 0.0142372 0.4300502
78.257840 -12.6889486 0.2811389 -8.2363853 0.0177141 0.8783596 0.0155977 0.4774174
78.465430 -12.6067371 0.2812900 -8.2737837 0.0163791 0.8514246 0.0194170 0.5238615
78.673060 -12.5140533 0.2821232 -8.3074837 0.0177659 0.8209326 0.0251530 0.5701941
78.880800 -12.4084730 0.2829324 -8.3322182 0.0175551 0.7892423 0.0289432 0.6131482
78.984860 -12.3501778 0.2841074 -8.3426151 0.0176210 0.7733524 0.0297136 0.6330345
79.192960 -12.2260256 0.2847223 -8.3544178 0.0197352 0.7452757 0.0295319 0.6658096
79.401310 -12.0914259 0.2866648 -8.3595781 0.0206004 0.7244583 0.0265020 0.6885009
79.610070 -11.9458981 0.2859471 -8.3602629 0.0220508 0.7111007 0.0256869 0.7022747
79.818800 -11.7931376 0.2843415 -8.3568716 0.0245149 0.7009170 0.0256085 0.7123613
80.027420 -11.6310062 0.2818767 -8.3495932 0.0277148 0.6905729 0.0237786 0.7223403
80.131680 -11.5461740 0.2805804 -8.3442831 0.0268435 0.6860135 0.0222665 0.7267525
80.340300 -11.3713074 0.2763168 -8.3289900 0.0234742 0.6809628 0.0189081 0.7316974
80.548940 -11.1857758 0.2742526 -8.3114185 0.0221611 0.6801477 0.0177343 0.7325254
80.757320 -10.9921551 0.2712648 -8.2949772 0.0220296 0.6786968 0.0188142 0.7338470
80.965550 -10.7904940 0.2692235 -8.2768841 0.0225064 0.6754825 0.0185752 0.7367983
81.069680 -10.6860905 0.2666495 -8.2670832 0.0224748 0.6738193 0.0185735 0.7383207
81.277810 -10.4740658 0.2634920 -8.2463045 0.0214751 0.6698717 0.0193681 0.7419135
81.485930 -10.2567549 0.2603147 -8.2209854 0.0198386 0.6663840 0.0220650 0.7450180
81.798060 -9.9209032 0.2569979 -8.1802950 0.0205009 0.6666242 0.0204375 0.7448316
82.006180 -9.6917801 0.2528859 -8.1511030 0.0195719 0.6677315 0.0229098 0.7437921
82.318180 -9.3542900 0.2462657 -8.1085472 0.0193484 0.6692665 0.0246998 0.7423597
82.526180 -9.1298475 0.2419017 -8.0827637 0.0205412 0.6700764 0.0233301 0.7416410
82.838070 -8.7955399 0.2367419 -8.0451880 0.0188279 0.6710012 0.0243021 0.7408187
83.046050 -8.5735312 0.2335194 -8.0211611 0.0201665 0.6715196 0.0230868 0.7403525
83.253960 -8.3525276 0.2292430 -7.9982109 0.0190539 0.6716802 0.0228556 0.7402434
83.461930 -8.1313124 0.2264418 -7.9738050 0.0163384 0.6723202 0.0238894 0.7396945
83.669810 -7.9145761 0.2243482 -7.9508734 0.0162653 0.6725942 0.0215439 0.7395189
83.877560 -7.6965141 0.2205452 -7.9278073 0.0156020 0.6730077 0.0214013 0.7391611
84.085580 -7.4810009 0.2183166 -7.9058309 0.0160094 0.6732114 0.0222264 0.7389426
84.500970 -7.0533667 0.2118869 -7.8629518 0.0193558 0.6718794 0.0243272 0.7400078
84.708560 -6.8433142 0.2077436 -7.8404551 0.0185108 0.6695716 0.0248776 0.7420999
84.916060 -6.6355481 0.2045329 -7.8142877 0.0181240 0.6679118 0.0223119 0.7436851
85.123720 -6.4281487 0.2010824 -7.7895112 0.0174171 0.6662595 0.0223917 0.7451802
85.331180 -6.2256804 0.1960262 -7.7639308 0.0161030 0.6653579 0.0225526 0.7460101
85.435100 -6.1245360 0.1948778 -7.7513547 0.0156247 0.6649380 0.0225022 0.7463960
85.538870 -6.0238919 0.1929014 -7.7388406 0.0146943 0.6646972 0.0220293 0.7466434
85.642600 -5.9248533 0.1918816 -7.7258964 0.0142970 0.6649813 0.0218598 0.7464031
85.746450 -5.8262720 0.1903431 -7.7137804 0.0138211 0.6653284 0.0208282 0.7461322
85.850400 -5.7271881 0.1897387 -7.7020464 0.0137621 0.6659185 0.0204167 0.7456180
86.058060 -5.5323486 0.1863329 -7.6781349 0.0153051 0.6676450 0.0222333 0.7439903
86.161940 -5.4343109 0.1852223 -7.6678543 0.0169757 0.6683822 0.0230003 0.7432685
86.266420 -5.3376722 0.1836042 -7.6570158 0.0184149 0.6693841 0.0238414 0.7423055
86.473600 -5.1433973 0.1809219 -7.6381283 0.0180265 0.6707881 0.0254704 0.7409923
86.681310 -4.9507065 0.1789040 -7.6178393 0.0166254 0.6725895 0.0251406 0.7394017
86.889090 -4.7594190 0.1760093 -7.5983710 0.0171904 0.6743298 0.0229410 0.7378736
87.096690 -4.5700541 0.1735008 -7.5798907 0.0191430 0.6757613 0.0214922 0.7365584
87.304430 -4.3806076 0.1705845 -7.5637469 0.0188905 0.6761921 0.0220582 0.7361526
87.512180 -4.1919098 0.1678949 -7.5456691 0.0162537 0.6761429 0.0222511 0.7362550
87.823570 -3.9151852 0.1639064 -7.5182042 0.0118326 0.6756726 0.0180804 0.7368851
88.135050 -3.6384914 0.1610209 -7.4915447 0.0110926 0.6751277 0.0144180 0.7374765
88.446330 -3.3626757 0.1565085 -7.4650011 0.0099068 0.6743048 0.0202342 0.7381094
88.653930 -3.1818478 0.1547259 -7.4468527 0.0126033 0.6735919 0.0204706 0.7387124
88.965560 -2.9111254 0.1519213 -7.4191823 0.0148838 0.6732696 0.0187746 0.7390088
89.173320 -2.7313225 0.1492854 -7.4011788 0.0170142 0.6731548 0.0189705 0.7390624
89.485130 -2.4680557 0.1432253 -7.3739352 0.0195547 0.6740292 0.0209719 0.7381480
89.900710 -2.1183043 0.1376169 -7.3408175 0.0179879 0.6755041 0.0209402 0.7368393
90.212510 -1.8591499 0.1332557 -7.3167720 0.0159441 0.6768407 0.0219051 0.7356308
90.316520 -1.7734942 0.1315117 -7.3087702 0.0164287 0.6772285 0.0223705 0.7352491
90.524330 -1.6047208 0.1296359 -7.2945080 0.0163516 0.6777773 0.0220101 0.7347558
90.628220 -1.5211540 0.1287415 -7.2873325 0.0151096 0.6780598 0.0217795 0.7345286
90.732220 -1.4399674 0.1274363 -7.2801743 0.0145652 0.6784871 0.0215711 0.7341511
90.836200 -1.3599799 0.1265527 -7.2734766 0.0143585 0.6787817 0.0215403 0.7338836
91.044070 -1.2045345 0.1242959 -7.2603054 0.0121671 0.6790640 0.0215065 0.7336630
91.251940 -1.0580690 0.1232146 -7.2475252 0.0129648 0.6779262 0.0212889 0.7347072
91.459820 -0.9187571 0.1216045 -7.2359748 0.0124564 0.6751764 0.0199773 0.7372805
91.667690 -0.7860807 0.1197894 -7.2219357 0.0125743 0.6716852 0.0183429 0.7405028
91.875570 -0.6608398 0.1173010 -7.2067337 0.0148303 0.6657740 0.0182274 0.7457834
92.083700 -0.5433534 0.1145756 -7.1896329 0.0161670 0.6571312 0.0176870 0.7533952
92.291780 -0.4339855 0.1117089 -7.1692734 0.0164147 0.6472744 0.0179756 0.7618682
92.498710 -0.3338114 0.1094045 -7.1479897 0.0157595 0.6348367 0.0181886 0.7722714
92.706330 -0.2399803 0.1071251 -7.1227865 0.0146892 0.6197590 0.0148340 0.7845145
92.913890 -0.1510887 0.1048609 -7.0959501 0.0142927 0.6020162 0.0147372 0.7982199
93.121320 -0.0672150 0.1016209 -7.0642819 0.0136366 0.5814787 0.0134926 0.8133354
93.328690 0.0102799 0.0996950 -7.0287452 0.0159502 0.5548275 0.0111179 0.8317382
93.536240 0.0824902 0.0969262 -6.9884071 0.0180771 0.5204809 0.0121963 0.8535948
93.743290 0.1498563 0.0939389 -6.9414344 0.0163455 0.4766520 0.0127983 0.8788469
93.950650 0.2079947 0.0895448 -6.8881369 0.0154036 0.4307820 0.0084735 0.9022847
94.158110 0.2623615 0.0863835 -6.8305726 0.0183630 0.3827845 0.0099119 0.9236019
94.365720 0.3068712 0.0834464 -6.7665052 0.0136556 0.3354406 0.0034332 0.9419561
94.573250 0.3475463 0.0811124 -6.6981258 0.0082096 0.2858934 0.0015816 0.9582250
94.780820 0.3811417 0.0788066 -6.6243181 0.0016780 0.2369358 0.0022583 0.9715213
94.884790 0.3939831 0.0777704 -6.5843740 -0.0028290 0.2127072 -0.0030411 0.9771072
95.092440 0.4164748 0.0766793 -6.5050216 -0.0032329 0.1639907 -0.0050821 0.9864435
95.300440 0.4340703 0.0760435 -6.4222441 -0.0020796 0.1219399 -0.0050204 0.9925226
95.404570 0.4398216 0.0761177 -6.3793192 -0.0021586 0.1034711 -0.0080662 0.9945974
95.508570 0.4450676 0.0756866 -6.3357038 -0.0021202 0.0863252 -0.0108447 0.9962057
95.612820 0.4494909 0.0754122 -6.2909317 -0.0020758 0.0723659 -0.0115988 0.9973086
95.717080 0.4534003 0.0747987 -6.2451577 -0.0027376 0.0613644 -0.0121091 0.9980382
95.925440 0.4604431 0.0738515 -6.1500077 -0.0028713 0.0416569 -0.0110865 0.9990664
96.029700 0.4627753 0.0746640 -6.1004381 -0.0017973 0.0342623 -0.0106070 0.9993550
96.133950 0.4648803 0.0739671 -6.0494814 -0.0014275 0.0271217 -0.0109949 0.9995707
96.342320 0.4657546 0.0730775 -5.9421821 -0.0010543 0.0131888 -0.0111504 0.9998503
96.550570 0.4630108 0.0724546 -5.8284864 -0.0011406 -0.0004024 -0.0096837 0.9999524
96.758950 0.4596899 0.0712403 -5.7059073 -0.0002446 -0.0120063 -0.0098939 0.9998789
96.967200 0.4527642 0.0705688 -5.5772991 0.0011305 -0.0191707 -0.0105614 0.9997598
97.175570 0.4452419 0.0692285 -5.4434509 0.0014468 -0.0226846 -0.0101599 0.9996900
97.383810 0.4365360 0.0676544 -5.3030672 0.0000437 -0.0252754 -0.0093060 0.9996372
97.592070 0.4275369 0.0664301 -5.1594067 -0.0023207 -0.0283678 -0.0081888 0.9995613
97.800340 0.4182917 0.0645302 -5.0157351 -0.0045973 -0.0317692 -0.0069784 0.9994603
98.008320 0.4068455 0.0632614 -4.8721104 -0.0050583 -0.0349893 -0.0046990 0.9993638
98.216470 0.3950228 0.0624465 -4.7291455 -0.0048667 -0.0385243 -0.0039215 0.9992381
98.424320 0.3811578 0.0611718 -4.5864921 -0.0049829 -0.0405428 -0.0047448 0.9991541
98.632320 0.3673646 0.0606726 -4.4431620 -0.0046963 -0.0413233 -0.0052587 0.9991210
98.840320 0.3536281 0.0598190 -4.3002744 -0.0050436 -0.0414206 -0.0049779 0.9991167
99.048200 0.3402716 0.0589031 -4.1577325 -0.0061744 -0.0416203 -0.0046552 0.9991036
99.256070 0.3262449 0.0585983 -4.0162868 -0.0064821 -0.0413999 -0.0048048 0.9991100
99.464100 0.3121893 0.0580464 -3.8749104 -0.0058469 -0.0407536 -0.0050305 0.9991395
99.671950 0.2986792 0.0576287 -3.7345619 -0.0055508 -0.0393726 -0.0047845 0.9991977
99.879940 0.2861582 0.0576514 -3.5985754 -0.0057118 -0.0380481 -0.0037351 0.9992526
100.191800 0.2694426 0.0569082 -3.4039249 -0.0074141 -0.0361457 -0.0044171 0.9993092
100.399700 0.2596401 0.0555972 -3.2806902 -0.0048715 -0.0357484 -0.0030236 0.9993443
100.711600 0.2437771 0.0523129 -3.1001790 -0.0024480 -0.0348181 -0.0059331 0.9993731
101.023600 0.2297045 0.0500639 -2.9240732 -0.0008885 -0.0342155 -0.0070580 0.9993892
101.231500 0.2197704 0.0482842 -2.8091774 -0.0004174 -0.0342610 -0.0082893 0.9993784
101.543300 0.2059368 0.0457247 -2.6394382 -0.0010235 -0.0351167 -0.0077043 0.9993530
101.751200 0.1958155 0.0437682 -2.5279210 -0.0002465 -0.0363005 -0.0072152 0.9993148
101.959100 0.1863767 0.0425317 -2.4181795 0.0004433 -0.0379066 -0.0073348 0.9992543
102.166900 0.1758433 0.0409179 -2.3090689 0.0006159 -0.0395942 -0.0067036 0.9991932
102.374800 0.1656978 0.0395243 -2.2010202 0.0001987 -0.0414231 -0.0054264 0.9991269
102.686600 0.1507481 0.0361184 -2.0427537 -0.0014419 -0.0438919 -0.0061588 0.9990163
102.894400 0.1403098 0.0350489 -1.9401845 -0.0017578 -0.0448095 -0.0061673 0.9989750
103.102400 0.1297941 0.0334872 -1.8408345 -0.0018737 -0.0442519 -0.0069293 0.9989946
103.310300 0.1209064 0.0317526 -1.7461478 -0.0017429 -0.0429147 -0.0076464 0.9990479
103.518300 0.1132489 0.0306021 -1.6557431 -0.0013275 -0.0416029 -0.0072172 0.9991073
103.726300 0.1058532 0.0288741 -1.5688574 -0.0008683 -0.0403041 -0.0074999 0.9991589
103.934300 0.0977029 0.0277282 -1.4866610 -0.0008182 -0.0389252 -0.0077613 0.9992117
104.142300 0.0916066 0.0261276 -1.4088175 -0.0012063 -0.0379532 -0.0071937 0.9992529
104.455200 0.0830948 0.0243754 -1.3034135 -0.0026946 -0.0366842 -0.0080344 0.9992910
104.662200 0.0781205 0.0229163 -1.2433116 -0.0023975 -0.0357236 -0.0076591 0.9993295
104.870200 0.0735937 0.0219335 -1.1900412 -0.0018396 -0.0349660 -0.0070459 0.9993620
105.078600 0.0691312 0.0209144 -1.1412579 -0.0011235 -0.0343787 -0.0071360 0.9993828
105.597900 0.0594971 0.0189103 -1.0254951 0.0003656 -0.0331712 -0.0066211 0.9994277
105.805700 0.0564950 0.0178832 -0.9801703 0.0000665 -0.0332442 -0.0061965 0.9994280
106.221500 0.0496555 0.0159527 -0.8915285 -0.0001477 -0.0354464 -0.0048310 0.9993599
106.429300 0.0452296 0.0153819 -0.8486674 -0.0000959 -0.0408180 -0.0049681 0.9991542
106.845000 0.0331842 0.0135738 -0.7646677 0.0002081 -0.0532369 -0.0075822 0.9985531
107.052900 0.0276509 0.0125891 -0.7229706 0.0002931 -0.0580685 -0.0067843 0.9982895
107.364700 0.0183415 0.0117950 -0.6612343 0.0008738 -0.0613185 -0.0098184 0.9980696
107.676800 0.0104592 0.0102382 -0.6011350 0.0005993 -0.0590233 -0.0093236 0.9982129
107.885000 0.0065957 0.0099364 -0.5617239 0.0005260 -0.0567276 -0.0091741 0.9983474
108.093000 0.0023508 0.0095985 -0.5225134 0.0010365 -0.0539980 -0.0088409 0.9985014
108.405100 -0.0031382 0.0083945 -0.4640976 0.0009272 -0.0483183 -0.0087802 0.9987929
108.717000 -0.0078113 0.0073999 -0.4018984 0.0030387 -0.0418959 -0.0085279 0.9990810
108.925000 -0.0104606 0.0065940 -0.3558578 0.0030568 -0.0373061 -0.0081235 0.9992662
109.132800 -0.0127145 0.0056199 -0.3054066 0.0024281 -0.0323482 -0.0068788 0.9994500
109.444700 -0.0160282 0.0044865 -0.2229998 0.0008440 -0.0249055 -0.0050305 0.9996768
109.756500 -0.0192317 0.0032866 -0.1346501 -0.0005463 -0.0183509 -0.0047919 0.9998200
110.068200 -0.0204962 0.0008984 -0.0392072 0.0012415 -0.0146096 -0.0020321 0.9998904
111.106600 -0.0285739 -0.0069010 0.3059510 0.0088273 -0.0249582 -0.0040839 0.9996412
111.521300 -0.0477753 -0.0109953 0.4346473 0.0030397 -0.0711305 -0.0057459 0.9974458
111.936400 -0.0813519 -0.0134823 0.5568553 -0.0030666 -0.1197835 -0.0100875 0.9927440
112.352500 -0.1173057 -0.0150411 0.6764086 -0.0073098 -0.1289277 -0.0187835 0.9914491
112.665100 -0.1349718 -0.0144611 0.7587979 -0.0100240 -0.1159300 -0.0131688 0.9931195
113.081600 -0.1457933 -0.0152727 0.8244925 -0.0096138 -0.0971854 -0.0125848 0.9951403
113.705700 -0.1476490 -0.0164307 0.8377800 -0.0043758 -0.0919256 -0.0126337 0.9956761
