0.000000 0.0000000 0.0000000 0.0000000 0.0000000 0.0000000 0.0000000 1.0000000
0.103612 -0.0004839 -0.0007473 0.0583812 -0.0014167 -0.0005897 0.0011340 0.9999982
0.207353 -0.0009322 -0.0017073 0.1160085 -0.0020547 -0.0012836 0.0012368 0.9999963
0.311118 -0.0017069 -0.0020430 0.1737791 -0.0018075 -0.0019511 0.0006613 0.9999962
0.414713 -0.0023059 -0.0028999 0.2314825 -0.0017719 -0.0026603 0.0003821 0.9999948
0.519947 -0.0029299 -0.0032811 0.2888727 -0.0018119 -0.0033557 0.0002387 0.9999927
0.622091 -0.0037486 -0.0039545 0.3458852 -0.0020464 -0.0041670 0.0004713 0.9999891
0.725703 -0.0043880 -0.0046393 0.4035215 -0.0016780 -0.0050085 0.0013015 0.9999852
0.829465 -0.0054691 -0.0052389 0.4604470 -0.0018513 -0.0055272 0.0020524 0.9999809
0.933038 -0.0064968 -0.0058938 0.5173895 -0.0017442 -0.0061495 0.0018231 0.9999779
1.036778 -0.0077118 -0.0067402 0.5742124 -0.0018908 -0.0066210 0.0014225 0.9999753
1.140398 -0.0085458 -0.0075570 0.6308857 -0.0022560 -0.0070319 0.0007829 0.9999724
1.244137 -0.0096786 -0.0079739 0.6883335 -0.0025382 -0.0072819 0.0004663 0.9999701
1.451492 -0.0112280 -0.0084805 0.8012990 -0.0027916 -0.0080211 -0.0003516 0.9999639
1.658847 -0.0135647 -0.0090911 0.9115973 -0.0030226 -0.0082813 -0.0010348 0.9999606
1.866202 -0.0152117 -0.0099485 1.0221281 -0.0030300 -0.0083962 -0.0018718 0.9999584
2.073559 -0.0178240 -0.0110406 1.1305755 -0.0019412 -0.0080422 -0.0014192 0.9999648
2.281050 -0.0202577 -0.0118710 1.2383200 -0.0039032 -0.0077523 -0.0004596 0.9999622
2.488425 -0.0221804 -0.0129275 1.3440696 -0.0026941 -0.0074656 0.0000522 0.9999685
2.695755 -0.0244179 -0.0142279 1.4472001 -0.0018355 -0.0066380 -0.0005288 0.9999762
2.903108 -0.0261163 -0.0155702 1.5482723 -0.0034548 -0.0052228 -0.0010679 0.9999798
3.110482 -0.0274913 -0.0164707 1.6461800 -0.0042467 -0.0032724 -0.0011485 0.9999850
3.317943 -0.0281349 -0.0176014 1.7417859 -0.0030991 0.0003182 -0.0005620 0.9999950
3.525427 -0.0277215 -0.0187083 1.8345834 -0.0025929 0.0039957 -0.0006443 0.9999884
3.732909 -0.0267126 -0.0196172 1.9257818 -0.0019488 0.0098944 -0.0014508 0.9999481
3.940409 -0.0249192 -0.0207174 2.0156057 -0.0025449 0.0179209 -0.0029510 0.9998318
4.148122 -0.0210105 -0.0217306 2.1027727 -0.0029582 0.0296096 -0.0051653 0.9995438
4.355725 -0.0153674 -0.0222972 2.1885645 -0.0038536 0.0453040 -0.0074822 0.9989378
4.563456 -0.0063689 -0.0232648 2.2722528 -0.0039973 0.0639333 -0.0075525 0.9979176
4.874947 0.0138320 -0.0244695 2.3922784 -0.0043378 0.0956608 -0.0034457 0.9953986
5.082534 0.0315973 -0.0250175 2.4693165 -0.0043128 0.1196892 0.0015168 0.9928009
5.394003 0.0650590 -0.0259180 2.5792935 -0.0038044 0.1600672 0.0077250 0.9870685
5.601734 0.0918658 -0.0260165 2.6489909 -0.0039516 0.1895571 0.0113005 0.9817967
6.016968 0.1569430 -0.0278403 2.7782331 0.0015660 0.2516805 0.0143582 0.9677026
6.328440 0.2156029 -0.0285247 2.8687134 -0.0011567 0.3046191 0.0100628 0.9524204
6.535919 0.2595738 -0.0290600 2.9245739 0.0030055 0.3393382 0.0068342 0.9406348
6.847019 0.3324896 -0.0302964 3.0004869 0.0034117 0.3895788 0.0077392 0.9209543
7.158126 0.4121844 -0.0320385 3.0672336 0.0053784 0.4387011 0.0057217 0.8985987
7.365577 0.4695630 -0.0332150 3.1079016 0.0122214 0.4711088 0.0006666 0.8819902
7.572928 0.5307064 -0.0355687 3.1446178 0.0159621 0.5032970 -0.0044689 0.8639545
7.780431 0.5955614 -0.0380843 3.1769133 0.0114015 0.5347259 -0.0057929 0.8449288
7.987818 0.6621417 -0.0408556 3.2053943 0.0074990 0.5663887 -0.0105809 0.8240362
8.195302 0.7326375 -0.0430907 3.2291484 0.0045755 0.5972950 -0.0136288 0.8018928
8.402730 0.8057303 -0.0456439 3.2469170 0.0038525 0.6267955 -0.0137778 0.7790524
8.610085 0.8813626 -0.0479640 3.2589848 0.0068898 0.6541186 -0.0100388 0.7562940
8.817441 0.9573974 -0.0508389 3.2663219 0.0107025 0.6790282 -0.0122428 0.7339320
9.024545 1.0356404 -0.0539220 3.2686999 0.0143014 0.6988249 -0.0101405 0.7150778
9.231657 1.1145664 -0.0570775 3.2684083 0.0127636 0.7135416 -0.0076455 0.7004549
9.438799 1.1941261 -0.0602463 3.2645640 0.0168181 0.7241475 -0.0087087 0.6893851
9.646095 1.2734399 -0.0637203 3.2588446 0.0230249 0.7313014 -0.0084368 0.6816135
9.853097 1.3526366 -0.0680109 3.2521131 0.0284837 0.7343985 -0.0099743 0.6780472
10.060450 1.4333916 -0.0732359 3.2453985 0.0315149 0.7363288 -0.0117362 0.6757876
10.267680 1.5133554 -0.0788573 3.2380719 0.0345589 0.7377927 -0.0135666 0.6740056
10.475040 1.5948257 -0.0846570 3.2303510 0.0355345 0.7392558 -0.0127368 0.6723659
10.682420 1.6766641 -0.0905317 3.2214954 0.0355999 0.7405757 -0.0134417 0.6708946
10.889870 1.7585782 -0.0969553 3.2136436 0.0359921 0.7422981 -0.0160303 0.6689104
11.097270 1.8407347 -0.1035098 3.2049618 0.0365339 0.7437873 -0.0212542 0.6670787
11.304710 1.9251195 -0.1104490 3.1955070 0.0354304 0.7454616 -0.0233247 0.6651974
11.512140 2.0097888 -0.1177402 3.1858518 0.0324516 0.7472849 -0.0220219 0.6633455
11.719550 2.0949297 -0.1246258 3.1755803 0.0336672 0.7483047 -0.0232145 0.6620934
11.927030 2.1811187 -0.1320966 3.1652970 0.0347002 0.7484797 -0.0247270 0.6617874
12.134510 2.2674909 -0.1399311 3.1552694 0.0315980 0.7485017 -0.0265179 0.6618486
12.341890 2.3538837 -0.1475202 3.1456997 0.0294983 0.7486414 -0.0300404 0.6616369
12.652870 2.4858568 -0.1588444 3.1299636 0.0246615 0.7491396 -0.0243993 0.6615031
12.860200 2.5740743 -0.1652780 3.1185682 0.0284392 0.7490582 -0.0178968 0.6616515
13.171180 2.7060957 -0.1751549 3.1011565 0.0373087 0.7478943 -0.0198429 0.6624714
13.274910 2.7509155 -0.1786259 3.0955465 0.0352553 0.7477688 -0.0201014 0.6627178
13.482410 2.8402596 -0.1858003 3.0849595 0.0321448 0.7477255 -0.0184462 0.6629728
13.586010 2.8847573 -0.1891138 3.0796936 0.0317553 0.7475621 -0.0193843 0.6631492
13.689750 2.9294162 -0.1925673 3.0745816 0.0339096 0.7475147 -0.0209757 0.6630475
13.793480 2.9739063 -0.1962217 3.0690722 0.0347957 0.7471464 -0.0220151 0.6633829
13.897120 3.0188637 -0.1999180 3.0640335 0.0346385 0.7471315 -0.0213639 0.6634292
14.000840 3.0644269 -0.2034993 3.0583854 0.0328111 0.7469372 -0.0184136 0.6638293
14.208070 3.1551423 -0.2103754 3.0482125 0.0323345 0.7469825 -0.0200933 0.6637529
14.415430 3.2470264 -0.2171027 3.0379651 0.0328499 0.7469064 -0.0218408 0.6637580
14.519060 3.2933278 -0.2208057 3.0323548 0.0314470 0.7467494 -0.0205514 0.6640437
14.726400 3.3864264 -0.2284268 3.0215137 0.0319256 0.7460170 -0.0193422 0.6648798
14.933760 3.4802158 -0.2356642 3.0113189 0.0322975 0.7455125 -0.0186108 0.6654484
15.141110 3.5740123 -0.2428907 3.0003772 0.0324154 0.7445660 -0.0175307 0.6665309
15.348490 3.6690950 -0.2503117 2.9897585 0.0316152 0.7436647 -0.0168390 0.6675925
15.555950 3.7649786 -0.2570502 2.9799221 0.0323293 0.7426576 -0.0190754 0.6686184
15.659670 3.8134468 -0.2606171 2.9749601 0.0315977 0.7421997 -0.0192281 0.6691573
15.763460 3.8618426 -0.2643325 2.9700806 0.0299333 0.7420061 -0.0200025 0.6694258
15.867170 3.9101622 -0.2675049 2.9650283 0.0293613 0.7418532 -0.0217585 0.6695657
16.074630 4.0072708 -0.2750947 2.9554479 0.0265584 0.7422909 -0.0224218 0.6691757
16.282150 4.1048870 -0.2822323 2.9453120 0.0241323 0.7429988 -0.0233897 0.6684484
16.489610 4.2029643 -0.2892693 2.9353313 0.0234553 0.7445056 -0.0232184 0.6667999
16.696990 4.3001356 -0.2955608 2.9251626 0.0213733 0.7470555 -0.0222718 0.6640446
16.904950 4.3963685 -0.3025455 2.9137979 0.0232609 0.7511969 -0.0272505 0.6591051
17.111810 4.4921632 -0.3101221 2.9000607 0.0223850 0.7579408 -0.0233050 0.6515224
17.319420 4.5866747 -0.3171982 2.8839474 0.0234100 0.7667577 -0.0231276 0.6410926
17.526900 4.6810737 -0.3239946 2.8656607 0.0248412 0.7765939 -0.0220785 0.6291244
17.734250 4.7738853 -0.3320988 2.8448246 0.0264133 0.7863435 -0.0251635 0.6167116
18.045360 4.9129415 -0.3424941 2.8074036 0.0188389 0.8011990 -0.0263274 0.5975217
18.252830 5.0028930 -0.3489226 2.7785125 0.0196879 0.8099952 -0.0290142 0.5853874
18.563800 5.1350369 -0.3603505 2.7306225 0.0206278 0.8227877 -0.0281923 0.5672743
18.771200 5.2219648 -0.3682094 2.6954031 0.0195655 0.8314751 -0.0296513 0.5544250
18.978730 5.3084550 -0.3757706 2.6576703 0.0208901 0.8403501 -0.0314123 0.5407297
19.185970 5.3948488 -0.3838077 2.6165450 0.0226501 0.8489920 -0.0340316 0.5268220
19.393230 5.4804993 -0.3927067 2.5720479 0.0221824 0.8578144 -0.0346474 0.5123104
19.600580 5.5651178 -0.4004619 2.5248165 0.0202497 0.8670525 -0.0352473 0.4965557
19.704200 5.6074038 -0.4043043 2.4999337 0.0197284 0.8716505 -0.0360295 0.4884037
19.911550 5.6894312 -0.4129775 2.4468517 0.0186774 0.8804852 -0.0371759 0.4722446
20.118910 5.7708569 -0.4210107 2.3902459 0.0176593 0.8890930 -0.0371825 0.4558719
20.222520 5.8112011 -0.4253832 2.3606927 0.0165727 0.8934074 -0.0358444 0.4475083
20.326140 5.8510695 -0.4295104 2.3300219 0.0162130 0.8975443 -0.0351732 0.4392201
20.429900 5.8898840 -0.4337304 2.2990844 0.0156990 0.9016429 -0.0352845 0.4307536
20.533510 5.9286232 -0.4380987 2.2671599 0.0153622 0.9056313 -0.0373323 0.4221400
20.637100 5.9666042 -0.4423850 2.2348213 0.0145953 0.9097912 -0.0390422 0.4129682
20.740720 6.0048428 -0.4465343 2.2011259 0.0131898 0.9141461 -0.0391946 0.4032701
20.844400 6.0417309 -0.4509082 2.1671820 0.0099116 0.9186656 -0.0376793 0.3931102
20.947990 6.0780687 -0.4550760 2.1317723 0.0089867 0.9232249 -0.0378168 0.3822891
21.155310 6.1484752 -0.4631758 2.0576978 0.0060604 0.9325027 -0.0391591 0.3589826
21.362660 6.2153392 -0.4718196 1.9797765 0.0065688 0.9411491 -0.0401017 0.3355401
21.570090 6.2781496 -0.4807473 1.8985626 0.0084708 0.9491461 -0.0376693 0.3124595
21.777500 6.3375325 -0.4893925 1.8139421 0.0098475 0.9564337 -0.0408886 0.2889045
21.984890 6.3935523 -0.4983130 1.7252747 0.0105479 0.9629241 -0.0393392 0.2666803
22.192090 6.4454327 -0.5074126 1.6346883 0.0133590 0.9680347 -0.0413986 0.2470149
22.399370 6.4934025 -0.5176069 1.5429296 0.0113437 0.9724357 -0.0420925 0.2290598
22.606690 6.5377622 -0.5275951 1.4489034 0.0097168 0.9759368 -0.0421068 0.2137287
22.813790 6.5803757 -0.5371327 1.3535796 0.0069101 0.9790787 -0.0403682 0.1993180
23.021160 6.6204481 -0.5463257 1.2572821 0.0066544 0.9816347 -0.0369185 0.1870453
23.228260 6.6580210 -0.5549038 1.1592523 0.0114509 0.9829878 -0.0377795 0.1793780
23.435500 6.6949458 -0.5639863 1.0607669 0.0121667 0.9839245 -0.0382407 0.1740179
23.642730 6.7317944 -0.5726147 0.9623219 0.0055149 0.9849875 -0.0366114 0.1686085
23.850060 6.7676826 -0.5807185 0.8638248 0.0001926 0.9856528 -0.0398255 0.1640196
24.057300 6.8022413 -0.5899773 0.7649496 0.0005926 0.9858266 -0.0418410 0.1624654
24.264530 6.8357029 -0.5996301 0.6664592 0.0017921 0.9856169 -0.0432310 0.1633621
24.471760 6.8701925 -0.6091383 0.5692469 0.0023567 0.9853577 -0.0438002 0.1647610
24.678990 6.9053411 -0.6189339 0.4714338 0.0014138 0.9848602 -0.0442018 0.1676144
24.886230 6.9406691 -0.6284498 0.3752310 -0.0005260 0.9840420 -0.0419651 0.1729157
24.989850 6.9588037 -0.6329631 0.3262653 -0.0019086 0.9834269 -0.0409541 0.1766085
25.197190 6.9958048 -0.6421346 0.2310445 -0.0011274 0.9819455 -0.0407622 0.1847164
25.300820 7.0148802 -0.6466407 0.1836858 0.0002870 0.9809507 -0.0416773 0.1897331
25.404420 7.0344253 -0.6510754 0.1357877 0.0006340 0.9798560 -0.0411933 0.1954096
25.508050 7.0548820 -0.6560701 0.0887144 0.0012572 0.9785846 -0.0415241 0.2016092
25.611670 7.0762138 -0.6604949 0.0414183 0.0019644 0.9771034 -0.0421065 0.2085480
25.715400 7.0982361 -0.6651465 -0.0058525 0.0026024 0.9755620 -0.0420661 0.2156440
25.922790 7.1438298 -0.6744003 -0.0985701 0.0035873 0.9723397 -0.0406063 0.2299866
26.026490 7.1671848 -0.6788745 -0.1444218 0.0046233 0.9705521 -0.0399033 0.2375182
26.130160 7.1914959 -0.6833128 -0.1892092 0.0051690 0.9687347 -0.0387613 0.2449976
26.337500 7.2416325 -0.6923975 -0.2782614 0.0077559 0.9646654 -0.0356357 0.2609418
26.544820 7.2931657 -0.7003077 -0.3632658 0.0112210 0.9595813 -0.0333977 0.2792176
26.752060 7.3481393 -0.7088722 -0.4456594 0.0135339 0.9538270 -0.0312449 0.2984202
26.959400 7.4076948 -0.7161389 -0.5254962 0.0158171 0.9474957 -0.0306352 0.3179044
27.166660 7.4701214 -0.7232599 -0.6041071 0.0177442 0.9397432 -0.0282453 0.3402499
27.270350 7.5024486 -0.7268444 -0.6413076 0.0188575 0.9353571 -0.0283572 0.3520616
27.373990 7.5355206 -0.7306775 -0.6776052 0.0199975 0.9306855 -0.0290696 0.3641146
27.477730 7.5691099 -0.7349188 -0.7129540 0.0202109 0.9258096 -0.0286067 0.3763638
27.581570 7.6032143 -0.7388918 -0.7461760 0.0202334 0.9207113 -0.0281541 0.3887012
27.789060 7.6739616 -0.7462679 -0.8100162 0.0190635 0.9096703 -0.0287374 0.4138969
27.996660 7.7488346 -0.7527477 -0.8696890 0.0180174 0.8981937 -0.0299456 0.4382086
28.204060 7.8265333 -0.7602659 -0.9250994 0.0178686 0.8853507 -0.0290249 0.4636727
28.307780 7.8665571 -0.7639560 -0.9514909 0.0194261 0.8781090 -0.0287908 0.4771983
28.411620 7.9077129 -0.7673500 -0.9768515 0.0194128 0.8704593 -0.0290918 0.4909963
28.515360 7.9495311 -0.7713754 -1.0005362 0.0189163 0.8626116 -0.0280701 0.5047330
28.619100 7.9919653 -0.7747368 -1.0229847 0.0181210 0.8544446 -0.0273845 0.5185037
28.722840 8.0352983 -0.7783822 -1.0442021 0.0189333 0.8456492 -0.0269555 0.5327216
28.826590 8.0790901 -0.7822868 -1.0635507 0.0199527 0.8364248 -0.0269110 0.5470569
28.930330 8.1238298 -0.7856743 -1.0819048 0.0210190 0.8268492 -0.0267541 0.5613937
29.034070 8.1687222 -0.7891379 -1.0983922 0.0218892 0.8171262 -0.0258011 0.5754651
29.241550 8.2610941 -0.7966474 -1.1266712 0.0225032 0.7965905 -0.0231223 0.6036577
29.449160 8.3560858 -0.8031048 -1.1491151 0.0223072 0.7745932 -0.0210855 0.6317145
29.656760 8.4519768 -0.8098582 -1.1647606 0.0232062 0.7512820 -0.0193127 0.6592904
29.864240 8.5482244 -0.8173407 -1.1734796 0.0237873 0.7269858 -0.0182876 0.6859967
30.071850 8.6447401 -0.8240131 -1.1741805 0.0230536 0.7034208 -0.0180287 0.7101709
30.279230 8.7396946 -0.8298767 -1.1691887 0.0238637 0.6795594 -0.0180991 0.7330089
30.486710 8.8364763 -0.8370663 -1.1581442 0.0242174 0.6559030 -0.0150467 0.7543066
30.694060 8.9330101 -0.8432391 -1.1405855 0.0261477 0.6326022 -0.0136479 0.7739151
30.797800 8.9807682 -0.8462779 -1.1297140 0.0272135 0.6205744 -0.0125367 0.7835749
31.005170 9.0768757 -0.8529664 -1.1035454 0.0287773 0.5957890 -0.0098153 0.8025653
31.108900 9.1240358 -0.8561662 -1.0882638 0.0301898 0.5831501 -0.0089696 0.8117537
31.212510 9.1706324 -0.8596609 -1.0712776 0.0307773 0.5708526 -0.0080705 0.8204358
31.316280 9.2170801 -0.8627399 -1.0527129 0.0309102 0.5584052 -0.0076459 0.8289570
31.420040 9.2629242 -0.8662418 -1.0328412 0.0310913 0.5457358 -0.0071217 0.8373501
31.523620 9.3081665 -0.8696378 -1.0114222 0.0329335 0.5326898 -0.0069807 0.8456407
31.731090 9.3980312 -0.8771174 -0.9644198 0.0353311 0.5060709 -0.0059692 0.8617473
31.938580 9.4859858 -0.8851354 -0.9112988 0.0347299 0.4796440 -0.0041496 0.8767658
32.146060 9.5714273 -0.8919491 -0.8514128 0.0350692 0.4562965 -0.0049415 0.8891227
32.353680 9.6544466 -0.8996601 -0.7885122 0.0338570 0.4348316 -0.0039538 0.8998664
32.561020 9.7342291 -0.9070302 -0.7215080 0.0331669 0.4153408 -0.0014589 0.9090598
32.768370 9.8119869 -0.9144812 -0.6506124 0.0337765 0.3964826 0.0000928 0.9174207
32.975860 9.8876343 -0.9214849 -0.5759306 0.0329399 0.3772830 0.0006921 0.9255118
33.183210 9.9608297 -0.9286085 -0.4972634 0.0318902 0.3579808 0.0019104 0.9331822
33.390560 10.0311241 -0.9358181 -0.4161329 0.0334743 0.3390517 0.0030705 0.9401670
33.597790 10.0975571 -0.9426185 -0.3310399 0.0325130 0.3221163 0.0036348 0.9461346
33.805030 10.1622000 -0.9498128 -0.2428641 0.0326707 0.3060468 0.0048241 0.9514435
34.012260 10.2256365 -0.9572557 -0.1516528 0.0338595 0.2909604 0.0075748 0.9561057
34.115880 10.2562399 -0.9608538 -0.1048160 0.0341962 0.2843567 0.0088577 0.9580675
34.323300 10.3167219 -0.9684588 -0.0095458 0.0340976 0.2728792 0.0105208 0.9613863
34.426880 10.3463812 -0.9721379 0.0391769 0.0332318 0.2692697 0.0107123 0.9624317
34.634210 10.4046068 -0.9794151 0.1370873 0.0323898 0.2641238 0.0109618 0.9638824
34.737820 10.4336700 -0.9828342 0.1865125 0.0323408 0.2617602 0.0114408 0.9645231
34.841470 10.4625635 -0.9864807 0.2358999 0.0314902 0.2595439 0.0127085 0.9651341
34.945050 10.4912243 -0.9901825 0.2854886 0.0312656 0.2573623 0.0135304 0.9657143
35.048670 10.5194912 -0.9936739 0.3351483 0.0315972 0.2551428 0.0143945 0.9662797
35.152280 10.5475111 -0.9971467 0.3849096 0.0314809 0.2529289 0.0149974 0.9668562
35.255900 10.5751877 -1.0010068 0.4349260 0.0311777 0.2508551 0.0152382 0.9674025
35.359550 10.6023636 -1.0046219 0.4849410 0.0308680 0.2489548 0.0153416 0.9679015
35.463220 10.6293316 -1.0085456 0.5350847 0.0305285 0.2471183 0.0149673 0.9683886
35.670480 10.6824322 -1.0152693 0.6354027 0.0297945 0.2452526 0.0130259 0.9689137
35.774090 10.7103434 -1.0186220 0.6865110 0.0298718 0.2446245 0.0128325 0.9690727
35.981460 10.7645483 -1.0251627 0.7874603 0.0308512 0.2433142 0.0109871 0.9693945
36.188780 10.8163118 -1.0324355 0.8874927 0.0313513 0.2434627 0.0093850 0.9693580
36.396060 10.8704615 -1.0404917 0.9887981 0.0301456 0.2428405 0.0101707 0.9695444
36.603410 10.9243755 -1.0473614 1.0887127 0.0294943 0.2425393 0.0122031 0.9696164
36.810770 10.9779520 -1.0542705 1.1892247 0.0316601 0.2424176 0.0133609 0.9695632
37.018110 11.0320530 -1.0617472 1.2912354 0.0306215 0.2422783 0.0133345 0.9696317
37.225490 11.0863733 -1.0682544 1.3931456 0.0293373 0.2423203 0.0137741 0.9696548
37.432850 11.1410542 -1.0750308 1.4963460 0.0295763 0.2421586 0.0136630 0.9696895
37.536430 11.1689348 -1.0782367 1.5481868 0.0296721 0.2418788 0.0135317 0.9697583
37.743680 11.2241774 -1.0853221 1.6520710 0.0297682 0.2415569 0.0121034 0.9698545
37.951040 11.2797413 -1.0919811 1.7572417 0.0247618 0.2413188 0.0126483 0.9700475
38.054650 11.3070812 -1.0948553 1.8092670 0.0236624 0.2412331 0.0127421 0.9700950
38.262670 11.3612785 -1.1009294 1.9126072 0.0238435 0.2408306 0.0119178 0.9702011
38.365880 11.3885117 -1.1037040 1.9649715 0.0228016 0.2404610 0.0118173 0.9703190
38.469500 11.4153614 -1.1064516 2.0165324 0.0218907 0.2398589 0.0123500 0.9704823
38.573220 11.4423876 -1.1091930 2.0668755 0.0217228 0.2387824 0.0127373 0.9707465
38.676970 11.4689026 -1.1118802 2.1176872 0.0223939 0.2378068 0.0131390 0.9709654
38.884190 11.5210209 -1.1174343 2.2187729 0.0213337 0.2349310 0.0129186 0.9716920
39.091540 11.5719261 -1.1226153 2.3196988 0.0185841 0.2321290 0.0132816 0.9724168
39.298900 11.6222582 -1.1270853 2.4195786 0.0177388 0.2288689 0.0144226 0.9731888
39.506130 11.6707058 -1.1315038 2.5178165 0.0188873 0.2257282 0.0145488 0.9738985
39.713490 11.7181921 -1.1359172 2.6149573 0.0180403 0.2235347 0.0143168 0.9744238
40.024700 11.7879114 -1.1425428 2.7578397 0.0236404 0.2227143 0.0116372 0.9745276
40.232070 11.8335371 -1.1477391 2.8512568 0.0234297 0.2254740 0.0083164 0.9739319
40.439550 11.8794155 -1.1525128 2.9455738 0.0234428 0.2325848 0.0040794 0.9722850
40.647030 11.9270391 -1.1583421 3.0372925 0.0228879 0.2422449 0.0027195 0.9699413
40.854510 11.9771175 -1.1630883 3.1274381 0.0224913 0.2542820 0.0041380 0.9668597
41.165730 12.0564117 -1.1708809 3.2601032 0.0212891 0.2768958 0.0020535 0.9606619
41.373240 12.1127396 -1.1756549 3.3465409 0.0230556 0.2960021 -0.0005265 0.9549088
41.581240 12.1730366 -1.1812991 3.4308009 0.0220059 0.3177040 -0.0024242 0.9479315
41.788220 12.2369061 -1.1867421 3.5102024 0.0199045 0.3407319 -0.0050606 0.9399362
41.995660 12.3042974 -1.1918942 3.5872202 0.0202593 0.3657327 -0.0077131 0.9304674
42.203260 12.3751450 -1.1970634 3.6599927 0.0201538 0.3931484 -0.0103846 0.9191955
42.307010 12.4118147 -1.1999955 3.6939240 0.0194324 0.4077327 -0.0110249 0.9128280
42.514480 12.4887400 -1.2056676 3.7577946 0.0177158 0.4381372 -0.0120469 0.8986528
42.618350 12.5282869 -1.2082609 3.7871797 0.0172468 0.4534736 -0.0127979 0.8910109
42.825710 12.6092682 -1.2142004 3.8419106 0.0175722 0.4840877 -0.0148340 0.8747173
42.929590 12.6512537 -1.2166865 3.8672211 0.0174985 0.4991790 -0.0153813 0.8661856
43.136800 12.7373085 -1.2216510 3.9128475 0.0162257 0.5289010 -0.0151540 0.8483930
43.344150 12.8252840 -1.2275946 3.9513631 0.0169804 0.5580980 -0.0171408 0.8294242
43.551530 12.9154129 -1.2334940 3.9844816 0.0177255 0.5870762 -0.0183778 0.8091289
43.758990 13.0081234 -1.2394700 4.0098724 0.0148179 0.6152303 -0.0182417 0.7879971
43.966570 13.1022491 -1.2449789 4.0299354 0.0144560 0.6430638 -0.0195167 0.7654274
44.173850 13.1967030 -1.2510152 4.0426636 0.0159333 0.6697259 -0.0244099 0.7420360
44.381310 13.2919741 -1.2571504 4.0488715 0.0140383 0.6957273 -0.0255285 0.7177150
44.588660 13.3874369 -1.2633734 4.0479655 0.0102501 0.7209737 -0.0245553 0.6924514
44.796040 13.4821682 -1.2688932 4.0400167 0.0123506 0.7458212 -0.0269717 0.6654853
45.003380 13.5752964 -1.2754614 4.0249805 0.0095539 0.7697674 -0.0278999 0.6376429
45.210610 13.6675234 -1.2813972 4.0041447 0.0071473 0.7929747 -0.0279636 0.6085706
45.417970 13.7588186 -1.2870135 3.9753292 0.0052482 0.8147074 -0.0266780 0.5792345
45.625330 13.8470993 -1.2928374 3.9400382 0.0038923 0.8353860 -0.0261814 0.5490261
45.832690 13.9328499 -1.2984998 3.8982210 0.0038389 0.8548583 -0.0269105 0.5181490
46.040030 14.0166435 -1.3042016 3.8496156 0.0024598 0.8733686 -0.0272054 0.4862931
46.247400 14.0987349 -1.3099781 3.7939105 0.0011758 0.8913828 -0.0302417 0.4522396
46.454820 14.1761789 -1.3157370 3.7313104 0.0000755 0.9080101 -0.0314066 0.4177693
46.661990 14.2498913 -1.3224161 3.6622219 -0.0010012 0.9234612 -0.0329772 0.3822707
46.869660 14.3191347 -1.3296224 3.5867577 -0.0024062 0.9375091 -0.0349677 0.3461911
47.076560 14.3834944 -1.3365616 3.5053196 -0.0027402 0.9501231 -0.0342728 0.3099742
47.283950 14.4415007 -1.3442420 3.4174695 -0.0017612 0.9613152 -0.0335965 0.2733885
47.491150 14.4920692 -1.3516189 3.3268147 -0.0011904 0.9710833 -0.0306065 0.2367679
47.698380 14.5357237 -1.3588644 3.2332983 -0.0040552 0.9788768 -0.0291503 0.2023216
47.905620 14.5725403 -1.3659730 3.1381850 -0.0027798 0.9849713 -0.0334217 0.1694306
48.112860 14.6029320 -1.3737764 3.0403919 0.0000742 0.9891137 -0.0341049 0.1431461
48.319970 14.6290188 -1.3813586 2.9393809 0.0030208 0.9919773 -0.0320256 0.1222551
48.527090 14.6518288 -1.3888818 2.8386323 0.0050279 0.9935532 -0.0317381 0.1087176
48.734040 14.6730843 -1.3964938 2.7381611 0.0057153 0.9945011 -0.0323488 0.0994404
48.941150 14.6925325 -1.4042083 2.6378148 0.0055965 0.9953171 -0.0318162 0.0911060
49.148380 14.7102880 -1.4123868 2.5364468 0.0064649 0.9960334 -0.0318689 0.0828249
49.355740 14.7261353 -1.4198493 2.4330630 0.0063373 0.9966676 -0.0316510 0.0749118
49.562960 14.7404213 -1.4275494 2.3318536 0.0063037 0.9972316 -0.0307432 0.0674110
49.770070 14.7532873 -1.4355483 2.2315836 0.0084319 0.9975230 -0.0304705 0.0628351
50.080790 14.7708511 -1.4471633 2.0842957 0.0123437 0.9975769 -0.0280155 0.0624753
50.288020 14.7829714 -1.4546001 1.9878982 0.0160955 0.9972475 -0.0284739 0.0665398
50.495190 14.7962694 -1.4613414 1.8959963 0.0164928 0.9965515 -0.0299952 0.0755877
50.702250 14.8118496 -1.4683870 1.8065903 0.0155007 0.9955756 -0.0267312 0.0887380
50.909340 14.8299923 -1.4748622 1.7227327 0.0149529 0.9937460 -0.0272822 0.1072422
51.116350 14.8505602 -1.4808388 1.6441867 0.0166162 0.9906392 -0.0264856 0.1328778
51.426850 14.8885546 -1.4892715 1.5359449 0.0182629 0.9820442 -0.0269289 0.1858242
51.633650 14.9210186 -1.4946333 1.4697561 0.0166324 0.9720092 -0.0250683 0.2330087
51.840650 14.9598999 -1.4995089 1.4091635 0.0104535 0.9578518 -0.0229983 0.2861499
52.047610 15.0062351 -1.5034659 1.3559108 0.0025130 0.9393331 -0.0201018 0.3424074
52.254730 15.0574017 -1.5067943 1.3094010 -0.0043102 0.9160975 -0.0161519 0.4006070
52.462110 15.1139355 -1.5086039 1.2698116 -0.0083324 0.8886814 -0.0149705 0.4582051
52.669430 15.1767244 -1.5105630 1.2367597 -0.0093155 0.8567489 -0.0162932 0.5153921
52.980580 15.2842922 -1.5112830 1.1994963 -0.0161004 0.8029575 -0.0088833 0.5957525
53.188160 15.3644266 -1.5105575 1.1840911 -0.0184026 0.7673969 -0.0012269 0.6409070
53.396000 15.4488831 -1.5095224 1.1766248 -0.0138430 0.7335860 -0.0032746 0.6794478
53.707980 15.5845957 -1.5082315 1.1783385 -0.0038359 0.6904165 -0.0084730 0.7233523
53.915710 15.6790867 -1.5090741 1.1880598 -0.0020278 0.6642197 -0.0078564 0.7474933
54.124060 15.7749081 -1.5105615 1.2049944 -0.0005725 0.6395627 -0.0098750 0.7686753
54.331530 15.8721275 -1.5125847 1.2284534 -0.0002908 0.6156024 -0.0109560 0.7879807
54.539100 15.9679127 -1.5146559 1.2582119 -0.0000614 0.5908970 -0.0122389 0.8066542
54.642870 16.0157051 -1.5157602 1.2751892 0.0002751 0.5785784 -0.0120395 0.8155379
54.746880 16.0628853 -1.5168535 1.2935805 0.0001974 0.5664431 -0.0127223 0.8240026
54.850390 16.1096630 -1.5181661 1.3137512 -0.0000534 0.5541022 -0.0134026 0.8323408
54.954530 16.1565037 -1.5192057 1.3350444 0.0005223 0.5408510 -0.0118442 0.8410348
55.057910 16.2024403 -1.5207201 1.3578801 0.0009006 0.5263842 -0.0106257 0.8501799
55.265460 16.2927284 -1.5228547 1.4089446 0.0040844 0.4953251 -0.0104333 0.8686354
55.472940 16.3795033 -1.5254207 1.4675512 0.0056641 0.4611092 -0.0106440 0.8872615
55.680510 16.4604683 -1.5284079 1.5326438 0.0055264 0.4262786 -0.0109476 0.9045088
55.888260 16.5368500 -1.5315678 1.6046362 0.0072610 0.3914371 -0.0104111 0.9201173
56.095930 16.6083412 -1.5346719 1.6824989 0.0085217 0.3595268 -0.0120228 0.9330184
56.303340 16.6753788 -1.5391761 1.7647238 0.0099302 0.3326865 -0.0131395 0.9428937
56.510970 16.7377243 -1.5435324 1.8493938 0.0131634 0.3111100 -0.0148763 0.9501663
56.718590 16.7955933 -1.5483873 1.9351773 0.0129921 0.2914505 -0.0119229 0.9564233
56.926310 16.8511658 -1.5528284 2.0238218 0.0131605 0.2714237 -0.0081993 0.9623351
57.133640 16.9025307 -1.5563316 2.1148100 0.0144780 0.2514486 -0.0073508 0.9677345
57.341010 16.9493790 -1.5612862 2.2071834 0.0154394 0.2313183 -0.0047899 0.9727438
57.548400 16.9924984 -1.5656585 2.3025503 0.0146079 0.2108854 -0.0026123 0.9773982
57.755340 17.0321541 -1.5696677 2.4001961 0.0144827 0.1897222 0.0002613 0.9817309
57.962570 17.0671558 -1.5743681 2.4985294 0.0150980 0.1651096 0.0028162 0.9861556
58.169800 17.0972576 -1.5779594 2.6007333 0.0145439 0.1378760 0.0037318 0.9903357
58.377030 17.1215630 -1.5821213 2.7053013 0.0141581 0.1093688 0.0047743 0.9938889
58.584260 17.1402836 -1.5857401 2.8125715 0.0139475 0.0803882 0.0075170 0.9966377
58.791630 17.1542988 -1.5896071 2.9230974 0.0149300 0.0507953 0.0111771 0.9985349
58.998970 17.1607208 -1.5936503 3.0344095 0.0163912 0.0250896 0.0126397 0.9994709
59.206580 17.1626377 -1.5976678 3.1491342 0.0152433 0.0049828 0.0124600 0.9997938
59.414200 17.1606293 -1.6021274 3.2652440 0.0172009 -0.0088805 0.0115254 0.9997462
59.725780 17.1541805 -1.6091542 3.4433033 0.0180208 -0.0205206 0.0098415 0.9995785
59.933380 17.1476364 -1.6144865 3.5655589 0.0189471 -0.0248132 0.0106493 0.9994558
60.140870 17.1412449 -1.6201680 3.6891537 0.0201829 -0.0285852 0.0124056 0.9993106
60.348360 17.1330357 -1.6259341 3.8154445 0.0189332 -0.0314700 0.0123011 0.9992496
60.555700 17.1241837 -1.6315250 3.9432111 0.0187740 -0.0344891 0.0130231 0.9991438
60.659460 17.1193962 -1.6342778 4.0076222 0.0194616 -0.0359646 0.0136076 0.9990709
60.866850 17.1092854 -1.6407127 4.1365891 0.0198391 -0.0385941 0.0143637 0.9989548
60.970540 17.1036549 -1.6431999 4.2028480 0.0203917 -0.0396705 0.0147831 0.9988953
61.177900 17.0921192 -1.6490910 4.3368120 0.0199608 -0.0413192 0.0158653 0.9988206
61.281640 17.0861111 -1.6523024 4.4043641 0.0194615 -0.0419586 0.0166841 0.9987904
61.385380 17.0801811 -1.6554177 4.4718494 0.0188807 -0.0426105 0.0176550 0.9987573
61.488990 17.0739574 -1.6587211 4.5402756 0.0189797 -0.0433831 0.0180576 0.9987150
61.592740 17.0677567 -1.6619213 4.6088572 0.0191056 -0.0443937 0.0181029 0.9986674
61.696370 17.0613422 -1.6653459 4.6780310 0.0194754 -0.0454092 0.0177142 0.9986215
61.800090 17.0546741 -1.6684000 4.7472639 0.0197455 -0.0462771 0.0167812 0.9985925
61.903730 17.0475044 -1.6719472 4.8170786 0.0200381 -0.0470295 0.0160234 0.9985639
62.007440 17.0407276 -1.6754006 4.8871193 0.0202073 -0.0481235 0.0158821 0.9985107
62.214680 17.0264511 -1.6825298 5.0271101 0.0202228 -0.0513942 0.0179769 0.9983118
62.421910 17.0112553 -1.6898744 5.1668181 0.0216653 -0.0551450 0.0206344 0.9980300
62.629260 16.9955940 -1.6980020 5.3057561 0.0247223 -0.0592065 0.0213967 0.9977102
62.836620 16.9785995 -1.7063732 5.4438162 0.0226296 -0.0630278 0.0202748 0.9975492
63.043980 16.9594021 -1.7142473 5.5818081 0.0204307 -0.0663416 0.0187309 0.9974119
63.251330 16.9398556 -1.7212377 5.7181368 0.0196881 -0.0693676 0.0178371 0.9972374
63.458690 16.9195938 -1.7288960 5.8548594 0.0216415 -0.0726999 0.0157314 0.9969949
63.666060 16.8984051 -1.7361674 5.9914513 0.0238127 -0.0755368 0.0142083 0.9967574
63.977160 16.8654671 -1.7481797 6.1951246 0.0261923 -0.0777705 0.0100646 0.9965764
64.080880 16.8541584 -1.7527782 6.2625070 0.0281825 -0.0777423 0.0097939 0.9965270
64.391970 16.8229122 -1.7667408 6.4657850 0.0276539 -0.0787499 0.0169730 0.9963662
64.599450 16.8014526 -1.7755890 6.6006274 0.0289236 -0.0782733 0.0144655 0.9964073
64.806970 16.7784462 -1.7849025 6.7352324 0.0300283 -0.0760456 0.0092551 0.9966091
65.014290 16.7580357 -1.7951024 6.8701096 0.0300929 -0.0744793 0.0090111 0.9967276
65.325540 16.7283306 -1.8089124 7.0727386 0.0298657 -0.0721618 0.0109697 0.9968854
65.636630 16.6988487 -1.8233840 7.2755861 0.0299072 -0.0696253 0.0086936 0.9970869
65.843980 16.6793499 -1.8323710 7.4106131 0.0330595 -0.0682564 0.0076674 0.9970905
66.051200 16.6595383 -1.8424382 7.5455980 0.0319367 -0.0673557 0.0082048 0.9971840
66.258580 16.6413078 -1.8523271 7.6806006 0.0307480 -0.0668573 0.0090538 0.9972476
66.569660 16.6147747 -1.8667244 7.8836813 0.0330284 -0.0663128 0.0110131 0.9971913
66.777000 16.5966072 -1.8773580 8.0195141 0.0340846 -0.0664266 0.0118619 0.9971384
66.984240 16.5774498 -1.8882755 8.1552935 0.0332290 -0.0658748 0.0113488 0.9972099
67.191600 16.5589714 -1.8989509 8.2923965 0.0323493 -0.0657140 0.0122730 0.9972385
67.399080 16.5409107 -1.9087951 8.4294510 0.0317501 -0.0653832 0.0138779 0.9972584
67.606430 16.5226021 -1.9191108 8.5659065 0.0331972 -0.0649999 0.0136178 0.9972399
67.813910 16.5045242 -1.9300554 8.7022152 0.0354563 -0.0644276 0.0151569 0.9971771
68.021290 16.4864426 -1.9403678 8.8390007 0.0325526 -0.0638586 0.0174214 0.9972757
68.228640 16.4691334 -1.9507130 8.9765806 0.0316448 -0.0637487 0.0178833 0.9973038
68.435980 16.4510326 -1.9612052 9.1142101 0.0330047 -0.0620481 0.0161709 0.9973962
68.643510 16.4338684 -1.9718850 9.2518921 0.0348659 -0.0585415 0.0147799 0.9975665
68.850940 16.4170418 -1.9822845 9.3895025 0.0357212 -0.0530341 0.0131519 0.9978669
69.058420 16.4030628 -1.9931005 9.5279102 0.0324634 -0.0476537 0.0138625 0.9982400
69.162180 16.3962860 -1.9986202 9.5976820 0.0313166 -0.0450298 0.0143335 0.9983917
69.369650 16.3851833 -2.0084150 9.7369566 0.0310959 -0.0394769 0.0163000 0.9986035
69.577130 16.3748703 -2.0183198 9.8762732 0.0321003 -0.0337792 0.0164131 0.9987788
69.784480 16.3649101 -2.0285957 10.0157080 0.0340182 -0.0278357 0.0161046 0.9989037
69.991960 16.3574905 -2.0384846 10.1562548 0.0346357 -0.0223234 0.0145238 0.9990451
70.095580 16.3542671 -2.0441384 10.2260571 0.0334486 -0.0195372 0.0130702 0.9991640
70.303200 16.3494949 -2.0537765 10.3658628 0.0305068 -0.0141829 0.0118662 0.9993635
70.406570 16.3480606 -2.0587478 10.4352074 0.0329608 -0.0119263 0.0126115 0.9993059
70.613930 16.3458176 -2.0695651 10.5736313 0.0380750 -0.0070687 0.0157657 0.9991255
70.717520 16.3451023 -2.0751112 10.6435213 0.0366802 -0.0041800 0.0161877 0.9991872
70.821270 16.3448315 -2.0805941 10.7133169 0.0354726 -0.0011451 0.0174580 0.9992175
70.924900 16.3449516 -2.0860500 10.7829609 0.0347930 0.0017077 0.0180735 0.9992297
71.028620 16.3455200 -2.0913537 10.8531189 0.0349360 0.0046377 0.0184866 0.9992078
71.132360 16.3466835 -2.0966201 10.9223394 0.0350438 0.0072336 0.0180636 0.9991964
71.236100 16.3477001 -2.1021473 10.9922791 0.0351222 0.0099380 0.0178011 0.9991751
71.443370 16.3506641 -2.1130438 11.1327009 0.0342730 0.0148165 0.0143415 0.9991997
71.650690 16.3552456 -2.1240664 11.2724228 0.0355483 0.0204921 0.0109502 0.9990978
71.858050 16.3617382 -2.1338642 11.4134464 0.0331632 0.0264382 0.0110745 0.9990388
72.065440 16.3700981 -2.1439133 11.5547829 0.0336954 0.0326326 0.0114997 0.9988331
72.272760 16.3804169 -2.1544595 11.6972198 0.0316581 0.0395427 0.0086961 0.9986784
72.376370 16.3869267 -2.1594834 11.7682247 0.0311618 0.0427971 0.0080044 0.9985656
72.583730 16.3995380 -2.1699562 11.9090099 0.0305947 0.0496475 0.0076125 0.9982691
72.791110 16.4148865 -2.1787968 12.0516605 0.0311698 0.0554463 0.0068931 0.9979512
72.998440 16.4317913 -2.1887882 12.1941681 0.0298277 0.0603786 0.0082127 0.9976960
73.205790 16.4495411 -2.1981382 12.3371906 0.0288283 0.0655376 0.0083775 0.9973984
73.413160 16.4689960 -2.2070899 12.4793539 0.0277087 0.0708021 0.0055848 0.9970898
73.620390 16.4892979 -2.2154543 12.6210423 0.0261266 0.0765638 0.0037090 0.9967154
73.827760 16.5118980 -2.2243214 12.7626095 0.0303540 0.0826191 0.0058029 0.9961019
74.035100 16.5373459 -2.2331221 12.9066610 0.0271796 0.0890473 0.0086014 0.9956194
74.242620 16.5635452 -2.2415438 13.0480709 0.0274870 0.0970818 0.0079984 0.9948646
74.449940 16.5929279 -2.2510579 13.1905603 0.0265541 0.1062171 0.0062013 0.9939690
74.657420 16.6251755 -2.2590046 13.3336859 0.0236489 0.1153851 0.0068467 0.9930157
74.864770 16.6605186 -2.2664080 13.4766417 0.0219094 0.1241173 0.0085464 0.9919888
75.072130 16.6978664 -2.2730854 13.6188793 0.0211926 0.1320997 0.0093772 0.9909655
75.383090 16.7585831 -2.2832718 13.8324213 0.0174874 0.1420921 0.0074285 0.9896711
75.590330 16.7997417 -2.2894993 13.9734507 0.0150725 0.1489953 0.0067746 0.9886998
75.797690 16.8435917 -2.2947745 14.1122456 0.0152577 0.1548387 0.0080852 0.9877889
76.005040 16.8883286 -2.3008287 14.2497549 0.0143302 0.1606041 0.0079335 0.9868830
76.212400 16.9341011 -2.3058369 14.3857689 0.0124733 0.1659989 0.0064515 0.9860259
76.419650 16.9807987 -2.3113244 14.5219116 0.0126996 0.1709503 0.0053058 0.9851835
76.626990 17.0294685 -2.3161683 14.6571178 0.0159847 0.1747633 0.0082569 0.9844461
76.937940 17.1044769 -2.3233490 14.8594618 0.0138089 0.1799650 0.0113524 0.9835106
77.145310 17.1544571 -2.3287363 14.9939003 0.0094889 0.1833927 0.0122528 0.9829175
77.456300 17.2287388 -2.3349891 15.1904745 0.0114040 0.1864831 0.0115900 0.9823236
77.560020 17.2463531 -2.3383830 15.2537899 0.0102658 0.1901101 0.0118125 0.9816380
