0.000000 0.0000000 0.0000000 0.0000000 0.0000000 0.0000000 0.0000000 1.0000000
0.103391 -0.0004493 -0.0002559 0.0802986 0.0022255 0.0007832 -0.0004428 0.9999971
0.207106 -0.0002251 0.0000084 0.1600488 0.0027283 0.0011071 0.0006309 0.9999955
0.310262 -0.0004916 -0.0001903 0.2401383 0.0006522 0.0012784 0.0014279 0.9999980
0.413621 -0.0003211 -0.0002962 0.3199213 -0.0023764 0.0009150 0.0026350 0.9999933
0.517929 -0.0002750 -0.0001981 0.3986339 -0.0024214 0.0002538 0.0043671 0.9999875
0.620389 -0.0003144 0.0001491 0.4768285 -0.0009570 -0.0001518 0.0055791 0.9999840
0.724219 -0.0005744 0.0004720 0.5546249 0.0007829 -0.0005397 0.0058982 0.9999822
0.827211 -0.0008793 0.0003771 0.6324251 0.0010286 -0.0009666 0.0057337 0.9999825
0.930557 -0.0017716 0.0003914 0.7099159 0.0001169 -0.0013587 0.0055352 0.9999837
1.034070 -0.0019805 0.0004576 0.7871991 -0.0012790 -0.0018118 0.0054809 0.9999825
1.137438 -0.0024490 0.0004229 0.8640981 -0.0021559 -0.0022922 0.0055965 0.9999794
1.244258 -0.0031915 0.0009355 0.9408515 -0.0024681 -0.0025463 0.0061031 0.9999751
1.447568 -0.0044355 0.0016922 1.0929034 -0.0016883 -0.0033264 0.0063528 0.9999729
1.654521 -0.0062687 0.0022850 1.2427013 -0.0000223 -0.0048078 0.0071422 0.9999629
1.861353 -0.0087203 0.0021092 1.3928314 0.0007074 -0.0064364 0.0062904 0.9999592
2.068236 -0.0114935 0.0019408 1.5420454 0.0002064 -0.0080712 0.0058459 0.9999503
2.275131 -0.0156525 0.0022033 1.6899261 -0.0006506 -0.0091461 0.0052776 0.9999440
2.482010 -0.0188642 0.0024982 1.8356218 -0.0001834 -0.0108532 0.0060797 0.9999226
2.689023 -0.0228057 0.0023929 1.9799976 -0.0015214 -0.0119206 0.0060802 0.9999093
2.896139 -0.0263792 0.0024035 2.1212773 -0.0038585 -0.0126659 0.0064633 0.9998915
3.103545 -0.0306311 0.0031702 2.2580655 -0.0018238 -0.0135249 0.0052582 0.9998931
3.310078 -0.0351585 0.0033928 2.3909392 -0.0008292 -0.0143878 0.0048520 0.9998844
3.517076 -0.0396706 0.0031881 2.5210812 -0.0002352 -0.0160587 0.0047929 0.9998595
3.827725 -0.0478415 0.0034493 2.7117822 -0.0019019 -0.0188177 0.0048298 0.9998094
4.034871 -0.0540767 0.0037756 2.8353620 -0.0027009 -0.0206785 0.0038124 0.9997752
4.345966 -0.0630331 0.0041331 3.0144441 -0.0025381 -0.0234595 0.0017202 0.9997201
4.552519 -0.0698276 0.0041226 3.1292436 -0.0038344 -0.0238994 -0.0005650 0.9997069
4.760815 -0.0758381 0.0040550 3.2392311 -0.0011736 -0.0224605 -0.0029551 0.9997427
4.966824 -0.0804145 0.0049664 3.3471918 -0.0005087 -0.0199480 -0.0036835 0.9997941
5.174268 -0.0858552 0.0052256 3.4531314 -0.0034736 -0.0162868 -0.0080995 0.9998285
5.381142 -0.0894755 0.0060672 3.5527976 -0.0039876 -0.0114912 -0.0124558 0.9998484
5.588095 -0.0919116 0.0064722 3.6471410 -0.0057522 -0.0053220 -0.0170841 0.9998233
5.795223 -0.0924127 0.0062755 3.7341588 -0.0058874 0.0017904 -0.0205604 0.9997697
6.002373 -0.0928377 0.0069150 3.8141148 -0.0044581 0.0096136 -0.0249022 0.9996337
6.209506 -0.0909960 0.0072296 3.8864257 -0.0029707 0.0175879 -0.0261796 0.9994981
6.416516 -0.0878020 0.0071079 3.9514165 -0.0043133 0.0256454 -0.0267514 0.9993038
7.038067 -0.0739486 0.0063936 4.0996923 -0.0024075 0.0548997 -0.0308375 0.9980127
7.245330 -0.0671868 0.0065173 4.1432986 0.0003153 0.0693919 -0.0320287 0.9970751
7.556580 -0.0541640 0.0057523 4.2050047 0.0012079 0.0953912 -0.0329180 0.9948947
7.866988 -0.0363358 0.0053011 4.2665176 0.0021212 0.1262431 -0.0336395 0.9914265
8.488779 0.0166653 0.0020034 4.3858070 0.0032518 0.2090459 -0.0368612 0.9772055
8.696029 0.0419972 0.0005415 4.4229026 0.0060921 0.2448753 -0.0345599 0.9689193
8.903911 0.0712887 -0.0010109 4.4604530 0.0094929 0.2838435 -0.0356234 0.9581617
9.525112 0.1966987 -0.0086771 4.5765905 0.0111397 0.4191840 -0.0400215 0.9069504
9.732384 0.2565639 -0.0119180 4.6130805 0.0126624 0.4690165 -0.0393678 0.8822207
9.939685 0.3259984 -0.0163032 4.6457348 0.0124373 0.5181301 -0.0382920 0.8543537
10.146770 0.4023092 -0.0202688 4.6734257 0.0091739 0.5641207 -0.0397780 0.8246826
10.353670 0.4844971 -0.0249109 4.6925344 0.0128244 0.6055673 -0.0361030 0.7948713
10.562990 0.5745508 -0.0300122 4.7041326 0.0182586 0.6406224 -0.0278548 0.7671334
10.767050 0.6695303 -0.0353656 4.7118063 0.0229083 0.6678882 -0.0253384 0.7434773
10.973420 0.7707818 -0.0413482 4.7151542 0.0262580 0.6880586 -0.0200203 0.7249035
11.180190 0.8765232 -0.0465238 4.7153506 0.0286952 0.7010225 -0.0181137 0.7123313
11.385900 0.9863774 -0.0532425 4.7142844 0.0291768 0.7099689 -0.0178598 0.7034016
11.592550 1.1015005 -0.0597392 4.7099452 0.0337737 0.7153185 -0.0165773 0.6977850
11.799490 1.2216355 -0.0660383 4.7066474 0.0319052 0.7183005 -0.0161096 0.6948144
12.004820 1.3470484 -0.0730128 4.7019038 0.0271903 0.7195745 -0.0119830 0.6937792
12.211190 1.4755311 -0.0801229 4.6966333 0.0289687 0.7197388 -0.0097785 0.6935714
12.417650 1.6061013 -0.0858974 4.6926060 0.0352344 0.7185952 -0.0146257 0.6943814
12.624550 1.7411925 -0.0930463 4.6886210 0.0340478 0.7171124 -0.0133348 0.6959977
12.830730 1.8787807 -0.1021386 4.6863475 0.0302650 0.7153912 -0.0112258 0.6979781
13.037710 2.0143206 -0.1098903 4.6830678 0.0375393 0.7130924 -0.0117415 0.6999658
13.244210 2.1521082 -0.1179161 4.6833258 0.0329085 0.7110443 -0.0144684 0.7022277
13.452770 2.2903333 -0.1273965 4.6813450 0.0351410 0.7081404 -0.0104001 0.7051199
13.657960 2.4274418 -0.1357815 4.6826773 0.0356888 0.7058282 -0.0136632 0.7073515
13.864670 2.5665767 -0.1450434 4.6834354 0.0356552 0.7032353 -0.0111257 0.7099754
14.071640 2.7050872 -0.1538721 4.6848722 0.0389053 0.7007418 -0.0090757 0.7122956
14.382120 2.9131052 -0.1673869 4.6898503 0.0396316 0.6972402 -0.0065550 0.7157111
14.692450 3.1224413 -0.1797339 4.6981111 0.0395509 0.6941760 -0.0083163 0.7186698
15.002870 3.3332326 -0.1931382 4.7087793 0.0372684 0.6913897 -0.0107549 0.7214400
15.313360 3.5461349 -0.2075682 4.7211413 0.0392413 0.6878469 -0.0140209 0.7246586
15.623920 3.7617519 -0.2220549 4.7355022 0.0374540 0.6842678 -0.0174064 0.7280602
15.830620 3.9072645 -0.2328182 4.7466145 0.0364974 0.6814685 -0.0197074 0.7306710
16.039410 4.0545487 -0.2435596 4.7584667 0.0356808 0.6781768 -0.0192058 0.7337808
16.244300 4.2023220 -0.2551252 4.7731295 0.0383335 0.6740055 -0.0250090 0.7373071
16.453450 4.3517365 -0.2673137 4.7895813 0.0394299 0.6683615 -0.0294952 0.7422049
16.761400 4.5802889 -0.2874601 4.8195009 0.0356785 0.6601771 -0.0283229 0.7497273
17.073430 4.8063903 -0.3053898 4.8527770 0.0286534 0.6517712 -0.0241932 0.7574879
17.383340 5.0293489 -0.3227890 4.8911347 0.0330200 0.6446640 -0.0284671 0.7632219
17.693880 5.2457190 -0.3418410 4.9315996 0.0331907 0.6385960 -0.0279790 0.7683168
18.003090 5.4568706 -0.3584104 4.9749217 0.0251531 0.6345114 -0.0242658 0.7721229
18.313370 5.6593723 -0.3732778 5.0181570 0.0246824 0.6315480 -0.0288295 0.7744073
18.623970 5.8528309 -0.3883387 5.0606656 0.0291468 0.6290618 -0.0326415 0.7761226
18.934680 6.0397797 -0.4037183 5.1031208 0.0261077 0.6281916 -0.0316791 0.7769749
19.245500 6.2190056 -0.4186746 5.1417651 0.0251109 0.6294631 -0.0316928 0.7759776
19.452110 6.3329630 -0.4284859 5.1662536 0.0281567 0.6312299 -0.0333767 0.7743655
19.763960 6.4986520 -0.4417525 5.1995239 0.0270904 0.6337771 -0.0321609 0.7723719
19.969850 6.6056714 -0.4510741 5.2202930 0.0266811 0.6354991 -0.0293353 0.7710827
20.177180 6.7074285 -0.4592404 5.2390013 0.0310058 0.6372496 -0.0278946 0.7695281
20.487640 6.8608837 -0.4719314 5.2675648 0.0323706 0.6387804 -0.0284630 0.7681807
20.694250 6.9638000 -0.4795663 5.2853346 0.0353619 0.6378524 -0.0238963 0.7689751
21.004610 7.1201415 -0.4926369 5.3168583 0.0349675 0.6336408 -0.0241127 0.7724605
21.316100 7.2796340 -0.5044534 5.3530779 0.0342774 0.6247438 -0.0229086 0.7797407
21.524290 7.3882909 -0.5129309 5.3807669 0.0325738 0.6171910 -0.0241024 0.7857693
21.833000 7.5555830 -0.5257269 5.4288034 0.0315078 0.6046636 -0.0307190 0.7952644
22.038410 7.6709218 -0.5349304 5.4653621 0.0311838 0.5962906 -0.0326720 0.8014970
22.245290 7.7892175 -0.5438474 5.5049772 0.0301313 0.5873962 -0.0345006 0.8080022
22.452170 7.9109945 -0.5528248 5.5475264 0.0273117 0.5786053 -0.0291738 0.8146281
22.659440 8.0370970 -0.5625684 5.5954704 0.0246148 0.5695528 -0.0264602 0.8211598
22.865960 8.1673965 -0.5697536 5.6459069 0.0271983 0.5618119 -0.0202537 0.8265697
23.072970 8.3021889 -0.5778116 5.6993942 0.0279547 0.5557143 -0.0114182 0.8308247
23.280040 8.4358292 -0.5861169 5.7566624 0.0331357 0.5489996 -0.0119297 0.8350803
23.487620 8.5682831 -0.5946312 5.8154168 0.0373886 0.5431828 -0.0132762 0.8386765
23.694540 8.6986704 -0.6055045 5.8785138 0.0336406 0.5392933 -0.0187846 0.8412361
23.903510 8.8257313 -0.6164410 5.9393311 0.0354632 0.5353093 -0.0220858 0.8436223
24.108220 8.9495993 -0.6275994 6.0004935 0.0343773 0.5318637 -0.0236073 0.8458025
24.315110 9.0715580 -0.6380851 6.0604510 0.0322674 0.5282580 -0.0214826 0.8481986
24.522420 9.1876192 -0.6481798 6.1198177 0.0313094 0.5249523 -0.0228159 0.8502495
24.832200 9.3574457 -0.6624632 6.2064333 0.0327893 0.5217530 -0.0204714 0.8522204
25.142500 9.5187759 -0.6762038 6.2912092 0.0333592 0.5187795 -0.0207750 0.8540044
25.452750 9.6724939 -0.6902748 6.3717775 0.0359449 0.5143898 -0.0177556 0.8566189
25.763160 9.8179617 -0.7034516 6.4508142 0.0366345 0.5095076 -0.0162355 0.8595326
26.177790 10.0039234 -0.7204257 6.5571337 0.0399865 0.5014329 -0.0169986 0.8641049
26.486950 10.1396933 -0.7348393 6.6426029 0.0432518 0.4926409 -0.0263034 0.8687591
26.796950 10.2765923 -0.7487228 6.7311463 0.0388615 0.4833473 -0.0315635 0.8739960
27.107250 10.4183884 -0.7624670 6.8289700 0.0284025 0.4740638 -0.0341739 0.8793685
27.417420 10.5640259 -0.7758574 6.9324708 0.0284972 0.4636902 -0.0402769 0.8846226
27.727690 10.7168045 -0.7901616 7.0461154 0.0257889 0.4528182 -0.0448523 0.8901005
28.037820 10.8763409 -0.8060300 7.1714225 0.0233120 0.4407436 -0.0435892 0.8962710
28.348030 11.0401640 -0.8194144 7.3083773 0.0220183 0.4278103 -0.0465316 0.9024014
28.660870 11.2100534 -0.8344406 7.4540186 0.0221529 0.4207665 -0.0437231 0.9058439
28.866830 11.3285694 -0.8448453 7.5539680 0.0240921 0.4168879 -0.0372489 0.9078748
29.073550 11.4493055 -0.8550448 7.6585178 0.0243577 0.4131940 -0.0310160 0.9097887
29.279330 11.5696049 -0.8649936 7.7659411 0.0243297 0.4092031 -0.0310296 0.9115909
29.486390 11.6890898 -0.8745034 7.8772144 0.0224312 0.4051471 -0.0365201 0.9132463
29.692890 11.8114071 -0.8839710 7.9920235 0.0169702 0.4012482 -0.0356324 0.9151187
29.899820 11.9335194 -0.8921204 8.1086140 0.0129280 0.3965681 -0.0321228 0.9173520
30.106560 12.0570354 -0.8997816 8.2248592 0.0195683 0.3905229 -0.0261408 0.9200139
30.313330 12.1780834 -0.9088880 8.3442698 0.0268238 0.3836249 -0.0241780 0.9227827
30.520070 12.2994366 -0.9186814 8.4683514 0.0254579 0.3762203 -0.0194675 0.9259758
30.726980 12.4197388 -0.9290744 8.5940294 0.0295869 0.3695370 -0.0173808 0.9285822
30.933840 12.5380354 -0.9392798 8.7230501 0.0300908 0.3651135 -0.0165546 0.9303293
31.142770 12.6583929 -0.9496674 8.8521547 0.0281079 0.3623558 -0.0118172 0.9315410
31.347740 12.7775955 -0.9586471 8.9832764 0.0270008 0.3618428 -0.0093912 0.9318007
31.555590 12.8961563 -0.9685396 9.1144037 0.0265642 0.3623228 -0.0110408 0.9316086
31.763200 13.0146694 -0.9778001 9.2453270 0.0266825 0.3642948 -0.0149529 0.9307812
31.970850 13.1328745 -0.9877865 9.3753147 0.0248352 0.3673216 -0.0180921 0.9295863
32.176640 13.2522621 -0.9971156 9.5033827 0.0220579 0.3705535 -0.0180790 0.9283732
32.382560 13.3720579 -1.0067284 9.6293535 0.0242627 0.3742649 -0.0172168 0.9268445
32.589890 13.4907322 -1.0163115 9.7536602 0.0298615 0.3785866 -0.0242466 0.9247662
32.796560 13.6119928 -1.0270172 9.8768654 0.0245320 0.3833337 -0.0246526 0.9229549
33.003430 13.7318649 -1.0373043 9.9974480 0.0220847 0.3879017 -0.0244634 0.9211113
33.211600 13.8533869 -1.0468980 10.1151657 0.0238978 0.3919241 -0.0224864 0.9194122
33.417090 13.9767389 -1.0568839 10.2319517 0.0276460 0.3965461 -0.0207611 0.9173635
33.727760 14.1630602 -1.0729072 10.4062567 0.0269104 0.4046713 -0.0218943 0.9138039
33.934650 14.2882586 -1.0832584 10.5200806 0.0284902 0.4117891 -0.0268000 0.9104394
34.142230 14.4163485 -1.0946523 10.6315641 0.0312547 0.4190191 -0.0299784 0.9069440
34.348070 14.5487614 -1.1063652 10.7425308 0.0212420 0.4270268 -0.0291388 0.9035197
34.555090 14.6847076 -1.1153464 10.8525925 0.0164100 0.4353020 -0.0294902 0.8996517
34.764710 14.8218489 -1.1239775 10.9592276 0.0210844 0.4436558 -0.0280233 0.8955109
34.969030 14.9609909 -1.1347964 11.0621300 0.0286513 0.4514662 -0.0294408 0.8913420
35.176790 15.1038542 -1.1470410 11.1637087 0.0263903 0.4595059 -0.0248011 0.8874361
35.382770 15.2471352 -1.1578331 11.2623596 0.0261594 0.4668496 -0.0253871 0.8835852
35.589680 15.3891220 -1.1700777 11.3551702 0.0264010 0.4728115 -0.0202369 0.8805354
35.796540 15.5294857 -1.1808329 11.4478712 0.0235542 0.4778326 -0.0197307 0.8779134
36.006010 15.6674633 -1.1911942 11.5372009 0.0262155 0.4822454 -0.0210889 0.8753899
36.210300 15.8015337 -1.2014081 11.6227016 0.0290599 0.4855867 -0.0242702 0.8733682
36.417070 15.9364376 -1.2117978 11.7059231 0.0243888 0.4883054 -0.0193233 0.8721179
36.623970 16.0683880 -1.2215282 11.7853365 0.0258092 0.4910107 -0.0144180 0.8706518
36.830740 16.1966953 -1.2307355 11.8625031 0.0300786 0.4929792 -0.0175426 0.8693441
37.040370 16.3225117 -1.2404583 11.9374695 0.0361530 0.4949500 -0.0196365 0.8679469
37.244700 16.4483585 -1.2506218 12.0123425 0.0249660 0.4979784 -0.0179831 0.8666434
37.451400 16.5707092 -1.2595680 12.0859823 0.0197470 0.5004945 -0.0201874 0.8652790
37.658150 16.6908436 -1.2669735 12.1545153 0.0240537 0.5028983 -0.0202361 0.8637738
37.865070 16.8089561 -1.2748365 12.2221041 0.0226059 0.5054337 -0.0199759 0.8623379
38.072390 16.9240036 -1.2830311 12.2867393 0.0230645 0.5080833 -0.0194740 0.8607788
38.278810 17.0380859 -1.2913899 12.3484812 0.0249856 0.5117751 -0.0201588 0.8585194
38.485830 17.1493187 -1.2985277 12.4080420 0.0269490 0.5164794 -0.0216306 0.8556021
38.692720 17.2609062 -1.3073235 12.4657631 0.0307121 0.5222676 -0.0224561 0.8519326
38.899920 17.3750381 -1.3157811 12.5230360 0.0295632 0.5283516 -0.0257375 0.8481204
39.106870 17.4911823 -1.3246732 12.5792704 0.0285881 0.5343097 -0.0278309 0.8443466
39.313880 17.6092091 -1.3345230 12.6343803 0.0300238 0.5409425 -0.0314229 0.8399360
39.520900 17.7315941 -1.3443499 12.6887999 0.0311386 0.5474635 -0.0345059 0.8355379
39.727990 17.8572006 -1.3558586 12.7430000 0.0320230 0.5542538 -0.0366436 0.8309239
39.934800 17.9885254 -1.3674858 12.7951069 0.0340042 0.5606326 -0.0349827 0.8266263
40.141680 18.1238441 -1.3797076 12.8480816 0.0313282 0.5674123 -0.0335596 0.8221530
40.350540 18.2651424 -1.3909640 12.8999891 0.0297765 0.5730536 -0.0300268 0.8184261
40.556060 18.4120026 -1.4020172 12.9522390 0.0251305 0.5779594 -0.0262143 0.8152572
40.865860 18.6335049 -1.4169502 13.0261192 0.0380175 0.5838838 -0.0286503 0.8104404
41.176820 18.8654060 -1.4371765 13.0994167 0.0434080 0.5895270 -0.0210477 0.8063068
41.486770 19.1056919 -1.4583510 13.1741276 0.0449783 0.5952907 -0.0260381 0.8018279
41.796670 19.3485222 -1.4810508 13.2472305 0.0389498 0.6020215 -0.0277436 0.7970467
42.106940 19.6001186 -1.5043197 13.3169231 0.0411376 0.6082722 -0.0291791 0.7921245
42.417600 19.8557110 -1.5274400 13.3839760 0.0428095 0.6131930 -0.0261582 0.7883384
42.727360 20.1203556 -1.5519505 13.4499073 0.0405261 0.6165654 -0.0253221 0.7858521
43.037390 20.3806400 -1.5756583 13.5148716 0.0395110 0.6189609 -0.0288463 0.7838968
43.347610 20.6376686 -1.5996240 13.5771246 0.0374378 0.6210967 -0.0264803 0.7823913
43.762280 20.9852734 -1.6311959 13.6575985 0.0413580 0.6236722 -0.0291454 0.7800468
44.071640 21.2443523 -1.6566023 13.7163887 0.0367107 0.6272822 -0.0274815 0.7774408
44.278660 21.4171791 -1.6719739 13.7541065 0.0349312 0.6304343 -0.0264778 0.7750041
44.589150 21.6776772 -1.6939417 13.8077869 0.0353445 0.6355354 -0.0268810 0.7707937
44.796760 21.8500366 -1.7084749 13.8404751 0.0346407 0.6386449 -0.0266241 0.7682602
45.003060 22.0228195 -1.7232857 13.8722553 0.0336015 0.6417820 -0.0284063 0.7656239
45.209900 22.1943932 -1.7378612 13.9030933 0.0310747 0.6446809 -0.0307485 0.7632008
45.416890 22.3649254 -1.7522767 13.9338799 0.0318707 0.6472393 -0.0365773 0.7607415
45.623680 22.5364647 -1.7675369 13.9623165 0.0305862 0.6497921 -0.0374913 0.7585705
45.830550 22.7077694 -1.7831516 13.9891844 0.0283509 0.6524732 -0.0347824 0.7564821
46.037440 22.8777084 -1.7972661 14.0142879 0.0284588 0.6550832 -0.0340684 0.7542516
46.244200 23.0478745 -1.8117099 14.0386677 0.0298747 0.6584418 -0.0363354 0.7511601
46.451100 23.2183342 -1.8256235 14.0588865 0.0293793 0.6621404 -0.0299492 0.7482045
46.657980 23.3856754 -1.8399770 14.0791969 0.0356983 0.6655908 -0.0331366 0.7447258
46.864950 23.5495777 -1.8554989 14.0972290 0.0415899 0.6694515 -0.0389152 0.7406690
47.071770 23.7154140 -1.8723898 14.1139116 0.0347174 0.6734668 -0.0372326 0.7374625
47.278520 23.8813324 -1.8896629 14.1282148 0.0310764 0.6775203 -0.0370297 0.7339137
47.588920 24.1318607 -1.9111611 14.1475887 0.0236591 0.6857000 -0.0375617 0.7265293
47.899190 24.3756981 -1.9314768 14.1585407 0.0291113 0.6926919 -0.0377455 0.7196568
48.209330 24.6171551 -1.9520295 14.1673040 0.0276577 0.6996827 -0.0355467 0.7130327
48.416100 24.7802124 -1.9659140 14.1694374 0.0303283 0.7030289 -0.0370590 0.7095472
48.622870 24.9413891 -1.9802450 14.1697807 0.0327933 0.7052009 -0.0348851 0.7073891
48.932760 25.1846027 -2.0021935 14.1696129 0.0331460 0.7073423 -0.0307700 0.7054229
49.139410 25.3460007 -2.0162497 14.1688032 0.0356235 0.7078189 -0.0305461 0.7048335
49.346620 25.5037994 -2.0305066 14.1681595 0.0384765 0.7073796 -0.0294985 0.7051691
49.553030 25.6582851 -2.0451233 14.1681957 0.0397737 0.7062841 -0.0283274 0.7062424
49.759580 25.8088188 -2.0595336 14.1692162 0.0393644 0.7046579 -0.0263774 0.7079633
49.966330 25.9573002 -2.0730119 14.1709576 0.0370781 0.7023371 -0.0243578 0.7104607
50.172720 26.1025124 -2.0856750 14.1753349 0.0340720 0.6997691 -0.0261094 0.7130783
50.379340 26.2424316 -2.0975444 14.1799145 0.0336085 0.6969126 -0.0274127 0.7158434
50.586570 26.3788948 -2.1094265 14.1850996 0.0307587 0.6944345 -0.0262677 0.7184181
50.793430 26.5107899 -2.1199598 14.1911602 0.0299448 0.6916476 -0.0266902 0.7211204
50.999580 26.6358070 -2.1302299 14.1973696 0.0311923 0.6888077 -0.0277143 0.7237422
51.206270 26.7561913 -2.1405673 14.2057219 0.0308977 0.6865706 -0.0302353 0.7257768
51.413610 26.8722668 -2.1507072 14.2140551 0.0296455 0.6840698 -0.0318639 0.7281169
51.622300 26.9828854 -2.1600623 14.2221804 0.0293860 0.6816007 -0.0325605 0.7304085
51.826760 27.0888348 -2.1694849 14.2317467 0.0287887 0.6795897 -0.0350052 0.7321910
52.033540 27.1921329 -2.1787567 14.2407856 0.0277698 0.6772208 -0.0355357 0.7343963
52.240390 27.2904930 -2.1875186 14.2504387 0.0279784 0.6750931 -0.0363363 0.7363058
52.447130 27.3848057 -2.1959209 14.2598448 0.0290585 0.6731894 -0.0371740 0.7379633
52.757460 27.5214901 -2.2080958 14.2742500 0.0297106 0.6711985 -0.0395014 0.7396280
53.067800 27.6562595 -2.2207444 14.2886982 0.0304759 0.6710477 -0.0402585 0.7396928
53.378120 27.7957802 -2.2331305 14.3025618 0.0298235 0.6726021 -0.0401528 0.7383121
53.688500 27.9398842 -2.2474742 14.3148251 0.0382434 0.6747653 -0.0402921 0.7359387
53.999020 28.0933876 -2.2617083 14.3276443 0.0395362 0.6771286 -0.0395194 0.7337384
54.309430 28.2573433 -2.2784586 14.3395014 0.0407029 0.6795846 -0.0364335 0.7315605
54.619690 28.4303818 -2.2947700 14.3505039 0.0427915 0.6811923 -0.0335835 0.7300809
54.930030 28.6132641 -2.3131976 14.3640604 0.0422582 0.6834027 -0.0363754 0.7279092
55.240380 28.8047981 -2.3317995 14.3760576 0.0427852 0.6848976 -0.0385574 0.7263594
55.550620 29.0039158 -2.3527250 14.3875122 0.0443260 0.6868430 -0.0408792 0.7243002
55.860740 29.2082272 -2.3756375 14.3979015 0.0487525 0.6880978 -0.0414022 0.7227935
56.170950 29.4206810 -2.3987179 14.4052973 0.0499987 0.6893917 -0.0348431 0.7218208
56.481050 29.6415081 -2.4226232 14.4155979 0.0515957 0.6897468 -0.0346457 0.7213785
56.791050 29.8683376 -2.4479938 14.4269009 0.0507850 0.6886637 -0.0328335 0.7225547
57.100960 30.0997658 -2.4730144 14.4399042 0.0495589 0.6871203 -0.0307449 0.7241991
57.410890 30.3414707 -2.4971182 14.4539490 0.0511627 0.6844258 -0.0286053 0.7267224
57.720780 30.5859642 -2.5223436 14.4710121 0.0516945 0.6814376 -0.0273327 0.7295364
58.030610 30.8345394 -2.5483928 14.4913263 0.0516535 0.6782461 -0.0294009 0.7324272
58.443830 31.1703987 -2.5849519 14.5211620 0.0492814 0.6751751 -0.0299799 0.7353986
58.857110 31.5139046 -2.6203179 14.5520611 0.0495715 0.6738809 -0.0289371 0.7366070
59.373860 31.9394093 -2.6654055 14.5926971 0.0466977 0.6734524 -0.0307963 0.7371110
59.683780 32.1908188 -2.6928182 14.6172581 0.0463115 0.6732361 -0.0317459 0.7372927
59.993680 32.4391022 -2.7198188 14.6403503 0.0466475 0.6729638 -0.0324146 0.7374910
60.303580 32.6902084 -2.7457967 14.6643810 0.0474767 0.6717384 -0.0281112 0.7387308
60.510030 32.8551865 -2.7633877 14.6804600 0.0539097 0.6697640 -0.0270882 0.7401190
60.819920 33.1033363 -2.7903080 14.7065697 0.0574736 0.6660244 -0.0255040 0.7432750
61.129940 33.3509865 -2.8194318 14.7355881 0.0574621 0.6620079 -0.0244680 0.7468902
61.543140 33.6823082 -2.8552661 14.7816505 0.0524207 0.6546330 -0.0243615 0.7537335
61.853030 33.9252777 -2.8807459 14.8200684 0.0515999 0.6462975 -0.0270536 0.7608582
62.162940 34.1645775 -2.9077797 14.8663149 0.0507210 0.6355422 -0.0289785 0.7698531
62.576200 34.4905052 -2.9440718 14.9385395 0.0484099 0.6223184 -0.0307395 0.7806608
62.886160 34.7362442 -2.9713185 14.9994278 0.0477700 0.6160424 -0.0317258 0.7856228
63.092920 34.9012375 -2.9891052 15.0417948 0.0474693 0.6123914 -0.0321328 0.7884738
63.299560 35.0647850 -3.0075300 15.0855274 0.0475295 0.6087654 -0.0320036 0.7912784
63.609460 35.3121643 -3.0348535 15.1546097 0.0452691 0.6032640 -0.0305538 0.7956694
63.816090 35.4751244 -3.0525432 15.2029800 0.0434583 0.5996946 -0.0296357 0.7984983
64.125870 35.7137985 -3.0785813 15.2768345 0.0445220 0.5939727 -0.0329735 0.8025752
64.435680 35.9540062 -3.1045871 15.3536568 0.0394114 0.5898694 -0.0329811 0.8058617
64.745710 36.1863022 -3.1292539 15.4313488 0.0406183 0.5882217 -0.0390931 0.8067324
64.952280 36.3408890 -3.1462681 15.4829302 0.0371725 0.5879359 -0.0395840 0.8070828
65.262120 36.5692329 -3.1701891 15.5589943 0.0330101 0.5881543 -0.0386263 0.8071511
65.571960 36.7925415 -3.1927476 15.6318789 0.0348066 0.5887966 -0.0358840 0.8067338
65.881970 37.0190353 -3.2149642 15.7038994 0.0383068 0.5889379 -0.0366482 0.8064376
66.191750 37.2441711 -3.2379055 15.7773619 0.0383639 0.5893633 -0.0364579 0.8061327
66.503710 37.4742699 -3.2610068 15.8520041 0.0406143 0.5892647 -0.0374008 0.8060513
66.811530 37.7152405 -3.2862763 15.9284830 0.0399750 0.5889972 -0.0356904 0.8063563
67.122370 37.9569130 -3.3112645 16.0069141 0.0443486 0.5883695 -0.0320783 0.8067375
67.431360 38.2028275 -3.3380120 16.0843754 0.0478324 0.5865551 -0.0264750 0.8080621
67.741230 38.4464417 -3.3627090 16.1658268 0.0411002 0.5860861 -0.0239240 0.8088520
68.051170 38.6870346 -3.3867745 16.2457542 0.0444548 0.5853173 -0.0248598 0.8092030
68.361010 38.9256477 -3.4103351 16.3254528 0.0432603 0.5847092 -0.0223448 0.8097805
68.670920 39.1565666 -3.4336534 16.4031601 0.0425880 0.5851151 -0.0219663 0.8095332
68.981020 39.3805504 -3.4558084 16.4776764 0.0411175 0.5864401 -0.0197970 0.8087060
69.394410 39.6633759 -3.4838872 16.5701866 0.0471875 0.5884066 -0.0252347 0.8067926
69.704490 39.8737068 -3.5049746 16.6380959 0.0437241 0.5901644 -0.0234488 0.8057570
70.014150 40.0782928 -3.5256233 16.7032661 0.0452069 0.5909682 -0.0226730 0.8051080
70.324290 40.2836189 -3.5463035 16.7672653 0.0473897 0.5909092 -0.0222148 0.8050385
70.634290 40.4866524 -3.5664220 16.8314857 0.0489579 0.5909339 -0.0228582 0.8049085
70.946380 40.6913910 -3.5877843 16.8963146 0.0474815 0.5898782 -0.0211955 0.8058163
71.255370 40.8910637 -3.6088450 16.9620914 0.0460512 0.5877961 -0.0204008 0.8074397
71.564460 41.0814209 -3.6278262 17.0264950 0.0455971 0.5854893 -0.0222220 0.8090917
71.874710 41.2641449 -3.6468530 17.0881653 0.0435182 0.5839847 -0.0222562 0.8102917
72.184720 41.4358482 -3.6642945 17.1473751 0.0437133 0.5826321 -0.0218149 0.8112664
72.495110 41.6022530 -3.6809475 17.2039852 0.0439651 0.5810124 -0.0217501 0.8124153
72.804810 41.7583237 -3.6972079 17.2586517 0.0437372 0.5797337 -0.0219526 0.8133351
73.218200 41.9525261 -3.7159362 17.3272171 0.0418914 0.5785637 -0.0221407 0.8142598
73.528470 42.0849075 -3.7301998 17.3759327 0.0440710 0.5778502 -0.0249010 0.8145716
73.838630 42.2108002 -3.7427499 17.4200668 0.0462170 0.5767451 -0.0248359 0.8152375
74.150730 42.3254395 -3.7558894 17.4617004 0.0438002 0.5782458 -0.0245748 0.8143153
74.459100 42.4319420 -3.7666147 17.4984989 0.0431718 0.5796964 -0.0241116 0.8133308
74.769280 42.5285683 -3.7763426 17.5315361 0.0427433 0.5809030 -0.0229420 0.8125259
75.079510 42.6154404 -3.7851887 17.5627346 0.0412707 0.5824487 -0.0240588 0.8114625
75.389540 42.6962738 -3.7929072 17.5896187 0.0429870 0.5835904 -0.0239090 0.8105570
75.699680 42.7731476 -3.8004098 17.6154842 0.0423521 0.5836911 -0.0241392 0.8105111
76.009520 42.8468704 -3.8072987 17.6416721 0.0411075 0.5820969 -0.0252110 0.8116882
76.319510 42.9210434 -3.8143630 17.6683578 0.0414489 0.5766329 -0.0250997 0.8155651
76.628920 42.9951324 -3.8218460 17.6990948 0.0415187 0.5647295 -0.0270502 0.8237870
76.938900 43.0730515 -3.8296485 17.7353630 0.0414526 0.5458350 -0.0287694 0.8363720
77.351390 43.1751862 -3.8406467 17.7905922 0.0434576 0.5099066 -0.0327248 0.8585079
77.764930 43.2673225 -3.8512590 17.8521805 0.0417137 0.4904709 -0.0422924 0.8694306
78.179430 43.3550339 -3.8622639 17.8999805 0.0435356 0.5115328 -0.0408537 0.8571872
78.593920 43.4440575 -3.8736887 17.9367981 0.0447271 0.5496013 -0.0379668 0.8333645
79.007710 43.5399551 -3.8853004 17.9657249 0.0478217 0.5810348 -0.0325422 0.8118206
79.422000 43.6356392 -3.8961749 17.9927177 0.0459864 0.5980589 -0.0296272 0.7995831
79.833670 43.7187958 -3.9053726 18.0173740 0.0473609 0.5908735 -0.0274750 0.8049040
80.245950 43.7857666 -3.9135242 18.0474834 0.0431884 0.5678582 -0.0334250 0.8213128
80.658440 43.8364220 -3.9200377 18.0709991 0.0496214 0.5402814 -0.0285659 0.8395342
81.071670 43.8739815 -3.9244008 18.0986671 0.0434364 0.5137683 -0.0353896 0.8560976
81.484880 43.9042702 -3.9277115 18.1203327 0.0424438 0.4909761 -0.0347387 0.8694448
81.900220 43.9251442 -3.9308467 18.1403828 0.0388312 0.4734458 -0.0423450 0.8789471
82.312040 43.9413147 -3.9326944 18.1533165 0.0378254 0.4615133 -0.0397557 0.8854344
82.726180 43.9523201 -3.9338608 18.1657124 0.0345564 0.4521844 -0.0448299 0.8901266
