0.000000 0.0000020 0.0000001 -0.0000822 -0.0000020 -0.0000052 0.0000028 1.0000000
0.104499 0.0003642 -0.0010906 0.0553535 0.0003737 0.0004386 -0.0003218 0.9999998
0.207793 0.0004661 -0.0021784 0.1101621 0.0000580 0.0009649 -0.0005482 0.9999994
0.311634 0.0003538 -0.0030982 0.1643037 -0.0001703 0.0015948 -0.0001789 0.9999987
0.415494 0.0003528 -0.0038722 0.2186447 0.0000164 0.0021839 0.0000877 0.9999976
0.519644 0.0003231 -0.0047944 0.2736509 -0.0000593 0.0026634 -0.0000078 0.9999964
0.623401 0.0006691 -0.0058534 0.3285480 0.0003246 0.0029390 -0.0001590 0.9999956
0.727346 0.0005553 -0.0068875 0.3826782 0.0004287 0.0033257 -0.0000171 0.9999944
0.831180 0.0010558 -0.0077808 0.4376302 -0.0002370 0.0032060 0.0004073 0.9999948
0.935030 0.0011763 -0.0089085 0.4924471 -0.0007799 0.0025419 0.0008190 0.9999961
1.038877 0.0007552 -0.0097233 0.5460625 -0.0005551 0.0014973 0.0013107 0.9999979
1.246636 0.0005085 -0.0115905 0.6539271 -0.0003244 -0.0002101 0.0010838 0.9999993
1.350553 0.0000926 -0.0123416 0.7079815 -0.0001828 -0.0006045 0.0003709 0.9999997
1.454410 -0.0000794 -0.0129575 0.7620468 -0.0000602 -0.0009361 0.0005112 0.9999994
1.662157 -0.0009115 -0.0149777 0.8700445 -0.0004871 -0.0013782 0.0010214 0.9999984
1.870090 -0.0014869 -0.0168433 0.9766300 0.0004436 -0.0019510 0.0008825 0.9999976
2.077874 -0.0023756 -0.0189431 1.0821160 0.0001651 -0.0026653 0.0005371 0.9999963
2.285652 -0.0035886 -0.0207838 1.1866972 0.0001972 -0.0034946 0.0004522 0.9999937
2.493488 -0.0045682 -0.0224709 1.2917373 -0.0005764 -0.0044600 0.0013699 0.9999890
2.701441 -0.0057398 -0.0249720 1.3961369 -0.0000219 -0.0054929 0.0018786 0.9999831
2.909338 -0.0072868 -0.0270984 1.5007784 -0.0003584 -0.0061869 0.0016831 0.9999794
3.117132 -0.0082470 -0.0285634 1.6056393 -0.0003352 -0.0070503 0.0023215 0.9999724
3.324990 -0.0100333 -0.0300062 1.7089813 -0.0005406 -0.0072997 0.0025796 0.9999699
3.636879 -0.0133098 -0.0323523 1.8625659 -0.0012642 -0.0072161 0.0019886 0.9999712
3.844868 -0.0151350 -0.0336174 1.9656265 -0.0020815 -0.0068270 0.0000622 0.9999745
4.156747 -0.0171289 -0.0352851 2.1202250 -0.0067968 -0.0044422 -0.0003089 0.9999670
4.364619 -0.0179032 -0.0355363 2.2212625 -0.0066314 -0.0031095 0.0006851 0.9999729
4.572617 -0.0186539 -0.0357256 2.3216269 -0.0053830 -0.0022936 -0.0001596 0.9999829
4.676494 -0.0187643 -0.0360173 2.3714871 -0.0050431 -0.0024435 -0.0000359 0.9999843
4.884244 -0.0197516 -0.0364406 2.4713504 -0.0045772 -0.0036002 0.0003213 0.9999830
4.988118 -0.0204888 -0.0369532 2.5210931 -0.0052569 -0.0042415 0.0005158 0.9999771
5.195994 -0.0218827 -0.0378050 2.6205537 -0.0054754 -0.0053769 -0.0000029 0.9999706
5.299899 -0.0223975 -0.0382248 2.6701803 -0.0055002 -0.0059035 -0.0000589 0.9999675
5.403745 -0.0233907 -0.0384545 2.7197990 -0.0050662 -0.0059444 0.0003273 0.9999694
5.507756 -0.0237408 -0.0389179 2.7700233 -0.0047038 -0.0062502 0.0007345 0.9999691
5.611618 -0.0246992 -0.0395181 2.8194296 -0.0054509 -0.0064351 0.0010697 0.9999639
5.715493 -0.0256444 -0.0399636 2.8689454 -0.0062614 -0.0065086 0.0011814 0.9999585
5.819513 -0.0265968 -0.0400270 2.9187322 -0.0052177 -0.0067478 0.0007811 0.9999633
5.923372 -0.0275183 -0.0401640 2.9681640 -0.0045672 -0.0068191 -0.0002801 0.9999663
6.027387 -0.0285183 -0.0406144 3.0174210 -0.0047817 -0.0068248 -0.0013152 0.9999644
6.131261 -0.0294754 -0.0409912 3.0667632 -0.0048383 -0.0068827 -0.0023008 0.9999620
6.339121 -0.0311317 -0.0417076 3.1652102 -0.0054611 -0.0064493 -0.0035299 0.9999580
6.547122 -0.0326689 -0.0426041 3.2625346 -0.0046748 -0.0041439 -0.0038265 0.9999732
6.755121 -0.0334056 -0.0435589 3.3594823 -0.0018357 -0.0016892 -0.0030600 0.9999922
6.963119 -0.0338100 -0.0448431 3.4542825 -0.0043638 0.0013457 -0.0024972 0.9999865
7.171120 -0.0337620 -0.0462105 3.5483294 -0.0019787 0.0051259 -0.0023309 0.9999822
7.379122 -0.0325377 -0.0474511 3.6394515 0.0003574 0.0086429 -0.0012991 0.9999617
7.587125 -0.0307786 -0.0490618 3.7314136 -0.0008062 0.0123316 -0.0017210 0.9999222
7.795143 -0.0284799 -0.0506857 3.8227253 0.0015022 0.0159733 -0.0013459 0.9998704
8.003122 -0.0252800 -0.0525275 3.9131682 0.0010899 0.0189267 -0.0005386 0.9998201
8.211127 -0.0218471 -0.0538541 4.0030375 -0.0002956 0.0216654 0.0000332 0.9997652
8.523125 -0.0160992 -0.0570482 4.1369185 0.0018156 0.0252214 0.0022601 0.9996777
8.731123 -0.0116199 -0.0585114 4.2276540 0.0037556 0.0270858 0.0020064 0.9996241
9.043123 -0.0049313 -0.0610919 4.3635674 0.0018743 0.0262232 0.0021212 0.9996521
9.355001 0.0005768 -0.0637561 4.5016208 0.0012172 0.0225797 0.0012757 0.9997435
9.562998 0.0031689 -0.0651564 4.5936384 0.0013152 0.0188286 0.0006396 0.9998217
9.770876 0.0056887 -0.0666508 4.6866908 0.0004346 0.0146882 0.0001809 0.9998920
9.978770 0.0075372 -0.0682391 4.7806039 0.0000868 0.0100635 -0.0001651 0.9999493
10.082750 0.0079896 -0.0690239 4.8267379 0.0000548 0.0075339 -0.0005266 0.9999714
10.290630 0.0082487 -0.0702891 4.9209790 0.0006568 0.0026623 -0.0011214 0.9999956
10.394630 0.0082059 -0.0713400 4.9676390 0.0005367 0.0008380 -0.0020515 0.9999974
10.602630 0.0070644 -0.0731324 5.0626550 0.0006431 -0.0005207 -0.0037157 0.9999927
10.810750 0.0064957 -0.0746333 5.1581578 0.0001537 -0.0016756 -0.0055528 0.9999832
11.018750 0.0053850 -0.0760783 5.2535701 -0.0010860 -0.0024659 -0.0071138 0.9999710
11.226750 0.0040417 -0.0771064 5.3493853 -0.0023629 -0.0029253 -0.0070562 0.9999681
11.434620 0.0033060 -0.0781522 5.4451675 -0.0020497 -0.0036317 -0.0056022 0.9999756
11.642630 0.0025967 -0.0791421 5.5418973 -0.0039232 -0.0042227 -0.0028189 0.9999794
11.850630 0.0017198 -0.0797109 5.6381221 -0.0033377 -0.0043171 0.0000474 0.9999851
12.058500 0.0010307 -0.0808395 5.7342439 -0.0029368 -0.0042622 0.0020201 0.9999846
12.266520 -0.0002443 -0.0814929 5.8298817 -0.0040280 -0.0036556 0.0021282 0.9999830
12.474370 -0.0009808 -0.0822340 5.9256659 -0.0038929 -0.0031133 0.0009805 0.9999871
12.682250 -0.0018712 -0.0834795 6.0215278 -0.0017741 -0.0026505 0.0007922 0.9999946
12.890250 -0.0027933 -0.0849038 6.1166892 0.0021359 -0.0022887 0.0014451 0.9999940
13.098130 -0.0035149 -0.0869804 6.2113214 0.0024873 -0.0022389 0.0016091 0.9999931
13.306000 -0.0041767 -0.0892460 6.3050804 0.0014606 -0.0024857 0.0011096 0.9999952
13.514010 -0.0049004 -0.0910902 6.3983626 0.0015163 -0.0029710 0.0008485 0.9999941
13.721880 -0.0061501 -0.0929244 6.4924207 0.0008134 -0.0036254 0.0007368 0.9999928
13.929750 -0.0073836 -0.0946286 6.5852132 0.0011483 -0.0042278 -0.0000372 0.9999904
14.137750 -0.0090286 -0.0966817 6.6779199 0.0016873 -0.0047296 -0.0006874 0.9999872
14.345630 -0.0102455 -0.0986191 6.7704549 0.0026793 -0.0056348 -0.0006372 0.9999803
14.553630 -0.0119689 -0.1007581 6.8633819 0.0018194 -0.0062962 -0.0007247 0.9999782
14.761510 -0.0134765 -0.1026804 6.9564562 0.0015681 -0.0071667 -0.0011280 0.9999725
15.073250 -0.0166777 -0.1057314 7.0955973 0.0019524 -0.0077847 -0.0018644 0.9999660
15.281260 -0.0185768 -0.1076602 7.1871495 0.0024255 -0.0081810 -0.0017002 0.9999622
15.489130 -0.0203587 -0.1096640 7.2796350 0.0031616 -0.0084308 0.0005226 0.9999593
15.697000 -0.0223872 -0.1116116 7.3719153 -0.0009375 -0.0085185 0.0009861 0.9999628
15.801010 -0.0237188 -0.1123671 7.4174671 -0.0006114 -0.0084309 0.0003831 0.9999642
16.009010 -0.0256864 -0.1140774 7.5089078 0.0020281 -0.0085250 -0.0004675 0.9999615
16.216880 -0.0278748 -0.1165306 7.5996614 0.0010635 -0.0084642 -0.0003149 0.9999636
16.424880 -0.0296194 -0.1181131 7.6913624 -0.0003448 -0.0080129 -0.0002419 0.9999678
16.736760 -0.0323802 -0.1206982 7.8275523 0.0015029 -0.0059865 0.0004393 0.9999809
16.944760 -0.0337071 -0.1225761 7.9175963 0.0014449 -0.0045336 0.0007213 0.9999884
17.152760 -0.0349429 -0.1244935 8.0065699 0.0003238 -0.0032069 0.0003432 0.9999948
17.360750 -0.0354911 -0.1263224 8.0941687 0.0001368 -0.0022240 0.0003801 0.9999974
17.672760 -0.0369122 -0.1287884 8.2225475 0.0002194 -0.0006322 0.0003660 0.9999997
17.880630 -0.0373804 -0.1306873 8.3063097 -0.0003731 -0.0001895 0.0008963 0.9999995
18.088630 -0.0379456 -0.1322571 8.3875103 -0.0007065 -0.0005583 0.0010777 0.9999990
18.296630 -0.0386182 -0.1339318 8.4664440 0.0001731 -0.0009630 0.0006844 0.9999993
18.504630 -0.0392901 -0.1357794 8.5431938 0.0001919 -0.0018360 0.0011262 0.9999977
18.608520 -0.0396582 -0.1364971 8.5806532 -0.0002033 -0.0027731 0.0012323 0.9999954
18.816510 -0.0407051 -0.1379316 8.6551208 -0.0018330 -0.0047323 0.0015050 0.9999860
19.024630 -0.0421625 -0.1391951 8.7274446 -0.0016196 -0.0071321 0.0011940 0.9999725
19.232630 -0.0437092 -0.1405262 8.7970886 -0.0018832 -0.0101216 0.0009484 0.9999465
19.440510 -0.0457090 -0.1415874 8.8635626 -0.0013512 -0.0130800 0.0006732 0.9999133
19.648650 -0.0479809 -0.1428919 8.9262800 -0.0008572 -0.0163715 0.0002801 0.9998656
19.856630 -0.0506515 -0.1440888 8.9858456 -0.0003771 -0.0190182 -0.0007693 0.9998187
20.064890 -0.0532525 -0.1453614 9.0427237 -0.0011757 -0.0192487 -0.0010373 0.9998135
20.273010 -0.0553845 -0.1464125 9.0969124 -0.0013126 -0.0189330 -0.0010307 0.9998193
20.481150 -0.0577951 -0.1475717 9.1495810 0.0006673 -0.0181813 -0.0013241 0.9998336
20.689270 -0.0598291 -0.1485738 9.2021618 0.0016885 -0.0168432 -0.0016786 0.9998553
20.897510 -0.0616776 -0.1496825 9.2538157 0.0018108 -0.0151409 -0.0013430 0.9998828
21.105630 -0.0632375 -0.1508745 9.3051863 0.0020478 -0.0130674 -0.0011539 0.9999118
21.313760 -0.0644249 -0.1522229 9.3559475 0.0013105 -0.0101101 -0.0005420 0.9999479
21.521880 -0.0653127 -0.1532026 9.4062729 0.0012569 -0.0071303 -0.0000883 0.9999738
21.730010 -0.0659950 -0.1543094 9.4558840 0.0015584 -0.0041287 0.0003535 0.9999902
21.938260 -0.0663999 -0.1553971 9.5056143 0.0021426 -0.0012151 -0.0001923 0.9999970
22.146400 -0.0664609 -0.1563912 9.5563650 0.0014845 0.0014534 -0.0002798 0.9999978
22.354510 -0.0661799 -0.1574640 9.6076336 0.0023905 0.0036334 -0.0004480 0.9999905
22.562760 -0.0660948 -0.1585155 9.6586428 0.0044923 0.0051251 0.0002058 0.9999768
22.770760 -0.0658789 -0.1598246 9.7111158 0.0048186 0.0053768 0.0007920 0.9999736
22.978890 -0.0654542 -0.1611387 9.7639856 0.0052222 0.0054928 -0.0003794 0.9999712
23.186890 -0.0648820 -0.1625272 9.8176842 0.0072904 0.0057102 0.0021625 0.9999548
23.395010 -0.0642949 -0.1634216 9.8722363 0.0059892 0.0062615 0.0024359 0.9999595
23.603010 -0.0639270 -0.1649175 9.9281254 0.0009903 0.0069146 0.0011398 0.9999750
24.019270 -0.0623848 -0.1670447 10.0415955 0.0068576 0.0139042 -0.0010009 0.9998793
24.227390 -0.0602716 -0.1681225 10.1006174 0.0044120 0.0168630 0.0013283 0.9998472
24.539510 -0.0577594 -0.1704374 10.1890955 0.0043066 0.0213758 0.0014819 0.9997612
24.851760 -0.0539397 -0.1723616 10.2786398 0.0045835 0.0252301 0.0002029 0.9996712
25.059780 -0.0511705 -0.1736016 10.3381596 0.0039070 0.0282961 -0.0011363 0.9995913
25.371770 -0.0456654 -0.1753014 10.4278822 0.0044251 0.0318389 0.0007199 0.9994830
25.579770 -0.0418859 -0.1771571 10.4876432 0.0042042 0.0324654 0.0017751 0.9994624
25.787650 -0.0382237 -0.1786861 10.5482779 0.0038066 0.0326589 0.0018554 0.9994576
25.995520 -0.0342550 -0.1802736 10.6086063 0.0040112 0.0316126 0.0019802 0.9994902
26.203510 -0.0309830 -0.1818436 10.6686506 0.0046955 0.0300501 0.0012409 0.9995366
26.411390 -0.0277860 -0.1834154 10.7282429 0.0050255 0.0283270 -0.0000357 0.9995861
26.619260 -0.0251068 -0.1848790 10.7877836 0.0041598 0.0259054 -0.0002810 0.9996557
26.827140 -0.0228797 -0.1865076 10.8466749 0.0020174 0.0214905 0.0007335 0.9997668
27.035140 -0.0210497 -0.1877982 10.9047775 0.0010885 0.0166446 0.0010550 0.9998603
27.243260 -0.0200250 -0.1888489 10.9608812 0.0008840 0.0120595 0.0019060 0.9999251
27.451390 -0.0197382 -0.1900801 11.0144892 0.0012106 0.0081925 0.0015270 0.9999645
27.659410 -0.0198303 -0.1911975 11.0654411 0.0011640 0.0045432 0.0015970 0.9999877
27.867410 -0.0205391 -0.1923295 11.1138115 0.0023514 0.0001044 0.0015993 0.9999959
28.075410 -0.0217188 -0.1937140 11.1593256 0.0040366 -0.0072068 0.0004068 0.9999658
28.283270 -0.0235916 -0.1948712 11.2025394 0.0048423 -0.0192324 0.0002484 0.9998033
28.490900 -0.0274336 -0.1961501 11.2429419 0.0041619 -0.0374529 -0.0018430 0.9992880
28.802270 -0.0360423 -0.1978962 11.2997150 0.0041486 -0.0754730 -0.0039062 0.9971316
29.009770 -0.0443182 -0.1984957 11.3353157 0.0028435 -0.1083286 -0.0043179 0.9941017
29.217280 -0.0550146 -0.1993085 11.3685989 0.0008260 -0.1459301 -0.0048381 0.9892827
29.632160 -0.0834088 -0.2003905 11.4277411 -0.0029021 -0.2307725 -0.0052215 0.9729894
29.839540 -0.1013169 -0.2007087 11.4541159 -0.0043624 -0.2781568 -0.0040120 0.9605173
30.047140 -0.1220207 -0.2006129 11.4783401 -0.0053078 -0.3280686 -0.0043778 0.9446288
30.254640 -0.1452312 -0.2005043 11.4990959 -0.0071073 -0.3798740 -0.0024441 0.9250077
30.462040 -0.1700125 -0.2004721 11.5172539 -0.0120156 -0.4355493 0.0003637 0.9000846
30.669520 -0.1972632 -0.2003802 11.5304127 -0.0130676 -0.4912322 -0.0041601 0.8709207
30.980890 -0.2399154 -0.1996609 11.5442791 -0.0141420 -0.5713882 -0.0075697 0.8205231
31.292410 -0.2844976 -0.1992264 11.5500050 -0.0193333 -0.6454781 -0.0095998 0.7634737
31.500160 -0.3165359 -0.1983980 11.5490284 -0.0224766 -0.6937682 -0.0125980 0.7197373
31.707810 -0.3503563 -0.1970578 11.5434885 -0.0272713 -0.7403361 -0.0167682 0.6714742
31.811650 -0.3678590 -0.1965145 11.5389776 -0.0296170 -0.7625495 -0.0190050 0.6459720
32.019400 -0.4035861 -0.1944914 11.5262270 -0.0340401 -0.8041397 -0.0212157 0.5930856
32.227300 -0.4398212 -0.1921141 11.5075102 -0.0360607 -0.8407628 -0.0210077 0.5397928
32.435430 -0.4766736 -0.1892072 11.4834862 0.0365577 0.8721880 0.0205650 -0.4873693
32.643770 -0.5133805 -0.1861789 11.4528694 0.0366721 0.8966141 0.0212473 -0.4407798
32.852150 -0.5506120 -0.1831427 11.4166927 0.0427511 0.9168032 0.0217315 -0.3964492
32.956400 -0.5699110 -0.1812871 11.3961906 0.0457402 0.9264725 0.0222355 -0.3729104
33.164770 -0.6068087 -0.1772049 11.3487225 0.0449433 0.9432331 0.0211877 -0.3283938
33.373140 -0.6408925 -0.1738451 11.2951622 0.0426671 0.9570210 0.0173068 -0.2863404
33.581640 -0.6733623 -0.1705819 11.2343540 0.0415073 0.9682499 0.0157526 -0.2460105
33.790020 -0.7029598 -0.1677387 11.1666012 0.0399421 0.9777211 0.0152440 -0.2055085
33.998280 -0.7291157 -0.1647788 11.0922537 0.0431567 0.9852931 0.0151739 -0.1646353
34.206650 -0.7497168 -0.1621709 11.0120754 0.0452965 0.9908181 0.0169679 -0.1262526
34.414890 -0.7664586 -0.1590114 10.9253626 0.0446041 0.9948177 0.0151900 -0.0900969
34.623270 -0.7784028 -0.1561710 10.8336639 0.0436928 0.9973248 0.0136675 -0.0569857
34.831660 -0.7845806 -0.1540242 10.7361450 0.0432800 0.9986093 0.0134106 -0.0269529
35.040020 -0.7854425 -0.1518452 10.6337891 0.0419245 0.9990218 0.0140141 -0.0011880
35.248400 -0.7816541 -0.1498206 10.5274258 0.0401172 0.9988815 0.0140674 0.0207029
35.456920 -0.7738246 -0.1480215 10.4167242 0.0354439 0.9986754 0.0123313 0.0352002
35.665520 -0.7635300 -0.1467438 10.3030558 0.0315484 0.9985690 0.0139126 0.0408787
35.769770 -0.7585214 -0.1455631 10.2440166 0.0305776 0.9985971 0.0131278 0.0411875
35.978280 -0.7480084 -0.1438643 10.1250553 0.0293406 0.9987308 0.0129691 0.0388300
36.082520 -0.7428538 -0.1432401 10.0643702 0.0287159 0.9987963 0.0135411 0.0373898
36.290910 -0.7334653 -0.1412323 9.9424219 0.0273691 0.9989818 0.0145560 0.0327784
36.395030 -0.7289750 -0.1404182 9.8804922 0.0272901 0.9990594 0.0156343 0.0298516
36.499150 -0.7252434 -0.1393281 9.8192606 0.0267995 0.9991341 0.0164269 0.0272571
36.707280 -0.7179958 -0.1377341 9.6946039 0.0258208 0.9992929 0.0160655 0.0221092
36.915280 -0.7118931 -0.1359990 9.5706749 0.0246707 0.9994433 0.0154020 0.0163459
37.123280 -0.7082256 -0.1340364 9.4487972 0.0248259 0.9994598 0.0181661 0.0115658
37.331150 -0.7053885 -0.1319420 9.3254356 0.0256177 0.9994836 0.0178645 0.0075505
37.539030 -0.7034038 -0.1298971 9.2024536 0.0256529 0.9995341 0.0157880 0.0049226
37.746770 -0.7016127 -0.1275793 9.0781317 0.0250276 0.9995607 0.0156663 0.0025692
37.954400 -0.7001060 -0.1252153 8.9532623 0.0252824 0.9995399 0.0167243 0.0011077
38.162020 -0.6992126 -0.1229925 8.8284512 0.0261790 0.9995157 0.0167678 0.0013599
38.369530 -0.6982781 -0.1212948 8.7026777 0.0274917 0.9995042 0.0152041 0.0020931
38.577050 -0.6965382 -0.1186530 8.5763750 0.0284291 0.9994478 0.0169417 0.0029933
38.784650 -0.6950169 -0.1159944 8.4493027 0.0271920 0.9994658 0.0176598 0.0040971
38.992150 -0.6922986 -0.1140059 8.3211002 0.0253710 0.9995185 0.0172978 0.0044581
39.199650 -0.6904894 -0.1120933 8.1948671 0.0257659 0.9995331 0.0157328 0.0047113
39.407270 -0.6891274 -0.1103415 8.0643215 0.0262578 0.9995043 0.0165980 0.0051139
39.614780 -0.6861966 -0.1077038 7.9353294 0.0256256 0.9995095 0.0173138 0.0049343
39.822150 -0.6843029 -0.1055444 7.8047714 0.0261195 0.9995063 0.0166943 0.0051204
39.925900 -0.6831260 -0.1044064 7.7388473 0.0269461 0.9994780 0.0170663 0.0051272
40.133400 -0.6810949 -0.1014390 7.6085339 0.0274846 0.9994634 0.0170430 0.0052074
40.340780 -0.6788591 -0.1001184 7.4781814 0.0275464 0.9994742 0.0163195 0.0051098
40.548280 -0.6768973 -0.0978463 7.3474040 0.0272230 0.9994968 0.0154530 0.0051244
40.755780 -0.6750495 -0.0953745 7.2153878 0.0261715 0.9994990 0.0170085 0.0052551
40.963300 -0.6726868 -0.0933847 7.0846744 0.0264826 0.9994959 0.0167482 0.0051220
41.170800 -0.6712040 -0.0906592 6.9524727 0.0267067 0.9994793 0.0174142 0.0049649
41.378300 -0.6693822 -0.0883132 6.8207817 0.0257416 0.9994844 0.0187446 0.0041307
41.585910 -0.6675400 -0.0857151 6.6936564 0.0250985 0.9994996 0.0190000 0.0030981
41.793530 -0.6663648 -0.0834890 6.5653262 0.0254456 0.9995095 0.0181231 0.0021910
42.001030 -0.6651903 -0.0811477 6.4375072 0.0253867 0.9995126 0.0180907 0.0016590
42.208530 -0.6641227 -0.0788316 6.3106804 0.0249474 0.9995197 0.0183627 0.0008873
42.519900 -0.6633208 -0.0756335 6.1194158 0.0255822 0.9994929 0.0189386 -0.0009380
42.727400 -0.6631206 -0.0736933 5.9937887 0.0256824 0.9994781 0.0193742 -0.0029217
42.934910 -0.6634893 -0.0713152 5.8716245 0.0262965 0.9994445 0.0198478 -0.0050321
43.142410 -0.6641083 -0.0690392 5.7501454 0.0263432 0.9994152 0.0205777 -0.0072044
43.349910 -0.6657770 -0.0666891 5.6317353 0.0268908 0.9993576 0.0218436 -0.0091751
43.557400 -0.6674652 -0.0642171 5.5164084 0.0273416 0.9993323 0.0216846 -0.0108265
43.764790 -0.6695502 -0.0615479 5.4055204 0.0273073 0.9992982 0.0228350 -0.0116588
43.972290 -0.6711674 -0.0594016 5.2995944 0.0268466 0.9993360 0.0216690 -0.0117185
44.179660 -0.6729535 -0.0573372 5.1981130 0.0272863 0.9993283 0.0216354 -0.0114208
44.387040 -0.6745049 -0.0552812 5.1018224 0.0273040 0.9993013 0.0230251 -0.0110135
44.594530 -0.6757518 -0.0534555 5.0105605 0.0262463 0.9993354 0.0229452 -0.0106477
44.802160 -0.6770872 -0.0516718 4.9233418 0.0266429 0.9993533 0.0219074 -0.0101568
45.009780 -0.6783566 -0.0500372 4.8398552 0.0265079 0.9993476 0.0225262 -0.0097076
45.321160 -0.6803534 -0.0476844 4.7223058 0.0269010 0.9993297 0.0231902 -0.0088713
45.528910 -0.6809616 -0.0460010 4.6477928 0.0264999 0.9993809 0.0216010 -0.0083024
45.944410 -0.6825095 -0.0427451 4.5075989 0.0283019 0.9993743 0.0197272 -0.0077969
46.152410 -0.6831276 -0.0419973 4.4416800 0.0294840 0.9993569 0.0188486 -0.0078195
46.464300 -0.6843625 -0.0405489 4.3444314 0.0297931 0.9993342 0.0192760 -0.0084898
46.880280 -0.6856961 -0.0384901 4.2209082 0.0319636 0.9993158 0.0160753 -0.0093743
47.296290 -0.6874426 -0.0369052 4.0993662 0.0317445 0.9993458 0.0138801 -0.0103761
47.608410 -0.6885510 -0.0363152 4.0096927 0.0277363 0.9994555 0.0140903 -0.0109990
47.920410 -0.6899703 -0.0350111 3.9200075 0.0264348 0.9995698 0.0069215 -0.0106540
48.128430 -0.6900457 -0.0351180 3.8581324 0.0227137 0.9996445 0.0098644 -0.0098795
48.336410 -0.6909388 -0.0344532 3.7940476 0.0218367 0.9996629 0.0115093 -0.0080494
48.648410 -0.6909229 -0.0336640 3.6954420 0.0204108 0.9997308 0.0105570 -0.0032212
48.856410 -0.6903474 -0.0321629 3.6252408 0.0197133 0.9997022 0.0143833 0.0000573
49.168540 -0.6895887 -0.0297342 3.5140746 0.0222709 0.9996212 0.0151558 0.0056374
49.376540 -0.6880450 -0.0282441 3.4374528 0.0240518 0.9995742 0.0133616 0.0097121
49.584540 -0.6854854 -0.0266052 3.3567848 0.0254091 0.9994776 0.0145867 0.0136398
49.896540 -0.6807805 -0.0244438 3.2309716 0.0282101 0.9992933 0.0144615 0.0201959
50.208540 -0.6740698 -0.0226900 3.0982778 0.0291580 0.9991693 0.0123822 0.0256353
50.520540 -0.6650071 -0.0209099 2.9590425 0.0285583 0.9991931 0.0088866 0.0268061
50.728660 -0.6598719 -0.0202777 2.8620031 0.0302257 0.9991469 0.0096049 0.0264520
50.936790 -0.6542194 -0.0186372 2.7623293 0.0304251 0.9991044 0.0133921 0.0261779
51.144790 -0.6492338 -0.0167342 2.6599567 0.0292932 0.9991652 0.0113771 0.0261037
51.352790 -0.6426879 -0.0161716 2.5553896 0.0287229 0.9992028 0.0114042 0.0252740
51.560790 -0.6373467 -0.0142476 2.4480059 0.0291955 0.9991949 0.0124831 0.0245208
51.768790 -0.6317066 -0.0127588 2.3386047 0.0284210 0.9992543 0.0126886 0.0228497
51.976790 -0.6265868 -0.0108454 2.2251813 0.0269188 0.9993566 0.0117058 0.0206115
52.080790 -0.6242007 -0.0101281 2.1680527 0.0275974 0.9994122 0.0071938 0.0190237
52.184660 -0.6219217 -0.0097030 2.1106751 0.0278010 0.9994355 0.0058804 0.0179230
52.392670 -0.6177711 -0.0086830 1.9920393 0.0278109 0.9994158 0.0125579 0.0153957
52.496670 -0.6157918 -0.0075861 1.9322578 0.0268762 0.9994591 0.0125798 0.0141707
52.600670 -0.6138585 -0.0066710 1.8723024 0.0264519 0.9994963 0.0118228 0.0129502
52.704540 -0.6118438 -0.0059818 1.8120892 0.0263683 0.9995196 0.0112578 0.0117680
52.808540 -0.6103814 -0.0054427 1.7505947 0.0268515 0.9995132 0.0116480 0.0108003
52.912410 -0.6089267 -0.0045667 1.6888472 0.0279353 0.9994929 0.0117663 0.0097546
53.016420 -0.6079441 -0.0035446 1.6262461 0.0277661 0.9994935 0.0126243 0.0090703
53.120310 -0.6067871 -0.0028525 1.5636567 0.0272670 0.9995041 0.0135261 0.0080636
53.224160 -0.6056319 -0.0022860 1.5016744 0.0268757 0.9994957 0.0153703 0.0070488
53.328040 -0.6044960 -0.0013678 1.4407868 0.0262559 0.9994943 0.0168869 0.0060584
53.431910 -0.6034151 -0.0004576 1.3788711 0.0262880 0.9994927 0.0172002 0.0052399
53.639670 -0.6016523 0.0014688 1.2565532 0.0265486 0.9995101 0.0160968 0.0039530
53.847310 -0.6000349 0.0032631 1.1353419 0.0261359 0.9995124 0.0167489 0.0033607
53.951170 -0.5988688 0.0038548 1.0753925 0.0260355 0.9995221 0.0164363 0.0027615
54.054920 -0.5980477 0.0049201 1.0162067 0.0258887 0.9995476 0.0151327 0.0023118
54.158790 -0.5972697 0.0060525 0.9558635 0.0263826 0.9995272 0.0156549 0.0020509
54.366290 -0.5960954 0.0079706 0.8361763 0.0264390 0.9994687 0.0189626 0.0019069
54.573910 -0.5944102 0.0099716 0.7162283 0.0262558 0.9995089 0.0169175 0.0025498
54.781540 -0.5932479 0.0114008 0.5961501 0.0255128 0.9995581 0.0148300 0.0035835
54.989170 -0.5927137 0.0127168 0.4757595 0.0259297 0.9995044 0.0172030 0.0047500
55.196790 -0.5909039 0.0151056 0.3588872 0.0247493 0.9995112 0.0183937 0.0051393
55.404410 -0.5893144 0.0169568 0.2428191 0.0244790 0.9995788 0.0147925 0.0049274
55.611910 -0.5877448 0.0187148 0.1272146 0.0252589 0.9995385 0.0162794 0.0044371
55.819540 -0.5857463 0.0201937 0.0142329 0.0245099 0.9995593 0.0163218 0.0037618
56.027170 -0.5839432 0.0217589 -0.1020009 0.0233103 0.9996036 0.0154919 0.0030448
56.234670 -0.5831671 0.0233509 -0.2143078 0.0250627 0.9995694 0.0149625 0.0029870
56.546040 -0.5816635 0.0255062 -0.3829477 0.0261411 0.9995372 0.0152993 0.0028282
56.649810 -0.5809470 0.0263887 -0.4388313 0.0253548 0.9995596 0.0151842 0.0026813
56.857290 -0.5801795 0.0273903 -0.5485477 0.0237582 0.9995975 0.0153151 0.0024262
57.064790 -0.5789542 0.0295248 -0.6591263 0.0241921 0.9995793 0.0158285 0.0023436
57.272300 -0.5775288 0.0304360 -0.7677086 0.0248069 0.9995517 0.0166512 0.0019227
57.583670 -0.5767169 0.0316638 -0.9275914 0.0213917 0.9996917 0.0124653 0.0019081
57.894920 -0.5750436 0.0334808 -1.0863537 0.0201433 0.9996723 0.0156447 0.0021956
58.206190 -0.5739333 0.0360978 -1.2460474 0.0255826 0.9995263 0.0169531 0.0023190
58.413800 -0.5729252 0.0380299 -1.3521414 0.0251764 0.9995752 0.0145183 0.0021954
58.725190 -0.5715513 0.0391822 -1.5115445 0.0230121 0.9996321 0.0142181 0.0019788
59.036550 -0.5698683 0.0408614 -1.6726724 0.0225362 0.9996549 0.0133987 0.0016474
59.140420 -0.5691524 0.0411262 -1.7256385 0.0219429 0.9996698 0.0132896 0.0014446
59.348040 -0.5682871 0.0423852 -1.8342446 0.0194875 0.9997007 0.0147361 0.0012593
59.555580 -0.5670782 0.0438224 -1.9424169 0.0184697 0.9997446 0.0129919 0.0009372
59.763180 -0.5666453 0.0448385 -2.0508227 0.0181752 0.9997457 0.0132717 0.0013965
59.970800 -0.5650227 0.0458413 -2.1584053 0.0168553 0.9998046 0.0102021 0.0016138
60.178320 -0.5640644 0.0466590 -2.2648976 0.0173020 0.9997909 0.0107379 0.0018697
60.385920 -0.5629768 0.0467973 -2.3731599 0.0196283 0.9997451 0.0108976 0.0024115
60.697180 -0.5611430 0.0479218 -2.5364099 0.0187644 0.9997620 0.0107426 0.0028979
60.904800 -0.5596013 0.0489530 -2.6437445 0.0199274 0.9997165 0.0125981 0.0033448
61.112300 -0.5583547 0.0499379 -2.7510340 0.0222501 0.9996684 0.0123030 0.0040839
61.319920 -0.5570940 0.0506501 -2.8585241 0.0239587 0.9996203 0.0128763 0.0044007
61.631300 -0.5550039 0.0522423 -3.0181720 0.0266016 0.9995356 0.0141006 0.0047165
61.838800 -0.5532560 0.0526095 -3.1219220 0.0286211 0.9995263 0.0101893 0.0049241
62.046420 -0.5511971 0.0528755 -3.2259762 0.0290540 0.9995068 0.0109271 0.0047553
62.253920 -0.5494004 0.0532079 -3.3293865 0.0284692 0.9995230 0.0110082 0.0046856
62.461550 -0.5475053 0.0539305 -3.4339898 0.0281003 0.9995317 0.0112642 0.0044532
62.772920 -0.5459131 0.0543480 -3.5900218 0.0280108 0.9995468 0.0104645 0.0034682
63.084300 -0.5446644 0.0551353 -3.7459245 0.0285179 0.9995455 0.0094980 0.0023306
63.291930 -0.5432925 0.0552951 -3.8499467 0.0279447 0.9995558 0.0102577 0.0014014
63.499550 -0.5424609 0.0555852 -3.9538476 0.0274165 0.9995689 0.0104862 0.0006120
63.707170 -0.5419223 0.0558110 -4.0575871 0.0276414 0.9995691 0.0098684 0.0003858
63.914800 -0.5409659 0.0553452 -4.1599069 0.0279106 0.9995720 0.0087385 0.0006829
64.122420 -0.5402836 0.0555855 -4.2619820 0.0291763 0.9995217 0.0101692 0.0013105
64.330050 -0.5387383 0.0555026 -4.3632498 0.0300005 0.9994862 0.0110629 0.0022050
64.537570 -0.5377544 0.0554667 -4.4627247 0.0286725 0.9995530 0.0080249 0.0027236
64.849050 -0.5367141 0.0558056 -4.6130514 0.0286956 0.9995091 0.0122016 0.0030439
65.056690 -0.5357221 0.0562499 -4.7115030 0.0289753 0.9995121 0.0113402 0.0027417
65.264300 -0.5348085 0.0567998 -4.8090892 0.0280784 0.9995555 0.0098552 0.0018163
65.368050 -0.5344934 0.0571113 -4.8578706 0.0275332 0.9995671 0.0102677 0.0014760
65.471930 -0.5341155 0.0570119 -4.9063144 0.0275157 0.9995597 0.0110485 0.0011014
65.575680 -0.5337380 0.0571780 -4.9542055 0.0276799 0.9995615 0.0104924 0.0007022
65.679420 -0.5334398 0.0571297 -5.0020900 0.0275877 0.9995688 0.0100481 0.0004512
65.886930 -0.5326841 0.0573662 -5.0980067 0.0276185 0.9995548 0.0112827 -0.0003439
66.094550 -0.5321475 0.0577580 -5.1931767 0.0276789 0.9995536 0.0111795 -0.0012554
66.302080 -0.5321751 0.0580144 -5.2880421 0.0275987 0.9995558 0.0110741 -0.0019932
66.509680 -0.5320630 0.0588110 -5.3820562 0.0272284 0.9995688 0.0106554 -0.0027263
66.717300 -0.5324303 0.0587010 -5.4749250 0.0276543 0.9995701 0.0092364 -0.0030884
66.924810 -0.5325959 0.0587287 -5.5675335 0.0276702 0.9995496 0.0111131 -0.0033998
67.132440 -0.5327191 0.0589330 -5.6591997 0.0278109 0.9995546 0.0102992 -0.0033198
67.340050 -0.5327487 0.0592391 -5.7499948 0.0286103 0.9995283 0.0106632 -0.0032879
67.547680 -0.5334577 0.0599100 -5.8402987 0.0284282 0.9995272 0.0113518 -0.0028874
67.755300 -0.5335643 0.0600697 -5.9295340 0.0281220 0.9995367 0.0113124 -0.0027577
67.962930 -0.5335848 0.0607922 -6.0180478 0.0277143 0.9995527 0.0107438 -0.0032917
68.170550 -0.5340335 0.0604999 -6.1042991 0.0267164 0.9995635 0.0117855 -0.0044935
68.378180 -0.5341485 0.0607132 -6.1896238 0.0257118 0.9995859 0.0114948 -0.0059002
68.585930 -0.5352782 0.0609196 -6.2735734 0.0262330 0.9995785 0.0105129 -0.0066402
68.793560 -0.5361885 0.0610551 -6.3555446 0.0270534 0.9995354 0.0124780 -0.0064380
69.001180 -0.5373188 0.0611911 -6.4350491 0.0292108 0.9994730 0.0127164 -0.0062145
69.208930 -0.5377715 0.0617300 -6.5106339 0.0279352 0.9994835 0.0144039 -0.0066920
69.416810 -0.5383825 0.0623332 -6.5838013 0.0269849 0.9995092 0.0135305 -0.0083726
69.728440 -0.5396551 0.0628449 -6.6866083 0.0281880 0.9994538 0.0140346 -0.0100270
70.040060 -0.5405994 0.0631760 -6.7790594 0.0314453 0.9994033 0.0131025 -0.0057118
70.351180 -0.5386968 0.0632018 -6.8600960 0.0360988 0.9990507 0.0129655 0.0206493
70.765810 -0.5260431 0.0631772 -6.9527407 0.0353379 0.9959245 0.0147574 0.0816576
71.283930 -0.4928930 0.0611170 -7.0413637 0.0379027 0.9785161 0.0103980 0.2023894
71.698810 -0.4503295 0.0582968 -7.0967836 0.0365774 0.9454086 0.0089645 0.3237042
71.906200 -0.4248056 0.0572750 -7.1211691 0.0356085 0.9204238 0.0089722 0.3891934
72.217450 -0.3813150 0.0558375 -7.1491733 0.0301036 0.8731050 0.0079550 0.4865369
72.425180 -0.3488350 0.0541355 -7.1605930 0.0282926 0.8368890 0.0064789 0.5466025
72.632930 -0.3150090 0.0523214 -7.1682000 0.0289792 0.7966861 0.0043216 0.6036826
72.840820 -0.2799923 0.0504270 -7.1701841 0.0262242 0.7528978 0.0020424 0.6576116
73.048810 -0.2437439 0.0486383 -7.1684561 0.0204567 0.7043198 0.0076232 0.7095470
73.256690 -0.2057121 0.0476254 -7.1611285 0.0116060 0.6518469 0.0133310 0.7581446
73.360680 -0.1871418 0.0465731 -7.1549997 0.0069392 0.6241261 0.0147656 0.7811533
73.464560 -0.1684489 0.0464725 -7.1476231 0.0054793 0.5952627 0.0155736 0.8033615
73.568560 -0.1499474 0.0462963 -7.1387877 0.0046602 0.5655203 0.0163156 0.8245597
73.672580 -0.1317253 0.0461791 -7.1282411 0.0032023 0.5353097 0.0181923 0.8444538
73.880450 -0.0946913 0.0461396 -7.1022625 -0.0008258 0.4725808 0.0214004 0.8810271
74.088440 -0.0602570 0.0460682 -7.0693312 -0.0018967 0.4097099 0.0204535 0.9119846
74.296560 -0.0272663 0.0463220 -7.0297918 0.0018011 0.3485374 0.0209642 0.9370587
74.504810 0.0025179 0.0461694 -6.9830389 0.0011730 0.2878435 0.0215802 0.9574336
74.712820 0.0274084 0.0461469 -6.9299488 -0.0005899 0.2245424 0.0217700 0.9742209
74.921080 0.0473657 0.0458492 -6.8700657 -0.0020616 0.1642221 0.0203217 0.9862119
75.129560 0.0611486 0.0459500 -6.8041358 -0.0010796 0.1147521 0.0144818 0.9932880
75.338190 0.0720098 0.0455549 -6.7323599 -0.0016065 0.0759975 0.0123239 0.9970306
75.546930 0.0792038 0.0451621 -6.6551032 -0.0027348 0.0437346 0.0118384 0.9989693
75.755680 0.0816245 0.0449360 -6.5729613 -0.0023165 0.0198257 0.0078054 0.9997703
75.964710 0.0817206 0.0449419 -6.4868927 -0.0010986 0.0073827 0.0027667 0.9999683
76.173710 0.0819218 0.0448129 -6.3956623 -0.0013050 0.0047819 0.0011171 0.9999871
76.382460 0.0823130 0.0443479 -6.3019176 -0.0024221 0.0033416 0.0017910 0.9999899
76.695310 0.0817388 0.0435518 -6.1518369 -0.0026859 0.0004147 0.0022846 0.9999937
76.903560 0.0813696 0.0434261 -6.0481091 -0.0041857 -0.0015182 0.0034268 0.9999842
77.111810 0.0802281 0.0428056 -5.9415226 -0.0030691 -0.0028091 0.0037984 0.9999841
77.320060 0.0787409 0.0429145 -5.8318534 -0.0026735 -0.0036392 0.0036106 0.9999833
77.528190 0.0769833 0.0427673 -5.7193208 -0.0015966 -0.0035608 0.0033544 0.9999868
77.736190 0.0751679 0.0422352 -5.6034870 -0.0021634 -0.0025320 0.0030099 0.9999899
77.944210 0.0741898 0.0412668 -5.4850302 0.0004575 -0.0007264 0.0026201 0.9999962
78.152070 0.0738246 0.0395171 -5.3643427 0.0017861 0.0007333 0.0034143 0.9999923
78.359820 0.0727781 0.0380600 -5.2399006 0.0015032 0.0004151 0.0046129 0.9999881
78.567580 0.0720540 0.0356309 -5.1139293 0.0031938 -0.0013850 0.0044949 0.9999838
78.775190 0.0704673 0.0342723 -4.9857383 0.0019544 -0.0039722 0.0046812 0.9999793
78.982940 0.0693616 0.0329796 -4.8542228 0.0028012 -0.0056279 0.0044054 0.9999706
79.190690 0.0666535 0.0301968 -4.7209110 0.0036902 -0.0065107 0.0049238 0.9999599
79.294440 0.0652055 0.0290279 -4.6541705 0.0035379 -0.0070210 0.0038133 0.9999618
79.502200 0.0617113 0.0264751 -4.5177355 0.0012744 -0.0064588 0.0029674 0.9999740
79.709940 0.0594887 0.0251010 -4.3781052 -0.0008892 -0.0061782 0.0034494 0.9999745
79.917560 0.0563125 0.0246583 -4.2368870 -0.0064093 -0.0055674 0.0029033 0.9999598
80.021460 0.0552074 0.0243416 -4.1658907 -0.0079352 -0.0056780 0.0021364 0.9999501
80.228940 0.0529515 0.0244707 -4.0237675 -0.0090235 -0.0057263 0.0017044 0.9999414
80.332810 0.0518522 0.0243170 -3.9537437 -0.0080217 -0.0058944 0.0019186 0.9999486
80.436670 0.0510952 0.0242618 -3.8838491 -0.0068950 -0.0057767 0.0023067 0.9999569
80.540440 0.0497219 0.0237170 -3.8144233 -0.0071169 -0.0051560 0.0029745 0.9999570
80.644320 0.0488360 0.0236287 -3.7445023 -0.0081954 -0.0046981 0.0029187 0.9999511
80.748100 0.0481162 0.0233206 -3.6756251 -0.0080147 -0.0044211 0.0033784 0.9999524
80.851960 0.0472370 0.0232292 -3.6066456 -0.0072600 -0.0040648 0.0031791 0.9999603
80.955700 0.0460936 0.0229486 -3.5382171 -0.0074491 -0.0036741 0.0036279 0.9999589
81.059440 0.0454191 0.0227945 -3.4684322 -0.0082534 -0.0034509 0.0040156 0.9999519
81.163210 0.0450169 0.0223867 -3.3988066 -0.0094264 -0.0033301 0.0042575 0.9999409
81.370700 0.0435241 0.0221636 -3.2604454 -0.0096409 -0.0034604 0.0048269 0.9999359
81.578330 0.0413929 0.0220868 -3.1232116 -0.0063706 -0.0038171 0.0028439 0.9999683
81.785940 0.0392835 0.0214649 -2.9856241 -0.0076601 -0.0041616 0.0017795 0.9999604
81.993440 0.0380165 0.0210991 -2.8491280 -0.0071182 -0.0049165 0.0035874 0.9999561
82.201070 0.0358850 0.0210245 -2.7132881 -0.0073761 -0.0056945 0.0045831 0.9999461
82.408570 0.0343207 0.0201741 -2.5780718 -0.0060279 -0.0072729 0.0049162 0.9999433
82.616210 0.0317790 0.0199910 -2.4434452 -0.0083653 -0.0086318 0.0049646 0.9999154
82.823820 0.0275866 0.0196238 -2.3106341 -0.0077809 -0.0086559 0.0040610 0.9999240
83.031440 0.0243575 0.0190430 -2.1786878 -0.0076025 -0.0086849 0.0033743 0.9999277
83.238940 0.0215943 0.0181506 -2.0480802 -0.0074966 -0.0084618 0.0041853 0.9999273
83.446570 0.0195628 0.0179127 -1.9158281 -0.0074492 -0.0080935 0.0051043 0.9999264
83.654320 0.0171940 0.0179795 -1.7862960 -0.0080812 -0.0074369 0.0054431 0.9999249
83.862070 0.0146488 0.0176723 -1.6552802 -0.0062849 -0.0065110 0.0050197 0.9999465
84.069850 0.0116224 0.0167497 -1.5245364 -0.0073450 -0.0057510 0.0040253 0.9999484
84.381590 0.0074354 0.0182733 -1.3382399 -0.0064340 -0.0030718 0.0017688 0.9999730
84.693200 0.0053596 0.0166882 -1.1533649 -0.0066108 -0.0007479 0.0019905 0.9999759
85.108710 0.0041845 0.0136804 -0.9092185 -0.0001000 0.0019039 0.0007579 0.9999979
85.420190 0.0061935 0.0098933 -0.7232476 -0.0021986 0.0020482 0.0017396 0.9999940
85.835320 0.0034358 0.0072373 -0.4845968 -0.0012215 0.0022119 0.0019033 0.9999950
86.042820 0.0029389 0.0053045 -0.3658950 -0.0019473 0.0010936 0.0014528 0.9999964
86.354210 0.0010948 0.0032358 -0.1873717 -0.0000121 0.0005068 0.0022348 0.9999974
86.561820 -0.0006479 0.0009344 -0.0679805 0.0002041 0.0011369 0.0014137 0.9999983
86.769450 -0.0003661 -0.0011726 0.0610889 0.0002275 0.0001946 0.0007582 0.9999996
87.288320 -0.0016635 -0.0067171 0.3717155 0.0002592 -0.0003927 0.0004226 0.9999998
88.222590 -0.0044775 -0.0160321 0.9233973 -0.0004421 -0.0000053 0.0006225 0.9999997
92.788830 -0.0340651 -0.0432939 3.3188956 -0.0040465 -0.0071056 -0.0015729 0.9999653
96.736830 -0.0539973 -0.0702421 4.9482689 0.0022777 0.0147008 -0.0073061 0.9998627
97.568330 -0.0359323 -0.0760555 5.3189073 -0.0001873 0.0345919 -0.0097325 0.9993541
98.087470 -0.0197533 -0.0790444 5.5609350 -0.0010030 0.0284246 0.0000463 0.9995955
105.352000 -0.0514979 -0.1450152 9.0226364 -0.0025806 -0.0150034 -0.0000702 0.9998841
105.871200 -0.0579352 -0.1480296 9.1799040 -0.0022442 -0.0191082 -0.0006885 0.9998147
106.807100 -0.0649593 -0.1537560 9.4305372 0.0014799 -0.0040040 -0.0002044 0.9999909
107.223000 -0.0652433 -0.1562314 9.5388050 -0.0001878 0.0030518 -0.0002197 0.9999953
109.823000 -0.0566104 -0.1714594 10.2412930 0.0077050 0.0183607 0.0007640 0.9998015
111.278800 -0.0397485 -0.1821994 10.6932039 0.0049247 0.0174780 0.0003115 0.9998351
111.694700 -0.0370543 -0.1856986 10.8238544 0.0032232 0.0123847 -0.0017175 0.9999166
112.110600 -0.0354362 -0.1886274 10.9534054 0.0021464 0.0086577 -0.0015498 0.9999590
112.526600 -0.0347500 -0.1911690 11.0785398 0.0020102 0.0062324 -0.0020194 0.9999765
113.046600 -0.0347931 -0.1953778 11.2214184 0.0061110 0.0058544 -0.0069285 0.9999402
113.462600 -0.0343326 -0.1985258 11.3318090 0.0077121 0.0082180 -0.0102379 0.9998841
113.878500 -0.0326403 -0.2019765 11.4380722 0.0038531 0.0082825 -0.0090452 0.9999174
114.294300 -0.0315627 -0.2041529 11.5453081 0.0020465 0.0049784 -0.0066111 0.9999636
