4.252293 0.0000000 0.0000000 0.0000000 0.0000000 0.0000000 0.0000000 1.0000000
4.355974 0.0003037 -0.0001664 0.0346950 -0.0003068 0.0073125 0.0012572 0.9999724
4.459609 0.0014786 -0.0003990 0.0698128 -0.0007909 0.0139277 0.0014496 0.9999017
4.563217 0.0028154 -0.0006530 0.1049066 -0.0007097 0.0200848 0.0013345 0.9997971
4.666947 0.0047218 -0.0011420 0.1405599 0.0006172 0.0257075 0.0014542 0.9996682
4.770559 0.0069655 -0.0013752 0.1765804 0.0023744 0.0307874 0.0016543 0.9995218
4.874319 0.0095672 -0.0015484 0.2133073 0.0037546 0.0355232 0.0023209 0.9993591
4.977967 0.0124712 -0.0018573 0.2508504 0.0043310 0.0393668 0.0022015 0.9992130
5.081656 0.0156862 -0.0023328 0.2888068 0.0046368 0.0421509 0.0020566 0.9990984
5.185269 0.0190981 -0.0027648 0.3277354 0.0054873 0.0447481 0.0027604 0.9989794
5.288943 0.0229016 -0.0033187 0.3670074 0.0063022 0.0469716 0.0020461 0.9988742
5.496314 0.0308350 -0.0043795 0.4474647 0.0063625 0.0504993 0.0022105 0.9987014
5.600026 0.0350103 -0.0049547 0.4887201 0.0053473 0.0517560 0.0024593 0.9986424
5.703641 0.0389745 -0.0055631 0.5300462 0.0047437 0.0529920 0.0025278 0.9985805
5.910955 0.0484966 -0.0065968 0.6159345 0.0050481 0.0544849 0.0039902 0.9984939
6.118447 0.0580346 -0.0076136 0.7049125 0.0058187 0.0550329 0.0045490 0.9984573
6.325669 0.0679920 -0.0089484 0.7946787 0.0065964 0.0540071 0.0049058 0.9985067
6.533021 0.0778430 -0.0103434 0.8874281 0.0064593 0.0527503 0.0049611 0.9985745
6.740399 0.0877984 -0.0119059 0.9829698 0.0069825 0.0517995 0.0053925 0.9986185
6.947755 0.0976122 -0.0128075 1.0805813 0.0063237 0.0509707 0.0059058 0.9986627
7.155209 0.1076467 -0.0145181 1.1802187 0.0057582 0.0504389 0.0075759 0.9986818
7.362568 0.1180280 -0.0165321 1.2801956 0.0062787 0.0495512 0.0078212 0.9987212
7.569925 0.1279649 -0.0181420 1.3832043 0.0058030 0.0495346 0.0082890 0.9987212
7.777286 0.1372432 -0.0191541 1.4867331 0.0058132 0.0497963 0.0090614 0.9987014
7.984696 0.1483817 -0.0210320 1.5932412 0.0068002 0.0500304 0.0091514 0.9986826
8.192118 0.1603051 -0.0234828 1.7010082 0.0073193 0.0508862 0.0083964 0.9986423
8.399546 0.1703878 -0.0257539 1.8093584 0.0067061 0.0522846 0.0081061 0.9985768
8.606978 0.1820893 -0.0276307 1.9197692 0.0067270 0.0531076 0.0067786 0.9985431
8.814436 0.1943830 -0.0298909 2.0339878 0.0075978 0.0567724 0.0064821 0.9983372
9.021867 0.2074224 -0.0325294 2.1471395 0.0066862 0.0613816 0.0051845 0.9980785
9.229148 0.2221010 -0.0346155 2.2626488 0.0081404 0.0660804 0.0044705 0.9977711
9.436507 0.2373012 -0.0371951 2.3788850 0.0092374 0.0711567 0.0034954 0.9974163
9.643856 0.2545695 -0.0402154 2.4970808 0.0088537 0.0765963 0.0015177 0.9970217
9.747566 0.2632537 -0.0413633 2.5560026 0.0086262 0.0797062 0.0010710 0.9967805
9.954854 0.2824377 -0.0439726 2.6745169 0.0094349 0.0855860 0.0017885 0.9962845
10.162270 0.3025755 -0.0465473 2.7937171 0.0102357 0.0921252 0.0020152 0.9956928
10.473330 0.3349351 -0.0505317 2.9724958 0.0113350 0.1014533 0.0002290 0.9947757
10.680800 0.3617892 -0.0539476 3.0935531 0.0113543 0.1054501 0.0032490 0.9943545
10.888380 0.3875489 -0.0573750 3.2142005 0.0115124 0.1093945 0.0031932 0.9939266
11.096280 0.4149650 -0.0611409 3.3345702 0.0120057 0.1128102 0.0022920 0.9935414
11.199650 0.4289814 -0.0626391 3.3950715 0.0125009 0.1150672 0.0015426 0.9932778
11.303360 0.4428847 -0.0649014 3.4545794 0.0121796 0.1173557 0.0013416 0.9930143
11.407080 0.4569706 -0.0670000 3.5142345 0.0123705 0.1197662 0.0015630 0.9927238
11.510570 0.4720488 -0.0691936 3.5741129 0.0126215 0.1219523 0.0016828 0.9924543
11.718020 0.5020390 -0.0724998 3.6929376 0.0124097 0.1264310 0.0011343 0.9918971
11.925060 0.5335761 -0.0769640 3.8126316 0.0125490 0.1306081 0.0019426 0.9913527
12.132140 0.5661306 -0.0812327 3.9330606 0.0138549 0.1343808 0.0020361 0.9908308
12.235950 0.5825217 -0.0832509 3.9931259 0.0144156 0.1361240 0.0023468 0.9905841
12.443230 0.6160914 -0.0880119 4.1139059 0.0146041 0.1398165 0.0020989 0.9900675
12.546850 0.6331030 -0.0900611 4.1742530 0.0147514 0.1419869 0.0019808 0.9897566
12.754210 0.6688283 -0.0946456 4.2953901 0.0149333 0.1455753 0.0042347 0.9892254
12.857820 0.6871746 -0.0968026 4.3557167 0.0146278 0.1468996 0.0046560 0.9890323
13.065050 0.7241227 -0.1012360 4.4767699 0.0148652 0.1496545 0.0041129 0.9886180
13.272410 0.7610239 -0.1057321 4.5992184 0.0169040 0.1532237 0.0030005 0.9880424
13.479770 0.7997804 -0.1113388 4.7212920 0.0180010 0.1564481 0.0018260 0.9875205
13.687000 0.8393610 -0.1169009 4.8439288 0.0174076 0.1603503 0.0020198 0.9869046
13.894440 0.8806420 -0.1223541 4.9673915 0.0170714 0.1645299 0.0020453 0.9862222
13.998450 0.9013377 -0.1247777 5.0282784 0.0172480 0.1665184 0.0016136 0.9858862
14.205920 0.9442887 -0.1302017 5.1511078 0.0179952 0.1702350 0.0010186 0.9852387
14.412870 0.9881077 -0.1360326 5.2735038 0.0179219 0.1729619 0.0020603 0.9847633
14.620330 1.0318189 -0.1415763 5.3947668 0.0178633 0.1757217 0.0036075 0.9842712
14.827390 1.0763652 -0.1472901 5.5170755 0.0183675 0.1786663 0.0030490 0.9837335
15.034850 1.1206915 -0.1524187 5.6401963 0.0198568 0.1819448 0.0026917 0.9831045
15.242180 1.1686549 -0.1586375 5.7619538 0.0205033 0.1847612 0.0019667 0.9825676
15.449500 1.2161511 -0.1649741 5.8826156 0.0196511 0.1873695 0.0033326 0.9820873
15.656680 1.2645969 -0.1713044 6.0052977 0.0196850 0.1907532 0.0019356 0.9814388
15.864040 1.3136512 -0.1774428 6.1271081 0.0193323 0.1944898 0.0009231 0.9807136
16.071400 1.3635159 -0.1836276 6.2481456 0.0193686 0.1983537 0.0004211 0.9799390
16.278760 1.4140819 -0.1896325 6.3696966 0.0193657 0.2028265 -0.0002513 0.9790232
16.486210 1.4668120 -0.1963022 6.4893575 0.0200027 0.2064491 0.0001100 0.9782528
16.693380 1.5191445 -0.2023638 6.6101613 0.0204424 0.2105814 -0.0005512 0.9773624
16.900690 1.5740751 -0.2097239 6.7303319 0.0205616 0.2143437 0.0000671 0.9765418
17.107930 1.6286267 -0.2158443 6.8504348 0.0220841 0.2182172 0.0018589 0.9756485
17.315330 1.6842878 -0.2229863 6.9710593 0.0230532 0.2215451 0.0033444 0.9748719
17.522740 1.7410629 -0.2291866 7.0908532 0.0245673 0.2247569 0.0046304 0.9740941
17.730020 1.7992604 -0.2361259 7.2105989 0.0251301 0.2284250 0.0041326 0.9732283
17.937820 1.8590004 -0.2431528 7.3307414 0.0260551 0.2320380 0.0041127 0.9723490
18.144610 1.9197513 -0.2506770 7.4518166 0.0263734 0.2349192 0.0045128 0.9716465
18.351820 1.9803146 -0.2570373 7.5733805 0.0262582 0.2376784 0.0055131 0.9709733
18.559140 2.0429239 -0.2655295 7.6960254 0.0252885 0.2403208 0.0056169 0.9703478
18.766280 2.1100950 -0.2728316 7.8201857 0.0252496 0.2424634 0.0069447 0.9698070
18.869920 2.1421947 -0.2761442 7.8818021 0.0257244 0.2437741 0.0063275 0.9694701
19.077140 2.2098236 -0.2838853 8.0067949 0.0270184 0.2466952 0.0051325 0.9687028
19.284530 2.2765102 -0.2913286 8.1321125 0.0253726 0.2522793 0.0034271 0.9673157
19.388220 2.3113489 -0.2948471 8.1948442 0.0247151 0.2549514 0.0027573 0.9666340
19.595460 2.3809795 -0.3034388 8.3204918 0.0252089 0.2599567 0.0053969 0.9652761
19.802840 2.4536633 -0.3101794 8.4472551 0.0254836 0.2644449 0.0056032 0.9640477
20.010030 2.5284071 -0.3188182 8.5713711 0.0236747 0.2688311 0.0058573 0.9628785
20.113650 2.5653687 -0.3222865 8.6328812 0.0238280 0.2708958 0.0057244 0.9622967
20.320880 2.6416147 -0.3296791 8.7585735 0.0235545 0.2758260 0.0062959 0.9608983
20.424500 2.6801045 -0.3335981 8.8201151 0.0229353 0.2781222 0.0069494 0.9602467
20.528120 2.7191429 -0.3372242 8.8822470 0.0226958 0.2801194 0.0064156 0.9596754
20.631730 2.7584732 -0.3405841 8.9437151 0.0223387 0.2819775 0.0066062 0.9591382
20.735350 2.7978995 -0.3441688 9.0051327 0.0217742 0.2835742 0.0069538 0.9586778
20.838960 2.8375330 -0.3474798 9.0668745 0.0218974 0.2853946 0.0058734 0.9581419
20.942580 2.8776598 -0.3512198 9.1283064 0.0220342 0.2869244 0.0039729 0.9576916
21.046320 2.9176147 -0.3545613 9.1892586 0.0224662 0.2885969 0.0021190 0.9571847
21.253550 2.9985402 -0.3618557 9.3109741 0.0207278 0.2919270 0.0020716 0.9562137
21.357170 3.0381587 -0.3652419 9.3707027 0.0211573 0.2937675 0.0020468 0.9556406
21.460820 3.0785441 -0.3687264 9.4302130 0.0209931 0.2951156 0.0012741 0.9552301
21.564620 3.1182780 -0.3724793 9.4892540 0.0191074 0.2972887 0.0008775 0.9545960
21.668140 3.1581607 -0.3759131 9.5474329 0.0180582 0.2991568 0.0002991 0.9540330
21.771790 3.1983635 -0.3791741 9.6058426 0.0177087 0.3011546 0.0000433 0.9534109
21.875360 3.2387137 -0.3822526 9.6635027 0.0180180 0.3026929 -0.0000025 0.9529178
21.979040 3.2795556 -0.3854361 9.7222128 0.0177257 0.3044902 0.0000637 0.9523505
22.186210 3.3611393 -0.3915426 9.8366776 0.0173207 0.3076418 -0.0013742 0.9513436
22.290250 3.4017589 -0.3946188 9.8934116 0.0173890 0.3095885 -0.0068656 0.9506868
22.497250 3.4829011 -0.4028379 10.0055285 0.0244831 0.3131764 -0.0078609 0.9493468
22.600850 3.5250878 -0.4071101 10.0616446 0.0236314 0.3134803 -0.0037105 0.9492934
22.704440 3.5661500 -0.4102202 10.1188231 0.0185361 0.3150563 -0.0025473 0.9488885
22.808100 3.6078100 -0.4132003 10.1747017 0.0134255 0.3169138 -0.0038191 0.9483516
22.911770 3.6492989 -0.4158854 10.2302275 0.0108321 0.3188829 -0.0060312 0.9477130
23.119010 3.7294433 -0.4210622 10.3366289 0.0124926 0.3219183 -0.0040608 0.9466763
23.326370 3.8111262 -0.4266484 10.4404573 0.0169924 0.3244380 -0.0025718 0.9457508
23.533710 3.8932476 -0.4317359 10.5453281 0.0165875 0.3275632 -0.0023611 0.9446807
23.741080 3.9614468 -0.4363665 10.6269293 0.0161871 0.3306645 -0.0020891 0.9436073
23.948430 4.0318041 -0.4403975 10.7177124 0.0163343 0.3330398 -0.0021259 0.9427689
24.155650 4.0933771 -0.4422990 10.7946062 0.0151140 0.3355851 -0.0009359 0.9418882
24.363000 4.1095505 -0.4384759 10.8333998 0.0157175 0.3429217 -0.0023418 0.9392295
24.570240 4.1183581 -0.4352616 10.8575068 0.0176363 0.3499128 -0.0078729 0.9365832
24.777590 4.1242266 -0.4343755 10.8782616 0.0178622 0.3579891 -0.0115873 0.9334829
25.191950 4.1376915 -0.4377672 10.9255657 0.0147616 0.3749305 -0.0106685 0.9268740
25.399160 4.1433821 -0.4395469 10.9453878 0.0114091 0.3800596 -0.0041059 0.9248825
25.606390 4.1508312 -0.4408330 10.9667721 0.0121624 0.3862377 -0.0114151 0.9222485
26.020850 4.1584868 -0.4413906 10.9741383 0.0119577 0.3798412 -0.0130503 0.9248824
26.228100 4.1583071 -0.4407803 10.9723539 0.0122659 0.3764937 -0.0177062 0.9261687
26.435440 4.1601143 -0.4409231 10.9740448 0.0098081 0.3757042 -0.0246195 0.9263606
26.642670 4.1630297 -0.4412684 10.9773245 0.0088733 0.3749064 -0.0250697 0.9266812
26.849920 4.1652746 -0.4412002 10.9783764 0.0075287 0.3727848 -0.0234323 0.9275914
27.057260 4.1680446 -0.4413527 10.9809732 0.0081489 0.3714987 -0.0264069 0.9280221
27.264530 4.1710405 -0.4415976 10.9845572 0.0088232 0.3702389 -0.0249316 0.9285600
27.471850 4.1738820 -0.4418129 10.9875803 0.0083007 0.3691183 -0.0239233 0.9290374
27.782840 4.1772194 -0.4420656 10.9911089 0.0072114 0.3677084 -0.0236787 0.9296117
28.093790 4.1810093 -0.4420698 10.9945812 0.0087167 0.3663052 -0.0239235 0.9301463
28.301020 4.1830797 -0.4425128 10.9973793 0.0067964 0.3662625 -0.0248793 0.9301541
28.508250 4.1851015 -0.4426440 10.9996052 0.0068044 0.3665508 -0.0250934 0.9300347
28.715630 4.1874576 -0.4427553 11.0018721 0.0064633 0.3666019 -0.0244978 0.9300328
29.026460 4.1905947 -0.4428647 11.0051022 0.0056366 0.3670100 -0.0254414 0.9298519
29.337430 4.1939049 -0.4430668 11.0084505 0.0059968 0.3664227 -0.0251334 0.9300897
29.648260 4.1973991 -0.4433604 11.0119362 0.0060204 0.3659554 -0.0253448 0.9302678
29.959120 4.2006006 -0.4435505 11.0152445 0.0052088 0.3655483 -0.0248995 0.9304447
30.269960 4.2039504 -0.4437382 11.0187111 0.0049268 0.3651347 -0.0243942 0.9306220
30.580810 4.2073007 -0.4439512 11.0221510 0.0044616 0.3653463 -0.0248956 0.9305280
30.891780 4.2106981 -0.4441254 11.0255222 0.0037999 0.3652427 -0.0254614 0.9305563
31.202760 4.2139988 -0.4443877 11.0288143 0.0041195 0.3652387 -0.0253721 0.9305590
31.513850 4.2172127 -0.4445759 11.0316019 0.0040797 0.3649707 -0.0246725 0.9306831
31.824820 4.2206783 -0.4448351 11.0351582 0.0038660 0.3645442 -0.0233896 0.9308842
32.135930 4.2240496 -0.4450977 11.0388594 0.0031671 0.3639875 -0.0228255 0.9311187
32.447030 4.2273149 -0.4452474 11.0424013 0.0015059 0.3637530 -0.0236547 0.9311938
32.758130 4.2306299 -0.4454336 11.0458775 0.0028737 0.3623834 -0.0228860 0.9317437
33.070500 4.2338123 -0.4456068 11.0491581 0.0024328 0.3610286 -0.0219388 0.9322935
33.380050 4.2371316 -0.4457478 11.0528555 0.0021425 0.3599526 -0.0233130 0.9326768
33.691220 4.2402105 -0.4459259 11.0562105 0.0014495 0.3589836 -0.0241585 0.9330301
34.002380 4.2433586 -0.4460362 11.0597496 0.0015630 0.3595150 -0.0237110 0.9328367
34.313530 4.2465086 -0.4462013 11.0632353 0.0020807 0.3598700 -0.0251324 0.9326616
34.728060 4.2508392 -0.4464447 11.0678759 0.0020262 0.3594507 -0.0236052 0.9328633
35.142780 4.2549038 -0.4466286 11.0724306 0.0020534 0.3590808 -0.0244157 0.9329848
35.557430 4.2590113 -0.4468116 11.0768948 0.0020571 0.3581193 -0.0249828 0.9333392
35.972070 4.2631488 -0.4469988 11.0815201 0.0019880 0.3572037 -0.0251421 0.9336860
36.386840 4.2673054 -0.4472356 11.0861692 0.0017512 0.3559427 -0.0237673 0.9342039
36.801500 4.2713976 -0.4474255 11.0907784 0.0019490 0.3551275 -0.0245427 0.9344936
37.216330 4.2754927 -0.4476439 11.0954237 0.0021141 0.3550879 -0.0250395 0.9344952
37.631050 4.2796173 -0.4478589 11.1000729 0.0020781 0.3558604 -0.0255285 0.9341881
37.942020 4.2828112 -0.4480332 11.1035786 0.0012444 0.3562274 -0.0246696 0.9340727
38.356480 4.2867231 -0.4482193 11.1080322 0.0025019 0.3561473 -0.0244798 0.9341058
38.667310 4.2900896 -0.4483539 11.1112833 0.0031745 0.3545113 -0.0233446 0.9347549
39.082020 4.2946453 -0.4485702 11.1162567 0.0025934 0.3535358 -0.0235319 0.9351214
39.496500 4.2991371 -0.4487393 11.1212234 0.0033882 0.3520885 -0.0228664 0.9356812
39.911340 4.3033314 -0.4488477 11.1257305 0.0048808 0.3502717 -0.0230279 0.9363523
40.325920 4.3075323 -0.4490588 11.1301918 0.0049720 0.3482537 -0.0239040 0.9370823
40.740630 4.3116045 -0.4492964 11.1346817 0.0036507 0.3476619 -0.0240559 0.9373042
41.155220 4.3157344 -0.4494946 11.1391258 0.0041262 0.3467663 -0.0234167 0.9376501
41.569920 4.3198366 -0.4495971 11.1438332 0.0069883 0.3455486 -0.0231728 0.9380887
41.984640 4.3239264 -0.4498019 11.1482668 0.0061847 0.3432692 -0.0229812 0.9389355
42.399350 4.3278351 -0.4500419 11.1528425 0.0061432 0.3412008 -0.0241723 0.9396595
42.813810 4.3315825 -0.4502385 11.1572952 0.0051919 0.3406322 -0.0244589 0.9398641
43.228400 4.3354154 -0.4504541 11.1617813 0.0061341 0.3414239 -0.0255184 0.9395429
43.642870 4.3393021 -0.4506812 11.1661892 0.0056212 0.3423883 -0.0247756 0.9392150
44.057450 4.3433394 -0.4509104 11.1708775 0.0076652 0.3419398 -0.0266077 0.9393138
44.471930 4.3472233 -0.4511546 11.1753607 0.0075123 0.3401208 -0.0247247 0.9400266
44.886500 4.3514729 -0.4514524 11.1797466 0.0067737 0.3366879 -0.0235610 0.9412971
45.404710 4.3551579 -0.4516267 11.1851616 0.0063176 0.3345726 -0.0240263 0.9420425
45.923030 4.3597775 -0.4519162 11.1907730 0.0040431 0.3346796 -0.0258628 0.9419683
46.337490 4.3635635 -0.4521686 11.1952887 0.0041169 0.3339134 -0.0269184 0.9422103
46.855700 4.3687906 -0.4525182 11.2008991 0.0024202 0.3324151 -0.0244880 0.9428121
47.270160 4.3711381 -0.4528056 11.2052479 0.0032789 0.3307958 -0.0223621 0.9434317
47.789310 4.3728871 -0.4531159 11.2104397 0.0011071 0.3291976 -0.0208942 0.9440292
48.203200 4.3731966 -0.4533020 11.2144451 0.0011069 0.3286268 -0.0212715 0.9442196
48.617800 4.3740520 -0.4533812 11.2186556 -0.0000979 0.3283019 -0.0205949 0.9443483
50.172010 4.3823452 -0.4540751 11.2353191 -0.0019916 0.3291127 -0.0210419 0.9440541
50.690230 4.3810024 -0.4542143 11.2401524 -0.0021898 0.3312171 -0.0202260 0.9433352
51.312450 4.3757234 -0.4542179 11.2450981 -0.0026976 0.3352908 -0.0185893 0.9419274
52.349180 4.3941474 -0.4540881 11.2599897 -0.0050122 0.3275991 -0.0202428 0.9445866
52.660280 4.3963060 -0.4543391 11.2636623 -0.0043008 0.3279183 -0.0183714 0.9445177
53.074870 4.3976231 -0.4543795 11.2684221 -0.0036793 0.3289052 -0.0165303 0.9442111
53.593090 4.3986464 -0.4546635 11.2747002 -0.0041935 0.3303984 -0.0156129 0.9437031
54.837080 4.4044952 -0.4538591 11.2900200 -0.0029881 0.3320343 -0.0159070 0.9431284
55.251540 4.4069929 -0.4533678 11.2954464 -0.0030926 0.3322214 -0.0244367 0.9428797
55.977290 4.4112015 -0.4529404 11.3043613 -0.0006482 0.3303800 -0.0228858 0.9435703
56.391700 4.4165087 -0.4531348 11.3104210 -0.0049635 0.3277955 -0.0233545 0.9444470
56.702420 4.4199314 -0.4532050 11.3151569 -0.0039090 0.3277551 -0.0262870 0.9443889
57.013380 4.4235487 -0.4533495 11.3197842 -0.0016825 0.3272124 -0.0233980 0.9446596
57.324230 4.4270372 -0.4534486 11.3244467 -0.0029119 0.3269887 -0.0225278 0.9447552
57.634950 4.4307575 -0.4536150 11.3292131 0.0010975 0.3249117 -0.0207803 0.9455154
58.256810 4.4378252 -0.4539240 11.3387651 -0.0031245 0.3230983 -0.0194555 0.9461603
58.567620 4.4414992 -0.4539454 11.3433752 -0.0017106 0.3210015 -0.0203139 0.9468592
58.878710 4.4451013 -0.4540717 11.3481960 -0.0034061 0.3196540 -0.0200020 0.9473171
59.189810 4.4487257 -0.4541968 11.3530216 -0.0021782 0.3182832 -0.0208227 0.9477645
59.500910 4.4522505 -0.4542715 11.3577404 -0.0019565 0.3166195 -0.0211450 0.9483149
59.812000 4.4558153 -0.4544015 11.3626118 -0.0005783 0.3151165 -0.0219195 0.9487997
60.123100 4.4594450 -0.4545297 11.3674345 -0.0004260 0.3135125 -0.0217448 0.9493350
60.434070 4.4629936 -0.4546723 11.3722963 -0.0013002 0.3128786 -0.0230249 0.9495131
60.745170 4.4664841 -0.4548140 11.3771029 -0.0017351 0.3131934 -0.0230789 0.9494073
61.056140 4.4701076 -0.4549615 11.3819866 -0.0013696 0.3135127 -0.0222021 0.9493234
61.366980 4.4736700 -0.4551021 11.3868322 -0.0014016 0.3137026 -0.0219459 0.9492666
61.677850 4.4773107 -0.4552281 11.3917036 0.0011391 0.3130668 -0.0222329 0.9494702
61.885240 4.4796562 -0.4553248 11.3948956 -0.0002986 0.3123978 -0.0212802 0.9497129
62.196570 4.4833164 -0.4554454 11.3998556 -0.0026187 0.3120011 -0.0215072 0.9498346
62.403410 4.4856539 -0.4555432 11.4030542 -0.0019347 0.3113902 -0.0224449 0.9500151
62.611050 4.4880686 -0.4556275 11.4063416 -0.0014118 0.3106488 -0.0223159 0.9502617
62.921550 4.4916177 -0.4557661 11.4112206 -0.0000549 0.3092412 -0.0222053 0.9507244
63.232210 4.4952054 -0.4559188 11.4161243 -0.0008748 0.3079325 -0.0214247 0.9511665
63.646520 4.4999352 -0.4561195 11.4227095 -0.0008254 0.3058209 -0.0211894 0.9518529
63.957240 4.5034370 -0.4562737 11.4276066 0.0015658 0.3028758 -0.0219160 0.9527767
64.267970 4.5069733 -0.4564639 11.4325809 0.0008403 0.3007672 -0.0219662 0.9534442
64.578710 4.5103765 -0.4566037 11.4375095 0.0026115 0.2998168 -0.0238564 0.9536949
64.993150 4.5149565 -0.4567878 11.4441996 0.0026984 0.2987884 -0.0239330 0.9540154
65.304130 4.5183611 -0.4569306 11.4491749 0.0009009 0.2975102 -0.0243864 0.9544067
65.614970 4.5217905 -0.4570947 11.4542761 0.0020122 0.2962055 -0.0233133 0.9548376
65.926080 4.5251346 -0.4571707 11.4593735 0.0085254 0.2951315 -0.0262170 0.9550588
66.237180 4.5287571 -0.4575122 11.4645834 0.0048924 0.2940716 -0.0248473 0.9554479
66.548250 4.5321474 -0.4576902 11.4696112 0.0038163 0.2933384 -0.0246864 0.9556823
66.859100 4.5355983 -0.4579595 11.4748192 0.0054721 0.2923668 -0.0246508 0.9559729
67.169960 4.5391769 -0.4582251 11.4801235 0.0051607 0.2912679 -0.0241186 0.9563235
67.480800 4.5425878 -0.4584012 11.4853210 0.0060301 0.2904865 -0.0245267 0.9565457
67.791520 4.5460405 -0.4586594 11.4905424 0.0078484 0.2894942 -0.0249113 0.9568233
68.102260 4.5494242 -0.4589203 11.4956846 0.0070233 0.2885344 -0.0239567 0.9571440
68.412960 4.5527935 -0.4591644 11.5008736 0.0074213 0.2874059 -0.0242782 0.9574724
68.620200 4.5550442 -0.4593236 11.5043278 0.0094868 0.2868784 -0.0265257 0.9575527
68.930920 4.5584297 -0.4596057 11.5095425 0.0090981 0.2861050 -0.0254116 0.9578180
69.138040 4.5606670 -0.4597985 11.5129871 0.0090932 0.2854569 -0.0253421 0.9580133
69.345250 4.5628791 -0.4599757 11.5164261 0.0104938 0.2852260 -0.0260016 0.9580501
69.552530 4.5650940 -0.4601710 11.5198593 0.0108627 0.2847182 -0.0259952 0.9581971
69.759720 4.5673475 -0.4604301 11.5232735 0.0099593 0.2838308 -0.0252598 0.9584899
70.070460 4.5704918 -0.4606550 11.5281467 0.0105506 0.2831436 -0.0263956 0.9586562
70.381410 4.5735669 -0.4609405 11.5328655 0.0105433 0.2821800 -0.0268258 0.9589284
70.692380 4.5762863 -0.4612201 11.5373526 0.0121795 0.2813521 -0.0262865 0.9591672
71.003350 4.5793433 -0.4615142 11.5420742 0.0142040 0.2800253 -0.0274781 0.9594941
71.314340 4.5834641 -0.4619175 11.5485392 0.0136588 0.2782998 -0.0287167 0.9599677
71.625410 4.5863295 -0.4622229 11.5534115 0.0132695 0.2769510 -0.0284221 0.9603719
71.936530 4.5881844 -0.4623605 11.5562925 0.0139145 0.2765551 -0.0272988 0.9605095
72.247600 4.5910692 -0.4626996 11.5610199 0.0156704 0.2753873 -0.0274404 0.9608139
72.558610 4.5942121 -0.4630953 11.5658932 0.0161271 0.2739431 -0.0275539 0.9612159
72.869690 4.5973573 -0.4634805 11.5707130 0.0169774 0.2727847 -0.0287352 0.9614960
73.180810 4.6004310 -0.4638590 11.5753040 0.0177039 0.2718125 -0.0288996 0.9617532
73.491740 4.6035132 -0.4642126 11.5805645 0.0174749 0.2712652 -0.0293790 0.9618974
73.698980 4.6055794 -0.4644514 11.5839252 0.0174243 0.2702454 -0.0297734 0.9621733
73.906330 4.6075439 -0.4647162 11.5871658 0.0170530 0.2697317 -0.0299367 0.9623190
74.217430 4.6105456 -0.4650360 11.5920553 0.0164946 0.2687142 -0.0290024 0.9626420
74.528420 4.6130672 -0.4653786 11.5963898 0.0162730 0.2678179 -0.0294706 0.9628813
74.735780 4.6149435 -0.4655935 11.5995140 0.0165843 0.2671277 -0.0296362 0.9630625
74.942980 4.6168480 -0.4658218 11.6027174 0.0165667 0.2664485 -0.0296797 0.9632496
75.253960 4.6196394 -0.4661630 11.6074791 0.0153806 0.2666342 -0.0303261 0.9631978
75.461430 4.6215038 -0.4663777 11.6106129 0.0146805 0.2664991 -0.0297253 0.9632648
75.772410 4.6242943 -0.4666919 11.6153316 0.0148489 0.2663981 -0.0305304 0.9632650
75.979760 4.6261539 -0.4668960 11.6185007 0.0148476 0.2662187 -0.0296862 0.9633410
76.186870 4.6279993 -0.4671071 11.6216192 0.0154982 0.2655096 -0.0298391 0.9635217
76.497610 4.6307335 -0.4674182 11.6262894 0.0143880 0.2645055 -0.0285896 0.9638529
76.704860 4.6325493 -0.4676144 11.6294165 0.0155124 0.2637675 -0.0288037 0.9640313
77.015550 4.6352301 -0.4679236 11.6341791 0.0136852 0.2632479 -0.0285453 0.9642087
77.326390 4.6377802 -0.4681955 11.6384325 0.0148745 0.2622010 -0.0290464 0.9644613
77.637240 4.6404371 -0.4685336 11.6432295 0.0140876 0.2613514 -0.0286372 0.9647160
77.948260 4.6431079 -0.4688709 11.6474276 0.0127572 0.2602839 -0.0289248 0.9650145
78.259190 4.6456270 -0.4691260 11.6522751 0.0138771 0.2594351 -0.0282273 0.9652482
78.673770 4.6489663 -0.4695159 11.6581955 0.0112220 0.2602480 -0.0296273 0.9650219
78.984610 4.6516104 -0.4697933 11.6627369 0.0118295 0.2613880 -0.0298696 0.9646990
79.295580 4.6541719 -0.4700458 11.6670380 0.0112358 0.2623315 -0.0299878 0.9644463
79.606430 4.6566133 -0.4702645 11.6711845 0.0120367 0.2633243 -0.0298330 0.9641709
79.917400 4.6591988 -0.4705346 11.6755724 0.0116246 0.2653622 -0.0294857 0.9636277
80.228390 4.6618161 -0.4708402 11.6802311 0.0101121 0.2695940 -0.0302849 0.9624446
80.642960 4.6651192 -0.4711784 11.6858110 0.0102890 0.2750863 -0.0310584 0.9608626
82.197580 4.6773472 -0.4718205 11.7072363 0.0127032 0.2894007 -0.0298171 0.9566592
82.819520 4.6828823 -0.4723303 11.7152538 0.0121564 0.2886541 -0.0297890 0.9568927
83.130480 4.6856747 -0.4725736 11.7191410 0.0082768 0.2859532 -0.0271665 0.9578227
83.441640 4.6882634 -0.4728168 11.7228584 0.0131359 0.2823521 -0.0291789 0.9587770
83.752550 4.6911402 -0.4731677 11.7267866 0.0118991 0.2771845 -0.0265725 0.9603755
84.167410 4.6948972 -0.4734878 11.7318888 0.0101423 0.2720946 -0.0260587 0.9618641
84.893170 4.7001772 -0.4739355 11.7410011 0.0077510 0.2701089 -0.0298069 0.9623371
85.204070 4.7017727 -0.4740613 11.7450228 0.0079978 0.2715520 -0.0294665 0.9619393
85.515020 4.7039642 -0.4742606 11.7490263 0.0080619 0.2716907 -0.0284786 0.9619294
85.826500 4.7064314 -0.4744591 11.7529783 0.0071622 0.2706954 -0.0276031 0.9622426
86.137390 4.7085247 -0.4746813 11.7567387 0.0058999 0.2695315 -0.0274848 0.9625812
87.485350 4.7183900 -0.4755182 11.7732458 0.0044199 0.2606713 -0.0280390 0.9650102
87.796300 4.7205110 -0.4757047 11.7769718 0.0043316 0.2605393 -0.0243334 0.9651468
88.107400 4.7225714 -0.4758457 11.7806206 0.0034613 0.2614259 -0.0252375 0.9648873
88.418530 4.7246265 -0.4759951 11.7841930 0.0031515 0.2626468 -0.0281452 0.9644763
88.729780 4.7267056 -0.4761590 11.7878189 0.0011626 0.2641871 -0.0289550 0.9640360
89.040970 4.7287469 -0.4762968 11.7912455 -0.0002570 0.2662095 -0.0279323 0.9635104
89.351910 4.7307730 -0.4764134 11.7946796 -0.0000836 0.2679363 -0.0229870 0.9631624
89.662760 4.7327752 -0.4765300 11.7980700 0.0018357 0.2698435 -0.0183480 0.9627276
89.973980 4.7347589 -0.4766441 11.8013401 0.0036836 0.2723865 -0.0146441 0.9620695
90.285080 4.7366891 -0.4767463 11.8045082 0.0047576 0.2759610 -0.0102274 0.9611027
90.596170 4.7385845 -0.4768744 11.8075342 0.0054718 0.2815801 -0.0078110 0.9594903
90.907270 4.7404613 -0.4769697 11.8104496 0.0055083 0.2920051 -0.0059496 0.9563824
91.218370 4.7423401 -0.4770929 11.8132010 0.0066757 0.3087923 -0.0072931 0.9510781
91.529590 4.7443047 -0.4772135 11.8157892 0.0084450 0.3313019 -0.0038289 0.9434792
91.840690 4.7463446 -0.4773324 11.8182411 0.0095278 0.3566576 -0.0008484 0.9341862
92.048160 4.7477455 -0.4774027 11.8197651 0.0118413 0.3750412 0.0003193 0.9269325
92.255650 4.7492094 -0.4774721 11.8212385 0.0113337 0.3953401 0.0028257 0.9184605
92.463120 4.7507176 -0.4775416 11.8226099 0.0118293 0.4163580 0.0033833 0.9091175
92.670480 4.7522736 -0.4775949 11.8238773 0.0137934 0.4380525 0.0035354 0.8988366
93.396540 4.7578611 -0.4777999 11.8274879 0.0157340 0.5183488 0.0081304 0.8549859
93.707670 4.7605486 -0.4779132 11.8287878 0.0168940 0.5530547 0.0102040 0.8329112
93.915120 4.7624369 -0.4779770 11.8295240 0.0180234 0.5767065 0.0108388 0.8166807
94.226290 4.7653484 -0.4780859 11.8304253 0.0198031 0.6112062 0.0129792 0.7911172
94.537200 4.7683449 -0.4781699 11.8310852 0.0200894 0.6445842 0.0131890 0.7641556
94.848290 4.7713833 -0.4782551 11.8314962 0.0209851 0.6755857 0.0149052 0.7368320
95.159370 4.7744579 -0.4783444 11.8316374 0.0219947 0.7050798 0.0161669 0.7086024
95.470470 4.7775211 -0.4784150 11.8315372 0.0242507 0.7325729 0.0172381 0.6800380
95.677830 4.7795763 -0.4784578 11.8313246 0.0247368 0.7494850 0.0185728 0.6612982
95.885200 4.7816648 -0.4785003 11.8310051 0.0258351 0.7660393 0.0191352 0.6419893
96.092540 4.7837276 -0.4785422 11.8305836 0.0280116 0.7826682 0.0177821 0.6215542
96.299770 4.7858133 -0.4785790 11.8300467 0.0284592 0.7991509 0.0174503 0.6002027
96.507130 4.7878580 -0.4786243 11.8293934 0.0276373 0.8153590 0.0196564 0.5779616
96.714500 4.7899308 -0.4786577 11.8286085 0.0287501 0.8312797 0.0196097 0.5547639
96.921840 4.7919655 -0.4786875 11.8276997 0.0295527 0.8464425 0.0203979 0.5312681
97.129320 4.7939653 -0.4786987 11.8266850 0.0297842 0.8612837 0.0214200 0.5067983
97.336810 4.7958803 -0.4787231 11.8255444 0.0305584 0.8757315 0.0215470 0.4813485
97.440420 4.7968144 -0.4787272 11.8249407 0.0301691 0.8827732 0.0216211 0.4683309
97.544160 4.7977438 -0.4787274 11.8242960 0.0305984 0.8896841 0.0219802 0.4550196
97.751640 4.7995386 -0.4787361 11.8229218 0.0311346 0.9028411 0.0228373 0.4282371
97.958990 4.8012981 -0.4787320 11.8214102 0.0310291 0.9151520 0.0241030 0.4011896
98.166520 4.8028870 -0.4787252 11.8198471 0.0314993 0.9267063 0.0243571 0.3736708
98.373830 4.8044367 -0.4787134 11.8181629 0.0321357 0.9374946 0.0248079 0.3456238
98.581060 4.8058949 -0.4786796 11.8163862 0.0321035 0.9474705 0.0258878 0.3171732
98.788420 4.8072500 -0.4786420 11.8144913 0.0332801 0.9565938 0.0250852 0.2884292
98.892150 4.8078957 -0.4786303 11.8135052 0.0333902 0.9607850 0.0248462 0.2741531
99.099510 4.8090911 -0.4785875 11.8114624 0.0335343 0.9682121 0.0256952 0.2465372
99.306750 4.8101797 -0.4785297 11.8093605 0.0334687 0.9747822 0.0265804 0.2190275
99.410360 4.8106833 -0.4785005 11.8082914 0.0333677 0.9777411 0.0263782 0.2054582
99.721330 4.8120136 -0.4784145 11.8049612 0.0346697 0.9849741 0.0274280 0.1669482
99.928690 4.8127794 -0.4783449 11.8026247 0.0351226 0.9887638 0.0273650 0.1427014
100.136200 4.8134546 -0.4782577 11.8002243 0.0339091 0.9918782 0.0291243 0.1190780
100.343500 4.8139915 -0.4781604 11.7978334 0.0344466 0.9942719 0.0286358 0.0970399
100.550800 4.8144321 -0.4780658 11.7954006 0.0355698 0.9959276 0.0294660 0.0774252
100.758000 4.8147936 -0.4779541 11.7928944 0.0369900 0.9970218 0.0292166 0.0610383
100.965200 4.8150806 -0.4778554 11.7903757 0.0382890 0.9977764 0.0283709 0.0465978
101.172400 4.8153071 -0.4777402 11.7878113 0.0392858 0.9982453 0.0285576 0.0338735
101.276200 4.8153901 -0.4776793 11.7864952 0.0396130 0.9984061 0.0287021 0.0281488
101.483400 4.8155193 -0.4775599 11.7839537 0.0390043 0.9986688 0.0289183 0.0174066
101.587000 4.8155680 -0.4774958 11.7826576 0.0390334 0.9987058 0.0298333 0.0131545
101.794300 4.8156238 -0.4773710 11.7800570 0.0401637 0.9987096 0.0302224 0.0072494
102.001600 4.8156428 -0.4772412 11.7774343 0.0399069 0.9987205 0.0310015 0.0019037
102.208900 4.8156486 -0.4771067 11.7747612 0.0393757 0.9987307 0.0313087 -0.0025261
102.416200 4.8156505 -0.4769758 11.7721176 0.0391379 0.9987127 0.0317514 -0.0057446
102.623600 4.8156276 -0.4768434 11.7694263 0.0393075 0.9987043 0.0312791 -0.0081405
102.830900 4.8155832 -0.4767073 11.7667494 0.0397689 0.9986792 0.0310641 -0.0096612
103.038300 4.8155346 -0.4765828 11.7640667 0.0399009 0.9986576 0.0311884 -0.0108703
103.245700 4.8154850 -0.4764404 11.7613544 0.0399891 0.9986138 0.0320585 -0.0119787
103.453000 4.8154249 -0.4763035 11.7586775 0.0396736 0.9985898 0.0327034 -0.0132223
103.660300 4.8153586 -0.4761633 11.7560101 0.0391492 0.9986099 0.0321914 -0.0144694
103.867700 4.8153057 -0.4760250 11.7533398 0.0387762 0.9985704 0.0332550 -0.0157337
104.075100 4.8152318 -0.4758923 11.7506762 0.0381734 0.9986030 0.0323109 -0.0170538
104.282300 4.8151622 -0.4757597 11.7480326 0.0379784 0.9986431 0.0303307 -0.0186999
104.489800 4.8150916 -0.4756391 11.7454052 0.0383102 0.9986026 0.0298026 -0.0209061
104.697300 4.8150125 -0.4755071 11.7428064 0.0381379 0.9984816 0.0306442 -0.0253178
104.904600 4.8148928 -0.4753900 11.7403059 0.0370403 0.9983007 0.0308361 -0.0327544
105.112100 4.8147297 -0.4752675 11.7378168 0.0366488 0.9979492 0.0307231 -0.0425477
105.319400 4.8145142 -0.4751545 11.7353325 0.0352291 0.9973367 0.0319330 -0.0553051
105.526900 4.8142228 -0.4750294 11.7329493 0.0345645 0.9963376 0.0318047 -0.0714501
105.838100 4.8136253 -0.4748589 11.7294168 0.0340334 0.9938763 0.0301777 -0.1007024
106.045600 4.8131208 -0.4747443 11.7271719 0.0343439 0.9913215 0.0308121 -0.1230966
106.253100 4.8125010 -0.4746293 11.7249327 0.0338205 0.9878479 0.0304887 -0.1486041
106.460800 4.8117714 -0.4745101 11.7227592 0.0344993 0.9832147 0.0295978 -0.1766989
106.668200 4.8109179 -0.4743820 11.7206373 0.0360139 0.9775798 0.0282797 -0.2055259
106.875700 4.8099346 -0.4742589 11.7185745 0.0374144 0.9706021 0.0287707 -0.2360170
107.083200 4.8088107 -0.4741228 11.7165499 0.0375334 0.9619930 0.0299809 -0.2688158
107.290500 4.8076053 -0.4740068 11.7147493 0.0366860 0.9520523 0.0293274 -0.3023086
107.705400 4.8047705 -0.4737055 11.7112255 0.0361067 0.9279252 0.0281335 -0.3699454
108.016400 4.8023586 -0.4735075 11.7089157 0.0348694 0.9064083 0.0295620 -0.4199216
108.223900 4.8006287 -0.4733468 11.7075682 0.0336558 0.8910061 0.0270026 -0.4519362
108.431200 4.7988358 -0.4732049 11.7063427 0.0338062 0.8743125 0.0250314 -0.4835372
108.638800 4.7969184 -0.4730585 11.7052097 -0.0331881 -0.8565024 -0.0235546 0.5145360
108.845900 4.7948585 -0.4729365 11.7041988 -0.0315294 -0.8385772 -0.0203741 0.5434880
109.053200 4.7927675 -0.4728147 11.7033424 -0.0322329 -0.8210577 -0.0200963 0.5695800
109.260500 4.7906284 -0.4726859 11.7026024 -0.0325841 -0.8031864 -0.0187070 0.5945418
109.467900 4.7884741 -0.4725678 11.7020159 -0.0309743 -0.7848094 -0.0153449 0.6187724
109.675300 4.7862091 -0.4724425 11.7015457 -0.0303887 -0.7646470 -0.0178532 0.6434848
109.779100 4.7850876 -0.4723839 11.7013674 -0.0292580 -0.7538386 -0.0203967 0.6560909
109.882700 4.7839732 -0.4723284 11.7012243 -0.0257407 -0.7422149 -0.0181392 0.6694217
109.986400 4.7828622 -0.4722754 11.7011223 -0.0202086 -0.7307114 -0.0149103 0.6822244
110.090100 4.7817373 -0.4722326 11.7010651 -0.0182550 -0.7195536 -0.0140138 0.6940555
110.193900 4.7805910 -0.4721919 11.7010384 -0.0202048 -0.7078551 -0.0150348 0.7059085
110.401400 4.7782989 -0.4720873 11.7011070 -0.0237723 -0.6836507 -0.0164649 0.7292362
110.505100 4.7771616 -0.4720361 11.7011957 -0.0223801 -0.6711365 -0.0151649 0.7408407
110.608900 4.7760201 -0.4719912 11.7013359 -0.0197859 -0.6587501 -0.0137308 0.7519763
110.712500 4.7748866 -0.4719483 11.7015076 -0.0172852 -0.6460696 -0.0126500 0.7629779
110.920000 4.7726364 -0.4718888 11.7019587 -0.0140337 -0.6202499 -0.0125537 0.7841783
111.127300 4.7704496 -0.4718346 11.7025719 -0.0119598 -0.5938211 -0.0150018 0.8043683
111.438400 4.7683091 -0.4718839 11.7034788 -0.0098999 -0.5558891 -0.0156907 0.8310494
111.645800 4.7672219 -0.4718779 11.7040806 -0.0106834 -0.5328388 -0.0160331 0.8459975
111.853000 4.7669573 -0.4718806 11.7041492 -0.0103035 -0.5098074 -0.0160897 0.8600764
112.474600 4.7668543 -0.4718993 11.7043095 -0.0117381 -0.4669767 -0.0146598 0.8840702
112.578200 4.7668447 -0.4718997 11.7043266 -0.0108244 -0.4616158 -0.0149100 0.8868886
112.785600 4.7668371 -0.4719028 11.7043476 -0.0120375 -0.4547700 -0.0149608 0.8904019
112.992400 4.7667856 -0.4719169 11.7044296 -0.0128820 -0.4511997 -0.0181880 0.8921447
113.199600 4.7667513 -0.4719219 11.7045088 -0.0134408 -0.4498935 -0.0209474 0.8927353
113.407300 4.7667189 -0.4719284 11.7046099 -0.0154475 -0.4507459 -0.0240525 0.8921944
113.614200 4.7666783 -0.4719344 11.7046976 -0.0156297 -0.4506058 -0.0252838 0.8922281
113.823800 4.7666445 -0.4719436 11.7047892 -0.0141204 -0.4513596 -0.0272510 0.8918142
114.028800 4.7665992 -0.4719511 11.7048903 -0.0165572 -0.4515755 -0.0288871 0.8916114
