0.000000 -0.6245351 0.0154159 -0.7368271 -0.0004094 -0.0068928 0.0005682 0.9999760
0.208477 -0.6252851 0.0144540 -0.6848595 0.0007439 -0.0083787 0.0018139 0.9999630
0.312729 -0.6256073 0.0138339 -0.6587191 0.0013587 -0.0094540 0.0020332 0.9999523
0.416979 -0.6262208 0.0134997 -0.6328506 0.0023077 -0.0104309 0.0030044 0.9999384
0.521227 -0.6267361 0.0130015 -0.6068753 0.0033689 -0.0112635 0.0041936 0.9999221
0.625476 -0.6273122 0.0124508 -0.5805587 0.0036532 -0.0120376 0.0047763 0.9999095
0.729727 -0.6284382 0.0117946 -0.5537809 0.0033139 -0.0126823 0.0047671 0.9999027
0.833976 -0.6291339 0.0110594 -0.5264668 0.0034932 -0.0133550 0.0050665 0.9998919
0.938359 -0.6301302 0.0103329 -0.4991869 0.0048665 -0.0139026 0.0047180 0.9998804
1.146853 -0.6323172 0.0088030 -0.4434082 0.0084444 -0.0151328 0.0033749 0.9998441
1.251125 -0.6334783 0.0083225 -0.4143007 0.0085067 -0.0157342 0.0023937 0.9998372
1.355354 -0.6346349 0.0077933 -0.3845829 0.0051206 -0.0163440 0.0011546 0.9998527
1.563854 -0.6370590 0.0068837 -0.3224324 -0.0033441 -0.0172581 0.0003811 0.9998454
1.772352 -0.6401629 0.0057492 -0.2591822 0.0006921 -0.0181163 -0.0019836 0.9998337
1.980855 -0.6428879 0.0056048 -0.1923017 0.0027953 -0.0193027 -0.0005399 0.9998096
2.189354 -0.6457295 0.0049120 -0.1211579 -0.0055532 -0.0197489 -0.0000887 0.9997895
2.397855 -0.6488500 0.0050267 -0.0473162 -0.0061666 -0.0200757 0.0014368 0.9997784
2.606377 -0.6523354 0.0052476 0.0294742 -0.0031230 -0.0194840 0.0004062 0.9998052
2.814856 -0.6550789 0.0046540 0.1091487 0.0028070 -0.0186984 0.0034807 0.9998152
3.023358 -0.6586254 0.0034002 0.1924004 0.0059659 -0.0179812 0.0019575 0.9998186
3.231728 -0.6615598 0.0018390 0.2785994 0.0065355 -0.0182214 0.0012982 0.9998118
3.440232 -0.6650365 -0.0005665 0.3663374 0.0078400 -0.0184075 -0.0019216 0.9997980
3.648605 -0.6689159 -0.0034101 0.4560469 0.0078670 -0.0184317 -0.0030585 0.9997945
3.856982 -0.6722727 -0.0057505 0.5469734 0.0072998 -0.0189015 -0.0034687 0.9997887
4.065354 -0.6763930 -0.0079381 0.6391280 0.0058073 -0.0191145 -0.0042290 0.9997915
4.273854 -0.6803994 -0.0101692 0.7325763 0.0069349 -0.0192727 -0.0049791 0.9997778
4.586357 -0.6865857 -0.0136192 0.8755451 0.0032898 -0.0200348 -0.0045165 0.9997836
4.794755 -0.6908069 -0.0159312 0.9730804 0.0018571 -0.0205951 -0.0043935 0.9997765
5.003109 -0.6954749 -0.0175808 1.0717740 0.0029161 -0.0211853 -0.0045098 0.9997612
5.211513 -0.7002551 -0.0191853 1.1709024 0.0015872 -0.0218884 -0.0046371 0.9997484
5.523983 -0.7071318 -0.0227210 1.3188881 0.0019913 -0.0228467 -0.0058112 0.9997201
5.732480 -0.7124618 -0.0250053 1.4177037 0.0040983 -0.0226920 -0.0063463 0.9997140
5.940858 -0.7176688 -0.0270964 1.5172322 0.0017942 -0.0224953 -0.0071467 0.9997198
6.253481 -0.7240923 -0.0300453 1.6640109 0.0024538 -0.0223767 -0.0056737 0.9997305
6.461983 -0.7286918 -0.0320097 1.7611343 0.0048945 -0.0221908 -0.0050980 0.9997288
6.774485 -0.7350755 -0.0364998 1.9064133 0.0061303 -0.0219119 -0.0025829 0.9997378
6.982859 -0.7394339 -0.0385544 2.0023525 0.0001922 -0.0218277 -0.0013111 0.9997609
7.191236 -0.7435045 -0.0400570 2.0991597 0.0014414 -0.0216410 0.0009604 0.9997643
7.399507 -0.7478106 -0.0424480 2.1958065 0.0049264 -0.0218137 0.0006585 0.9997497
7.607858 -0.7522879 -0.0449310 2.2931709 0.0074636 -0.0214434 -0.0008711 0.9997419
7.712108 -0.7552553 -0.0461640 2.3423944 0.0057732 -0.0209370 -0.0029047 0.9997599
7.920378 -0.7595170 -0.0486448 2.4404340 0.0043615 -0.0209689 -0.0033089 0.9997652
8.128736 -0.7636563 -0.0511625 2.5374575 0.0032179 -0.0211818 -0.0019557 0.9997686
8.336986 -0.7680110 -0.0535528 2.6362700 0.0012150 -0.0217146 -0.0006916 0.9997633
8.545359 -0.7727464 -0.0559538 2.7335594 0.0037647 -0.0221564 -0.0003590 0.9997473
8.753612 -0.7776843 -0.0582110 2.8295100 0.0040610 -0.0228468 -0.0015733 0.9997295
8.961860 -0.7823981 -0.0605843 2.9256945 -0.0001322 -0.0235833 -0.0026519 0.9997184
9.170238 -0.7876781 -0.0626217 3.0215368 0.0005560 -0.0239843 -0.0030199 0.9997076
9.378487 -0.7927130 -0.0643810 3.1161041 0.0011702 -0.0244240 -0.0029405 0.9996967
9.482610 -0.7949733 -0.0655367 3.1623724 0.0009257 -0.0249385 -0.0023030 0.9996859
9.690863 -0.7999291 -0.0677035 3.2534754 -0.0012697 -0.0254772 -0.0016184 0.9996733
9.899109 -0.8045883 -0.0692752 3.3404837 -0.0017009 -0.0271700 -0.0007535 0.9996291
10.107490 -0.8098994 -0.0712170 3.4233155 -0.0008664 -0.0305044 -0.0003570 0.9995342
10.315740 -0.8157348 -0.0729405 3.5022585 -0.0016457 -0.0336251 -0.0008901 0.9994327
10.524110 -0.8218342 -0.0741477 3.5766013 -0.0027072 -0.0365119 -0.0016943 0.9993281
10.732490 -0.8277493 -0.0754461 3.6464841 -0.0032232 -0.0391518 -0.0036455 0.9992214
11.045010 -0.8371029 -0.0775816 3.7403362 0.0011781 -0.0428824 -0.0064982 0.9990583
11.357760 -0.8452376 -0.0798597 3.8227754 0.0028442 -0.0440537 -0.0095977 0.9989790
11.670740 -0.8516921 -0.0818960 3.8955972 0.0004023 -0.0360784 -0.0131097 0.9992629
11.983860 -0.8539743 -0.0834273 3.9600506 -0.0017054 -0.0187890 -0.0123225 0.9997461
12.297110 -0.8526427 -0.0849029 4.0172267 0.0022042 0.0085335 -0.0114024 0.9998962
12.610740 -0.8456321 -0.0865268 4.0708928 0.0062742 0.0492169 -0.0074694 0.9987405
13.133360 -0.8228130 -0.0899565 4.1512361 0.0090336 0.1456060 -0.0016402 0.9893001
13.342370 -0.8092263 -0.0911569 4.1805677 0.0083575 0.1925109 -0.0025403 0.9812559
13.551240 -0.7924515 -0.0923078 4.2080178 0.0081897 0.2410541 -0.0012580 0.9704763
13.760010 -0.7732409 -0.0938382 4.2326317 0.0107929 0.2893804 -0.0014795 0.9571522
13.968740 -0.7516111 -0.0949420 4.2562990 0.0137879 0.3396628 -0.0055950 0.9404296
14.177490 -0.7262628 -0.0961183 4.2776899 0.0150563 0.3908896 -0.0071117 0.9202870
14.386120 -0.6976558 -0.0972898 4.2965674 0.0137961 0.4414096 -0.0046206 0.8971878
14.490490 -0.6823661 -0.0977395 4.3051181 0.0127903 0.4666384 -0.0039327 0.8843470
14.594740 -0.6664115 -0.0986051 4.3130221 0.0111784 0.4915961 -0.0032539 0.8707455
14.803370 -0.6323485 -0.1002126 4.3263803 0.0082295 0.5408426 -0.0023966 0.8410801
15.011990 -0.5957923 -0.1012975 4.3367653 0.0101236 0.5856376 -0.0069079 0.8104804
15.220240 -0.5561321 -0.1027171 4.3437510 0.0135994 0.6219303 -0.0048629 0.7829394
15.428120 -0.5132285 -0.1038963 4.3483610 0.0179415 0.6476799 -0.0016365 0.7616995
15.636010 -0.4664316 -0.1054454 4.3532600 0.0125404 0.6679400 -0.0027448 0.7441044
15.843870 -0.4160981 -0.1071227 4.3562093 0.0094752 0.6852481 -0.0009485 0.7282474
15.947760 -0.3894383 -0.1080631 4.3559942 0.0125474 0.6924446 0.0017120 0.7213598
16.155710 -0.3335503 -0.1096989 4.3559051 0.0166746 0.7038768 0.0006155 0.7101260
16.363390 -0.2732170 -0.1110992 4.3556433 0.0179986 0.7099990 -0.0009813 0.7039719
16.570990 -0.2090501 -0.1132477 4.3540654 0.0189811 0.7106154 0.0036316 0.7033152
16.778640 -0.1411800 -0.1154896 4.3545666 0.0172788 0.7095238 0.0019379 0.7044669
16.986490 -0.0696570 -0.1175227 4.3545408 0.0175979 0.7087383 0.0006394 0.7052518
17.194620 0.0052272 -0.1199237 4.3549585 0.0162747 0.7083449 0.0005142 0.7056786
17.402740 0.0827007 -0.1226916 4.3544559 0.0155396 0.7082285 0.0024588 0.7058080
17.610870 0.1615213 -0.1249368 4.3547225 0.0133971 0.7091159 0.0021252 0.7049615
17.819120 0.2423704 -0.1270001 4.3541307 0.0133469 0.7098773 0.0050024 0.7041811
18.027490 0.3237871 -0.1295401 4.3540645 0.0125826 0.7108599 0.0016163 0.7032192
18.235760 0.4069708 -0.1320219 4.3536711 0.0151852 0.7116581 -0.0001806 0.7023618
18.444000 0.4914194 -0.1347702 4.3533931 0.0107915 0.7125787 -0.0001660 0.7015092
18.652370 0.5757272 -0.1371777 4.3526382 0.0051771 0.7127731 0.0017350 0.7013734
18.860740 0.6595194 -0.1396022 4.3517647 0.0073073 0.7124091 -0.0001043 0.7017263
19.069120 0.7418770 -0.1416499 4.3507886 0.0147260 0.7117913 -0.0044885 0.7022223
19.277500 0.8247398 -0.1448274 4.3501415 0.0115977 0.7111018 0.0019326 0.7029907
19.485910 0.9065502 -0.1473462 4.3496895 0.0107296 0.7110692 0.0025842 0.7030355
19.694390 0.9876037 -0.1500425 4.3495846 0.0090571 0.7122193 0.0002868 0.7018985
19.902930 1.0679674 -0.1522900 4.3485427 0.0089056 0.7136921 -0.0003960 0.7004029
20.111410 1.1472644 -0.1545562 4.3475556 0.0075861 0.7151649 -0.0016072 0.6989128
20.319990 1.2262574 -0.1573091 4.3461204 0.0069614 0.7166895 -0.0011944 0.6973566
20.528590 1.3034375 -0.1595194 4.3444800 0.0075889 0.7178112 -0.0015160 0.6961949
20.737490 1.3793321 -0.1618888 4.3419595 0.0078002 0.7186237 0.0001012 0.6953554
20.945510 1.4541882 -0.1641939 4.3401976 0.0060189 0.7196451 -0.0006858 0.6943157
21.153990 1.5254011 -0.1663660 4.3378634 0.0052996 0.7201131 -0.0003934 0.6938364
21.362520 1.5944113 -0.1682548 4.3358698 0.0074236 0.7202743 -0.0023409 0.6936457
21.571010 1.6624067 -0.1706112 4.3339400 0.0075957 0.7203696 -0.0038292 0.6935382
21.779630 1.7296901 -0.1730942 4.3314109 0.0077891 0.7204324 -0.0028876 0.6934754
21.988560 1.7966454 -0.1755866 4.3300834 0.0055516 0.7206846 -0.0053271 0.6932203
22.196780 1.8627419 -0.1774387 4.3280149 0.0057568 0.7211218 -0.0040122 0.6927728
22.405410 1.9278549 -0.1794103 4.3255682 0.0030100 0.7240880 -0.0063353 0.6896720
22.614140 1.9921811 -0.1815770 4.3215265 0.0072914 0.7283706 -0.0063767 0.6851149
22.822680 2.0576823 -0.1838213 4.3170271 0.0060662 0.7328877 -0.0084554 0.6802700
23.031260 2.1241617 -0.1860194 4.3115253 0.0049914 0.7361685 -0.0093103 0.6767159
23.239660 2.1925607 -0.1879136 4.3060355 0.0033764 0.7385275 -0.0085651 0.6741605
23.448150 2.2621317 -0.1901785 4.2996845 0.0017758 0.7396486 -0.0057631 0.6729662
23.656510 2.3326764 -0.1920196 4.2931685 0.0030255 0.7402200 -0.0068467 0.6723230
23.865000 2.4044347 -0.1943108 4.2854095 0.0105556 0.7404283 -0.0051897 0.6720325
24.073430 2.4776187 -0.1966449 4.2786384 0.0097293 0.7408369 -0.0052624 0.6715939
24.177660 2.5141385 -0.1978712 4.2750926 0.0084319 0.7407963 -0.0032112 0.6716691
24.281890 2.5507908 -0.1990873 4.2715178 0.0084483 0.7408577 -0.0017876 0.6716065
24.490410 2.6231713 -0.2015829 4.2647972 0.0080408 0.7417765 -0.0024701 0.6705944
24.698880 2.6953995 -0.2039752 4.2575483 0.0085848 0.7432506 -0.0026343 0.6689528
24.907380 2.7669299 -0.2060768 4.2496138 0.0086269 0.7444047 -0.0024964 0.6676683
25.012020 2.8037915 -0.2072135 4.2461963 0.0078896 0.7451136 -0.0034384 0.6668820
25.220150 2.8755021 -0.2095715 4.2384148 0.0079175 0.7457274 -0.0046703 0.6661878
25.428740 2.9491639 -0.2115495 4.2307720 0.0078596 0.7466013 -0.0040452 0.6652130
25.637140 3.0234101 -0.2137812 4.2226634 0.0045500 0.7475345 -0.0043971 0.6641929
25.845770 3.0987368 -0.2158038 4.2135158 0.0055738 0.7487673 -0.0033627 0.6628010
26.158530 3.2130470 -0.2192099 4.1993942 0.0093729 0.7501393 -0.0056743 0.6611891
26.367040 3.2906961 -0.2219813 4.1896338 0.0119457 0.7504115 -0.0064733 0.6608313
26.575550 3.3697877 -0.2250462 4.1793900 0.0123671 0.7501950 -0.0039341 0.6610892
26.784000 3.4505765 -0.2279211 4.1698065 0.0104930 0.7493469 -0.0030273 0.6620876
26.992430 3.5319095 -0.2303276 4.1600356 0.0086244 0.7481889 -0.0002785 0.6634296
27.200890 3.6127951 -0.2330135 4.1508069 0.0099682 0.7471076 -0.0020052 0.6646254
27.409410 3.6934695 -0.2359677 4.1415882 0.0127546 0.7458634 -0.0060575 0.6659493
27.617880 3.7749481 -0.2387513 4.1329107 0.0107783 0.7450345 -0.0046263 0.6669229
27.826410 3.8572884 -0.2419167 4.1245065 0.0099646 0.7446868 -0.0038816 0.6673284
28.034970 3.9391229 -0.2447169 4.1155028 0.0101464 0.7442200 -0.0024765 0.6678529
28.243410 4.0198064 -0.2476401 4.1067333 0.0117453 0.7436040 -0.0010668 0.6685163
28.451910 4.1008244 -0.2506862 4.0988832 0.0123088 0.7431215 -0.0031278 0.6690360
28.660380 4.1813507 -0.2536379 4.0914149 0.0067242 0.7430522 -0.0046071 0.6691838
28.869010 4.2610073 -0.2563362 4.0840874 0.0063217 0.7439190 -0.0089984 0.6681793
29.077510 4.3393517 -0.2595344 4.0757976 0.0072065 0.7442518 -0.0100097 0.6677853
29.286110 4.4171848 -0.2629325 4.0674438 0.0080934 0.7446178 -0.0091762 0.6673789
29.494560 4.4939127 -0.2661689 4.0590358 0.0099908 0.7448628 -0.0105601 0.6670593
29.703090 4.5700579 -0.2698801 4.0512047 0.0084937 0.7460548 -0.0115490 0.6657303
29.911660 4.6446862 -0.2736630 4.0426445 0.0095684 0.7481310 -0.0130965 0.6633528
30.120140 4.7186089 -0.2772111 4.0337548 0.0096615 0.7502840 -0.0142958 0.6608905
30.328670 4.7920308 -0.2809955 4.0244322 0.0103637 0.7521866 -0.0131366 0.6587377
30.537140 4.8640232 -0.2851155 4.0156374 0.0117740 0.7532528 -0.0200892 0.6573188
30.745760 4.9360847 -0.2889448 4.0054216 0.0144317 0.7550728 -0.0181971 0.6552295
30.954260 5.0076747 -0.2937090 3.9956357 0.0100606 0.7570351 -0.0153478 0.6531165
31.162620 5.0785704 -0.2974392 3.9855776 0.0111910 0.7585086 -0.0191291 0.6512860
31.371140 5.1479921 -0.3019969 3.9747145 0.0144972 0.7598230 -0.0203424 0.6496499
31.579630 5.2168097 -0.3064349 3.9642043 0.0166269 0.7613961 -0.0230791 0.6476627
31.788620 5.2862844 -0.3112976 3.9528000 0.0160728 0.7635752 -0.0190136 0.6452388
31.997070 5.3542929 -0.3159365 3.9410319 0.0156134 0.7675291 -0.0173602 0.6405887
32.205560 5.4214954 -0.3206283 3.9284275 0.0147820 0.7738637 -0.0186066 0.6329061
32.414310 5.4873929 -0.3247023 3.9131584 0.0158277 0.7814984 -0.0191192 0.6234134
32.622920 5.5530925 -0.3293304 3.8971128 0.0174786 0.7890444 -0.0166707 0.6138612
32.831540 5.6176891 -0.3332628 3.8788581 0.0205182 0.7950370 -0.0134195 0.6060652
33.040040 5.6817288 -0.3374771 3.8600576 0.0219998 0.7993916 -0.0114186 0.6002989
33.248440 5.7446780 -0.3411669 3.8407526 0.0239036 0.8015580 -0.0049723 0.5974183
33.352510 5.7759008 -0.3428483 3.8307550 0.0254026 0.8017591 -0.0018091 0.5971045
33.456640 5.8067932 -0.3447076 3.8214388 0.0255834 0.8021061 -0.0001189 0.5966333
33.665120 5.8673067 -0.3480636 3.8032355 0.0290798 0.8016307 -0.0026659 0.5971059
33.873500 5.9275146 -0.3514383 3.7854466 0.0296952 0.8009735 -0.0003997 0.5979627
34.081820 5.9867506 -0.3551192 3.7679172 0.0300764 0.7999097 0.0021228 0.5993626
34.289910 6.0447950 -0.3580653 3.7517304 0.0321765 0.7981063 0.0013061 0.6016555
34.394020 6.0735025 -0.3597326 3.7437401 0.0321970 0.7964566 0.0023165 0.6038335
34.498170 6.1024141 -0.3613374 3.7357626 0.0322089 0.7946467 0.0035449 0.6062067
34.602300 6.1311784 -0.3628058 3.7283363 0.0318383 0.7932012 0.0044791 0.6081103
34.706380 6.1595621 -0.3644778 3.7209916 0.0315375 0.7919310 0.0048354 0.6097764
34.810660 6.1879797 -0.3658769 3.7138104 0.0314249 0.7907549 0.0057382 0.6112989
34.914790 6.2161102 -0.3672248 3.7063627 0.0319838 0.7894517 0.0076771 0.6129308
35.123490 6.2712374 -0.3700653 3.6925735 0.0312495 0.7871091 0.0091811 0.6159533
35.227510 6.2981186 -0.3712049 3.6864202 0.0308191 0.7859485 0.0075250 0.6174775
35.436220 6.3517199 -0.3737792 3.6738131 0.0339106 0.7827057 0.0058978 0.6214396
35.644150 6.4048681 -0.3765030 3.6630406 0.0323594 0.7780663 0.0043718 0.6273329
35.956520 6.4841814 -0.3804125 3.6489439 0.0316488 0.7662473 0.0058689 0.6417390
36.268770 6.5619397 -0.3846761 3.6397328 0.0303161 0.7481440 0.0054539 0.6628211
36.476890 6.6133037 -0.3876109 3.6370466 0.0277678 0.7332271 0.0016146 0.6794147
36.685150 6.6642122 -0.3903230 3.6369088 0.0246582 0.7194121 -0.0037912 0.6941352
36.893640 6.7147226 -0.3929536 3.6379063 0.0188161 0.7106280 -0.0085871 0.7032638
37.102920 6.7648883 -0.3956713 3.6387930 0.0118278 0.7120814 -0.0116660 0.7019003
37.311660 6.8138127 -0.3978730 3.6372929 0.0095575 0.7213014 -0.0106734 0.6924731
37.520670 6.8623281 -0.3999068 3.6336138 0.0108771 0.7296119 -0.0082062 0.6837257
37.625170 6.8855577 -0.4010199 3.6315110 0.0094956 0.7342963 -0.0091891 0.6787004
37.729650 6.9089746 -0.4018149 3.6292760 0.0079970 0.7398810 -0.0099801 0.6726162
37.834140 6.9325581 -0.4028584 3.6266439 0.0080768 0.7457649 -0.0094521 0.6660932
37.938540 6.9556966 -0.4038137 3.6231425 0.0084136 0.7508036 -0.0084776 0.6604174
38.147940 7.0011864 -0.4057909 3.6158950 0.0076997 0.7603363 -0.0068355 0.6494480
38.355860 7.0456276 -0.4074962 3.6077657 0.0067520 0.7688838 -0.0068114 0.6393166
38.460120 7.0672002 -0.4084504 3.6028757 0.0084670 0.7722676 -0.0055995 0.6352162
38.564400 7.0883546 -0.4092333 3.5979350 0.0111119 0.7754585 -0.0049654 0.6312812
38.668540 7.1093321 -0.4102386 3.5931172 0.0111569 0.7777457 -0.0051059 0.6284593
38.876940 7.1515784 -0.4116779 3.5838265 0.0108935 0.7803085 -0.0045356 0.6252835
39.085300 7.1927409 -0.4134073 3.5744114 0.0112732 0.7810770 -0.0027657 0.6243269
39.293670 7.2331953 -0.4149678 3.5652246 0.0116949 0.7824854 -0.0030091 0.6225519
39.502140 7.2743392 -0.4162385 3.5554781 0.0129638 0.7845482 -0.0049967 0.6199122
39.710790 7.3167453 -0.4179066 3.5450978 0.0115495 0.7880018 -0.0048971 0.6155451
39.919470 7.3606634 -0.4194204 3.5331771 0.0136448 0.7914341 -0.0035950 0.6110916
40.128060 7.4056644 -0.4209321 3.5209694 0.0143390 0.7950056 -0.0052119 0.6064103
40.336550 7.4519186 -0.4225606 3.5075078 0.0169489 0.7983319 -0.0036829 0.6019679
40.545050 7.4992113 -0.4243885 3.4935937 0.0173530 0.8010464 -0.0029062 0.5983437
40.753570 7.5469365 -0.4260878 3.4793177 0.0157075 0.8031492 -0.0002471 0.5955708
40.962050 7.5953398 -0.4278003 3.4643331 0.0167029 0.8046256 0.0035569 0.5935369
41.170430 7.6434298 -0.4293111 3.4499726 0.0164087 0.8051104 0.0030448 0.5928902
41.378780 7.6909862 -0.4307215 3.4354739 0.0179416 0.8045729 0.0031397 0.5935745
41.587170 7.7385993 -0.4318509 3.4217434 0.0181730 0.8032029 0.0027869 0.5954217
41.795430 7.7852368 -0.4338036 3.4080319 0.0196000 0.8014864 0.0028703 0.5976849
42.107930 7.8524995 -0.4351073 3.3894138 0.0213017 0.7981091 0.0015602 0.6021343
42.316180 7.8944449 -0.4374677 3.3779449 0.0195074 0.7953029 0.0034355 0.6058886
42.524580 7.9335585 -0.4390872 3.3678718 0.0182654 0.7912941 0.0075252 0.6111165
42.732820 7.9697695 -0.4404935 3.3596065 0.0174615 0.7849370 0.0082824 0.6192741
42.940920 8.0043306 -0.4416827 3.3531065 0.0172262 0.7754747 0.0062055 0.6311132
43.252900 8.0550690 -0.4431815 3.3462443 0.0206552 0.7532059 0.0033200 0.6574520
43.565080 8.1049719 -0.4448495 3.3453979 0.0145936 0.7221253 0.0001404 0.6916084
43.773070 8.1373920 -0.4461064 3.3477802 0.0091303 0.7001919 -0.0012240 0.7138953
44.085170 8.1854734 -0.4478835 3.3546164 0.0048740 0.6648099 0.0007465 0.7469963
44.293150 8.2164660 -0.4486405 3.3621392 0.0046275 0.6380154 -0.0001616 0.7700097
44.501140 8.2476225 -0.4495117 3.3719664 0.0069259 0.6073129 -0.0015229 0.7944311
44.709450 8.2786388 -0.4503939 3.3857915 0.0064325 0.5722880 -0.0052330 0.8200108
45.021230 8.3252945 -0.4520781 3.4129164 0.0092540 0.5122182 -0.0099666 0.8587477
45.229310 8.3572187 -0.4532530 3.4357452 0.0137710 0.4689302 -0.0074648 0.8830963
45.437440 8.3878088 -0.4548245 3.4642746 0.0104730 0.4253521 -0.0096543 0.9049159
45.645680 8.4179840 -0.4564604 3.4981072 0.0083049 0.3807039 -0.0115812 0.9245872
45.853900 8.4477959 -0.4580944 3.5362058 0.0085442 0.3367604 -0.0106238 0.9414917
46.062500 8.4770708 -0.4597893 3.5795994 0.0080725 0.2962510 -0.0096103 0.9550276
46.167710 8.4912577 -0.4604174 3.6038916 0.0074038 0.2780976 -0.0101484 0.9604707
46.375430 8.5187321 -0.4617839 3.6557150 0.0051722 0.2468428 -0.0098844 0.9689913
46.584500 8.5458593 -0.4631658 3.7124283 0.0018373 0.2229980 -0.0090244 0.9747754
46.793320 8.5730648 -0.4642606 3.7737629 0.0016541 0.2044119 -0.0055506 0.9788678
47.002150 8.5992250 -0.4651721 3.8390706 0.0021263 0.1867112 -0.0018558 0.9824108
47.210900 8.6234093 -0.4663540 3.9083114 0.0025639 0.1697666 -0.0019782 0.9854790
47.419800 8.6467457 -0.4675332 3.9814541 0.0014035 0.1582561 -0.0038921 0.9873894
47.628840 8.6703968 -0.4688324 4.0563750 -0.0001843 0.1552719 -0.0062596 0.9878519
47.837650 8.6950932 -0.4698423 4.1335502 0.0002260 0.1548775 -0.0042698 0.9879245
48.046420 8.7203903 -0.4713150 4.2136593 0.0020227 0.1549762 -0.0026423 0.9879126
48.359390 8.7605181 -0.4734552 4.3387852 -0.0003807 0.1560910 -0.0020426 0.9877405
48.567920 8.7882023 -0.4746994 4.4238491 -0.0007937 0.1566946 -0.0007163 0.9876465
48.776450 8.8158588 -0.4761363 4.5093956 -0.0008101 0.1569991 0.0007073 0.9875982
48.985000 8.8443499 -0.4773987 4.5956564 -0.0028092 0.1572222 0.0023367 0.9875565
49.193280 8.8724289 -0.4785970 4.6814551 -0.0020426 0.1569274 0.0041806 0.9875992
49.407810 8.8999119 -0.4797671 4.7668366 -0.0003569 0.1565580 0.0046076 0.9876580
49.610180 8.9270706 -0.4811355 4.8519440 -0.0002243 0.1554013 0.0048907 0.9878393
49.818560 8.9536419 -0.4829568 4.9374218 -0.0010888 0.1543366 0.0045356 0.9880073
50.026950 8.9803677 -0.4843473 5.0229859 -0.0010244 0.1529113 0.0041284 0.9882308
50.235330 9.0071516 -0.4855804 5.1088409 -0.0014778 0.1514669 0.0046819 0.9884501
50.443670 9.0333757 -0.4870598 5.1935382 -0.0023987 0.1496560 0.0053544 0.9887207
50.652030 9.0594025 -0.4877271 5.2777262 -0.0021222 0.1476244 0.0064840 0.9890200
50.860320 9.0843220 -0.4888974 5.3607512 -0.0014574 0.1457658 0.0066577 0.9892957
51.068710 9.1079054 -0.4902648 5.4418535 -0.0041830 0.1434512 0.0075767 0.9896196
51.277040 9.1299944 -0.4913077 5.5203276 -0.0045241 0.1413811 0.0079880 0.9899127
51.485450 9.1513367 -0.4920269 5.5959239 -0.0004373 0.1388817 0.0065086 0.9902875
51.693900 9.1713181 -0.4936914 5.6685643 -0.0009228 0.1362742 0.0060667 0.9906521
52.006530 9.1986046 -0.4953672 5.7712116 -0.0049967 0.1300164 0.0064697 0.9914781
52.215240 9.2142792 -0.4963226 5.8337507 -0.0043113 0.1262235 0.0054368 0.9919776
52.527830 9.2347317 -0.4979612 5.9186549 -0.0020357 0.1239243 0.0031674 0.9922845
52.736490 9.2472363 -0.4991513 5.9696956 -0.0000492 0.1223150 0.0026693 0.9924877
52.944900 9.2586966 -0.4999104 6.0170574 0.0007801 0.1217316 0.0020731 0.9925606
53.154550 9.2693577 -0.5010123 6.0618734 0.0001939 0.1193739 0.0021372 0.9928470
53.361840 9.2795591 -0.5020176 6.1059976 0.0007439 0.1136501 0.0039804 0.9935126
53.570100 9.2880297 -0.5031369 6.1491041 0.0009024 0.1012219 0.0057749 0.9948467
53.881970 9.2953062 -0.5041668 6.2117896 0.0016996 0.0677858 0.0044751 0.9976884
54.193810 9.2955236 -0.5054941 6.2726269 -0.0013808 0.0178358 0.0028646 0.9998358
54.401580 9.2914619 -0.5062743 6.3110075 -0.0031614 -0.0226526 -0.0008617 0.9997380
54.609440 9.2832975 -0.5067470 6.3480387 -0.0041799 -0.0673228 -0.0060694 0.9977040
54.817300 9.2721739 -0.5065185 6.3843207 -0.0074652 -0.1167265 -0.0081223 0.9931028
55.025330 9.2568779 -0.5065590 6.4190655 -0.0113499 -0.1696101 -0.0080269 0.9854132
55.233280 9.2380476 -0.5065972 6.4517946 -0.0145327 -0.2244216 -0.0105184 0.9743270
55.441330 9.2153816 -0.5062921 6.4813194 -0.0156440 -0.2806832 -0.0135294 0.9595776
55.649410 9.1900139 -0.5046681 6.5078101 -0.0159837 -0.3370950 -0.0134492 0.9412389
55.753570 9.1763668 -0.5042492 6.5201340 -0.0183394 -0.3651598 -0.0121436 0.9306850
55.857760 9.1618347 -0.5037698 6.5314121 -0.0199013 -0.3923994 -0.0119116 0.9195024
56.066000 9.1316938 -0.5025694 6.5503850 -0.0226318 -0.4455835 -0.0119384 0.8948746
56.170220 9.1155987 -0.5018660 6.5584555 -0.0226879 -0.4710754 -0.0134453 0.8816986
56.274310 9.0990820 -0.5012877 6.5651779 -0.0214388 -0.4956078 -0.0154027 0.8681452
56.378550 9.0821705 -0.5005864 6.5710902 -0.0192868 -0.5199891 -0.0175656 0.8537745
56.482840 9.0649424 -0.5000382 6.5764122 -0.0182624 -0.5433260 -0.0177941 0.8391345
56.587120 9.0471382 -0.4992776 6.5811081 -0.0172956 -0.5650488 -0.0179426 0.8246810
56.900200 8.9929018 -0.4976371 6.5903835 -0.0128595 -0.6185105 -0.0201104 0.7854139
57.109200 8.9546165 -0.4959254 6.5962105 -0.0161561 -0.6439652 -0.0152685 0.7647318
57.213710 8.9341917 -0.4950004 6.5983949 -0.0183509 -0.6533303 -0.0141989 0.7567174
57.422830 8.8913670 -0.4934097 6.6009045 -0.0169280 -0.6692458 -0.0190385 0.7426042
57.631790 8.8452559 -0.4919385 6.6031790 -0.0169722 -0.6797299 -0.0203008 0.7329851
57.840730 8.7959566 -0.4898382 6.6057062 -0.0162973 -0.6918542 -0.0138179 0.7217210
58.153820 8.7127790 -0.4866574 6.6043077 -0.0176352 -0.7091181 -0.0140196 0.7047297
58.362580 8.6519108 -0.4844084 6.6010008 -0.0156949 -0.7181583 -0.0182968 0.6954622
58.571560 8.5872240 -0.4817837 6.5970769 -0.0151223 -0.7225094 -0.0194911 0.6909209
58.780440 8.5188446 -0.4789165 6.5929294 -0.0138071 -0.7246346 -0.0214182 0.6886620
58.989420 8.4465017 -0.4758902 6.5880613 -0.0095694 -0.7243151 -0.0245921 0.6889639
59.198420 8.3703079 -0.4727629 6.5844326 -0.0060932 -0.7193727 -0.0278061 0.6940408
59.407510 8.2908792 -0.4696954 6.5829210 -0.0047615 -0.7127672 -0.0296360 0.7007581
59.616490 8.2082844 -0.4665054 6.5828533 -0.0026806 -0.7060068 -0.0313558 0.7075055
59.824920 8.1220360 -0.4628381 6.5836706 -0.0010637 -0.6985245 -0.0325753 0.7148435
60.033570 8.0327816 -0.4598593 6.5866919 -0.0011830 -0.6907619 -0.0347743 0.7222447
60.242110 7.9415684 -0.4560964 6.5918951 -0.0022154 -0.6840597 -0.0360477 0.7285313
60.450550 7.8509636 -0.4532047 6.5989327 -0.0026908 -0.6781834 -0.0368381 0.7339638
60.763240 7.7151437 -0.4480247 6.6106424 -0.0035533 -0.6736196 -0.0349050 0.7382450
60.971470 7.6244073 -0.4443912 6.6189427 -0.0029900 -0.6727268 -0.0349448 0.7390593
61.284050 7.4868698 -0.4396109 6.6318140 -0.0020660 -0.6715101 -0.0351008 0.7401607
61.492290 7.3952703 -0.4369293 6.6401892 -0.0021558 -0.6712464 -0.0355906 0.7403762
61.700910 7.3036571 -0.4340862 6.6485400 -0.0014625 -0.6715725 -0.0362979 0.7400478
61.909070 7.2119732 -0.4311549 6.6568098 -0.0004487 -0.6722411 -0.0348684 0.7395106
62.117440 7.1207681 -0.4281710 6.6643934 -0.0019036 -0.6725139 -0.0369917 0.7391570
62.325700 7.0303521 -0.4250572 6.6722298 -0.0022573 -0.6726777 -0.0380365 0.7389539
62.534220 6.9394422 -0.4215083 6.6798463 -0.0013280 -0.6727401 -0.0378334 0.7389097
62.742660 6.8503733 -0.4180681 6.6880169 -0.0015769 -0.6717605 -0.0383778 0.7397719
62.951190 6.7623191 -0.4152022 6.6963739 -0.0013697 -0.6704829 -0.0387306 0.7409121
63.159760 6.6759720 -0.4122051 6.7039518 -0.0010051 -0.6696284 -0.0376180 0.7417423
63.368170 6.5896621 -0.4090106 6.7119288 -0.0004751 -0.6691135 -0.0377658 0.7422000
63.576570 6.5049162 -0.4060011 6.7204742 -0.0007331 -0.6685945 -0.0377517 0.7426680
63.889570 6.3773274 -0.4013744 6.7336693 -0.0013671 -0.6681080 -0.0377644 0.7431040
64.097830 6.2930794 -0.3985800 6.7422228 -0.0003236 -0.6678866 -0.0358245 0.7434003
64.306310 6.2080631 -0.3960146 6.7511530 0.0005163 -0.6674680 -0.0358525 0.7437747
64.619620 6.0796471 -0.3920321 6.7649760 -0.0005162 -0.6663932 -0.0357216 0.7447441
64.827560 5.9935427 -0.3890145 6.7745762 -0.0025990 -0.6655546 -0.0347186 0.7455367
65.035920 5.9075704 -0.3864351 6.7840800 -0.0036502 -0.6647980 -0.0352341 0.7461829
65.244430 5.8209815 -0.3831587 6.7939672 -0.0015040 -0.6644257 -0.0323469 0.7466525
65.453010 5.7335167 -0.3806261 6.8034410 -0.0004743 -0.6645836 -0.0333040 0.7464712
65.765550 5.6007128 -0.3762106 6.8175960 -0.0024159 -0.6678170 -0.0320986 0.7436292
65.973960 5.5109978 -0.3735033 6.8258643 -0.0024374 -0.6713715 -0.0325040 0.7404038
66.286540 5.3753729 -0.3689309 6.8364797 -0.0022294 -0.6768946 -0.0345338 0.7352660
66.495070 5.2847128 -0.3660942 6.8427548 0.0003969 -0.6785950 -0.0331672 0.7337633
66.703570 5.1931400 -0.3631971 6.8493066 0.0009755 -0.6792595 -0.0310564 0.7332401
66.911930 5.1011291 -0.3609498 6.8564148 -0.0022465 -0.6799302 -0.0300484 0.7326575
67.120480 5.0084667 -0.3577854 6.8630271 -0.0051208 -0.6805195 -0.0318066 0.7320215
67.328970 4.9176216 -0.3551756 6.8687510 -0.0054295 -0.6808444 -0.0334621 0.7316431
67.537490 4.8256435 -0.3523784 6.8747449 -0.0054560 -0.6811610 -0.0337505 0.7313349
67.745940 4.7353835 -0.3489090 6.8797197 -0.0039573 -0.6814030 -0.0333832 0.7311360
67.954300 4.6435399 -0.3456644 6.8856249 -0.0022585 -0.6818050 -0.0337308 0.7307524
68.162850 4.5529852 -0.3430161 6.8912554 -0.0020429 -0.6820430 -0.0333330 0.7305492
68.371230 4.4621439 -0.3400825 6.8970122 -0.0020283 -0.6819822 -0.0330809 0.7306175
68.579550 4.3720059 -0.3373134 6.9028745 -0.0017805 -0.6817039 -0.0333211 0.7308668
68.787950 4.2815156 -0.3345049 6.9083524 -0.0022612 -0.6816460 -0.0342122 0.7308782
68.996320 4.1908484 -0.3316977 6.9140439 -0.0011758 -0.6814756 -0.0340869 0.7310457
69.204680 4.1007929 -0.3287411 6.9197292 -0.0021715 -0.6815461 -0.0353489 0.7309177
69.413100 4.0102286 -0.3256817 6.9257331 -0.0025219 -0.6816999 -0.0360693 0.7307380
69.621360 3.9204378 -0.3224056 6.9310150 -0.0019885 -0.6819577 -0.0359403 0.7305053
69.829670 3.8305714 -0.3195696 6.9362307 -0.0008576 -0.6822050 -0.0382059 0.7301615
70.038070 3.7416048 -0.3162316 6.9413509 0.0038922 -0.6820846 -0.0374622 0.7303027
70.246450 3.6522272 -0.3135537 6.9468446 0.0058785 -0.6805130 -0.0388240 0.7316831
70.454920 3.5630174 -0.3108870 6.9530759 0.0032321 -0.6787879 -0.0392927 0.7332752
70.663330 3.4733727 -0.3082370 6.9600396 0.0012341 -0.6770752 -0.0394345 0.7348555
70.871920 3.3845050 -0.3053055 6.9667473 0.0014148 -0.6753674 -0.0404094 0.7363722
71.082350 3.2958028 -0.3022788 6.9744163 0.0028856 -0.6741436 -0.0397322 0.7375252
71.288550 3.2069273 -0.2995224 6.9823084 0.0050219 -0.6732624 -0.0371611 0.7384522
71.496920 3.1176066 -0.2969311 6.9898381 0.0042170 -0.6728647 -0.0376870 0.7387929
71.705330 3.0274038 -0.2945604 6.9985218 0.0014682 -0.6729856 -0.0365130 0.7387524
71.913580 2.9377844 -0.2915866 7.0060830 0.0008327 -0.6736527 -0.0359473 0.7381728
72.121920 2.8474662 -0.2884880 7.0136976 -0.0023462 -0.6741139 -0.0387122 0.7376086
72.434620 2.7130246 -0.2841145 7.0251012 0.0008189 -0.6735853 -0.0339827 0.7383274
72.642980 2.6226888 -0.2812071 7.0333424 0.0001257 -0.6732916 -0.0329388 0.7386430
72.955480 2.4865532 -0.2768579 7.0443773 -0.0022877 -0.6739238 -0.0344801 0.7379923
73.267990 2.3507016 -0.2720909 7.0560894 -0.0043462 -0.6767948 -0.0338079 0.7353822
73.476280 2.2604628 -0.2691504 7.0627055 -0.0049579 -0.6791481 -0.0324178 0.7332682
73.684600 2.1705720 -0.2660036 7.0685854 -0.0046208 -0.6809651 -0.0320502 0.7315996
73.892960 2.0803947 -0.2630973 7.0744877 -0.0041015 -0.6824867 -0.0318861 0.7301907
74.101330 1.9895122 -0.2595170 7.0793247 -0.0044023 -0.6834820 -0.0339014 0.7291664
74.309810 1.8986834 -0.2562249 7.0844183 -0.0032626 -0.6839068 -0.0344697 0.7287473
74.518190 1.8077328 -0.2535165 7.0893831 -0.0028919 -0.6841916 -0.0338054 0.7285126
74.726710 1.7171494 -0.2501802 7.0941834 -0.0036190 -0.6848062 -0.0337280 0.7279353
74.935080 1.6276492 -0.2475839 7.0992374 -0.0045980 -0.6858079 -0.0337843 0.7269834
75.143430 1.5382173 -0.2448632 7.1040316 -0.0046925 -0.6869521 -0.0327091 0.7259510
75.351710 1.4497902 -0.2416243 7.1083312 -0.0047388 -0.6882240 -0.0316961 0.7247901
75.560080 1.3616595 -0.2391232 7.1122084 -0.0030700 -0.6900055 -0.0280084 0.7232555
75.768340 1.2735416 -0.2366871 7.1156220 -0.0026243 -0.6916125 -0.0269742 0.7217601
75.976580 1.1863741 -0.2345410 7.1185126 -0.0056270 -0.6931106 -0.0283295 0.7202524
76.185000 1.0990984 -0.2320589 7.1209192 -0.0052773 -0.6934487 -0.0293520 0.7198886
76.393300 1.0130804 -0.2295137 7.1236105 -0.0050204 -0.6932918 -0.0305590 0.7199912
76.601900 0.9270089 -0.2266425 7.1257682 -0.0053239 -0.6930553 -0.0327810 0.7201190
76.810120 0.8420392 -0.2238368 7.1284204 -0.0046805 -0.6933736 -0.0322881 0.7198393
77.018320 0.7586886 -0.2206675 7.1308002 -0.0043408 -0.6945679 -0.0331615 0.7186494
77.226680 0.6776427 -0.2180140 7.1323686 -0.0046300 -0.6956792 -0.0342100 0.7175226
77.436110 0.5977292 -0.2154502 7.1335974 -0.0040408 -0.6970628 -0.0342643 0.7161795
77.643330 0.5190171 -0.2126251 7.1348391 -0.0034409 -0.6985805 -0.0341060 0.7147099
77.747630 0.4799126 -0.2113653 7.1354909 -0.0034575 -0.6992228 -0.0341045 0.7140815
77.955810 0.4033921 -0.2088555 7.1358800 -0.0034113 -0.7001691 -0.0343054 0.7131442
78.060100 0.3663607 -0.2077036 7.1363859 -0.0036817 -0.7007459 -0.0349617 0.7125443
78.164320 0.3297633 -0.2064843 7.1365113 -0.0033096 -0.7010165 -0.0356800 0.7122442
78.372790 0.2580965 -0.2040423 7.1367388 -0.0023187 -0.7002399 -0.0364832 0.7129710
78.477150 0.2238674 -0.2029862 7.1372194 -0.0013895 -0.6993541 -0.0366191 0.7138354
78.581420 0.1899547 -0.2017663 7.1379771 -0.0009884 -0.6983857 -0.0360988 0.7148100
78.789980 0.1223484 -0.1996303 7.1390576 -0.0005110 -0.6963099 -0.0356180 0.7168567
78.998610 0.0564782 -0.1975655 7.1412678 -0.0003141 -0.6944934 -0.0349334 0.7186505
79.207090 -0.0086709 -0.1955215 7.1433992 -0.0001193 -0.6927338 -0.0342644 0.7203789
79.415550 -0.0723073 -0.1936008 7.1458893 -0.0018996 -0.6914251 -0.0340659 0.7216420
79.521320 -0.1033518 -0.1924620 7.1472292 -0.0017536 -0.6910416 -0.0341994 0.7220033
79.728360 -0.1654336 -0.1906441 7.1498303 -0.0019751 -0.6901830 -0.0335841 0.7228524
79.936810 -0.2244957 -0.1890638 7.1524029 -0.0024836 -0.6891124 -0.0340047 0.7238519
80.145310 -0.2825863 -0.1870739 7.1554279 -0.0037978 -0.6876754 -0.0344327 0.7251914
80.353800 -0.3367192 -0.1855660 7.1582170 -0.0040474 -0.6856269 -0.0342303 0.7271367
80.562510 -0.3885434 -0.1837916 7.1615863 -0.0048247 -0.6831353 -0.0335131 0.7295065
80.770930 -0.4370288 -0.1823355 7.1652584 -0.0060909 -0.6804224 -0.0336005 0.7320240
81.396840 -0.5686398 -0.1786104 7.1787729 -0.0057444 -0.6634466 -0.0308298 0.7475662
81.605650 -0.6077561 -0.1777071 7.1849513 -0.0048247 -0.6542689 -0.0296249 0.7556661
82.231550 -0.7108259 -0.1753960 7.2082672 -0.0063009 -0.6160643 -0.0252386 0.7872663
82.649060 -0.7672489 -0.1748602 7.2293487 -0.0053121 -0.5785335 -0.0182830 0.8154364
83.693230 -0.8873587 -0.1734444 7.3092742 0.0011927 -0.4282998 -0.0140909 0.9035260
83.901950 -0.9083147 -0.1729262 7.3329811 0.0027574 -0.3900856 -0.0107934 0.9207112
84.110770 -0.9284472 -0.1731108 7.3597202 0.0004153 -0.3492801 -0.0080532 0.9369836
84.319310 -0.9478111 -0.1735049 7.3896236 0.0004554 -0.3069522 -0.0082371 0.9516892
84.527960 -0.9650733 -0.1741717 7.4228201 0.0014375 -0.2643949 -0.0072768 0.9643860
84.737260 -0.9815364 -0.1747846 7.4596910 0.0056088 -0.2228844 -0.0080217 0.9747958
84.944930 -0.9966979 -0.1753074 7.5014319 0.0068579 -0.1816011 -0.0113145 0.9832833
85.154250 -1.0090243 -0.1764058 7.5477214 0.0063116 -0.1387298 -0.0117294 0.9902407
85.361980 -1.0185016 -0.1774985 7.5989194 0.0080628 -0.0981022 -0.0127891 0.9950615
85.778090 -1.0291537 -0.1808181 7.7125030 0.0111657 -0.0366775 -0.0091469 0.9992229
85.985830 -1.0311105 -0.1827036 7.7746730 0.0116037 -0.0213770 -0.0053714 0.9996897
86.193550 -1.0320563 -0.1844781 7.8411827 0.0111685 -0.0113532 -0.0029126 0.9998689
86.401450 -1.0331494 -0.1868322 7.9096403 0.0102436 -0.0067232 -0.0003218 0.9999249
86.608970 -1.0335927 -0.1888260 7.9803658 0.0104277 -0.0071567 0.0023621 0.9999172
86.816720 -1.0353017 -0.1910375 8.0542603 0.0095047 -0.0096992 0.0017039 0.9999064
87.024550 -1.0373962 -0.1933688 8.1294909 0.0114349 -0.0128884 0.0036365 0.9998450
87.232860 -1.0400099 -0.1961055 8.2058659 0.0128322 -0.0152256 0.0022898 0.9997991
87.440900 -1.0424433 -0.1990899 8.2831535 0.0083760 -0.0166124 0.0019815 0.9998249
87.648940 -1.0453075 -0.2016114 8.3604927 0.0072472 -0.0175895 0.0002014 0.9998190
87.857180 -1.0483081 -0.2039123 8.4376497 0.0093886 -0.0186336 -0.0019679 0.9997804
88.065680 -1.0516893 -0.2065814 8.5158930 0.0081385 -0.0193662 -0.0024561 0.9997763
88.273850 -1.0552654 -0.2092741 8.5937929 0.0070456 -0.0203271 -0.0024517 0.9997656
88.482060 -1.0587136 -0.2114318 8.6711559 0.0060233 -0.0223442 -0.0011021 0.9997316
88.690450 -1.0626756 -0.2135803 8.7482710 0.0041101 -0.0240836 -0.0010400 0.9997010
88.898830 -1.0666597 -0.2156923 8.8244247 0.0035609 -0.0261646 -0.0005800 0.9996511
89.107430 -1.0708452 -0.2173158 8.9007301 0.0035799 -0.0280549 -0.0009660 0.9995995
89.315720 -1.0755517 -0.2196551 8.9756832 0.0059683 -0.0294610 -0.0000296 0.9995481
89.524190 -1.0803576 -0.2217882 9.0499678 0.0057770 -0.0296021 -0.0015211 0.9995439
89.732690 -1.0846058 -0.2239725 9.1220245 0.0034921 -0.0292016 -0.0016819 0.9995660
89.941180 -1.0887644 -0.2258228 9.1912632 0.0044992 -0.0290694 -0.0020891 0.9995651
90.253860 -1.0950410 -0.2283794 9.2890558 0.0054237 -0.0309815 -0.0029964 0.9995008
90.462220 -1.0990981 -0.2306259 9.3499250 0.0029686 -0.0335565 -0.0029195 0.9994282
90.774680 -1.1057985 -0.2328450 9.4334402 0.0044825 -0.0380361 -0.0027444 0.9992626
91.087510 -1.1118238 -0.2354445 9.5079327 0.0045679 -0.0415299 -0.0029420 0.9991225
91.296000 -1.1151850 -0.2369543 9.5529203 0.0045333 -0.0390434 -0.0038580 0.9992198
91.609100 -1.1187608 -0.2386133 9.6161194 0.0054594 -0.0251398 -0.0050816 0.9996561
91.922450 -1.1180432 -0.2407046 9.6781759 0.0060048 0.0019214 -0.0051808 0.9999667
92.131240 -1.1147413 -0.2422570 9.7179594 0.0101874 0.0259805 -0.0061142 0.9995918
92.444850 -1.1047485 -0.2449240 9.7757273 0.0127282 0.0747686 -0.0048666 0.9971078
92.654030 -1.0941138 -0.2466261 9.8115587 0.0126090 0.1123314 0.0019642 0.9935889
92.862950 -1.0808134 -0.2486217 9.8456030 0.0117702 0.1518431 0.0093314 0.9882905
93.072030 -1.0655100 -0.2503555 9.8775148 0.0112169 0.1937128 0.0113244 0.9809288
93.280830 -1.0482361 -0.2516909 9.9086361 0.0144078 0.2383592 0.0071314 0.9710440
93.489710 -1.0267568 -0.2530510 9.9374752 0.0198091 0.2837389 0.0088350 0.9586563
93.698450 -1.0017877 -0.2542011 9.9649830 0.0240549 0.3293535 0.0112653 0.9438330
93.907230 -0.9752274 -0.2558361 9.9928570 0.0193280 0.3775939 -0.0013233 0.9257686
94.115820 -0.9445004 -0.2583229 10.0172110 0.0177747 0.4232945 -0.0020800 0.9058154
94.324500 -0.9096932 -0.2596700 10.0370121 0.0243519 0.4696428 0.0021685 0.8825179
94.533080 -0.8719320 -0.2614471 10.0564623 0.0212282 0.5158405 -0.0062034 0.8563991
94.741610 -0.8293378 -0.2643215 10.0737247 0.0139423 0.5587994 -0.0087816 0.8291391
94.949970 -0.7836299 -0.2664796 10.0858774 0.0164569 0.5948448 -0.0062985 0.8036474
95.262120 -0.7080256 -0.2691199 10.1005249 0.0195589 0.6351513 -0.0055002 0.7721204
95.469850 -0.6529409 -0.2717614 10.1079845 0.0153137 0.6556637 -0.0034525 0.7548898
95.677890 -0.5943640 -0.2736555 10.1134195 0.0141343 0.6741651 -0.0053512 0.7384260
95.885910 -0.5326779 -0.2757746 10.1155424 0.0186144 0.6890853 -0.0031309 0.7244344
96.093730 -0.4674664 -0.2779674 10.1168165 0.0155753 0.7014409 -0.0011440 0.7125564
96.301480 -0.3987436 -0.2806576 10.1163063 0.0141473 0.7100808 0.0003432 0.7039779
96.509210 -0.3280128 -0.2822143 10.1138563 0.0193420 0.7139351 0.0026729 0.6999395
96.717080 -0.2535537 -0.2846891 10.1125011 0.0168284 0.7160076 0.0037475 0.6978795
96.924880 -0.1764871 -0.2871588 10.1107454 0.0160880 0.7168978 0.0031971 0.6969852
97.132730 -0.0977577 -0.2890470 10.1083927 0.0162017 0.7175707 0.0061781 0.6962699
97.340580 -0.0191778 -0.2913831 10.1061459 0.0156367 0.7157349 0.0082421 0.6981484
97.548460 0.0593324 -0.2937413 10.1046772 0.0174622 0.7132321 0.0078354 0.7006665
97.756480 0.1388351 -0.2956508 10.1041336 0.0166755 0.7108874 0.0083820 0.7030582
97.964520 0.2176075 -0.2981582 10.1040020 0.0176280 0.7087099 0.0072837 0.7052422
98.173950 0.2978680 -0.3002973 10.1045446 0.0168430 0.7070998 0.0057482 0.7068898
98.380720 0.3790178 -0.3028950 10.1058273 0.0126504 0.7058591 0.0048705 0.7082226
98.588990 0.4605083 -0.3051251 10.1069603 0.0123556 0.7047343 0.0017768 0.7093615
98.797260 0.5418938 -0.3075089 10.1081934 0.0120886 0.7043803 0.0013209 0.7097186
99.005460 0.6237641 -0.3102769 10.1091652 0.0110990 0.7046685 0.0024991 0.7094455
99.213720 0.7050864 -0.3128484 10.1097126 0.0115793 0.7049351 0.0028907 0.7091714
99.422060 0.7867361 -0.3151184 10.1112080 0.0102799 0.7057704 0.0018941 0.7083635
99.630630 0.8675079 -0.3174641 10.1118956 0.0080498 0.7072930 0.0001106 0.7068747
99.838860 0.9478142 -0.3197986 10.1120749 0.0059111 0.7087141 -0.0000982 0.7054710
100.047200 1.0271811 -0.3217837 10.1122618 0.0018770 0.7101392 0.0011745 0.7040578
100.359800 1.1443428 -0.3245314 10.1113796 0.0052627 0.7107185 -0.0000651 0.7034569
100.568000 1.2219477 -0.3265684 10.1110172 0.0070890 0.7107226 -0.0007872 0.7034362
100.776300 1.2986325 -0.3288872 10.1104488 0.0063300 0.7113274 -0.0015050 0.7028307
100.985100 1.3753161 -0.3307735 10.1098948 0.0045536 0.7123889 -0.0008095 0.7017696
101.193100 1.4509288 -0.3329726 10.1094542 0.0025919 0.7136593 -0.0007037 0.7004877
101.401500 1.5256350 -0.3345055 10.1083698 0.0043431 0.7140051 -0.0016185 0.7001252
101.714000 1.6373229 -0.3375332 10.1068401 0.0031979 0.7133766 -0.0004123 0.7007734
101.922300 1.7103605 -0.3391662 10.1064844 0.0005820 0.7129996 -0.0007429 0.7011638
102.130600 1.7833549 -0.3408211 10.1053762 0.0023717 0.7127584 -0.0010249 0.7014049
102.339000 1.8552921 -0.3422898 10.1046886 0.0027559 0.7130688 -0.0028266 0.7010830
102.547400 1.9272825 -0.3441534 10.1034918 0.0033916 0.7129747 -0.0007941 0.7011811
102.651500 1.9626967 -0.3456200 10.1034975 0.0045588 0.7133628 -0.0045357 0.7007654
102.859900 2.0317469 -0.3478211 10.1019220 0.0144212 0.7123839 -0.0080011 0.7015961
103.068200 2.1021402 -0.3506434 10.1015415 0.0098783 0.7117051 -0.0045366 0.7023942
103.276500 2.1712418 -0.3531119 10.1011114 0.0075933 0.7101061 -0.0021634 0.7040504
103.484800 2.2393727 -0.3553584 10.1013861 0.0051302 0.7094061 -0.0034018 0.7047731
103.693400 2.3073287 -0.3575850 10.1018209 0.0031974 0.7096219 -0.0064563 0.7045459
103.901800 2.3746080 -0.3599072 10.1017675 0.0020484 0.7107207 -0.0077623 0.7034284
104.110100 2.4405351 -0.3619273 10.1012764 0.0018604 0.7116574 -0.0063699 0.7024953
104.318500 2.5051687 -0.3640585 10.1003475 0.0020490 0.7123163 -0.0053795 0.7018350
104.526700 2.5684412 -0.3658563 10.1001968 0.0013171 0.7117143 -0.0063584 0.7024391
104.735000 2.6309416 -0.3677853 10.1000795 0.0021130 0.7111407 -0.0090320 0.7029885
104.943400 2.6925313 -0.3699532 10.0994501 0.0036730 0.7108035 -0.0090554 0.7033228
105.151800 2.7539585 -0.3719543 10.0996122 0.0013546 0.7106605 -0.0094805 0.7034699
105.360200 2.8147390 -0.3741013 10.0991669 0.0014577 0.7109095 -0.0078974 0.7032376
105.568600 2.8746855 -0.3759886 10.0983944 0.0018314 0.7128112 -0.0075048 0.7013134
105.777200 2.9349155 -0.3780202 10.0977106 0.0000323 0.7145492 -0.0075986 0.6995438
105.985600 2.9945779 -0.3800466 10.0960445 0.0037964 0.7175576 -0.0080910 0.6964418
106.194200 3.0564203 -0.3819219 10.0938530 0.0042082 0.7219591 -0.0108823 0.6918374
106.402800 3.1190977 -0.3842534 10.0906296 0.0036761 0.7255596 -0.0099568 0.6880774
106.611300 3.1840997 -0.3862979 10.0866423 0.0051815 0.7297072 -0.0096169 0.6836725
106.819700 3.2503362 -0.3883558 10.0822630 0.0024367 0.7339423 -0.0093998 0.6791424
107.028200 3.3186374 -0.3904524 10.0762920 0.0036755 0.7374730 -0.0067877 0.6753325
107.236600 3.3885956 -0.3923666 10.0693283 0.0068633 0.7410752 -0.0084021 0.6713344
107.445000 3.4614432 -0.3945863 10.0614653 0.0085387 0.7439937 -0.0069332 0.6680961
107.653400 3.5367603 -0.3969905 10.0526314 0.0075517 0.7462974 -0.0034307 0.6655610
107.861600 3.6142461 -0.3989712 10.0434437 0.0080373 0.7473871 0.0001900 0.6643402
108.071200 3.6937408 -0.4007945 10.0342245 0.0097628 0.7474908 0.0001472 0.6642004
108.382200 3.8187170 -0.4039195 10.0199270 0.0149685 0.7464172 0.0031322 0.6653025
108.590400 3.9051960 -0.4063613 10.0100307 0.0171632 0.7437800 0.0063920 0.6681735
108.798500 3.9938314 -0.4084374 10.0016098 0.0174211 0.7406222 0.0087937 0.6716383
109.006700 4.0845008 -0.4105017 9.9936647 0.0181809 0.7373441 0.0073625 0.6752325
109.214800 4.1772099 -0.4129827 9.9864893 0.0179628 0.7338052 0.0087901 0.6790655
109.423000 4.2709994 -0.4160020 9.9801292 0.0189174 0.7310039 0.0064619 0.6820804
109.631400 4.3651180 -0.4189916 9.9745893 0.0225913 0.7298360 0.0025865 0.6832440
109.839600 4.4606681 -0.4227147 9.9684811 0.0202469 0.7289129 0.0070237 0.6842710
110.047800 4.5562081 -0.4255111 9.9628448 0.0191275 0.7281839 0.0109310 0.6850276
110.256100 4.6508083 -0.4281532 9.9576025 0.0184711 0.7277398 0.0108450 0.6855188
110.465500 4.7452073 -0.4308246 9.9524145 0.0206684 0.7270324 0.0083746 0.6862409
110.672600 4.8393092 -0.4339883 9.9477034 0.0198326 0.7263150 0.0094190 0.6870113
110.881000 4.9336281 -0.4370806 9.9432201 0.0208812 0.7250438 0.0066559 0.6883540
111.089200 5.0270910 -0.4402435 9.9393797 0.0199708 0.7233483 0.0075715 0.6901530
111.297500 5.1202044 -0.4433300 9.9361982 0.0173418 0.7214788 0.0092526 0.6921575
111.505700 5.2128911 -0.4460628 9.9331617 0.0168610 0.7199230 0.0076302 0.6938072
111.714100 5.3047571 -0.4490669 9.9308910 0.0121452 0.7187166 0.0060725 0.6951706
111.922300 5.3965855 -0.4515395 9.9289026 0.0105935 0.7185903 0.0031520 0.6953458
112.130600 5.4866476 -0.4547772 9.9264393 0.0124085 0.7188001 0.0002025 0.6951061
112.338800 5.5764217 -0.4578407 9.9236164 0.0150745 0.7188434 -0.0002864 0.6950085
112.547100 5.6656451 -0.4610860 9.9211655 0.0110541 0.7197105 0.0015080 0.6941846
112.755500 5.7535229 -0.4639746 9.9180889 0.0089525 0.7211240 0.0003604 0.6927481
112.964100 5.8410649 -0.4663417 9.9151669 0.0077522 0.7237330 -0.0004347 0.6900364
113.172100 5.9272804 -0.4689252 9.9107895 0.0066581 0.7265936 -0.0009558 0.6870345
113.380300 6.0143566 -0.4716480 9.9061089 0.0064254 0.7293004 -0.0035315 0.6841543
113.588800 6.1005492 -0.4740696 9.9005461 0.0078414 0.7331054 -0.0029912 0.6800633
113.797100 6.1869555 -0.4767978 9.8934889 0.0069575 0.7384261 -0.0025730 0.6742936
114.005500 6.2729006 -0.4794697 9.8846884 0.0053848 0.7444997 0.0001221 0.6676011
114.213900 6.3593888 -0.4813360 9.8744221 0.0041879 0.7507015 -0.0004705 0.6606281
114.423500 6.4457297 -0.4833575 9.8622198 0.0050912 0.7567206 0.0008389 0.6537181
114.735000 6.5745821 -0.4866653 9.8405600 0.0075514 0.7667706 0.0015526 0.6418748
115.047500 6.7030163 -0.4895894 9.8145142 0.0125418 0.7763169 0.0044799 0.6302022
115.359900 6.8315382 -0.4925932 9.7850428 0.0179960 0.7803010 0.0100550 0.6250643
115.568000 6.9170971 -0.4949201 9.7657824 0.0230787 0.7797588 0.0114738 0.6255494
115.775900 7.0025983 -0.4970132 9.7472048 0.0261444 0.7766087 0.0142895 0.6292783
115.983800 7.0885324 -0.4992862 9.7293787 0.0258526 0.7722657 0.0210376 0.6344247
116.191900 7.1739020 -0.5012219 9.7133970 0.0283762 0.7688649 0.0213321 0.6384251
116.400000 7.2592826 -0.5034385 9.6981907 0.0325403 0.7650187 0.0185916 0.6429167
116.608000 7.3452072 -0.5060056 9.6846457 0.0299693 0.7609079 0.0184061 0.6479061
116.712100 7.3874059 -0.5073490 9.6783571 0.0290834 0.7585832 0.0198169 0.6506250
116.816100 7.4299064 -0.5085056 9.6721201 0.0294618 0.7563717 0.0206619 0.6531515
116.920200 7.4720354 -0.5097245 9.6664314 0.0291720 0.7545782 0.0200814 0.6552538
117.128700 7.5555124 -0.5123546 9.6551352 0.0308303 0.7527011 0.0177335 0.6574010
117.337000 7.6370616 -0.5147902 9.6444511 0.0308471 0.7523199 0.0192278 0.6577945
117.545500 7.7158279 -0.5170576 9.6341572 0.0269798 0.7518035 0.0245875 0.6583760
117.753800 7.7916317 -0.5189689 9.6242228 0.0294948 0.7514225 0.0240679 0.6587223
117.962300 7.8663979 -0.5204087 9.6145916 0.0321572 0.7513524 0.0201871 0.6588080
118.170700 7.9419332 -0.5226662 9.6053267 0.0317617 0.7516965 0.0200710 0.6584381
118.379200 8.0169287 -0.5245659 9.5954103 0.0302199 0.7525727 0.0236008 0.6573918
118.587700 8.0906048 -0.5261819 9.5851068 0.0301060 0.7534667 0.0281463 0.6561931
118.796200 8.1635914 -0.5278435 9.5747032 0.0338542 0.7539918 0.0257523 0.6555052
119.109400 8.2699919 -0.5303172 9.5597782 0.0372143 0.7516580 0.0248991 0.6580315
119.317100 8.3411551 -0.5325024 9.5513659 0.0338715 0.7486624 0.0266563 0.6615488
119.525400 8.4117527 -0.5343997 9.5435944 0.0327964 0.7460127 0.0256376 0.6646293
119.733800 8.4812193 -0.5361767 9.5361261 0.0347851 0.7435966 0.0244246 0.6672762
119.942000 8.5500889 -0.5381235 9.5294657 0.0327349 0.7420487 0.0262227 0.6690325
120.150300 8.6177597 -0.5397336 9.5220308 0.0310341 0.7407172 0.0273884 0.6705407
120.567200 8.7462664 -0.5433765 9.5106344 0.0298087 0.7407939 0.0198246 0.6707778
120.775700 8.8070498 -0.5451421 9.5049057 0.0268745 0.7408869 0.0226216 0.6707105
121.088200 8.8900156 -0.5475122 9.4969730 0.0252244 0.7410932 0.0210459 0.6705980
121.505100 8.9847212 -0.5502580 9.4887037 0.0277853 0.7402454 0.0180076 0.6715209
121.922200 9.0667562 -0.5532997 9.4805040 0.0287393 0.7420257 0.0142134 0.6696043
122.339400 9.1429272 -0.5563122 9.4714422 0.0297055 0.7485592 0.0142495 0.6622490
122.652800 9.1929884 -0.5582011 9.4642591 0.0296251 0.7533386 0.0167699 0.6567512
123.173800 9.2627802 -0.5609255 9.4531660 0.0318651 0.7599859 0.0160666 0.6489592
123.591600 9.3161459 -0.5625961 9.4430656 0.0313858 0.7671042 0.0167075 0.6405365
123.799400 9.3418951 -0.5633741 9.4377737 0.0310072 0.7718326 0.0158567 0.6348713
124.112400 9.3808365 -0.5645987 9.4281693 0.0320806 0.7823769 0.0134010 0.6218342
124.321000 9.4071789 -0.5654773 9.4206467 0.0318589 0.7917411 0.0117412 0.6099125
124.738300 9.4630508 -0.5671907 9.4018269 0.0296222 0.8126626 0.0097091 0.5819001
124.947000 9.4924641 -0.5680991 9.3900461 0.0299383 0.8254308 0.0080398 0.5636516
125.155700 9.5231915 -0.5689475 9.3761501 0.0271119 0.8399071 0.0054224 0.5420255
125.364500 9.5548086 -0.5700107 9.3590593 0.0245855 0.8553746 0.0042675 0.5174085
125.573000 9.5868759 -0.5708424 9.3387985 0.0240879 0.8716357 0.0060017 0.4895252
125.781800 9.6192150 -0.5717271 9.3150902 0.0223657 0.8879800 0.0073616 0.4592790
125.990400 9.6509199 -0.5719267 9.2873402 0.0225761 0.9038256 0.0079735 0.4272306
126.198900 9.6827469 -0.5725583 9.2561350 0.0210612 0.9192480 0.0098421 0.3929920
126.408300 9.7135201 -0.5727192 9.2209330 0.0189482 0.9335004 0.0099433 0.3579372
126.616000 9.7425451 -0.5728290 9.1820984 0.0186904 0.9465176 0.0102612 0.3219469
126.824500 9.7698021 -0.5728899 9.1397104 0.0193732 0.9577545 0.0099038 0.2867627
127.032900 9.7954969 -0.5729125 9.0929146 0.0196053 0.9672222 0.0103456 0.2529620
127.241400 9.8194389 -0.5726694 9.0423870 0.0167743 0.9758544 0.0114933 0.2174735
127.449800 9.8401585 -0.5722325 8.9877682 0.0181170 0.9833150 0.0167572 0.1802292
127.762600 9.8645773 -0.5706294 8.9005880 0.0153986 0.9922670 0.0198875 0.1215466
127.971300 9.8744898 -0.5688233 8.8387556 0.0205945 0.9962279 0.0195729 0.0819932
128.179700 9.8796453 -0.5676198 8.7748213 0.0212889 0.9987463 0.0162209 0.0423023
128.387800 9.8804722 -0.5664439 8.7094564 0.0238198 0.9996135 0.0116609 0.0083299
128.596100 9.8772678 -0.5650724 8.6412621 0.0259544 0.9993539 0.0127788 -0.0213266
128.804200 9.8711739 -0.5639452 8.5719252 0.0254562 0.9984872 0.0149351 -0.0463920
129.012400 9.8620548 -0.5619864 8.5013828 0.0246868 0.9973119 0.0163938 -0.0670135
129.220400 9.8503113 -0.5601135 8.4293489 0.0226271 0.9957352 0.0205625 -0.0870443
129.428500 9.8355913 -0.5573144 8.3578281 0.0199521 0.9937438 0.0256320 -0.1068562
129.636700 9.8171978 -0.5542325 8.2851400 0.0160653 0.9917518 0.0265886 -0.1243514
129.844800 9.7972746 -0.5513094 8.2119093 0.0151088 0.9900715 0.0197836 -0.1383432
130.052900 9.7743530 -0.5485317 8.1368256 0.0150275 0.9885575 0.0180968 -0.1489991
130.261000 9.7494249 -0.5461149 8.0607967 0.0201609 0.9874031 0.0196707 -0.1556977
130.469000 9.7239275 -0.5438291 7.9844265 0.0209484 0.9867435 0.0184787 -0.1598656
130.677700 9.6979866 -0.5418339 7.9070311 0.0223807 0.9862375 0.0172891 -0.1628982
130.885300 9.6715403 -0.5400386 7.8290520 0.0242867 0.9861926 0.0174173 -0.1628829
131.093400 9.6452169 -0.5378809 7.7508764 0.0276320 0.9865585 0.0171917 -0.1601352
131.302500 9.6196003 -0.5353895 7.6726098 0.0297427 0.9874014 0.0177888 -0.1543938
131.509500 9.5963058 -0.5331832 7.5946798 0.0298479 0.9883412 0.0182939 -0.1481763
131.717500 9.5739155 -0.5311577 7.5169411 0.0304873 0.9892570 0.0184397 -0.1417779
131.925800 9.5526180 -0.5290811 7.4406099 0.0305636 0.9901425 0.0187536 -0.1353954
132.133900 9.5334187 -0.5270594 7.3657718 0.0300903 0.9908027 0.0200195 -0.1303987
132.342200 9.5150967 -0.5251679 7.2943811 0.0295462 0.9912274 0.0209655 -0.1271048
132.550700 9.4977036 -0.5234624 7.2264514 0.0284438 0.9913611 0.0205317 -0.1263829
132.760700 9.4813623 -0.5219727 7.1624970 0.0282176 0.9913306 0.0201843 -0.1267285
132.967600 9.4655209 -0.5201985 7.1010442 0.0276890 0.9910855 0.0204959 -0.1286962
133.178000 9.4499321 -0.5195569 7.0452137 0.0275707 0.9906119 0.0204971 -0.1323167
133.385700 9.4346657 -0.5179294 6.9899168 0.0266249 0.9897972 0.0204251 -0.1384756
133.698000 9.4098883 -0.5157979 6.9103312 0.0253850 0.9874384 0.0202923 -0.1546263
134.115500 9.3717537 -0.5126214 6.8133383 0.0250104 0.9797646 0.0201188 -0.1975626
134.324600 9.3493309 -0.5113983 6.7693958 0.0227579 0.9725634 0.0197147 -0.2306811
134.533600 9.3235569 -0.5101349 6.7287788 0.0212479 0.9621268 0.0179229 -0.2711814
134.742800 9.2944984 -0.5088471 6.6916342 0.0209165 0.9485335 0.0154307 -0.3156084
134.951900 9.2616253 -0.5074972 6.6586981 0.0208504 0.9317024 0.0155333 -0.3622907
135.160700 9.2255354 -0.5060583 6.6282883 0.0178207 0.9109631 0.0188158 -0.4116729
135.369500 9.1877642 -0.5047765 6.6035457 0.0173382 0.8880901 0.0193386 -0.4589351
135.473900 9.1673298 -0.5034987 6.5931902 0.0175794 0.8757799 0.0193579 -0.4820019
135.578300 9.1463957 -0.5026173 6.5827980 -0.0163415 -0.8626123 -0.0202673 0.5051951
135.682600 9.1246080 -0.5018204 6.5735831 -0.0140791 -0.8491703 -0.0225237 0.5274508
135.787000 9.1021261 -0.5010290 6.5650663 -0.0131722 -0.8351572 -0.0242584 0.5493183
135.891300 9.0793600 -0.5000995 6.5582581 -0.0129194 -0.8209087 -0.0243495 0.5703939
135.995500 9.0554733 -0.4992240 6.5521612 -0.0126244 -0.8064700 -0.0238006 0.5906610
136.204000 9.0063925 -0.4973294 6.5426955 -0.0111374 -0.7787894 -0.0256020 0.6266639
136.412100 8.9539051 -0.4952366 6.5361280 -0.0135409 -0.7545536 -0.0274809 0.6555230
136.620200 8.8988848 -0.4932096 6.5322976 -0.0138123 -0.7348552 -0.0296175 0.6774362
136.932000 8.8121328 -0.4893824 6.5301824 -0.0077356 -0.7130309 -0.0282906 0.7005188
138.075500 8.4263783 -0.4738758 6.5499678 -0.0047943 -0.6798480 -0.0299201 0.7327268
147.659100 4.1138792 -0.3293005 6.9185438 -0.0019948 -0.6816182 -0.0347558 0.7308794
150.471300 2.7716465 -0.2866639 7.0354481 -0.0071557 -0.6707885 -0.0322705 0.7409118
157.554600 -0.2947693 -0.1881287 7.1891880 -0.0123522 -0.6507388 -0.0248841 0.7587932
157.867100 -0.3779918 -0.1856739 7.2017365 -0.0159472 -0.6539215 -0.0221380 0.7560703
158.387700 -0.5009980 -0.1817307 7.2174454 -0.0203605 -0.6624850 -0.0203275 0.7485225
159.221300 -0.6424720 -0.1774296 7.2306695 -0.0159015 -0.6742313 -0.0174806 0.7381421
159.638100 -0.6886463 -0.1764181 7.2337732 -0.0142276 -0.6778882 -0.0183188 0.7347990
160.159400 -0.7354271 -0.1754103 7.2369261 -0.0124005 -0.6814994 -0.0153068 0.7315535
160.576500 -0.7707383 -0.1745184 7.2385950 -0.0116773 -0.6844466 -0.0143836 0.7288275
160.993400 -0.8058201 -0.1737820 7.2402802 -0.0131909 -0.6876114 -0.0143214 0.7258178
161.410500 -0.8428602 -0.1730929 7.2405939 -0.0063542 -0.6919164 -0.0156435 0.7217802
161.827100 -0.8920892 -0.1721966 7.2414927 -0.0044878 -0.6969336 -0.0145745 0.7169735
162.244000 -0.9552561 -0.1710754 7.2417011 0.0014454 -0.6996292 -0.0151276 0.7143444
162.660800 -1.0360062 -0.1694712 7.2427912 -0.0004511 -0.6979375 -0.0206406 0.7158610
162.973500 -1.1066104 -0.1674744 7.2453117 -0.0083565 -0.6969355 -0.0232189 0.7167091
163.286300 -1.1833860 -0.1648701 7.2480879 -0.0120146 -0.6972678 -0.0173242 0.7165006
163.598900 -1.2684788 -0.1614764 7.2504001 -0.0171530 -0.6995174 -0.0140946 0.7142706
163.911400 -1.3611802 -0.1587752 7.2508984 -0.0121518 -0.7025271 -0.0117488 0.7114562
164.224100 -1.4603637 -0.1561476 7.2510929 -0.0071799 -0.7038363 -0.0085183 0.7102748
164.536900 -1.5669419 -0.1537915 7.2509012 -0.0094941 -0.7048795 -0.0124460 0.7091543
164.849700 -1.6807064 -0.1516092 7.2507863 -0.0067851 -0.7060606 -0.0112229 0.7080299
165.058000 -1.7586393 -0.1501380 7.2504101 -0.0087379 -0.7064435 -0.0141631 0.7075738
165.266500 -1.8387263 -0.1482187 7.2504430 -0.0102216 -0.7068192 -0.0158011 0.7071438
165.475000 -1.9199148 -0.1464991 7.2501049 -0.0089457 -0.7063469 -0.0160545 0.7076272
165.683600 -2.0048275 -0.1444374 7.2501340 -0.0072461 -0.7052184 -0.0156422 0.7087805
165.892000 -2.0911095 -0.1426470 7.2503595 -0.0089676 -0.7039668 -0.0168580 0.7099761
166.100600 -2.1788747 -0.1406968 7.2509265 -0.0096670 -0.7028518 -0.0166974 0.7110746
166.308900 -2.2684696 -0.1385492 7.2514071 -0.0101021 -0.7021974 -0.0153290 0.7117456
166.517400 -2.3585472 -0.1367542 7.2520890 -0.0102246 -0.7024168 -0.0150486 0.7115333
166.725700 -2.4497695 -0.1347365 7.2524047 -0.0100778 -0.7028679 -0.0162912 0.7110624
166.829900 -2.4956458 -0.1337522 7.2528048 -0.0088193 -0.7033099 -0.0161247 0.7106458
166.934000 -2.5414233 -0.1327187 7.2529144 -0.0080871 -0.7036072 -0.0153493 0.7103773
167.142500 -2.6338172 -0.1308790 7.2528892 -0.0084900 -0.7039405 -0.0180024 0.7099800
167.246600 -2.6804750 -0.1299289 7.2532301 -0.0093123 -0.7041319 -0.0182172 0.7097744
167.455000 -2.7735338 -0.1278030 7.2534218 -0.0108332 -0.7037373 -0.0179770 0.7101501
167.559000 -2.8199475 -0.1267868 7.2533793 -0.0117946 -0.7036038 -0.0180481 0.7102653
167.663200 -2.8668971 -0.1253533 7.2534227 -0.0116472 -0.7035065 -0.0181092 0.7103626
167.767400 -2.9136236 -0.1242713 7.2534714 -0.0108339 -0.7035415 -0.0185354 0.7103299
167.871500 -2.9594800 -0.1231816 7.2531090 -0.0093091 -0.7033097 -0.0191559 0.7105645
167.975600 -3.0057998 -0.1224013 7.2528777 -0.0078097 -0.7031305 -0.0186090 0.7107744
168.183900 -3.0991132 -0.1203122 7.2523565 -0.0063453 -0.7029587 -0.0221803 0.7108564
168.392100 -3.1933715 -0.1176954 7.2528882 -0.0118024 -0.7030319 -0.0272925 0.7105364
168.600500 -3.2866197 -0.1143975 7.2525625 -0.0080686 -0.7030962 -0.0260768 0.7105707
168.913000 -3.4269357 -0.1110226 7.2532721 -0.0046667 -0.7026106 -0.0213587 0.7112386
169.121700 -3.5214195 -0.1087054 7.2539220 -0.0071710 -0.7024396 -0.0207363 0.7114051
169.329900 -3.6150129 -0.1066663 7.2545352 -0.0077471 -0.7026137 -0.0193555 0.7112660
169.538100 -3.7089827 -0.1047581 7.2549992 -0.0074422 -0.7032103 -0.0176135 0.7107248
169.746400 -3.8035667 -0.1028617 7.2554250 -0.0108782 -0.7038805 -0.0187761 0.7099869
169.954800 -3.8983932 -0.1005077 7.2552524 -0.0107968 -0.7042273 -0.0191325 0.7096345
170.059000 -3.9445736 -0.0993105 7.2550611 -0.0080930 -0.7044818 -0.0184531 0.7094359
170.267400 -4.0390558 -0.0969799 7.2554007 -0.0066207 -0.7049919 -0.0186759 0.7089385
170.475800 -4.1337452 -0.0947068 7.2548685 -0.0093625 -0.7051105 -0.0217149 0.7087030
170.684100 -4.2281590 -0.0923643 7.2541752 -0.0076414 -0.7056324 -0.0209642 0.7082267
170.996500 -4.3694201 -0.0891205 7.2530904 -0.0046982 -0.7074723 -0.0232422 0.7063432
171.204900 -4.4643130 -0.0867834 7.2519488 -0.0041299 -0.7097238 -0.0217482 0.7041322
171.517300 -4.6062312 -0.0842465 7.2498288 -0.0028691 -0.7123120 -0.0164720 0.7016637
171.725500 -4.7015123 -0.0830379 7.2472954 -0.0032606 -0.7139295 -0.0179215 0.6999806
171.933900 -4.7966361 -0.0814123 7.2445235 -0.0062340 -0.7153171 -0.0216111 0.6984379
172.247200 -4.9391160 -0.0786440 7.2395663 -0.0045597 -0.7178106 -0.0177968 0.6959960
172.454600 -5.0339546 -0.0772508 7.2355590 -0.0040029 -0.7196658 -0.0164617 0.6941139
172.662800 -5.1297598 -0.0759278 7.2310238 -0.0053870 -0.7214428 -0.0188151 0.6921974
172.871000 -5.2258606 -0.0740042 7.2261915 -0.0049942 -0.7231937 -0.0189823 0.6903663
173.079300 -5.3215070 -0.0721743 7.2208142 -0.0054477 -0.7250006 -0.0177351 0.6884983
173.287500 -5.4180698 -0.0705480 7.2148867 -0.0051429 -0.7267359 -0.0161991 0.6867066
173.495800 -5.5142193 -0.0692607 7.2084975 -0.0056758 -0.7280178 -0.0159102 0.6853501
173.808100 -5.6593099 -0.0669657 7.1985712 -0.0084870 -0.7297705 -0.0148124 0.6834791
174.224700 -5.8514991 -0.0639304 7.1838326 -0.0082537 -0.7317253 -0.0136833 0.6814124
174.433100 -5.9483013 -0.0624128 7.1764574 -0.0086062 -0.7325507 -0.0118252 0.6805554
174.745600 -6.0941286 -0.0602563 7.1650152 -0.0126219 -0.7328676 -0.0109388 0.6801662
174.953800 -6.1912894 -0.0586261 7.1569343 -0.0108236 -0.7329086 -0.0102428 0.6801639
175.162100 -6.2880325 -0.0574269 7.1491685 -0.0085447 -0.7326204 -0.0093762 0.6805192
175.370400 -6.3857713 -0.0564110 7.1411910 -0.0088322 -0.7327375 -0.0119389 0.6803492
175.578600 -6.4839792 -0.0545496 7.1329846 -0.0097529 -0.7329950 -0.0139605 0.6800207
175.787300 -6.5815659 -0.0526058 7.1247177 -0.0086646 -0.7334290 -0.0137164 0.6795724
175.995400 -6.6796327 -0.0513796 7.1164899 -0.0068077 -0.7337659 -0.0138711 0.6792267
176.203400 -6.7775979 -0.0500123 7.1081309 -0.0063601 -0.7337891 -0.0145634 0.6791914
176.411600 -6.8757610 -0.0484716 7.1000519 -0.0069502 -0.7338426 -0.0149067 0.6791204
176.619800 -6.9745274 -0.0466501 7.0920372 -0.0078130 -0.7335555 -0.0144268 0.6794314
176.828000 -7.0728002 -0.0454937 7.0842142 -0.0065378 -0.7338162 -0.0118529 0.6792132
177.036200 -7.1712618 -0.0443297 7.0755558 -0.0065241 -0.7335907 -0.0137503 0.6794211
177.244500 -7.2688370 -0.0429413 7.0673370 -0.0082010 -0.7336578 -0.0131865 0.6793416
177.452500 -7.3670874 -0.0416021 7.0597057 -0.0104917 -0.7341849 -0.0113706 0.6787732
177.660900 -7.4645181 -0.0403350 7.0511971 -0.0100353 -0.7344143 -0.0107399 0.6785423
177.869000 -7.5619884 -0.0392128 7.0426683 -0.0106144 -0.7344341 -0.0111865 0.6785047
178.077300 -7.6595106 -0.0371473 7.0346346 -0.0140895 -0.7344885 -0.0140661 0.6783290
178.285500 -7.7549992 -0.0360613 7.0268464 -0.0092813 -0.7344781 -0.0089426 0.6785100
178.493800 -7.8499851 -0.0354372 7.0183077 -0.0074546 -0.7341232 -0.0070769 0.6789384
178.702100 -7.9448652 -0.0343755 7.0102010 -0.0142707 -0.7335898 -0.0118127 0.6793400
178.910400 -8.0390234 -0.0326846 7.0020742 -0.0140470 -0.7335811 -0.0130182 0.6793321
179.118400 -8.1313314 -0.0318046 6.9947515 -0.0105626 -0.7335663 -0.0036170 0.6795262
179.326700 -8.2246017 -0.0305777 6.9872632 -0.0178882 -0.7345524 -0.0067828 0.6782822
179.534800 -8.3172750 -0.0280776 6.9795933 -0.0248256 -0.7341796 -0.0127990 0.6783805
179.847200 -8.4495621 -0.0262672 6.9671636 -0.0121601 -0.7343201 -0.0055989 0.6786713
180.055500 -8.5371437 -0.0254420 6.9595823 -0.0129333 -0.7346240 -0.0081662 0.6783020
180.263700 -8.6247644 -0.0238251 6.9515600 -0.0173045 -0.7346465 -0.0155585 0.6780509
180.471900 -8.7102442 -0.0218746 6.9441137 -0.0166741 -0.7352669 -0.0151431 0.6774034
180.680200 -8.7940254 -0.0202599 6.9368157 -0.0165034 -0.7355764 -0.0123649 0.6771278
180.992700 -8.9181547 -0.0179575 6.9253960 -0.0158351 -0.7345415 -0.0101655 0.6783028
181.097200 -8.9595985 -0.0173313 6.9219460 -0.0146102 -0.7340894 -0.0103680 0.6788164
181.305100 -9.0405846 -0.0157063 6.9149323 -0.0108024 -0.7332835 -0.0089902 0.6797778
181.513300 -9.1211739 -0.0150163 6.9083347 -0.0119931 -0.7333376 -0.0108741 0.6796719
181.617500 -9.1610861 -0.0146202 6.9050937 -0.0127623 -0.7337107 -0.0114656 0.6792454
181.825600 -9.2397776 -0.0136912 6.8977194 -0.0106218 -0.7349999 -0.0115932 0.6778849
181.929700 -9.2788582 -0.0131208 6.8940077 -0.0098241 -0.7362331 -0.0118647 0.6765527
182.137800 -9.3569546 -0.0119974 6.8858891 -0.0100445 -0.7386700 -0.0141759 0.6738433
182.345900 -9.4342556 -0.0106567 6.8779488 -0.0145011 -0.7417463 -0.0125692 0.6704059
182.554000 -9.5093775 -0.0096148 6.8692560 -0.0121307 -0.7455397 -0.0092584 0.6662865
182.762300 -9.5837021 -0.0084752 6.8592768 -0.0135709 -0.7496203 -0.0084777 0.6616747
182.970500 -9.6585388 -0.0069911 6.8476758 -0.0158119 -0.7540644 -0.0119462 0.6565014
183.283100 -9.7674503 -0.0048142 6.8299313 -0.0117715 -0.7596119 -0.0094682 0.6502011
183.491500 -9.8397121 -0.0037275 6.8167448 -0.0085565 -0.7607526 -0.0146787 0.6488196
183.700300 -9.9106150 -0.0026464 6.8041315 -0.0064868 -0.7603949 -0.0186078 0.6491620
183.908700 -9.9811373 -0.0011985 6.7922134 -0.0066998 -0.7596026 -0.0206538 0.6500250
184.117400 -10.0498695 0.0003475 6.7803822 -0.0031334 -0.7579417 -0.0233498 0.6518967
184.326100 -10.1163263 0.0018030 6.7697325 0.0009831 -0.7533574 -0.0255412 0.6571144
184.430300 -10.1491566 0.0024312 6.7650337 0.0021629 -0.7492356 -0.0273009 0.6617371
184.534700 -10.1810188 0.0027395 6.7610068 0.0029920 -0.7449121 -0.0287737 0.6665351
184.743300 -10.2427683 0.0042663 6.7547555 0.0029171 -0.7363532 -0.0280997 0.6760073
184.951900 -10.3019428 0.0051822 6.7506289 0.0025987 -0.7277895 -0.0288589 0.6851882
185.160400 -10.3593645 0.0061031 6.7480440 0.0023622 -0.7183104 -0.0302038 0.6950628
185.473400 -10.4404726 0.0080667 6.7469311 0.0023996 -0.7026426 -0.0295910 0.7109234
185.786200 -10.5183935 0.0090204 6.7500529 0.0009775 -0.6864809 -0.0271118 0.7266415
186.098800 -10.5919151 0.0097562 6.7564855 0.0021696 -0.6702507 -0.0240032 0.7417433
186.411400 -10.6608601 0.0106517 6.7654424 -0.0005271 -0.6548132 -0.0225531 0.7554539
186.619800 -10.7044039 0.0109455 6.7723951 -0.0010110 -0.6459464 -0.0231314 0.7630316
186.828000 -10.7456493 0.0114008 6.7798100 -0.0027890 -0.6404479 -0.0204336 0.7677247
187.036100 -10.7855597 0.0115999 6.7869878 -0.0052321 -0.6390366 -0.0187325 0.7689304
187.244300 -10.8234854 0.0120681 6.7930861 -0.0062327 -0.6406313 -0.0185568 0.7675991
187.452300 -10.8596764 0.0128427 6.7982922 -0.0073734 -0.6461707 -0.0177066 0.7629519
187.764200 -10.9099970 0.0138723 6.8032646 -0.0093466 -0.6630675 -0.0157119 0.7483364
188.283800 -10.9813395 0.0150688 6.8027983 -0.0128124 -0.7080854 -0.0154482 0.7058416
188.699700 -11.0297585 0.0157388 6.7932110 -0.0065298 -0.7565566 -0.0169507 0.6536759
189.115800 -11.0752382 0.0165617 6.7774696 -0.0047629 -0.8024025 -0.0166127 0.5965329
189.428300 -11.1063414 0.0171779 6.7606306 0.0019429 -0.8327085 -0.0202083 0.5533394
189.740600 -11.1361446 0.0179771 6.7414932 0.0023837 -0.8586676 -0.0255330 0.5118910
190.157500 -11.1734085 0.0192023 6.7127128 -0.0068210 0.8869852 0.0293184 -0.4608158
190.470300 -11.2000122 0.0204172 6.6883659 -0.0114330 0.9008824 0.0283692 -0.4329842
190.783200 -11.2273521 0.0208237 6.6636276 -0.0064433 0.9120591 0.0236120 -0.4093276
190.991800 -11.2448120 0.0220070 6.6460142 -0.0057596 0.9193866 0.0174431 -0.3929261
191.304400 -11.2710438 0.0230224 6.6165171 -0.0035608 0.9306233 0.0168957 -0.3655710
191.512700 -11.2875824 0.0235149 6.5949049 0.0000675 0.9395267 0.0193970 -0.3419257
191.723100 -11.3038521 0.0240505 6.5707860 0.0019728 0.9484397 0.0194437 -0.3163547
191.929600 -11.3189220 0.0243649 6.5445633 0.0023879 0.9572045 0.0209373 -0.2886443
192.137900 -11.3341084 0.0255239 6.5160389 0.0050562 0.9659415 0.0189299 -0.2580174
192.345600 -11.3472061 0.0268202 6.4846401 0.0035093 0.9740697 0.0161170 -0.2256461
192.553800 -11.3594427 0.0281716 6.4493203 0.0017030 0.9812282 0.0163438 -0.1921489
192.762500 -11.3719749 0.0288645 6.4104681 0.0067406 0.9864320 0.0169614 -0.1631528
192.970700 -11.3834391 0.0299606 6.3670521 0.0037608 0.9897510 0.0180901 -0.1416032
193.179500 -11.3958740 0.0315384 6.3196135 0.0038745 0.9913149 0.0190617 -0.1300632
193.388000 -11.4088583 0.0333657 6.2677212 0.0109944 0.9929155 0.0180251 -0.1169317
193.596300 -11.4199305 0.0348995 6.2113786 0.0124573 0.9946785 0.0152895 -0.1011223
193.804800 -11.4306755 0.0372553 6.1496491 0.0150830 0.9961416 0.0162005 -0.0849239
194.013300 -11.4398174 0.0393175 6.0822244 0.0168311 0.9972348 0.0182585 -0.0700436
194.221800 -11.4476986 0.0419791 6.0102577 0.0168258 0.9980289 0.0157410 -0.0583730
194.430500 -11.4550600 0.0441518 5.9341908 0.0169957 0.9984202 0.0157795 -0.0511781
194.639200 -11.4625015 0.0462412 5.8530693 0.0170454 0.9986063 0.0165998 -0.0471106
194.847700 -11.4700060 0.0488800 5.7674294 0.0170398 0.9987157 0.0159908 -0.0449544
195.056300 -11.4773903 0.0513072 5.6785297 0.0190263 0.9987397 0.0169784 -0.0432295
195.160600 -11.4811754 0.0531340 5.6316819 0.0196622 0.9987456 0.0176098 -0.0425504
195.369000 -11.4891415 0.0560344 5.5353632 0.0218012 0.9987771 0.0174313 -0.0408063
195.577500 -11.4965305 0.0585233 5.4361982 0.0211568 0.9988981 0.0144351 -0.0393266
195.786100 -11.5036182 0.0615796 5.3309202 0.0195285 0.9989703 0.0155461 -0.0378845
195.994400 -11.5116997 0.0648602 5.2246666 0.0212560 0.9988939 0.0210854 -0.0362576
196.202800 -11.5184736 0.0679472 5.1195550 0.0236474 0.9988443 0.0236805 -0.0344963
196.411200 -11.5252590 0.0706523 5.0142283 0.0233753 0.9989803 0.0209401 -0.0324568
196.619500 -11.5313444 0.0737518 4.9081469 0.0207371 0.9991234 0.0209892 -0.0296971
196.828000 -11.5371065 0.0770587 4.8028288 0.0194665 0.9991983 0.0215433 -0.0275624
197.036300 -11.5417690 0.0796674 4.6977401 0.0205175 0.9992360 0.0219072 -0.0250319
197.348800 -11.5480528 0.0837261 4.5403132 0.0200903 0.9992998 0.0227529 -0.0218746
197.557200 -11.5518064 0.0864438 4.4361439 0.0179736 0.9993688 0.0228714 -0.0203903
197.765600 -11.5557919 0.0894858 4.3328629 0.0174870 0.9993908 0.0229901 -0.0195862
197.973900 -11.5591850 0.0918849 4.2300773 0.0175743 0.9994318 0.0218407 -0.0187108
198.182200 -11.5625906 0.0949097 4.1274815 0.0187031 0.9993996 0.0231419 -0.0177512
198.390400 -11.5657024 0.0974175 4.0255032 0.0179553 0.9994314 0.0233580 -0.0164007
198.598700 -11.5679817 0.1006138 3.9245348 0.0164483 0.9994916 0.0230474 -0.0146577
198.911000 -11.5713596 0.1039236 3.7731106 0.0160632 0.9995585 0.0220577 -0.0117559
199.223300 -11.5734892 0.1079775 3.6242070 0.0148038 0.9995936 0.0220129 -0.0104407
199.431800 -11.5747042 0.1104069 3.5251257 0.0147764 0.9995712 0.0231425 -0.0101727
199.639900 -11.5761604 0.1126265 3.4268351 0.0141755 0.9996235 0.0207038 -0.0111061
199.848200 -11.5768900 0.1153342 3.3299308 0.0122063 0.9996125 0.0205615 -0.0142486
200.160900 -11.5810041 0.1184676 3.1854293 0.0151605 0.9994888 0.0194564 -0.0203407
200.369200 -11.5847254 0.1215759 3.0891807 0.0170740 0.9993317 0.0223076 -0.0233900
200.577400 -11.5888195 0.1245937 2.9929140 0.0127900 0.9992029 0.0282327 -0.0251566
200.785700 -11.5924549 0.1276720 2.8976102 0.0088376 0.9992316 0.0270323 -0.0269680
201.098000 -11.6004009 0.1317020 2.7546175 0.0120693 0.9993672 0.0201998 -0.0266739
201.306400 -11.6043434 0.1342714 2.6578050 0.0127383 0.9992655 0.0241051 -0.0269292
201.514700 -11.6086884 0.1374772 2.5614188 0.0117521 0.9991952 0.0268670 -0.0273680
201.723300 -11.6134806 0.1410294 2.4645419 0.0105879 0.9992191 0.0257927 -0.0279964
201.931300 -11.6179838 0.1443246 2.3688924 0.0115053 0.9992495 0.0249613 -0.0272959
202.139600 -11.6222725 0.1471182 2.2739568 0.0118666 0.9992676 0.0256582 -0.0257888
202.347900 -11.6262531 0.1502157 2.1786830 0.0112057 0.9993060 0.0262153 -0.0239712
202.556200 -11.6296530 0.1532985 2.0825481 0.0104647 0.9993610 0.0260689 -0.0221006
202.764600 -11.6331263 0.1567287 1.9867659 0.0100331 0.9994153 0.0256666 -0.0202374
202.972900 -11.6354723 0.1593176 1.8933057 0.0086991 0.9994617 0.0253911 -0.0188667
203.285500 -11.6379204 0.1641073 1.7545904 0.0071294 0.9994851 0.0258184 -0.0176678
203.493800 -11.6401415 0.1671536 1.6627296 0.0060366 0.9994863 0.0259835 -0.0177633
203.806500 -11.6435213 0.1709920 1.5247622 0.0045017 0.9994939 0.0250052 -0.0191428
204.015000 -11.6465254 0.1738247 1.4334450 0.0029122 0.9994283 0.0256178 -0.0218695
204.223400 -11.6500063 0.1773206 1.3419614 0.0032980 0.9993442 0.0260276 -0.0249579
204.536200 -11.6563540 0.1813114 1.2074573 0.0034929 0.9992558 0.0252000 -0.0289920
204.744700 -11.6609859 0.1841473 1.1191400 0.0036043 0.9992085 0.0251569 -0.0306017
204.953000 -11.6656599 0.1869110 1.0316583 0.0036978 0.9991558 0.0253628 -0.0321053
205.161200 -11.6705189 0.1895415 0.9444103 0.0041709 0.9991242 0.0249071 -0.0333637
205.369400 -11.6760015 0.1923826 0.8573232 0.0043177 0.9990972 0.0251243 -0.0339839
205.577700 -11.6804409 0.1959897 0.7699590 0.0053516 0.9991360 0.0255299 -0.0323553
205.785700 -11.6832275 0.1992358 0.6835509 0.0064616 0.9992955 0.0249337 -0.0272959
205.993700 -11.6860342 0.2021320 0.5971761 0.0069700 0.9994913 0.0249224 -0.0186384
206.201800 -11.6872187 0.2051178 0.5120379 0.0068772 0.9996122 0.0256356 -0.0084299
206.409700 -11.6857576 0.2077707 0.4263511 0.0070525 0.9996310 0.0261381 0.0021869
206.617900 -11.6839418 0.2105962 0.3424152 0.0084818 0.9995914 0.0233452 0.0141497
206.825800 -11.6792192 0.2133839 0.2574777 0.0102511 0.9992348 0.0244056 0.0287951
207.033600 -11.6715193 0.2161341 0.1744958 0.0118663 0.9985465 0.0236051 0.0469769
207.241600 -11.6604309 0.2182482 0.0918611 0.0120063 0.9974260 0.0226778 0.0669543
207.449700 -11.6460295 0.2202259 0.0096923 0.0114039 0.9958143 0.0233044 0.0876398
207.657600 -11.6279221 0.2225478 -0.0729651 0.0118382 0.9936517 0.0228345 0.1095206
207.865600 -11.6059942 0.2244673 -0.1549852 0.0121364 0.9909103 0.0210223 0.1323162
208.073600 -11.5801363 0.2264491 -0.2369606 0.0122427 0.9875271 0.0199402 0.1557008
208.281600 -11.5498772 0.2282437 -0.3187656 0.0118948 0.9835337 0.0207489 0.1791350
208.489700 -11.5152664 0.2299964 -0.3999612 0.0139684 0.9789196 0.0220628 0.2025700
208.698000 -11.4764767 0.2317492 -0.4792118 0.0142968 0.9737483 0.0211441 0.2261921
208.905800 -11.4340343 0.2331771 -0.5575490 0.0129014 0.9684021 0.0224777 0.2480439
209.010200 -11.4107990 0.2344021 -0.5969429 0.0131875 0.9657717 0.0192639 0.2583408
209.218200 -11.3621130 0.2357623 -0.6742744 0.0124854 0.9603428 0.0174051 0.2779978
209.426600 -11.3092623 0.2366759 -0.7516241 0.0113635 0.9556515 0.0166971 0.2938065
209.635200 -11.2535009 0.2378050 -0.8289585 0.0081829 0.9523719 0.0160519 0.3044062
209.843700 -11.1956911 0.2389569 -0.9068990 0.0066399 0.9504523 0.0151516 0.3104300
210.052200 -11.1367788 0.2398744 -0.9853177 0.0071051 0.9493665 0.0134156 0.3138039
210.260700 -11.0771885 0.2408594 -1.0641131 0.0076049 0.9487194 0.0128373 0.3157672
210.469100 -11.0161142 0.2413047 -1.1438599 0.0060579 0.9484470 0.0132055 0.3166026
210.677500 -10.9563503 0.2411436 -1.2216625 0.0047552 0.9486911 0.0129290 0.3159040
210.886000 -10.8958626 0.2415939 -1.3012452 0.0033793 0.9498758 0.0128029 0.3123468
211.094400 -10.8366060 0.2423720 -1.3820348 0.0021174 0.9516749 0.0133345 0.3068103
211.406900 -10.7502384 0.2432415 -1.5032647 0.0011658 0.9549590 0.0128834 0.2964557
211.615300 -10.6946421 0.2435222 -1.5853214 0.0011095 0.9575235 0.0137042 0.2880272
211.823900 -10.6411972 0.2446681 -1.6681683 0.0033186 0.9597710 0.0148540 0.2803711
212.031900 -10.5890846 0.2450266 -1.7510881 0.0078135 0.9610195 0.0158925 0.2759130
212.240100 -10.5370436 0.2459158 -1.8341749 0.0095943 0.9615863 0.0167752 0.2738218
212.448400 -10.4863005 0.2470407 -1.9162135 0.0114646 0.9620335 0.0173263 0.2721398
212.656400 -10.4361725 0.2475981 -1.9975045 0.0142197 0.9622759 0.0184289 0.2710781
212.864600 -10.3872385 0.2481022 -2.0779643 0.0172787 0.9623486 0.0190052 0.2706021
213.072700 -10.3388796 0.2492648 -2.1561277 0.0185103 0.9624448 0.0194610 0.2701455
213.280800 -10.2911558 0.2500706 -2.2344069 0.0204051 0.9625582 0.0207642 0.2695072
213.489000 -10.2447472 0.2508835 -2.3111665 0.0213671 0.9626231 0.0216054 0.2691344
213.697100 -10.1987123 0.2515677 -2.3859491 0.0214991 0.9625844 0.0221011 0.2692224
214.009100 -10.1341887 0.2529355 -2.4894452 0.0226358 0.9608291 0.0247189 0.2751072
214.217100 -10.0930624 0.2537947 -2.5531814 0.0243059 0.9588467 0.0240041 0.2818615
214.425200 -10.0534201 0.2544174 -2.6114244 0.0237348 0.9568540 0.0238266 0.2886164
214.633200 -10.0158997 0.2550421 -2.6655242 0.0226853 0.9549274 0.0243902 0.2949647
214.841300 -9.9806366 0.2554932 -2.7148356 0.0215826 0.9530894 0.0229289 0.3010467
215.052500 -9.9474716 0.2562115 -2.7597497 0.0210528 0.9512972 0.0227017 0.3067166
215.257800 -9.9161091 0.2564555 -2.8019025 0.0212606 0.9491559 0.0234758 0.3132091
215.466200 -9.8859568 0.2569861 -2.8403463 0.0219417 0.9461886 0.0233869 0.3220230
215.674000 -9.8565950 0.2569757 -2.8758135 0.0227733 0.9420404 0.0224720 0.3339703
215.882200 -9.8275862 0.2570634 -2.9086370 0.0230639 0.9373602 0.0208387 0.3469720
216.090300 -9.7990351 0.2570200 -2.9393730 0.0240043 0.9318374 0.0202712 0.3615134
216.402400 -9.7572231 0.2567799 -2.9790623 0.0257864 0.9209610 0.0204086 0.3882645
216.610300 -9.7305107 0.2563573 -3.0014737 0.0254311 0.9110250 0.0203827 0.4110612
216.923100 -9.6941767 0.2556673 -3.0259101 0.0202733 0.8941738 0.0161082 0.4469706
217.234800 -9.6617823 0.2549784 -3.0443790 0.0188536 0.8781036 0.0099041 0.4779965
217.443100 -9.6405659 0.2543981 -3.0550272 0.0184925 0.8656982 0.0089290 0.5001449
217.651400 -9.6189680 0.2537974 -3.0634582 0.0144257 0.8513653 0.0086794 0.5243030
217.859600 -9.5972767 0.2532350 -3.0705600 0.0117111 0.8357177 0.0077964 0.5489790
218.067900 -9.5756712 0.2528230 -3.0767853 0.0101865 0.8197048 0.0062847 0.5726611
218.276100 -9.5526705 0.2523779 -3.0814493 0.0089210 0.8026998 0.0037683 0.5963047
218.484300 -9.5281744 0.2517868 -3.0857806 0.0099691 0.7839990 0.0033223 0.6206731
218.692600 -9.5012197 0.2512431 -3.0891194 0.0116609 0.7644974 0.0028884 0.6445149
218.900800 -9.4713726 0.2506844 -3.0910509 0.0136278 0.7440110 0.0012878 0.6680270
219.109000 -9.4391012 0.2497443 -3.0913033 0.0150043 0.7224457 0.0010151 0.6912642
219.317300 -9.4036360 0.2489906 -3.0892704 0.0146563 0.7005779 -0.0016568 0.7134236
219.525600 -9.3648300 0.2481520 -3.0852959 0.0123772 0.6789832 -0.0016708 0.7340476
219.735500 -9.3218145 0.2470258 -3.0793624 0.0120727 0.6593637 0.0009866 0.7517265
219.942400 -9.2759771 0.2458878 -3.0705423 0.0117048 0.6425894 0.0024710 0.7661173
220.151400 -9.2261610 0.2450495 -3.0586176 0.0119265 0.6246992 0.0018540 0.7807722
220.359200 -9.1730080 0.2442099 -3.0435066 0.0118691 0.6048471 0.0055855 0.7962336
220.567600 -9.1165209 0.2429907 -3.0246046 0.0115627 0.5834043 0.0124824 0.8120036
220.880200 -9.0279961 0.2415304 -2.9884825 0.0174325 0.5475236 0.0187362 0.8363988
221.088500 -8.9668360 0.2404642 -2.9586082 0.0242117 0.5236068 0.0198833 0.8513838
221.296900 -8.9034042 0.2382350 -2.9224110 0.0217385 0.5033956 0.0202999 0.8635440
221.505700 -8.8377628 0.2359702 -2.8816814 0.0189311 0.4874996 0.0197989 0.8726934
221.714400 -8.7703485 0.2339962 -2.8372555 0.0182379 0.4772319 0.0166002 0.8784313
221.923300 -8.7005482 0.2320243 -2.7896719 0.0162194 0.4727879 0.0127489 0.8809347
222.132200 -8.6284056 0.2292492 -2.7411752 0.0141082 0.4728808 0.0112189 0.8809420
222.341000 -8.5539837 0.2271407 -2.6912370 0.0164908 0.4737461 0.0096559 0.8804541
222.549900 -8.4772186 0.2243980 -2.6397674 0.0146702 0.4749148 0.0097239 0.8798558
222.758100 -8.3983841 0.2223992 -2.5876088 0.0123755 0.4763650 0.0098859 0.8791050
222.966600 -8.3173122 0.2200976 -2.5344400 0.0126285 0.4783686 0.0080121 0.8780318
223.175200 -8.2348251 0.2173958 -2.4816942 0.0137630 0.4807859 0.0051567 0.8767148
223.383700 -8.1491165 0.2153863 -2.4273095 0.0099296 0.4842037 0.0052468 0.8748832
223.592100 -8.0620165 0.2128091 -2.3725584 0.0074913 0.4894482 0.0042737 0.8719897
223.800700 -7.9737835 0.2103117 -2.3195319 0.0080114 0.4947604 0.0050428 0.8689778
224.008900 -7.8831143 0.2084758 -2.2668052 0.0078289 0.5001139 0.0079992 0.8658873
224.217200 -7.7905340 0.2061672 -2.2142439 0.0082403 0.5058772 0.0085325 0.8625239
224.425500 -7.6980758 0.2037322 -2.1630340 0.0090012 0.5125996 0.0064941 0.8585560
224.633700 -7.6042628 0.2013089 -2.1130188 0.0073813 0.5194772 0.0072457 0.8544217
224.841700 -7.5104980 0.1992621 -2.0651169 0.0060999 0.5254921 0.0068057 0.8507494
224.945800 -7.4633660 0.1981665 -2.0415058 0.0047360 0.5280863 0.0075792 0.8491437
225.153800 -7.3699021 0.1965122 -1.9954683 0.0029166 0.5315912 0.0079704 0.8469585
225.361700 -7.2774830 0.1945674 -1.9513676 0.0108633 0.5325329 0.0084727 0.8462972
225.569800 -7.1853242 0.1920538 -1.9068955 0.0102186 0.5327201 0.0101707 0.8461686
225.777700 -7.0927153 0.1904492 -1.8621854 0.0080415 0.5336665 0.0094202 0.8456043
225.986100 -7.0004630 0.1883973 -1.8184632 0.0099583 0.5338755 0.0090609 0.8454559
226.089900 -6.9545450 0.1875144 -1.7968556 0.0129927 0.5337598 0.0090031 0.8454884
226.297800 -6.8618526 0.1843618 -1.7522690 0.0152557 0.5344915 0.0090795 0.8449874
226.505900 -6.7683415 0.1815568 -1.7084353 0.0140568 0.5346251 0.0102312 0.8449104
226.714100 -6.6759477 0.1782532 -1.6641319 0.0142765 0.5354335 0.0112541 0.8443817
226.922100 -6.5834737 0.1751278 -1.6203709 0.0158288 0.5356741 0.0104687 0.8442115
227.130200 -6.4910188 0.1718996 -1.5766567 0.0134305 0.5361717 0.0111157 0.8439289
227.338400 -6.3995733 0.1692261 -1.5335683 0.0124335 0.5360774 0.0121455 0.8439898
227.546300 -6.3091669 0.1663372 -1.4910603 0.0149080 0.5344571 0.0121064 0.8449774
227.754500 -6.2197299 0.1630586 -1.4479584 0.0143895 0.5330790 0.0123275 0.8458533
227.962600 -6.1310582 0.1600678 -1.4045142 0.0134809 0.5318841 0.0118975 0.8466263
228.170900 -6.0431490 0.1571718 -1.3616602 0.0131419 0.5322495 0.0082259 0.8464456
228.483200 -5.9126368 0.1533482 -1.2986531 0.0038999 0.5398118 0.0049933 0.8417619
228.691700 -5.8261118 0.1509209 -1.2601835 0.0069226 0.5478410 -0.0017086 0.8365521
228.900100 -5.7375045 0.1483781 -1.2230048 0.0032118 0.5568312 -0.0016790 0.8306177
229.212500 -5.6035843 0.1447744 -1.1704783 0.0054939 0.5684461 -0.0009084 0.8227017
229.420600 -5.5131922 0.1423592 -1.1374464 0.0069799 0.5726857 0.0043825 0.8197336
229.628900 -5.4231076 0.1403584 -1.1042266 0.0055849 0.5764565 0.0023641 0.8171054
229.837100 -5.3331800 0.1378250 -1.0722637 0.0081530 0.5803376 -0.0023118 0.8143319
230.045200 -5.2424936 0.1353254 -1.0410547 0.0064667 0.5824285 -0.0012479 0.8128552
230.253300 -5.1511741 0.1328243 -1.0106657 0.0046373 0.5830324 0.0006673 0.8124354
230.461600 -5.0607796 0.1311089 -0.9792622 -0.0008314 0.5849458 -0.0036801 0.8110636
230.774000 -4.9249806 0.1270580 -0.9355165 0.0056609 0.5915233 -0.0115982 0.8061846
230.982300 -4.8336477 0.1237942 -0.9074181 0.0060583 0.5973600 -0.0074537 0.8019156
231.190900 -4.7413821 0.1203938 -0.8810868 0.0046831 0.6038033 -0.0057393 0.7970989
231.399400 -4.6494265 0.1174849 -0.8559649 0.0053255 0.6108338 -0.0046717 0.7917272
231.607700 -4.5558443 0.1144730 -0.8323492 0.0061657 0.6173334 -0.0042819 0.7866659
231.815900 -4.4608178 0.1115811 -0.8099530 0.0057958 0.6228427 -0.0021413 0.7823226
232.024100 -4.3659840 0.1089138 -0.7895061 0.0057699 0.6276643 -0.0007372 0.7784624
232.232300 -4.2710671 0.1062294 -0.7687929 0.0086035 0.6305702 0.0007944 0.7760841
232.440500 -4.1771417 0.1034466 -0.7496454 0.0105715 0.6324027 0.0021250 0.7745648
232.651700 -4.0834332 0.1003644 -0.7313899 0.0074634 0.6344225 0.0051234 0.7729335
232.752900 -4.0371757 0.0990809 -0.7224885 0.0076199 0.6356285 0.0057481 0.7719361
232.960900 -3.9432185 0.0976453 -0.7041732 0.0097196 0.6379720 0.0061055 0.7699740
233.065000 -3.8969300 0.0958418 -0.6955035 0.0092542 0.6388803 0.0072874 0.7692160
233.273100 -3.8034482 0.0939539 -0.6790113 0.0093770 0.6400989 0.0077400 0.7681963
233.481200 -3.7098684 0.0917873 -0.6614994 0.0096439 0.6417164 0.0061380 0.7668568
233.585300 -3.6631863 0.0906893 -0.6531621 0.0093975 0.6422886 0.0058228 0.7663832
233.793200 -3.5688975 0.0885026 -0.6367885 0.0088849 0.6436591 0.0085637 0.7652129
234.001200 -3.4743702 0.0861538 -0.6213645 0.0101391 0.6446194 0.0092096 0.7643809
234.209300 -3.3807268 0.0840593 -0.6058502 0.0132722 0.6459802 0.0103247 0.7631689
234.417200 -3.2879827 0.0820004 -0.5911089 0.0116214 0.6472933 0.0115825 0.7620645
234.625400 -3.1954000 0.0806174 -0.5764397 0.0114065 0.6485485 0.0119222 0.7609945
234.833700 -3.1031764 0.0788747 -0.5621428 0.0133775 0.6499728 0.0097006 0.7597778
235.041400 -3.0110013 0.0763917 -0.5479261 0.0144072 0.6520321 0.0090917 0.7579999
235.249300 -2.9191747 0.0738075 -0.5342757 0.0135511 0.6543227 0.0069583 0.7560620
235.457500 -2.8262994 0.0712971 -0.5212779 0.0114128 0.6563462 0.0077714 0.7543335
235.665500 -2.7330606 0.0687170 -0.5081638 0.0135945 0.6579614 0.0065123 0.7529008
235.873600 -2.6402485 0.0664711 -0.4963134 0.0152667 0.6595578 0.0062556 0.7514727
236.081600 -2.5477231 0.0633926 -0.4848937 0.0153044 0.6609048 0.0081783 0.7502691
236.290500 -2.4566298 0.0609151 -0.4742332 0.0150104 0.6622112 0.0098402 0.7491022
236.497800 -2.3652279 0.0585782 -0.4637042 0.0162887 0.6635017 0.0099061 0.7479318
236.705900 -2.2751436 0.0559825 -0.4531854 0.0177945 0.6644569 0.0091799 0.7470583
236.914000 -2.1875021 0.0531477 -0.4431458 0.0173465 0.6653672 0.0101042 0.7462463
237.122100 -2.1027629 0.0508718 -0.4333795 0.0169444 0.6663724 0.0101941 0.7453569
237.226100 -2.0607092 0.0495877 -0.4286871 0.0171962 0.6667958 0.0098132 0.7449774
237.434200 -1.9774425 0.0471396 -0.4197841 0.0161147 0.6674327 0.0114094 0.7444082
237.538300 -1.9376075 0.0460450 -0.4159141 0.0155246 0.6677013 0.0142631 0.7441307
237.747400 -1.8602490 0.0447756 -0.4079946 0.0131848 0.6685358 0.0172590 0.7433628
237.850500 -1.8225416 0.0441935 -0.4042177 0.0134137 0.6688841 0.0172760 0.7430449
238.058700 -1.7500767 0.0430875 -0.3967146 0.0142809 0.6698507 0.0144950 0.7422169
238.266900 -1.6816416 0.0418373 -0.3894603 0.0159978 0.6707147 0.0119674 0.7414463
238.475100 -1.6160873 0.0398469 -0.3830489 0.0162584 0.6704918 0.0132449 0.7416205
238.787500 -1.5234593 0.0371503 -0.3731335 0.0144034 0.6693407 0.0145095 0.7426743
239.100000 -1.4379537 0.0349231 -0.3642156 0.0159149 0.6695899 0.0127974 0.7424502
239.412800 -1.3589647 0.0327088 -0.3569947 0.0179422 0.6717315 0.0133159 0.7404577
239.621100 -1.3103564 0.0310564 -0.3527346 0.0187901 0.6731222 0.0161029 0.7391172
239.829500 -1.2650052 0.0298117 -0.3486775 0.0196936 0.6744317 0.0153678 0.7379146
240.037800 -1.2239788 0.0283566 -0.3452510 0.0207953 0.6757088 0.0137974 0.7367461
240.246200 -1.1880230 0.0268056 -0.3419729 0.0241257 0.6764598 0.0108185 0.7360048
240.454600 -1.1554487 0.0255768 -0.3392750 0.0243807 0.6765369 0.0103824 0.7359318
241.079100 -1.0781358 0.0221054 -0.3301677 0.0229472 0.6656367 0.0073889 0.7458864
241.287100 -1.0558479 0.0211478 -0.3267035 0.0238113 0.6563234 0.0073842 0.7540677
241.495100 -1.0344795 0.0200464 -0.3219144 0.0236182 0.6436551 0.0072360 0.7649169
249.936500 -0.9737585 0.0171463 -0.3030702 0.0219025 0.6104131 0.0001509 0.7917804
250.456700 -0.9499955 0.0159084 -0.2935162 0.0222579 0.5857143 -0.0031471 0.8102058
250.664600 -0.9337928 0.0154182 -0.2857975 0.0220238 0.5664622 -0.0021968 0.8237905
250.872200 -0.9140964 0.0145020 -0.2751469 0.0197293 0.5413275 0.0000693 0.8405803
251.080000 -0.8923385 0.0135521 -0.2612817 0.0170348 0.5105911 0.0003223 0.8596548
251.287600 -0.8688475 0.0119214 -0.2433804 0.0125281 0.4748863 -0.0023522 0.8799548
251.599000 -0.8316712 0.0104216 -0.2079792 0.0086692 0.4122777 -0.0049727 0.9110034
251.806700 -0.8064225 0.0096295 -0.1790115 0.0099722 0.3665146 -0.0062521 0.9303378
252.118500 -0.7692438 0.0081750 -0.1242568 0.0055961 0.2957681 -0.0051213 0.9552296
252.326600 -0.7466257 0.0075181 -0.0805342 0.0056568 0.2491462 -0.0055022 0.9684337
252.534700 -0.7252227 0.0064222 -0.0292341 0.0041658 0.2045810 -0.0042820 0.9788314
252.743200 -0.7061742 0.0061818 0.0273739 0.0035355 0.1657357 -0.0015453 0.9861627
252.847500 -0.6974247 0.0055417 0.0573216 0.0046262 0.1475587 0.0004798 0.9890423
253.056000 -0.6817732 0.0044824 0.1216948 0.0063796 0.1119214 0.0084535 0.9936606
253.264300 -0.6706194 0.0033374 0.1914330 0.0064323 0.0781645 0.0093659 0.9968757
254.725500 -0.6697525 -0.0116778 0.7939173 0.0100102 -0.0126300 -0.0025204 0.9998670
258.059000 -0.7430829 -0.0484954 2.4316311 0.0038631 -0.0222691 -0.0008156 0.9997442
259.829300 -0.7856941 -0.0676142 3.2491503 0.0018208 -0.0270833 0.0005233 0.9996314
260.662500 -0.8068752 -0.0752276 3.6241295 0.0004667 -0.0235347 0.0003590 0.9997228
260.975000 -0.8132755 -0.0783837 3.7623591 0.0048727 -0.0210797 -0.0007989 0.9997656
261.495800 -0.8226793 -0.0847307 3.9914949 0.0002703 -0.0142966 -0.0015919 0.9998965
261.808300 -0.8258036 -0.0882706 4.1265078 0.0096532 -0.0113643 0.0020230 0.9998868
262.225000 -0.8309419 -0.0951207 4.3059893 0.0114337 -0.0104125 -0.0002282 0.9998804
262.537300 -0.8352418 -0.0990448 4.4448991 0.0030455 -0.0113896 -0.0017782 0.9999289
262.849800 -0.8381889 -0.1003856 4.5890555 -0.0034428 -0.0142366 -0.0007491 0.9998924
263.162300 -0.8419256 -0.1027765 4.7366862 0.0041250 -0.0162713 0.0021691 0.9998568
263.475000 -0.8464426 -0.1061411 4.8881540 0.0119513 -0.0173332 0.0041996 0.9997695
263.787300 -0.8517847 -0.1104024 5.0436792 0.0066495 -0.0188810 0.0036053 0.9997931
263.995700 -0.8566629 -0.1139576 5.1477437 0.0087066 -0.0202875 0.0028513 0.9997522
264.204000 -0.8614782 -0.1168103 5.2535038 0.0049980 -0.0219452 0.0023743 0.9997439
264.412200 -0.8669193 -0.1196053 5.3582311 0.0037167 -0.0235220 0.0020570 0.9997143
264.620500 -0.8720096 -0.1222703 5.4643183 0.0043258 -0.0253394 0.0020500 0.9996675
264.828700 -0.8770902 -0.1247434 5.5700297 0.0031046 -0.0270091 0.0018142 0.9996287
265.037100 -0.8835695 -0.1276666 5.6736703 0.0040487 -0.0269454 0.0010490 0.9996282
265.349500 -0.8930469 -0.1321937 5.8292575 0.0021379 -0.0275485 0.0018757 0.9996164
265.453600 -0.8958750 -0.1329652 5.8821044 0.0003445 -0.0284887 0.0024939 0.9995909
265.661800 -0.9023622 -0.1354031 5.9862919 0.0006681 -0.0300757 0.0023216 0.9995447
265.766000 -0.9058059 -0.1367740 6.0373917 0.0025008 -0.0306297 0.0016961 0.9995262
265.974200 -0.9121765 -0.1392905 6.1384840 0.0036542 -0.0302676 0.0007494 0.9995348
266.182600 -0.9180081 -0.1420268 6.2393250 0.0022772 -0.0290352 0.0015981 0.9995745
266.391000 -0.9229360 -0.1446187 6.3388629 0.0026764 -0.0281789 0.0015238 0.9995981
266.599200 -0.9293194 -0.1470358 6.4356418 0.0020824 -0.0260185 0.0002841 0.9996592
266.807600 -0.9348933 -0.1495670 6.5313873 0.0033627 -0.0245680 -0.0010434 0.9996920
267.016000 -0.9398078 -0.1520228 6.6270685 0.0049057 -0.0229695 -0.0012338 0.9997234
267.224300 -0.9445989 -0.1548307 6.7210507 0.0076134 -0.0210303 -0.0002037 0.9997498
267.432700 -0.9486158 -0.1580588 6.8153486 0.0053792 -0.0192267 0.0014044 0.9997997
267.641100 -0.9524029 -0.1611110 6.9089608 0.0072627 -0.0185147 -0.0012814 0.9998014
267.849300 -0.9579899 -0.1638800 7.0026131 0.0124230 -0.0176583 -0.0072252 0.9997408
268.057600 -0.9625610 -0.1677417 7.0978031 0.0107404 -0.0193420 -0.0092933 0.9997120
268.266000 -0.9664470 -0.1709180 7.1947894 0.0094587 -0.0216420 -0.0050432 0.9997083
268.474200 -0.9707497 -0.1732263 7.2935190 0.0042209 -0.0235343 -0.0024207 0.9997112
268.682600 -0.9752447 -0.1746912 7.3936572 -0.0030165 -0.0253456 0.0016699 0.9996728
268.890800 -0.9808162 -0.1757195 7.4929442 0.0012534 -0.0267788 0.0026517 0.9996371
269.099200 -0.9870143 -0.1777746 7.5957413 0.0065965 -0.0276156 0.0019909 0.9995949
269.307600 -0.9938027 -0.1805708 7.7002258 0.0081723 -0.0264073 -0.0002307 0.9996178
269.516000 -1.0002548 -0.1838665 7.8057528 0.0092938 -0.0258919 0.0020312 0.9996195
270.349200 -1.0223336 -0.1971095 8.2385035 0.0114410 -0.0244991 0.0029169 0.9996301
271.286500 -1.0457805 -0.2123236 8.7103853 0.0053906 -0.0236982 -0.0023260 0.9997019
271.911400 -1.0592564 -0.2204467 9.0049458 0.0049121 -0.0210953 -0.0015230 0.9997643
272.536200 -1.0707724 -0.2284595 9.2762785 0.0072499 -0.0204696 -0.0023933 0.9997613
272.953000 -1.0781071 -0.2335811 9.4527731 0.0065133 -0.0187244 0.0003137 0.9998034
273.369900 -1.0830786 -0.2389396 9.6276941 0.0069269 -0.0159725 0.0027723 0.9998446
273.786700 -1.0868248 -0.2455469 9.8028784 0.0156012 -0.0138446 0.0052973 0.9997684
274.203200 -1.0937195 -0.2536783 9.9751072 0.0161732 -0.0245804 0.0047618 0.9995557
274.515600 -1.1045629 -0.2583469 10.1062250 0.0030136 -0.0363942 -0.0001095 0.9993330
274.828200 -1.1154516 -0.2601885 10.2357397 0.0039021 -0.0433729 -0.0033498 0.9990457
275.141200 -1.1267464 -0.2635376 10.3708410 0.0074421 -0.0395996 -0.0006332 0.9991877
275.454100 -1.1377003 -0.2678208 10.5127344 0.0121664 -0.0367102 0.0041048 0.9992434
275.662600 -1.1441426 -0.2707484 10.6091795 0.0128181 -0.0356623 0.0035500 0.9992754
275.871100 -1.1516472 -0.2738643 10.7062721 0.0092237 -0.0345547 0.0020365 0.9993582
276.079600 -1.1582003 -0.2769716 10.8056774 0.0085317 -0.0338215 0.0048993 0.9993795
276.288000 -1.1650240 -0.2802717 10.9059706 0.0123232 -0.0336449 0.0066117 0.9993360
276.496500 -1.1721207 -0.2836744 11.0086603 0.0125347 -0.0332520 0.0061664 0.9993494
276.704900 -1.1791975 -0.2876784 11.1114664 0.0073899 -0.0328889 0.0055216 0.9994165
276.913100 -1.1865797 -0.2905591 11.2139931 0.0063292 -0.0323729 0.0037413 0.9994488
277.121500 -1.1936105 -0.2943789 11.3153276 0.0076218 -0.0322560 0.0025027 0.9994475
277.329900 -1.2003785 -0.2978978 11.4158163 0.0102747 -0.0321864 0.0035302 0.9994228
277.538200 -1.2069626 -0.3013054 11.5151653 0.0099155 -0.0316760 0.0057458 0.9994325
277.746600 -1.2134937 -0.3049102 11.6132698 0.0055206 -0.0315061 0.0055683 0.9994728
277.954900 -1.2199837 -0.3082669 11.7092524 0.0086883 -0.0310275 0.0018323 0.9994791
278.163200 -1.2265282 -0.3116793 11.8061161 0.0086054 -0.0305705 -0.0007402 0.9994953
278.371500 -1.2326607 -0.3150497 11.8990192 0.0065002 -0.0310760 0.0006661 0.9994957
278.579900 -1.2384136 -0.3182156 11.9913025 0.0049475 -0.0324152 0.0015268 0.9994611
278.788100 -1.2449517 -0.3213901 12.0801802 0.0069641 -0.0336449 0.0009509 0.9994091
278.996200 -1.2514980 -0.3244434 12.1670341 0.0061111 -0.0350190 0.0003262 0.9993679
279.204500 -1.2578665 -0.3267822 12.2514248 0.0011001 -0.0362617 0.0003180 0.9993417
279.516900 -1.2676115 -0.3297757 12.3728256 0.0038229 -0.0371163 -0.0002532 0.9993036
279.725100 -1.2739605 -0.3322240 12.4526196 0.0060459 -0.0376505 0.0006815 0.9992725
280.037700 -1.2831722 -0.3359364 12.5722427 0.0054348 -0.0371663 -0.0004058 0.9992942
280.246100 -1.2893472 -0.3386956 12.6506424 0.0099530 -0.0350412 -0.0032209 0.9993311
280.454600 -1.2952218 -0.3416189 12.7286959 0.0136489 -0.0326814 -0.0056117 0.9993569
280.663000 -1.3009307 -0.3450067 12.8072701 0.0130720 -0.0296778 -0.0081973 0.9994404
280.871400 -1.3050871 -0.3480621 12.8865919 0.0115147 -0.0266985 -0.0063865 0.9995568
281.079700 -1.3090107 -0.3508128 12.9664755 0.0103781 -0.0235299 -0.0058488 0.9996521
281.288100 -1.3128116 -0.3534860 13.0475836 0.0085721 -0.0203502 -0.0053899 0.9997416
281.496600 -1.3164706 -0.3561088 13.1304951 0.0065671 -0.0165667 -0.0070501 0.9998164
281.705000 -1.3188106 -0.3585220 13.2134867 0.0100282 -0.0127898 -0.0074259 0.9998403
281.913400 -1.3204334 -0.3608640 13.2992067 0.0070437 -0.0086475 -0.0052550 0.9999240
282.121900 -1.3217251 -0.3630975 13.3864803 0.0141827 -0.0049905 -0.0035425 0.9998807
282.330200 -1.3223211 -0.3667032 13.4752874 0.0154885 -0.0008460 -0.0034169 0.9998739
282.538600 -1.3222246 -0.3700254 13.5655384 0.0112771 0.0033590 -0.0036796 0.9999240
282.747000 -1.3216460 -0.3730928 13.6558323 0.0151024 0.0077692 -0.0035158 0.9998496
282.955500 -1.3198688 -0.3777661 13.7475462 0.0175285 0.0118249 -0.0041384 0.9997679
283.163700 -1.3175834 -0.3819409 13.8413382 0.0145859 0.0161947 -0.0044171 0.9997527
283.372200 -1.3141077 -0.3856126 13.9365730 0.0107870 0.0202653 -0.0034574 0.9997305
283.580600 -1.3100636 -0.3894100 14.0322828 0.0102397 0.0237975 -0.0016579 0.9996630
283.788900 -1.3052481 -0.3929141 14.1289511 0.0144189 0.0250891 -0.0004751 0.9995811
283.997100 -1.3008630 -0.3973273 14.2267256 0.0146974 0.0260726 -0.0005061 0.9995519
284.205400 -1.2962205 -0.4012592 14.3264179 0.0125322 0.0267810 -0.0003444 0.9995627
284.413600 -1.2908690 -0.4050690 14.4273748 0.0142053 0.0264358 0.0010375 0.9995490
284.621900 -1.2861109 -0.4093145 14.5287886 0.0136907 0.0260665 0.0013735 0.9995655
284.830100 -1.2808534 -0.4138874 14.6311884 0.0091428 0.0253454 0.0030229 0.9996324
285.038200 -1.2763252 -0.4176135 14.7318363 0.0093810 0.0244164 0.0040528 0.9996496
285.246400 -1.2725732 -0.4212066 14.8316555 0.0113435 0.0236680 0.0019869 0.9996535
285.454600 -1.2684453 -0.4253471 14.9318209 0.0113737 0.0222565 0.0017952 0.9996860
285.662700 -1.2647506 -0.4295456 15.0316048 0.0108980 0.0211040 0.0003671 0.9997178
285.871000 -1.2612979 -0.4336907 15.1300411 0.0115998 0.0197180 -0.0012111 0.9997376
286.079200 -1.2583721 -0.4380624 15.2282124 0.0107343 0.0180127 -0.0008181 0.9997798
286.287400 -1.2559590 -0.4420850 15.3249969 0.0154783 0.0158635 0.0009998 0.9997538
286.495600 -1.2529560 -0.4463103 15.4225712 0.0079698 0.0138917 0.0024621 0.9998687
286.703900 -1.2512283 -0.4490776 15.5188227 0.0028422 0.0131740 0.0009959 0.9999087
286.912200 -1.2502160 -0.4519259 15.6137285 0.0089043 0.0125741 -0.0050339 0.9998686
287.120500 -1.2489458 -0.4554079 15.7077646 0.0109037 0.0122438 -0.0081739 0.9998322
287.328700 -1.2476125 -0.4588459 15.8016024 0.0073640 0.0114075 -0.0109053 0.9998484
287.537000 -1.2462864 -0.4618884 15.8935385 0.0075179 0.0096459 -0.0116393 0.9998575
