0.000000 0.0000000 0.0000000 0.0000000 0.0000000 0.0000000 0.0000000 1.0000000
0.310908 0.0013467 -0.0005303 0.0446596 0.0001958 0.0103096 0.0037849 0.9999397
0.414483 0.0014826 -0.0006462 0.0601301 0.0008933 0.0093481 0.0044969 0.9999458
0.518120 0.0016316 -0.0009029 0.0761966 0.0015461 0.0059970 0.0057696 0.9999642
0.725215 0.0003960 -0.0013217 0.1087671 0.0025815 -0.0083877 0.0061862 0.9999424
0.828918 -0.0011948 -0.0015854 0.1260915 0.0025195 -0.0180896 0.0039285 0.9998255
1.036104 -0.0050382 -0.0022170 0.1617099 0.0032649 -0.0381577 0.0020119 0.9992644
1.139865 -0.0071961 -0.0023022 0.1804856 0.0030004 -0.0488778 0.0027755 0.9987964
1.243510 -0.0101275 -0.0026177 0.1998201 0.0024764 -0.0587278 0.0034479 0.9982650
1.451124 -0.0174496 -0.0031380 0.2401669 0.0018835 -0.0755005 0.0023171 0.9971413
1.659233 -0.0259009 -0.0039875 0.2825904 0.0023069 -0.0884344 0.0028432 0.9960753
1.762893 -0.0302812 -0.0045332 0.3049266 0.0031246 -0.0933783 0.0047040 0.9956147
1.970961 -0.0402926 -0.0049065 0.3515958 0.0051834 -0.1011802 0.0037300 0.9948476
2.179116 -0.0513765 -0.0058633 0.4017054 0.0070731 -0.1092382 0.0058326 0.9939733
2.387073 -0.0632425 -0.0072269 0.4545054 0.0085447 -0.1179524 0.0090428 0.9929413
2.595229 -0.0784518 -0.0087876 0.5085006 0.0125827 -0.1267424 0.0051665 0.9918424
2.803189 -0.0940535 -0.0107910 0.5654848 0.0143117 -0.1355068 0.0074855 0.9906448
3.011247 -0.1120785 -0.0131908 0.6241403 0.0175039 -0.1438217 0.0063433 0.9894285
3.219570 -0.1310552 -0.0162879 0.6847740 0.0237988 -0.1509072 0.0065846 0.9882395
3.427467 -0.1522385 -0.0201894 0.7473186 0.0323967 -0.1549966 0.0055603 0.9873680
3.635476 -0.1747092 -0.0250172 0.8125855 0.0409382 -0.1593806 0.0032430 0.9863627
3.843522 -0.1985296 -0.0312434 0.8791809 0.0478035 -0.1644588 0.0003920 0.9852248
4.051384 -0.2242522 -0.0385460 0.9471293 0.0525935 -0.1693120 -0.0028176 0.9841542
4.259272 -0.2506575 -0.0462514 1.0170611 0.0530896 -0.1750204 -0.0034451 0.9831264
4.467802 -0.2784433 -0.0543787 1.0873172 0.0514510 -0.1817382 -0.0038792 0.9819924
4.676366 -0.3082222 -0.0621679 1.1586543 0.0473770 -0.1902605 -0.0051714 0.9805762
4.882642 -0.3405060 -0.0698091 1.2324624 0.0433317 -0.1993173 -0.0080668 0.9789433
5.090371 -0.3741538 -0.0771540 1.3054030 0.0423578 -0.2088715 -0.0089669 0.9769842
5.298151 -0.4098209 -0.0840304 1.3802828 0.0410483 -0.2179833 -0.0095832 0.9750418
5.505885 -0.4480026 -0.0909020 1.4578975 0.0376039 -0.2268173 -0.0084556 0.9731744
5.713619 -0.4887469 -0.0970044 1.5362215 0.0329410 -0.2349036 -0.0091695 0.9714171
5.921350 -0.5315316 -0.1027375 1.6159878 0.0313701 -0.2422866 -0.0080568 0.9696640
6.129103 -0.5769743 -0.1083033 1.6968045 0.0296693 -0.2484767 -0.0073397 0.9681556
6.336918 -0.6241370 -0.1136909 1.7809185 0.0295398 -0.2534368 -0.0056132 0.9668845
6.545512 -0.6739399 -0.1197375 1.8661935 0.0295761 -0.2550804 -0.0065038 0.9664455
6.752638 -0.7245499 -0.1260441 1.9533017 0.0281671 -0.2554135 -0.0058192 0.9664040
6.960403 -0.7766141 -0.1318775 2.0436347 0.0281827 -0.2572169 -0.0035899 0.9659360
7.168161 -0.8301064 -0.1381577 2.1337924 0.0250590 -0.2606669 -0.0030366 0.9650987
7.375748 -0.8844064 -0.1441409 2.2254300 0.0215823 -0.2672989 -0.0017382 0.9633704
7.583886 -0.9400691 -0.1502233 2.3144350 0.0236622 -0.2776949 0.0010373 0.9603773
7.790766 -0.9989252 -0.1557197 2.4031043 0.0213040 -0.2882831 -0.0004786 0.9573081
7.998481 -1.0595319 -0.1609577 2.4900830 0.0206631 -0.2959245 -0.0030784 0.9549829
8.206229 -1.1201512 -0.1662252 2.5755913 0.0264409 -0.3014794 -0.0023525 0.9531031
8.413979 -1.1823471 -0.1724699 2.6604786 0.0252853 -0.3067088 -0.0026217 0.9514639
8.621720 -1.2456340 -0.1773933 2.7442806 0.0218317 -0.3114468 -0.0042215 0.9500034
8.829907 -1.3100514 -0.1829065 2.8291690 0.0229819 -0.3168230 -0.0041808 0.9481970
9.038033 -1.3751442 -0.1888301 2.9133949 0.0239433 -0.3233657 -0.0023684 0.9459682
9.244879 -1.4425216 -0.1944517 2.9973602 0.0233346 -0.3304672 -0.0027469 0.9435250
9.452542 -1.5109907 -0.2004737 3.0801494 0.0239724 -0.3385812 -0.0015686 0.9406304
9.659968 -1.5815253 -0.2066684 3.1625080 0.0245228 -0.3467526 -0.0001266 0.9376360
9.869005 -1.6524192 -0.2129434 3.2433779 0.0250852 -0.3555697 0.0006228 0.9343129
10.074930 -1.7283487 -0.2195925 3.3244207 0.0232055 -0.3642421 0.0015070 0.9310139
10.282360 -1.8039877 -0.2261038 3.4049134 0.0239806 -0.3733477 0.0029570 0.9273767
10.489860 -1.8839443 -0.2319447 3.4850523 0.0238656 -0.3810222 0.0025481 0.9242544
10.697400 -1.9656093 -0.2389259 3.5641382 0.0242193 -0.3874150 0.0024482 0.9215840
10.904980 -2.0486774 -0.2456418 3.6423426 0.0266434 -0.3938491 0.0036026 0.9187818
11.008770 -2.0911999 -0.2492594 3.6818705 0.0269577 -0.3970114 0.0036272 0.9174105
11.216240 -2.1773393 -0.2564662 3.7604754 0.0254561 -0.4032948 0.0039536 0.9147074
11.423780 -2.2661057 -0.2634049 3.8389878 0.0258901 -0.4093783 0.0044334 0.9119865
11.631420 -2.3566530 -0.2702107 3.9169540 0.0252063 -0.4142958 0.0057828 0.9097748
11.839050 -2.4459598 -0.2775472 3.9928229 0.0261088 -0.4191270 0.0090439 0.9075071
12.149860 -2.5829048 -0.2886927 4.1064949 0.0242996 -0.4305962 0.0159628 0.9020763
12.357360 -2.6762338 -0.2964987 4.1782532 0.0216337 -0.4406868 0.0167209 0.8972444
12.668390 -2.8197446 -0.3079988 4.2822142 0.0231462 -0.4562735 0.0175260 0.8893658
12.875730 -2.9182699 -0.3158143 4.3495131 0.0221721 -0.4668345 0.0192844 0.8838563
13.083110 -3.0197496 -0.3240320 4.4152789 0.0213114 -0.4775855 0.0200025 0.8780990
13.290730 -3.1234314 -0.3322867 4.4800186 0.0225270 -0.4882453 0.0200510 0.8721852
13.498010 -3.2282476 -0.3409152 4.5415096 0.0234288 -0.4981058 0.0198916 0.8665714
13.705510 -3.3348560 -0.3494861 4.6010313 0.0215146 -0.5065943 0.0185244 0.8617170
13.912900 -3.4434481 -0.3578726 4.6589041 0.0218028 -0.5139090 0.0203425 0.8573263
14.120270 -3.5536757 -0.3669792 4.7163916 0.0227674 -0.5202222 0.0232076 0.8534119
14.327630 -3.6640286 -0.3768991 4.7720633 0.0223682 -0.5248876 0.0259372 0.8504822
14.538380 -3.7746704 -0.3859835 4.8282652 0.0178818 -0.5291182 0.0262107 0.8479547
14.742390 -3.8859711 -0.3953983 4.8814306 0.0157468 -0.5318769 0.0269025 0.8462477
14.950000 -3.9972811 -0.4038502 4.9340248 0.0134301 -0.5341204 0.0273185 0.8448602
15.157490 -4.1053548 -0.4109111 4.9845295 0.0118734 -0.5360675 0.0297120 0.8435686
15.365030 -4.2098165 -0.4193621 5.0327282 0.0090171 -0.5379198 0.0296593 0.8424259
15.572680 -4.3149853 -0.4264780 5.0810595 0.0082045 -0.5392930 0.0321841 0.8414630
15.780370 -4.4158745 -0.4342734 5.1267066 0.0092883 -0.5391819 0.0325108 0.8415104
15.988000 -4.5137882 -0.4417379 5.1721749 0.0111966 -0.5365306 0.0310979 0.8432333
16.195700 -4.6099195 -0.4486181 5.2185621 0.0121472 -0.5317916 0.0313965 0.8462058
16.403370 -4.7053251 -0.4561046 5.2653542 0.0123542 -0.5248091 0.0294046 0.8506222
16.611110 -4.7989435 -0.4636317 5.3129683 0.0125936 -0.5158412 0.0282038 0.8561271
16.818850 -4.8903861 -0.4702759 5.3628087 0.0154650 -0.5060678 0.0279230 0.8619028
16.922750 -4.9347992 -0.4741368 5.3883071 0.0167940 -0.5005348 0.0273329 0.8651218
17.026730 -4.9801035 -0.4775369 5.4145918 0.0171965 -0.4942698 0.0263513 0.8687389
17.130540 -5.0236454 -0.4811029 5.4408174 0.0168668 -0.4878711 0.0250337 0.8723937
17.234250 -5.0660534 -0.4846648 5.4668589 0.0162261 -0.4812280 0.0238592 0.8761204
17.442380 -5.1505699 -0.4915616 5.5223265 0.0162981 -0.4688978 0.0238732 0.8827793
17.545790 -5.1919498 -0.4950604 5.5508113 0.0169319 -0.4628463 0.0240636 0.8859501
17.753120 -5.2720337 -0.5021390 5.6086674 0.0167204 -0.4509313 0.0248191 0.8920568
17.857050 -5.3111925 -0.5056977 5.6378031 0.0160391 -0.4450013 0.0236339 0.8950743
17.960530 -5.3494735 -0.5088629 5.6671896 0.0145577 -0.4393331 0.0228720 0.8979150
18.064140 -5.3871126 -0.5117307 5.6966438 0.0146159 -0.4335665 0.0221449 0.9007308
18.271640 -5.4602094 -0.5176736 5.7566652 0.0165888 -0.4222229 0.0206374 0.9061052
18.479100 -5.5317159 -0.5237723 5.8179603 0.0158823 -0.4110655 0.0192296 0.9112645
18.686620 -5.6005864 -0.5291653 5.8809042 0.0145626 -0.4008729 0.0188449 0.9158241
18.894080 -5.6669779 -0.5342799 5.9434466 0.0149165 -0.3912813 0.0179218 0.9199757
18.997780 -5.6992793 -0.5367985 5.9747806 0.0138586 -0.3866481 0.0171103 0.9219644
19.205270 -5.7618403 -0.5415529 6.0377493 0.0127645 -0.3770649 0.0149294 0.9259785
19.412890 -5.8217173 -0.5458473 6.1003323 0.0128132 -0.3667945 0.0133042 0.9301186
19.620500 -5.8785219 -0.5502006 6.1629539 0.0103393 -0.3539996 0.0107758 0.9351263
19.828250 -5.9328461 -0.5539300 6.2263069 0.0111570 -0.3396091 0.0088970 0.9404584
20.035950 -5.9837227 -0.5576309 6.2903595 0.0119219 -0.3247128 0.0089415 0.9456952
20.243550 -6.0324821 -0.5612329 6.3554955 0.0099497 -0.3086930 0.0077871 0.9510778
20.451300 -6.0793118 -0.5640139 6.4225388 0.0074911 -0.2931254 0.0073225 0.9560166
20.658750 -6.1234512 -0.5668721 6.4906073 0.0054817 -0.2797158 0.0076896 0.9600364
20.868590 -6.1663704 -0.5690319 6.5601807 0.0057029 -0.2675058 0.0070130 0.9635139
21.074000 -6.2078910 -0.5711710 6.6312666 0.0054270 -0.2550636 0.0054656 0.9668936
21.281800 -6.2476983 -0.5736117 6.7045002 0.0057126 -0.2441991 0.0063944 0.9696872
21.488760 -6.2872372 -0.5755211 6.7792234 0.0056937 -0.2360667 0.0065926 0.9716978
21.696840 -6.3262863 -0.5773546 6.8558130 0.0024317 -0.2292759 0.0041130 0.9733498
21.903660 -6.3645067 -0.5788969 6.9341116 0.0003023 -0.2220999 0.0018824 0.9750220
22.111130 -6.4031610 -0.5794720 7.0159726 -0.0019577 -0.2146165 0.0008602 0.9766961
22.422590 -6.4600258 -0.5805979 7.1442404 -0.0037549 -0.2019371 0.0015920 0.9793900
22.630130 -6.4966269 -0.5809922 7.2330546 -0.0031408 -0.1921049 0.0035743 0.9813629
22.837890 -6.5316682 -0.5813624 7.3240004 -0.0014957 -0.1793036 0.0028034 0.9837887
23.045760 -6.5660434 -0.5821502 7.4197454 -0.0030710 -0.1610427 -0.0007791 0.9869424
23.357620 -6.6096926 -0.5819448 7.5673733 -0.0045068 -0.1286486 -0.0036490 0.9916733
23.565520 -6.6339808 -0.5820984 7.6703854 -0.0077236 -0.1063480 -0.0051133 0.9942858
23.877250 -6.6627536 -0.5803882 7.8304291 -0.0112883 -0.0723383 -0.0083267 0.9972815
24.188990 -6.6840758 -0.5778818 8.0016041 -0.0108962 -0.0401925 -0.0077998 0.9991021
24.500500 -6.6941390 -0.5756094 8.1793823 -0.0127063 -0.0094371 -0.0097138 0.9998276
24.811870 -6.6925545 -0.5726653 8.3638325 -0.0122525 0.0212332 -0.0119119 0.9996285
25.123120 -6.6782904 -0.5707825 8.5484753 -0.0092818 0.0499173 -0.0133743 0.9986207
25.434250 -6.6538248 -0.5717937 8.7414694 -0.0023549 0.0778512 -0.0147810 0.9968526
25.745370 -6.6181731 -0.5743317 8.9392824 0.0030828 0.1046496 -0.0177784 0.9943454
26.056490 -6.5692425 -0.5790823 9.1431208 0.0057206 0.1309434 -0.0168708 0.9912298
26.264020 -6.5308733 -0.5830092 9.2808657 0.0075102 0.1481689 -0.0183761 0.9887628
26.575260 -6.4633551 -0.5903333 9.4863739 0.0106142 0.1754987 -0.0211911 0.9841943
26.782860 -6.4104071 -0.5965148 9.6199169 0.0142300 0.1935219 -0.0210810 0.9807662
27.094360 -6.3204613 -0.6088756 9.8238811 0.0184493 0.2277326 -0.0247609 0.9732340
27.405990 -6.2139025 -0.6236165 10.0245323 0.0209669 0.2689199 -0.0301496 0.9624622
27.717500 -6.0891924 -0.6408606 10.2194118 0.0248172 0.3092466 -0.0312429 0.9501445
28.028750 -5.9491901 -0.6604580 10.4028502 0.0301078 0.3461224 -0.0322189 0.9371524
28.340050 -5.7901545 -0.6828263 10.5781384 0.0330539 0.3777636 -0.0313626 0.9247802
28.547500 -5.6770864 -0.6983296 10.6899395 0.0372036 0.3966603 -0.0313488 0.9166754
28.754980 -5.5584784 -0.7148563 10.7986937 0.0391174 0.4152976 -0.0316551 0.9082927
28.962310 -5.4346380 -0.7328390 10.9041290 0.0375557 0.4351656 -0.0328938 0.8989652
29.169630 -5.3108692 -0.7504724 10.9994516 0.0350264 0.4547524 -0.0351491 0.8892345
29.376900 -5.1849422 -0.7686968 11.0890436 0.0352257 0.4741321 -0.0386207 0.8789006
29.584410 -5.0563326 -0.7863351 11.1703434 0.0330514 0.4945491 -0.0391472 0.8676383
29.791760 -4.9261966 -0.8036500 11.2442875 0.0301291 0.5155724 -0.0387222 0.8554402
29.999280 -4.7920828 -0.8202803 11.3124990 0.0291456 0.5359700 -0.0385201 0.8428540
30.206740 -4.6576109 -0.8368547 11.3722734 0.0302937 0.5549588 -0.0373966 0.8304846
30.414180 -4.5237036 -0.8526947 11.4244900 0.0307098 0.5735075 -0.0357360 0.8178441
30.621900 -4.3903532 -0.8685686 11.4692774 0.0322773 0.5906878 -0.0374769 0.8053829
30.829180 -4.2590818 -0.8855514 11.5079012 0.0369759 0.6062642 -0.0444409 0.7931592
31.036690 -4.1297255 -0.9029402 11.5410404 0.0364819 0.6220195 -0.0481458 0.7806682
31.244130 -3.9973955 -0.9214084 11.5695934 0.0336417 0.6374134 -0.0508895 0.7681033
31.451710 -3.8701897 -0.9394285 11.5917568 0.0321714 0.6519690 -0.0510852 0.7558385
31.659170 -3.7428615 -0.9570899 11.6083212 0.0321615 0.6658100 -0.0537755 0.7434856
31.866620 -3.6163340 -0.9739535 11.6208754 0.0313315 0.6791275 -0.0543148 0.7313372
32.075790 -3.4920704 -0.9907774 11.6279354 0.0289660 0.6900188 -0.0509832 0.7214123
32.281410 -3.3702836 -1.0068909 11.6316938 0.0283531 0.6982971 -0.0495446 0.7135283
32.488780 -3.2509899 -1.0226644 11.6339540 0.0293087 0.7035681 -0.0516484 0.7081422
32.696160 -3.1348312 -1.0386294 11.6349859 0.0336530 0.7072198 -0.0565257 0.7039265
32.903550 -3.0205932 -1.0544169 11.6347380 0.0312034 0.7102842 -0.0551095 0.7010604
33.110900 -2.9074891 -1.0691969 11.6335344 0.0272051 0.7120134 -0.0497843 0.6998702
33.318440 -2.7973907 -1.0832136 11.6323681 0.0287294 0.7116112 -0.0519735 0.7000592
33.525770 -2.6891587 -1.0976003 11.6321125 0.0284722 0.7101448 -0.0546593 0.7013530
33.733120 -2.5819166 -1.1123048 11.6324482 0.0282032 0.7075375 -0.0564225 0.7038549
33.940910 -2.4757495 -1.1262665 11.6338558 0.0275401 0.7035605 -0.0574280 0.7077756
34.147880 -2.3726902 -1.1401987 11.6367064 0.0278299 0.6987695 -0.0552755 0.7126650
34.355380 -2.2697737 -1.1541141 11.6410322 0.0280975 0.6938740 -0.0552765 0.7174217
34.563020 -2.1664019 -1.1674478 11.6471691 0.0260388 0.6892683 -0.0550402 0.7219431
34.770400 -2.0639498 -1.1803392 11.6538744 0.0257154 0.6842821 -0.0547463 0.7267047
34.977900 -1.9633353 -1.1931674 11.6620159 0.0273762 0.6793080 -0.0555540 0.7312352
35.185510 -1.8630600 -1.2065685 11.6712627 0.0268068 0.6742616 -0.0573770 0.7357721
35.393080 -1.7627738 -1.2196255 11.6819706 0.0253619 0.6693105 -0.0567838 0.7403755
35.600660 -1.6623750 -1.2329605 11.6941452 0.0247686 0.6645647 -0.0553965 0.7447627
35.808130 -1.5639168 -1.2452562 11.7074718 0.0264728 0.6592577 -0.0547165 0.7494562
36.015630 -1.4652457 -1.2584121 11.7226105 0.0288145 0.6522793 -0.0548718 0.7554406
36.223240 -1.3677347 -1.2708212 11.7394161 0.0281935 0.6457681 -0.0554071 0.7609985
36.430690 -1.2686917 -1.2838428 11.7575293 0.0263795 0.6421879 -0.0558655 0.7640536
36.638140 -1.1693754 -1.2960187 11.7765865 0.0275954 0.6400699 -0.0570848 0.7656960
36.845830 -1.0680888 -1.3091705 11.7955494 0.0285847 0.6375918 -0.0556037 0.7678332
37.053350 -0.9658507 -1.3223273 11.8164206 0.0293913 0.6349773 -0.0558358 0.7699496
37.260770 -0.8636135 -1.3354580 11.8375053 0.0285644 0.6323168 -0.0526214 0.7723927
37.468260 -0.7614403 -1.3483307 11.8601227 0.0290926 0.6286274 -0.0526202 0.7753789
37.675750 -0.6596460 -1.3613307 11.8833914 0.0303140 0.6235377 -0.0521031 0.7794659
37.884310 -0.5580978 -1.3739488 11.9085169 0.0302942 0.6173931 -0.0507496 0.7844313
38.194630 -0.4071753 -1.3931586 11.9495716 0.0336256 0.6047275 -0.0483424 0.7942525
38.402010 -0.3063910 -1.4062554 11.9800558 0.0321691 0.5957813 -0.0469324 0.8011286
38.609730 -0.2085152 -1.4188080 12.0127792 0.0324504 0.5869501 -0.0492641 0.8074711
38.817070 -0.1100757 -1.4311841 12.0479822 0.0307757 0.5781802 -0.0505395 0.8137606
39.024680 -0.0129690 -1.4436002 12.0840654 0.0291985 0.5708504 -0.0500954 0.8190041
39.232130 0.0842381 -1.4557800 12.1224747 0.0277905 0.5640602 -0.0496245 0.8237725
39.439710 0.1787896 -1.4676149 12.1617117 0.0279012 0.5571283 -0.0506895 0.8284082
39.647300 0.2723284 -1.4790571 12.2026596 0.0278161 0.5497617 -0.0514641 0.8332705
39.854900 0.3650775 -1.4909949 12.2445555 0.0264696 0.5419015 -0.0501458 0.8385270
40.063320 0.4552350 -1.5018232 12.2877779 0.0238972 0.5342889 -0.0481823 0.8435892
40.270040 0.5440960 -1.5122375 12.3330688 0.0224031 0.5262507 -0.0490562 0.8486176
40.477820 0.6317515 -1.5225755 12.3800430 0.0205226 0.5185279 -0.0489455 0.8534120
40.685040 0.7193775 -1.5319558 12.4284077 0.0207324 0.5104936 -0.0492013 0.8582224
40.892540 0.8037171 -1.5414660 12.4780416 0.0205425 0.5027282 -0.0487296 0.8628255
41.100140 0.8885789 -1.5511141 12.5281181 0.0184047 0.4956648 -0.0472686 0.8670313
41.307630 0.9740863 -1.5601418 12.5805645 0.0156749 0.4912385 -0.0464549 0.8696442
41.515430 1.0600262 -1.5685128 12.6341114 0.0126818 0.4885027 -0.0447308 0.8713228
41.723100 1.1457562 -1.5761788 12.6878719 0.0127268 0.4867173 -0.0443586 0.8723398
41.930550 1.2315831 -1.5843821 12.7420673 0.0140110 0.4849202 -0.0448628 0.8732946
42.138180 1.3182945 -1.5923953 12.7970448 0.0136586 0.4833181 -0.0422065 0.8743201
42.345760 1.4045410 -1.6002991 12.8529339 0.0112170 0.4822948 -0.0401862 0.8750148
42.553870 1.4912930 -1.6076156 12.9088039 0.0093776 0.4813817 -0.0389873 0.8755934
42.864650 1.6221056 -1.6178138 12.9940529 0.0072419 0.4805981 -0.0389957 0.8760436
43.072130 1.7097459 -1.6243284 13.0511322 0.0048430 0.4801963 -0.0374126 0.8763494
43.383520 1.8403487 -1.6328659 13.1365528 0.0029601 0.4786777 -0.0360694 0.8772445
43.591170 1.9270997 -1.6380626 13.1936255 0.0012797 0.4768232 -0.0350044 0.8783010
43.798460 2.0136032 -1.6433830 13.2512798 0.0002550 0.4742498 -0.0340712 0.8797308
44.005890 2.0999923 -1.6477743 13.3103361 -0.0018541 0.4704408 -0.0316042 0.8818635
44.213300 2.1852784 -1.6521825 13.3691769 -0.0017405 0.4639816 -0.0293564 0.8853565
44.421790 2.2687607 -1.6561058 13.4300461 -0.0024254 0.4575183 -0.0304023 0.8886770
44.628020 2.3511057 -1.6597426 13.4910116 -0.0051381 0.4502304 -0.0283660 0.8924469
44.835670 2.4321437 -1.6628073 13.5541363 -0.0045230 0.4415607 -0.0265291 0.8968276
45.043060 2.5138888 -1.6662508 13.6203728 -0.0043169 0.4309196 -0.0251447 0.9020296
45.250540 2.5933490 -1.6685199 13.6882515 -0.0056622 0.4204178 -0.0238659 0.9069990
45.458050 2.6721492 -1.6709616 13.7588863 -0.0075675 0.4094222 -0.0231056 0.9120210
45.665520 2.7500820 -1.6730096 13.8316917 -0.0111192 0.3985881 -0.0216604 0.9168068
45.873020 2.8277841 -1.6738536 13.9072781 -0.0137451 0.3875523 -0.0171267 0.9215861
46.184260 2.9409180 -1.6732860 14.0256138 -0.0134865 0.3684877 -0.0121063 0.9294560
46.495210 3.0519891 -1.6723217 14.1518631 -0.0160045 0.3491253 -0.0097132 0.9368891
46.702650 3.1239724 -1.6706913 14.2386665 -0.0171194 0.3358473 -0.0081443 0.9417256
46.910140 3.1937160 -1.6689277 14.3283634 -0.0183530 0.3244886 -0.0094811 0.9456640
47.117660 3.2613931 -1.6678374 14.4199200 -0.0193977 0.3153408 -0.0118288 0.9487065
47.325510 3.3281083 -1.6662322 14.5140266 -0.0208021 0.3063791 -0.0136154 0.9515849
47.532920 3.3939385 -1.6636813 14.6110992 -0.0248983 0.2983912 -0.0168511 0.9539701
47.740580 3.4590225 -1.6605673 14.7105799 -0.0277343 0.2916306 -0.0205739 0.9559075
47.948270 3.5230474 -1.6580081 14.8102608 -0.0271969 0.2876766 -0.0239882 0.9570408
48.156010 3.5875297 -1.6551280 14.9114265 -0.0229370 0.2857847 -0.0278700 0.9576138
48.364330 3.6524343 -1.6531874 15.0119171 -0.0233119 0.2847478 -0.0276916 0.9579188
48.571420 3.7179580 -1.6520600 15.1139746 -0.0234413 0.2840087 -0.0269950 0.9581549
48.778960 3.7838292 -1.6505051 15.2166271 -0.0223806 0.2827137 -0.0267408 0.9585703
48.986440 3.8496289 -1.6489333 15.3197756 -0.0216706 0.2802396 -0.0250043 0.9593596
49.193760 3.9143190 -1.6476377 15.4247999 -0.0220736 0.2751572 -0.0238066 0.9608509
49.401170 3.9781041 -1.6459632 15.5302143 -0.0219559 0.2652566 -0.0220888 0.9636747
49.608640 4.0379539 -1.6437413 15.6382389 -0.0220737 0.2534255 -0.0225350 0.9668404
49.816010 4.0950928 -1.6421379 15.7458000 -0.0239306 0.2405868 -0.0230577 0.9700586
50.023270 4.1494780 -1.6399021 15.8551159 -0.0247565 0.2276036 -0.0219315 0.9731920
50.230760 4.2003841 -1.6372559 15.9656305 -0.0255306 0.2142409 -0.0220338 0.9761985
50.438290 4.2480254 -1.6343870 16.0776157 -0.0254060 0.2011642 -0.0253884 0.9788988
50.645900 4.2917180 -1.6315770 16.1905041 -0.0265129 0.1910956 -0.0299136 0.9807572
50.853640 4.3350220 -1.6289237 16.3036995 -0.0266802 0.1846858 -0.0308384 0.9819513
51.061270 4.3771791 -1.6259092 16.4168053 -0.0258383 0.1801154 -0.0291284 0.9828745
51.268910 4.4194651 -1.6236179 16.5311832 -0.0247864 0.1746131 -0.0275561 0.9839393
51.476390 4.4590073 -1.6212097 16.6440887 -0.0230513 0.1693958 -0.0280645 0.9848787
51.787640 4.5161715 -1.6169090 16.8169975 -0.0254321 0.1591543 -0.0288595 0.9865041
51.891290 4.5337353 -1.6151097 16.8749905 -0.0263083 0.1562337 -0.0289094 0.9869463
52.098770 4.5689607 -1.6123259 16.9895153 -0.0237104 0.1511151 -0.0277763 0.9878414
52.306140 4.6025362 -1.6096309 17.1010876 -0.0226172 0.1482197 -0.0255436 0.9883658
52.513900 4.6346855 -1.6078482 17.2118187 -0.0246790 0.1515067 -0.0286022 0.9877341
52.721640 4.6693983 -1.6055626 17.3199215 -0.0256464 0.1624986 -0.0326813 0.9858339
52.929520 4.7057400 -1.6036725 17.4243832 -0.0262882 0.1733471 -0.0323145 0.9839794
53.137020 4.7424960 -1.6016765 17.5237064 -0.0255017 0.1801416 -0.0305045 0.9828368
53.344390 4.7792263 -1.6000234 17.6202927 -0.0231190 0.1815701 -0.0293090 0.9826692
53.551780 4.8145652 -1.5981436 17.7168980 -0.0220759 0.1767641 -0.0268959 0.9836380
53.759020 4.8481841 -1.5968564 17.8119144 -0.0211361 0.1660184 -0.0236032 0.9856135
53.966270 4.8780518 -1.5956458 17.9081345 -0.0211424 0.1504707 -0.0208193 0.9881691
54.173520 4.9051237 -1.5939226 18.0041809 -0.0200574 0.1294536 -0.0166007 0.9912436
54.380770 4.9264607 -1.5921102 18.1017952 -0.0192410 0.1052436 -0.0160053 0.9941314
54.484400 4.9348955 -1.5914809 18.1505756 -0.0184104 0.0920629 -0.0153028 0.9954654
54.691640 4.9474401 -1.5895448 18.2492199 -0.0165134 0.0636940 -0.0162960 0.9976997
54.795390 4.9520178 -1.5891193 18.2991085 -0.0165582 0.0485282 -0.0161015 0.9985548
54.899020 4.9544377 -1.5880189 18.3486500 -0.0170406 0.0331654 -0.0154412 0.9991853
55.002770 4.9555321 -1.5871528 18.3980122 -0.0162682 0.0175593 -0.0160123 0.9995852
55.106520 4.9551225 -1.5864456 18.4475842 -0.0157383 0.0022308 -0.0158934 0.9997473
55.314140 4.9498520 -1.5845561 18.5473404 -0.0137479 -0.0252261 -0.0173065 0.9994374
55.522020 4.9397435 -1.5828817 18.6491776 -0.0155201 -0.0442897 -0.0208641 0.9986802
55.730050 4.9273467 -1.5807822 18.7523232 -0.0179102 -0.0525673 -0.0257414 0.9981249
55.938270 4.9153490 -1.5785468 18.8560963 -0.0120914 -0.0543113 -0.0279192 0.9980604
56.146400 4.9036293 -1.5773001 18.9637032 -0.0115872 -0.0519696 -0.0292156 0.9981540
56.354520 4.8927860 -1.5758443 19.0716286 -0.0108645 -0.0491839 -0.0274773 0.9983526
56.562530 4.8818007 -1.5745066 19.1820126 -0.0059221 -0.0468900 -0.0255033 0.9985569
56.770390 4.8707738 -1.5741838 19.2957935 -0.0056492 -0.0451333 -0.0250846 0.9986500
56.978150 4.8592453 -1.5736585 19.4119816 -0.0073853 -0.0445345 -0.0268837 0.9986187
57.185780 4.8473530 -1.5725600 19.5304337 -0.0069534 -0.0445052 -0.0291033 0.9985610
57.393270 4.8353801 -1.5718540 19.6494942 -0.0057215 -0.0452950 -0.0300567 0.9985050
57.600640 4.8228321 -1.5720631 19.7702160 -0.0033814 -0.0473185 -0.0285699 0.9984655
57.808020 4.8100080 -1.5722238 19.8933868 -0.0043343 -0.0533351 -0.0235068 0.9982905
58.015420 4.7945261 -1.5731587 20.0160484 -0.0040323 -0.0629156 -0.0196857 0.9978166
58.222770 4.7770524 -1.5739570 20.1373520 -0.0029952 -0.0725060 -0.0176829 0.9972067
58.430270 4.7571712 -1.5748039 20.2587318 -0.0035578 -0.0820520 -0.0169001 0.9964784
58.637900 4.7348876 -1.5754169 20.3792076 -0.0026947 -0.0910410 -0.0161554 0.9957125
58.949150 4.6970100 -1.5773227 20.5594234 -0.0011110 -0.1034631 -0.0161560 0.9945015
59.156650 4.6700583 -1.5790116 20.6778088 -0.0005628 -0.1099811 -0.0151377 0.9938182
59.468030 4.6275187 -1.5812111 20.8550529 0.0046131 -0.1185369 -0.0089167 0.9928989
59.779400 4.5817046 -1.5843422 21.0325909 0.0030808 -0.1265261 -0.0066703 0.9919361
60.090780 4.5338759 -1.5873382 21.2096691 0.0018601 -0.1311701 -0.0069315 0.9913339
60.298400 4.5007019 -1.5888007 21.3273163 -0.0013321 -0.1320899 -0.0045062 0.9912266
60.506060 4.4685540 -1.5886446 21.4451618 -0.0022075 -0.1331392 0.0013831 0.9910939
60.713810 4.4365969 -1.5900086 21.5621185 -0.0022065 -0.1342575 0.0045888 0.9909334
60.921300 4.4037704 -1.5914056 21.6794529 -0.0029290 -0.1355370 0.0058448 0.9907507
61.128990 4.3701344 -1.5924202 21.7971706 -0.0047707 -0.1368442 0.0039422 0.9905732
61.336500 4.3356571 -1.5930197 21.9141331 -0.0068304 -0.1373671 0.0014992 0.9904955
61.543930 4.3018980 -1.5931358 22.0312576 -0.0080222 -0.1366803 0.0001351 0.9905827
61.751640 4.2679977 -1.5926770 22.1484642 -0.0101310 -0.1347067 -0.0000920 0.9908337
61.855290 4.2517247 -1.5922456 22.2065735 -0.0110542 -0.1340988 -0.0005502 0.9909062
61.959050 4.2354064 -1.5919807 22.2646866 -0.0122595 -0.1333358 -0.0016398 0.9909937
62.166620 4.2030044 -1.5911404 22.3800716 -0.0128669 -0.1317523 -0.0028464 0.9911951
62.270350 4.1874437 -1.5905857 22.4369354 -0.0126096 -0.1310622 -0.0026161 0.9912905
62.477810 4.1562343 -1.5897230 22.5511837 -0.0151391 -0.1298551 -0.0017324 0.9914159
62.685330 4.1257730 -1.5878055 22.6650200 -0.0176232 -0.1288387 -0.0000384 0.9915090
62.892780 4.0960298 -1.5855610 22.7782536 -0.0179580 -0.1278708 0.0027328 0.9916245
63.100390 4.0663853 -1.5835412 22.8902206 -0.0187774 -0.1275043 0.0060995 0.9916415
63.307710 4.0367150 -1.5817947 23.0008869 -0.0186521 -0.1272708 0.0072655 0.9916660
63.515270 4.0079923 -1.5799034 23.1114063 -0.0213048 -0.1279171 0.0075572 0.9915272
63.722540 3.9789367 -1.5777185 23.2199783 -0.0215294 -0.1283309 0.0074033 0.9914700
63.929910 3.9501972 -1.5756054 23.3271770 -0.0216328 -0.1285068 0.0079161 0.9914411
64.137290 3.9222250 -1.5733311 23.4334774 -0.0232012 -0.1293380 0.0085081 0.9912926
64.344770 3.8941894 -1.5704331 23.5377312 -0.0231357 -0.1298689 0.0081666 0.9912276
64.552380 3.8656330 -1.5677036 23.6413555 -0.0240851 -0.1297077 0.0062858 0.9912398
64.759950 3.8376231 -1.5647945 23.7438622 -0.0260220 -0.1294986 0.0054673 0.9912230
64.967450 3.8101239 -1.5614624 23.8458252 -0.0292379 -0.1299798 0.0052571 0.9910715
65.174920 3.7828512 -1.5572659 23.9469414 -0.0329928 -0.1317826 0.0058714 0.9907120
65.382430 3.7547374 -1.5526336 24.0479031 -0.0351942 -0.1335994 0.0073292 0.9903832
65.589790 3.7267137 -1.5474623 24.1480865 -0.0361341 -0.1354178 0.0074751 0.9901013
65.797310 3.6983981 -1.5416358 24.2477684 -0.0367100 -0.1360550 0.0088809 0.9899811
66.004800 3.6714072 -1.5368741 24.3445244 -0.0369700 -0.1353149 0.0093341 0.9900687
66.212160 3.6454110 -1.5318868 24.4402924 -0.0379230 -0.1347829 0.0125741 0.9900693
66.419700 3.6192274 -1.5269411 24.5332031 -0.0377189 -0.1342482 0.0129093 0.9901454
66.627050 3.5945187 -1.5226978 24.6226425 -0.0358776 -0.1334465 0.0135997 0.9903131
66.834590 3.5708213 -1.5185047 24.7088013 -0.0350037 -0.1326328 0.0128173 0.9904640
67.042030 3.5471272 -1.5142666 24.7945976 -0.0341938 -0.1316489 0.0147575 0.9905966
67.249580 3.5244079 -1.5098618 24.8804436 -0.0336273 -0.1290838 0.0147902 0.9909530
67.457250 3.5025401 -1.5060755 24.9657249 -0.0325085 -0.1228668 0.0153527 0.9917718
67.664920 3.4821811 -1.5018739 25.0517159 -0.0347167 -0.1119642 0.0119517 0.9930337
67.872840 3.4644928 -1.4980673 25.1384315 -0.0401307 -0.0966253 0.0100974 0.9944602
68.080710 3.4501839 -1.4926013 25.2247734 -0.0412987 -0.0764755 0.0083809 0.9961805
68.288670 3.4399018 -1.4868727 25.3118458 -0.0436402 -0.0522174 0.0064504 0.9976609
68.496670 3.4346290 -1.4803400 25.3992271 -0.0423203 -0.0251487 0.0070029 0.9987630
68.704540 3.4344099 -1.4745471 25.4859600 -0.0406647 0.0016655 0.0071701 0.9991457
68.912190 3.4386439 -1.4691212 25.5739555 -0.0414585 0.0285960 0.0082297 0.9986970
69.119820 3.4474595 -1.4627497 25.6622467 -0.0423093 0.0544171 0.0101247 0.9975702
69.431290 3.4697123 -1.4535558 25.7949619 -0.0420508 0.0924626 0.0117195 0.9947588
69.638910 3.4903789 -1.4476111 25.8829403 -0.0404695 0.1163648 0.0129098 0.9922977
69.950110 3.5284803 -1.4387515 26.0161209 -0.0390338 0.1466919 0.0134948 0.9883196
70.157430 3.5580235 -1.4323721 26.1055470 -0.0380339 0.1651285 0.0131476 0.9854507
70.364970 3.5917096 -1.4261091 26.1948166 -0.0373187 0.1835355 0.0135812 0.9822106
70.572360 3.6292806 -1.4203432 26.2831268 -0.0380626 0.2019530 0.0147895 0.9785436
70.779670 3.6702151 -1.4143949 26.3713512 -0.0386022 0.2198164 0.0144971 0.9746694
70.987040 3.7146645 -1.4084067 26.4583015 -0.0360340 0.2371057 0.0144716 0.9707075
71.194400 3.7619276 -1.4021559 26.5440445 -0.0343411 0.2553285 0.0110297 0.9661813
71.401990 3.8135414 -1.3966553 26.6287193 -0.0357894 0.2761317 0.0101566 0.9603995
71.609450 3.8694916 -1.3912463 26.7105942 -0.0377008 0.2987161 0.0100865 0.9535437
71.817050 3.9297476 -1.3855639 26.7895527 -0.0380134 0.3244840 0.0102890 0.9450710
72.024670 3.9943190 -1.3796804 26.8642197 -0.0372041 0.3501314 0.0115772 0.9358899
72.232060 4.0622473 -1.3739918 26.9349766 -0.0371162 0.3747210 0.0141518 0.9262863
72.439440 4.1332855 -1.3688588 27.0023766 -0.0363906 0.3967387 0.0149369 0.9170883
72.646700 4.2075052 -1.3629909 27.0672932 -0.0360343 0.4151525 0.0168780 0.9088812
72.854050 4.2850552 -1.3569041 27.1312656 -0.0375081 0.4326559 0.0170690 0.9006168
73.061450 4.3654871 -1.3506509 27.1913223 -0.0358910 0.4498050 0.0165612 0.8922517
73.268930 4.4514227 -1.3438480 27.2516823 -0.0406138 0.4676889 0.0181610 0.8827728
73.476410 4.5393629 -1.3358940 27.3070965 -0.0416744 0.4873227 0.0181761 0.8720376
73.683940 4.6299877 -1.3287851 27.3578644 -0.0401730 0.5080130 0.0189751 0.8602028
73.891550 4.7245512 -1.3212725 27.4044285 -0.0384444 0.5290707 0.0219458 0.8474223
74.099040 4.8229313 -1.3138102 27.4466438 -0.0374730 0.5502816 0.0241666 0.8337877
74.306540 4.9239044 -1.3071166 27.4843979 -0.0372528 0.5714878 0.0239586 0.8194143
74.514170 5.0294561 -1.2992712 27.5186195 -0.0368178 0.5927626 0.0216952 0.8042427
74.721470 5.1386185 -1.2920458 27.5481453 -0.0378767 0.6141524 0.0205888 0.7880091
74.928950 5.2507210 -1.2848134 27.5714397 -0.0371240 0.6353935 0.0215059 0.7709957
75.136310 5.3646555 -1.2773294 27.5885906 -0.0358516 0.6558791 0.0232579 0.7536553
75.447460 5.5402813 -1.2654239 27.6042709 -0.0337457 0.6844878 0.0237744 0.7278547
75.758450 5.7201076 -1.2532111 27.6056213 -0.0350634 0.7109771 0.0253783 0.7018818
75.965810 5.8422623 -1.2456025 27.6005135 -0.0359438 0.7279148 0.0248867 0.6842724
76.173160 5.9654055 -1.2374387 27.5881844 -0.0353775 0.7449280 0.0233960 0.6657953
76.380600 6.0885186 -1.2292445 27.5700531 -0.0338198 0.7611629 0.0239741 0.6472346
76.588100 6.2131753 -1.2207690 27.5453758 -0.0317971 0.7759442 0.0259186 0.6294664
76.795320 6.3355398 -1.2132556 27.5153809 -0.0302430 0.7889085 0.0245517 0.6132748
77.002800 6.4600496 -1.2054775 27.4796619 -0.0302415 0.8015416 0.0232875 0.5967194
77.313830 6.6450734 -1.1945889 27.4170666 -0.0299071 0.8203154 0.0190809 0.5708100
77.521170 6.7668366 -1.1893322 27.3676090 -0.0312209 0.8316184 0.0196769 0.5541200
77.728490 6.8888168 -1.1820207 27.3142929 -0.0311407 0.8408750 0.0207599 0.5399338
77.935700 7.0092020 -1.1761466 27.2565804 -0.0276727 0.8465639 0.0214424 0.5311347
78.142930 7.1301184 -1.1709044 27.1962452 -0.0236538 0.8497305 0.0255486 0.5260664
78.350300 7.2536149 -1.1638768 27.1346283 -0.0215463 0.8512813 0.0289277 0.5234684
78.557850 7.3790622 -1.1568067 27.0719681 -0.0230276 0.8519836 0.0304592 0.5221741
78.661450 7.4416509 -1.1526814 27.0402641 -0.0250407 0.8521789 0.0312455 0.5217161
78.765630 7.5034380 -1.1483834 27.0091248 -0.0258635 0.8525146 0.0327260 0.5210365
78.868800 7.5650864 -1.1440330 26.9770432 -0.0259297 0.8527775 0.0328680 0.5205939
78.972430 7.6271920 -1.1391563 26.9450569 -0.0250762 0.8529996 0.0317918 0.5203385
79.081780 7.6904616 -1.1346356 26.9127407 -0.0241198 0.8533053 0.0313597 0.5199085
79.179920 7.7535696 -1.1300756 26.8800526 -0.0227741 0.8535954 0.0314524 0.5194871
79.283570 7.8169322 -1.1260459 26.8479958 -0.0226449 0.8540322 0.0317010 0.5187594
79.387330 7.8801174 -1.1221411 26.8153877 -0.0233543 0.8542624 0.0325754 0.5182946
79.491080 7.9433222 -1.1172709 26.7828922 -0.0240156 0.8544667 0.0334140 0.5178738
79.594920 8.0066376 -1.1125464 26.7507458 -0.0248270 0.8549181 0.0340871 0.5170461
79.802330 8.1346111 -1.1022730 26.6849098 -0.0253857 0.8555844 0.0343905 0.5158955
79.906130 8.1993771 -1.0978998 26.6521473 -0.0252850 0.8559721 0.0348172 0.5152283
80.113430 8.3279352 -1.0882459 26.5843601 -0.0218477 0.8563612 0.0348012 0.5147399
80.321020 8.4591942 -1.0783869 26.5156021 -0.0228707 0.8562084 0.0357201 0.5148866
80.528440 8.5901394 -1.0685167 26.4463158 -0.0228381 0.8560590 0.0333746 0.5152937
80.735850 8.7236681 -1.0597883 26.3766479 -0.0206854 0.8559368 0.0309762 0.5157372
80.943530 8.8603916 -1.0509981 26.3052101 -0.0220001 0.8560488 0.0342024 0.5152928
81.150830 8.9976635 -1.0410960 26.2333412 -0.0223934 0.8561397 0.0333280 0.5151821
81.358350 9.1360607 -1.0314560 26.1610298 -0.0236375 0.8562794 0.0332863 0.5148970
81.462060 9.2065325 -1.0262249 26.1241875 -0.0233830 0.8564082 0.0330591 0.5147090
81.669620 9.3472786 -1.0168074 26.0506840 -0.0227882 0.8567076 0.0328688 0.5142494
81.773370 9.4182587 -1.0119950 26.0134487 -0.0223670 0.8568948 0.0330308 0.5139456
81.876950 9.4891844 -1.0071056 25.9759941 -0.0225472 0.8569595 0.0338171 0.5137786
81.980680 9.5605879 -1.0019326 25.9380169 -0.0233557 0.8569526 0.0341023 0.5137352
82.084440 9.6322403 -0.9964747 25.9005833 -0.0238588 0.8570982 0.0330840 0.5135357
82.188180 9.7042370 -0.9912419 25.8626404 -0.0254827 0.8571753 0.0305642 0.5134851
82.291790 9.7763920 -0.9857474 25.8250084 -0.0273634 0.8573617 0.0290216 0.5131665
82.395640 9.8489799 -0.9812331 25.7873344 -0.0295627 0.8574358 0.0287824 0.5129341
82.499340 9.9212141 -0.9762250 25.7490253 -0.0288927 0.8574889 0.0284161 0.5129039
82.706910 10.0665226 -0.9662372 25.6711445 -0.0255673 0.8573480 0.0299211 0.5132304
82.810450 10.1391287 -0.9611815 25.6321983 -0.0241763 0.8571970 0.0312034 0.5134736
82.914210 10.2117224 -0.9563609 25.5944576 -0.0239688 0.8573353 0.0321839 0.5131919
83.018010 10.2840605 -0.9525588 25.5557861 -0.0252067 0.8571283 0.0326788 0.5134470
83.225460 10.4280930 -0.9420292 25.4802227 -0.0256805 0.8570796 0.0322900 0.5135293
83.432930 10.5721312 -0.9328128 25.4027596 -0.0225169 0.8569931 0.0329614 0.5137795
83.640430 10.7168102 -0.9233310 25.3264465 -0.0197801 0.8564528 0.0328350 0.5148002
83.847930 10.8634615 -0.9133969 25.2506313 -0.0258978 0.8557922 0.0352500 0.5154672
84.055580 11.0085974 -0.9021702 25.1759834 -0.0264691 0.8548124 0.0325336 0.5172395
84.262850 11.1530628 -0.8920422 25.1029854 -0.0255784 0.8539217 0.0303844 0.5188837
84.470300 11.2966976 -0.8831717 25.0300884 -0.0265546 0.8533947 0.0303627 0.5197023
84.677950 11.4409542 -0.8733934 24.9575272 -0.0268060 0.8533479 0.0311710 0.5197183
84.885450 11.5833454 -0.8635197 24.8850708 -0.0262258 0.8539800 0.0294655 0.5188084
84.989500 11.6558361 -0.8587252 24.8480377 -0.0249985 0.8544609 0.0289692 0.5181047
85.196770 11.7962112 -0.8500587 24.7747726 -0.0233602 0.8556986 0.0302116 0.5160633
85.404100 11.9370184 -0.8407333 24.7009487 -0.0241981 0.8573672 0.0319053 0.5131452
85.507850 12.0066700 -0.8359205 24.6631069 -0.0236141 0.8581263 0.0326817 0.5118530
85.715200 12.1444569 -0.8269947 24.5886593 -0.0211658 0.8596400 0.0319771 0.5094591
85.922700 12.2820568 -0.8182221 24.5133171 -0.0210462 0.8613186 0.0308920 0.5066883
86.130110 12.4187756 -0.8095532 24.4380703 -0.0238827 0.8628627 0.0309221 0.5039260
86.337580 12.5508909 -0.8010746 24.3631325 -0.0259110 0.8640913 0.0305907 0.5017361
86.545010 12.6799965 -0.7931184 24.2916431 -0.0275904 0.8653196 0.0317359 0.4994533
86.752310 12.8048992 -0.7849624 24.2203064 -0.0289876 0.8662369 0.0303505 0.4978677
87.063460 12.9857569 -0.7735741 24.1170826 -0.0322201 0.8666772 0.0282719 0.4970244
87.270810 13.1008339 -0.7663152 24.0508728 -0.0332760 0.8652884 0.0276054 0.4994062
87.374560 13.1568556 -0.7627982 24.0197887 -0.0334727 0.8640353 0.0271087 0.5015852
87.478210 13.2125559 -0.7589994 23.9893284 -0.0337788 0.8621212 0.0269345 0.5048571
87.581810 13.2673731 -0.7554678 23.9598351 -0.0337703 0.8594037 0.0270535 0.5094635
87.685550 13.3223286 -0.7518580 23.9312077 -0.0337820 0.8559831 0.0267736 0.5152038
87.789170 13.3770924 -0.7483142 23.9042130 -0.0336280 0.8520170 0.0263189 0.5217696
87.996680 13.4863806 -0.7403894 23.8527679 -0.0353667 0.8426539 0.0228981 0.5368047
88.204050 13.5962772 -0.7346241 23.8062401 -0.0348443 0.8327104 0.0198722 0.5522540
88.411430 13.7078943 -0.7282937 23.7639217 -0.0355875 0.8214456 0.0183598 0.5688792
88.618820 13.8204746 -0.7214441 23.7263260 -0.0370171 0.8095748 0.0185966 0.5855532
88.826180 13.9342613 -0.7143574 23.6939831 -0.0410382 0.7971410 0.0196875 0.6020752
89.033680 14.0481529 -0.7069221 23.6678619 -0.0453306 0.7848287 0.0173589 0.6178089
89.241050 14.1627522 -0.6985356 23.6456966 -0.0480213 0.7717890 0.0145232 0.6338965
89.448550 14.2797947 -0.6908430 23.6277466 -0.0468389 0.7570156 0.0146485 0.6515511
89.655800 14.3979607 -0.6826870 23.6146622 -0.0411123 0.7399110 0.0138592 0.6713042
89.863200 14.5181274 -0.6745779 23.6087132 -0.0389331 0.7210655 0.0138641 0.6916333
90.070690 14.6382971 -0.6678890 23.6097279 -0.0396465 0.7009377 0.0137084 0.7119877
90.278050 14.7591944 -0.6607949 23.6186638 -0.0432990 0.6791679 0.0124830 0.7325984
90.485550 14.8824759 -0.6523840 23.6347885 -0.0463238 0.6567077 0.0083151 0.7526752
90.693070 15.0047970 -0.6444414 23.6586800 -0.0469875 0.6348370 0.0047389 0.7712015
90.900550 15.1288061 -0.6365227 23.6896896 -0.0476639 0.6125088 0.0012337 0.7890244
91.108060 15.2522221 -0.6284935 23.7282314 -0.0502488 0.5896147 0.0019310 0.8061178
91.315450 15.3743086 -0.6197298 23.7733860 -0.0502728 0.5656890 0.0006829 0.8230845
91.522930 15.4957905 -0.6105205 23.8271179 -0.0486300 0.5429323 0.0001114 0.8383672
91.626680 15.5555773 -0.6064138 23.8565178 -0.0510159 0.5319042 0.0003221 0.8452664
91.834060 15.6752253 -0.5967710 23.9204712 -0.0543946 0.5101115 0.0033465 0.8583801
92.041550 15.7926321 -0.5858078 23.9917183 -0.0563049 0.4893182 0.0022474 0.8702829
92.249180 15.9081879 -0.5741456 24.0678768 -0.0568183 0.4705173 0.0020249 0.8805572
92.456800 16.0233021 -0.5625610 24.1499481 -0.0585450 0.4549484 -0.0010151 0.8885907
92.664430 16.1363754 -0.5500581 24.2368164 -0.0602539 0.4420926 -0.0037422 0.8949355
92.872100 16.2490349 -0.5374172 24.3279591 -0.0598312 0.4309570 -0.0044356 0.9003758
93.079680 16.3596230 -0.5257540 24.4205513 -0.0567478 0.4208221 -0.0048790 0.9053533
93.287430 16.4685707 -0.5140219 24.5147018 -0.0574216 0.4142362 -0.0047581 0.9083438
93.495180 16.5775471 -0.5015166 24.6109695 -0.0590850 0.4105646 -0.0046477 0.9099033
93.806680 16.7394104 -0.4831705 24.7571144 -0.0603675 0.4064621 -0.0053103 0.9116557
93.910430 16.7927551 -0.4759648 24.8057384 -0.0590793 0.4054691 -0.0061246 0.9121770
94.221930 16.9512615 -0.4597266 24.9506683 -0.0559088 0.4040674 -0.0043806 0.9130085
94.429560 17.0554619 -0.4489958 25.0443821 -0.0574248 0.4053847 -0.0039350 0.9123322
94.637210 17.1575470 -0.4374890 25.1354485 -0.0595941 0.4098943 -0.0052527 0.9101690
94.948810 17.3076115 -0.4211876 25.2650566 -0.0584479 0.4207367 -0.0077573 0.9052647
95.260560 17.4538975 -0.4079854 25.3834763 -0.0550076 0.4379665 -0.0078573 0.8972724
95.468320 17.5510025 -0.4002237 25.4554634 -0.0519020 0.4506697 -0.0061418 0.8911595
95.676180 17.6454868 -0.3936656 25.5206432 -0.0467580 0.4641193 -0.0035253 0.8845307
95.988060 17.7823849 -0.3870859 25.6087437 -0.0308266 0.4863545 -0.0098037 0.8731626
96.196060 17.8718643 -0.3845143 25.6606407 -0.0256046 0.5044207 -0.0129337 0.8629814
96.404190 17.9609623 -0.3835260 25.7067699 -0.0280834 0.5269198 -0.0141643 0.8493328
96.612440 18.0502491 -0.3828680 25.7442169 -0.0291797 0.5534800 -0.0102969 0.8322874
96.820810 18.1401329 -0.3822052 25.7741642 -0.0220682 0.5853733 -0.0088338 0.8104153
97.029060 18.2312088 -0.3831550 25.7961693 -0.0128483 0.6179897 -0.0114927 0.7859972
97.237310 18.3253860 -0.3839718 25.8123360 -0.0091263 0.6505764 -0.0124049 0.7592847
97.445440 18.4219131 -0.3862834 25.8204613 -0.0128678 0.6818681 -0.0090556 0.7313058
97.653560 18.5160160 -0.3874773 25.8184319 -0.0114842 0.7132088 -0.0050181 0.7008396
97.861590 18.6115646 -0.3885789 25.8096676 -0.0094161 0.7429864 -0.0053655 0.6692188
98.069330 18.7051983 -0.3903348 25.7928295 -0.0024097 0.7684973 -0.0039057 0.6398366
98.276830 18.7978401 -0.3921803 25.7703171 -0.0009529 0.7881771 -0.0030668 0.6154401
98.484190 18.8899879 -0.3940609 25.7430172 -0.0010565 0.8025464 -0.0007062 0.5965883
98.691560 18.9803123 -0.3960656 25.7113914 0.0005963 0.8132341 0.0011104 0.5819353
98.899080 19.0713806 -0.3972499 25.6761627 0.0019193 0.8235617 0.0029469 0.5672158
99.106560 19.1628990 -0.3990517 25.6377106 0.0035532 0.8343964 0.0045398 0.5511347
99.314190 19.2533741 -0.4001156 25.5951538 0.0020675 0.8477222 0.0035176 0.5304247
99.522160 19.3395252 -0.4017631 25.5474129 0.0041077 0.8625761 0.0018238 0.5059075
99.730070 19.4229012 -0.4033632 25.4936466 0.0031332 0.8797661 0.0017068 0.4753934
99.938070 19.5009975 -0.4048657 25.4327011 0.0052957 0.8981006 0.0062608 0.4397135
100.146100 19.5752316 -0.4059838 25.3654747 0.0075996 0.9158462 0.0064425 0.4014057
100.354100 19.6425018 -0.4071441 25.2928696 0.0095745 0.9320398 0.0076261 0.3621491
100.458100 19.6726093 -0.4077002 25.2551842 0.0102658 0.9395515 0.0089132 0.3421375
100.666000 19.7269306 -0.4087683 25.1782398 0.0127128 0.9528806 0.0116418 0.3028555
100.873800 19.7758503 -0.4085524 25.0968037 0.0155313 0.9633128 0.0107882 0.2677141
101.081300 19.8182430 -0.4084650 25.0143051 0.0194798 0.9712053 0.0087888 0.2372838
101.288700 19.8569241 -0.4090413 24.9278984 0.0209008 0.9776441 0.0096747 0.2090015
101.496100 19.8914433 -0.4085696 24.8382416 0.0237230 0.9831756 0.0115539 0.1807467
101.703400 19.9197426 -0.4091648 24.7472363 0.0249410 0.9881001 0.0143797 0.1510937
101.910900 19.9433060 -0.4094091 24.6539612 0.0268127 0.9923607 0.0130725 0.1197098
102.118500 19.9602356 -0.4086882 24.5591602 0.0286460 0.9957935 0.0115162 0.0862681
102.326100 19.9703255 -0.4080566 24.4614410 0.0307856 0.9979925 0.0172028 0.0526052
102.533600 19.9744415 -0.4066190 24.3630829 0.0297427 0.9992260 0.0177829 0.0186138
102.741200 19.9719238 -0.4046032 24.2625160 0.0296702 0.9993235 0.0158767 -0.0148370
102.948700 19.9624081 -0.4025923 24.1597576 0.0314247 0.9983342 0.0154748 -0.0458465
103.259900 19.9372044 -0.3995413 24.0019588 0.0340138 0.9956666 0.0143668 -0.0853509
103.467300 19.9147530 -0.3971699 23.8942852 0.0332485 0.9938570 0.0126575 -0.1047984
103.674700 19.8883324 -0.3950580 23.7845478 0.0328157 0.9920936 0.0113785 -0.1205982
103.985900 19.8419857 -0.3921930 23.6151085 0.0309052 0.9896688 0.0134795 -0.1393510
104.296900 19.7894745 -0.3880459 23.4398594 0.0334307 0.9884538 0.0126413 -0.1472470
104.504300 19.7530422 -0.3853607 23.3205681 0.0338990 0.9881496 0.0094853 -0.1494031
104.711700 19.7142525 -0.3832338 23.1975346 0.0354520 0.9878390 0.0123875 -0.1508769
105.022900 19.6549988 -0.3788469 23.0088329 0.0372739 0.9874289 0.0126218 -0.1530864
105.334200 19.5939159 -0.3753976 22.8150425 0.0358437 0.9870898 0.0117193 -0.1556650
105.645400 19.5282860 -0.3709849 22.6140099 0.0372495 0.9866421 0.0119172 -0.1581390
105.956700 19.4606094 -0.3665839 22.4085331 0.0380058 0.9862147 0.0125640 -0.1605561
106.267900 19.3917847 -0.3622637 22.2006474 0.0366958 0.9858184 0.0148860 -0.1630766
106.579200 19.3217907 -0.3576432 21.9922447 0.0363123 0.9854335 0.0131467 -0.1656186
106.890600 19.2502308 -0.3533806 21.7826004 0.0365001 0.9856613 0.0146015 -0.1640922
107.201800 19.1815548 -0.3494431 21.5718536 0.0321331 0.9867036 0.0120947 -0.1588618
107.512900 19.1161804 -0.3469294 21.3596115 0.0261243 0.9881812 0.0071996 -0.1508759
107.824300 19.0566235 -0.3468230 21.1469765 0.0200762 0.9899138 0.0092958 -0.1399329
108.135300 19.0021553 -0.3451073 20.9336777 0.0215059 0.9923462 0.0128705 -0.1209172
108.446400 18.9576435 -0.3436701 20.7195740 0.0198940 0.9949133 0.0084444 -0.0983893
108.654000 18.9344044 -0.3438692 20.5776520 0.0194895 0.9961518 0.0083508 -0.0850413
108.861500 18.9130211 -0.3437970 20.4334488 0.0207278 0.9972147 0.0099970 -0.0709455
109.069200 18.8963223 -0.3433914 20.2887020 0.0196948 0.9981135 0.0102108 -0.0572474
109.380500 18.8790569 -0.3426794 20.0704784 0.0160250 0.9990618 0.0132824 -0.0379776
109.484300 18.8751850 -0.3421003 19.9978809 0.0149562 0.9993043 0.0132733 -0.0314807
109.691700 18.8698692 -0.3407020 19.8529148 0.0144054 0.9996358 0.0132794 -0.0185603
109.900300 18.8693504 -0.3393184 19.7084694 0.0132590 0.9997686 0.0158528 -0.0059716
110.106700 18.8705864 -0.3382652 19.5650463 0.0145795 0.9997398 0.0162441 0.0066322
110.418100 18.8800850 -0.3359039 19.3484077 0.0158994 0.9994909 0.0127659 0.0245407
110.729500 18.8962231 -0.3355625 19.1329269 0.0144797 0.9989879 0.0116055 0.0409750
110.937100 18.9107742 -0.3349790 18.9886532 0.0138106 0.9985837 0.0097163 0.0504512
111.144800 18.9283886 -0.3349788 18.8467331 0.0133639 0.9980962 0.0097419 0.0594172
111.456200 18.9594955 -0.3354847 18.6334839 0.0110286 0.9972773 0.0119926 0.0719198
111.663700 18.9829903 -0.3349965 18.4939308 0.0099650 0.9966796 0.0118411 0.0799388
111.974900 19.0219231 -0.3345610 18.2875710 0.0080336 0.9957698 0.0136388 0.0905092
112.182300 19.0502357 -0.3337637 18.1491947 0.0074097 0.9951010 0.0149885 0.0974396
112.493600 19.0944519 -0.3328823 17.9471931 0.0069584 0.9940749 0.0107747 0.1079378
112.701100 19.1263580 -0.3335391 17.8183289 0.0077319 0.9933338 0.0086195 0.1146903
113.012500 19.1751308 -0.3347715 17.6327515 0.0092348 0.9919813 0.0027931 0.1260161
113.220000 19.2079296 -0.3380325 17.5184345 0.0090866 0.9911137 -0.0076377 0.1324864
113.427600 19.2391453 -0.3424300 17.4116058 0.0074137 0.9903498 -0.0155964 0.1375102
113.635300 19.2682934 -0.3493848 17.3116322 0.0078337 0.9897503 -0.0224401 0.1408173
113.843000 19.2973480 -0.3579786 17.2151909 0.0089549 0.9895035 -0.0272975 0.1416245
114.154700 19.3387032 -0.3671452 17.0706921 0.0149277 0.9903722 -0.0227300 0.1357326
114.362800 19.3630066 -0.3732027 16.9768238 0.0160882 0.9920085 -0.0239979 0.1228186
114.571200 19.3819427 -0.3781705 16.8823051 0.0200975 0.9945900 -0.0188911 0.1001496
114.779700 19.3945732 -0.3828474 16.7881851 0.0226259 0.9973581 -0.0107302 0.0681889
114.988100 19.4001465 -0.3861659 16.6951828 0.0239803 0.9992718 -0.0058730 0.0290935
115.196500 19.3965893 -0.3881583 16.6031055 0.0265759 0.9995613 -0.0009440 -0.0130383
115.404800 19.3857498 -0.3898757 16.5128956 0.0267333 0.9979683 0.0019709 -0.0577985
115.613100 19.3670425 -0.3900492 16.4221439 0.0255003 0.9942979 0.0056324 -0.1033912
115.821100 19.3388443 -0.3898949 16.3313942 0.0267900 0.9884517 0.0117865 -0.1486833
116.029400 19.3033810 -0.3883245 16.2417316 0.0233180 0.9805154 0.0143744 -0.1945230
116.238300 19.2577839 -0.3859830 16.1554527 0.0250259 0.9707296 0.0144442 -0.2384303
116.444900 19.2037525 -0.3831977 16.0719223 0.0286790 0.9597974 0.0155363 -0.2787920
116.652400 19.1422768 -0.3803338 15.9899788 0.0311622 0.9488669 0.0152061 -0.3137663
116.859700 19.0735817 -0.3765244 15.9098225 0.0345866 0.9387949 0.0119801 -0.3425265
117.067000 18.9987965 -0.3724735 15.8307867 0.0387468 0.9306066 0.0088674 -0.3638563
117.274300 18.9187069 -0.3684742 15.7499275 0.0401737 0.9241754 0.0080702 -0.3797641
117.481600 18.8322716 -0.3641965 15.6672392 0.0404713 0.9185216 0.0074220 -0.3932239
117.689000 18.7414093 -0.3597935 15.5835752 0.0416968 0.9139729 0.0062954 -0.4035782
117.896100 18.6446724 -0.3550860 15.4968872 0.0444597 0.9127991 0.0053925 -0.4059459
118.103200 18.5455914 -0.3502930 15.4041920 0.0444230 0.9146320 0.0071027 -0.4017766
118.310600 18.4440479 -0.3452343 15.3080578 0.0409342 0.9158393 0.0079102 -0.3993747
118.518000 18.3403263 -0.3403386 15.2087507 0.0401313 0.9163053 0.0081956 -0.3983804
118.829100 18.1793270 -0.3331800 15.0545893 0.0393574 0.9172936 0.0075278 -0.3961904
119.036700 18.0683002 -0.3279703 14.9480858 0.0384993 0.9180362 0.0070125 -0.3945607
119.347800 17.8984756 -0.3222147 14.7839537 0.0361630 0.9194100 0.0033073 -0.3916205
119.659100 17.7272396 -0.3175608 14.6138783 0.0344766 0.9206856 0.0027900 -0.3887694
119.970100 17.5523758 -0.3131863 14.4393158 0.0352223 0.9228352 0.0051821 -0.3835464
120.281100 17.3820248 -0.3076540 14.2630558 0.0351962 0.9262806 0.0080043 -0.3751020
120.592200 17.2121468 -0.3022804 14.0811367 0.0367821 0.9313927 0.0055314 -0.3621106
120.903200 17.0498447 -0.2986651 13.8929901 0.0391829 0.9390682 0.0019262 -0.3414848
121.214100 16.8976593 -0.2959273 13.6963234 0.0361819 0.9471833 0.0015424 -0.3186414
121.421600 16.8008289 -0.2937311 13.5598621 0.0348570 0.9513805 0.0040012 -0.3060134
121.629100 16.7068863 -0.2916840 13.4207172 0.0339741 0.9553350 0.0051419 -0.2935208
121.836600 16.6146927 -0.2897722 13.2781401 0.0339763 0.9590349 0.0036571 -0.2812194
122.044100 16.5269070 -0.2888696 13.1332350 0.0335393 0.9625578 0.0019001 -0.2689871
122.251600 16.4411469 -0.2883754 12.9847460 0.0345585 0.9656799 0.0002628 -0.2574257
122.459200 16.3575306 -0.2881402 12.8336973 0.0374834 0.9678903 0.0016021 -0.2485575
122.666800 16.2748470 -0.2863726 12.6804590 0.0377375 0.9693673 0.0010556 -0.2426972
122.874600 16.1949348 -0.2858370 12.5240870 0.0361853 0.9698901 0.0024921 -0.2408272
123.082400 16.1118050 -0.2850189 12.3671064 0.0350410 0.9703500 0.0014337 -0.2391465
123.290000 16.0302525 -0.2833623 12.2090778 0.0355743 0.9709844 0.0006452 -0.2364813
123.497600 15.9483147 -0.2825078 12.0482788 0.0390999 0.9716777 0.0021338 -0.2330430
123.705300 15.8660669 -0.2822312 11.8860397 0.0406414 0.9722674 -0.0016592 -0.2303075
123.913000 15.7833452 -0.2811982 11.7211447 0.0415307 0.9724978 -0.0012940 -0.2291759
124.120500 15.6984167 -0.2796930 11.5539265 0.0442091 0.9726161 0.0027542 -0.2281574
124.328100 15.6144733 -0.2772121 11.3866062 0.0490163 0.9723301 0.0009261 -0.2284091
124.431900 15.5733051 -0.2758738 11.3025494 0.0499293 0.9721399 -0.0008123 -0.2290205
124.535600 15.5306549 -0.2750766 11.2174683 0.0503428 0.9720457 -0.0010574 -0.2293289
124.743100 15.4466858 -0.2744794 11.0461016 0.0474129 0.9716262 0.0012247 -0.2317175
124.846800 15.4038248 -0.2730326 10.9594479 0.0439977 0.9713408 0.0021811 -0.2335732
125.054300 15.3164539 -0.2707997 10.7851982 0.0377378 0.9701768 0.0050380 -0.2393899
125.262000 15.2256775 -0.2684416 10.6118670 0.0341669 0.9685543 0.0035307 -0.2464198
125.365700 15.1779957 -0.2670637 10.5254211 0.0332897 0.9676197 0.0032060 -0.2501873
125.573100 15.0805931 -0.2646073 10.3527975 0.0367802 0.9653786 0.0052789 -0.2581926
125.676800 15.0299587 -0.2634103 10.2669582 0.0391052 0.9641905 0.0046517 -0.2622705
125.884200 14.9266319 -0.2608158 10.0961866 0.0436775 0.9617561 0.0004603 -0.2704021
126.091700 14.8199825 -0.2586831 9.9241066 0.0442803 0.9596432 0.0017221 -0.2777068
126.299200 14.7100782 -0.2541397 9.7527637 0.0469796 0.9575608 0.0057051 -0.2843195
126.506600 14.5989571 -0.2516931 9.5836811 0.0507671 0.9562259 0.0036870 -0.2881688
126.714100 14.4868488 -0.2477901 9.4136906 0.0483832 0.9556797 0.0025423 -0.2903946
126.921600 14.3744888 -0.2434069 9.2432003 0.0446081 0.9553409 0.0041168 -0.2920908
127.129000 14.2599277 -0.2393110 9.0738993 0.0449352 0.9551483 0.0057748 -0.2926417
127.440100 14.0880413 -0.2328437 8.8167791 0.0446652 0.9551079 0.0059036 -0.2928124
127.647600 13.9706287 -0.2278545 8.6429472 0.0420360 0.9552370 0.0069041 -0.2927587
127.855000 13.8540154 -0.2236733 8.4683361 0.0424322 0.9546114 0.0087698 -0.2946859
128.062200 13.7346020 -0.2187505 8.2925167 0.0434915 0.9540924 0.0076390 -0.2962394
128.269700 13.6138592 -0.2140659 8.1140118 0.0415665 0.9537654 0.0082736 -0.2975490
128.477100 13.4916668 -0.2093134 7.9360437 0.0419911 0.9538220 0.0093068 -0.2972772
128.580700 13.4315853 -0.2068281 7.8476629 0.0430169 0.9538024 0.0087885 -0.2972092
128.684500 13.3700485 -0.2045404 7.7583003 0.0431648 0.9539441 0.0079878 -0.2967553
128.788200 13.3091955 -0.2026080 7.6688433 0.0429367 0.9540232 0.0080699 -0.2965316
128.891800 13.2474003 -0.1999114 7.5780172 0.0420797 0.9540890 0.0085754 -0.2964285
128.995500 13.1857910 -0.1973210 7.4872131 0.0417452 0.9541441 0.0091844 -0.2962802
129.099100 13.1243143 -0.1950594 7.3964524 0.0422102 0.9541793 0.0092632 -0.2960985
129.202800 13.0631580 -0.1920349 7.3050070 0.0419502 0.9541755 0.0089898 -0.2961562
129.306600 13.0017452 -0.1891607 7.2139826 0.0421106 0.9541288 0.0082358 -0.2963058
129.410300 12.9397173 -0.1868097 7.1226478 0.0420209 0.9541665 0.0078047 -0.2962086
129.514100 12.8771935 -0.1844472 7.0306711 0.0424278 0.9541227 0.0077827 -0.2962925
129.617800 12.8139153 -0.1822895 6.9383001 0.0430907 0.9541616 0.0082533 -0.2960587
129.721600 12.7504005 -0.1790864 6.8448524 0.0434565 0.9540994 0.0083513 -0.2962029
129.825300 12.6874475 -0.1766009 6.7527132 0.0442946 0.9540672 0.0084555 -0.2961795
129.929100 12.6233768 -0.1737207 6.6593399 0.0452458 0.9539609 0.0081245 -0.2963873
130.032700 12.5593452 -0.1708038 6.5664301 0.0467085 0.9538530 0.0066100 -0.2965454
130.136500 12.4961166 -0.1682318 6.4728765 0.0470816 0.9536492 0.0052783 -0.2971676
130.240200 12.4315996 -0.1656793 6.3804173 0.0474345 0.9535261 0.0053410 -0.2975052
130.343800 12.3685684 -0.1633370 6.2875853 0.0463715 0.9532657 0.0061128 -0.2984909
130.447600 12.3038616 -0.1605602 6.1935863 0.0451043 0.9528961 0.0068455 -0.2998462
130.551300 12.2387524 -0.1579137 6.0992908 0.0438785 0.9525599 0.0083171 -0.3010567
130.655000 12.1738567 -0.1552855 6.0060010 0.0443481 0.9520512 0.0095166 -0.3025579
130.758700 12.1079378 -0.1520333 5.9118614 0.0439696 0.9517768 0.0091295 -0.3034869
130.862500 12.0417900 -0.1491465 5.8189621 0.0439261 0.9514438 0.0079449 -0.3045687
130.966100 11.9764299 -0.1465026 5.7259312 0.0432565 0.9512073 0.0076234 -0.3054102
131.070000 11.9096756 -0.1437575 5.6324749 0.0426837 0.9510345 0.0073819 -0.3060344
131.173700 11.8427029 -0.1409765 5.5392404 0.0433905 0.9508503 0.0077807 -0.3064970
131.277500 11.7758789 -0.1374306 5.4459848 0.0447018 0.9506330 0.0088084 -0.3069545
131.381100 11.7077856 -0.1341807 5.3524466 0.0457581 0.9505502 0.0091513 -0.3070452
131.484800 11.6404314 -0.1311823 5.2595892 0.0469102 0.9504092 0.0085702 -0.3073245
131.692200 11.5058327 -0.1243677 5.0724030 0.0490414 0.9500673 0.0090466 -0.3080343
131.796000 11.4383726 -0.1208728 4.9792757 0.0498344 0.9500747 0.0092157 -0.3078793
132.003300 11.3043585 -0.1141176 4.7923412 0.0503732 0.9501176 0.0078785 -0.3076964
132.210600 11.1706314 -0.1078051 4.6069813 0.0486840 0.9505760 0.0083778 -0.3065369
132.418000 11.0381947 -0.1015757 4.4207392 0.0479830 0.9510819 0.0093048 -0.3050481
132.625500 10.9083529 -0.0954695 4.2344313 0.0468663 0.9516418 0.0098995 -0.3034526
132.936500 10.7148228 -0.0873227 3.9548488 0.0409702 0.9528904 0.0078570 -0.3004324
133.143700 10.5859509 -0.0820205 3.7669272 0.0396865 0.9537172 0.0104845 -0.2978903
133.351100 10.4598322 -0.0765228 3.5807755 0.0409140 0.9544781 0.0108603 -0.2952620
133.558600 10.3330231 -0.0708737 3.3925598 0.0434177 0.9553581 0.0111271 -0.2920309
133.869700 10.1464882 -0.0614481 3.1074240 0.0453027 0.9575948 0.0101041 -0.2843550
134.077100 10.0243855 -0.0566804 2.9148068 0.0426328 0.9597312 0.0081060 -0.2775478
134.284500 9.9059820 -0.0517530 2.7194116 0.0407163 0.9616855 0.0092287 -0.2709575
134.491900 9.7885923 -0.0468715 2.5230870 0.0409543 0.9635764 0.0112888 -0.2640376
134.595600 9.7328625 -0.0441517 2.4252763 0.0395841 0.9644836 0.0098169 -0.2609754
134.803100 9.6203251 -0.0388315 2.2282760 0.0399965 0.9659748 0.0076951 -0.2554090
134.906900 9.5660334 -0.0364122 2.1278307 0.0399596 0.9664332 0.0085845 -0.2536464
135.114300 9.4566689 -0.0324606 1.9302869 0.0423215 0.9671254 0.0094728 -0.2505746
135.322000 9.3467188 -0.0284990 1.7300591 0.0424863 0.9677472 0.0069645 -0.2482174
135.529500 9.2377062 -0.0244798 1.5284431 0.0415926 0.9684818 0.0072549 -0.2454798
135.633100 9.1848927 -0.0228221 1.4276137 0.0411124 0.9687883 0.0080314 -0.2443247
135.840600 9.0784883 -0.0191166 1.2250428 0.0405470 0.9694463 0.0086736 -0.2417738
136.047800 8.9716272 -0.0152174 1.0219431 0.0424968 0.9700330 0.0078419 -0.2390991
136.255200 8.8657827 -0.0117378 0.8177927 0.0441182 0.9706092 0.0070422 -0.2364776
136.462700 8.7625809 -0.0087863 0.6122167 0.0409903 0.9711256 0.0070801 -0.2349142
136.670200 8.6594620 -0.0046633 0.4055691 0.0382282 0.9714887 0.0104771 -0.2337491
136.877700 8.5571327 0.0000411 0.2002959 0.0374179 0.9716721 0.0105836 -0.2331119
137.085100 8.4527531 0.0040379 -0.0049632 0.0385587 0.9718948 0.0102498 -0.2320100
137.292500 8.3520107 0.0081593 -0.2109606 0.0377504 0.9720477 0.0081523 -0.2315853
137.500000 8.2490625 0.0108835 -0.4175303 0.0369383 0.9723380 0.0084923 -0.2304829
137.603600 8.1984367 0.0132128 -0.5215807 0.0359033 0.9725156 0.0085512 -0.2298937
137.811000 8.0968428 0.0164232 -0.7277257 0.0364800 0.9729083 0.0085948 -0.2281331
138.018400 7.9954572 0.0200763 -0.9342234 0.0376031 0.9732205 0.0074669 -0.2266543
138.122100 7.9446211 0.0219877 -1.0381167 0.0383400 0.9733259 0.0061941 -0.2261157
138.225900 7.8941612 0.0232602 -1.1418066 0.0394219 0.9733247 0.0055244 -0.2259524
138.329600 7.8432102 0.0243416 -1.2455208 0.0392219 0.9732612 0.0057089 -0.2262557
138.433400 7.7927032 0.0264228 -1.3489232 0.0387554 0.9730403 0.0052746 -0.2272943
138.537100 7.7429819 0.0272255 -1.4520497 0.0377584 0.9725868 0.0059290 -0.2293777
138.744700 7.6398630 0.0299663 -1.6587722 0.0354620 0.9714352 0.0086389 -0.2344809
138.848500 7.5874648 0.0315149 -1.7616097 0.0350639 0.9706644 0.0099443 -0.2376598
139.056000 7.4792757 0.0361930 -1.9659207 0.0338024 0.9687228 0.0117624 -0.2455508
139.159700 7.4247613 0.0382015 -2.0671344 0.0324235 0.9675485 0.0112487 -0.2503437
139.367400 7.3124766 0.0422527 -2.2675505 0.0294127 0.9649820 0.0109750 -0.2604308
139.471100 7.2552538 0.0440649 -2.3666749 0.0284284 0.9635853 0.0115250 -0.2656357
139.678500 7.1354480 0.0487358 -2.5635843 0.0290698 0.9607234 0.0117129 -0.2757324
139.782200 7.0755181 0.0512138 -2.6608467 0.0298939 0.9590600 0.0113390 -0.2813925
139.989700 6.9490247 0.0566836 -2.8523483 0.0319649 0.9558675 0.0101862 -0.2918763
140.093500 6.8845987 0.0586103 -2.9476833 0.0324837 0.9539834 0.0100737 -0.2979245
140.300900 6.7513123 0.0630114 -3.1355286 0.0361857 0.9500999 0.0106850 -0.3096557
140.404600 6.6827116 0.0654831 -3.2278900 0.0383170 0.9481362 0.0109932 -0.3153550
140.612000 6.5432043 0.0714115 -3.4104505 0.0398338 0.9445197 0.0093217 -0.3258971
140.715600 6.4716778 0.0742668 -3.4998159 0.0401252 0.9430272 0.0080774 -0.3301885
140.923100 6.3271484 0.0796447 -3.6787996 0.0421293 0.9404368 0.0060474 -0.3372940
141.026700 6.2532067 0.0828986 -3.7665324 0.0449268 0.9392652 0.0053870 -0.3401963
141.130500 6.1788774 0.0856787 -3.8544612 0.0453877 0.9382892 0.0056058 -0.3428147
141.338000 6.0324764 0.0903080 -4.0299015 0.0460459 0.9358075 0.0046041 -0.3494609
141.441700 5.9561486 0.0927216 -4.1186919 0.0436273 0.9350012 0.0052392 -0.3519119
141.649100 5.8015046 0.0985450 -4.2953224 0.0448133 0.9330181 0.0066266 -0.3569665
141.856600 5.6428256 0.1052577 -4.4722500 0.0441433 0.9315920 0.0075944 -0.3607353
142.064000 5.4826279 0.1122532 -4.6480331 0.0422705 0.9301716 0.0084953 -0.3645844
142.271500 5.3191137 0.1197769 -4.8221302 0.0437647 0.9278135 0.0091501 -0.3703552
142.375400 5.2370825 0.1244443 -4.9087405 0.0430918 0.9262441 0.0084115 -0.3743584
142.582700 5.0654902 0.1310604 -5.0815105 0.0441401 0.9232118 0.0066595 -0.3816900
142.686500 4.9801197 0.1342010 -5.1674910 0.0445703 0.9222709 0.0067136 -0.3839073
142.893700 4.8084130 0.1418686 -5.3393502 0.0443086 0.9208963 0.0081360 -0.3871957
142.997500 4.7217383 0.1456362 -5.4248743 0.0440775 0.9205337 0.0089064 -0.3880665
143.204700 4.5490465 0.1540751 -5.5948348 0.0441421 0.9208406 0.0096912 -0.3873114
143.308500 4.4625859 0.1575321 -5.6804090 0.0434874 0.9213121 0.0104869 -0.3862420
143.412100 4.3772802 0.1615840 -5.7657418 0.0430849 0.9216619 0.0106740 -0.3854468
143.515900 4.2930408 0.1653521 -5.8501339 0.0407755 0.9221410 0.0094224 -0.3845836
143.619600 4.2085505 0.1687765 -5.9351010 0.0398558 0.9223338 0.0068202 -0.3842723
143.723300 4.1238160 0.1721202 -6.0199199 0.0398119 0.9225435 0.0053938 -0.3837961
143.930600 3.9527552 0.1778858 -6.1907449 0.0437510 0.9226985 0.0060629 -0.3829837
144.034400 3.8668666 0.1813221 -6.2766991 0.0448040 0.9227440 0.0064227 -0.3827464
144.138000 3.7814903 0.1847238 -6.3629608 0.0445764 0.9226626 0.0065544 -0.3829671
144.241700 3.6963103 0.1879738 -6.4487381 0.0439086 0.9226310 0.0057396 -0.3831334
144.345400 3.6110940 0.1910188 -6.5347905 0.0429796 0.9224566 0.0052492 -0.3836652
144.449100 3.5250182 0.1943513 -6.6212716 0.0422835 0.9223353 0.0058256 -0.3840259
144.552700 3.4384575 0.1974483 -6.7077303 0.0420723 0.9221292 0.0066436 -0.3845302
144.760200 3.2658577 0.2048723 -6.8811369 0.0416038 0.9215710 0.0084289 -0.3858820
144.864000 3.1774275 0.2082747 -6.9683304 0.0414397 0.9211525 0.0081439 -0.3869036
145.071600 2.9991965 0.2157022 -7.1429553 0.0410440 0.9200504 0.0071798 -0.3895781
145.279100 2.8225565 0.2225780 -7.3154144 0.0410005 0.9189391 0.0087329 -0.3921653
145.486600 2.6418371 0.2305824 -7.4884396 0.0403243 0.9181136 0.0100764 -0.3941317
145.694000 2.4605410 0.2391337 -7.6614647 0.0411832 0.9172838 0.0099951 -0.3959728
145.901400 2.2792337 0.2465298 -7.8325748 0.0419897 0.9167410 0.0084064 -0.3971801
146.108800 2.0965998 0.2546930 -8.0046701 0.0415305 0.9165168 0.0100763 -0.3977066
146.212500 2.0058229 0.2586819 -8.0906696 0.0401045 0.9165069 0.0110460 -0.3978500
146.419900 1.8218954 0.2671848 -8.2642117 0.0390575 0.9162716 0.0125036 -0.3984526
146.523500 1.7288506 0.2715480 -8.3505640 0.0412822 0.9162088 0.0124047 -0.3983760
146.627200 1.6384521 0.2752618 -8.4353857 0.0418605 0.9163746 0.0092559 -0.3980196
146.730900 1.5477457 0.2792945 -8.5208235 0.0401109 0.9165776 0.0054909 -0.3978021
146.834600 1.4572744 0.2822067 -8.6068573 0.0389945 0.9166296 0.0063080 -0.3977812
146.938400 1.3657818 0.2854733 -8.6933603 0.0389889 0.9167143 0.0088184 -0.3975386
147.042000 1.2737160 0.2894701 -8.7800207 0.0394433 0.9168808 0.0095154 -0.3970935
147.145700 1.1829731 0.2936289 -8.8662796 0.0405983 0.9168798 0.0085149 -0.3970022
147.249400 1.0914481 0.2973520 -8.9520473 0.0413904 0.9169326 0.0079937 -0.3968092
147.353100 1.0005333 0.3007155 -9.0380096 0.0424508 0.9168404 0.0075810 -0.3969182
147.560600 0.8177214 0.3073463 -9.2096958 0.0437097 0.9168651 0.0064017 -0.3967453
147.768000 0.6343837 0.3137443 -9.3823605 0.0441125 0.9172815 0.0071369 -0.3957244
147.975500 0.4538426 0.3212464 -9.5550575 0.0414995 0.9176437 0.0081435 -0.3951474
148.183000 0.2750711 0.3283070 -9.7276859 0.0398454 0.9178725 0.0101647 -0.3947392
148.286700 0.1860232 0.3326277 -9.8141251 0.0401229 0.9179381 0.0097448 -0.3945692
148.494100 0.0069976 0.3391507 -9.9854031 0.0395083 0.9183779 0.0083251 -0.3936392
148.597900 -0.0831237 0.3432427 -10.0714855 0.0385412 0.9186066 0.0076063 -0.3932159
148.805400 -0.2603416 0.3491040 -10.2424412 0.0373616 0.9189295 0.0081399 -0.3925639
149.012800 -0.4362397 0.3547585 -10.4139996 0.0369834 0.9191249 0.0095677 -0.3921099
149.116400 -0.5254145 0.3583564 -10.5002394 0.0383922 0.9190751 0.0094501 -0.3920941
149.220100 -0.6156096 0.3633195 -10.5867958 0.0348526 0.9194835 0.0100484 -0.3914517
149.323900 -0.7042184 0.3660410 -10.6730261 0.0341907 0.9194382 0.0092545 -0.3916359
149.427500 -0.7924252 0.3688599 -10.7595329 0.0311094 0.9196886 0.0097245 -0.3912933
149.634900 -0.9704251 0.3756097 -10.9335499 0.0315372 0.9197053 0.0126490 -0.3911363
149.738600 -1.0583944 0.3787789 -11.0192213 0.0315031 0.9199362 0.0115530 -0.3906295
149.842400 -1.1467819 0.3824566 -11.1051064 0.0319140 0.9199984 0.0102054 -0.3904873
149.946100 -1.2355390 0.3852081 -11.1917696 0.0310667 0.9200397 0.0115645 -0.3904205
150.049700 -1.3231568 0.3885139 -11.2778091 0.0304635 0.9200572 0.0121204 -0.3904097
150.153500 -1.4113832 0.3917225 -11.3642139 0.0297739 0.9201906 0.0115478 -0.3901657
150.257200 -1.4998770 0.3947141 -11.4503365 0.0302171 0.9202793 0.0104647 -0.3899530
150.361000 -1.5885310 0.3976561 -11.5366268 0.0307604 0.9203920 0.0095527 -0.3896679
150.464700 -1.6765194 0.4002932 -11.6224709 0.0320152 0.9204774 0.0096162 -0.3893635
150.568400 -1.7639794 0.4032553 -11.7089272 0.0316435 0.9206368 0.0105008 -0.3889939
150.672100 -1.8513942 0.4063126 -11.7942085 0.0317928 0.9208034 0.0102514 -0.3885939
150.775700 -1.9372349 0.4087399 -11.8804131 0.0301459 0.9209992 0.0107318 -0.3882480
150.879500 -2.0240211 0.4112491 -11.9666061 0.0290726 0.9211446 0.0098261 -0.3880088
151.086900 -2.1973915 0.4164344 -12.1395483 0.0261893 0.9212469 0.0098800 -0.3879698
151.190500 -2.2844009 0.4192672 -12.2261028 0.0244328 0.9213164 0.0101200 -0.3879131
151.398000 -2.4574895 0.4227721 -12.3959045 0.0241719 0.9215877 0.0094527 -0.3873015
151.605500 -2.6292071 0.4268284 -12.5667458 0.0234319 0.9217415 0.0072450 -0.3870284
151.813000 -2.7986379 0.4298558 -12.7354393 0.0226577 0.9218348 0.0066349 -0.3868632
152.020400 -2.9673820 0.4323130 -12.9050217 0.0172459 0.9218019 0.0047240 -0.3872488
152.227900 -3.1293082 0.4323146 -13.0674267 0.0130155 0.9217202 0.0056451 -0.3875959
152.435200 -3.2969108 0.4327250 -13.2341003 0.0128222 0.9220026 0.0076670 -0.3868954
152.642600 -3.4577613 0.4327216 -13.3934393 0.0125130 0.9229317 0.0049654 -0.3847284
152.849900 -3.6191039 0.4316126 -13.5548477 0.0166795 0.9238763 0.0000980 -0.3823276
153.057200 -3.7794127 0.4307191 -13.7148266 0.0230609 0.9252514 0.0005699 -0.3786527
153.264500 -3.9324102 0.4311332 -13.8754005 0.0219715 0.9266068 0.0026730 -0.3753798
153.472000 -4.0822372 0.4311889 -14.0360031 0.0201066 0.9277820 0.0002179 -0.3725805
153.783100 -4.2980275 0.4274663 -14.2637510 0.0201758 0.9293857 -0.0028844 -0.3685468
154.094200 -4.5037675 0.4235320 -14.4911423 0.0091273 0.9301969 0.0007790 -0.3669465
154.509300 -4.7540274 0.4186213 -14.7703323 -0.0073189 0.9308176 0.0047083 -0.3653804
154.820700 -4.9230776 0.4138561 -14.9582043 -0.0210368 0.9273464 0.0142909 -0.3733388
155.236600 -5.1316347 0.4083195 -15.1685600 -0.0379218 0.9157333 0.0172092 -0.3996226
155.653000 -5.3228025 0.4006602 -15.3319836 -0.0479250 0.8907174 0.0211021 -0.4515311
155.965500 -5.4612560 0.3956924 -15.4219303 0.0488170 -0.8623646 -0.0195469 0.5035495
156.382000 -5.6455331 0.3851860 -15.4964180 0.0377405 -0.8153637 -0.0175125 0.5774521
156.590200 -5.7399235 0.3828751 -15.5183268 0.0322686 -0.7837014 -0.0225584 0.6198887
156.902800 -5.8775330 0.3779271 -15.5274038 0.0208314 -0.7255265 -0.0264780 0.6873690
157.214900 -6.0107656 0.3752266 -15.5140772 0.0189760 -0.6623078 -0.0287378 0.7484400
157.526600 -6.1363068 0.3718682 -15.4779005 0.0187167 -0.5954856 -0.0275520 0.8026752
157.734500 -6.2169657 0.3697673 -15.4425087 0.0224109 -0.5486230 -0.0277542 0.8353085
157.942100 -6.2940998 0.3678444 -15.3963270 0.0235552 -0.5006591 -0.0273982 0.8648902
158.045900 -6.3317327 0.3669541 -15.3697414 0.0228077 -0.4757969 -0.0281754 0.8788079
158.149700 -6.3681631 0.3653223 -15.3407040 0.0209235 -0.4505529 -0.0283258 0.8920549
158.357400 -6.4376688 0.3620460 -15.2747431 0.0181697 -0.4006942 -0.0298017 0.9155468
158.564900 -6.5023007 0.3598051 -15.1997967 0.0197168 -0.3509993 -0.0303048 0.9356775
158.772400 -6.5608416 0.3563170 -15.1150656 0.0206621 -0.3026323 -0.0282769 0.9524637
158.979700 -6.6120486 0.3528957 -15.0211735 0.0207785 -0.2556725 -0.0250575 0.9662153
159.187100 -6.6566119 0.3480269 -14.9186134 0.0194366 -0.2104608 -0.0214458 0.9771737
159.394500 -6.6945982 0.3427831 -14.8103037 0.0192684 -0.1698047 -0.0196863 0.9850926
159.498100 -6.7105436 0.3402882 -14.7532139 0.0200601 -0.1523248 -0.0182319 0.9879587
159.705200 -6.7391958 0.3343337 -14.6354132 0.0222179 -0.1223741 -0.0140250 0.9921362
159.912500 -6.7638311 0.3278953 -14.5103350 0.0248245 -0.0987024 -0.0125989 0.9947276
160.119800 -6.7848601 0.3203041 -14.3808975 0.0245207 -0.0813727 -0.0093053 0.9963386
160.327000 -6.8041983 0.3128394 -14.2456465 0.0226973 -0.0708564 -0.0064432 0.9972075
160.534100 -6.8210173 0.3053851 -14.1068792 0.0194442 -0.0656850 -0.0023055 0.9976482
160.741500 -6.8397593 0.2987525 -13.9641190 0.0182068 -0.0637621 -0.0031958 0.9977939
160.948900 -6.8580337 0.2923223 -13.8175650 0.0182749 -0.0626883 -0.0015526 0.9978646
161.156400 -6.8773403 0.2862130 -13.6674614 0.0167996 -0.0610226 -0.0015097 0.9979938
161.467500 -6.9039807 0.2768418 -13.4355545 0.0157613 -0.0594363 0.0011291 0.9981070
161.675000 -6.9207454 0.2710463 -13.2756662 0.0130862 -0.0581796 0.0036810 0.9982136
161.882500 -6.9377456 0.2646960 -13.1163006 0.0113009 -0.0568591 0.0059201 0.9983007
162.089900 -6.9551935 0.2588826 -12.9581566 0.0107500 -0.0556632 0.0093925 0.9983475
162.297200 -6.9713373 0.2529799 -12.8032141 0.0064926 -0.0545321 0.0115432 0.9984242
162.504600 -6.9886894 0.2479368 -12.6508179 0.0044477 -0.0546642 0.0124750 0.9984170
162.712100 -7.0057974 0.2433543 -12.5028868 0.0060889 -0.0563460 0.0132095 0.9983053
162.919500 -7.0229297 0.2384494 -12.3586168 0.0085089 -0.0588091 0.0099718 0.9981832
163.127000 -7.0416298 0.2338357 -12.2159863 0.0036842 -0.0615838 0.0088287 0.9980561
163.334500 -7.0602369 0.2295747 -12.0768766 0.0010725 -0.0648040 0.0081066 0.9978645
163.542000 -7.0798965 0.2273221 -11.9410629 0.0021922 -0.0695114 0.0043274 0.9975694
163.749500 -7.1000690 0.2249090 -11.8079948 -0.0029871 -0.0755665 0.0054517 0.9971214
163.956900 -7.1228809 0.2235373 -11.6778431 -0.0009910 -0.0834109 0.0058831 0.9964974
164.164400 -7.1475091 0.2213892 -11.5486832 0.0031366 -0.0939269 0.0074507 0.9955463
164.371900 -7.1756825 0.2186258 -11.4180775 0.0011394 -0.1056223 0.0081688 0.9943721
164.579300 -7.2070904 0.2161691 -11.2867680 -0.0009206 -0.1168107 0.0088797 0.9931141
164.786700 -7.2414904 0.2138859 -11.1576166 0.0025558 -0.1280289 0.0077279 0.9917371
164.994400 -7.2797413 0.2111690 -11.0273476 0.0064358 -0.1378165 0.0094579 0.9903917
