0.000000 0.0000288 0.0000008 -0.0000377 0.0000006 -0.0000426 -0.0000027 1.0000000
0.519499 -0.0031675 -0.0005230 0.0440897 0.0016284 -0.0217416 -0.0010270 0.9997618
0.623377 -0.0052486 -0.0003614 0.0550268 0.0021711 -0.0284598 -0.0009836 0.9995921
0.830874 -0.0095553 -0.0007246 0.0803471 0.0020515 -0.0461297 -0.0002759 0.9989333
0.934622 -0.0126886 -0.0006750 0.0945334 0.0022284 -0.0561626 0.0002563 0.9984191
1.453253 -0.0402896 -0.0028199 0.1708654 0.0051254 -0.1208249 -0.0058307 0.9926435
1.660772 -0.0561447 -0.0035887 0.2046256 0.0047519 -0.1530752 -0.0077910 0.9881724
1.868002 -0.0747208 -0.0037760 0.2371990 0.0048322 -0.1879952 -0.0103057 0.9821040
2.490144 -0.1504970 -0.0053172 0.3322819 0.0025554 -0.3120522 -0.0112851 0.9499945
2.800890 -0.2073341 -0.0061338 0.3772877 0.0009459 -0.3893287 -0.0103878 0.9210398
3.008248 -0.2536914 -0.0055796 0.4062113 -0.0011118 -0.4419174 -0.0074950 0.8970237
3.112001 -0.2791050 -0.0054861 0.4187365 -0.0027884 -0.4683674 -0.0069908 0.8835018
3.319374 -0.3363150 -0.0046334 0.4421034 -0.0047764 -0.5210904 -0.0069579 0.8534598
3.423126 -0.3672025 -0.0046216 0.4510844 -0.0064065 -0.5466017 -0.0072874 0.8373365
3.526893 -0.3998697 -0.0039569 0.4585727 -0.0069448 -0.5713522 -0.0079210 0.8206373
3.734395 -0.4704529 -0.0034552 0.4706857 -0.0111545 -0.6171274 -0.0076956 0.7867466
3.838251 -0.5081345 -0.0034441 0.4747319 -0.0120459 -0.6375080 -0.0072519 0.7703155
4.046284 -0.5903563 -0.0017791 0.4769670 -0.0106448 -0.6718659 -0.0090854 0.7405405
4.254380 -0.6778520 0.0004376 0.4748533 -0.0084204 -0.6982735 -0.0081199 0.7157355
4.462646 -0.7712596 0.0014076 0.4683620 -0.0066544 -0.7186781 -0.0066880 0.6952789
4.775500 -0.9229235 0.0042595 0.4538637 -0.0058084 -0.7359522 -0.0055236 0.6769860
4.879959 -0.9759349 0.0051283 0.4477120 -0.0056413 -0.7391440 -0.0064215 0.6734932
4.984250 -1.0305923 0.0056613 0.4409732 -0.0051844 -0.7414213 -0.0077489 0.6709750
5.088502 -1.0858963 0.0061939 0.4346189 -0.0056657 -0.7428977 -0.0080599 0.6693324
5.297154 -1.2021174 0.0086035 0.4219328 -0.0079895 -0.7430152 -0.0074425 0.6691855
5.401501 -1.2627815 0.0091683 0.4148251 -0.0084524 -0.7424274 -0.0086634 0.6698171
5.610008 -1.3867698 0.0104842 0.4015967 -0.0063164 -0.7413515 -0.0091959 0.6710242
5.818377 -1.5171750 0.0132325 0.3888607 -0.0072497 -0.7403466 -0.0098809 0.6721136
6.026772 -1.6534050 0.0147164 0.3750006 -0.0084667 -0.7390508 -0.0127755 0.6734753
6.235023 -1.7936484 0.0171539 0.3609986 -0.0057244 -0.7378050 -0.0130340 0.6748638
6.443143 -1.9387422 0.0201605 0.3477007 -0.0069689 -0.7367600 -0.0128723 0.6759959
6.651280 -2.0871913 0.0222671 0.3346738 -0.0093457 -0.7358953 -0.0132286 0.6769016
6.859377 -2.2371781 0.0242450 0.3220456 -0.0059517 -0.7357044 -0.0082962 0.6772258
7.067377 -2.3904464 0.0259955 0.3092430 -0.0061711 -0.7359882 -0.0052350 0.6769460
7.275272 -2.5465679 0.0271904 0.2953557 -0.0107134 -0.7360908 -0.0111370 0.6767064
7.483251 -2.7024176 0.0290394 0.2803971 -0.0113899 -0.7362025 -0.0146973 0.6765057
7.691129 -2.8563857 0.0320302 0.2664324 -0.0091470 -0.7364817 -0.0123464 0.6762829
7.899003 -3.0107031 0.0337616 0.2520941 -0.0095673 -0.7364332 -0.0147251 0.6762823
8.107005 -3.1641839 0.0361449 0.2380813 -0.0068406 -0.7363024 -0.0126239 0.6765003
8.315006 -3.3172085 0.0377054 0.2243696 -0.0052580 -0.7360687 -0.0119619 0.6767808
8.522877 -3.4708521 0.0387668 0.2111383 -0.0082400 -0.7357374 -0.0142616 0.6770666
8.730751 -3.6246011 0.0416321 0.1982027 -0.0112218 -0.7355542 -0.0172830 0.6771525
8.938756 -3.7768543 0.0451355 0.1853437 -0.0099673 -0.7355044 -0.0152804 0.6772742
9.146631 -3.9292510 0.0470839 0.1707582 -0.0059248 -0.7352496 -0.0147112 0.6776109
9.458529 -4.1558495 0.0496574 0.1514728 -0.0039915 -0.7362055 -0.0110879 0.6766555
9.770380 -4.3819194 0.0511675 0.1309179 -0.0092199 -0.7376286 -0.0115906 0.6750442
9.978133 -4.5311317 0.0530022 0.1165720 -0.0108342 -0.7387299 -0.0119116 0.6738092
10.186010 -4.6776376 0.0544125 0.1003919 -0.0055407 -0.7394894 -0.0120701 0.6730372
10.393880 -4.8230915 0.0559520 0.0847291 -0.0035751 -0.7402875 -0.0138887 0.6721374
10.601750 -4.9674025 0.0568758 0.0698305 -0.0032428 -0.7409185 -0.0151563 0.6714161
10.809650 -5.1092639 0.0590494 0.0557035 -0.0041917 -0.7414132 -0.0151332 0.6708651
11.017510 -5.2509031 0.0608392 0.0410264 -0.0067686 -0.7415438 -0.0175565 0.6706405
11.225380 -5.3895202 0.0626307 0.0263889 -0.0074946 -0.7419129 -0.0183161 0.6702041
11.537150 -5.5891662 0.0658313 0.0056475 -0.0049355 -0.7422194 -0.0146511 0.6699786
11.849140 -5.7787123 0.0672618 -0.0140417 -0.0031807 -0.7396357 -0.0149034 0.6728349
12.161380 -5.9554658 0.0682934 -0.0278515 -0.0047698 -0.7323413 -0.0162387 0.6807274
12.473910 -6.1188660 0.0703376 -0.0355937 -0.0040101 -0.7166623 -0.0197246 0.6971298
12.786780 -6.2655935 0.0724648 -0.0284741 -0.0048174 -0.6894436 -0.0186882 0.7240822
13.099880 -6.3930883 0.0733610 -0.0084794 -0.0059830 -0.6470597 -0.0171761 0.7622223
13.413260 -6.5079007 0.0733927 0.0308827 -0.0095568 -0.5892125 -0.0109475 0.8078474
13.622130 -6.5792260 0.0741756 0.0683761 -0.0105666 -0.5437098 -0.0043404 0.8391955
13.830760 -6.6462541 0.0754002 0.1123347 -0.0114301 -0.4959203 -0.0033135 0.8682865
14.039380 -6.7074175 0.0764930 0.1654732 -0.0167634 -0.4488852 0.0051341 0.8934174
14.247880 -6.7624521 0.0766980 0.2225783 -0.0118931 -0.3995190 0.0072356 0.9166192
14.352150 -6.7878556 0.0774712 0.2535176 -0.0058305 -0.3733349 0.0084048 0.9276403
14.456380 -6.8129416 0.0777102 0.2870140 -0.0010359 -0.3459836 0.0076445 0.9382088
14.560630 -6.8371930 0.0773588 0.3235168 0.0006145 -0.3179272 0.0074425 0.9480857
14.769010 -6.8831701 0.0764592 0.4055414 0.0031427 -0.2616046 0.0063589 0.9651490
14.977150 -6.9232807 0.0741231 0.4975402 0.0027245 -0.2112063 0.0023573 0.9774349
15.081160 -6.9422665 0.0733110 0.5469673 0.0039203 -0.1890240 -0.0001826 0.9819646
15.288760 -6.9762506 0.0720734 0.6542535 0.0025372 -0.1542400 -0.0024941 0.9880270
15.496190 -7.0073385 0.0709243 0.7714180 0.0006445 -0.1306996 -0.0020506 0.9914197
15.703610 -7.0369058 0.0698940 0.8956658 -0.0011082 -0.1135828 -0.0056481 0.9935119
16.014760 -7.0759797 0.0679966 1.0942141 -0.0015468 -0.0934133 -0.0067941 0.9956030
16.118550 -7.0878220 0.0678504 1.1637968 -0.0018407 -0.0860627 -0.0069797 0.9962636
16.326140 -7.1101546 0.0665115 1.3070259 -0.0007127 -0.0723882 -0.0082769 0.9973419
16.533760 -7.1293292 0.0645267 1.4545591 0.0048625 -0.0619808 -0.0081458 0.9980323
16.741260 -7.1473269 0.0631629 1.6092045 0.0019872 -0.0546405 -0.0086131 0.9984670
16.948890 -7.1650138 0.0603473 1.7648780 -0.0040279 -0.0499165 -0.0109625 0.9986851
17.156420 -7.1802597 0.0590469 1.9190555 -0.0030290 -0.0466596 -0.0102918 0.9988532
17.364000 -7.1946039 0.0572893 2.0737503 -0.0055143 -0.0439569 -0.0087323 0.9989800
17.571660 -7.2080603 0.0565441 2.2272415 -0.0045137 -0.0410174 -0.0070650 0.9991233
17.779390 -7.2212830 0.0547034 2.3793194 0.0030382 -0.0394298 -0.0091505 0.9991758
17.987010 -7.2336822 0.0511508 2.5307903 0.0041335 -0.0376424 -0.0102673 0.9992300
18.194760 -7.2460737 0.0482700 2.6829033 -0.0002776 -0.0353687 -0.0133431 0.9992852
18.402390 -7.2570648 0.0460530 2.8363080 -0.0011889 -0.0333572 -0.0112383 0.9993796
18.610130 -7.2666707 0.0433636 2.9876356 -0.0003402 -0.0324509 -0.0096456 0.9994267
18.817760 -7.2762828 0.0413677 3.1401308 0.0002274 -0.0317191 -0.0082047 0.9994631
19.025510 -7.2866783 0.0393568 3.2952604 0.0001692 -0.0313595 -0.0098758 0.9994594
19.233260 -7.2977986 0.0369864 3.4504991 -0.0001321 -0.0330532 -0.0087859 0.9994150
19.440890 -7.3103018 0.0351117 3.6087079 0.0002973 -0.0361836 -0.0113757 0.9992804
19.648510 -7.3244543 0.0327117 3.7685030 0.0044673 -0.0385894 -0.0124046 0.9991682
19.856260 -7.3392205 0.0292764 3.9312761 0.0044824 -0.0405456 -0.0119801 0.9990958
20.064010 -7.3534837 0.0260309 4.0958567 0.0031955 -0.0425403 -0.0107719 0.9990316
20.271890 -7.3687882 0.0240471 4.2653399 -0.0009413 -0.0436436 -0.0100216 0.9989964
20.479750 -7.3841434 0.0217367 4.4358468 -0.0020816 -0.0423884 -0.0116450 0.9990312
20.687510 -7.3983183 0.0199665 4.6071553 -0.0002902 -0.0406961 -0.0105293 0.9991161
20.895390 -7.4117074 0.0178813 4.7799902 0.0005802 -0.0389441 -0.0078854 0.9992101
21.103270 -7.4245563 0.0158131 4.9553218 -0.0019023 -0.0381771 -0.0055212 0.9992539
21.311120 -7.4383411 0.0132897 5.1282759 -0.0003245 -0.0372494 -0.0060153 0.9992878
21.519010 -7.4518704 0.0099002 5.2970505 0.0053799 -0.0365007 -0.0081595 0.9992858
21.726890 -7.4653196 0.0049476 5.4663491 0.0086369 -0.0356662 -0.0105488 0.9992707
21.934640 -7.4777222 0.0007374 5.6363349 0.0011792 -0.0358273 -0.0084204 0.9993218
22.142620 -7.4891324 -0.0022063 5.8033004 -0.0015102 -0.0379816 -0.0067141 0.9992548
22.350390 -7.5006542 -0.0057672 5.9676056 0.0006582 -0.0406647 -0.0036273 0.9991661
22.558370 -7.5159435 -0.0089070 6.1292028 0.0037496 -0.0435982 -0.0054191 0.9990274
22.766140 -7.5308895 -0.0131000 6.2890558 0.0075782 -0.0473610 -0.0068338 0.9988257
22.974020 -7.5486436 -0.0178614 6.4482403 0.0069260 -0.0508606 -0.0110253 0.9986209
23.181990 -7.5663199 -0.0214727 6.6041980 0.0013741 -0.0548401 -0.0126740 0.9984137
23.389770 -7.5852637 -0.0227898 6.7560763 -0.0005325 -0.0607291 -0.0128355 0.9980716
23.597640 -7.6057405 -0.0257125 6.9042706 -0.0024450 -0.0670464 -0.0115968 0.9976795
23.805540 -7.6292801 -0.0272918 7.0513630 0.0001852 -0.0729462 -0.0148829 0.9972248
24.013390 -7.6519828 -0.0292133 7.1959248 0.0024448 -0.0788675 -0.0150740 0.9967681
24.221270 -7.6771684 -0.0309952 7.3410320 -0.0019569 -0.0844663 -0.0160828 0.9962946
24.429140 -7.7035036 -0.0331892 7.4827995 -0.0012224 -0.0911508 -0.0149420 0.9957243
24.636890 -7.7314100 -0.0348695 7.6209421 0.0032203 -0.1001336 -0.0127999 0.9948865
24.844640 -7.7620764 -0.0364997 7.7586908 -0.0011211 -0.1114243 -0.0121932 0.9936975
25.052390 -7.7966752 -0.0377269 7.8952341 -0.0065533 -0.1232577 -0.0127517 0.9922711
25.364010 -7.8542266 -0.0390862 8.0923824 0.0031941 -0.1415683 -0.0139744 0.9898247
25.571790 -7.8965416 -0.0402029 8.2255106 -0.0029186 -0.1538471 -0.0131433 0.9880030
25.779520 -7.9423041 -0.0413038 8.3570080 -0.0048613 -0.1666441 -0.0114668 0.9859384
26.091270 -8.0149994 -0.0433155 8.5497475 0.0033629 -0.1813425 -0.0078677 0.9833828
26.299290 -8.0677633 -0.0453881 8.6787453 0.0050118 -0.1892816 -0.0106332 0.9818525
26.611020 -8.1501083 -0.0478190 8.8726692 -0.0036058 -0.2012775 -0.0103465 0.9794730
26.818890 -8.2097559 -0.0491718 8.9999046 -0.0037439 -0.2073527 -0.0188432 0.9780776
27.026890 -8.2671223 -0.0494555 9.1260290 0.0032313 -0.2130734 -0.0144343 0.9769242
27.234770 -8.3285904 -0.0511472 9.2529125 0.0016023 -0.2174232 -0.0177535 0.9759147
27.546520 -8.4215755 -0.0542365 9.4424086 0.0033817 -0.2256523 -0.0166959 0.9740589
27.754390 -8.4851446 -0.0561269 9.5674067 0.0076371 -0.2308546 -0.0166023 0.9728166
28.066150 -8.5833454 -0.0604144 9.7542849 0.0044637 -0.2377679 -0.0187810 0.9711301
28.274040 -8.6491919 -0.0630979 9.8772335 0.0047575 -0.2424912 -0.0169152 0.9699945
28.481890 -8.7164516 -0.0651068 9.9988499 0.0045356 -0.2470500 -0.0174945 0.9688342
28.689660 -8.7835045 -0.0677052 10.1176796 0.0065762 -0.2518445 -0.0169135 0.9675975
28.897520 -8.8501034 -0.0707135 10.2345133 0.0098774 -0.2564582 -0.0151808 0.9663856
29.105390 -8.9177895 -0.0737310 10.3500814 0.0037560 -0.2601044 -0.0165743 0.9654309
29.313270 -8.9839535 -0.0757574 10.4621096 -0.0039109 -0.2630714 -0.0152273 0.9646482
29.521140 -9.0480137 -0.0763968 10.5689993 -0.0021832 -0.2664336 -0.0131512 0.9637611
29.729040 -9.1101456 -0.0775442 10.6703291 -0.0004453 -0.2694055 -0.0117195 0.9629554
29.936770 -9.1692924 -0.0786842 10.7661276 -0.0009272 -0.2719663 -0.0107865 0.9622459
30.144650 -9.2241421 -0.0797965 10.8548670 -0.0021075 -0.2744842 -0.0095985 0.9615414
30.456270 -9.2992201 -0.0810418 10.9734478 0.0001536 -0.2780486 -0.0086655 0.9605279
30.767900 -9.3658810 -0.0829434 11.0766001 0.0018214 -0.2838553 -0.0038229 0.9588578
31.079540 -9.4273920 -0.0848234 11.1641140 -0.0007581 -0.2930886 -0.0086834 0.9560456
31.390900 -9.4815645 -0.0850880 11.2389240 -0.0066254 -0.3046876 -0.0089445 0.9523873
31.598390 -9.5131807 -0.0855937 11.2805014 -0.0086265 -0.3172956 -0.0064568 0.9482654
31.909520 -9.5587187 -0.0864264 11.3302994 -0.0073318 -0.3447599 -0.0071241 0.9386352
32.220650 -9.6007309 -0.0864304 11.3694210 0.0003530 -0.3763841 -0.0068867 0.9264380
32.428170 -9.6311550 -0.0862178 11.3917074 0.0032605 -0.3974933 -0.0112707 0.9175301
32.739270 -9.6772442 -0.0857853 11.4250755 -0.0001178 -0.4342042 -0.0097323 0.9007619
33.050400 -9.7278223 -0.0855389 11.4516048 -0.0023776 -0.4746343 -0.0154918 0.8800435
33.257770 -9.7622499 -0.0861531 11.4658546 -0.0028358 -0.5013744 -0.0200971 0.8649924
33.465270 -9.7978754 -0.0866625 11.4788952 -0.0036745 -0.5293638 -0.0215792 0.8481125
33.672790 -9.8380003 -0.0865081 11.4899921 -0.0008276 -0.5599111 -0.0195873 0.8283207
33.880040 -9.8859940 -0.0851876 11.5001154 -0.0000388 -0.5948643 -0.0187288 0.8036079
34.191020 -9.9701509 -0.0830442 11.5081167 0.0007253 -0.6511082 -0.0164262 0.7588068
34.398420 -10.0327692 -0.0825108 11.5051498 -0.0010813 -0.6889083 -0.0169386 0.7246497
34.605900 -10.1018744 -0.0802312 11.4979105 -0.0049300 -0.7269652 -0.0165939 0.6864560
34.813400 -10.1743784 -0.0775634 11.4815121 -0.0080213 -0.7626647 -0.0159440 0.6465478
35.021020 -10.2540073 -0.0741005 11.4565878 -0.0101977 -0.7951782 -0.0154267 0.6060937
35.228670 -10.3357677 -0.0705479 11.4213781 -0.0137597 -0.8244316 -0.0130550 0.5656437
35.436400 -10.4223804 -0.0680254 11.3760090 -0.0173281 -0.8501105 -0.0112670 0.5261985
35.644400 -10.5124893 -0.0648661 11.3182430 0.0186412 0.8710127 0.0106283 -0.4907915
35.957050 -10.6564369 -0.0595491 11.2129784 0.0168780 0.8904122 0.0107520 -0.4547150
36.165670 -10.7600985 -0.0556990 11.1320171 0.0170723 0.8973750 0.0110647 -0.4407995
36.374170 -10.8679438 -0.0524645 11.0447884 0.0184492 0.9021736 0.0114290 -0.4308269
36.478420 -10.9240799 -0.0505741 10.9975338 0.0181103 0.9038998 0.0118899 -0.4271951
36.686900 -11.0385818 -0.0462861 10.8998842 0.0181957 0.9065491 0.0122780 -0.4215292
36.895150 -11.1597128 -0.0418219 10.7976522 0.0193940 0.9081990 0.0122521 -0.4179096
37.103550 -11.2838278 -0.0370018 10.6897678 0.0196099 0.9085919 0.0118973 -0.4170549
37.311780 -11.4144812 -0.0325807 10.5767288 0.0196854 0.9089782 0.0109047 -0.4162359
37.520030 -11.5489454 -0.0273615 10.4592867 0.0199121 0.9093094 0.0125579 -0.4154543
37.728150 -11.6869259 -0.0226936 10.3393164 0.0199930 0.9097711 0.0136565 -0.4144035
37.936280 -11.8278952 -0.0178425 10.2150087 0.0203073 0.9100987 0.0117536 -0.4137267
38.144280 -11.9734182 -0.0123275 10.0870113 0.0219765 0.9104507 0.0104047 -0.4129023
38.352280 -12.1225452 -0.0082248 9.9556084 0.0205141 0.9111501 0.0073372 -0.4114983
38.560150 -12.2748814 -0.0044802 9.8197327 0.0178774 0.9114087 0.0062261 -0.4110667
38.768150 -12.4306479 -0.0013138 9.6809826 0.0177165 0.9113561 0.0087724 -0.4111438
38.976020 -12.5872059 0.0021132 9.5419922 0.0196679 0.9114252 0.0103867 -0.4108642
39.183930 -12.7430744 0.0059924 9.4033060 0.0204817 0.9114916 0.0107021 -0.4106689
39.391750 -12.8997917 0.0104134 9.2637138 0.0200120 0.9116407 0.0115925 -0.4103369
39.599580 -13.0564137 0.0153989 9.1242371 0.0206455 0.9117599 0.0126687 -0.4100087
39.807870 -13.2124357 0.0200443 8.9854097 0.0207993 0.9121251 0.0118381 -0.4092127
40.015280 -13.3679609 0.0242336 8.8458881 0.0211003 0.9126675 0.0114446 -0.4079975
40.223030 -13.5214243 0.0290036 8.7064352 0.0208006 0.9130480 0.0109753 -0.4071736
40.430770 -13.6743097 0.0332267 8.5678501 0.0197677 0.9132965 0.0107674 -0.4066729
40.638670 -13.8253784 0.0365424 8.4296484 0.0175834 0.9130328 0.0119592 -0.4073314
40.846410 -13.9772053 0.0403074 8.2923164 0.0159587 0.9125093 0.0111715 -0.4085919
41.054600 -14.1296673 0.0440622 8.1573849 0.0176536 0.9119086 0.0115669 -0.4098503
41.262460 -14.2835970 0.0491606 8.0211811 0.0223767 0.9112719 0.0157587 -0.4108946
41.469820 -14.4360151 0.0548030 7.8865576 0.0220256 0.9111817 0.0143986 -0.4111634
41.677410 -14.5864286 0.0601263 7.7529821 0.0211574 0.9111802 0.0122205 -0.4112830
41.885060 -14.7376156 0.0645199 7.6193953 0.0222690 0.9112777 0.0142419 -0.4109431
42.092740 -14.8892555 0.0696920 7.4841757 0.0221299 0.9116339 0.0124971 -0.4102167
42.300170 -15.0385857 0.0746015 7.3512502 0.0231306 0.9119652 0.0150327 -0.4093392
42.507790 -15.1863785 0.0802356 7.2192941 0.0245171 0.9121951 0.0162456 -0.4086992
42.715290 -15.3317432 0.0863447 7.0896854 0.0245314 0.9126034 0.0142882 -0.4078591
42.922920 -15.4767857 0.0919010 6.9586577 0.0222914 0.9125022 0.0143966 -0.4082102
43.130550 -15.6202908 0.0972071 6.8287878 0.0209190 0.9121950 0.0147059 -0.4089577
43.338330 -15.7640686 0.1024826 6.7002835 0.0209698 0.9119050 0.0149916 -0.4095910
43.545910 -15.9059734 0.1065299 6.5728559 0.0196525 0.9116777 0.0142895 -0.4101871
43.753650 -16.0482082 0.1118079 6.4483132 0.0220085 0.9114410 0.0137884 -0.4106103
43.961280 -16.1879158 0.1163577 6.3253140 0.0218228 0.9113702 0.0125807 -0.4108162
44.169050 -16.3241272 0.1209217 6.2054930 0.0216498 0.9111003 0.0091764 -0.4115134
44.376660 -16.4573174 0.1231910 6.0873017 0.0206751 0.9108887 0.0109696 -0.4119878
44.584310 -16.5868912 0.1265872 5.9736500 0.0200190 0.9109698 0.0107157 -0.4118476
44.792180 -16.7124653 0.1294103 5.8640876 0.0199554 0.9110395 0.0106113 -0.4116991
44.999710 -16.8331985 0.1321135 5.7568474 0.0193036 0.9110504 0.0109386 -0.4116977
45.207330 -16.9521179 0.1347362 5.6513724 0.0201532 0.9110851 0.0121467 -0.4115463
45.415240 -17.0690937 0.1380845 5.5494862 0.0213824 0.9112211 0.0136851 -0.4111345
45.622980 -17.1807232 0.1416108 5.4513907 0.0236832 0.9114636 0.0137648 -0.4104677
45.831090 -17.2874432 0.1448968 5.3568769 0.0240223 0.9119116 0.0137469 -0.4094522
46.142050 -17.4360580 0.1495392 5.2226014 0.0265273 0.9136546 0.0110045 -0.4054755
46.453430 -17.5740185 0.1533598 5.0921316 0.0302709 0.9194738 0.0091909 -0.3918765
46.764550 -17.6977482 0.1567034 4.9625454 0.0344393 0.9289575 0.0077361 -0.3684998
47.179170 -17.8331299 0.1607741 4.7869825 0.0347075 0.9477689 0.0091923 -0.3169304
47.490160 -17.9103012 0.1636779 4.6525664 0.0331167 0.9642411 0.0113886 -0.2627024
47.801160 -17.9611397 0.1648010 4.5195494 0.0214486 0.9804941 0.0122992 -0.1949873
48.112290 -17.9917908 0.1637133 4.3839149 0.0133803 0.9922152 0.0101349 -0.1233989
48.319780 -18.0031338 0.1652909 4.2906766 0.0129833 0.9971986 0.0107750 -0.0728713
48.527420 -18.0021744 0.1657688 4.1969924 0.0045110 0.9996324 0.0155536 -0.0217455
48.734910 -17.9931335 0.1672134 4.1048284 0.0054916 0.9993885 0.0169431 0.0300899
48.838780 -17.9862347 0.1678878 4.0597520 0.0095914 0.9982527 0.0161921 0.0560114
48.942530 -17.9763145 0.1674919 4.0157261 0.0119375 0.9964789 0.0153275 0.0815624
49.046410 -17.9640484 0.1675760 3.9725726 0.0126867 0.9940860 0.0145842 0.1068613
49.150280 -17.9491138 0.1685420 3.9303284 0.0123577 0.9911205 0.0130425 0.1317470
49.254030 -17.9329910 0.1692720 3.8895669 0.0133591 0.9874058 0.0123684 0.1571568
49.461780 -17.8945789 0.1710302 3.8071179 0.0172147 0.9783967 0.0119835 0.2056694
49.565780 -17.8706970 0.1708378 3.7677855 0.0150641 0.9735743 0.0125931 0.2275250
49.773780 -17.8199348 0.1709125 3.6882000 0.0145536 0.9635577 0.0168491 0.2665725
49.982180 -17.7630196 0.1714445 3.6100578 0.0161439 0.9545975 0.0189146 0.2968588
50.190690 -17.7015057 0.1723951 3.5328121 0.0148406 0.9472991 0.0187953 0.3194543
50.399300 -17.6353226 0.1728831 3.4541903 0.0137627 0.9423240 0.0179054 0.3339393
50.608030 -17.5658741 0.1736855 3.3736696 0.0122147 0.9390029 0.0157139 0.3433329
50.816730 -17.4929924 0.1756255 3.2910466 0.0136396 0.9368518 0.0149889 0.3491389
51.025280 -17.4167519 0.1760012 3.2051191 0.0142868 0.9354857 0.0142850 0.3527866
51.233800 -17.3356171 0.1762799 3.1168056 0.0110658 0.9347919 0.0125666 0.3548010
51.442160 -17.2517071 0.1777119 3.0205774 0.0145001 0.9346123 0.0143229 0.3550838
51.650530 -17.1636028 0.1775759 2.9222698 0.0133396 0.9348723 0.0112900 0.3545538
51.858780 -17.0711632 0.1778780 2.8193107 0.0144627 0.9350801 0.0058545 0.3540931
52.066910 -16.9730072 0.1775608 2.7087626 0.0143344 0.9352857 0.0069476 0.3535348
52.275030 -16.8693542 0.1766478 2.5932274 0.0093529 0.9352762 0.0071960 0.3537221
52.483160 -16.7623100 0.1767453 2.4729953 0.0081790 0.9351709 0.0091913 0.3539832
52.691180 -16.6492577 0.1774359 2.3463287 0.0060189 0.9352500 0.0117293 0.3537422
53.003160 -16.4754448 0.1785805 2.1500921 0.0070414 0.9348865 0.0096323 0.3547462
53.211180 -16.3546753 0.1798173 2.0134048 0.0083110 0.9349455 0.0142404 0.3544080
53.523150 -16.1673393 0.1813452 1.8026733 0.0135989 0.9348648 0.0116634 0.3545516
53.731040 -16.0396805 0.1816466 1.6576343 0.0138401 0.9350460 0.0100677 0.3541131
53.938910 -15.9091959 0.1808506 1.5105457 0.0120535 0.9351946 0.0126324 0.3537037
54.146780 -15.7799301 0.1814035 1.3637290 0.0145612 0.9352962 0.0156173 0.3532210
54.354660 -15.6529026 0.1815680 1.2164793 0.0185268 0.9352204 0.0196413 0.3530352
54.562530 -15.5246315 0.1836719 1.0704136 0.0196208 0.9350912 0.0259498 0.3529108
54.770420 -15.3981552 0.1856698 0.9263835 0.0213523 0.9352974 0.0216915 0.3525511
54.978530 -15.2732353 0.1865219 0.7853622 0.0235768 0.9357238 0.0163875 0.3515630
55.185920 -15.1488590 0.1864055 0.6436396 0.0229486 0.9359655 0.0188392 0.3508375
55.393730 -15.0248451 0.1860924 0.4990082 0.0214431 0.9366330 0.0192857 0.3491231
55.601700 -14.9041443 0.1863410 0.3587823 0.0189147 0.9393838 0.0188092 0.3418281
55.809690 -14.7915096 0.1866990 0.2182050 0.0196159 0.9437609 0.0192845 0.3294825
56.122050 -14.6312695 0.1907052 -0.0083332 0.0227699 0.9534029 0.0238731 0.2998908
56.434670 -14.4925489 0.1965688 -0.2451611 0.0269360 0.9660833 0.0255411 0.2555487
56.747290 -14.3799505 0.2022949 -0.4885211 0.0321292 0.9775060 0.0164042 0.2077993
56.955550 -14.3149204 0.2020975 -0.6532316 0.0282738 0.9839868 0.0122888 0.1755549
57.267470 -14.2391005 0.2007151 -0.9057875 0.0295343 0.9899932 0.0106939 0.1375747
57.475150 -14.1959581 0.2021842 -1.0822945 0.0273913 0.9924498 0.0138378 0.1187504
57.682930 -14.1583319 0.2048052 -1.2620881 0.0272649 0.9944412 0.0145964 0.1006492
57.994890 -14.1117849 0.2071485 -1.5354668 0.0314676 0.9961897 0.0130251 0.0802888
58.201850 -14.0852346 0.2101271 -1.7246158 0.0352344 0.9962794 0.0224640 0.0753743
58.409230 -14.0562658 0.2151333 -1.9150040 0.0327538 0.9964722 0.0210089 0.0743564
58.720450 -14.0084772 0.2205035 -2.2061775 0.0235067 0.9968746 0.0173109 0.0734086
58.927820 -13.9790974 0.2248178 -2.4055939 0.0212927 0.9968228 0.0190560 0.0743485
59.135420 -13.9480677 0.2298314 -2.6085138 0.0200673 0.9967625 0.0184186 0.0756486
59.343070 -13.9163847 0.2338993 -2.8131790 0.0185760 0.9967549 0.0164055 0.0765858
59.550680 -13.8842230 0.2375142 -3.0202956 0.0159825 0.9968536 0.0157363 0.0760257
59.758420 -13.8516607 0.2401541 -3.2245333 0.0149154 0.9969943 0.0162784 0.0742632
59.965990 -13.8233624 0.2426467 -3.4248400 0.0148025 0.9970251 0.0173809 0.0736185
60.173450 -13.7937489 0.2460747 -3.6243720 0.0140498 0.9970517 0.0191690 0.0729600
60.381050 -13.7636051 0.2491518 -3.8231711 0.0137268 0.9971473 0.0172366 0.0721931
60.588540 -13.7334099 0.2507666 -4.0197978 0.0134985 0.9972127 0.0169036 0.0714061
60.797000 -13.7038593 0.2534974 -4.2155538 0.0128236 0.9973434 0.0180708 0.0693920
61.003920 -13.6746426 0.2558255 -4.4056640 0.0119632 0.9975749 0.0176685 0.0662504
61.107700 -13.6632729 0.2571013 -4.4975491 0.0116646 0.9976770 0.0171911 0.0648771
61.315290 -13.6399593 0.2602680 -4.6785555 0.0113986 0.9978314 0.0186867 0.0620756
61.626790 -13.6095695 0.2652694 -4.9456544 0.0122686 0.9980091 0.0190887 0.0588457
61.834510 -13.5894079 0.2680697 -5.1193376 0.0123235 0.9981032 0.0187343 0.0573339
62.145930 -13.5614538 0.2724546 -5.3752608 0.0111754 0.9982029 0.0160370 0.0566473
62.353660 -13.5427618 0.2745552 -5.5425959 0.0109837 0.9982117 0.0139967 0.0570687
62.561290 -13.5233126 0.2757369 -5.7087059 0.0121611 0.9981425 0.0152353 0.0577183
62.872800 -13.4928808 0.2782492 -5.9565778 0.0133250 0.9980325 0.0166991 0.0589480
63.080660 -13.4722557 0.2804619 -6.1200218 0.0127767 0.9980096 0.0160941 0.0596209
63.288240 -13.4515953 0.2815742 -6.2796378 0.0145017 0.9978654 0.0150877 0.0618594
63.495820 -13.4307880 0.2824591 -6.4381070 0.0137761 0.9977093 0.0141078 0.0647098
63.807440 -13.3982344 0.2843557 -6.6717434 0.0127288 0.9976027 0.0148929 0.0663702
63.911420 -13.3874207 0.2852381 -6.7481060 0.0122497 0.9976150 0.0158275 0.0660582
64.119460 -13.3672276 0.2865814 -6.8962851 0.0114783 0.9976874 0.0163769 0.0649609
64.223410 -13.3570070 0.2872532 -6.9697757 0.0104653 0.9977767 0.0162814 0.0637733
64.431450 -13.3408337 0.2888236 -7.1111631 0.0104953 0.9980413 0.0164098 0.0594493
64.639590 -13.3262463 0.2897419 -7.2469773 0.0115598 0.9984436 0.0168468 0.0518935
64.847590 -13.3146944 0.2906932 -7.3745828 0.0146104 0.9987661 0.0179612 0.0439346
65.263460 -13.3007269 0.2943777 -7.6088767 0.0170098 0.9992344 0.0181088 0.0302213
65.575320 -13.2945137 0.2957713 -7.7601953 0.0190918 0.9994188 0.0174566 0.0222009
65.887300 -13.2898607 0.2964224 -7.8903298 0.0204255 0.9994697 0.0197837 0.0158653
66.095340 -13.2877569 0.2973437 -7.9663167 0.0211666 0.9994811 0.0206125 0.0128304
66.199080 -13.2874994 0.2975887 -8.0000200 0.0225254 0.9994612 0.0207357 0.0118334
66.303070 -13.2870722 0.2987079 -8.0318527 0.0229678 0.9994541 0.0209614 0.0111577
66.512930 -13.2855120 0.2986874 -8.0872574 0.0224658 0.9994383 0.0222397 0.0111285
66.614800 -13.2840128 0.2994321 -8.1101780 0.0215081 0.9994640 0.0218312 0.0115098
67.238470 -13.2784748 0.3005303 -8.2134075 0.0196645 0.9994771 0.0181649 0.0181354
67.862190 -13.2728233 0.3012398 -8.2883415 0.0185619 0.9992521 0.0176655 0.0289571
75.767480 -13.2495623 0.3016219 -8.3701963 0.0143648 0.9946561 0.0160145 0.1009777
76.182950 -13.2389812 0.3019671 -8.3919783 0.0128813 0.9907879 0.0128498 0.1341953
76.598340 -13.2195816 0.3029774 -8.4350090 0.0134058 0.9842594 0.0151712 0.1755667
76.805830 -13.2056265 0.3036636 -8.4613085 0.0127698 0.9794749 0.0174707 0.2004012
77.220840 -13.1671906 0.3043554 -8.5171251 0.0146230 0.9656883 0.0217270 0.2583799
77.428190 -13.1413136 0.3045246 -8.5468359 0.0143750 0.9546858 0.0203374 0.2965717
77.635430 -13.1067858 0.3048770 -8.5817652 0.0134233 0.9396614 0.0181204 0.3413619
77.842690 -13.0619831 0.3057813 -8.6209583 0.0176347 0.9201186 0.0162209 0.3909063
78.050250 -13.0040951 0.3064849 -8.6615982 0.0184296 0.8981475 0.0144825 0.4390690
78.257840 -12.9325714 0.3069404 -8.7010765 0.0195368 0.8735177 0.0157267 0.4861459
78.465430 -12.8483410 0.3065949 -8.7377510 0.0181518 0.8460301 0.0195605 0.5324669
78.673060 -12.7540531 0.3070321 -8.7691755 0.0193647 0.8151450 0.0251543 0.5783865
78.880800 -12.6466846 0.3071122 -8.7922726 0.0188608 0.7829579 0.0289499 0.6211144
78.984860 -12.5877466 0.3085972 -8.8016644 0.0192727 0.7668520 0.0296387 0.6408496
79.192960 -12.4616289 0.3096675 -8.8123083 0.0215127 0.7382188 0.0291173 0.6735892
79.401310 -12.3259354 0.3095933 -8.8148279 0.0218789 0.7170765 0.0264025 0.6961505
79.610070 -12.1788235 0.3093321 -8.8127079 0.0235097 0.7035012 0.0253335 0.7098532
79.818800 -12.0239296 0.3074527 -8.8061247 0.0259531 0.6931069 0.0251393 0.7199287
80.027420 -11.8605394 0.3059901 -8.7953939 0.0293307 0.6826329 0.0229486 0.7298119
80.235930 -11.6887531 0.3022887 -8.7789288 0.0268142 0.6747824 0.0198458 0.7372624
80.444550 -11.5077991 0.2989855 -8.7594242 0.0247043 0.6720287 0.0167699 0.7399229
80.653190 -11.3168545 0.2966455 -8.7389059 0.0242184 0.6713628 0.0174166 0.7405283
80.965550 -11.0166302 0.2899490 -8.7035465 0.0244682 0.6671906 0.0177507 0.7442734
81.173790 -10.8058367 0.2861223 -8.6769781 0.0242093 0.6637176 0.0173327 0.7473904
81.485930 -10.4806128 0.2773959 -8.6315184 0.0213067 0.6586459 0.0211890 0.7518528
81.589930 -10.3700256 0.2770464 -8.6149178 0.0217907 0.6581400 0.0209166 0.7522895
81.798060 -10.1434498 0.2736703 -8.5823793 0.0221320 0.6588805 0.0194378 0.7516707
82.006180 -9.9139080 0.2683550 -8.5493774 0.0211332 0.6597772 0.0219245 0.7508441
82.214180 -9.6857357 0.2630658 -8.5177307 0.0205139 0.6605721 0.0229688 0.7501308
82.422200 -9.4591293 0.2564866 -8.4850340 0.0204409 0.6614725 0.0225877 0.7493505
82.734050 -9.1206923 0.2501881 -8.4397249 0.0203561 0.6624725 0.0222763 0.7484781
83.046050 -8.7884531 0.2425804 -8.3919468 0.0210625 0.6638660 0.0222100 0.7472249
83.253960 -8.5669107 0.2385750 -8.3647642 0.0202563 0.6640553 0.0218846 0.7470885
83.357930 -8.4563818 0.2365414 -8.3505630 0.0184401 0.6642635 0.0225741 0.7469299
83.565930 -8.2350206 0.2331951 -8.3209133 0.0167170 0.6650769 0.0212816 0.7462844
83.669810 -8.1263533 0.2313469 -8.3072920 0.0167132 0.6652359 0.0204875 0.7461650
83.773690 -8.0165586 0.2291843 -8.2941923 0.0167820 0.6653059 0.0201339 0.7461106
83.877560 -7.9081221 0.2273397 -8.2807875 0.0160656 0.6654069 0.0201748 0.7460352
83.981560 -7.7995744 0.2251596 -8.2673874 0.0160470 0.6654820 0.0211336 0.7459421
84.085580 -7.6908946 0.2232120 -8.2543087 0.0164370 0.6655502 0.0213689 0.7458661
84.293370 -7.4761515 0.2197188 -8.2292166 0.0195108 0.6653172 0.0219830 0.7459819
84.397140 -7.3688860 0.2168487 -8.2158175 0.0201005 0.6648326 0.0232647 0.7463593
84.604690 -7.1542177 0.2126121 -8.1896629 0.0196270 0.6625264 0.0244928 0.7483807
84.812320 -6.9432316 0.2088640 -8.1591482 0.0183245 0.6608552 0.0227798 0.7499439
85.020090 -6.7336025 0.2044246 -8.1286507 0.0182099 0.6590622 0.0216922 0.7515550
85.227440 -6.5247407 0.1995251 -8.0960112 0.0168281 0.6583074 0.0218158 0.7522448
85.435100 -6.3144307 0.1948033 -8.0675392 0.0158724 0.6569051 0.0221615 0.7534804
85.642600 -6.1112022 0.1908922 -8.0355911 0.0143400 0.6571945 0.0214086 0.7532805
85.850400 -5.9093461 0.1855995 -8.0042267 0.0139593 0.6582209 0.0207906 0.7524081
86.058060 -5.7078695 0.1808526 -7.9741106 0.0151529 0.6602163 0.0226129 0.7505821
86.266420 -5.5067325 0.1771711 -7.9474711 0.0179785 0.6620330 0.0242859 0.7488653
86.473600 -5.3058414 0.1737163 -7.9203978 0.0172538 0.6641998 0.0259152 0.7469065
86.681310 -5.1061530 0.1719720 -7.8937755 0.0163178 0.6661249 0.0256441 0.7452205
86.889090 -4.9078269 0.1687997 -7.8688731 0.0165940 0.6680050 0.0234444 0.7436022
87.096690 -4.7134104 0.1670560 -7.8456597 0.0185710 0.6694345 0.0218604 0.7423171
87.304430 -4.5181842 0.1633691 -7.8250341 0.0181338 0.6699527 0.0226146 0.7418377
87.512180 -4.3235579 0.1610222 -7.8035507 0.0156300 0.6697598 0.0229768 0.7420577
87.616060 -4.2281556 0.1595338 -7.7922106 0.0137222 0.6696416 0.0218690 0.7422355
87.823570 -4.0362363 0.1570082 -7.7693405 0.0113736 0.6694399 0.0189246 0.7425380
88.031060 -3.8453951 0.1553117 -7.7470865 0.0106679 0.6691814 0.0164612 0.7428402
88.238710 -3.6545358 0.1530491 -7.7251983 0.0114162 0.6688294 0.0152634 0.7431715
88.446330 -3.4629807 0.1508103 -7.7045078 0.0093269 0.6681067 0.0205330 0.7437236
88.550190 -3.3674123 0.1499593 -7.6931896 0.0098913 0.6677462 0.0216612 0.7440080
88.757820 -3.1811085 0.1482279 -7.6710458 0.0135946 0.6673866 0.0198886 0.7443217
88.861690 -3.0874565 0.1469607 -7.6601906 0.0137222 0.6672370 0.0189819 0.7444771
89.069450 -2.9009390 0.1442544 -7.6386237 0.0143770 0.6670311 0.0192471 0.7446424
89.277420 -2.7160168 0.1412755 -7.6163640 0.0179159 0.6673322 0.0191241 0.7442990
89.485130 -2.5325003 0.1375773 -7.5951991 0.0185644 0.6679204 0.0209951 0.7437049
89.692870 -2.3496547 0.1341268 -7.5745158 0.0171047 0.6686337 0.0233602 0.7430280
89.900710 -2.1692977 0.1317603 -7.5540209 0.0168637 0.6695566 0.0210084 0.7422723
90.108700 -1.9894632 0.1292683 -7.5346336 0.0156019 0.6703232 0.0214778 0.7415943
90.316520 -1.8113465 0.1269490 -7.5150046 0.0156480 0.6712290 0.0222361 0.7407512
90.524330 -1.6358018 0.1249968 -7.4970598 0.0155957 0.6718568 0.0220019 0.7401900
90.732220 -1.4647835 0.1223408 -7.4791970 0.0138138 0.6724331 0.0217055 0.7397106
90.940100 -1.2999279 0.1201878 -7.4613810 0.0123442 0.6731426 0.0214425 0.7390987
91.148110 -1.1413860 0.1182153 -7.4454403 0.0116093 0.6728699 0.0219024 0.7393454
91.355930 -0.9923326 0.1173791 -7.4293094 0.0124092 0.6709551 0.0207723 0.7411031
91.667690 -0.7813191 0.1154049 -7.4037018 0.0119767 0.6659506 0.0183269 0.7456746
91.875570 -0.6506560 0.1136648 -7.3840399 0.0143886 0.6602886 0.0180491 0.7506571
92.187280 -0.4698811 0.1093787 -7.3528376 0.0160319 0.6468629 0.0173497 0.7622404
92.394820 -0.3594329 0.1066547 -7.3284025 0.0155838 0.6357631 0.0185093 0.7715049
92.607140 -0.2582705 0.1039351 -7.3022304 0.0148989 0.6219870 0.0164276 0.7827135
92.812670 -0.1622536 0.1017512 -7.2724543 0.0144525 0.6056200 0.0148547 0.7954841
93.017610 -0.0717542 0.0990338 -7.2395072 0.0133699 0.5868967 0.0138635 0.8094327
93.225060 0.0118265 0.0959380 -7.2021437 0.0138820 0.5637939 0.0118371 0.8257140
93.432440 0.0897028 0.0935280 -7.1602716 0.0169007 0.5336024 0.0104348 0.8455022
93.639690 0.1627474 0.0902792 -7.1135502 0.0172386 0.4940725 0.0135791 0.8691437
93.847210 0.2260628 0.0868690 -7.0577927 0.0148969 0.4496700 0.0098595 0.8930161
94.054400 0.2823784 0.0834375 -6.9985476 0.0167470 0.4029213 0.0080074 0.9150463
94.261830 0.3326197 0.0807466 -6.9349914 0.0163198 0.3555967 0.0069012 0.9344715
94.469450 0.3746538 0.0770982 -6.8647685 0.0107473 0.3076310 0.0003317 0.9514450
94.677090 0.4133883 0.0752728 -6.7906046 0.0048718 0.2582643 0.0025811 0.9660586
94.884790 0.4404621 0.0731311 -6.7101784 -0.0032096 0.2099845 -0.0037587 0.9776922
95.092440 0.4627805 0.0723514 -6.6271162 -0.0036267 0.1614294 -0.0060414 0.9868591
95.196460 0.4726627 0.0720273 -6.5845885 -0.0027487 0.1391933 -0.0056324 0.9902454
95.300440 0.4803195 0.0719172 -6.5405712 -0.0024718 0.1193313 -0.0058916 0.9928339
95.404570 0.4861758 0.0715775 -6.4951334 -0.0027830 0.1008349 -0.0086724 0.9948615
95.508570 0.4908994 0.0716263 -6.4493213 -0.0025473 0.0838131 -0.0116192 0.9964105
95.612820 0.4952675 0.0712823 -6.4023013 -0.0025878 0.0697382 -0.0123727 0.9974852
95.717080 0.4990507 0.0709911 -6.3543477 -0.0031713 0.0586934 -0.0128045 0.9981889
95.925440 0.5053661 0.0702831 -6.2552676 -0.0033009 0.0390305 -0.0116355 0.9991648
96.029700 0.5063081 0.0705561 -6.2034531 -0.0024303 0.0317644 -0.0111268 0.9994305
96.238190 0.5075539 0.0707450 -6.0951719 -0.0015906 0.0176808 -0.0117672 0.9997731
96.446460 0.5053204 0.0703348 -5.9801831 -0.0013053 0.0042948 -0.0109544 0.9999299
96.654710 0.5016944 0.0691513 -5.8579473 -0.0013151 -0.0091969 -0.0096850 0.9999099
96.863080 0.4942248 0.0686323 -5.7284436 0.0000975 -0.0182056 -0.0110849 0.9997728
97.071450 0.4859639 0.0681083 -5.5921264 0.0010766 -0.0231873 -0.0109357 0.9996707
97.279720 0.4766697 0.0668021 -5.4497566 0.0005479 -0.0259934 -0.0102411 0.9996095
97.487940 0.4670609 0.0657058 -5.3025746 -0.0014873 -0.0288687 -0.0088053 0.9995433
97.696240 0.4565161 0.0638198 -5.1542153 -0.0039158 -0.0319466 -0.0081311 0.9994488
97.904320 0.4447907 0.0627339 -5.0058556 -0.0051798 -0.0352003 -0.0060755 0.9993484
98.112320 0.4319507 0.0625632 -4.8586025 -0.0050014 -0.0385743 -0.0047636 0.9992319
98.320320 0.4168900 0.0614461 -4.7108107 -0.0049001 -0.0414374 -0.0044844 0.9991190
98.528320 0.4020311 0.0608568 -4.5631495 -0.0046986 -0.0427572 -0.0050265 0.9990618
98.736320 0.3868279 0.0602007 -4.4167213 -0.0046512 -0.0428922 -0.0058284 0.9990519
98.944340 0.3729575 0.0589836 -4.2704983 -0.0054559 -0.0430535 -0.0055443 0.9990425
99.152220 0.3587563 0.0583727 -4.1250978 -0.0063600 -0.0432671 -0.0052785 0.9990293
99.360070 0.3437509 0.0581528 -3.9805403 -0.0060459 -0.0429391 -0.0057142 0.9990430
99.567940 0.3300292 0.0577283 -3.8381529 -0.0052781 -0.0419376 -0.0049814 0.9990939
99.775950 0.3172726 0.0562293 -3.6988704 -0.0051524 -0.0405757 -0.0053480 0.9991489
99.983820 0.3052713 0.0554247 -3.5627177 -0.0065489 -0.0393858 -0.0033505 0.9991970
100.191800 0.2924312 0.0545335 -3.4312875 -0.0077208 -0.0379346 -0.0047522 0.9992391
100.399700 0.2831555 0.0531377 -3.3051605 -0.0051660 -0.0379196 -0.0034335 0.9992616
100.607700 0.2710507 0.0517281 -3.1828330 -0.0027501 -0.0369532 -0.0063671 0.9992929
100.815600 0.2612339 0.0503255 -3.0618060 -0.0022004 -0.0365924 -0.0064888 0.9993068
101.023600 0.2505400 0.0481664 -2.9439194 -0.0011720 -0.0360386 -0.0075871 0.9993209
101.231500 0.2403894 0.0464210 -2.8276415 -0.0006803 -0.0361718 -0.0087701 0.9993069
101.439300 0.2299897 0.0449076 -2.7129605 -0.0012694 -0.0363955 -0.0083090 0.9993021
101.647200 0.2191570 0.0434887 -2.5990007 -0.0008285 -0.0372168 -0.0078737 0.9992759
101.855100 0.2081865 0.0419789 -2.4865422 0.0002728 -0.0385397 -0.0078740 0.9992260
102.062900 0.1981827 0.0404355 -2.3765907 0.0003673 -0.0404853 -0.0075311 0.9991517
102.270800 0.1868394 0.0383218 -2.2665660 0.0002379 -0.0420219 -0.0062177 0.9990973
102.582700 0.1695037 0.0356502 -2.1049449 -0.0011838 -0.0444462 -0.0062259 0.9989917
102.790600 0.1583778 0.0339283 -2.0002136 -0.0021327 -0.0459238 -0.0062880 0.9989229
102.998500 0.1472939 0.0326620 -1.8994476 -0.0020684 -0.0462596 -0.0064760 0.9989063
103.206500 0.1371133 0.0312959 -1.8025073 -0.0019367 -0.0449870 -0.0074968 0.9989576
103.414300 0.1277205 0.0294807 -1.7097658 -0.0019453 -0.0435019 -0.0074693 0.9990236
103.726300 0.1155227 0.0271742 -1.5780048 -0.0011021 -0.0413867 -0.0074189 0.9991150
103.934300 0.1076308 0.0261932 -1.4953727 -0.0009827 -0.0401249 -0.0077900 0.9991638
104.142300 0.1012015 0.0245432 -1.4181666 -0.0013655 -0.0391458 -0.0072575 0.9992062
104.350600 0.0957857 0.0233464 -1.3460124 -0.0025202 -0.0382890 -0.0073834 0.9992362
104.558200 0.0893622 0.0223883 -1.2820928 -0.0027510 -0.0371286 -0.0083239 0.9992720
104.870200 0.0831574 0.0205297 -1.1996336 -0.0020616 -0.0361028 -0.0072084 0.9993200
105.286000 0.0748518 0.0188247 -1.1044930 0.0005165 -0.0348768 -0.0070865 0.9993663
105.805700 0.0652738 0.0164533 -0.9905540 -0.0001988 -0.0341400 -0.0062897 0.9993973
106.013700 0.0618477 0.0157063 -0.9452233 -0.0002866 -0.0342775 -0.0060609 0.9993939
106.221500 0.0583110 0.0147282 -0.9008995 -0.0003220 -0.0363345 -0.0049845 0.9993272
106.429300 0.0537683 0.0143536 -0.8572842 -0.0002095 -0.0417679 -0.0051178 0.9991142
106.845000 0.0416521 0.0127581 -0.7723702 0.0001588 -0.0542810 -0.0077317 0.9984958
107.052900 0.0360607 0.0118039 -0.7303650 0.0002342 -0.0591836 -0.0068027 0.9982239
107.260700 0.0292123 0.0112828 -0.6886493 0.0005920 -0.0620899 -0.0089382 0.9980304
107.468800 0.0229903 0.0102673 -0.6476343 0.0008106 -0.0616519 -0.0101393 0.9980459
107.676800 0.0185145 0.0096843 -0.6068041 0.0006328 -0.0601848 -0.0092352 0.9981443
107.989000 0.0119168 0.0088249 -0.5471557 0.0007809 -0.0565289 -0.0090168 0.9983599
108.197100 0.0072837 0.0081481 -0.5078018 0.0007879 -0.0533559 -0.0092043 0.9985328
108.405100 0.0030249 0.0073405 -0.4683037 0.0007629 -0.0490981 -0.0089411 0.9987537
108.717000 -0.0024284 0.0065845 -0.4055580 0.0029241 -0.0425800 -0.0085576 0.9990521
109.028800 -0.0071096 0.0053417 -0.3339371 0.0027734 -0.0354582 -0.0077341 0.9993374
109.340700 -0.0105920 0.0042203 -0.2538872 0.0010389 -0.0278170 -0.0056540 0.9995965
109.652600 -0.0150559 0.0031347 -0.1666102 -0.0001078 -0.0209470 -0.0053944 0.9997661
109.964400 -0.0179194 0.0013625 -0.0728395 0.0000171 -0.0157666 -0.0027994 0.9998718
110.276000 -0.0214733 -0.0004088 0.0281529 0.0021356 -0.0128093 -0.0047593 0.9999043
110.899200 -0.0212730 -0.0056171 0.2366155 0.0053691 -0.0082230 0.0022049 0.9999493
111.417700 -0.0400000 -0.0097786 0.3980662 0.0060222 -0.0589744 -0.0029439 0.9982370
111.832500 -0.0708962 -0.0123527 0.5197644 -0.0016322 -0.1103325 -0.0097266 0.9938458
112.248300 -0.1073651 -0.0134596 0.6378497 -0.0069373 -0.1320653 -0.0176379 0.9910598
112.561000 -0.1273059 -0.0141797 0.7240146 -0.0091450 -0.1216195 -0.0139496 0.9924366
112.977500 -0.1417413 -0.0146895 0.8012480 -0.0102061 -0.1017671 -0.0138223 0.9946598
113.289700 -0.1450941 -0.0147906 0.8261402 -0.0086565 -0.0932238 -0.0119229 0.9955361
