0.000000 0.0000000 0.0000000 0.0000000 0.0000000 0.0000000 0.0000000 1.0000000
0.414483 0.0018018 -0.0006181 0.0567356 0.0009511 0.0091829 0.0044927 0.9999473
0.518120 0.0018378 -0.0007748 0.0716418 0.0016148 0.0058226 0.0058001 0.9999650
0.621714 0.0013659 -0.0008838 0.0867066 0.0025860 -0.0002009 0.0065989 0.9999748
0.725215 0.0006978 -0.0010804 0.1025342 0.0027315 -0.0085522 0.0062499 0.9999402
0.828918 -0.0008514 -0.0014960 0.1187162 0.0025720 -0.0181899 0.0039419 0.9998235
1.036104 -0.0045697 -0.0019715 0.1524285 0.0034229 -0.0382887 0.0020166 0.9992588
1.139865 -0.0067719 -0.0019686 0.1700863 0.0032256 -0.0488718 0.0027612 0.9987960
1.347350 -0.0131168 -0.0026417 0.2067665 0.0022853 -0.0674606 0.0028930 0.9977151
1.451124 -0.0167222 -0.0029327 0.2260915 0.0019929 -0.0753494 0.0021329 0.9971529
1.555101 -0.0203568 -0.0034502 0.2459379 0.0019487 -0.0822252 0.0019366 0.9966100
1.659233 -0.0245407 -0.0036508 0.2663402 0.0023736 -0.0882991 0.0026412 0.9960877
1.867090 -0.0329588 -0.0045784 0.3095527 0.0042787 -0.0973127 0.0037822 0.9952375
2.076388 -0.0431169 -0.0052661 0.3549376 0.0064061 -0.1052174 0.0040779 0.9944202
2.179116 -0.0484622 -0.0057455 0.3786155 0.0070584 -0.1091470 0.0057057 0.9939842
2.387073 -0.0597066 -0.0071317 0.4281210 0.0085171 -0.1177535 0.0088954 0.9929665
2.595229 -0.0739576 -0.0085281 0.4790511 0.0125389 -0.1266325 0.0050520 0.9918576
2.803189 -0.0886825 -0.0103494 0.5329534 0.0141921 -0.1354467 0.0076731 0.9906533
3.011247 -0.1059929 -0.0126464 0.5886122 0.0173642 -0.1435665 0.0063800 0.9894677
3.219570 -0.1242182 -0.0157106 0.6463130 0.0236504 -0.1505438 0.0066766 0.9882978
3.427467 -0.1444148 -0.0194901 0.7067451 0.0322455 -0.1547205 0.0054411 0.9874169
3.635476 -0.1659655 -0.0242131 0.7690672 0.0406910 -0.1590208 0.0033361 0.9864307
3.843522 -0.1889186 -0.0302831 0.8333988 0.0476631 -0.1641256 0.0002127 0.9852872
4.051384 -0.2137078 -0.0373658 0.8989736 0.0524017 -0.1689506 -0.0030286 0.9842259
4.259272 -0.2396346 -0.0447822 0.9665405 0.0529621 -0.1744551 -0.0037577 0.9832326
4.467802 -0.2663336 -0.0528290 1.0357172 0.0511133 -0.1814053 -0.0036449 0.9820724
4.676366 -0.2949777 -0.0605364 1.1055523 0.0469327 -0.1900639 -0.0047171 0.9806380
4.882642 -0.3263451 -0.0682036 1.1775169 0.0429967 -0.1989967 -0.0080292 0.9790236
5.090371 -0.3590636 -0.0748762 1.2493316 0.0421543 -0.2086171 -0.0086839 0.9770499
5.298151 -0.3939990 -0.0817896 1.3225399 0.0408768 -0.2176072 -0.0095823 0.9751330
5.505885 -0.4316185 -0.0886084 1.3992330 0.0375238 -0.2265526 -0.0088031 0.9732360
5.713619 -0.4715982 -0.0944572 1.4762657 0.0326778 -0.2347321 -0.0089812 0.9714692
5.921350 -0.5135342 -0.1001967 1.5546299 0.0311830 -0.2420047 -0.0081721 0.9697394
6.129103 -0.5582222 -0.1055265 1.6343514 0.0294344 -0.2481986 -0.0071100 0.9682358
6.336918 -0.6044416 -0.1111639 1.7173324 0.0292051 -0.2532390 -0.0054658 0.9669474
6.545512 -0.6531864 -0.1168589 1.8010898 0.0291529 -0.2549840 -0.0058639 0.9664879
6.752638 -0.7022255 -0.1230284 1.8855286 0.0277769 -0.2552817 -0.0053819 0.9664527
6.960403 -0.7524391 -0.1285891 1.9730277 0.0276663 -0.2571549 -0.0027825 0.9659701
7.168161 -0.8041822 -0.1345169 2.0602553 0.0245586 -0.2605877 -0.0022144 0.9651353
7.375748 -0.8569447 -0.1406113 2.1484692 0.0209664 -0.2670853 -0.0009539 0.9634444
7.583886 -0.9110576 -0.1466130 2.2355680 0.0230302 -0.2776109 0.0018025 0.9604158
7.790766 -0.9686548 -0.1519911 2.3216062 0.0206771 -0.2880382 0.0001985 0.9573957
7.998481 -1.0274376 -0.1569678 2.4067030 0.0199746 -0.2958730 -0.0021853 0.9550159
8.206229 -1.0870545 -0.1619396 2.4905381 0.0259156 -0.3012840 -0.0015516 0.9531810
8.413979 -1.1473806 -0.1679908 2.5734570 0.0247067 -0.3066171 -0.0017609 0.9515106
8.621720 -1.2090436 -0.1730239 2.6557670 0.0210839 -0.3114379 -0.0032330 0.9500270
8.829907 -1.2720571 -0.1783012 2.7393115 0.0223217 -0.3168799 -0.0032141 0.9481975
9.038033 -1.3358834 -0.1840490 2.8220510 0.0232342 -0.3233995 -0.0014973 0.9459760
9.141108 -1.3689588 -0.1867040 2.8639469 0.0229256 -0.3268321 -0.0014887 0.9448031
9.348782 -1.4354502 -0.1920952 2.9455891 0.0233192 -0.3346280 -0.0014461 0.9420606
9.556318 -1.5030062 -0.1978772 3.0262365 0.0235810 -0.3429562 0.0001376 0.9390554
9.659968 -1.5372946 -0.2010093 3.0658727 0.0239606 -0.3470420 0.0006992 0.9375432
9.764859 -1.5724829 -0.2038286 3.1060505 0.0244089 -0.3514952 0.0014156 0.9358703
9.971133 -1.6428025 -0.2101663 3.1841397 0.0230943 -0.3601334 0.0023132 0.9326121
10.074930 -1.6801913 -0.2129338 3.2235856 0.0227710 -0.3644553 0.0025694 0.9309389
10.282360 -1.7536317 -0.2192960 3.3017058 0.0231799 -0.3736672 0.0046267 0.9272616
10.489860 -1.8306705 -0.2251666 3.3790994 0.0232299 -0.3812489 0.0036102 0.9241735
10.697400 -1.9093366 -0.2314114 3.4555528 0.0237581 -0.3877648 0.0035031 0.9214454
10.801110 -1.9491050 -0.2342833 3.4928803 0.0253670 -0.3908805 0.0039423 0.9200833
11.008770 -2.0299811 -0.2413310 3.5693810 0.0261358 -0.3975701 0.0053299 0.9171841
11.112480 -2.0716875 -0.2446617 3.6074419 0.0256529 -0.4006338 0.0050350 0.9158652
11.320040 -2.1553261 -0.2514988 3.6827271 0.0255899 -0.4068651 0.0050794 0.9131156
11.527650 -2.2403862 -0.2584927 3.7565527 0.0248695 -0.4123503 0.0063771 0.9106635
11.735130 -2.3256302 -0.2655047 3.8302889 0.0241827 -0.4171881 0.0089389 0.9084544
11.942960 -2.4118521 -0.2723591 3.9024494 0.0252545 -0.4223952 0.0128431 0.9059688
12.253600 -2.5455198 -0.2837217 4.0109620 0.0220060 -0.4362929 0.0185384 0.8993446
12.460990 -2.6380508 -0.2914209 4.0805502 0.0205835 -0.4464281 0.0180146 0.8944013
12.772110 -2.7805853 -0.3022622 4.1804366 0.0228210 -0.4620586 0.0198556 0.8863333
12.979490 -2.8783498 -0.3106053 4.2461624 0.0205648 -0.4729657 0.0213044 0.8805831
13.186860 -2.9782772 -0.3187569 4.3093467 0.0207040 -0.4837576 0.0221373 0.8746770
13.394220 -3.0802717 -0.3265737 4.3703084 0.0224359 -0.4939349 0.0219506 0.8689321
13.601730 -3.1838589 -0.3354266 4.4294453 0.0216499 -0.5032606 0.0207140 0.8636151
13.809230 -3.2885890 -0.3434207 4.4866991 0.0202761 -0.5109816 0.0207253 0.8591025
14.016650 -3.3954284 -0.3515636 4.5435977 0.0209253 -0.5181816 0.0242392 0.8546709
14.224500 -3.5015783 -0.3607417 4.5970125 0.0223269 -0.5235173 0.0270155 0.8512939
14.431260 -3.6097572 -0.3703110 4.6504154 0.0192543 -0.5275710 0.0277137 0.8488404
14.638630 -3.7180014 -0.3790298 4.7027941 0.0161062 -0.5309159 0.0282527 0.8468003
14.742390 -3.7712913 -0.3834138 4.7284255 0.0153480 -0.5322585 0.0285628 0.8459607
14.950000 -3.8777056 -0.3917232 4.7789822 0.0128097 -0.5346390 0.0290696 0.8444833
15.157490 -3.9846954 -0.3984405 4.8279991 0.0112670 -0.5366315 0.0316953 0.8431460
15.261240 -4.0362639 -0.4025481 4.8515658 0.0093261 -0.5375151 0.0322443 0.8425858
15.468850 -4.1384935 -0.4097610 4.8986645 0.0074589 -0.5392345 0.0341011 0.8414319
15.572680 -4.1886353 -0.4136145 4.9220552 0.0071633 -0.5400244 0.0348630 0.8408965
15.780370 -4.2869244 -0.4210399 4.9660630 0.0082545 -0.5397794 0.0353549 0.8410233
15.884100 -4.3354688 -0.4243773 4.9879265 0.0093782 -0.5386467 0.0345512 0.8417707
16.091900 -4.4310451 -0.4318415 5.0321274 0.0113865 -0.5342979 0.0338040 0.8445433
16.299500 -4.5236101 -0.4391915 5.0770502 0.0115411 -0.5285667 0.0330720 0.8481688
16.403370 -4.5694623 -0.4432357 5.0997992 0.0114139 -0.5247532 0.0319413 0.8505784
16.611110 -4.6596165 -0.4499967 5.1463852 0.0119237 -0.5160267 0.0310039 0.8559282
16.714990 -4.7047625 -0.4536382 5.1702633 0.0127485 -0.5109710 0.0305743 0.8589594
16.818850 -4.7486429 -0.4568765 5.1945276 0.0144993 -0.5061355 0.0306848 0.8617859
16.922750 -4.7918668 -0.4605196 5.2192912 0.0160787 -0.5005784 0.0298299 0.8650277
17.026730 -4.8350401 -0.4639943 5.2446361 0.0164176 -0.4945012 0.0286277 0.8685502
17.234250 -4.9201231 -0.4711912 5.2961354 0.0154129 -0.4812088 0.0262089 0.8760785
17.442380 -5.0024261 -0.4782904 5.3495808 0.0152849 -0.4685714 0.0259071 0.8829134
17.545790 -5.0419126 -0.4818395 5.3761029 0.0157261 -0.4623217 0.0261008 0.8861885
17.753120 -5.1200213 -0.4887222 5.4321594 0.0152825 -0.4499869 0.0271880 0.8924904
17.857050 -5.1577177 -0.4921231 5.4600177 0.0146749 -0.4438610 0.0258514 0.8956025
18.064140 -5.2307920 -0.4977288 5.5164151 0.0131595 -0.4323491 0.0247260 0.9012712
18.167890 -5.2661443 -0.5003887 5.5449691 0.0143314 -0.4264930 0.0238590 0.9040625
18.375420 -5.3333068 -0.5065710 5.6017618 0.0150158 -0.4153624 0.0224760 0.9092543
18.582900 -5.3982544 -0.5117506 5.6597080 0.0133931 -0.4045732 0.0213685 0.9141578
18.790260 -5.4606829 -0.5167651 5.7177505 0.0133003 -0.3945538 0.0209310 0.9185381
18.894080 -5.4913592 -0.5192181 5.7469130 0.0131568 -0.3898257 0.0206137 0.9205639
19.101510 -5.5500836 -0.5238438 5.8050680 0.0111046 -0.3804345 0.0183487 0.9245591
19.205270 -5.5786467 -0.5257996 5.8341403 0.0109795 -0.3755185 0.0176110 0.9265825
19.412890 -5.6335869 -0.5298402 5.8922915 0.0109837 -0.3652635 0.0156515 0.9307078
19.620500 -5.6863351 -0.5337726 5.9508786 0.0085672 -0.3525422 0.0131721 0.9356640
19.828250 -5.7359686 -0.5371059 6.0088387 0.0092709 -0.3380096 0.0112640 0.9410296
20.035950 -5.7823257 -0.5399132 6.0671501 0.0100973 -0.3230289 0.0114089 0.9462664
20.243550 -5.8261962 -0.5428560 6.1264524 0.0080414 -0.3070634 0.0101642 0.9516008
20.347360 -5.8473597 -0.5439177 6.1567345 0.0070171 -0.2991675 0.0098800 0.9541237
20.555010 -5.8886395 -0.5465302 6.2181158 0.0044845 -0.2844179 0.0094116 0.9586437
20.762700 -5.9272928 -0.5485759 6.2805395 0.0033288 -0.2721505 0.0099269 0.9621977
20.970000 -5.9653845 -0.5503597 6.3443260 0.0032842 -0.2595700 0.0084853 0.9656814
21.177620 -6.0023971 -0.5520847 6.4102373 0.0032027 -0.2477553 0.0083557 0.9687813
21.385010 -6.0380478 -0.5540503 6.4777045 0.0037385 -0.2381062 0.0089232 0.9711909
21.592490 -6.0729465 -0.5554916 6.5459538 0.0019626 -0.2310733 0.0081027 0.9729006
21.799990 -6.1077757 -0.5566617 6.6166272 -0.0010538 -0.2241739 0.0053649 0.9745338
22.007420 -6.1431684 -0.5571830 6.6901698 -0.0027735 -0.2168742 0.0035697 0.9761891
22.214990 -6.1775122 -0.5573040 6.7656312 -0.0051711 -0.2091435 0.0034762 0.9778651
22.422590 -6.2119036 -0.5572937 6.8441992 -0.0058187 -0.2004638 0.0038723 0.9796762
22.630130 -6.2452393 -0.5576504 6.9249563 -0.0053620 -0.1904993 0.0056503 0.9816564
22.837890 -6.2769794 -0.5579205 7.0081224 -0.0037555 -0.1779032 0.0048817 0.9840287
23.045760 -6.3078160 -0.5584189 7.0947566 -0.0053892 -0.1595583 0.0013255 0.9871729
23.253620 -6.3351564 -0.5581512 7.1844106 -0.0062939 -0.1381375 -0.0010375 0.9903925
23.461620 -6.3586912 -0.5577196 7.2771525 -0.0084145 -0.1161701 -0.0021624 0.9931914
23.669490 -6.3793736 -0.5565372 7.3740754 -0.0121372 -0.0934646 -0.0042446 0.9955395
23.877250 -6.3964071 -0.5553123 7.4744730 -0.0138395 -0.0708185 -0.0065020 0.9973720
24.085120 -6.4089451 -0.5532876 7.5778446 -0.0123777 -0.0490934 -0.0064724 0.9986965
24.292870 -6.4167123 -0.5518595 7.6833196 -0.0144391 -0.0288309 -0.0062834 0.9994603
24.604240 -6.4212227 -0.5492270 7.8466420 -0.0159272 0.0019828 -0.0081740 0.9998378
24.811870 -6.4187379 -0.5470743 7.9581070 -0.0152279 0.0224029 -0.0104350 0.9995786
25.019370 -6.4112167 -0.5451130 8.0707798 -0.0130003 0.0415695 -0.0117014 0.9989825
25.226870 -6.3995724 -0.5441170 8.1868343 -0.0108911 0.0607518 -0.0120696 0.9980205
25.434250 -6.3834815 -0.5435808 8.3035021 -0.0052147 0.0791380 -0.0133574 0.9967605
25.641640 -6.3627048 -0.5442984 8.4244881 -0.0010120 0.0970474 -0.0153662 0.9951606
25.848990 -6.3371801 -0.5456342 8.5447865 0.0000654 0.1148622 -0.0159242 0.9932538
26.056490 -6.3069324 -0.5477366 8.6673155 0.0028075 0.1323670 -0.0155829 0.9910743
26.264020 -6.2721834 -0.5506455 8.7923689 0.0045592 0.1495344 -0.0170117 0.9885997
26.471490 -6.2323680 -0.5538574 8.9174042 0.0057800 0.1677868 -0.0198362 0.9856068
26.679010 -6.1874156 -0.5581002 9.0418129 0.0084958 0.1860198 -0.0203064 0.9822994
26.990510 -6.1088257 -0.5664180 9.2276878 0.0151629 0.2166293 -0.0225656 0.9758753
27.198240 -6.0495391 -0.5736988 9.3486919 0.0159080 0.2430537 -0.0261626 0.9695294
27.509940 -5.9454451 -0.5859628 9.5307674 0.0188016 0.2840568 -0.0297103 0.9581626
27.717500 -5.8676434 -0.5957021 9.6475163 0.0218651 0.3107658 -0.0305408 0.9497440
27.925020 -5.7821922 -0.6060876 9.7591934 0.0257597 0.3354719 -0.0311753 0.9411818
28.132630 -5.6914482 -0.6181251 9.8663826 0.0279641 0.3584875 -0.0312628 0.9325917
28.340050 -5.5938225 -0.6310313 9.9712276 0.0301686 0.3789669 -0.0307056 0.9244086
28.547500 -5.4909630 -0.6443567 10.0719032 0.0342523 0.3978596 -0.0307689 0.9162902
28.754980 -5.3826566 -0.6582504 10.1708269 0.0362639 0.4163940 -0.0308938 0.9079353
28.962310 -5.2716975 -0.6740208 10.2640095 0.0344428 0.4360926 -0.0324889 0.8986554
29.169630 -5.1601443 -0.6892120 10.3493862 0.0318039 0.4556970 -0.0347489 0.8888877
29.376900 -5.0453105 -0.7037576 10.4301662 0.0330739 0.4747742 -0.0372576 0.8786964
29.584410 -4.9285812 -0.7200868 10.5040321 0.0298181 0.4954300 -0.0387179 0.8672721
29.791760 -4.8085213 -0.7349024 10.5725164 0.0269257 0.5165868 -0.0385446 0.8549429
29.999280 -4.6890645 -0.7490869 10.6322069 0.0258673 0.5368118 -0.0383031 0.8424351
30.206740 -4.5672636 -0.7633875 10.6861420 0.0269737 0.5558438 -0.0374789 0.8300033
30.414180 -4.4454064 -0.7774940 10.7338638 0.0271735 0.5744991 -0.0359127 0.8172653
30.621900 -4.3237119 -0.7911960 10.7749300 0.0287464 0.5917096 -0.0377388 0.8047541
30.829180 -4.2043366 -0.8055746 10.8095531 0.0336316 0.6072425 -0.0446910 0.7925453
31.036690 -4.0861268 -0.8213365 10.8396244 0.0328372 0.6229900 -0.0486191 0.7800266
31.244130 -3.9685879 -0.8371973 10.8644943 0.0301251 0.6382546 -0.0511840 0.7675310
31.451710 -3.8528361 -0.8524467 10.8842850 0.0289828 0.6526989 -0.0514007 0.7553159
31.659170 -3.7375116 -0.8679923 10.8995390 0.0288491 0.6666582 -0.0542357 0.7428278
31.866620 -3.6229210 -0.8829082 10.9106226 0.0279736 0.6799694 -0.0548387 0.7306516
32.075790 -3.5106664 -0.8979334 10.9168425 0.0256252 0.6908141 -0.0513723 0.7207496
32.281410 -3.4004488 -0.9115047 10.9201832 0.0250799 0.6991963 -0.0502288 0.7127219
32.488780 -3.2931321 -0.9254508 10.9218435 0.0259281 0.7043583 -0.0523041 0.7074400
32.696160 -3.1888497 -0.9395318 10.9226341 0.0302791 0.7079515 -0.0570839 0.7032989
32.903550 -3.0861263 -0.9532564 10.9221363 0.0278517 0.7109712 -0.0557173 0.7004569
33.110900 -2.9843483 -0.9660385 10.9210186 0.0239776 0.7127280 -0.0503615 0.6992193
33.318440 -2.8849361 -0.9784120 10.9197283 0.0256173 0.7122909 -0.0523143 0.6994631
33.422000 -2.8356051 -0.9848503 10.9196587 0.0257047 0.7116573 -0.0539695 0.6999789
33.629370 -2.7386088 -0.9974998 10.9193840 0.0254449 0.7096393 -0.0557475 0.7018952
33.836860 -2.6423616 -1.0099096 10.9200087 0.0249131 0.7065224 -0.0578189 0.7048846
34.044850 -2.5466616 -1.0224588 10.9213839 0.0241676 0.7018765 -0.0565914 0.7096357
34.251630 -2.4522085 -1.0349859 10.9240980 0.0255245 0.6967930 -0.0550267 0.7147028
34.459140 -2.3586731 -1.0464989 10.9287825 0.0243603 0.6920031 -0.0552965 0.7193613
34.770400 -2.2187085 -1.0637814 10.9375620 0.0229967 0.6847035 -0.0544793 0.7264189
34.977900 -2.1274848 -1.0750978 10.9448519 0.0248079 0.6797289 -0.0550063 0.7309771
35.185510 -2.0364289 -1.0866736 10.9532175 0.0240146 0.6747646 -0.0570792 0.7354305
35.393080 -1.9456990 -1.0980555 10.9627390 0.0225028 0.6698483 -0.0565278 0.7400010
35.600660 -1.8552709 -1.1097548 10.9737673 0.0217892 0.6651059 -0.0551255 0.7443928
35.808130 -1.7648549 -1.1205353 10.9854460 0.0236367 0.6597031 -0.0543461 0.7491860
36.015630 -1.6752418 -1.1320417 10.9992399 0.0258087 0.6527761 -0.0546340 0.7551373
36.223240 -1.5858265 -1.1430748 11.0143051 0.0253897 0.6461324 -0.0549765 0.7608192
36.430690 -1.4965079 -1.1543448 11.0309429 0.0233267 0.6426932 -0.0557369 0.7637374
36.638140 -1.4058571 -1.1654083 11.0478706 0.0245865 0.6404494 -0.0565747 0.7655190
36.845830 -1.3133543 -1.1766397 11.0653162 0.0256717 0.6380494 -0.0552369 0.7675824
36.949590 -1.2668837 -1.1826544 11.0741425 0.0263725 0.6366063 -0.0549890 0.7687738
37.157030 -1.1737587 -1.1938394 11.0932474 0.0260640 0.6339697 -0.0544357 0.7709993
37.364510 -1.0805482 -1.2046359 11.1125336 0.0255425 0.6308847 -0.0516976 0.7737309
37.572000 -0.9884357 -1.2155278 11.1331606 0.0280370 0.6261428 -0.0518366 0.7774780
37.779750 -0.8979508 -1.2263732 11.1550875 0.0276335 0.6209257 -0.0512918 0.7817012
38.090970 -0.7626331 -1.2431340 11.1895142 0.0303548 0.6092727 -0.0481459 0.7909155
38.402010 -0.6282547 -1.2589276 11.2291794 0.0296754 0.5958654 -0.0464185 0.8011923
38.609730 -0.5403314 -1.2699351 11.2591915 0.0299526 0.5871824 -0.0484800 0.8074462
38.817070 -0.4515986 -1.2808926 11.2904387 0.0280717 0.5782868 -0.0499765 0.8138174
39.024680 -0.3647988 -1.2915267 11.3226337 0.0264947 0.5709276 -0.0493828 0.8190855
39.232130 -0.2778945 -1.3019285 11.3568287 0.0251140 0.5641552 -0.0488584 0.8238392
39.439710 -0.1932173 -1.3119732 11.3918772 0.0253341 0.5571309 -0.0497550 0.8285456
39.647300 -0.1095104 -1.3218220 11.4286861 0.0251756 0.5498558 -0.0506206 0.8333440
39.854900 -0.0264482 -1.3319610 11.4662886 0.0238084 0.5420550 -0.0493568 0.8385544
40.063320 0.0547166 -1.3413365 11.5045528 0.0211513 0.5341891 -0.0473246 0.8437743
40.166160 0.0942559 -1.3456433 11.5246649 0.0200137 0.5301662 -0.0484249 0.8462732
40.373770 0.1732244 -1.3542655 11.5655470 0.0187651 0.5224218 -0.0481464 0.8511200
40.581350 0.2504673 -1.3629353 11.6077299 0.0177293 0.5145848 -0.0484315 0.8558870
40.788800 0.3269176 -1.3712856 11.6512556 0.0181482 0.5065160 -0.0484333 0.8606779
40.996290 0.4030490 -1.3794363 11.6954927 0.0166239 0.4986326 -0.0474600 0.8653535
41.203950 0.4785128 -1.3864863 11.7406940 0.0144970 0.4929484 -0.0461239 0.8687142
41.411540 0.5550575 -1.3939593 11.7887402 0.0113946 0.4895773 -0.0448759 0.8707298
41.619170 0.6312714 -1.4005104 11.8361855 0.0092862 0.4873857 -0.0433663 0.8720598
41.826800 0.7069998 -1.4073571 11.8839741 0.0102207 0.4855687 -0.0443400 0.8730134
42.034430 0.7842021 -1.4135009 11.9328165 0.0108645 0.4838789 -0.0433055 0.8739953
42.241880 0.8613458 -1.4197398 11.9823036 0.0095419 0.4828182 -0.0404908 0.8747320
42.449700 0.9389820 -1.4260052 12.0315933 0.0067028 0.4813142 -0.0386309 0.8756708
42.657050 1.0172658 -1.4317271 12.0823965 0.0059103 0.4808402 -0.0385283 0.8759414
42.864650 1.0949783 -1.4377110 12.1330338 0.0044362 0.4804138 -0.0382555 0.8761960
43.072130 1.1726851 -1.4425421 12.1835289 0.0021173 0.4799110 -0.0368004 0.8765424
43.279750 1.2500768 -1.4472711 12.2342548 0.0010366 0.4791282 -0.0362193 0.8769967
43.487270 1.3271723 -1.4518598 12.2844868 -0.0008938 0.4776207 -0.0346369 0.8778827
43.694790 1.4039688 -1.4560945 12.3354111 -0.0018915 0.4752678 -0.0340245 0.8791810
43.902170 1.4797397 -1.4597360 12.3868265 -0.0037058 0.4724911 -0.0323724 0.8807329
44.109610 1.5557642 -1.4629489 12.4390430 -0.0049678 0.4670023 -0.0299515 0.8837347
44.316920 1.6305909 -1.4663904 12.4921608 -0.0047849 0.4604730 -0.0295505 0.8871688
44.524290 1.7045102 -1.4693836 12.5463524 -0.0068258 0.4535716 -0.0289554 0.8907232
44.731960 1.7777438 -1.4717844 12.6018534 -0.0080932 0.4458569 -0.0258411 0.8946946
44.940270 1.8480477 -1.4739099 12.6583214 -0.0070022 0.4361566 -0.0245987 0.8995073
45.250540 1.9548135 -1.4766005 12.7488899 -0.0081810 0.4203703 -0.0225141 0.9070364
45.458050 2.0244756 -1.4780637 12.8102322 -0.0100486 0.4092864 -0.0218332 0.9120893
45.665520 2.0931888 -1.4795414 12.8753128 -0.0135582 0.3985989 -0.0202088 0.9168024
45.873020 2.1615810 -1.4798237 12.9415751 -0.0162881 0.3874921 -0.0159613 0.9215909
46.080690 2.2281141 -1.4788005 13.0103779 -0.0149499 0.3751118 -0.0121355 0.9267796
46.287790 2.2938905 -1.4786079 13.0815258 -0.0170386 0.3619669 -0.0092702 0.9319891
46.495210 2.3580160 -1.4767439 13.1562557 -0.0185026 0.3491698 -0.0083904 0.9368392
46.702650 2.4218268 -1.4747674 13.2322979 -0.0196109 0.3356064 -0.0067102 0.9417742
46.910140 2.4826045 -1.4725415 13.3113194 -0.0207866 0.3244991 -0.0078773 0.9456248
47.117660 2.5423036 -1.4706700 13.3921432 -0.0216101 0.3154267 -0.0103314 0.9486476
47.325510 2.6017623 -1.4688703 13.4754152 -0.0231784 0.3062959 -0.0119602 0.9515790
47.532920 2.6599045 -1.4660125 13.5611553 -0.0271983 0.2983488 -0.0151154 0.9539496
47.740580 2.7173204 -1.4624388 13.6488056 -0.0298864 0.2916035 -0.0189043 0.9558854
47.948270 2.7740664 -1.4597037 13.7367983 -0.0294302 0.2874584 -0.0221601 0.9570844
48.156010 2.8310351 -1.4563644 13.8263817 -0.0250553 0.2855812 -0.0260994 0.9576713
48.364330 2.8882551 -1.4537066 13.9161501 -0.0252805 0.2847890 -0.0257725 0.9579102
48.571420 2.9468870 -1.4522480 14.0064774 -0.0255127 0.2839120 -0.0253002 0.9581769
48.778960 3.0055914 -1.4498643 14.0986071 -0.0241464 0.2828255 -0.0249418 0.9585429
48.986440 3.0640135 -1.4481876 14.1901388 -0.0235839 0.2804278 -0.0235162 0.9592972
49.193760 3.1218047 -1.4466002 14.2831745 -0.0239385 0.2751623 -0.0220627 0.9608465
49.401170 3.1784205 -1.4447041 14.3766403 -0.0238416 0.2652700 -0.0203180 0.9636652
49.608640 3.2314193 -1.4425294 14.4718323 -0.0242178 0.2533738 -0.0208278 0.9668409
49.816010 3.2820899 -1.4402899 14.5672054 -0.0257863 0.2405373 -0.0212530 0.9700645
50.023270 3.3302727 -1.4378040 14.6637955 -0.0265950 0.2274764 -0.0200168 0.9732145
50.230760 3.3749762 -1.4349086 14.7616892 -0.0272825 0.2143497 -0.0200925 0.9761691
50.438290 3.4169145 -1.4319687 14.8601151 -0.0270782 0.2011762 -0.0232626 0.9789044
50.645900 3.4558764 -1.4291670 14.9602861 -0.0281316 0.1911601 -0.0276862 0.9807650
50.853640 3.4940984 -1.4262908 15.0604057 -0.0283600 0.1847864 -0.0286796 0.9819507
51.061270 3.5320716 -1.4234898 15.1608744 -0.0277210 0.1800075 -0.0271990 0.9828983
51.268910 3.5694423 -1.4208115 15.2613754 -0.0264317 0.1745255 -0.0250595 0.9839787
51.476390 3.6050992 -1.4180542 15.3633614 -0.0246712 0.1692406 -0.0254193 0.9849380
51.580140 3.6215990 -1.4166130 15.4142370 -0.0242884 0.1664055 -0.0256219 0.9854252
51.891290 3.6707029 -1.4122643 15.5674009 -0.0280646 0.1562884 -0.0268299 0.9869481
51.995010 3.6861746 -1.4106958 15.6179819 -0.0274895 0.1534595 -0.0267488 0.9874102
52.202390 3.7175035 -1.4081748 15.7187805 -0.0247384 0.1491853 -0.0243021 0.9882010
52.306140 3.7324781 -1.4062576 15.7688980 -0.0242245 0.1482414 -0.0234808 0.9883756
52.513900 3.7618124 -1.4041922 15.8675241 -0.0262476 0.1512384 -0.0265075 0.9877932
52.721640 3.7925358 -1.4021628 15.9637985 -0.0274278 0.1622212 -0.0304634 0.9859026
52.929520 3.8242912 -1.3997869 16.0561066 -0.0279868 0.1732081 -0.0303451 0.9840198
53.033270 3.8415585 -1.3986168 16.1011219 -0.0277363 0.1767066 -0.0290757 0.9834430
53.240640 3.8745742 -1.3967766 16.1888847 -0.0260055 0.1811152 -0.0275887 0.9827308
53.344390 3.8911614 -1.3958111 16.2323341 -0.0249142 0.1808477 -0.0273326 0.9828155
53.551780 3.9220872 -1.3940654 16.3175392 -0.0238999 0.1761482 -0.0253096 0.9837480
53.759020 3.9523847 -1.3925714 16.4026051 -0.0229054 0.1653082 -0.0212230 0.9857475
53.966270 3.9786105 -1.3907065 16.4886494 -0.0227601 0.1500085 -0.0186768 0.9882462
54.173520 4.0022898 -1.3890538 16.5736351 -0.0218761 0.1289895 -0.0145993 0.9912971
54.380770 4.0213165 -1.3868990 16.6607018 -0.0207555 0.1048994 -0.0141914 0.9941649
54.588020 4.0355473 -1.3851062 16.7475033 -0.0183557 0.0775320 -0.0134387 0.9967303
54.691640 4.0401683 -1.3840883 16.7912636 -0.0179803 0.0631385 -0.0143711 0.9977393
54.899020 4.0462480 -1.3825407 16.8801861 -0.0184246 0.0325924 -0.0138624 0.9992027
55.106520 4.0469389 -1.3805861 16.9695892 -0.0169444 0.0016110 -0.0136015 0.9997626
55.418020 4.0378060 -1.3782120 17.1037502 -0.0149643 -0.0363272 -0.0160595 0.9990988
55.626020 4.0271912 -1.3757828 17.1956596 -0.0192578 -0.0502371 -0.0221629 0.9983057
55.834140 4.0159197 -1.3736088 17.2877731 -0.0155862 -0.0544394 -0.0250432 0.9980813
56.042270 4.0049186 -1.3717818 17.3814697 -0.0123440 -0.0537594 -0.0268759 0.9981158
56.250540 3.9948192 -1.3705031 17.4766979 -0.0128505 -0.0507039 -0.0263870 0.9982824
56.458520 3.9852462 -1.3689020 17.5740795 -0.0095455 -0.0481404 -0.0243005 0.9984993
56.666390 3.9760313 -1.3681756 17.6737175 -0.0060347 -0.0464047 -0.0224693 0.9986517
56.874270 3.9660664 -1.3674726 17.7751751 -0.0078205 -0.0451558 -0.0239591 0.9986620
57.081890 3.9557199 -1.3663054 17.8790646 -0.0083177 -0.0447787 -0.0258446 0.9986279
57.289520 3.9451175 -1.3652488 17.9852619 -0.0077719 -0.0453341 -0.0276155 0.9985598
57.393270 3.9395885 -1.3646946 18.0392818 -0.0067269 -0.0457941 -0.0278405 0.9985402
57.600640 3.9287815 -1.3645251 18.1475296 -0.0042472 -0.0479756 -0.0264217 0.9984900
57.704420 3.9235363 -1.3645902 18.2018623 -0.0047434 -0.0505434 -0.0243043 0.9984148
57.911640 3.9105124 -1.3648497 18.3103905 -0.0055494 -0.0584867 -0.0195586 0.9980811
58.119020 3.8959808 -1.3645489 18.4186516 -0.0040042 -0.0684074 -0.0158509 0.9975235
58.326530 3.8799353 -1.3653727 18.5259838 -0.0038833 -0.0783773 -0.0146150 0.9968091
58.534020 3.8608687 -1.3657973 18.6330147 -0.0042417 -0.0875581 -0.0136427 0.9960570
58.741650 3.8398001 -1.3668010 18.7381535 -0.0025819 -0.0962350 -0.0144910 0.9952498
58.949150 3.8171744 -1.3676145 18.8434429 -0.0017284 -0.1042184 -0.0143306 0.9944497
59.156650 3.7935517 -1.3689300 18.9476585 -0.0012435 -0.1108805 -0.0128577 0.9937498
59.364270 3.7692461 -1.3702191 19.0511932 0.0016708 -0.1167887 -0.0092873 0.9931120
59.675530 3.7301664 -1.3724281 19.2061691 0.0026302 -0.1250713 -0.0042587 0.9921351
59.883150 3.7016258 -1.3740340 19.3100491 0.0025592 -0.1289213 -0.0034580 0.9916455
60.194660 3.6591411 -1.3765470 19.4655361 -0.0005647 -0.1328486 -0.0029475 0.9911318
60.298400 3.6442990 -1.3770466 19.5175362 -0.0017517 -0.1330759 -0.0014372 0.9911032
60.506060 3.6155686 -1.3781178 19.6214447 -0.0031287 -0.1339696 0.0039154 0.9909728
60.713810 3.5877228 -1.3789010 19.7243748 -0.0030429 -0.1352513 0.0068691 0.9907829
60.817540 3.5731769 -1.3794903 19.7750702 -0.0029408 -0.1358055 0.0077703 0.9907007
61.025270 3.5435681 -1.3805479 19.8789139 -0.0045556 -0.1370400 0.0078723 0.9905238
61.232720 3.5137200 -1.3812900 19.9819336 -0.0067475 -0.1381479 0.0059403 0.9903708
61.440150 3.4837346 -1.3816350 20.0853596 -0.0084021 -0.1383088 0.0036347 0.9903468
61.647800 3.4542074 -1.3813142 20.1879616 -0.0097404 -0.1367794 0.0024788 0.9905505
61.855290 3.4251356 -1.3809350 20.2906055 -0.0121039 -0.1352900 0.0020816 0.9907299
62.062800 3.3966341 -1.3802595 20.3921299 -0.0138023 -0.1337442 -0.0005273 0.9909196
62.270350 3.3678393 -1.3789299 20.4939327 -0.0133875 -0.1321511 -0.0001785 0.9911392
62.477810 3.3402920 -1.3777325 20.5946236 -0.0158422 -0.1310863 0.0007646 0.9912441
62.789040 3.3001499 -1.3756787 20.7446098 -0.0188003 -0.1295492 0.0033157 0.9913892
62.996620 3.2742076 -1.3736012 20.8431740 -0.0193475 -0.1289684 0.0061268 0.9914410
63.203960 3.2483969 -1.3717034 20.9394932 -0.0191406 -0.1289435 0.0094400 0.9914223
63.411420 3.2228384 -1.3698201 21.0362606 -0.0205576 -0.1291332 0.0105868 0.9913576
63.618820 3.1972260 -1.3679485 21.1312275 -0.0222327 -0.1294696 0.0102374 0.9912813
63.826160 3.1714792 -1.3659472 21.2256470 -0.0219714 -0.1297088 0.0104425 0.9912537
64.033590 3.1463928 -1.3634824 21.3188877 -0.0233431 -0.1302241 0.0110953 0.9911476
64.137290 3.1342807 -1.3623648 21.3646755 -0.0239536 -0.1306711 0.0114249 0.9910705
64.344770 3.1099377 -1.3599914 21.4557400 -0.0240415 -0.1312971 0.0111275 0.9909890
64.552380 3.0850635 -1.3576035 21.5456257 -0.0251081 -0.1312631 0.0092382 0.9909865
64.759950 3.0603724 -1.3549353 21.6344643 -0.0269942 -0.1310571 0.0082946 0.9909725
64.863720 3.0482984 -1.3531742 21.6792603 -0.0281824 -0.1312380 0.0082269 0.9909161
65.071210 3.0245218 -1.3497217 21.7668438 -0.0321962 -0.1323509 0.0086015 0.9906425
65.278910 3.0005693 -1.3456191 21.8537693 -0.0350715 -0.1343743 0.0093525 0.9902657
65.382430 2.9883156 -1.3433733 21.8970184 -0.0358866 -0.1352226 0.0100708 0.9901139
65.589790 2.9632826 -1.3389490 21.9839764 -0.0369265 -0.1369061 0.0102997 0.9898419
65.797310 2.9392996 -1.3341324 22.0689735 -0.0376646 -0.1376972 0.0118948 0.9896865
66.004800 2.9153934 -1.3296986 22.1531334 -0.0378350 -0.1369597 0.0123152 0.9897772
66.212160 2.8927503 -1.3252426 22.2358093 -0.0387354 -0.1365187 0.0157489 0.9897546
66.419700 2.8699789 -1.3209938 22.3155975 -0.0385140 -0.1360017 0.0158447 0.9898329
66.627050 2.8480606 -1.3172199 22.3930130 -0.0367022 -0.1350852 0.0167577 0.9900122
66.834590 2.8274069 -1.3137012 22.4674072 -0.0358964 -0.1343263 0.0159099 0.9901590
67.042030 2.8067694 -1.3099481 22.5415726 -0.0350617 -0.1333927 0.0177782 0.9902833
67.249580 2.7869353 -1.3059503 22.6157112 -0.0344124 -0.1308554 0.0178232 0.9906437
67.457250 2.7677383 -1.3030157 22.6894341 -0.0335261 -0.1246424 0.0182090 0.9914680
67.664920 2.7498817 -1.2994519 22.7635822 -0.0358166 -0.1137924 0.0147116 0.9927498
67.872840 2.7343478 -1.2953063 22.8383770 -0.0409421 -0.0984363 0.0133560 0.9942111
68.080710 2.7219601 -1.2909344 22.9129257 -0.0423207 -0.0784536 0.0114248 0.9959536
68.288670 2.7131441 -1.2859813 22.9881172 -0.0448021 -0.0542678 0.0093500 0.9974770
68.392670 2.7101598 -1.2833793 23.0266037 -0.0450331 -0.0409409 0.0091068 0.9981047
68.600540 2.7076614 -1.2779402 23.1018353 -0.0427267 -0.0138770 0.0095157 0.9989451
68.808420 2.7090218 -1.2725945 23.1776390 -0.0424263 0.0131025 0.0102725 0.9989609
69.016040 2.7145126 -1.2670639 23.2546787 -0.0434697 0.0395741 0.0119772 0.9981988
69.223670 2.7238996 -1.2615788 23.3311176 -0.0439264 0.0649254 0.0133518 0.9968334
69.431290 2.7373004 -1.2562900 23.4082413 -0.0439093 0.0903735 0.0144539 0.9948345
69.638910 2.7549567 -1.2502742 23.4848385 -0.0421887 0.1142245 0.0153931 0.9924394
69.846210 2.7762442 -1.2446145 23.5619621 -0.0406976 0.1349106 0.0165876 0.9898826
70.053870 2.7998629 -1.2392057 23.6398010 -0.0402168 0.1539032 0.0159223 0.9871387
70.261200 2.8272886 -1.2333076 23.7168579 -0.0394497 0.1720169 0.0164078 0.9841670
70.468570 2.8576937 -1.2274959 23.7939911 -0.0391306 0.1905753 0.0163626 0.9807559
70.675960 2.8917465 -1.2218809 23.8712254 -0.0405550 0.2086434 0.0179820 0.9769851
70.883300 2.9284072 -1.2165455 23.9474087 -0.0395981 0.2263223 0.0173494 0.9730926
71.090660 2.9680200 -1.2108116 24.0229492 -0.0370511 0.2437530 0.0158742 0.9689993
71.298240 3.0105877 -1.2060044 24.0969849 -0.0374223 0.2633331 0.0118692 0.9639058
71.505720 3.0577469 -1.2001557 24.1715660 -0.0394547 0.2848558 0.0126386 0.9576747
71.713370 3.1082258 -1.1949508 24.2422066 -0.0405527 0.3092377 0.0122986 0.9500402
71.920920 3.1624975 -1.1892319 24.3094044 -0.0398789 0.3352583 0.0133078 0.9411878
72.128290 3.2202854 -1.1836203 24.3740444 -0.0396696 0.3606296 0.0150983 0.9317428
72.335680 3.2809725 -1.1781224 24.4352303 -0.0397774 0.3843168 0.0167921 0.9221911
72.543090 3.3444490 -1.1726490 24.4933243 -0.0383538 0.4043574 0.0174792 0.9136294
72.646700 3.3774538 -1.1693807 24.5213356 -0.0385657 0.4131498 0.0188681 0.9096504
72.854050 3.4445047 -1.1634851 24.5774937 -0.0399561 0.4307409 0.0191383 0.9013876
73.061450 3.5156736 -1.1568956 24.6314526 -0.0382516 0.4480675 0.0184226 0.8929910
73.268930 3.5899134 -1.1511723 24.6832390 -0.0431534 0.4657631 0.0200991 0.8836281
73.476410 3.6664972 -1.1440825 24.7315979 -0.0445688 0.4852824 0.0200152 0.8729914
73.683940 3.7452030 -1.1373841 24.7762318 -0.0429249 0.5060449 0.0209485 0.8611836
73.891550 3.8270073 -1.1305467 24.8171539 -0.0414536 0.5271310 0.0238045 0.8484384
74.099040 3.9126453 -1.1233376 24.8546333 -0.0407526 0.5485266 0.0256839 0.8347443
74.306540 4.0009122 -1.1166879 24.8881054 -0.0406009 0.5697504 0.0252663 0.8204253
74.514170 4.0929089 -1.1092951 24.9183559 -0.0401611 0.5911171 0.0230793 0.8052546
74.721470 4.1878934 -1.1023638 24.9444141 -0.0413538 0.6125224 0.0218092 0.7890694
74.928950 4.2860146 -1.0950818 24.9655342 -0.0407488 0.6338937 0.0223508 0.7720225
75.136310 4.3856411 -1.0878057 24.9806843 -0.0393060 0.6542479 0.0241942 0.7548705
75.343680 4.4870324 -1.0804174 24.9919415 -0.0378478 0.6736856 0.0248299 0.7376305
75.551070 4.5902572 -1.0733764 24.9979229 -0.0371922 0.6923181 0.0248367 0.7202052
75.758450 4.6964526 -1.0655606 24.9982510 -0.0388305 0.7098207 0.0264288 0.7028145
75.965810 4.8032770 -1.0582066 24.9935513 -0.0397871 0.7266132 0.0257971 0.6854084
76.173160 4.9111047 -1.0508003 24.9835091 -0.0392555 0.7437912 0.0243362 0.6668144
76.276990 4.9649324 -1.0470158 24.9758549 -0.0387518 0.7519654 0.0242482 0.6576157
76.380600 5.0188026 -1.0430497 24.9674702 -0.0379652 0.7599947 0.0247097 0.6483487
76.484350 5.0727663 -1.0397048 24.9568748 -0.0383470 0.7673921 0.0256530 0.6395161
76.691750 5.1815381 -1.0321338 24.9332981 -0.0347322 0.7812208 0.0259312 0.6227482
76.795320 5.2352505 -1.0282260 24.9195271 -0.0345621 0.7875137 0.0251868 0.6148116
76.899070 5.2906847 -1.0249892 24.9051552 -0.0353573 0.7939901 0.0249999 0.6063864
77.002800 5.3448472 -1.0212617 24.8888340 -0.0351703 0.8003195 0.0236654 0.5980734
77.210160 5.4528632 -1.0143131 24.8536777 -0.0342080 0.8128518 0.0197441 0.5811298
77.417440 5.5620470 -1.0080028 24.8135509 -0.0360921 0.8249638 0.0194082 0.5636980
77.624880 5.6691055 -1.0015332 24.7684040 -0.0367461 0.8355257 0.0194193 0.5478773
77.832140 5.7763000 -0.9954782 24.7192879 -0.0351128 0.8430054 0.0210592 0.5363446
77.935700 5.8299966 -0.9916282 24.6945229 -0.0325664 0.8457747 0.0208997 0.5321352
78.142930 5.9365602 -0.9860824 24.6421223 -0.0289638 0.8490790 0.0244732 0.5269033
78.246670 5.9905033 -0.9827253 24.6147919 -0.0274042 0.8499076 0.0264865 0.5255517
78.454020 6.0989656 -0.9764100 24.5604706 -0.0270466 0.8508332 0.0290937 0.5239322
78.557850 6.1535792 -0.9727868 24.5332699 -0.0279932 0.8510689 0.0297068 0.5234650
78.661450 6.2086353 -0.9690043 24.5061417 -0.0301298 0.8514259 0.0305757 0.5227153
78.765630 6.2636447 -0.9648088 24.4783707 -0.0309729 0.8516765 0.0319760 0.5221738
78.868800 6.3193426 -0.9607080 24.4512825 -0.0310167 0.8522674 0.0322000 0.5211923
78.972430 6.3734837 -0.9563898 24.4229240 -0.0301598 0.8522894 0.0311293 0.5212716
79.081780 6.4296350 -0.9520221 24.3950577 -0.0290607 0.8527046 0.0306583 0.5206826
79.283570 6.5391378 -0.9442116 24.3394547 -0.0278378 0.8534235 0.0311931 0.5195386
79.387330 6.5931396 -0.9402851 24.3112698 -0.0282456 0.8536442 0.0319471 0.5191081
79.594920 6.7015009 -0.9315426 24.2562618 -0.0303068 0.8544673 0.0329012 0.5175758
79.698570 6.7560768 -0.9269207 24.2280312 -0.0306699 0.8548492 0.0334127 0.5168906
79.906130 6.8672061 -0.9185880 24.1698437 -0.0309629 0.8554056 0.0338025 0.5159264
80.009790 6.9230094 -0.9141257 24.1403942 -0.0294385 0.8557002 0.0337598 0.5155296
80.217170 7.0374532 -0.9048293 24.0798817 -0.0282415 0.8557356 0.0338312 0.5155331
80.321020 7.0954857 -0.8998656 24.0494385 -0.0283559 0.8555871 0.0346663 0.5157179
80.528440 7.2112532 -0.8907779 23.9891014 -0.0285055 0.8555380 0.0321589 0.5159535
80.735850 7.3280110 -0.8830196 23.9282951 -0.0265311 0.8553498 0.0299700 0.5165023
80.943530 7.4477873 -0.8744642 23.8663425 -0.0278861 0.8555211 0.0330093 0.5159615
81.150830 7.5680509 -0.8647007 23.8034267 -0.0281699 0.8555959 0.0319203 0.5158907
81.358350 7.6895289 -0.8559515 23.7407150 -0.0295761 0.8558115 0.0318522 0.5154583
81.462060 7.7514791 -0.8511089 23.7085381 -0.0294376 0.8559478 0.0316276 0.5152538
81.669620 7.8758087 -0.8419874 23.6434536 -0.0288216 0.8562059 0.0312446 0.5148829
81.876950 8.0013685 -0.8332157 23.5780563 -0.0288409 0.8565730 0.0323113 0.5142050
81.980680 8.0645924 -0.8282557 23.5446033 -0.0296798 0.8565971 0.0325075 0.5141048
82.084440 8.1278648 -0.8231597 23.5116272 -0.0300619 0.8567393 0.0315127 0.5139075
82.188180 8.1915388 -0.8180660 23.4782734 -0.0319339 0.8568575 0.0287025 0.5137622
82.291790 8.2549896 -0.8129772 23.4447441 -0.0336970 0.8569395 0.0273630 0.5135859
82.499340 8.3817081 -0.8035491 23.3784885 -0.0351636 0.8571854 0.0263944 0.5131277
82.603060 8.4452410 -0.7991693 23.3441658 -0.0339182 0.8570287 0.0269516 0.5134443
82.706910 8.5083189 -0.7949053 23.3107853 -0.0318866 0.8570195 0.0282205 0.5135216
82.810450 8.5719643 -0.7903646 23.2767601 -0.0304583 0.8569005 0.0296912 0.5137239
82.914210 8.6349993 -0.7859207 23.2438812 -0.0304003 0.8570162 0.0305656 0.5134830
83.018010 8.6975069 -0.7819719 23.2103291 -0.0315263 0.8568423 0.0310333 0.5136772
83.121720 8.7604151 -0.7768306 23.1772842 -0.0314403 0.8568477 0.0310386 0.5136732
83.225460 8.8230457 -0.7723482 23.1444969 -0.0321963 0.8567547 0.0305510 0.5138107
83.432930 8.9489222 -0.7635314 23.0769711 -0.0292646 0.8567631 0.0308169 0.5139561
83.640430 9.0753727 -0.7546806 23.0102291 -0.0263948 0.8562433 0.0306640 0.5149859
83.744180 9.1390533 -0.7501583 22.9774094 -0.0304416 0.8559351 0.0312390 0.5152403
83.847930 9.2026539 -0.7451786 22.9441433 -0.0324450 0.8554975 0.0329692 0.5157368
83.951670 9.2655954 -0.7398456 22.9120617 -0.0340540 0.8549894 0.0311331 0.5165890
84.055580 9.3285732 -0.7349385 22.8792191 -0.0329039 0.8544161 0.0303569 0.5176572
84.159190 9.3914433 -0.7307561 22.8474922 -0.0329553 0.8538562 0.0294364 0.5186299
84.262850 9.4542160 -0.7260168 22.8154449 -0.0323258 0.8534831 0.0281678 0.5193536
84.470300 9.5797129 -0.7175014 22.7516022 -0.0334329 0.8529711 0.0278704 0.5201402
84.677950 9.7054081 -0.7088484 22.6887646 -0.0335926 0.8529878 0.0289544 0.5200432
84.885450 9.8303223 -0.6999586 22.6253815 -0.0329495 0.8535697 0.0274651 0.5192097
84.989500 9.8929949 -0.6954105 22.5930386 -0.0315704 0.8540133 0.0270187 0.5185890
85.196770 10.0162830 -0.6872230 22.5291424 -0.0300933 0.8553306 0.0280620 0.5164459
85.404100 10.1391068 -0.6788136 22.4649029 -0.0310769 0.8570408 0.0296721 0.5134538
85.611430 10.2587509 -0.6694862 22.4015160 -0.0300874 0.8586817 0.0298615 0.5107532
85.922700 10.4379807 -0.6577873 22.3042164 -0.0275376 0.8612226 0.0286959 0.5066693
86.130110 10.5574398 -0.6496019 22.2397442 -0.0304017 0.8629946 0.0285160 0.5034906
86.337580 10.6720934 -0.6426455 22.1742840 -0.0325702 0.8641456 0.0284412 0.5013807
86.545010 10.7844648 -0.6351088 22.1113281 -0.0340850 0.8652396 0.0295330 0.4993260
86.752310 10.8931913 -0.6277748 22.0490570 -0.0356135 0.8661452 0.0281166 0.4977284
87.063460 11.0506163 -0.6171200 21.9592133 -0.0389068 0.8665898 0.0259213 0.4968264
87.167190 11.1011667 -0.6134353 21.9298420 -0.0394974 0.8660511 0.0254718 0.4977416
87.374560 11.2003260 -0.6072721 21.8745594 -0.0403016 0.8640081 0.0247345 0.5012525
87.478210 11.2491159 -0.6033331 21.8477058 -0.0405874 0.8620756 0.0243973 0.5045623
87.685550 11.3450174 -0.5961244 21.7961807 -0.0409601 0.8557343 0.0237661 0.5152439
87.789170 11.3928585 -0.5926440 21.7719994 -0.0407140 0.8516667 0.0232597 0.5219821
87.996680 11.4885035 -0.5857480 21.7261066 -0.0423473 0.8421533 0.0203052 0.5371893
88.204050 11.5833616 -0.5800920 21.6866417 -0.0420430 0.8322919 0.0171243 0.5524756
88.411430 11.6803198 -0.5737332 21.6499901 -0.0429373 0.8210704 0.0154509 0.5690001
88.618820 11.7781401 -0.5668235 21.6175003 -0.0445297 0.8092052 0.0154726 0.5856318
88.826180 11.8773651 -0.5600356 21.5893307 -0.0485095 0.7967850 0.0167292 0.6020802
89.033680 11.9774895 -0.5530165 21.5662556 -0.0528288 0.7843484 0.0145732 0.6178951
89.241050 12.0771294 -0.5454048 21.5470295 -0.0556006 0.7713057 0.0120613 0.6339168
89.448550 12.1790714 -0.5381379 21.5313797 -0.0545118 0.7564684 0.0123152 0.6516382
89.655800 12.2822018 -0.5304144 21.5197678 -0.0488360 0.7392920 0.0118056 0.6715081
89.863200 12.3860779 -0.5229651 21.5151157 -0.0467843 0.7205971 0.0122307 0.6916657
90.070690 12.4904680 -0.5159873 21.5157070 -0.0474585 0.7003747 0.0122652 0.7120903
90.278050 12.5957794 -0.5086856 21.5236149 -0.0511159 0.6786084 0.0112154 0.7326337
90.485550 12.7021341 -0.5002240 21.5377541 -0.0542138 0.6561888 0.0072102 0.7526122
90.693070 12.8083477 -0.4922658 21.5584698 -0.0549799 0.6342586 0.0038780 0.7711539
90.900550 12.9166050 -0.4835595 21.5853996 -0.0555561 0.6118405 0.0003889 0.7890276
91.108060 13.0243778 -0.4749782 21.6195374 -0.0581686 0.5889739 0.0010498 0.8060552
91.315450 13.1308117 -0.4659166 21.6591606 -0.0582688 0.5651472 0.0000763 0.8229297
91.419180 13.1828938 -0.4614294 21.6813736 -0.0562571 0.5538196 0.0009507 0.8307335
91.626680 13.2883978 -0.4518399 21.7319832 -0.0590507 0.5315093 -0.0001222 0.8449916
91.834060 13.3935852 -0.4413431 21.7885838 -0.0623010 0.5098836 0.0029520 0.8579794
92.041550 13.4972458 -0.4304771 21.8508492 -0.0643070 0.4888718 0.0023871 0.8699789
92.145310 13.5482025 -0.4245715 21.8838539 -0.0641214 0.4791742 0.0030328 0.8753693
92.352950 13.6504860 -0.4121511 21.9545746 -0.0659769 0.4619051 0.0003023 0.8844720
92.560560 13.7523947 -0.3992531 22.0304432 -0.0674167 0.4477861 -0.0023313 0.8915925
92.664430 13.8021832 -0.3924584 22.0690918 -0.0680218 0.4417540 -0.0033899 0.8945473
92.872100 13.9011440 -0.3798800 22.1490555 -0.0674188 0.4305865 -0.0036147 0.9000205
92.975930 13.9499588 -0.3737776 22.1894855 -0.0657786 0.4251595 -0.0040337 0.9027161
93.183560 14.0474281 -0.3610995 22.2730141 -0.0646535 0.4166232 -0.0044511 0.9067664
93.391320 14.1434345 -0.3493268 22.3573322 -0.0656736 0.4118521 -0.0039920 0.9088723
93.598950 14.2376518 -0.3374269 22.4413681 -0.0672651 0.4087123 -0.0035092 0.9101744
93.806680 14.3313885 -0.3247538 22.5261536 -0.0679294 0.4061947 -0.0036606 0.9112508
94.014310 14.4257984 -0.3118603 22.6121578 -0.0653475 0.4044671 -0.0038373 0.9122069
94.221930 14.5191345 -0.2998986 22.6979198 -0.0633838 0.4037769 -0.0027655 0.9126549
94.429560 14.6107674 -0.2890017 22.7807236 -0.0652166 0.4052986 -0.0028344 0.9118508
94.741060 14.7451782 -0.2712700 22.9009743 -0.0678147 0.4130477 -0.0042106 0.9081712
95.052690 14.8759165 -0.2551637 23.0121708 -0.0657286 0.4261366 -0.0078112 0.9022341
95.260560 14.9618530 -0.2459271 23.0801888 -0.0627651 0.4381804 -0.0068219 0.8966671
95.468320 15.0467510 -0.2375290 23.1436653 -0.0597363 0.4510649 -0.0054151 0.8904733
95.676180 15.1302032 -0.2303791 23.2012558 -0.0546624 0.4645309 -0.0028650 0.8838636
95.884060 15.2112446 -0.2243234 23.2536964 -0.0429597 0.4790678 -0.0045278 0.8767143
96.092060 15.2895126 -0.2203583 23.3016129 -0.0349431 0.4954155 -0.0121528 0.8678679
96.300060 15.3684311 -0.2183541 23.3441467 -0.0353290 0.5152746 -0.0145500 0.8561730
96.508310 15.4470491 -0.2161231 23.3812714 -0.0372605 0.5399255 -0.0129942 0.8407873
96.716580 15.5266714 -0.2144641 23.4109249 -0.0349024 0.5693941 -0.0095634 0.8212677
96.924940 15.6054535 -0.2135454 23.4331741 -0.0245218 0.6020827 -0.0100248 0.7979941
97.133190 15.6866608 -0.2133355 23.4502487 -0.0181991 0.6349081 -0.0145299 0.7722366
97.341440 15.7701025 -0.2138891 23.4602070 -0.0180418 0.6664522 -0.0123605 0.7452269
97.549480 15.8539038 -0.2149877 23.4637146 -0.0216825 0.6979422 -0.0095200 0.7157624
97.757560 15.9370222 -0.2155154 23.4584999 -0.0182414 0.7288821 -0.0063756 0.6843665
97.965440 16.0190048 -0.2162216 23.4470749 -0.0146126 0.7569826 -0.0080188 0.6532224
98.276830 16.1424255 -0.2173462 23.4192905 -0.0087778 0.7887509 -0.0063041 0.6146180
98.484190 16.2227936 -0.2189810 23.3951149 -0.0088229 0.8030435 -0.0041100 0.5958408
98.691560 16.3026295 -0.2200002 23.3675117 -0.0069648 0.8137574 -0.0026531 0.5811570
98.899080 16.3826351 -0.2209105 23.3366566 -0.0055495 0.8241206 -0.0008424 0.5663866
99.106560 16.4621849 -0.2219453 23.3025322 -0.0037670 0.8348234 0.0004458 0.5505048
99.314190 16.5418453 -0.2232241 23.2652550 -0.0055414 0.8481364 -0.0006604 0.5297485
99.522160 16.6180325 -0.2247151 23.2234421 -0.0035998 0.8630772 -0.0025703 0.5050526
99.730070 16.6901073 -0.2259996 23.1758652 -0.0040034 0.8800897 -0.0030050 0.4747810
99.938070 16.7598782 -0.2278221 23.1219902 -0.0018838 0.8985061 0.0012219 0.4389553
100.146100 16.8250160 -0.2291384 23.0622520 0.0004996 0.9162164 0.0011325 0.4006819
100.354100 16.8849697 -0.2309203 22.9981689 0.0028183 0.9324902 0.0020949 0.3611782
100.562100 16.9350395 -0.2326827 22.9321728 0.0049898 0.9469039 0.0048614 0.3214411
100.770000 16.9803009 -0.2342413 22.8622475 0.0074200 0.9587811 0.0059173 0.2839871
100.977600 17.0198154 -0.2356806 22.7901306 0.0106638 0.9678554 0.0038119 0.2512523
101.184900 17.0564957 -0.2373173 22.7150898 0.0137188 0.9748790 0.0029215 0.2222929
101.392300 17.0893974 -0.2382371 22.6366119 0.0151648 0.9808943 0.0043026 0.1939019
101.599800 17.1170750 -0.2390403 22.5567436 0.0174025 0.9860576 0.0063693 0.1653695
101.807200 17.1397667 -0.2403398 22.4750252 0.0190477 0.9906428 0.0078345 0.1349174
102.014700 17.1568756 -0.2414080 22.3926811 0.0214346 0.9945073 0.0046786 0.1023426
102.222200 17.1686668 -0.2413243 22.3076744 0.0241359 0.9973069 0.0067714 0.0689236
102.429800 17.1749229 -0.2416906 22.2209930 0.0240616 0.9990371 0.0108403 0.0350464
102.637400 17.1757336 -0.2413602 22.1332607 0.0244005 0.9996609 0.0090188 0.0011671
102.845000 17.1702213 -0.2409332 22.0438290 0.0256661 0.9991372 0.0081914 -0.0316068
103.052400 17.1586819 -0.2404442 21.9520435 0.0281806 0.9977149 0.0072496 -0.0609785
103.259900 17.1425514 -0.2402031 21.8590813 0.0296819 0.9958343 0.0064306 -0.0859750
103.467300 17.1223087 -0.2399237 21.7642136 0.0291081 0.9940006 0.0047224 -0.1053249
103.674700 17.0988483 -0.2396572 21.6674175 0.0287778 0.9922105 0.0033406 -0.1211571
103.882200 17.0725880 -0.2398086 21.5682716 0.0269922 0.9904977 0.0043608 -0.1347837
104.089600 17.0426102 -0.2393390 21.4669685 0.0282441 0.9891819 0.0059209 -0.1438278
104.296900 17.0112801 -0.2390898 21.3639488 0.0298943 0.9885563 0.0045521 -0.1477908
104.504300 16.9789467 -0.2385955 21.2585793 0.0303648 0.9882286 0.0013076 -0.1499348
104.711700 16.9448051 -0.2385619 21.1498451 0.0319943 0.9879369 0.0041940 -0.1514579
104.919200 16.9105568 -0.2379165 21.0394268 0.0331527 0.9876738 0.0052360 -0.1528857
105.126600 16.8750420 -0.2377682 20.9275780 0.0332562 0.9874119 0.0041188 -0.1545795
105.334200 16.8382854 -0.2370487 20.8121910 0.0328170 0.9871672 0.0032537 -0.1562477
105.541700 16.8003883 -0.2369870 20.6949062 0.0333390 0.9868818 0.0040677 -0.1579125
105.749200 16.7609634 -0.2368715 20.5750408 0.0342553 0.9865788 0.0038113 -0.1596069
105.956700 16.7213345 -0.2367465 20.4549770 0.0348311 0.9862630 0.0044513 -0.1614074
106.164200 16.6808395 -0.2359396 20.3329868 0.0338574 0.9859970 0.0053533 -0.1632023
106.371700 16.6396790 -0.2354544 20.2108040 0.0325208 0.9857643 0.0052878 -0.1648730
106.683000 16.5770702 -0.2347070 20.0259666 0.0333613 0.9854046 0.0067991 -0.1667890
106.994300 16.5150776 -0.2344363 19.8398552 0.0311785 0.9859572 0.0054758 -0.1639706
107.305700 16.4543304 -0.2347862 19.6529732 0.0263675 0.9871351 0.0029139 -0.1576726
107.512900 16.4155521 -0.2355081 19.5277252 0.0225064 0.9881008 -0.0010667 -0.1521487
107.824300 16.3616982 -0.2383730 19.3381748 0.0159498 0.9898356 0.0010266 -0.1413152
108.031600 16.3282509 -0.2400090 19.2105789 0.0159626 0.9913986 0.0044815 -0.1298224
108.238900 16.2978668 -0.2418517 19.0831718 0.0176639 0.9932550 0.0044929 -0.1145094
108.446400 16.2719975 -0.2425605 18.9550381 0.0154078 0.9948869 0.0005173 -0.0998118
108.654000 16.2496147 -0.2449194 18.8264503 0.0152351 0.9961569 0.0004783 -0.0862502
108.861500 16.2311974 -0.2471549 18.6974659 0.0165319 0.9972296 0.0022051 -0.0724913
109.069200 16.2156372 -0.2484759 18.5670319 0.0150389 0.9981550 0.0024382 -0.0587754
109.276700 16.2044239 -0.2496626 18.4365406 0.0108715 0.9988732 0.0051143 -0.0459125
109.380500 16.1996536 -0.2503905 18.3709068 0.0105638 0.9991447 0.0054574 -0.0396041
109.588000 16.1938114 -0.2513232 18.2410297 0.0086982 0.9995876 0.0051629 -0.0268749
109.691700 16.1915016 -0.2515317 18.1754475 0.0087668 0.9997376 0.0055700 -0.0204192
109.795400 16.1902733 -0.2520750 18.1103687 0.0088913 0.9998400 0.0067726 -0.0139709
109.900300 16.1902065 -0.2522382 18.0451145 0.0078437 0.9999055 0.0082168 -0.0077425
110.003000 16.1904716 -0.2524908 17.9797592 0.0079753 0.9999314 0.0084602 -0.0014230
110.210600 16.1931725 -0.2530141 17.8484440 0.0097766 0.9998677 0.0073481 0.0107259
110.418100 16.1989346 -0.2534199 17.7175884 0.0102600 0.9996742 0.0051567 0.0227960
110.729500 16.2145119 -0.2559732 17.5224018 0.0084149 0.9991999 0.0041359 0.0388806
110.937100 16.2278442 -0.2570880 17.3916607 0.0077389 0.9988068 0.0022906 0.0481650
111.144800 16.2426701 -0.2588658 17.2619705 0.0071526 0.9983301 0.0023162 0.0572751
111.352300 16.2603531 -0.2612418 17.1332512 0.0049784 0.9978161 0.0048390 0.0656870
111.560000 16.2808533 -0.2626823 17.0047798 0.0043899 0.9972544 0.0043437 0.0737941
111.767500 16.3024158 -0.2645622 16.8789845 0.0025989 0.9966802 0.0051635 0.0812106
111.974900 16.3256397 -0.2655125 16.7531433 0.0014682 0.9960746 0.0064543 0.0882706
112.182300 16.3507347 -0.2664776 16.6292133 0.0009715 0.9954318 0.0079305 0.0951398
112.389900 16.3768902 -0.2676336 16.5067673 0.0009813 0.9947609 0.0056324 0.1020686
112.701100 16.4178467 -0.2698452 16.3293362 0.0011263 0.9936454 0.0016540 0.1125378
112.908600 16.4467354 -0.2722265 16.2163029 0.0027175 0.9927791 -0.0010855 0.1199211
113.116300 16.4746933 -0.2759623 16.1083183 0.0025076 0.9917932 -0.0087163 0.1275302
113.323800 16.5034389 -0.2802327 16.0070724 0.0009221 0.9908694 -0.0188439 0.1334986
113.531400 16.5314121 -0.2868556 15.9118547 0.0004059 0.9901574 -0.0252487 0.1376616
113.739100 16.5578766 -0.2936408 15.8226681 0.0014628 0.9896458 -0.0327729 0.1397317
113.946800 16.5836220 -0.3009834 15.7343540 0.0043371 0.9896455 -0.0332021 0.1395732
114.154700 16.6077938 -0.3086991 15.6472921 0.0081359 0.9904894 -0.0295654 0.1341282
114.362800 16.6295662 -0.3154634 15.5610905 0.0094657 0.9920853 -0.0309172 0.1213310
114.571200 16.6467800 -0.3210517 15.4747906 0.0134600 0.9946981 -0.0259387 0.0985984
114.779700 16.6578674 -0.3268354 15.3887453 0.0161927 0.9974830 -0.0178665 0.0666810
114.988100 16.6630001 -0.3311835 15.3038225 0.0177647 0.9993770 -0.0132772 0.0274560
115.196500 16.6597214 -0.3343679 15.2195625 0.0206043 0.9996418 -0.0085915 -0.0147590
115.404800 16.6493263 -0.3374322 15.1370516 0.0210355 0.9979908 -0.0058567 -0.0594765
115.613100 16.6317806 -0.3391770 15.0541925 0.0203316 0.9942548 -0.0024167 -0.1050629
115.821100 16.6056499 -0.3405158 14.9713516 0.0219001 0.9883849 0.0034874 -0.1503445
116.029400 16.5729790 -0.3407224 14.8895512 0.0188645 0.9803481 0.0058997 -0.1962831
116.238300 16.5311356 -0.3401457 14.8112535 0.0209956 0.9704944 0.0057312 -0.2401395
116.444900 16.4816437 -0.3393331 14.7354965 0.0249955 0.9595279 0.0066499 -0.2804234
116.652400 16.4254799 -0.3384976 14.6609888 0.0278127 0.9485298 0.0061944 -0.3154034
116.859700 16.3625298 -0.3367498 14.5881929 0.0315131 0.9383990 0.0028289 -0.3441020
117.067000 16.2940578 -0.3349954 14.5165062 0.0358586 0.9301978 -0.0003669 -0.3653028
117.274300 16.2205067 -0.3333301 14.4430885 0.0374253 0.9237480 -0.0012042 -0.3811660
117.481600 16.1414337 -0.3316918 14.3676815 0.0377750 0.9180441 -0.0018175 -0.3946705
117.689000 16.0582352 -0.3298045 14.2919827 0.0392092 0.9134905 -0.0030256 -0.4049550
117.896100 15.9695778 -0.3276989 14.2131901 0.0419083 0.9123287 -0.0039324 -0.4072894
118.103200 15.8787127 -0.3253916 14.1285877 0.0417766 0.9141681 -0.0023249 -0.4031700
118.310600 15.7856722 -0.3233130 14.0413408 0.0382213 0.9153816 -0.0014603 -0.4007664
118.518000 15.6908140 -0.3212877 13.9518824 0.0372758 0.9158853 -0.0010940 -0.3997043
118.725500 15.5925760 -0.3194452 13.8596601 0.0370665 0.9165778 -0.0017977 -0.3981306
118.932800 15.4920349 -0.3170562 13.7634401 0.0359237 0.9172400 -0.0018701 -0.3967074
119.140500 15.3897696 -0.3158727 13.6654053 0.0354771 0.9179921 -0.0039476 -0.3949890
119.347800 15.2865391 -0.3156763 13.5658541 0.0334262 0.9189312 -0.0059623 -0.3929537
119.555300 15.1820230 -0.3158650 13.4633274 0.0315876 0.9197950 -0.0069315 -0.3910642
119.762700 15.0770092 -0.3161040 13.3590326 0.0317462 0.9208251 -0.0052838 -0.3886456
120.073700 14.9186649 -0.3159443 13.2002277 0.0331277 0.9234750 -0.0029092 -0.3822148
120.281100 14.8151340 -0.3155055 13.0926113 0.0324394 0.9257825 -0.0012345 -0.3766603
120.592200 14.6598778 -0.3148181 12.9265804 0.0338536 0.9308432 -0.0036808 -0.3638286
120.903200 14.5098925 -0.3156295 12.7542553 0.0360823 0.9385307 -0.0073419 -0.3432264
121.110500 14.4156752 -0.3165566 12.6347790 0.0346312 0.9440352 -0.0074606 -0.3279367
121.317800 14.3246098 -0.3177207 12.5114899 0.0320926 0.9488881 -0.0076537 -0.3138837
121.525300 14.2352715 -0.3190143 12.3844032 0.0313858 0.9529228 -0.0036920 -0.3015616
121.732800 14.1498318 -0.3199340 12.2562904 0.0313822 0.9568056 -0.0051500 -0.2889837
122.044100 14.0283556 -0.3226901 12.0600119 0.0300029 0.9621334 -0.0071888 -0.2708273
122.355300 13.9117041 -0.3260223 11.8571491 0.0320163 0.9664938 -0.0083246 -0.2545492
122.563000 13.8349018 -0.3283378 11.7182217 0.0337325 0.9683698 -0.0076341 -0.2471107
122.666800 13.7978888 -0.3286125 11.6486015 0.0334967 0.9689546 -0.0078715 -0.2448326
122.874600 13.7227631 -0.3314354 11.5057306 0.0323334 0.9695481 -0.0064680 -0.2426709
122.978500 13.6852856 -0.3328220 11.4346170 0.0315074 0.9697382 -0.0068229 -0.2420094
123.186200 13.6090908 -0.3348556 11.2903204 0.0311243 0.9702250 -0.0079295 -0.2400663
123.290000 13.5716763 -0.3360980 11.2178125 0.0317169 0.9705552 -0.0082111 -0.2386404
123.497600 13.4952507 -0.3383452 11.0710526 0.0350894 0.9713112 -0.0066461 -0.2351152
123.705300 13.4201221 -0.3410580 10.9231653 0.0366994 0.9718236 -0.0105773 -0.2325946
123.913000 13.3443260 -0.3427705 10.7715664 0.0370173 0.9719946 -0.0103898 -0.2318366
124.120500 13.2663956 -0.3451235 10.6181040 0.0397322 0.9721220 -0.0062542 -0.2310000
124.328100 13.1875401 -0.3458108 10.4635963 0.0443094 0.9718707 -0.0081761 -0.2311647
124.535600 13.1083603 -0.3470974 10.3070831 0.0455115 0.9715816 -0.0102808 -0.2320605
124.743100 13.0286980 -0.3503347 10.1486435 0.0425583 0.9712273 -0.0079096 -0.2341874
124.950600 12.9482574 -0.3510376 9.9884710 0.0367424 0.9703299 -0.0057429 -0.2389079
125.158200 12.8656483 -0.3523485 9.8285341 0.0311703 0.9689016 -0.0048643 -0.2454273
125.365700 12.7798491 -0.3536288 9.6687412 0.0285609 0.9669361 -0.0061003 -0.2533412
125.573100 12.6867266 -0.3555274 9.5092592 0.0318805 0.9648225 -0.0037164 -0.2609358
125.780600 12.5920715 -0.3556831 9.3510523 0.0375032 0.9623187 -0.0064527 -0.2692483
126.091700 12.4438763 -0.3592036 9.1127157 0.0401252 0.9589748 -0.0078334 -0.2805278
126.403000 12.2857027 -0.3586544 8.8729753 0.0463083 0.9561113 -0.0046324 -0.2892841
126.714100 12.1266212 -0.3589423 8.6350470 0.0441885 0.9550580 -0.0077912 -0.2930031
126.817800 12.0745249 -0.3594654 8.5560112 0.0432634 0.9547151 -0.0073523 -0.2942676
127.025200 11.9680195 -0.3604207 8.3983927 0.0404525 0.9544481 -0.0056814 -0.2955675
127.129000 11.9132690 -0.3599333 8.3183203 0.0397695 0.9544449 -0.0040135 -0.2956977
127.336500 11.8046608 -0.3602037 8.1605206 0.0402190 0.9544897 -0.0036441 -0.2954972
127.543900 11.6964769 -0.3607223 8.0008793 0.0393401 0.9545015 -0.0037188 -0.2955767
127.647600 11.6415930 -0.3610094 7.9208517 0.0381170 0.9545233 -0.0029481 -0.2956751
127.855000 11.5327549 -0.3614076 7.7598019 0.0386019 0.9538738 -0.0009565 -0.2977143
128.062200 11.4210453 -0.3606570 7.5978336 0.0396797 0.9533381 -0.0021962 -0.2992775
128.166000 11.3640556 -0.3603644 7.5157900 0.0391721 0.9531698 -0.0023731 -0.2998787
128.269700 11.3076696 -0.3601878 7.4335318 0.0381558 0.9530575 -0.0016853 -0.3003709
128.373300 11.2507143 -0.3594683 7.3509951 0.0377498 0.9530170 -0.0009349 -0.3005539
128.477100 11.1935701 -0.3594662 7.2686939 0.0385355 0.9530752 -0.0006698 -0.3002702
128.580700 11.1369667 -0.3589207 7.1871824 0.0396694 0.9531047 -0.0013851 -0.3000264
128.684500 11.0790262 -0.3586586 7.1037169 0.0396904 0.9531919 -0.0022859 -0.2997410
128.788200 11.0217094 -0.3586336 7.0213370 0.0396970 0.9533257 -0.0024454 -0.2993131
128.891800 10.9642467 -0.3585308 6.9375553 0.0388404 0.9533870 -0.0018348 -0.2992346
128.995500 10.9066505 -0.3581988 6.8538256 0.0386529 0.9534267 -0.0014588 -0.2991343
129.099100 10.8487740 -0.3578320 6.7699533 0.0388065 0.9534829 -0.0014125 -0.2989356
129.202800 10.7912960 -0.3575173 6.6858063 0.0385502 0.9535217 -0.0016107 -0.2988439
129.306600 10.7335882 -0.3570403 6.6014228 0.0386438 0.9534507 -0.0023550 -0.2990534
129.410300 10.6749744 -0.3568075 6.5170107 0.0385472 0.9535271 -0.0029316 -0.2988169
129.514100 10.6160469 -0.3569778 6.4319782 0.0390485 0.9535291 -0.0029830 -0.2987450
129.617800 10.5572052 -0.3573928 6.3468571 0.0398743 0.9535437 -0.0025567 -0.2985931
129.721600 10.4977627 -0.3567955 6.2608261 0.0404182 0.9535109 -0.0025175 -0.2986250
129.825300 10.4392872 -0.3566908 6.1757956 0.0412237 0.9534284 -0.0024738 -0.2987788
129.929100 10.3796253 -0.3560451 6.0900126 0.0417973 0.9533693 -0.0028680 -0.2988840
130.032700 10.3200750 -0.3558320 6.0045085 0.0431560 0.9532354 -0.0043564 -0.2991002
130.136500 10.2609377 -0.3559117 5.9188871 0.0438480 0.9531295 -0.0057087 -0.2993142
130.240200 10.1997223 -0.3562891 5.8328934 0.0443607 0.9530468 -0.0055674 -0.2995044
130.343800 10.1402473 -0.3559249 5.7465715 0.0429991 0.9528134 -0.0049435 -0.3004552
130.447600 10.0804501 -0.3558775 5.6600208 0.0420142 0.9523847 -0.0043613 -0.3019590
130.551300 10.0197697 -0.3562158 5.5735288 0.0410278 0.9520780 -0.0028505 -0.3030777
130.655000 9.9585838 -0.3558671 5.4868031 0.0416652 0.9515915 -0.0018080 -0.3045232
130.758700 9.8975811 -0.3554919 5.4004316 0.0412803 0.9513049 -0.0021703 -0.3054671
130.862500 9.8358173 -0.3551380 5.3146477 0.0411257 0.9509578 -0.0033618 -0.3065560
130.966100 9.7751989 -0.3552039 5.2289457 0.0405936 0.9507076 -0.0037344 -0.3073977
131.070000 9.7134552 -0.3549029 5.1430006 0.0398574 0.9505177 -0.0038900 -0.3080786
131.173700 9.6517115 -0.3547447 5.0574031 0.0403388 0.9503373 -0.0034626 -0.3085772
131.277500 9.5901012 -0.3543693 4.9717412 0.0419705 0.9501070 -0.0024589 -0.3090777
131.381100 9.5279026 -0.3538404 4.8876085 0.0430653 0.9500152 -0.0021166 -0.3092119
131.588500 9.4035997 -0.3527430 4.7174978 0.0450398 0.9497399 -0.0028003 -0.3097704
131.796000 9.2792492 -0.3508384 4.5464711 0.0471399 0.9495733 -0.0021151 -0.3099739
132.003300 9.1543436 -0.3491969 4.3758163 0.0478476 0.9496749 -0.0035588 -0.3095408
132.210600 9.0301981 -0.3481701 4.2052517 0.0463950 0.9501260 -0.0032377 -0.3083791
132.418000 8.9068737 -0.3480843 4.0340242 0.0455120 0.9506457 -0.0019684 -0.3069161
132.625500 8.7857475 -0.3466403 3.8617272 0.0445475 0.9511945 -0.0016453 -0.3053551
132.936500 8.6048365 -0.3463013 3.6026487 0.0385061 0.9523577 -0.0036946 -0.3025201
133.040100 8.5442677 -0.3461264 3.5158579 0.0377063 0.9528105 -0.0022530 -0.3012066
133.247500 8.4257536 -0.3456603 3.3432479 0.0375817 0.9535390 -0.0005231 -0.2989161
133.454800 8.3070641 -0.3452451 3.1710162 0.0399319 0.9544446 -0.0006082 -0.2957037
133.766000 8.1317673 -0.3452072 2.9097109 0.0425621 0.9562659 -0.0013915 -0.2893821
133.973300 8.0175400 -0.3457214 2.7323914 0.0425220 0.9581959 -0.0030484 -0.2829190
134.284500 7.8515315 -0.3453856 2.4643247 0.0375754 0.9612821 -0.0022174 -0.2729832
134.491900 7.7425890 -0.3455872 2.2844145 0.0378099 0.9632155 -0.0002615 -0.2660567
134.595600 7.6922097 -0.3458520 2.1960154 0.0364739 0.9640626 -0.0016655 -0.2631542
134.803100 7.5897336 -0.3462468 2.0181508 0.0372213 0.9655203 -0.0037747 -0.2576254
134.906900 7.5389371 -0.3467244 1.9268007 0.0374725 0.9660363 -0.0028814 -0.2556590
135.114300 7.4382238 -0.3486044 1.7477756 0.0400202 0.9667805 -0.0018354 -0.2524489
135.322000 7.3384023 -0.3493026 1.5667856 0.0398898 0.9673418 -0.0044733 -0.2502770
135.529500 7.2389731 -0.3504254 1.3843567 0.0388339 0.9680352 -0.0042105 -0.2477539
135.633100 7.1904325 -0.3511982 1.2934134 0.0381920 0.9683637 -0.0034311 -0.2465792
135.840600 7.0924158 -0.3528793 1.1098406 0.0378002 0.9690413 -0.0027184 -0.2439726
135.944200 7.0441856 -0.3533876 1.0182691 0.0379547 0.9693401 -0.0033429 -0.2427508
136.151600 6.9462323 -0.3546255 0.8338509 0.0405187 0.9699422 -0.0038482 -0.2399077
136.255200 6.8981276 -0.3552683 0.7414069 0.0413451 0.9701815 -0.0045964 -0.2387831
136.462700 6.8022637 -0.3572893 0.5558784 0.0381668 0.9707658 -0.0045259 -0.2369316
136.670200 6.7081671 -0.3588699 0.3687634 0.0353657 0.9711068 -0.0010051 -0.2360082
136.877700 6.6137447 -0.3593474 0.1826231 0.0344946 0.9713418 -0.0009177 -0.2351688
137.085100 6.5185394 -0.3602350 -0.0036647 0.0353557 0.9715372 -0.0014029 -0.2342295
137.292500 6.4252033 -0.3616998 -0.1907089 0.0346775 0.9716792 -0.0034873 -0.2337196
137.500000 6.3309283 -0.3644368 -0.3782125 0.0339648 0.9719521 -0.0030833 -0.2326931
137.603600 6.2841024 -0.3649366 -0.4718099 0.0330581 0.9721694 -0.0030001 -0.2319155
137.811000 6.1917105 -0.3670691 -0.6580609 0.0334724 0.9725375 -0.0030004 -0.2303072
138.018400 6.0992270 -0.3686856 -0.8455489 0.0346778 0.9728029 -0.0042402 -0.2289846
138.122100 6.0528765 -0.3695023 -0.9395469 0.0351536 0.9728788 -0.0055653 -0.2285609
138.329600 5.9588113 -0.3725443 -1.1281942 0.0360954 0.9728758 -0.0058605 -0.2284196
138.433400 5.9124255 -0.3736198 -1.2222754 0.0354813 0.9726010 -0.0061112 -0.2296760
138.641000 5.8183446 -0.3767493 -1.4097154 0.0336968 0.9716731 -0.0043924 -0.2338732
138.848500 5.7225332 -0.3786198 -1.5961514 0.0325277 0.9702128 -0.0018873 -0.2400530
139.056000 5.6230459 -0.3792223 -1.7806015 0.0316326 0.9683058 -0.0001978 -0.2477562
139.263600 5.5223083 -0.3811140 -1.9621651 0.0296443 0.9658703 -0.0014133 -0.2573206
139.367400 5.4703875 -0.3817385 -2.0517554 0.0284372 0.9645907 -0.0011892 -0.2622112
139.574900 5.3637295 -0.3832121 -2.2298765 0.0280206 0.9617904 -0.0007750 -0.2723480
139.678500 5.3101745 -0.3835398 -2.3176591 0.0283378 0.9602581 -0.0005213 -0.2776708
139.782200 5.2550569 -0.3836147 -2.4050934 0.0288751 0.9586605 -0.0009164 -0.2830820
139.886000 5.1990528 -0.3838563 -2.4911265 0.0295598 0.9570789 -0.0009540 -0.2883144
139.989700 5.1416054 -0.3839336 -2.5759110 0.0308773 0.9553776 -0.0019535 -0.2937624
140.093500 5.0836492 -0.3844486 -2.6603858 0.0314675 0.9535413 -0.0021046 -0.2996069
140.197100 5.0236235 -0.3848940 -2.7446260 0.0334969 0.9516459 -0.0024781 -0.3053553
140.300900 4.9632845 -0.3852895 -2.8286190 0.0352266 0.9496339 -0.0015081 -0.3113717
140.404600 4.9005795 -0.3852079 -2.9116492 0.0372475 0.9476684 -0.0013444 -0.3170733
140.508200 4.8385868 -0.3850297 -2.9934831 0.0383377 0.9457157 -0.0014456 -0.3227227
140.612000 4.7749710 -0.3845958 -3.0745747 0.0389578 0.9440046 -0.0031417 -0.3276092
140.715600 4.7108316 -0.3847053 -3.1546540 0.0393268 0.9424320 -0.0042845 -0.3320495
140.819400 4.6466041 -0.3849392 -3.2347548 0.0397590 0.9410901 -0.0048721 -0.3357751
140.923100 4.5801258 -0.3847646 -3.3146782 0.0414518 0.9398487 -0.0064078 -0.3390060
141.026700 4.5138283 -0.3838893 -3.3933549 0.0442921 0.9385934 -0.0072371 -0.3420938
141.130500 4.4478741 -0.3838578 -3.4720035 0.0445322 0.9375476 -0.0069699 -0.3449245
141.234200 4.3808436 -0.3837525 -3.5504975 0.0458358 0.9361566 -0.0084460 -0.3484804
141.338000 4.3139091 -0.3837128 -3.6283495 0.0452664 0.9350967 -0.0082553 -0.3513929
141.441700 4.2477384 -0.3843655 -3.7050536 0.0425709 0.9342489 -0.0073848 -0.3539945
141.545500 4.1790876 -0.3839664 -3.7821796 0.0440767 0.9332187 -0.0079783 -0.3565060
141.649100 4.1113787 -0.3836640 -3.8589249 0.0439879 0.9323131 -0.0063848 -0.3589104
141.752900 4.0420499 -0.3836562 -3.9361331 0.0443324 0.9314331 -0.0050793 -0.3611664
141.856600 3.9718683 -0.3828351 -4.0129538 0.0431421 0.9309198 -0.0053792 -0.3626267
141.960200 3.9013889 -0.3821337 -4.0896020 0.0415867 0.9303094 -0.0060368 -0.3643604
142.064000 3.8310318 -0.3819194 -4.1661868 0.0414867 0.9294869 -0.0045589 -0.3664863
142.167700 3.7595737 -0.3816189 -4.2425699 0.0419403 0.9284431 -0.0029499 -0.3690878
142.271500 3.6880639 -0.3803870 -4.3178682 0.0424087 0.9270276 -0.0037667 -0.3725682
142.375400 3.6156130 -0.3799318 -4.3932862 0.0420963 0.9254655 -0.0042807 -0.3764615
142.479100 3.5408313 -0.3794386 -4.4689941 0.0421845 0.9238164 -0.0051031 -0.3804702
142.582700 3.4657700 -0.3786600 -4.5433555 0.0429010 0.9223580 -0.0062009 -0.3838968
142.686500 3.3906999 -0.3782614 -4.6180573 0.0431970 0.9213630 -0.0061296 -0.3862469
142.790100 3.3141930 -0.3775064 -4.6921487 0.0437379 0.9207160 -0.0059377 -0.3877291
142.893700 3.2391374 -0.3766989 -4.7664924 0.0431644 0.9201263 -0.0047397 -0.3892069
142.997500 3.1630313 -0.3759737 -4.8408227 0.0430378 0.9197603 -0.0039675 -0.3900936
143.101100 3.0866969 -0.3750669 -4.9146180 0.0429248 0.9198353 -0.0037000 -0.3899317
143.204700 3.0111814 -0.3739067 -4.9883766 0.0429093 0.9200956 -0.0030389 -0.3893246
143.412100 2.8593192 -0.3721375 -5.1372275 0.0414182 0.9209480 -0.0021934 -0.3874718
143.619600 2.7110572 -0.3711761 -5.2834501 0.0380034 0.9215974 -0.0059633 -0.3862362
143.827000 2.5646610 -0.3716978 -5.4288640 0.0401140 0.9218600 -0.0070925 -0.3853761
144.034400 2.4162719 -0.3713053 -5.5751958 0.0435406 0.9220014 -0.0064517 -0.3846765
144.241700 2.2686386 -0.3705622 -5.7225928 0.0418804 0.9218214 -0.0068703 -0.3852845
144.449100 2.1216569 -0.3696163 -5.8692360 0.0403942 0.9215052 -0.0068857 -0.3861982
144.656500 1.9719026 -0.3692488 -6.0174317 0.0402382 0.9210749 -0.0052218 -0.3872657
144.864000 1.8255439 -0.3691731 -6.1627445 0.0393208 0.9202595 -0.0044056 -0.3893030
145.175400 1.6009641 -0.3684177 -6.3822784 0.0395253 0.9184586 -0.0041999 -0.3935147
145.486600 1.3700998 -0.3662634 -6.6014676 0.0386223 0.9170419 -0.0022528 -0.3969099
145.797700 1.1361165 -0.3628439 -6.8213472 0.0394979 0.9159278 -0.0036967 -0.3993778
146.212500 0.8226435 -0.3599996 -7.1113405 0.0383425 0.9155418 -0.0013309 -0.4003889
146.419900 0.6672227 -0.3579100 -7.2567072 0.0372622 0.9152533 0.0001457 -0.4011520
146.730900 0.4343741 -0.3546780 -7.4723101 0.0379025 0.9154643 -0.0068880 -0.4005510
146.834600 0.3555710 -0.3547830 -7.5457211 0.0366375 0.9155905 -0.0060142 -0.4003943
147.042000 0.1981707 -0.3543062 -7.6925964 0.0374745 0.9158574 -0.0027358 -0.3997418
147.249400 0.0417497 -0.3527690 -7.8380299 0.0391225 0.9159266 -0.0042752 -0.3994114
147.456900 -0.1150131 -0.3533596 -7.9839754 0.0416318 0.9158267 -0.0048657 -0.3993801
147.664300 -0.2711744 -0.3528932 -8.1284971 0.0418666 0.9161314 -0.0059239 -0.3986419
147.871800 -0.4270520 -0.3521461 -8.2757282 0.0411759 0.9164255 -0.0043071 -0.3980581
148.079200 -0.5826437 -0.3501822 -8.4225845 0.0384181 0.9168472 -0.0032227 -0.3973725
148.286700 -0.7361259 -0.3491673 -8.5671673 0.0384414 0.9171700 -0.0024235 -0.3966302
148.494100 -0.8889365 -0.3479905 -8.7114220 0.0373667 0.9175953 -0.0040015 -0.3957357
148.701600 -1.0415328 -0.3477546 -8.8560162 0.0359133 0.9179885 -0.0045849 -0.3949512
148.909000 -1.1915224 -0.3476679 -9.0010090 0.0356940 0.9181486 -0.0032108 -0.3946120
149.012800 -1.2673311 -0.3470581 -9.0739880 0.0352058 0.9183041 -0.0028980 -0.3942966
149.116400 -1.3428349 -0.3458073 -9.1465397 0.0358293 0.9182557 -0.0030304 -0.3943521
149.220100 -1.4187725 -0.3448058 -9.2192192 0.0326805 0.9185778 -0.0024056 -0.3938793
149.323900 -1.4938109 -0.3450843 -9.2910957 0.0321023 0.9185563 -0.0032814 -0.3939707
149.427500 -1.5686717 -0.3449434 -9.3637371 0.0288431 0.9188010 -0.0028050 -0.3936559
149.634900 -1.7195828 -0.3448340 -9.5099945 0.0295918 0.9187793 0.0002199 -0.3936608
149.738600 -1.7949491 -0.3446111 -9.5824871 0.0295397 0.9190380 -0.0009839 -0.3930593
149.946100 -1.9444344 -0.3441119 -9.7265053 0.0291375 0.9191192 -0.0009469 -0.3928995
150.049700 -2.0193486 -0.3435384 -9.7994137 0.0282854 0.9191830 -0.0003834 -0.3928135
150.257200 -2.1686783 -0.3434480 -9.9437046 0.0284900 0.9193380 -0.0021834 -0.3924297
150.361000 -2.2432635 -0.3435357 -10.0157452 0.0288945 0.9193988 -0.0030723 -0.3922519
150.464700 -2.3184321 -0.3438423 -10.0881653 0.0303530 0.9194959 -0.0031079 -0.3919136
150.672100 -2.4685416 -0.3438013 -10.2314510 0.0306206 0.9199258 -0.0026457 -0.3908861
150.775700 -2.5376232 -0.3440835 -10.3016663 0.0283424 0.9200744 -0.0019090 -0.3907124
151.086900 -2.7596464 -0.3450285 -10.5176601 0.0234383 0.9203352 -0.0023647 -0.3904204
151.294200 -2.9073088 -0.3462698 -10.6606770 0.0225503 0.9205580 -0.0021576 -0.3899483
151.605500 -3.1238804 -0.3487263 -10.8769188 0.0210855 0.9206799 -0.0050982 -0.3897152
151.813000 -3.2694507 -0.3512008 -11.0209160 0.0203771 0.9207319 -0.0057572 -0.3896208
152.020400 -3.4162035 -0.3542430 -11.1659307 0.0150855 0.9206625 -0.0077168 -0.3899915
152.227900 -3.5581212 -0.3589520 -11.3066940 0.0106827 0.9205431 -0.0066952 -0.3904377
152.435200 -3.7027712 -0.3631428 -11.4475784 0.0103210 0.9208903 -0.0046543 -0.3896573
152.642600 -3.8443437 -0.3677205 -11.5872173 0.0098573 0.9217392 -0.0074085 -0.3876143
152.746200 -3.9139302 -0.3704333 -11.6560745 0.0108872 0.9221646 -0.0107593 -0.3864948
152.849900 -3.9840426 -0.3734255 -11.7249269 0.0139627 0.9226762 -0.0122209 -0.3851290
152.953500 -4.0539217 -0.3762047 -11.7938099 0.0180136 0.9232844 -0.0122630 -0.3834983
153.160900 -4.1895342 -0.3814305 -11.9297295 0.0201707 0.9249247 -0.0106867 -0.3794644
153.264500 -4.2558899 -0.3838064 -11.9987011 0.0192718 0.9255079 -0.0096809 -0.3781137
153.368200 -4.3210058 -0.3863601 -12.0669918 0.0173529 0.9260885 -0.0095926 -0.3767850
153.472000 -4.3853731 -0.3892620 -12.1336374 0.0175735 0.9267484 -0.0121010 -0.3750763
153.679400 -4.5106015 -0.3957046 -12.2651138 0.0188877 0.9277068 -0.0161337 -0.3724822
153.886700 -4.6305547 -0.4023374 -12.3929548 0.0135303 0.9286304 -0.0142434 -0.3704857
154.094200 -4.7456121 -0.4085207 -12.5199699 0.0063285 0.9290344 -0.0114656 -0.3697616
154.301600 -4.8559246 -0.4158676 -12.6408720 0.0008591 0.9296929 -0.0069486 -0.3682690
154.509300 -4.9585667 -0.4217157 -12.7554140 -0.0097062 0.9295751 -0.0074477 -0.3684298
154.716900 -5.0564117 -0.4277053 -12.8642216 -0.0189647 0.9276997 -0.0001982 -0.3728453
155.028600 -5.1940546 -0.4360048 -13.0090857 -0.0322820 0.9211618 0.0036213 -0.3878218
155.236600 -5.2814741 -0.4413812 -13.0929937 -0.0399204 0.9142107 0.0049921 -0.4032370
155.653000 -5.4458275 -0.4523385 -13.2306938 -0.0495415 0.8890095 0.0088443 -0.4551147
155.861400 -5.5264158 -0.4587094 -13.2820587 -0.0491293 0.8712404 0.0085034 -0.4883177
156.173700 -5.6438394 -0.4675166 -13.3386078 0.0452291 -0.8390591 -0.0053047 0.5421310
156.382000 -5.7213755 -0.4727883 -13.3670349 0.0373737 -0.8135048 -0.0051549 0.5803331
156.590200 -5.8011951 -0.4764304 -13.3861713 0.0311951 -0.7815775 -0.0103039 0.6229426
156.798600 -5.8793325 -0.4807347 -13.3938684 0.0224538 -0.7431377 -0.0137563 0.6686202
157.110900 -5.9931254 -0.4840236 -13.3875484 0.0162378 -0.6811410 -0.0156743 0.7318044
157.422700 -6.1020088 -0.4868896 -13.3631277 0.0150198 -0.6150926 -0.0156723 0.7881560
157.630500 -6.1713452 -0.4888727 -13.3361425 0.0161669 -0.5691083 -0.0155025 0.8219575
157.838200 -6.2382183 -0.4914191 -13.3021059 0.0188441 -0.5210519 -0.0157764 0.8531711
158.045900 -6.3008370 -0.4933014 -13.2581682 0.0172153 -0.4722228 -0.0168915 0.8811492
158.253500 -6.3609958 -0.4964893 -13.2064953 0.0128917 -0.4219704 -0.0185714 0.9063277
158.461100 -6.4172707 -0.4981927 -13.1471949 0.0116069 -0.3718236 -0.0202006 0.9280110
158.668600 -6.4678178 -0.4996770 -13.0799551 0.0128874 -0.3229056 -0.0193594 0.9461454
158.876100 -6.5134201 -0.5015160 -13.0045090 0.0127409 -0.2749858 -0.0167309 0.9612183
159.083500 -6.5528274 -0.5039407 -12.9218559 0.0116918 -0.2284165 -0.0136959 0.9733970
159.290900 -6.5862055 -0.5068136 -12.8333788 0.0102040 -0.1852682 -0.0110474 0.9825729
159.394500 -6.6006837 -0.5084356 -12.7872200 0.0102384 -0.1657696 -0.0105858 0.9860545
159.498100 -6.6140971 -0.5094830 -12.7393742 0.0109501 -0.1481813 -0.0094842 0.9888541
159.601700 -6.6260657 -0.5113304 -12.6905622 0.0116879 -0.1324520 -0.0077838 0.9910899
159.705200 -6.6370420 -0.5128726 -12.6399899 0.0128356 -0.1181219 -0.0054125 0.9929014
159.808900 -6.6470222 -0.5148766 -12.5889015 0.0141676 -0.1053864 -0.0047694 0.9943190
160.016100 -6.6655474 -0.5187506 -12.4827919 0.0151356 -0.0847516 -0.0028081 0.9962832
160.223400 -6.6801910 -0.5231128 -12.3725405 0.0136883 -0.0710050 0.0000361 0.9973820
160.430500 -6.6945457 -0.5270600 -12.2581663 0.0113889 -0.0635837 0.0035575 0.9979052
160.637900 -6.7085242 -0.5307166 -12.1401415 0.0084751 -0.0600253 0.0056222 0.9981450
160.845200 -6.7232552 -0.5340016 -12.0185699 0.0087859 -0.0588772 0.0050404 0.9982138
161.052600 -6.7374949 -0.5373173 -11.8941174 0.0075317 -0.0575104 0.0073418 0.9982895
161.260100 -6.7527733 -0.5403538 -11.7674971 0.0063599 -0.0561207 0.0069691 0.9983794
161.467500 -6.7663016 -0.5430298 -11.6381645 0.0055756 -0.0550518 0.0088159 0.9984290
161.675000 -6.7804594 -0.5456525 -11.5046444 0.0029209 -0.0534489 0.0111515 0.9985040
161.882500 -6.7940421 -0.5481369 -11.3717060 0.0011586 -0.0519955 0.0132177 0.9985592
162.089900 -6.8071489 -0.5503994 -11.2401237 0.0005408 -0.0507872 0.0164374 0.9985741
162.297200 -6.8193474 -0.5527312 -11.1112518 -0.0037320 -0.0496433 0.0186974 0.9985850
162.504600 -6.8322186 -0.5547680 -10.9842043 -0.0059605 -0.0498581 0.0195925 0.9985463
162.712100 -6.8457460 -0.5556319 -10.8602448 -0.0041014 -0.0514092 0.0206048 0.9984567
163.023300 -6.8662529 -0.5580847 -10.6788998 -0.0030294 -0.0550663 0.0162776 0.9983454
163.230800 -6.8800535 -0.5597925 -10.5613995 -0.0091364 -0.0582835 0.0162430 0.9981261
163.438300 -6.8950186 -0.5604426 -10.4481335 -0.0076114 -0.0622195 0.0136039 0.9979407
163.645800 -6.9111886 -0.5605563 -10.3367481 -0.0108842 -0.0671120 0.0122010 0.9976115
163.853300 -6.9276371 -0.5608834 -10.2277384 -0.0142778 -0.0739648 0.0126113 0.9970789
164.060600 -6.9467683 -0.5594882 -10.1199856 -0.0085075 -0.0832941 0.0136941 0.9963946
164.164400 -6.9566402 -0.5594988 -10.0665359 -0.0073404 -0.0884622 0.0149407 0.9959404
164.268100 -6.9674177 -0.5592977 -10.0119305 -0.0074996 -0.0944043 0.0152679 0.9953886
164.475600 -6.9907842 -0.5594921 -9.9033833 -0.0105951 -0.1056006 0.0162488 0.9942194
164.683000 -7.0171146 -0.5591900 -9.7942286 -0.0099350 -0.1169543 0.0156052 0.9929650
164.786700 -7.0314217 -0.5592772 -9.7403250 -0.0075000 -0.1222257 0.0156127 0.9923512
164.994400 -7.0620093 -0.5595661 -9.6320381 -0.0036021 -0.1319443 0.0173104 0.9910994
