0.000000 0.0000000 0.0000000 0.0000000 0.0000000 0.0000000 0.0000000 1.0000000
0.103391 -0.0003676 -0.0002348 0.0821760 0.0022544 0.0007409 -0.0003965 0.9999971
0.207106 -0.0002916 -0.0000357 0.1636189 0.0027351 0.0011066 0.0006272 0.9999955
0.310262 -0.0004809 -0.0000459 0.2456068 0.0007152 0.0012543 0.0014532 0.9999979
0.413621 -0.0002157 -0.0002626 0.3270112 -0.0023690 0.0008612 0.0026262 0.9999934
0.517929 -0.0001403 -0.0000065 0.4075325 -0.0023523 0.0002016 0.0044439 0.9999874
0.620389 -0.0001467 0.0003408 0.4875263 -0.0008724 -0.0002121 0.0056203 0.9999838
0.724219 -0.0001144 0.0004914 0.5668669 0.0008277 -0.0006954 0.0060109 0.9999813
0.827211 -0.0005481 0.0005506 0.6465858 0.0011160 -0.0010705 0.0058052 0.9999819
0.930557 -0.0014164 0.0004878 0.7255865 0.0002177 -0.0014916 0.0056323 0.9999830
1.034070 -0.0017392 0.0004464 0.8049642 -0.0012461 -0.0019236 0.0055388 0.9999821
1.244258 -0.0030858 0.0010460 0.9621978 -0.0024240 -0.0025957 0.0061726 0.9999746
1.344229 -0.0036088 0.0013688 1.0405476 -0.0023003 -0.0030514 0.0062790 0.9999730
1.447568 -0.0045064 0.0015357 1.1180596 -0.0016884 -0.0034372 0.0064680 0.9999717
1.551083 -0.0057169 0.0020527 1.1956289 -0.0006059 -0.0040343 0.0067035 0.9999692
1.757843 -0.0076637 0.0025271 1.3496617 0.0003826 -0.0056634 0.0072210 0.9999578
1.964724 -0.0104022 0.0022598 1.5026864 0.0008251 -0.0074233 0.0058342 0.9999551
2.171620 -0.0133498 0.0020351 1.6549838 -0.0003566 -0.0090093 0.0058987 0.9999419
2.378626 -0.0171550 0.0020553 1.8041600 -0.0005585 -0.0102142 0.0061043 0.9999291
2.585514 -0.0211957 0.0020625 1.9522336 -0.0005301 -0.0116101 0.0060784 0.9999140
2.793694 -0.0255758 0.0022921 2.0979023 -0.0029898 -0.0124580 0.0063924 0.9998975
2.999556 -0.0298194 0.0027291 2.2393456 -0.0031884 -0.0131491 0.0060659 0.9998901
3.206573 -0.0347805 0.0033176 2.3759093 -0.0009190 -0.0138149 0.0051520 0.9998909
3.413963 -0.0398321 0.0036692 2.5104170 -0.0004208 -0.0148068 0.0045664 0.9998798
3.620721 -0.0438480 0.0031124 2.6429222 -0.0000926 -0.0170543 0.0046557 0.9998437
3.827725 -0.0491063 0.0037952 2.7722516 -0.0017385 -0.0190691 0.0049499 0.9998044
4.034871 -0.0554712 0.0038730 2.8980575 -0.0026108 -0.0209060 0.0038225 0.9997707
4.243437 -0.0617196 0.0043966 3.0204041 -0.0017602 -0.0228421 0.0017993 0.9997359
4.449183 -0.0685757 0.0050659 3.1396413 -0.0032094 -0.0241326 0.0008940 0.9997032
4.656235 -0.0751438 0.0050059 3.2551544 -0.0024218 -0.0236199 -0.0019982 0.9997161
4.760815 -0.0780495 0.0050311 3.3107266 -0.0009062 -0.0227508 -0.0028574 0.9997367
4.966824 -0.0829123 0.0058948 3.4214056 -0.0002789 -0.0201972 -0.0036420 0.9997894
5.174268 -0.0884405 0.0058981 3.5289106 -0.0032821 -0.0165401 -0.0081019 0.9998250
5.381142 -0.0921654 0.0067120 3.6303232 -0.0038363 -0.0117553 -0.0124081 0.9998466
5.588095 -0.0949747 0.0070014 3.7260683 -0.0056366 -0.0055770 -0.0170246 0.9998236
5.795223 -0.0954226 0.0068083 3.8145838 -0.0057362 0.0015514 -0.0204292 0.9997736
6.002373 -0.0956291 0.0072362 3.8956759 -0.0043609 0.0093177 -0.0247951 0.9996396
6.209506 -0.0937585 0.0075229 3.9701462 -0.0028980 0.0172707 -0.0260784 0.9995065
6.416516 -0.0902989 0.0076715 4.0374122 -0.0041240 0.0253255 -0.0266735 0.9993148
7.245330 -0.0698106 0.0068862 4.2333031 0.0005018 0.0692240 -0.0318686 0.9970918
7.866988 -0.0384880 0.0058332 4.3584390 0.0023633 0.1260870 -0.0333796 0.9914547
8.074250 -0.0236273 0.0050830 4.3984842 0.0030095 0.1503174 -0.0344678 0.9880322
8.385961 0.0038109 0.0030847 4.4586558 0.0027102 0.1928216 -0.0375318 0.9805120
8.696029 0.0410963 0.0006911 4.5163717 0.0062228 0.2446544 -0.0342165 0.9689865
8.903911 0.0707407 -0.0008676 4.5544324 0.0096358 0.2836106 -0.0352187 0.9582441
9.317832 0.1467891 -0.0055210 4.6329799 0.0108087 0.3707252 -0.0415683 0.9277490
9.525112 0.1979387 -0.0088504 4.6719794 0.0111691 0.4189363 -0.0396434 0.9070810
9.732384 0.2584543 -0.0121919 4.7093029 0.0126218 0.4688874 -0.0389460 0.8823086
9.939685 0.3284841 -0.0163897 4.7422085 0.0124377 0.5179685 -0.0378735 0.8544703
10.146770 0.4061289 -0.0205850 4.7702160 0.0091321 0.5639335 -0.0392538 0.8248362
10.353670 0.4897196 -0.0256283 4.7898412 0.0125463 0.6053880 -0.0356576 0.7950324
10.562990 0.5809573 -0.0305144 4.8016672 0.0180387 0.6404610 -0.0273956 0.7672899
10.767050 0.6773206 -0.0357877 4.8097062 0.0227032 0.6677936 -0.0248943 0.7435836
10.973420 0.7794573 -0.0418410 4.8126736 0.0259541 0.6878707 -0.0196099 0.7251040
11.077200 0.8323360 -0.0444309 4.8128934 0.0269972 0.6951118 -0.0178321 0.7181733
11.284150 0.9417886 -0.0503521 4.8128386 0.0282796 0.7056345 -0.0175544 0.7077938
11.385900 0.9980709 -0.0536290 4.8119884 0.0287443 0.7097796 -0.0175877 0.7036173
11.488980 1.0556890 -0.0570345 4.8099842 0.0312578 0.7129324 -0.0170072 0.7003292
11.592550 1.1145633 -0.0600085 4.8078394 0.0334288 0.7152097 -0.0162572 0.6979207
11.799490 1.2370547 -0.0664148 4.8043880 0.0315365 0.7181662 -0.0158049 0.6949769
12.004820 1.3637264 -0.0732510 4.8002605 0.0269151 0.7195854 -0.0115841 0.6937854
12.211190 1.4940213 -0.0802521 4.7944937 0.0287870 0.7196369 -0.0093243 0.6936909
12.417650 1.6266191 -0.0863571 4.7902937 0.0349096 0.7184941 -0.0142236 0.6945108
12.624550 1.7648076 -0.0933999 4.7865977 0.0337535 0.7170790 -0.0129285 0.6960540
12.830730 1.9043658 -0.1021345 4.7841530 0.0299668 0.7153569 -0.0109205 0.6980309
13.037710 2.0423691 -0.1097681 4.7801023 0.0372395 0.7129439 -0.0114935 0.7001372
13.244210 2.1818655 -0.1179234 4.7808251 0.0325531 0.7109908 -0.0142266 0.7023033
13.452770 2.3228407 -0.1273485 4.7789955 0.0347409 0.7080892 -0.0102371 0.7051936
13.657960 2.4629683 -0.1359925 4.7803402 0.0353648 0.7057945 -0.0133476 0.7074075
13.864670 2.6048059 -0.1452038 4.7811542 0.0353536 0.7031802 -0.0107852 0.7100503
14.071640 2.7463946 -0.1540484 4.7824893 0.0385754 0.7006524 -0.0088043 0.7124048
14.382120 2.9589701 -0.1677266 4.7878041 0.0392248 0.6972135 -0.0062895 0.7157620
14.588970 3.1011989 -0.1763893 4.7936473 0.0383643 0.6951492 -0.0086865 0.7177885
14.899490 3.3169835 -0.1892038 4.8020320 0.0379000 0.6921582 -0.0094237 0.7206885
15.209870 3.5332963 -0.2036556 4.8147397 0.0379031 0.6888514 -0.0131799 0.7237910
15.416750 3.6796079 -0.2129908 4.8236508 0.0376852 0.6863985 -0.0166724 0.7260571
15.623920 3.8281684 -0.2237550 4.8344355 0.0370249 0.6841819 -0.0170465 0.7281715
15.830620 3.9778638 -0.2342599 4.8459005 0.0362113 0.6813796 -0.0193827 0.7307769
16.039410 4.1295443 -0.2449746 4.8579793 0.0355090 0.6779983 -0.0188378 0.7339636
16.244300 4.2819862 -0.2570112 4.8737869 0.0380598 0.6738864 -0.0246454 0.7374423
16.554450 4.5129042 -0.2756950 4.9012251 0.0374897 0.6656312 -0.0295954 0.7447508
16.761400 4.6676974 -0.2898016 4.9209528 0.0352429 0.6600603 -0.0279946 0.7498630
16.968080 4.8241086 -0.3021665 4.9445801 0.0289686 0.6546615 -0.0250684 0.7549508
17.279480 5.0523877 -0.3196920 4.9822898 0.0317491 0.6467093 -0.0265991 0.7616112
17.485440 5.2007785 -0.3319862 5.0090857 0.0333824 0.6426650 -0.0295276 0.7648499
17.693880 5.3471670 -0.3445782 5.0367603 0.0328494 0.6385664 -0.0278373 0.7683612
17.899360 5.4907436 -0.3559578 5.0652990 0.0274237 0.6357260 -0.0239625 0.7710552
18.106340 5.6306386 -0.3662708 5.0952406 0.0242995 0.6331963 -0.0243387 0.7732267
18.313370 5.7658405 -0.3760840 5.1242175 0.0244085 0.6315840 -0.0284718 0.7743999
18.520470 5.8979068 -0.3861099 5.1540818 0.0276192 0.6299511 -0.0319415 0.7754860
18.727490 6.0263152 -0.3960651 5.1825848 0.0279196 0.6286637 -0.0330165 0.7764743
18.934680 6.1519337 -0.4067744 5.2097874 0.0258697 0.6281307 -0.0311068 0.7770553
19.141510 6.2736788 -0.4166095 5.2368851 0.0253668 0.6289411 -0.0302042 0.7764518
19.351800 6.3914881 -0.4268284 5.2625685 0.0255997 0.6304564 -0.0322380 0.7751323
19.557750 6.5063767 -0.4359098 5.2861185 0.0291128 0.6320004 -0.0323734 0.7737441
19.763960 6.6173282 -0.4449977 5.3084998 0.0268601 0.6339458 -0.0315427 0.7722669
19.969850 6.7260675 -0.4544136 5.3290963 0.0265688 0.6355449 -0.0285405 0.7710786
20.177180 6.8304925 -0.4626916 5.3486719 0.0309842 0.6372869 -0.0271557 0.7695245
20.487640 6.9866800 -0.4756216 5.3777003 0.0323443 0.6388648 -0.0275638 0.7681444
20.694250 7.0920987 -0.4828474 5.3960910 0.0354530 0.6379157 -0.0230133 0.7689454
21.004610 7.2506876 -0.4963868 5.4276662 0.0349624 0.6336414 -0.0231422 0.7724900
21.316100 7.4140320 -0.5083109 5.4641352 0.0341884 0.6246715 -0.0221793 0.7798236
21.624800 7.5802722 -0.5213509 5.5082846 0.0320960 0.6131191 -0.0260049 0.7889097
21.833000 7.6941600 -0.5300705 5.5418491 0.0314677 0.6046917 -0.0296820 0.7952840
22.038410 7.8113914 -0.5390512 5.5787182 0.0311915 0.5962421 -0.0316215 0.8015750
22.245290 7.9325070 -0.5479338 5.6196423 0.0300816 0.5874357 -0.0336307 0.8080120
22.452170 8.0569820 -0.5573893 5.6632042 0.0272323 0.5786480 -0.0282968 0.8146313
22.659440 8.1857328 -0.5666909 5.7122931 0.0246491 0.5695565 -0.0256002 0.8211836
22.865960 8.3178616 -0.5740973 5.7635226 0.0272756 0.5617828 -0.0191230 0.8266138
23.072970 8.4548473 -0.5820846 5.8179646 0.0279828 0.5556976 -0.0104383 0.8308479
23.280040 8.5907326 -0.5902569 5.8761945 0.0330744 0.5490136 -0.0112849 0.8350825
23.590650 8.7931795 -0.6047227 5.9683375 0.0349019 0.5410770 -0.0149039 0.8401164
23.798210 8.9240179 -0.6157217 6.0315371 0.0347633 0.5373220 -0.0192323 0.8424409
24.004580 9.0522404 -0.6268593 6.0940967 0.0354995 0.5336966 -0.0228342 0.8446220
24.213210 9.1768599 -0.6378510 6.1546574 0.0335453 0.5298903 -0.0212928 0.8471349
24.422100 9.2976265 -0.6487380 6.2156582 0.0311464 0.5267293 -0.0210559 0.8492013
24.625310 9.4149857 -0.6581371 6.2759233 0.0320566 0.5237602 -0.0217801 0.8509837
24.832200 9.5294247 -0.6676080 6.3336263 0.0326840 0.5218346 -0.0197361 0.8521918
25.039090 9.6396332 -0.6771349 6.3913856 0.0325582 0.5200801 -0.0193630 0.8532770
25.245970 9.7459650 -0.6863366 6.4470572 0.0346429 0.5174747 -0.0191990 0.8547814
25.452750 9.8494034 -0.6955440 6.5013595 0.0359438 0.5143856 -0.0169536 0.8566377
25.659630 9.9488220 -0.7045841 6.5559411 0.0365347 0.5113025 -0.0158350 0.8584778
25.866530 10.0462160 -0.7126845 6.6099019 0.0374171 0.5079774 -0.0148478 0.8604292
26.074530 10.1414423 -0.7213172 6.6641970 0.0392369 0.5040864 -0.0146620 0.8626369
26.384510 10.2801056 -0.7348457 6.7470098 0.0426200 0.4956540 -0.0224424 0.8671834
26.693580 10.4191446 -0.7488309 6.8360825 0.0426427 0.4861773 -0.0293030 0.8723271
27.003850 10.5626202 -0.7644650 6.9317751 0.0307341 0.4769457 -0.0330476 0.8777733
27.210600 10.6611309 -0.7740058 7.0016208 0.0278110 0.4704318 -0.0356204 0.8812785
27.520750 10.8132238 -0.7875578 7.1102476 0.0288219 0.4599805 -0.0405240 0.8865354
27.831080 10.9731903 -0.8022477 7.2322102 0.0248523 0.4490712 -0.0433025 0.8921000
28.141050 11.1364164 -0.8175120 7.3635335 0.0226891 0.4362808 -0.0444227 0.8984269
28.348030 11.2502232 -0.8264399 7.4578991 0.0224935 0.4276030 -0.0453309 0.9025490
28.554810 11.3660183 -0.8368026 7.5558286 0.0219122 0.4223307 -0.0444252 0.9050873
28.761830 11.4852200 -0.8481153 7.6579881 0.0234337 0.4185638 -0.0399619 0.9070051
28.970690 11.6077385 -0.8578417 7.7623148 0.0246792 0.4144674 -0.0327688 0.9091391
29.176740 11.7313547 -0.8678610 7.8721819 0.0242858 0.4109165 -0.0293407 0.9108770
29.384830 11.8537712 -0.8781117 7.9833541 0.0243217 0.4068145 -0.0328552 0.9125957
29.589380 11.9777212 -0.8876827 8.0991411 0.0209967 0.4031070 -0.0344938 0.9142615
29.796330 12.1028538 -0.8965567 8.2175093 0.0144839 0.3988827 -0.0329524 0.9162952
29.899820 12.1657944 -0.9009055 8.2771730 0.0133492 0.3961263 -0.0312052 0.9175685
30.106560 12.2917700 -0.9087692 8.3965778 0.0199965 0.3901964 -0.0251282 0.9201714
30.313330 12.4161930 -0.9181524 8.5196819 0.0272492 0.3833052 -0.0231592 0.9229292
30.520070 12.5404987 -0.9286443 8.6471815 0.0257478 0.3759103 -0.0185636 0.9261123
30.726980 12.6636963 -0.9392616 8.7762260 0.0298716 0.3692584 -0.0164467 0.9287009
30.933840 12.7849274 -0.9500604 8.9085770 0.0302689 0.3647751 -0.0159476 0.9304669
31.142770 12.9077168 -0.9605909 9.0412102 0.0282990 0.3622253 -0.0113201 0.9315921
31.347740 13.0303459 -0.9700381 9.1763210 0.0271524 0.3616323 -0.0088323 0.9318835
31.555590 13.1515713 -0.9800130 9.3102169 0.0267701 0.3620917 -0.0104764 0.9316991
31.763200 13.2722492 -0.9891878 9.4444656 0.0269591 0.3641471 -0.0143208 0.9308410
31.970850 13.3928299 -0.9994778 9.5777826 0.0251087 0.3672027 -0.0174243 0.9296387
32.176640 13.5150356 -1.0090157 9.7085314 0.0223554 0.3703335 -0.0173833 0.9284671
32.382560 13.6361618 -1.0187619 9.8363533 0.0245008 0.3741566 -0.0166600 0.9268921
32.589890 13.7568760 -1.0284297 9.9636574 0.0301607 0.3786047 -0.0236424 0.9247648
32.796560 13.8804607 -1.0400467 10.0893202 0.0246660 0.3833210 -0.0239747 0.9229744
33.003430 14.0022230 -1.0503564 10.2120237 0.0222906 0.3879150 -0.0236386 0.9211223
33.211600 14.1260395 -1.0602250 10.3315725 0.0240380 0.3918732 -0.0217706 0.9194475
33.417090 14.2510653 -1.0702593 10.4505606 0.0277273 0.3965748 -0.0204059 0.9173567
33.623980 14.3760204 -1.0811646 10.5675049 0.0268969 0.4015380 -0.0219218 0.9151848
33.830820 14.5036831 -1.0912493 10.6840563 0.0270244 0.4079194 -0.0228007 0.9123331
34.037880 14.6316423 -1.1019397 10.7994785 0.0304160 0.4153409 -0.0281315 0.9087219
34.244700 14.7627115 -1.1133509 10.9106560 0.0276002 0.4230387 -0.0279099 0.9052610
34.451590 14.9002094 -1.1250737 11.0252132 0.0188726 0.4313547 -0.0269813 0.9015813
34.764710 15.1093636 -1.1378689 11.1893187 0.0213433 0.4437225 -0.0271278 0.8954992
34.969030 15.2513123 -1.1486545 11.2949209 0.0288730 0.4516495 -0.0287516 0.8912645
35.279490 15.4694948 -1.1668319 11.4487371 0.0263436 0.4634375 -0.0238159 0.8854177
35.486280 15.6134720 -1.1787128 11.5467348 0.0271946 0.4704377 -0.0228061 0.8817192
35.693160 15.7571936 -1.1899166 11.6409521 0.0253182 0.4758438 -0.0188827 0.8789625
35.900040 15.8976011 -1.2009647 11.7328777 0.0243822 0.4806887 -0.0199082 0.8763261
36.108200 16.0356445 -1.2111781 11.8214378 0.0290116 0.4841894 -0.0223036 0.8741976
36.313700 16.1718273 -1.2213190 11.9068069 0.0270585 0.4873062 -0.0220202 0.8725340
36.520460 16.3071041 -1.2310635 11.9880219 0.0243336 0.4898341 -0.0157839 0.8713331
36.623970 16.3734837 -1.2357790 12.0277185 0.0261437 0.4911228 -0.0137344 0.8705896
36.830740 16.5032558 -1.2455190 12.1063919 0.0303151 0.4932755 -0.0168832 0.8691808
37.040370 16.6308823 -1.2555153 12.1826172 0.0362430 0.4953395 -0.0190938 0.8677330
37.244700 16.7579556 -1.2656769 12.2574139 0.0250973 0.4982635 -0.0173408 0.8664888
37.451400 16.8816967 -1.2748927 12.3322153 0.0197438 0.5008961 -0.0196326 0.8650594
37.658150 17.0035000 -1.2823243 12.4019403 0.0240694 0.5033735 -0.0196820 0.8635094
37.865070 17.1227551 -1.2901819 12.4697380 0.0226396 0.5058233 -0.0194312 0.8621210
38.072390 17.2390919 -1.2983532 12.5343876 0.0231143 0.5083835 -0.0188862 0.8606133
38.278810 17.3540401 -1.3066641 12.5972633 0.0250763 0.5122161 -0.0195664 0.8582674
38.485830 17.4665546 -1.3138858 12.6574411 0.0270312 0.5169190 -0.0209986 0.8553497
38.692720 17.5788231 -1.3228104 12.7154255 0.0307476 0.5227399 -0.0218090 0.8516583
38.899920 17.6938496 -1.3313575 12.7730093 0.0296175 0.5287800 -0.0249936 0.8478737
39.106870 17.8110542 -1.3402109 12.8292513 0.0286771 0.5346732 -0.0270294 0.8441396
39.313880 17.9300404 -1.3501921 12.8850708 0.0300536 0.5413719 -0.0305829 0.8396892
39.520900 18.0532131 -1.3599644 12.9397612 0.0311325 0.5479256 -0.0337031 0.8352679
39.624300 18.1157742 -1.3658023 12.9669495 0.0317709 0.5513347 -0.0346772 0.8329575
39.831290 18.2455006 -1.3772378 13.0202618 0.0336409 0.5578359 -0.0350465 0.8285283
40.038300 18.3793316 -1.3889985 13.0723495 0.0331267 0.5644311 -0.0331935 0.8241470
40.141680 18.4478455 -1.3948333 13.0987988 0.0312709 0.5677811 -0.0331207 0.8219184
40.350540 18.5899715 -1.4061277 13.1504345 0.0297519 0.5733345 -0.0295355 0.8182482
40.556060 18.7370529 -1.4169984 13.2025356 0.0250120 0.5782760 -0.0259725 0.8150439
40.764080 18.8853912 -1.4280542 13.2517452 0.0314562 0.5823492 -0.0255069 0.8119293
40.969360 19.0348587 -1.4389160 13.2999477 0.0433973 0.5858451 -0.0281396 0.8087709
41.176820 19.1932316 -1.4530950 13.3488331 0.0433272 0.5898239 -0.0205537 0.8061067
41.385110 19.3534107 -1.4675916 13.3978510 0.0429504 0.5937184 -0.0210516 0.8032500
41.592690 19.5133572 -1.4817731 13.4477177 0.0446456 0.5975378 -0.0274409 0.8001265
41.796670 19.6777763 -1.4976003 13.4958839 0.0389411 0.6022085 -0.0266190 0.7969441
42.003560 19.8449554 -1.5120893 13.5431309 0.0398650 0.6064588 -0.0291677 0.7935790
42.313830 20.1011429 -1.5357707 13.6099634 0.0426482 0.6118043 -0.0257100 0.7894400
42.520590 20.2735691 -1.5520588 13.6535645 0.0427255 0.6145537 -0.0245754 0.7873336
42.727360 20.4469776 -1.5676742 13.6972017 0.0404768 0.6168244 -0.0243205 0.7856830
42.934150 20.6203537 -1.5836701 13.7406788 0.0392207 0.6185241 -0.0269054 0.7843250
43.140760 20.7953949 -1.5990610 13.7826252 0.0395697 0.6199602 -0.0275007 0.7831522
43.347610 20.9684849 -1.6144031 13.8248844 0.0375057 0.6212485 -0.0254083 0.7823030
43.555160 21.1443539 -1.6299230 13.8652401 0.0373590 0.6224924 -0.0255549 0.7813159
43.762280 21.3169765 -1.6457334 13.9049492 0.0413471 0.6238038 -0.0281144 0.7799801
43.971430 21.4899807 -1.6625242 13.9446239 0.0389857 0.6261334 -0.0283073 0.7782260
44.278660 21.7500515 -1.6858228 14.0012913 0.0348515 0.6305261 -0.0255300 0.7749648
44.485720 21.9222069 -1.7004561 14.0369749 0.0357921 0.6338449 -0.0257038 0.7722039
44.692960 22.0948238 -1.7146238 14.0703382 0.0352446 0.6371139 -0.0252973 0.7695477
44.899580 22.2676849 -1.7290334 14.1035948 0.0342086 0.6402956 -0.0263891 0.7669126
45.107140 22.4405766 -1.7436157 14.1345558 0.0322842 0.6433843 -0.0278787 0.7643541
45.313460 22.6120453 -1.7577112 14.1660490 0.0308822 0.6460402 -0.0328600 0.7619702
45.520350 22.7806149 -1.7714072 14.1954908 0.0320130 0.6486921 -0.0369720 0.7594780
45.727180 22.9519653 -1.7872843 14.2230072 0.0291187 0.6513719 -0.0354679 0.7573696
45.933940 23.1215019 -1.8014379 14.2483673 0.0283551 0.6538914 -0.0335050 0.7553141
46.037440 23.2066555 -1.8084408 14.2603369 0.0285245 0.6550733 -0.0330660 0.7543023
46.244200 23.3761024 -1.8229887 14.2846565 0.0298351 0.6584960 -0.0350975 0.7511731
46.451100 23.5486012 -1.8359571 14.3057289 0.0295431 0.6623100 -0.0287810 0.7480938
46.554470 23.6321774 -1.8439175 14.3167419 0.0301803 0.6644621 -0.0287945 0.7461569
46.761380 23.7977638 -1.8582101 14.3337727 0.0405233 0.6675019 -0.0359998 0.7426326
46.968250 23.9652691 -1.8751328 14.3524628 0.0379371 0.6716602 -0.0375044 0.7389362
47.175200 24.1324520 -1.8916974 14.3681278 0.0322095 0.6756567 -0.0350896 0.7356761
47.278520 24.2159538 -1.8992630 14.3744774 0.0306762 0.6777822 -0.0365051 0.7337150
47.588920 24.4591122 -1.9199811 14.3933640 0.0231236 0.6858066 -0.0371059 0.7264695
47.795800 24.6187687 -1.9336504 14.4010162 0.0275208 0.6904651 -0.0367827 0.7219055
48.002630 24.7796268 -1.9474680 14.4072027 0.0283292 0.6951554 -0.0361662 0.7173900
48.209330 24.9396381 -1.9601381 14.4111195 0.0273766 0.6996085 -0.0347798 0.7131541
48.519480 25.1789989 -1.9806559 14.4134550 0.0314538 0.7041811 -0.0359003 0.7084143
48.726120 25.3385677 -1.9945918 14.4140205 0.0324753 0.7059730 -0.0324164 0.7067508
49.139410 25.6572990 -2.0222814 14.4122458 0.0356801 0.7077320 -0.0294755 0.7049635
49.346620 25.8131599 -2.0362031 14.4117327 0.0383921 0.7072618 -0.0285362 0.7053315
49.553030 25.9656277 -2.0504136 14.4117432 0.0397058 0.7061691 -0.0273356 0.7064003
49.759580 26.1140289 -2.0641053 14.4123783 0.0392863 0.7044692 -0.0255365 0.7081861
49.966330 26.2593212 -2.0768802 14.4142132 0.0370248 0.7021583 -0.0235923 0.7106661
50.172720 26.4009800 -2.0896847 14.4188337 0.0340949 0.6995807 -0.0250269 0.7133008
50.379340 26.5389557 -2.1009562 14.4230146 0.0335570 0.6966195 -0.0264544 0.7161672
50.586570 26.6733227 -2.1122463 14.4284229 0.0306341 0.6941782 -0.0255049 0.7186986
50.793430 26.8032150 -2.1225214 14.4346447 0.0299225 0.6914402 -0.0258055 0.7213523
50.999580 26.9261513 -2.1323743 14.4408302 0.0311290 0.6885681 -0.0268487 0.7240056
51.206270 27.0449696 -2.1422794 14.4489298 0.0307955 0.6862425 -0.0295636 0.7261191
51.413610 27.1580029 -2.1519742 14.4574490 0.0296020 0.6838162 -0.0311553 0.7283876
51.622300 27.2670155 -2.1608887 14.4657364 0.0293956 0.6813833 -0.0318994 0.7306402
51.826760 27.3707676 -2.1698642 14.4751139 0.0287513 0.6793647 -0.0342991 0.7324347
52.033540 27.4723167 -2.1788831 14.4843063 0.0277009 0.6770782 -0.0349044 0.7345607
52.240390 27.5694313 -2.1875100 14.4934378 0.0279427 0.6748363 -0.0356800 0.7365745
52.447130 27.6624393 -2.1956234 14.5028229 0.0290755 0.6729217 -0.0364597 0.7382423
52.654640 27.7528801 -2.2036006 14.5122204 0.0293552 0.6714690 -0.0379045 0.7394801
52.860930 27.8413162 -2.2113252 14.5220842 0.0299655 0.6705614 -0.0394076 0.7402003
53.067800 27.9297581 -2.2196212 14.5312691 0.0304810 0.6706679 -0.0395685 0.7400742
53.274690 28.0203896 -2.2277360 14.5411806 0.0290484 0.6716148 -0.0396544 0.7392681
53.481550 28.1129436 -2.2361431 14.5493431 0.0320028 0.6729857 -0.0394463 0.7379093
53.688500 28.2077751 -2.2450705 14.5572720 0.0382637 0.6744050 -0.0397961 0.7362948
53.895510 28.3073845 -2.2536185 14.5658884 0.0391156 0.6760085 -0.0413725 0.7346909
54.102390 28.4114418 -2.2646241 14.5723305 0.0411673 0.6773830 -0.0340045 0.7336901
54.412740 28.5735931 -2.2798707 14.5857811 0.0406459 0.6797996 -0.0373117 0.7313195
54.619690 28.6877136 -2.2899251 14.5917988 0.0428455 0.6807009 -0.0331614 0.7305552
54.826640 28.8048820 -2.3023338 14.6005354 0.0423065 0.6821918 -0.0342790 0.7291430
55.136960 28.9880619 -2.3200455 14.6123819 0.0442606 0.6839629 -0.0375919 0.7272019
55.447050 29.1812172 -2.3395786 14.6257887 0.0409851 0.6859612 -0.0401210 0.7253742
55.653990 29.3098907 -2.3537183 14.6322908 0.0470282 0.6868586 -0.0420238 0.7240494
55.964160 29.5121307 -2.3764038 14.6408987 0.0486494 0.6880194 -0.0371585 0.7231057
56.274290 29.7240677 -2.3994994 14.6505547 0.0507745 0.6890953 -0.0349246 0.7220456
56.584420 29.9392567 -2.4223673 14.6601353 0.0511278 0.6889589 -0.0336910 0.7222094
56.894350 30.1628895 -2.4468818 14.6723976 0.0497862 0.6878372 -0.0324444 0.7234284
57.100960 30.3151417 -2.4638114 14.6800232 0.0495816 0.6865379 -0.0305840 0.7247565
57.410890 30.5485592 -2.4874704 14.6933537 0.0507205 0.6837582 -0.0288030 0.7273738
57.720780 30.7882996 -2.5117502 14.7102251 0.0518457 0.6806799 -0.0268932 0.7302491
58.030610 31.0287876 -2.5375428 14.7295456 0.0516842 0.6774221 -0.0291125 0.7331988
58.443830 31.3516006 -2.5729046 14.7580471 0.0493175 0.6743715 -0.0295493 0.7361506
58.753660 31.5985584 -2.5973263 14.7814350 0.0499828 0.6733493 -0.0290017 0.7370626
59.063680 31.8442841 -2.6232543 14.8043871 0.0466360 0.6728645 -0.0288149 0.7377318
59.373860 32.0862770 -2.6487701 14.8280067 0.0467212 0.6725752 -0.0305252 0.7379214
59.683780 32.3253708 -2.6750441 14.8519287 0.0463035 0.6723244 -0.0314469 0.7381375
59.993680 32.5619431 -2.7001314 14.8750534 0.0467790 0.6721015 -0.0319712 0.7382880
60.303580 32.8002472 -2.7244468 14.8984280 0.0475378 0.6708906 -0.0278875 0.7395054
60.510030 32.9583130 -2.7409072 14.9144478 0.0538179 0.6688925 -0.0270913 0.7409133
60.716680 33.1157341 -2.7578163 14.9308653 0.0573122 0.6664165 -0.0260147 0.7429183
61.026630 33.3505669 -2.7842879 14.9575148 0.0589348 0.6624896 -0.0253383 0.7463191
61.336450 33.5851173 -2.8101945 14.9881020 0.0541326 0.6578448 -0.0236480 0.7508333
61.543140 33.7403946 -2.8268256 15.0102234 0.0522193 0.6538070 -0.0245581 0.7544577
61.749770 33.8956032 -2.8433964 15.0344429 0.0519483 0.6486223 -0.0256614 0.7589019
62.059540 34.1271515 -2.8673391 15.0771294 0.0510500 0.6382621 -0.0287788 0.7675853
62.369430 34.3594780 -2.8929405 15.1267147 0.0494564 0.6274284 -0.0302121 0.7765146
62.576200 34.5141754 -2.9098763 15.1622953 0.0484420 0.6213822 -0.0309061 0.7813976
62.886160 34.7455177 -2.9355385 15.2209530 0.0476140 0.6151671 -0.0320198 0.7863060
63.092920 34.9013405 -2.9526489 15.2612009 0.0474651 0.6114377 -0.0321436 0.7892134
63.299560 35.0569801 -2.9701426 15.3035831 0.0474789 0.6078960 -0.0322116 0.7919410
63.609460 35.2929497 -2.9960527 15.3698902 0.0451604 0.6023830 -0.0308590 0.7963310
63.816090 35.4481430 -3.0130239 15.4154062 0.0433445 0.5987759 -0.0299814 0.7991807
64.125870 35.6750793 -3.0383711 15.4861183 0.0445269 0.5930060 -0.0331264 0.8032832
64.332410 35.8265495 -3.0548584 15.5347233 0.0419481 0.5898734 -0.0329824 0.8057307
64.539060 35.9771156 -3.0710723 15.5846748 0.0381940 0.5882944 -0.0349887 0.8069862
64.745710 36.1224174 -3.0869601 15.6332998 0.0404285 0.5872666 -0.0393545 0.8074247
64.952280 36.2677536 -3.1032448 15.6825504 0.0371589 0.5870047 -0.0396306 0.8077587
65.158820 36.4114876 -3.1186452 15.7309113 0.0329598 0.5869977 -0.0390130 0.8079761
65.365480 36.5533676 -3.1323681 15.7781038 0.0334646 0.5874271 -0.0389684 0.8076453
65.571960 36.6947289 -3.1460404 15.8244553 0.0347450 0.5879329 -0.0360949 0.8073567
65.778660 36.8361626 -3.1607463 15.8704739 0.0354938 0.5881418 -0.0358597 0.8071825
66.088540 37.0469017 -3.1818004 15.9398785 0.0395595 0.5884501 -0.0378266 0.8066787
66.295140 37.1910706 -3.1968377 15.9875383 0.0378365 0.5887309 -0.0366785 0.8066096
66.503710 37.3370552 -3.2116904 16.0349827 0.0404914 0.5885151 -0.0375122 0.8065998
66.811530 37.5660248 -3.2352209 16.1079922 0.0398798 0.5882665 -0.0358342 0.8068879
67.122370 37.7966499 -3.2590494 16.1829815 0.0441723 0.5876374 -0.0324937 0.8072641
67.431360 38.0283699 -3.2846985 16.2578449 0.0476912 0.5859417 -0.0266872 0.8085083
67.741230 38.2602081 -3.3083384 16.3355732 0.0409063 0.5854864 -0.0242732 0.8092856
68.051170 38.4897079 -3.3312433 16.4115334 0.0442850 0.5846016 -0.0251855 0.8097193
68.361010 38.7171135 -3.3536277 16.4878674 0.0430913 0.5839871 -0.0226271 0.8103026
68.670920 38.9362030 -3.3755608 16.5618935 0.0423835 0.5844350 -0.0223415 0.8100249
68.981020 39.1484070 -3.3964915 16.6332512 0.0408448 0.5858285 -0.0203920 0.8091482
69.394410 39.4184113 -3.4232948 16.7217007 0.0470104 0.5877553 -0.0257257 0.8072620
69.704490 39.6176987 -3.4438353 16.7866707 0.0435033 0.5895380 -0.0238200 0.8062165
70.014150 39.8135719 -3.4633095 16.8488541 0.0450094 0.5902694 -0.0231145 0.8056189
70.324290 40.0091705 -3.4828544 16.9100418 0.0471776 0.5901937 -0.0227610 0.8055604
70.634290 40.2025566 -3.5018330 16.9715500 0.0487944 0.5901954 -0.0234649 0.8054427
70.946380 40.3974915 -3.5222678 17.0339756 0.0473297 0.5891814 -0.0217069 0.8063213
71.255370 40.5880890 -3.5420921 17.0970573 0.0459178 0.5870743 -0.0211620 0.8079526
71.564460 40.7692833 -3.5605958 17.1592140 0.0454219 0.5848090 -0.0228908 0.8095748
71.977870 40.9994736 -3.5844984 17.2375145 0.0432222 0.5829024 -0.0230989 0.8110629
72.394080 41.2142029 -3.6066365 17.3121738 0.0438994 0.5809971 -0.0219088 0.8124255
72.804810 41.4133911 -3.6267569 17.3823490 0.0435894 0.5792621 -0.0226968 0.8136586
73.114920 41.5534630 -3.6411812 17.4321289 0.0414118 0.5783656 -0.0231363 0.8143973
73.425090 41.6846848 -3.6543007 17.4793186 0.0431947 0.5775587 -0.0242561 0.8148447
73.735300 41.8069954 -3.6666594 17.5231552 0.0456693 0.5764853 -0.0260851 0.8154132
74.045380 41.9199333 -3.6794410 17.5641785 0.0441374 0.5772040 -0.0253889 0.8150109
74.252330 41.9902458 -3.6867783 17.5893631 0.0433647 0.5783380 -0.0251369 0.8142560
74.459100 42.0568085 -3.6936464 17.6126652 0.0430072 0.5792755 -0.0248649 0.8136166
74.665890 42.1196251 -3.6999991 17.6341209 0.0426131 0.5800887 -0.0241076 0.8130805
74.872800 42.1778603 -3.7060752 17.6546688 0.0421858 0.5811000 -0.0239277 0.8123858
75.182880 42.2587585 -3.7139859 17.6827908 0.0413552 0.5824506 -0.0248146 0.8114341
75.389540 42.3090057 -3.7190332 17.7000656 0.0428185 0.5831913 -0.0246526 0.8108310
75.699680 42.3817635 -3.7262328 17.7244740 0.0422152 0.5832749 -0.0248936 0.8107950
76.422600 42.5467644 -3.7424257 17.7844124 0.0412791 0.5729019 -0.0263404 0.8181599
76.732320 42.6190414 -3.7499990 17.8150959 0.0416515 0.5590318 -0.0276574 0.8276374
77.041770 42.6930962 -3.7574973 17.8513603 0.0406014 0.5371497 -0.0309884 0.8419391
77.351390 42.7655067 -3.7656059 17.8922577 0.0430656 0.5095615 -0.0333595 0.8587080
77.661290 42.8321877 -3.7729535 17.9373169 0.0416524 0.4897396 -0.0418637 0.8698664
77.972190 42.8960686 -3.7802446 17.9763184 0.0413631 0.4971595 -0.0439177 0.8655592
78.283030 42.9579887 -3.7884736 18.0064869 0.0444133 0.5201302 -0.0398581 0.8519996
78.593920 43.0218849 -3.7962160 18.0320930 0.0446957 0.5493277 -0.0386928 0.8335132
78.904330 43.0899353 -3.8047223 18.0530396 0.0469375 0.5740172 -0.0345633 0.8167659
79.214940 43.1594200 -3.8127811 18.0737782 0.0468193 0.5910859 -0.0325360 0.8045911
79.524510 43.2248726 -3.8202698 18.0916214 0.0462989 0.5987245 -0.0300499 0.7990509
79.833670 43.2830276 -3.8269677 18.1098328 0.0471450 0.5908616 -0.0282617 0.8048983
80.453690 43.3728561 -3.8378429 18.1504936 0.0414771 0.5545486 -0.0330920 0.8304579
80.763430 43.4045563 -3.8416445 18.1658821 0.0500478 0.5327048 -0.0306409 0.8442641
81.174860 43.4382668 -3.8453448 18.1917114 0.0431151 0.5075949 -0.0359399 0.8597655
81.484880 43.4590950 -3.8474646 18.2070217 0.0425119 0.4907655 -0.0354867 0.8695301
82.415420 43.4975739 -3.8525977 18.2407932 0.0373714 0.4591363 -0.0397943 0.8866869
82.726180 43.5043564 -3.8535042 18.2501526 0.0345574 0.4520222 -0.0455526 0.8901723
