0.000000 -0.4689500 0.0006430 -0.8378362 -0.0019184 -0.0160865 0.0010134 0.9998682
0.208477 -0.4706175 -0.0002354 -0.7844503 -0.0008123 -0.0176005 0.0022713 0.9998422
0.312729 -0.4714724 -0.0007679 -0.7575749 -0.0001829 -0.0186940 0.0024684 0.9998222
0.416979 -0.4726176 -0.0010105 -0.7310429 0.0008044 -0.0196365 0.0034330 0.9998010
0.521227 -0.4736072 -0.0014925 -0.7044004 0.0018068 -0.0204853 0.0046730 0.9997776
0.625476 -0.4747762 -0.0019081 -0.6773450 0.0021336 -0.0212203 0.0052525 0.9997588
0.729727 -0.4763632 -0.0025406 -0.6498256 0.0017870 -0.0218893 0.0051960 0.9997453
0.833976 -0.4775860 -0.0032493 -0.6219929 0.0018934 -0.0225518 0.0055553 0.9997284
0.938359 -0.4790728 -0.0038708 -0.5940703 0.0033135 -0.0231021 0.0051912 0.9997141
1.042605 -0.4806754 -0.0044898 -0.5655608 0.0052489 -0.0237811 0.0043372 0.9996940
1.146853 -0.4822645 -0.0052552 -0.5366281 0.0068776 -0.0244125 0.0038962 0.9996707
1.251125 -0.4842332 -0.0055331 -0.5065491 0.0070528 -0.0249185 0.0029259 0.9996603
1.459603 -0.4877903 -0.0064619 -0.4450177 -0.0015467 -0.0258915 0.0011829 0.9996629
1.668106 -0.4915493 -0.0076471 -0.3804402 -0.0044347 -0.0270870 -0.0004317 0.9996232
1.876603 -0.4961300 -0.0076811 -0.3144741 0.0022198 -0.0278031 -0.0012698 0.9996101
2.085105 -0.5002177 -0.0080154 -0.2434057 -0.0032482 -0.0287087 0.0003059 0.9995825
2.293607 -0.5050113 -0.0079521 -0.1694083 -0.0080822 -0.0289823 0.0011055 0.9995466
2.502107 -0.5094254 -0.0074561 -0.0922194 -0.0063069 -0.0289037 0.0022325 0.9995598
2.710606 -0.5141151 -0.0075980 -0.0125213 -0.0018829 -0.0281290 0.0024964 0.9995994
2.919104 -0.5188996 -0.0083634 0.0705673 0.0039920 -0.0270856 0.0033377 0.9996196
3.127481 -0.5235654 -0.0096018 0.1569664 0.0042849 -0.0273504 0.0024430 0.9996138
3.440232 -0.5307684 -0.0121964 0.2890564 0.0064438 -0.0275646 -0.0019301 0.9995974
3.648605 -0.5359613 -0.0145486 0.3799081 0.0065639 -0.0277478 -0.0032508 0.9995881
3.856982 -0.5410030 -0.0167710 0.4724685 0.0060197 -0.0282524 -0.0037233 0.9995757
4.065354 -0.5465385 -0.0189706 0.5659254 0.0044649 -0.0286481 -0.0044033 0.9995699
4.273854 -0.5519345 -0.0209607 0.6607412 0.0056208 -0.0289308 -0.0052336 0.9995519
4.482232 -0.5581403 -0.0233774 0.7567846 0.0036917 -0.0292668 -0.0049172 0.9995527
4.690605 -0.5639285 -0.0251342 0.8547773 0.0007643 -0.0299740 -0.0051099 0.9995373
5.003109 -0.5734550 -0.0272953 1.0025725 0.0016350 -0.0307726 -0.0051919 0.9995116
5.211513 -0.5804178 -0.0290801 1.1021528 0.0000437 -0.0314081 -0.0049841 0.9994942
5.419858 -0.5872292 -0.0310742 1.2016249 -0.0012947 -0.0318779 -0.0056777 0.9994748
5.628235 -0.5938662 -0.0327103 1.3005738 0.0027391 -0.0322726 -0.0067215 0.9994528
5.836733 -0.6009529 -0.0350475 1.4002553 0.0013078 -0.0322187 -0.0069885 0.9994556
6.045107 -0.6075668 -0.0367971 1.4999280 -0.0003933 -0.0321799 -0.0063882 0.9994616
6.253481 -0.6139804 -0.0381174 1.5988361 0.0011184 -0.0318895 -0.0061109 0.9994721
6.461983 -0.6205805 -0.0403121 1.6978259 0.0033904 -0.0316491 -0.0056539 0.9994773
6.670359 -0.6266807 -0.0432321 1.7961020 0.0057096 -0.0315690 -0.0039307 0.9994776
6.774485 -0.6300687 -0.0442193 1.8458155 0.0046783 -0.0313641 -0.0031011 0.9994923
6.878731 -0.6331515 -0.0452626 1.8954046 0.0017738 -0.0314088 -0.0024036 0.9995022
7.086981 -0.6394213 -0.0469432 1.9943084 -0.0016010 -0.0311524 -0.0009993 0.9995129
7.295357 -0.6453465 -0.0484959 2.0929301 0.0013799 -0.0312007 0.0015445 0.9995110
7.503734 -0.6520358 -0.0510774 2.1912999 0.0053842 -0.0311297 0.0005107 0.9995008
7.712108 -0.6586362 -0.0531862 2.2907512 0.0041363 -0.0305209 -0.0028406 0.9995216
7.920378 -0.6638871 -0.0552546 2.3907039 0.0028419 -0.0308609 -0.0030406 0.9995151
8.128736 -0.6710455 -0.0581811 2.4905920 0.0013324 -0.0307050 -0.0016570 0.9995262
8.336986 -0.6756397 -0.0594662 2.5901997 -0.0001497 -0.0318934 -0.0006476 0.9994910
8.545359 -0.6825268 -0.0618027 2.6880677 0.0022239 -0.0322757 -0.0002541 0.9994765
8.753612 -0.6893055 -0.0638656 2.7845759 0.0024427 -0.0330606 -0.0013992 0.9994494
8.961860 -0.6958204 -0.0661828 2.8810949 -0.0018285 -0.0338394 -0.0024942 0.9994225
9.170238 -0.7028319 -0.0676543 2.9772050 -0.0009810 -0.0344199 -0.0028885 0.9994028
9.378487 -0.7095826 -0.0691028 3.0718820 -0.0003410 -0.0349833 -0.0026725 0.9993843
9.586735 -0.7161738 -0.0709587 3.1650226 -0.0013459 -0.0358303 -0.0013663 0.9993560
9.794986 -0.7233691 -0.0726441 3.2542057 -0.0031276 -0.0365163 -0.0012491 0.9993274
10.003370 -0.7303606 -0.0740030 3.3396399 -0.0027297 -0.0391290 -0.0003294 0.9992304
10.211610 -0.7376621 -0.0752743 3.4212544 -0.0023193 -0.0423972 -0.0004118 0.9990981
10.419890 -0.7453407 -0.0767799 3.4979532 -0.0034267 -0.0453514 -0.0012752 0.9989644
10.628240 -0.7528875 -0.0778859 3.5704269 -0.0044434 -0.0481541 -0.0026569 0.9988265
10.940860 -0.7639146 -0.0796802 3.6687212 -0.0020658 -0.0521585 -0.0051548 0.9986234
11.253490 -0.7744250 -0.0815826 3.7547364 0.0017694 -0.0548255 -0.0083118 0.9984598
11.670740 -0.7857208 -0.0842510 3.8542643 -0.0008827 -0.0464566 -0.0130645 0.9988345
11.879370 -0.7886295 -0.0851264 3.8985605 -0.0028336 -0.0357818 -0.0128238 0.9992734
12.192740 -0.7893720 -0.0865485 3.9578171 -0.0013403 -0.0126770 -0.0116657 0.9998507
12.401640 -0.7874645 -0.0874742 3.9948294 0.0030864 0.0100406 -0.0101676 0.9998931
12.715240 -0.7799994 -0.0889792 4.0479054 0.0057267 0.0551319 -0.0061998 0.9984434
12.924370 -0.7719017 -0.0901086 4.0813746 0.0068303 0.0928976 -0.0029719 0.9956478
13.133360 -0.7614193 -0.0915898 4.1124721 0.0076392 0.1350342 -0.0018813 0.9908097
13.551240 -0.7318896 -0.0937246 4.1696467 0.0069274 0.2301699 -0.0015753 0.9731245
13.760010 -0.7131650 -0.0951799 4.1952176 0.0095882 0.2788181 -0.0018601 0.9602942
13.968740 -0.6918312 -0.0962639 4.2196660 0.0126160 0.3292830 -0.0060526 0.9441276
14.177490 -0.6667055 -0.0974410 4.2416444 0.0138479 0.3806152 -0.0076810 0.9245979
14.386120 -0.6382798 -0.0985799 4.2612429 0.0126595 0.4312899 -0.0052466 0.9021093
14.594740 -0.6067908 -0.0996039 4.2786298 0.0103572 0.4816563 -0.0038005 0.8762907
14.803370 -0.5723017 -0.1011682 4.2932611 0.0074463 0.5314008 -0.0031067 0.8470821
15.011990 -0.5356868 -0.1024264 4.3045416 0.0093443 0.5765403 -0.0076465 0.8169795
15.220240 -0.4952623 -0.1037174 4.3124199 0.0130083 0.6130347 -0.0055678 0.7899293
15.428120 -0.4518098 -0.1048454 4.3182216 0.0173487 0.6390512 -0.0023177 0.7689650
15.636010 -0.4042827 -0.1064806 4.3242493 0.0120211 0.6595325 -0.0034153 0.7515721
15.843870 -0.3529418 -0.1082465 4.3281817 0.0090054 0.6768668 -0.0015796 0.7360487
15.947760 -0.3258143 -0.1091470 4.3287859 0.0119187 0.6842512 0.0009047 0.7291484
16.051740 -0.2979832 -0.1100029 4.3295436 0.0142773 0.6906915 0.0018107 0.7230064
16.259530 -0.2389103 -0.1110880 4.3307824 0.0170854 0.6997185 -0.0024124 0.7142103
16.467120 -0.1756051 -0.1130191 4.3310070 0.0185930 0.7029038 0.0017112 0.7110398
16.674850 -0.1086121 -0.1151362 4.3318267 0.0180010 0.7019842 0.0025703 0.7119603
16.882610 -0.0381201 -0.1174349 4.3336096 0.0169763 0.7009916 0.0003921 0.7129673
17.090490 0.0359399 -0.1197225 4.3355713 0.0169145 0.7004334 -0.0000549 0.7135173
17.298620 0.1129468 -0.1222549 4.3372912 0.0157599 0.7000111 0.0006245 0.7139578
17.506740 0.1917876 -0.1249814 4.3390403 0.0136811 0.7006178 0.0014551 0.7134041
17.715000 0.2719574 -0.1270649 4.3407693 0.0128269 0.7015746 0.0030838 0.7124739
17.923370 0.3543534 -0.1296722 4.3419356 0.0114378 0.7025145 0.0035565 0.7115686
18.131620 0.4376949 -0.1318236 4.3437128 0.0142965 0.7031820 -0.0003499 0.7108660
18.339870 0.5228214 -0.1342867 4.3450646 0.0130927 0.7041101 -0.0014315 0.7099686
18.548250 0.6081842 -0.1371256 4.3465638 0.0081143 0.7046787 0.0001856 0.7094802
18.756500 0.6931307 -0.1396089 4.3481150 0.0033613 0.7047841 0.0003994 0.7094138
18.964900 0.7771088 -0.1419447 4.3486261 0.0117382 0.7039355 -0.0041687 0.7101547
19.173270 0.8617824 -0.1449659 4.3500462 0.0127060 0.7034781 -0.0027214 0.7105981
19.381800 0.9461007 -0.1475445 4.3510747 0.0104002 0.7029312 0.0021676 0.7111785
19.590340 1.0288706 -0.1499421 4.3528090 0.0096000 0.7034053 0.0000768 0.7107241
19.798650 1.1100593 -0.1529209 4.3535728 0.0084482 0.7047455 -0.0009054 0.7094094
20.007130 1.1915257 -0.1556715 4.3550577 0.0078058 0.7063658 -0.0020394 0.7078010
20.215660 1.2712156 -0.1581841 4.3552561 0.0063923 0.7078471 -0.0020647 0.7063338
20.424610 1.3501422 -0.1602127 4.3557563 0.0068716 0.7093316 -0.0026354 0.7048365
20.633120 1.4277047 -0.1626685 4.3556123 0.0073150 0.7101744 -0.0014309 0.7039863
20.945510 1.5421522 -0.1662547 4.3551331 0.0056746 0.7115846 -0.0017323 0.7025754
21.153990 1.6151239 -0.1686413 4.3550262 0.0046968 0.7122634 -0.0015990 0.7018948
21.362520 1.6853940 -0.1708125 4.3545480 0.0067306 0.7124063 -0.0033566 0.7017270
21.571010 1.7550663 -0.1729926 4.3542957 0.0070196 0.7125815 -0.0049874 0.7015365
21.675510 1.7896425 -0.1742561 4.3537588 0.0073786 0.7125605 -0.0044380 0.7015578
21.883890 1.8581218 -0.1768244 4.3532825 0.0056601 0.7128001 -0.0056824 0.7013213
22.092530 1.9257741 -0.1793057 4.3530436 0.0052363 0.7128065 -0.0053193 0.7013211
22.301210 1.9926678 -0.1811083 4.3520207 0.0040134 0.7142985 -0.0061759 0.6998023
22.509770 2.0592048 -0.1837247 4.3504291 0.0050182 0.7182133 -0.0072672 0.6957670
22.718920 2.1255138 -0.1859013 4.3475809 0.0068882 0.7230304 -0.0084474 0.6907302
22.926910 2.1930664 -0.1884003 4.3441801 0.0048129 0.7269940 -0.0092325 0.6865649
23.135720 2.2616420 -0.1904739 4.3401442 0.0034320 0.7298716 -0.0109995 0.6834872
23.343940 2.3322554 -0.1926411 4.3354769 0.0022174 0.7313877 -0.0077282 0.6819144
23.552380 2.4041328 -0.1946961 4.3310647 0.0008611 0.7324945 -0.0069704 0.6807367
23.760760 2.4770110 -0.1967502 4.3256669 0.0061423 0.7327596 -0.0069362 0.6804245
23.969260 2.5506635 -0.1991397 4.3194847 0.0109211 0.7330974 -0.0061600 0.6800080
24.177660 2.6249750 -0.2017872 4.3142319 0.0080225 0.7331619 -0.0040419 0.6799948
24.386170 2.6991203 -0.2044182 4.3086019 0.0079981 0.7334687 -0.0022893 0.6796724
24.594630 2.7723055 -0.2068194 4.3034906 0.0079851 0.7348338 -0.0036325 0.6781905
24.803130 2.8454189 -0.2095204 4.2974267 0.0082594 0.7362100 -0.0032156 0.6766950
24.907380 2.8817201 -0.2105492 4.2940655 0.0083605 0.7368025 -0.0030962 0.6760492
25.012020 2.9188361 -0.2118062 4.2912507 0.0074014 0.7374458 -0.0042904 0.6753521
25.220150 2.9922559 -0.2140805 4.2849040 0.0075605 0.7380941 -0.0055514 0.6746326
25.428740 3.0666752 -0.2160456 4.2787843 0.0075104 0.7389109 -0.0048529 0.6737438
25.637140 3.1419713 -0.2181790 4.2725792 0.0041563 0.7399492 -0.0053946 0.6726283
25.845770 3.2177260 -0.2203457 4.2649465 0.0051342 0.7411267 -0.0043591 0.6713314
26.158530 3.3332145 -0.2239344 4.2533555 0.0089934 0.7425146 -0.0065106 0.6697378
26.367040 3.4114897 -0.2267420 4.2453575 0.0115593 0.7428175 -0.0073312 0.6693540
26.575550 3.4912448 -0.2299113 4.2368712 0.0120619 0.7425566 -0.0046778 0.6696584
26.784000 3.5724769 -0.2329181 4.2291527 0.0101835 0.7417563 -0.0037122 0.6705820
26.992430 3.6541591 -0.2354330 4.2211647 0.0083159 0.7405461 -0.0008583 0.6719535
27.200890 3.7354057 -0.2381893 4.2137923 0.0096954 0.7394525 -0.0024787 0.6731343
27.409410 3.8167260 -0.2410209 4.2065473 0.0125262 0.7382131 -0.0066789 0.6744182
27.617880 3.8979878 -0.2439813 4.1997838 0.0105907 0.7373757 -0.0052614 0.6753793
27.826410 3.9803355 -0.2470955 4.1931143 0.0099964 0.7369504 -0.0043646 0.6758588
28.034970 4.0619736 -0.2501156 4.1864343 0.0098175 0.7365911 -0.0030407 0.6762602
28.243410 4.1426506 -0.2531591 4.1794610 0.0113702 0.7359458 -0.0015793 0.6769431
28.451910 4.2231984 -0.2561803 4.1733022 0.0120325 0.7353547 -0.0036297 0.6775659
28.660380 4.3033476 -0.2590165 4.1676002 0.0066808 0.7352433 -0.0051248 0.6777509
28.869010 4.3825207 -0.2618544 4.1621957 0.0061490 0.7361442 -0.0095879 0.6767288
29.181800 4.4999919 -0.2667195 4.1527567 0.0073916 0.7367097 -0.0098602 0.6760969
29.390270 4.5772595 -0.2698578 4.1462555 0.0096940 0.7370313 -0.0104609 0.6757081
29.598790 4.6532879 -0.2733206 4.1403885 0.0095284 0.7377374 -0.0118490 0.6749166
29.807270 4.7282324 -0.2772466 4.1338873 0.0087473 0.7394909 -0.0124554 0.6729944
30.015910 4.8024158 -0.2806349 4.1270413 0.0095832 0.7416373 -0.0148487 0.6705682
30.224420 4.8754840 -0.2842740 4.1199327 0.0096924 0.7438028 -0.0138648 0.6681851
30.432920 4.9476395 -0.2882799 4.1124229 0.0104434 0.7452209 -0.0169608 0.6665201
30.641400 5.0191650 -0.2922876 4.1044950 0.0143625 0.7465691 -0.0201060 0.6648489
30.850030 5.0909963 -0.2965685 4.0962486 0.0114591 0.7487702 -0.0162546 0.6625313
31.058390 5.1619763 -0.3007510 4.0879560 0.0112564 0.7500892 -0.0171276 0.6610191
31.266890 5.2322278 -0.3047002 4.0794997 0.0122092 0.7517860 -0.0206944 0.6589693
31.475390 5.3015351 -0.3091735 4.0706649 0.0165201 0.7531576 -0.0225684 0.6572453
31.683900 5.3697491 -0.3138179 4.0610890 0.0163582 0.7547708 -0.0225655 0.6553963
31.892590 5.4382544 -0.3184789 4.0509167 0.0169341 0.7580026 -0.0181986 0.6517776
32.101220 5.5056157 -0.3232871 4.0406551 0.0157071 0.7629735 -0.0185952 0.6459714
32.309930 5.5718532 -0.3273330 4.0287495 0.0160675 0.7703188 -0.0197142 0.6371515
32.518590 5.6374416 -0.3319692 4.0147352 0.0173811 0.7781336 -0.0185087 0.6275855
32.727140 5.7023516 -0.3361437 3.9990335 0.0197192 0.7850108 -0.0157344 0.6189682
32.935760 5.7655478 -0.3405440 3.9829550 0.0228425 0.7906529 -0.0116123 0.6117282
33.144180 5.8279600 -0.3446925 3.9657583 0.0235143 0.7940724 -0.0088083 0.6073043
33.248440 5.8585029 -0.3463988 3.9572520 0.0243660 0.7948903 -0.0052269 0.6062413
33.456640 5.9192171 -0.3499742 3.9397714 0.0262202 0.7953891 -0.0002196 0.6055317
33.560850 5.9490609 -0.3519100 3.9312940 0.0285544 0.7952432 -0.0013518 0.6056162
33.769250 6.0081854 -0.3549575 3.9154770 0.0303112 0.7947063 -0.0019712 0.6062336
33.873500 6.0373735 -0.3567055 3.9073982 0.0300422 0.7941675 -0.0007036 0.6069556
34.081820 6.0953798 -0.3602020 3.8916974 0.0302567 0.7930828 0.0013934 0.6083602
34.289910 6.1522665 -0.3633762 3.8770792 0.0323726 0.7910767 0.0007985 0.6108592
34.394020 6.1804914 -0.3650360 3.8700991 0.0322248 0.7894503 0.0015651 0.6129659
34.602300 6.2354832 -0.3680198 3.8564589 0.0321338 0.7860293 0.0039661 0.6173407
34.810660 6.2901421 -0.3712051 3.8436084 0.0317071 0.7835050 0.0054139 0.6205524
34.914790 6.3168221 -0.3724573 3.8373842 0.0322592 0.7822794 0.0072234 0.6220499
35.123490 6.3701696 -0.3753289 3.8255310 0.0314920 0.7799404 0.0086435 0.6250012
35.331690 6.4212370 -0.3775857 3.8149683 0.0323218 0.7773612 0.0057838 0.6281970
35.539930 6.4722815 -0.3801873 3.8048716 0.0339452 0.7734798 0.0044615 0.6328956
35.852390 6.5474768 -0.3840699 3.7923687 0.0318368 0.7632112 0.0047167 0.6453471
36.060640 6.5972366 -0.3869759 3.7859137 0.0312824 0.7535774 0.0052467 0.6565936
36.476890 6.6961250 -0.3923544 3.7807314 0.0278954 0.7254017 0.0008435 0.6877598
36.685150 6.7444654 -0.3950459 3.7815924 0.0248476 0.7113397 -0.0045099 0.7023945
36.893640 6.7926526 -0.3977742 3.7837117 0.0188914 0.7025252 -0.0093417 0.7113467
37.102920 6.8404660 -0.4004340 3.7856581 0.0118802 0.7040311 -0.0126414 0.7099572
37.207180 6.8641267 -0.4015722 3.7856724 0.0099808 0.7084679 -0.0123896 0.7055637
37.311660 6.8874750 -0.4027389 3.7850542 0.0091473 0.7131622 -0.0120344 0.7008360
37.416200 6.9111991 -0.4038058 3.7840245 0.0100751 0.7175511 -0.0100872 0.6963599
37.520670 6.9341488 -0.4048566 3.7826159 0.0104928 0.7216662 -0.0094143 0.6920977
37.625170 6.9567008 -0.4059755 3.7811551 0.0092231 0.7264187 -0.0103269 0.6871129
37.729650 6.9793301 -0.4068531 3.7795453 0.0074747 0.7320634 -0.0112714 0.6811023
37.834140 7.0022144 -0.4079426 3.7775779 0.0074191 0.7380411 -0.0108141 0.6746283
37.938540 7.0245132 -0.4089049 3.7747307 0.0077280 0.7432344 -0.0099189 0.6689129
38.043370 7.0467405 -0.4098383 3.7716603 0.0079773 0.7479878 -0.0085152 0.6636099
38.147940 7.0688343 -0.4107983 3.7685280 0.0072823 0.7527968 -0.0081381 0.6581625
38.355860 7.1125340 -0.4126022 3.7615304 0.0064188 0.7613704 -0.0079791 0.6482363
38.564400 7.1546421 -0.4143756 3.7529695 0.0106934 0.7681052 -0.0061788 0.6402045
38.772660 7.1958556 -0.4160496 3.7445879 0.0114289 0.7719726 -0.0057559 0.6355270
39.085300 7.2566853 -0.4185320 3.7324319 0.0108801 0.7738062 -0.0040314 0.6333162
39.397920 7.3155713 -0.4209555 3.7204151 0.0120815 0.7760534 -0.0055347 0.6305273
39.710790 7.3775115 -0.4231795 3.7069044 0.0114341 0.7807883 -0.0059966 0.6246622
39.919470 7.4203558 -0.4249446 3.6964517 0.0134349 0.7842813 -0.0046240 0.6202428
40.128060 7.4643583 -0.4263504 3.6857004 0.0140540 0.7879614 -0.0063512 0.6155316
40.336550 7.5092497 -0.4279490 3.6738091 0.0165980 0.7913675 -0.0048440 0.6110962
40.545050 7.5556664 -0.4297416 3.6614184 0.0170207 0.7941574 -0.0040952 0.6074598
40.753570 7.6023769 -0.4316242 3.6485624 0.0153132 0.7962719 -0.0013796 0.6047434
40.962050 7.6496277 -0.4334016 3.6351058 0.0163245 0.7977688 0.0024711 0.6027374
41.170430 7.6970391 -0.4349257 3.6222391 0.0160414 0.7982894 0.0018660 0.6020575
41.378780 7.7436543 -0.4365169 3.6091504 0.0175475 0.7977461 0.0020597 0.6027346
41.587170 7.7900157 -0.4378342 3.5969510 0.0177286 0.7963744 0.0017460 0.6045415
41.795430 7.8357759 -0.4396279 3.5847909 0.0191952 0.7946604 0.0017941 0.6067480
42.107930 7.9015789 -0.4414107 3.5682306 0.0206842 0.7912655 0.0006447 0.6111224
42.316180 7.9429121 -0.4435368 3.5579515 0.0189263 0.7884463 0.0023434 0.6148079
42.524580 7.9811335 -0.4451564 3.5489795 0.0176332 0.7843729 0.0064246 0.6200056
42.732820 8.0167265 -0.4466590 3.5417354 0.0167273 0.7779331 0.0072159 0.6280831
42.940920 8.0504999 -0.4479059 3.5360265 0.0165228 0.7682817 0.0052401 0.6398771
43.148930 8.0837069 -0.4491464 3.5320883 0.0197009 0.7545534 0.0029140 0.6559364
43.357740 8.1164942 -0.4499690 3.5304012 0.0180466 0.7362966 0.0018072 0.6764159
43.565080 8.1488552 -0.4512861 3.5314510 0.0137853 0.7146006 -0.0006236 0.6993966
43.773070 8.1802607 -0.4525907 3.5346880 0.0082868 0.6924948 -0.0019498 0.7213727
44.085170 8.2271080 -0.4544378 3.5421805 0.0038554 0.6567249 0.0000017 0.7541203
44.293150 8.2571993 -0.4550926 3.5503254 0.0036388 0.6297016 -0.0008512 0.7768281
44.501140 8.2874908 -0.4559982 3.5606732 0.0058567 0.5987404 -0.0022070 0.8009187
45.021230 8.3622341 -0.4585273 3.6020184 0.0080837 0.5029500 -0.0105331 0.8642135
45.229310 8.3927307 -0.4595893 3.6251540 0.0125096 0.4595421 -0.0080031 0.8880318
45.437440 8.4221354 -0.4609284 3.6538060 0.0091871 0.4157731 -0.0102839 0.9093638
45.853900 8.4791327 -0.4637655 3.7255878 0.0072821 0.3269220 -0.0111258 0.9449578
46.062500 8.5073566 -0.4653120 3.7692525 0.0068045 0.2863367 -0.0101695 0.9580509
46.271110 8.5341711 -0.4664333 3.8181129 0.0052417 0.2514189 -0.0105880 0.9678062
46.479940 8.5598106 -0.4675363 3.8722055 0.0020355 0.2236432 -0.0103253 0.9746143
46.688930 8.5848866 -0.4684505 3.9309087 0.0001682 0.2033713 -0.0080658 0.9790685
46.897820 8.6099072 -0.4694754 3.9929314 0.0005454 0.1853616 -0.0036065 0.9826636
47.002150 8.6218376 -0.4696410 4.0257578 0.0007932 0.1765480 -0.0024245 0.9842887
47.210900 8.6443043 -0.4706843 4.0942297 0.0011700 0.1594887 -0.0024143 0.9871961
47.419800 8.6657028 -0.4714617 4.1663055 0.0001527 0.1478691 -0.0043247 0.9889975
47.628840 8.6872187 -0.4726991 4.2407184 -0.0014386 0.1450096 -0.0068668 0.9894054
47.837650 8.7102528 -0.4734766 4.3175540 -0.0010522 0.1445751 -0.0047289 0.9894820
48.046420 8.7334843 -0.4745965 4.3966818 0.0007554 0.1447342 -0.0032633 0.9894649
48.255170 8.7575836 -0.4759235 4.4783869 -0.0003722 0.1454579 -0.0030626 0.9893596
48.463660 8.7823582 -0.4771754 4.5615511 -0.0020902 0.1463630 -0.0015098 0.9892276
48.672200 8.8077793 -0.4783002 4.6457539 -0.0015581 0.1468940 -0.0004844 0.9891509
48.985000 8.8465605 -0.4799229 4.7732105 -0.0043126 0.1471187 0.0019753 0.9891075
49.193280 8.8726139 -0.4805049 4.8580637 -0.0034383 0.1467760 0.0035708 0.9891573
49.407810 8.8982058 -0.4815699 4.9425678 -0.0018383 0.1463747 0.0041335 0.9892189
49.610180 8.9232635 -0.4823796 5.0268373 -0.0016451 0.1452050 0.0043594 0.9893906
49.818560 8.9477425 -0.4839922 5.1114707 -0.0025623 0.1441105 0.0039249 0.9895505
50.026950 8.9724426 -0.4850796 5.1961403 -0.0024671 0.1426189 0.0036203 0.9897680
50.235330 8.9970837 -0.4861027 5.2811832 -0.0028546 0.1411079 0.0042647 0.9899809
50.443670 9.0212460 -0.4871979 5.3653336 -0.0036921 0.1394111 0.0048779 0.9902157
50.652030 9.0445662 -0.4878972 5.4482918 -0.0035691 0.1375143 0.0060720 0.9904748
50.860320 9.0671749 -0.4888293 5.5301418 -0.0029691 0.1356495 0.0061388 0.9907334
51.068710 9.0891113 -0.4899114 5.6105251 -0.0056479 0.1332546 0.0071534 0.9910399
51.277040 9.1093988 -0.4907884 5.6883011 -0.0059793 0.1311416 0.0076801 0.9913158
51.485450 9.1288376 -0.4915077 5.7626677 -0.0020576 0.1285632 0.0063231 0.9916790
51.693900 9.1466341 -0.4926598 5.8340960 -0.0024057 0.1261628 0.0055154 0.9919913
51.902300 9.1632853 -0.4937990 5.9021602 -0.0052952 0.1222067 0.0066555 0.9924682
52.110910 9.1783323 -0.4945872 5.9661112 -0.0065813 0.1180476 0.0059836 0.9929681
52.423590 9.1980505 -0.4956547 6.0528588 -0.0038920 0.1136848 0.0032520 0.9935039
52.632080 9.2095947 -0.4967381 6.1051807 -0.0028356 0.1127186 0.0022496 0.9936203
52.944900 9.2252350 -0.4978302 6.1763330 -0.0007316 0.1114802 0.0015525 0.9937652
53.257570 9.2392235 -0.4992829 6.2423725 -0.0009731 0.1070978 0.0021559 0.9942456
53.465960 9.2477474 -0.5001511 6.2852588 -0.0009017 0.0982014 0.0044909 0.9951560
53.674060 9.2537651 -0.5010733 6.3273368 -0.0000703 0.0820479 0.0050200 0.9966158
53.881970 9.2567825 -0.5015822 6.3677645 0.0000659 0.0577872 0.0036784 0.9983221
54.193810 9.2563248 -0.5024012 6.4271798 -0.0027936 0.0075151 0.0023160 0.9999652
54.401580 9.2512712 -0.5030205 6.4652219 -0.0045478 -0.0328037 -0.0012337 0.9994507
54.609440 9.2427692 -0.5035617 6.5016022 -0.0056673 -0.0777640 -0.0064478 0.9969348
54.817300 9.2307243 -0.5030006 6.5370312 -0.0086828 -0.1267565 -0.0084614 0.9918598
55.025330 9.2155199 -0.5036018 6.5703087 -0.0131646 -0.1798056 -0.0088635 0.9835742
55.337310 9.1856403 -0.5024900 6.6160703 -0.0160696 -0.2626912 -0.0118251 0.9646736
55.545500 9.1613188 -0.5014681 6.6429582 -0.0161550 -0.3186380 -0.0142792 0.9476312
55.753570 9.1345339 -0.5004842 6.6674099 -0.0197960 -0.3748980 -0.0121275 0.9267754
55.961860 9.1047935 -0.4993337 6.6879067 -0.0222760 -0.4286664 -0.0119917 0.9031085
56.066000 9.0888929 -0.4986872 6.6968164 -0.0238655 -0.4548665 -0.0119001 0.8901603
56.274310 9.0561295 -0.4973909 6.7107706 -0.0227626 -0.5045617 -0.0151627 0.8629423
56.378550 9.0391512 -0.4969063 6.7162628 -0.0211863 -0.5286337 -0.0169066 0.8484172
56.587120 9.0043583 -0.4955262 6.7252617 -0.0189426 -0.5732853 -0.0173110 0.8189539
56.691300 8.9863396 -0.4948100 6.7286572 -0.0172754 -0.5931231 -0.0177777 0.8047301
56.795690 8.9679384 -0.4941956 6.7314134 -0.0156510 -0.6108939 -0.0187230 0.7913363
56.900200 8.9494619 -0.4936110 6.7337132 -0.0142256 -0.6265826 -0.0193476 0.7789850
57.004560 8.9305286 -0.4928351 6.7358570 -0.0145099 -0.6399826 -0.0177024 0.7680483
57.109200 8.9112549 -0.4918024 6.7383051 -0.0172544 -0.6516424 -0.0146688 0.7581882
57.213710 8.8913355 -0.4908962 6.7400451 -0.0195667 -0.6609043 -0.0134870 0.7500938
57.422830 8.8482294 -0.4893194 6.7415853 -0.0180472 -0.6766803 -0.0183584 0.7358268
57.631790 8.8020000 -0.4877869 6.7429285 -0.0179390 -0.6871357 -0.0196677 0.7260413
57.736570 8.7781353 -0.4869678 6.7436543 -0.0178967 -0.6930063 -0.0166160 0.7205178
57.840730 8.7531223 -0.4858726 6.7441721 -0.0173221 -0.6990134 -0.0133755 0.7147737
58.049450 8.6995583 -0.4837149 6.7435308 -0.0190641 -0.7111992 -0.0109442 0.7026469
58.258220 8.6407900 -0.4816357 6.7393894 -0.0175195 -0.7211655 -0.0164063 0.6923469
58.467090 8.5783663 -0.4792054 6.7347021 -0.0162876 -0.7279060 -0.0183952 0.6852366
58.676060 8.5120068 -0.4763170 6.7293386 -0.0155920 -0.7307651 -0.0198922 0.6821609
58.884940 8.4417772 -0.4734647 6.7233281 -0.0128006 -0.7318968 -0.0223532 0.6809285
59.093910 8.3678455 -0.4702070 6.7171812 -0.0086091 -0.7292031 -0.0257221 0.6837596
59.302920 8.2907715 -0.4669434 6.7133255 -0.0062835 -0.7231365 -0.0283736 0.6900935
59.512300 8.2100716 -0.4637151 6.7101173 -0.0044409 -0.7162495 -0.0297520 0.6971956
59.720720 8.1266718 -0.4604896 6.7083979 -0.0025568 -0.7090780 -0.0311388 0.7044376
59.929310 8.0394573 -0.4570863 6.7087474 -0.0019633 -0.7015277 -0.0328619 0.7118814
60.137820 7.9498777 -0.4532504 6.7111845 -0.0025070 -0.6942181 -0.0347957 0.7189188
60.346310 7.8596206 -0.4499608 6.7154698 -0.0032053 -0.6880358 -0.0360093 0.7247757
60.554790 7.7697668 -0.4467894 6.7209740 -0.0038556 -0.6831235 -0.0358380 0.7294128
60.763240 7.6795373 -0.4432036 6.7269688 -0.0044219 -0.6806979 -0.0342672 0.7317490
60.971470 7.5893998 -0.4399684 6.7331853 -0.0040338 -0.6797498 -0.0344135 0.7326251
61.179820 7.4978862 -0.4363607 6.7399607 -0.0029790 -0.6789081 -0.0344366 0.7334092
61.388180 7.4063163 -0.4333941 6.7468462 -0.0029470 -0.6783450 -0.0349564 0.7339056
61.596570 7.3155169 -0.4302141 6.7536263 -0.0024524 -0.6784373 -0.0355252 0.7337947
61.805110 7.2242947 -0.4272909 6.7601328 -0.0022733 -0.6787823 -0.0340195 0.7335476
62.013230 7.1334467 -0.4241562 6.7663879 -0.0012287 -0.6793448 -0.0351098 0.7329777
62.117440 7.0881476 -0.4225723 6.7694316 -0.0027012 -0.6796459 -0.0360859 0.7326472
62.325700 6.9980650 -0.4194971 6.7754936 -0.0030095 -0.6798552 -0.0371761 0.7323973
62.534220 6.9084396 -0.4160269 6.7817535 -0.0022009 -0.6800052 -0.0369518 0.7322723
62.742660 6.8198357 -0.4125029 6.7882810 -0.0024646 -0.6790991 -0.0375079 0.7330835
62.951190 6.7322607 -0.4095914 6.7950802 -0.0022222 -0.6779006 -0.0378696 0.7341741
63.159760 6.6462007 -0.4066527 6.8008003 -0.0019088 -0.6770304 -0.0368621 0.7350288
63.368170 6.5598269 -0.4032898 6.8072653 -0.0013296 -0.6765844 -0.0368859 0.7354394
63.576570 6.4744444 -0.4004073 6.8138213 -0.0016454 -0.6759777 -0.0369621 0.7359927
63.889570 6.3464060 -0.3958410 6.8248739 -0.0023461 -0.6755838 -0.0370500 0.7363479
64.097830 6.2619305 -0.3928624 6.8317585 -0.0012195 -0.6753479 -0.0350843 0.7366633
64.306310 6.1770163 -0.3901383 6.8387871 -0.0003394 -0.6749064 -0.0350858 0.7370687
64.619620 6.0480270 -0.3859957 6.8503423 -0.0013711 -0.6739246 -0.0348715 0.7379755
64.827560 5.9615784 -0.3831815 6.8582315 -0.0036613 -0.6730860 -0.0338021 0.7387822
65.035920 5.8753257 -0.3804953 6.8658872 -0.0046314 -0.6723259 -0.0344262 0.7394398
65.244430 5.7881355 -0.3769234 6.8739734 -0.0022988 -0.6719207 -0.0316506 0.7399430
65.453010 5.7003603 -0.3743858 6.8818846 -0.0012680 -0.6721089 -0.0326095 0.7397329
65.765550 5.5670981 -0.3698336 6.8932476 -0.0032127 -0.6752902 -0.0315166 0.7368715
65.973960 5.4772892 -0.3669696 6.8997469 -0.0033532 -0.6788645 -0.0317275 0.7335702
66.286540 5.3414855 -0.3623136 6.9076819 -0.0029968 -0.6843379 -0.0338524 0.7283726
66.495070 5.2505312 -0.3592923 6.9120498 -0.0003856 -0.6859903 -0.0322980 0.7268934
66.703570 5.1588821 -0.3566413 6.9167004 0.0001466 -0.6865958 -0.0304480 0.7264014
66.911930 5.0661521 -0.3542249 6.9217982 -0.0031897 -0.6872165 -0.0292022 0.7258584
67.120480 4.9733396 -0.3511437 6.9267755 -0.0061713 -0.6878455 -0.0308379 0.7251754
67.328970 4.8821139 -0.3479154 6.9305716 -0.0062113 -0.6881773 -0.0325888 0.7247837
67.537490 4.7898817 -0.3444256 6.9342995 -0.0058107 -0.6883556 -0.0331140 0.7245938
67.745940 4.6987543 -0.3413969 6.9378095 -0.0045842 -0.6886629 -0.0326089 0.7243335
67.954300 4.6067295 -0.3382011 6.9419045 -0.0029389 -0.6890846 -0.0329598 0.7239251
68.162850 4.5160718 -0.3355460 6.9459152 -0.0027020 -0.6893661 -0.0326367 0.7236725
68.371230 4.4252310 -0.3324453 6.9498734 -0.0025990 -0.6892935 -0.0323337 0.7237557
68.579550 4.3350105 -0.3296519 6.9537749 -0.0024208 -0.6889552 -0.0325607 0.7240681
68.787950 4.2446089 -0.3268215 6.9575305 -0.0029154 -0.6889538 -0.0334093 0.7240290
68.996320 4.1538615 -0.3240542 6.9614754 -0.0018846 -0.6888387 -0.0332593 0.7241488
69.204680 4.0637856 -0.3209739 6.9654126 -0.0028064 -0.6888954 -0.0345588 0.7240310
69.413100 3.9733334 -0.3178775 6.9695177 -0.0031106 -0.6890107 -0.0354253 0.7238782
69.621360 3.8832309 -0.3147552 6.9730816 -0.0027221 -0.6892908 -0.0351758 0.7236252
69.829670 3.7936108 -0.3116330 6.9763970 -0.0014965 -0.6895136 -0.0373143 0.7233093
70.038070 3.7049892 -0.3082972 6.9795532 0.0031279 -0.6893639 -0.0363956 0.7234936
70.246450 3.6158700 -0.3056286 6.9833446 0.0052257 -0.6878412 -0.0378363 0.7248555
70.454920 3.5271583 -0.3030488 6.9876523 0.0025919 -0.6860599 -0.0384926 0.7265214
70.663330 3.4377832 -0.3002053 6.9930391 0.0006817 -0.6844954 -0.0386338 0.7279924
70.871920 3.3491132 -0.2970765 6.9979148 0.0007859 -0.6827781 -0.0394182 0.7295613
71.082350 3.2603207 -0.2939289 7.0037928 0.0023447 -0.6815141 -0.0387993 0.7307719
71.288550 3.1714320 -0.2912584 7.0097022 0.0044823 -0.6806051 -0.0363575 0.7317340
71.496920 3.0824320 -0.2887099 7.0153890 0.0036692 -0.6802148 -0.0368060 0.7320790
71.705330 2.9925818 -0.2862860 7.0219159 0.0009106 -0.6802675 -0.0356854 0.7320942
71.913580 2.9031749 -0.2830608 7.0280023 0.0004219 -0.6810207 -0.0351403 0.7314204
72.121920 2.8133016 -0.2799965 7.0337734 -0.0027770 -0.6814606 -0.0378936 0.7308679
72.330290 2.7238750 -0.2769908 7.0394373 -0.0015278 -0.6811584 -0.0364495 0.7312266
72.642980 2.5897374 -0.2728764 7.0484514 -0.0003688 -0.6805753 -0.0322058 0.7319698
72.955480 2.4546371 -0.2686483 7.0574317 -0.0028711 -0.6814489 -0.0337269 0.7310825
73.267990 2.3192012 -0.2638106 7.0658264 -0.0048560 -0.6840919 -0.0330609 0.7286299
73.476280 2.2291751 -0.2609293 7.0706048 -0.0055162 -0.6864404 -0.0317370 0.7264722
73.684600 2.1395879 -0.2577232 7.0746393 -0.0051095 -0.6881804 -0.0313959 0.7248420
73.892960 2.0491831 -0.2547962 7.0787592 -0.0044716 -0.6897037 -0.0313177 0.7234003
74.101330 1.9585789 -0.2513591 7.0818386 -0.0047910 -0.6907101 -0.0334852 0.7223402
74.309810 1.8682543 -0.2480678 7.0854111 -0.0037622 -0.6912602 -0.0339313 0.7217990
74.518190 1.7774551 -0.2451417 7.0885735 -0.0033323 -0.6915099 -0.0331975 0.7215961
74.726710 1.6874239 -0.2418121 7.0916967 -0.0040264 -0.6921369 -0.0331566 0.7209930
74.935080 1.5977728 -0.2391882 7.0948315 -0.0049522 -0.6930745 -0.0333288 0.7200781
75.143430 1.5083268 -0.2363747 7.0977821 -0.0050167 -0.6942223 -0.0321730 0.7190237
75.351710 1.4196914 -0.2331388 7.1001496 -0.0050318 -0.6954271 -0.0312392 0.7178997
75.560080 1.3318789 -0.2306734 7.1020083 -0.0035459 -0.6971441 -0.0273952 0.7163986
75.768340 1.2442249 -0.2281079 7.1035237 -0.0030530 -0.6986695 -0.0263348 0.7149532
75.976580 1.1577206 -0.2258745 7.1052127 -0.0061084 -0.7003422 -0.0276588 0.7132451
76.185000 1.0710865 -0.2233410 7.1058125 -0.0057178 -0.7006570 -0.0286513 0.7128999
76.393300 0.9855469 -0.2206785 7.1067915 -0.0054535 -0.7005282 -0.0297388 0.7129839
76.601900 0.9005124 -0.2179755 7.1072998 -0.0058141 -0.7003106 -0.0319922 0.7130973
76.810120 0.8162962 -0.2150426 7.1082311 -0.0050050 -0.7006005 -0.0315553 0.7128381
77.018320 0.7334374 -0.2120961 7.1089005 -0.0046946 -0.7017516 -0.0325253 0.7116633
77.226680 0.6524894 -0.2093699 7.1090732 -0.0050449 -0.7028961 -0.0335233 0.7104842
77.436110 0.5732415 -0.2065822 7.1085625 -0.0042213 -0.7042281 -0.0335532 0.7091680
77.539210 0.5337939 -0.2052250 7.1086903 -0.0038276 -0.7051881 -0.0335490 0.7082158
77.747630 0.4565027 -0.2027680 7.1081367 -0.0037728 -0.7064114 -0.0334246 0.7070017
77.955810 0.3806384 -0.2001386 7.1072769 -0.0036848 -0.7073810 -0.0336042 0.7060236
78.164320 0.3075332 -0.1978131 7.1064334 -0.0036633 -0.7081850 -0.0350435 0.7051471
78.372790 0.2366587 -0.1955067 7.1056638 -0.0025454 -0.7075619 -0.0357673 0.7057410
78.477150 0.2025742 -0.1944810 7.1055021 -0.0015583 -0.7066966 -0.0360821 0.7065943
78.581420 0.1685358 -0.1932971 7.1055455 -0.0011868 -0.7057061 -0.0355046 0.7076135
78.685710 0.1352056 -0.1922161 7.1054606 -0.0004387 -0.7048267 -0.0356352 0.7084839
78.789980 0.1024490 -0.1913345 7.1058164 -0.0008104 -0.7039129 -0.0350060 0.7094228
78.894170 0.0695863 -0.1903002 7.1059756 -0.0005973 -0.7029102 -0.0347245 0.7104303
79.102740 0.0049461 -0.1884387 7.1069183 -0.0004149 -0.7011212 -0.0336209 0.7122489
79.311290 -0.0574353 -0.1867023 7.1076365 -0.0016220 -0.6995580 -0.0333741 0.7137942
79.521320 -0.1193740 -0.1846667 7.1089020 -0.0023526 -0.6986987 -0.0335600 0.7146246
79.728360 -0.1801221 -0.1827919 7.1102095 -0.0024764 -0.6977760 -0.0330269 0.7155500
79.936810 -0.2380311 -0.1810330 7.1115894 -0.0028821 -0.6967492 -0.0333452 0.7165335
80.145310 -0.2948413 -0.1793948 7.1130791 -0.0045391 -0.6952121 -0.0337304 0.7179984
80.353800 -0.3482102 -0.1776858 7.1147871 -0.0047083 -0.6932048 -0.0334822 0.7199472
80.770930 -0.4476231 -0.1743741 7.1198387 -0.0066590 -0.6881461 -0.0327987 0.7247999
80.979570 -0.4929113 -0.1730020 7.1225758 -0.0069593 -0.6841958 -0.0332217 0.7285081
81.188180 -0.5355999 -0.1715756 7.1261783 -0.0075042 -0.6787636 -0.0318635 0.7336268
81.605650 -0.6153370 -0.1696147 7.1354966 -0.0053270 -0.6622074 -0.0288504 0.7487460
82.231550 -0.7170633 -0.1674566 7.1564145 -0.0069746 -0.6243920 -0.0246210 0.7806918
82.649060 -0.7732368 -0.1666947 7.1758451 -0.0059231 -0.5869952 -0.0177781 0.8093736
83.066680 -0.8243830 -0.1660184 7.2012568 -0.0107003 -0.5368367 -0.0191885 0.8434000
83.484740 -0.8706388 -0.1659556 7.2333488 -0.0070989 -0.4742450 -0.0147513 0.8802407
83.901950 -0.9139788 -0.1645607 7.2748680 0.0019367 -0.3996522 -0.0102820 0.9166071
84.110770 -0.9341354 -0.1647475 7.3007035 -0.0005227 -0.3590839 -0.0075512 0.9332746
84.319310 -0.9536374 -0.1651894 7.3296299 -0.0005850 -0.3169842 -0.0077472 0.9483990
84.527960 -0.9712381 -0.1657016 7.3618345 0.0004481 -0.2745516 -0.0068404 0.9615480
84.737260 -0.9879971 -0.1662880 7.3979092 0.0046083 -0.2333705 -0.0075469 0.9723477
84.944930 -1.0040530 -0.1666891 7.4388356 0.0058236 -0.1920317 -0.0109069 0.9813108
85.154250 -1.0170828 -0.1676500 7.4838338 0.0053053 -0.1491926 -0.0112465 0.9887300
85.361980 -1.0272315 -0.1686535 7.5339394 0.0069922 -0.1086971 -0.0122923 0.9939743
85.570070 -1.0349288 -0.1696113 7.5878873 0.0098498 -0.0738677 -0.0111019 0.9971576
85.778090 -1.0396357 -0.1714913 7.6458087 0.0101076 -0.0475561 -0.0087263 0.9987793
85.985830 -1.0426300 -0.1732800 7.7070446 0.0104150 -0.0322631 -0.0049286 0.9994130
86.193550 -1.0450401 -0.1750443 7.7713933 0.0098772 -0.0221084 -0.0024445 0.9997038
86.401450 -1.0470784 -0.1771255 7.8387356 0.0089312 -0.0177055 0.0000886 0.9998034
86.608970 -1.0492305 -0.1789418 7.9086237 0.0090098 -0.0180452 0.0026754 0.9997930
86.816720 -1.0525609 -0.1808112 7.9818892 0.0082030 -0.0205180 0.0020437 0.9997537
87.024550 -1.0560706 -0.1831715 8.0566378 0.0099903 -0.0238725 0.0041577 0.9996564
87.232860 -1.0604153 -0.1858172 8.1327095 0.0113561 -0.0261470 0.0028717 0.9995895
87.440900 -1.0646437 -0.1886491 8.2100630 0.0068188 -0.0275325 0.0025978 0.9995943
87.648940 -1.0692666 -0.1907789 8.2874241 0.0058800 -0.0285419 0.0008380 0.9995750
87.857180 -1.0744138 -0.1929700 8.3650150 0.0079456 -0.0294674 -0.0013855 0.9995332
88.065680 -1.0795522 -0.1954576 8.4435434 0.0066528 -0.0301706 -0.0016199 0.9995213
88.273850 -1.0847909 -0.1977069 8.5229330 0.0057447 -0.0312463 -0.0016317 0.9994938
88.482060 -1.0899525 -0.1998781 8.6020317 0.0045570 -0.0332919 -0.0001765 0.9994352
88.690450 -1.0957072 -0.2019496 8.6809006 0.0026071 -0.0350730 -0.0000778 0.9993814
88.898830 -1.1016412 -0.2037041 8.7584743 0.0021669 -0.0371121 0.0003284 0.9993087
89.107430 -1.1077284 -0.2051656 8.8361988 0.0022251 -0.0390094 -0.0000566 0.9992363
89.315720 -1.1140916 -0.2072251 8.9121761 0.0047360 -0.0404757 0.0006468 0.9991691
89.524190 -1.1207292 -0.2092740 8.9871206 0.0045331 -0.0405215 -0.0007560 0.9991681
89.732690 -1.1268718 -0.2112928 9.0599203 0.0022236 -0.0400465 -0.0010272 0.9991948
89.941180 -1.1324530 -0.2130069 9.1300001 0.0032340 -0.0399546 -0.0013855 0.9991953
90.149600 -1.1385670 -0.2146726 9.1965542 0.0047656 -0.0410247 -0.0025612 0.9991435
90.357970 -1.1440901 -0.2163508 9.2597370 0.0029795 -0.0429136 -0.0023572 0.9990716
90.566320 -1.1497008 -0.2180344 9.3187408 0.0022484 -0.0459457 -0.0023757 0.9989386
90.774680 -1.1554244 -0.2190426 9.3737030 0.0034075 -0.0488960 -0.0021408 0.9987957
90.983300 -1.1610492 -0.2202709 9.4245043 0.0037859 -0.0517280 -0.0020933 0.9986519
91.191720 -1.1659020 -0.2219793 9.4718647 0.0036006 -0.0514852 -0.0027928 0.9986634
91.609100 -1.1728957 -0.2243692 9.5576563 0.0044878 -0.0358807 -0.0045173 0.9993358
91.817860 -1.1739930 -0.2257591 9.5994921 0.0046411 -0.0189095 -0.0055223 0.9997952
92.026880 -1.1728154 -0.2272071 9.6403494 0.0066743 0.0025820 -0.0046577 0.9999635
92.235900 -1.1698809 -0.2287880 9.6797848 0.0108349 0.0305923 -0.0062908 0.9994534
92.444850 -1.1627679 -0.2302659 9.7182884 0.0116860 0.0642856 -0.0045174 0.9978529
92.654030 -1.1530008 -0.2318444 9.7547579 0.0114567 0.1020577 0.0020751 0.9947103
92.862950 -1.1401136 -0.2333326 9.7895536 0.0108809 0.1415632 0.0092626 0.9898261
93.072030 -1.1256111 -0.2352556 9.8222885 0.0101301 0.1838438 0.0111937 0.9828395
93.280830 -1.1088674 -0.2367812 9.8540382 0.0131835 0.2286057 0.0070874 0.9734040
93.489710 -1.0876808 -0.2379316 9.8837337 0.0187464 0.2741002 0.0088206 0.9614779
93.698450 -1.0630779 -0.2388823 9.9123764 0.0231278 0.3200502 0.0112569 0.9470513
93.907230 -1.0369644 -0.2406324 9.9407263 0.0183931 0.3683900 -0.0014584 0.9294882
94.115820 -1.0064340 -0.2430958 9.9657879 0.0169344 0.4142126 -0.0022133 0.9100199
94.324500 -0.9717360 -0.2444550 9.9864111 0.0234507 0.4608104 0.0020295 0.8871864
94.533080 -0.9340255 -0.2461121 10.0069294 0.0205101 0.5073243 -0.0063903 0.8614874
94.741610 -0.8915339 -0.2487502 10.0250769 0.0135069 0.5504829 -0.0089048 0.8346897
94.949970 -0.8456674 -0.2510581 10.0382175 0.0158548 0.5867791 -0.0064471 0.8095661
95.262120 -0.7699640 -0.2535464 10.0546551 0.0191010 0.6274261 -0.0056182 0.7784215
95.469850 -0.7149728 -0.2561235 10.0631313 0.0147993 0.6480805 -0.0036869 0.7614192
95.677890 -0.6566237 -0.2580782 10.0696554 0.0136266 0.6667657 -0.0055817 0.7451220
95.885910 -0.5947477 -0.2602827 10.0732079 0.0180348 0.6819435 -0.0033566 0.7311748
96.093730 -0.5295616 -0.2625126 10.0755358 0.0150020 0.6942896 -0.0013745 0.7195380
96.301480 -0.4608566 -0.2650779 10.0763264 0.0136499 0.7029722 0.0000797 0.7110863
96.509210 -0.3900420 -0.2667825 10.0753164 0.0187090 0.7069174 0.0023824 0.7070447
96.717080 -0.3154867 -0.2692377 10.0756683 0.0161553 0.7090368 0.0034175 0.7049782
96.924880 -0.2383780 -0.2716390 10.0754976 0.0154656 0.7099509 0.0028754 0.7040755
97.132730 -0.1596299 -0.2736534 10.0748262 0.0153866 0.7106596 0.0057592 0.7033442
97.340580 -0.0812147 -0.2759625 10.0740910 0.0147879 0.7087857 0.0078555 0.7052251
97.548460 -0.0026487 -0.2781990 10.0742493 0.0166498 0.7062621 0.0074375 0.7077156
97.756480 0.0761992 -0.2801360 10.0754824 0.0157815 0.7039575 0.0079396 0.7100223
97.964520 0.1546860 -0.2824758 10.0768337 0.0169569 0.7017130 0.0069256 0.7122243
98.173950 0.2346239 -0.2845003 10.0789652 0.0160752 0.7001013 0.0053053 0.7138428
98.380720 0.3150126 -0.2871113 10.0816984 0.0119619 0.6987790 0.0045567 0.7152230
98.588990 0.3959466 -0.2892436 10.0843916 0.0117996 0.6976445 0.0015374 0.7163453
98.797260 0.4768998 -0.2917738 10.0872259 0.0113389 0.6972893 0.0011004 0.7166993
99.005460 0.5582467 -0.2944272 10.0898399 0.0104100 0.6975554 0.0022042 0.7164518
99.213720 0.6391311 -0.2970309 10.0920362 0.0109060 0.6978623 0.0026609 0.7161440
99.422060 0.7203168 -0.2991419 10.0949192 0.0096932 0.6986186 0.0017867 0.7154264
99.630630 0.8006939 -0.3013833 10.0971537 0.0077332 0.7001086 0.0001297 0.7139945
99.838860 0.8808215 -0.3037202 10.0989599 0.0054540 0.7015758 -0.0002480 0.7125739
100.047200 0.9602616 -0.3056832 10.1009855 0.0014498 0.7030367 0.0010771 0.7111513
100.359800 1.0768214 -0.3083628 10.1024160 0.0048659 0.7036169 -0.0001641 0.7105628
100.568000 1.1540825 -0.3101912 10.1035414 0.0066747 0.7035874 -0.0009805 0.7105767
100.776300 1.2304519 -0.3126183 10.1045170 0.0058663 0.7041931 -0.0016451 0.7099825
100.985100 1.3068963 -0.3143127 10.1058245 0.0042006 0.7053161 -0.0010398 0.7088797
101.193100 1.3824719 -0.3164076 10.1067038 0.0022270 0.7065563 -0.0009043 0.7076528
101.401500 1.4567133 -0.3182030 10.1072617 0.0037840 0.7069224 -0.0018000 0.7072788
101.714000 1.5679221 -0.3209004 10.1082420 0.0027243 0.7064200 -0.0007563 0.7077873
101.922300 1.6411351 -0.3226246 10.1089039 0.0001389 0.7058704 -0.0010666 0.7083402
102.130600 1.7138742 -0.3243072 10.1096926 0.0018293 0.7058194 -0.0013358 0.7083882
102.339000 1.7857356 -0.3257147 10.1103649 0.0022615 0.7060727 -0.0032033 0.7081285
102.547400 1.8576154 -0.3276548 10.1105957 0.0028386 0.7059782 -0.0010418 0.7082272
102.651500 1.8931024 -0.3289601 10.1112804 0.0041402 0.7063190 -0.0049208 0.7078644
102.859900 1.9620966 -0.3312191 10.1110916 0.0139647 0.7053664 -0.0082400 0.7086574
103.068200 2.0322905 -0.3339866 10.1120529 0.0093345 0.7046646 -0.0048371 0.7094626
103.276500 2.1011968 -0.3365141 10.1130419 0.0070697 0.7030872 -0.0024173 0.7110644
103.484800 2.1692445 -0.3386212 10.1148262 0.0047057 0.7024359 -0.0037550 0.7117216
103.693400 2.2372787 -0.3408958 10.1165400 0.0027974 0.7026055 -0.0067696 0.7115419
103.901800 2.3046086 -0.3431267 10.1177263 0.0018792 0.7036515 -0.0078707 0.7104992
104.110100 2.3706398 -0.3452162 10.1186056 0.0015064 0.7045782 -0.0065749 0.7095943
104.318500 2.4352031 -0.3471703 10.1191072 0.0018021 0.7053016 -0.0056363 0.7088827
104.526700 2.4984112 -0.3489928 10.1200886 0.0009906 0.7046453 -0.0066661 0.7095277
104.735000 2.5606732 -0.3507873 10.1213751 0.0019524 0.7041089 -0.0092849 0.7100286
104.943400 2.6221151 -0.3530840 10.1221180 0.0032348 0.7037882 -0.0093821 0.7103406
105.151800 2.6834350 -0.3551424 10.1234827 0.0009699 0.7036426 -0.0097150 0.7104870
105.360200 2.7439079 -0.3571230 10.1241484 0.0011654 0.7038690 -0.0081048 0.7102826
105.568600 2.8038602 -0.3590589 10.1247044 0.0014050 0.7058686 -0.0077231 0.7082993
105.777200 2.8638122 -0.3609709 10.1251307 -0.0003434 0.7076548 -0.0079002 0.7065141
106.089900 2.9534867 -0.3638806 10.1239948 0.0043503 0.7129705 -0.0096705 0.7011139
106.298500 3.0154111 -0.3658217 10.1229830 0.0031518 0.7170011 -0.0116681 0.6969672
106.507000 3.0792394 -0.3680381 10.1203308 0.0042563 0.7209316 -0.0100409 0.6929204
106.715500 3.1445875 -0.3700524 10.1173143 0.0033209 0.7250306 -0.0107923 0.6886241
106.924000 3.2118857 -0.3721966 10.1133957 0.0019605 0.7288125 -0.0085141 0.6846576
107.132400 3.2808022 -0.3741529 10.1082907 0.0040459 0.7326726 -0.0089043 0.6805109
107.340700 3.3526804 -0.3761966 10.1026192 0.0075045 0.7359332 -0.0087540 0.6769560
107.549200 3.4264107 -0.3783878 10.0953331 0.0074318 0.7386490 -0.0056362 0.6740258
107.653400 3.4649024 -0.3796378 10.0918140 0.0070992 0.7397092 -0.0037988 0.6728784
107.861600 3.5437350 -0.3813487 10.0842352 0.0076847 0.7408341 -0.0002919 0.6716440
108.071200 3.6236062 -0.3832298 10.0765228 0.0093586 0.7409235 -0.0003553 0.6715241
108.382200 3.7496839 -0.3864982 10.0644932 0.0144747 0.7398010 0.0027190 0.6726645
108.694500 3.8814714 -0.3897733 10.0523453 0.0178446 0.7355321 0.0077995 0.6772100
109.006700 4.0181932 -0.3931893 10.0430346 0.0177532 0.7305838 0.0070864 0.6825554
109.214800 4.1117029 -0.3954896 10.0378780 0.0175322 0.7270601 0.0084156 0.6862984
109.423000 4.2058573 -0.3983915 10.0334635 0.0183971 0.7242737 0.0058772 0.6892421
109.631400 4.3003907 -0.4016088 10.0295010 0.0221252 0.7229994 0.0021609 0.6904909
109.839600 4.3964534 -0.4052771 10.0252552 0.0197146 0.7220778 0.0064176 0.6915011
110.047800 4.4927983 -0.4083697 10.0213385 0.0185899 0.7213070 0.0104927 0.6922865
110.256100 4.5879679 -0.4111096 10.0180569 0.0179632 0.7208514 0.0104584 0.6927779
110.465500 4.6828241 -0.4136897 10.0148163 0.0202230 0.7201024 0.0079182 0.6935278
110.672600 4.7776632 -0.4169281 10.0124102 0.0193179 0.7194977 0.0088835 0.6941693
110.881000 4.8725047 -0.4200252 10.0097628 0.0204275 0.7181457 0.0061604 0.6955656
111.089200 4.9665813 -0.4231552 10.0079117 0.0195056 0.7164549 0.0069894 0.6973256
111.297500 5.0601420 -0.4263387 10.0067453 0.0169065 0.7145940 0.0087068 0.6992809
111.505700 5.1534610 -0.4292963 10.0055656 0.0163792 0.7130375 0.0071126 0.7008985
111.714100 5.2456708 -0.4323158 10.0052443 0.0116825 0.7118578 0.0055615 0.7022045
111.922300 5.3376255 -0.4348181 10.0050907 0.0100970 0.7117683 0.0026111 0.7023368
112.130600 5.4276652 -0.4379096 10.0041332 0.0119468 0.7118951 -0.0004886 0.7021840
112.338800 5.5175986 -0.4411560 10.0033150 0.0146679 0.7120304 -0.0008091 0.7019950
112.547100 5.6069765 -0.4443718 10.0025702 0.0106899 0.7128439 0.0008908 0.7012407
112.755500 5.6951385 -0.4475052 10.0014143 0.0083891 0.7143018 -0.0002613 0.6997874
112.964100 5.7825365 -0.4497619 9.9999456 0.0073171 0.7168624 -0.0011689 0.6971753
113.172100 5.8687148 -0.4527157 9.9975204 0.0061653 0.7197446 -0.0015024 0.6942100
113.380300 5.9548740 -0.4554229 9.9945793 0.0059187 0.7224611 -0.0041297 0.6913739
113.588800 6.0406480 -0.4578732 9.9905224 0.0074617 0.7262884 -0.0034149 0.6873411
113.797100 6.1266384 -0.4604980 9.9852591 0.0066900 0.7316951 -0.0030558 0.6815925
114.005500 6.2119150 -0.4629679 9.9783478 0.0050581 0.7378997 -0.0005157 0.6748913
114.213900 6.2974334 -0.4651271 9.9695873 0.0038519 0.7440737 -0.0010304 0.6680856
114.526500 6.4255967 -0.4680912 9.9537182 0.0061433 0.7534804 0.0000163 0.6574417
114.943300 6.5953774 -0.4725657 9.9254446 0.0102732 0.7672104 0.0032860 0.6413049
115.255800 6.7230387 -0.4755133 9.8992462 0.0155003 0.7731984 0.0085074 0.6339176
115.568000 6.8498516 -0.4787979 9.8733625 0.0227973 0.7734694 0.0108907 0.6333299
115.879800 6.9771833 -0.4823313 9.8486710 0.0260752 0.7679587 0.0171602 0.6397383
116.087800 7.0621309 -0.4842241 9.8338718 0.0264800 0.7641962 0.0215063 0.6440812
116.295900 7.1463571 -0.4861638 9.8199425 0.0303928 0.7604482 0.0190601 0.6484070
116.504000 7.2303081 -0.4890780 9.8076639 0.0318729 0.7566243 0.0176760 0.6528333
116.712100 7.3153119 -0.4914096 9.7965260 0.0287468 0.7520823 0.0192540 0.6581604
116.920200 7.3993459 -0.4938053 9.7862682 0.0288283 0.7479808 0.0195168 0.6628067
117.232900 7.5228367 -0.4975107 9.7725525 0.0313595 0.7460276 0.0170954 0.6649565
117.441200 7.6032343 -0.5001146 9.7634478 0.0288110 0.7454904 0.0216453 0.6655415
117.649600 7.6794791 -0.5026677 9.7551441 0.0263933 0.7450993 0.0240012 0.6659988
117.858100 7.7532039 -0.5044072 9.7467670 0.0304639 0.7448153 0.0209676 0.6662451
118.066500 7.8277559 -0.5062501 9.7386284 0.0309657 0.7447875 0.0185963 0.6663235
118.275000 7.9021254 -0.5084004 9.7305861 0.0303588 0.7455026 0.0204481 0.6654968
118.483500 7.9763885 -0.5101824 9.7224159 0.0283934 0.7465979 0.0249576 0.6642007
118.587700 8.0127001 -0.5110611 9.7180004 0.0288274 0.7469885 0.0268977 0.6636669
118.796200 8.0846081 -0.5127845 9.7097464 0.0322734 0.7477328 0.0242215 0.6627725
119.005100 8.1557779 -0.5147547 9.7009640 0.0363424 0.7463882 0.0225642 0.6641346
119.212900 8.2275209 -0.5166827 9.6932650 0.0330318 0.7439136 0.0242542 0.6670181
119.421900 8.2980614 -0.5182583 9.6866341 0.0316052 0.7409541 0.0244706 0.6703651
119.629500 8.3678265 -0.5203403 9.6800776 0.0323072 0.7383705 0.0229476 0.6732301
119.837900 8.4374723 -0.5224446 9.6741152 0.0334054 0.7361994 0.0231258 0.6755440
120.046300 8.5060148 -0.5241094 9.6686153 0.0305247 0.7347426 0.0265491 0.6771386
120.254600 8.5733051 -0.5262212 9.6631861 0.0306501 0.7339963 0.0243180 0.6780255
120.463100 8.6375084 -0.5281804 9.6589088 0.0303997 0.7340500 0.0194633 0.6781353
120.775700 8.7291126 -0.5309875 9.6525059 0.0253924 0.7343476 0.0211261 0.6779694
121.088200 8.8112192 -0.5330452 9.6462231 0.0240681 0.7345489 0.0196920 0.6778428
121.505100 8.9053383 -0.5358000 9.6397028 0.0264006 0.7336302 0.0163578 0.6788388
122.026500 9.0055161 -0.5396296 9.6315889 0.0278296 0.7369251 0.0118771 0.6752969
122.443800 9.0789967 -0.5424731 9.6238499 0.0289967 0.7438127 0.0134335 0.6676237
123.069400 9.1669388 -0.5458190 9.6120367 0.0308045 0.7520697 0.0136572 0.6582217
123.695100 9.2462521 -0.5487670 9.5991173 0.0297745 0.7630613 0.0146977 0.6454726
124.216600 9.3112154 -0.5506796 9.5845232 0.0310007 0.7810321 0.0107956 0.6236275
124.529700 9.3515310 -0.5522123 9.5733099 0.0286498 0.7956799 0.0088683 0.6049744
124.947000 9.4086990 -0.5541947 9.5526123 0.0292376 0.8198977 0.0065508 0.5717255
125.155700 9.4392796 -0.5554223 9.5396147 0.0262578 0.8346083 0.0038775 0.5502040
125.364500 9.4710855 -0.5563520 9.5231094 0.0239459 0.8502910 0.0026026 0.5257615
125.573000 9.5038824 -0.5571864 9.5034399 0.0234908 0.8668489 0.0042361 0.4979992
125.677400 9.5205183 -0.5575693 9.4920311 0.0226609 0.8751709 0.0050277 0.4832567
125.886700 9.5529613 -0.5586832 9.4675617 0.0216045 0.8917235 0.0058903 0.4520263
126.094600 9.5852699 -0.5589762 9.4385376 0.0218162 0.9077041 0.0071185 0.4189829
126.303100 9.6173210 -0.5594501 9.4060135 0.0193661 0.9228550 0.0082190 0.3845727
126.511700 9.6474276 -0.5596055 9.3700390 0.0183295 0.9368690 0.0080542 0.3491068
126.720300 9.6766720 -0.5598841 9.3297329 0.0190798 0.9494324 0.0081766 0.3132847
126.928800 9.7034998 -0.5602790 9.2859440 0.0188928 0.9599789 0.0081768 0.2793148
127.137100 9.7286777 -0.5604939 9.2390337 0.0184467 0.9693422 0.0086595 0.2448680
127.345600 9.7518721 -0.5603282 9.1882725 0.0165811 0.9778005 0.0117479 0.2085502
127.554100 9.7708483 -0.5599615 9.1331310 0.0180028 0.9849756 0.0174267 0.1708664
127.762600 9.7874355 -0.5589449 9.0740900 0.0156070 0.9910353 0.0179853 0.1314611
127.971300 9.7983465 -0.5575844 9.0127964 0.0206666 0.9953718 0.0177928 0.0921486
128.179700 9.8051538 -0.5568328 8.9494114 0.0215372 0.9982974 0.0145234 0.0522260
128.387800 9.8074017 -0.5556750 8.8839045 0.0240759 0.9994954 0.0098031 0.0182552
128.596100 9.8059816 -0.5545921 8.8159037 0.0261126 0.9995308 0.0110554 -0.0115815
128.804200 9.8008890 -0.5538989 8.7468138 0.0257380 0.9989151 0.0132592 -0.0364749
129.012400 9.7932863 -0.5523650 8.6765089 0.0249687 0.9979484 0.0148675 -0.0570486
129.220400 9.7826424 -0.5503802 8.6048260 0.0232405 0.9965879 0.0187748 -0.0769417
129.428500 9.7695484 -0.5480106 8.5322437 0.0205202 0.9947998 0.0238812 -0.0968609
129.636700 9.7528238 -0.5452652 8.4593048 0.0166124 0.9929788 0.0248533 -0.1144525
129.844800 9.7340488 -0.5426504 8.3857899 0.0158093 0.9914443 0.0180898 -0.1283005
130.052900 9.7130508 -0.5403304 8.3100185 0.0156390 0.9899991 0.0165109 -0.1392284
130.261000 9.6894655 -0.5381870 8.2329512 0.0207405 0.9889114 0.0181051 -0.1459322
130.469000 9.6654778 -0.5361230 8.1558323 0.0214233 0.9882814 0.0170247 -0.1501706
130.677700 9.6407528 -0.5344957 8.0777273 0.0229921 0.9878148 0.0159109 -0.1531015
130.885300 9.6159859 -0.5326956 7.9991717 0.0248936 0.9877636 0.0158611 -0.1531395
131.093400 9.5911455 -0.5309575 7.9202051 0.0282702 0.9880880 0.0157965 -0.1504441
131.302500 9.5670948 -0.5287932 7.8413882 0.0304248 0.9888715 0.0164810 -0.1446922
131.509500 9.5449886 -0.5268980 7.7624331 0.0304666 0.9897603 0.0170629 -0.1384024
131.717500 9.5238810 -0.5249213 7.6840410 0.0310098 0.9906320 0.0170927 -0.1318883
131.925800 9.5043182 -0.5231239 7.6070929 0.0312559 0.9914346 0.0173789 -0.1256126
132.133900 9.4863157 -0.5213703 7.5316000 0.0307156 0.9920526 0.0186377 -0.1205850
132.342200 9.4692135 -0.5195886 7.4594221 0.0298909 0.9924617 0.0195354 -0.1172379
132.550700 9.4530239 -0.5179543 7.3907146 0.0286798 0.9925980 0.0189671 -0.1164774
132.760700 9.4379168 -0.5164709 7.3256421 0.0282761 0.9925798 0.0185620 -0.1167956
132.967600 9.4234037 -0.5152248 7.2640042 0.0280477 0.9923297 0.0189983 -0.1188878
133.178000 9.4084396 -0.5139939 7.2052045 0.0279899 0.9919131 0.0187853 -0.1223603
133.385700 9.3938665 -0.5133147 7.1510105 0.0268889 0.9911682 0.0189697 -0.1284629
133.802200 9.3617954 -0.5106536 7.0421557 0.0252809 0.9877097 0.0189743 -0.1530700
134.115500 9.3326826 -0.5088499 6.9683790 0.0254060 0.9817469 0.0188272 -0.1875450
134.429100 9.2976933 -0.5069975 6.9011569 0.0218837 0.9702403 0.0175773 -0.2405117
134.638300 9.2703629 -0.5054330 6.8602228 0.0219634 0.9586546 0.0149184 -0.2833308
134.951900 9.2232656 -0.5036837 6.8076468 0.0214431 0.9352882 0.0139763 -0.3529601
135.160700 9.1878443 -0.5021794 6.7772517 0.0187999 0.9152079 0.0169733 -0.4021853
135.369500 9.1499643 -0.5013088 6.7512565 0.0184926 0.8927722 0.0178473 -0.4497747
135.473900 9.1294966 -0.5000468 6.7400212 0.0186673 0.8806130 0.0179786 -0.4731270
135.682600 9.0867729 -0.4985147 6.7194977 -0.0152760 -0.8545358 -0.0211729 0.5187360
135.891300 9.0410976 -0.4966553 6.7032776 -0.0142378 -0.8268316 -0.0229627 0.5618002
136.099700 8.9921989 -0.4946882 6.6909952 -0.0128643 -0.7986635 -0.0229797 0.6012014
136.204000 8.9668961 -0.4937277 6.6865301 -0.0124854 -0.7854260 -0.0243350 0.6183510
136.412100 8.9144650 -0.4918120 6.6785607 -0.0148804 -0.7613993 -0.0265130 0.6475699
136.620200 8.8583269 -0.4893267 6.6728859 -0.0148850 -0.7417375 -0.0286690 0.6699119
137.035900 8.7404661 -0.4841521 6.6683769 -0.0068638 -0.7145147 -0.0278270 0.6990331
137.555600 8.5722351 -0.4775470 6.6720920 -0.0064088 -0.6927413 -0.0308142 0.7204991
138.075500 8.3858957 -0.4699914 6.6814623 -0.0056946 -0.6870863 -0.0295735 0.7259514
140.470900 7.3540983 -0.4317276 6.7496762 -0.0027693 -0.6780441 -0.0349545 0.7341844
150.471300 2.7376027 -0.2781451 7.0538192 -0.0076111 -0.6781683 -0.0315092 0.7341914
151.824600 2.0651603 -0.2558664 7.0901408 -0.0065539 -0.6906472 -0.0278576 0.7226253
157.554600 -0.3081917 -0.1799881 7.1463737 -0.0128415 -0.6587656 -0.0244044 0.7518427
157.867100 -0.3902048 -0.1775985 7.1569662 -0.0166519 -0.6618683 -0.0216156 0.7491234
158.283500 -0.4887794 -0.1742699 7.1672215 -0.0206443 -0.6684269 -0.0201083 0.7432194
158.908600 -0.6064035 -0.1706077 7.1773195 -0.0181880 -0.6784191 -0.0173541 0.7342449
159.325500 -0.6630677 -0.1687949 7.1806331 -0.0158049 -0.6830975 -0.0173348 0.7299503
159.742600 -0.7055175 -0.1681542 7.1824288 -0.0143553 -0.6863421 -0.0170621 0.7269370
160.159400 -0.7415109 -0.1673184 7.1840758 -0.0130766 -0.6892670 -0.0146249 0.7242417
160.576500 -0.7762195 -0.1665502 7.1848369 -0.0124435 -0.6920873 -0.0137362 0.7215758
160.993400 -0.8109072 -0.1656989 7.1860199 -0.0139670 -0.6953532 -0.0135769 0.7184042
161.410500 -0.8473296 -0.1649792 7.1855412 -0.0069072 -0.6996576 -0.0149240 0.7142890
161.827100 -0.8956226 -0.1641726 7.1852207 -0.0051868 -0.7045560 -0.0137644 0.7094958
162.244000 -0.9574433 -0.1631177 7.1839132 0.0008286 -0.7071332 -0.0142913 0.7069354
162.660800 -1.0365325 -0.1614684 7.1832819 -0.0009874 -0.7054431 -0.0198756 0.7084871
162.973500 -1.1059905 -0.1594786 7.1841717 -0.0087680 -0.7044107 -0.0226122 0.7093782
163.286300 -1.1820563 -0.1569253 7.1853223 -0.0126119 -0.7047219 -0.0166719 0.7091756
163.598900 -1.2665684 -0.1535421 7.1859317 -0.0176777 -0.7069503 -0.0135782 0.7069119
163.911400 -1.3579988 -0.1510008 7.1845741 -0.0129198 -0.7100711 -0.0111343 0.7039234
164.224100 -1.4557240 -0.1484155 7.1826248 -0.0081432 -0.7113187 -0.0077171 0.7027801
164.536900 -1.5614957 -0.1463370 7.1803441 -0.0107476 -0.7124519 -0.0115301 0.7015439
164.849700 -1.6745106 -0.1440737 7.1776004 -0.0081122 -0.7134897 -0.0101897 0.7005447
165.162300 -1.7919459 -0.1418393 7.1742821 -0.0105546 -0.7140453 -0.0144186 0.6998715
165.475000 -1.9152653 -0.1393427 7.1713166 -0.0106498 -0.7138102 -0.0149189 0.7000992
165.683600 -1.9987715 -0.1371758 7.1688771 -0.0090699 -0.7125289 -0.0142051 0.7014403
165.996300 -2.1282845 -0.1343411 7.1674128 -0.0111241 -0.7108276 -0.0153692 0.7031103
166.204900 -2.2178819 -0.1322482 7.1654124 -0.0118683 -0.7098209 -0.0143844 0.7041353
166.517400 -2.3530948 -0.1290516 7.1635013 -0.0121272 -0.7096916 -0.0134746 0.7042792
166.725700 -2.4447916 -0.1273658 7.1619859 -0.0119981 -0.7102458 -0.0151170 0.7036891
166.934000 -2.5365109 -0.1251326 7.1606631 -0.0102011 -0.7109860 -0.0138454 0.7029959
167.142500 -2.6286476 -0.1235345 7.1585717 -0.0107761 -0.7112981 -0.0165818 0.7026122
167.351000 -2.7215362 -0.1212129 7.1566405 -0.0121989 -0.7111348 -0.0161722 0.7027638
167.455000 -2.7679024 -0.1200995 7.1558080 -0.0128918 -0.7109657 -0.0166156 0.7029122
167.663200 -2.8613174 -0.1177642 7.1540074 -0.0140439 -0.7108437 -0.0166181 0.7030134
167.767400 -2.9080474 -0.1165761 7.1527715 -0.0131425 -0.7107514 -0.0170056 0.7031148
167.871500 -2.9542179 -0.1154563 7.1515107 -0.0116327 -0.7105572 -0.0176730 0.7033213
167.975600 -3.0004942 -0.1145859 7.1502943 -0.0100037 -0.7103905 -0.0171764 0.7035270
168.183900 -3.0939732 -0.1124117 7.1479483 -0.0084552 -0.7103251 -0.0208115 0.7035152
168.392100 -3.1885021 -0.1094960 7.1462016 -0.0134609 -0.7102341 -0.0261492 0.7033510
168.496400 -3.2350883 -0.1076103 7.1448412 -0.0122674 -0.7101288 -0.0265717 0.7034633
168.704700 -3.3281052 -0.1045313 7.1431055 -0.0065636 -0.7101535 -0.0224546 0.7036582
168.913000 -3.4207146 -0.1025490 7.1414118 -0.0060302 -0.7096148 -0.0203834 0.7042691
169.121700 -3.5147798 -0.1002079 7.1398811 -0.0083672 -0.7092453 -0.0198282 0.7046332
169.225900 -3.5605452 -0.0989865 7.1395941 -0.0087973 -0.7094254 -0.0191039 0.7044666
169.434000 -3.6527550 -0.0972245 7.1378403 -0.0087345 -0.7097013 -0.0170347 0.7042426
169.538100 -3.6995163 -0.0963071 7.1372838 -0.0083935 -0.7100583 -0.0170125 0.7038873
169.746400 -3.7929351 -0.0941977 7.1360192 -0.0121741 -0.7107105 -0.0178475 0.7031528
169.850700 -3.8391356 -0.0928413 7.1348438 -0.0129036 -0.7107115 -0.0193773 0.7030983
169.954800 -3.8853607 -0.0916876 7.1340508 -0.0120215 -0.7110175 -0.0181142 0.7028381
170.059000 -3.9312031 -0.0905258 7.1328406 -0.0092438 -0.7112390 -0.0174915 0.7026718
170.163200 -3.9778376 -0.0893881 7.1319108 -0.0076306 -0.7114555 -0.0168604 0.7024875
170.371500 -4.0711060 -0.0869367 7.1298895 -0.0094327 -0.7116722 -0.0194317 0.7021795
170.580000 -4.1641951 -0.0850121 7.1280570 -0.0104618 -0.7121754 -0.0203326 0.7016291
170.788300 -4.2571735 -0.0821420 7.1257658 -0.0073437 -0.7130434 -0.0205132 0.7007813
170.996500 -4.3503256 -0.0800983 7.1231833 -0.0058373 -0.7142609 -0.0219175 0.6995118
171.204900 -4.4439292 -0.0778965 7.1203747 -0.0052998 -0.7165326 -0.0204455 0.6972338
171.413200 -4.5376577 -0.0763042 7.1171851 -0.0057030 -0.7181226 -0.0166792 0.6956934
171.621400 -4.6312675 -0.0751116 7.1130743 -0.0037914 -0.7196446 -0.0152034 0.6941658
171.829800 -4.7252288 -0.0736463 7.1089163 -0.0058735 -0.7212094 -0.0184044 0.6924477
172.038000 -4.8195205 -0.0718086 7.1040444 -0.0075182 -0.7226331 -0.0206949 0.6908811
172.247200 -4.9130483 -0.0697687 7.0988564 -0.0056450 -0.7243563 -0.0167040 0.6892003
172.454600 -5.0069857 -0.0683592 7.0933261 -0.0051584 -0.7262474 -0.0152067 0.6872459
172.662800 -5.1011333 -0.0672237 7.0868044 -0.0065544 -0.7278946 -0.0175525 0.6854330
172.871000 -5.1959472 -0.0654469 7.0801101 -0.0062007 -0.7295970 -0.0177708 0.6836184
173.079300 -5.2908258 -0.0638152 7.0732374 -0.0066376 -0.7314848 -0.0165313 0.6816250
173.287500 -5.3860588 -0.0620217 7.0653014 -0.0063893 -0.7331273 -0.0148486 0.6798993
173.495800 -5.4800463 -0.0610355 7.0568466 -0.0069288 -0.7343051 -0.0146754 0.6786255
173.808100 -5.6224518 -0.0585984 7.0439043 -0.0097537 -0.7358868 -0.0134981 0.6768998
174.224700 -5.8101940 -0.0555984 7.0263581 -0.0094621 -0.7379633 -0.0123222 0.6746619
174.433100 -5.9049296 -0.0541838 7.0170736 -0.0097277 -0.7386934 -0.0105267 0.6738892
174.745600 -6.0477877 -0.0519576 7.0030956 -0.0136755 -0.7389477 -0.0096747 0.6735545
174.953800 -6.1427865 -0.0503975 6.9933786 -0.0117338 -0.7390142 -0.0090693 0.6735266
175.162100 -6.2370348 -0.0491004 6.9841523 -0.0095236 -0.7387584 -0.0079981 0.6738555
175.370400 -6.3321323 -0.0482458 6.9743462 -0.0098072 -0.7387555 -0.0105846 0.6738191
175.578600 -6.4275136 -0.0463424 6.9647350 -0.0108902 -0.7390454 -0.0123183 0.6734549
175.787300 -6.5222721 -0.0443854 6.9552488 -0.0097069 -0.7395809 -0.0120872 0.6728891
175.995400 -6.6169195 -0.0433561 6.9450693 -0.0078131 -0.7397237 -0.0122807 0.6727532
176.203400 -6.7120571 -0.0418968 6.9352612 -0.0073138 -0.7397897 -0.0129480 0.6726738
176.411600 -6.8071876 -0.0405806 6.9255323 -0.0078236 -0.7397747 -0.0134572 0.6726746
176.619800 -6.9031577 -0.0385755 6.9158015 -0.0086407 -0.7394710 -0.0127996 0.6730112
176.828000 -6.9988174 -0.0377215 6.9064341 -0.0074055 -0.7396591 -0.0102805 0.6728625
177.036200 -7.0942540 -0.0367640 6.8961868 -0.0075218 -0.7394189 -0.0121177 0.6730946
177.244500 -7.1890454 -0.0355038 6.8865361 -0.0091503 -0.7394678 -0.0116433 0.6730290
177.452500 -7.2843924 -0.0343713 6.8772073 -0.0115721 -0.7399334 -0.0098399 0.6725086
177.660900 -7.3787160 -0.0332470 6.8672552 -0.0111761 -0.7401484 -0.0091258 0.6722887
177.869000 -7.4729900 -0.0322625 6.8573074 -0.0117602 -0.7402025 -0.0095724 0.6722130
178.077300 -7.5677056 -0.0304337 6.8473616 -0.0152581 -0.7400942 -0.0125065 0.6722137
178.285500 -7.6608844 -0.0295671 6.8378897 -0.0105725 -0.7400236 -0.0073537 0.6724577
178.493800 -7.7529778 -0.0288826 6.8279676 -0.0086629 -0.7396554 -0.0054953 0.6729076
178.702100 -7.8452473 -0.0277702 6.8183117 -0.0153039 -0.7390419 -0.0103590 0.6734059
178.910400 -7.9363947 -0.0264924 6.8088617 -0.0153540 -0.7390221 -0.0115201 0.6734076
179.118400 -8.0262604 -0.0256184 6.8002191 -0.0119320 -0.7389721 -0.0019782 0.6736274
179.326700 -8.1167507 -0.0245031 6.7912440 -0.0191447 -0.7399246 -0.0054012 0.6723957
179.534800 -8.2069960 -0.0222424 6.7818518 -0.0260476 -0.7394068 -0.0115135 0.6726564
179.847200 -8.3358641 -0.0204811 6.7681131 -0.0133927 -0.7396917 -0.0042878 0.6727989
179.951300 -8.3786945 -0.0198960 6.7636409 -0.0114637 -0.7399271 -0.0037002 0.6725792
180.159600 -8.4645672 -0.0188604 6.7546167 -0.0165219 -0.7399549 -0.0110407 0.6723629
180.263700 -8.5067062 -0.0180855 6.7501540 -0.0184879 -0.7400051 -0.0141815 0.6721976
180.471900 -8.5901508 -0.0161179 6.7412262 -0.0178757 -0.7404980 -0.0136658 0.6716818
180.680200 -8.6720228 -0.0146829 6.7326136 -0.0176428 -0.7406809 -0.0109721 0.6715357
180.888400 -8.7530499 -0.0129313 6.7239909 -0.0156372 -0.7403456 -0.0083521 0.6719927
181.097200 -8.8334179 -0.0117957 6.7158933 -0.0155350 -0.7393746 -0.0090173 0.6730547
181.305100 -8.9130306 -0.0107487 6.7081342 -0.0126200 -0.7386745 -0.0074174 0.6739033
181.513300 -8.9910774 -0.0102015 6.7002020 -0.0138833 -0.7386601 -0.0092839 0.6738712
181.617500 -9.0301132 -0.0096725 6.6960554 -0.0145606 -0.7388462 -0.0098654 0.6736445
181.825600 -9.1070299 -0.0089613 6.6880002 -0.0125086 -0.7402214 -0.0099511 0.6721732
182.033900 -9.1832285 -0.0077745 6.6795931 -0.0120342 -0.7425031 -0.0107520 0.6696482
182.137800 -9.2214994 -0.0071283 6.6748786 -0.0115883 -0.7438896 -0.0127577 0.6680802
182.345900 -9.2971954 -0.0057585 6.6655369 -0.0158152 -0.7468086 -0.0112409 0.6647559
182.554000 -9.3719177 -0.0050068 6.6553569 -0.0136429 -0.7504873 -0.0079340 0.6606964
182.866400 -9.4821138 -0.0024123 6.6377058 -0.0165441 -0.7566217 -0.0088691 0.6535833
183.283100 -9.6261311 0.0003742 6.6116867 -0.0133016 -0.7642437 -0.0077573 0.6447437
183.491500 -9.6971836 0.0013290 6.5974126 -0.0100472 -0.7653096 -0.0128935 0.6434547
183.804500 -9.8022966 0.0026946 6.5774407 -0.0078497 -0.7647029 -0.0180804 0.6440815
184.012900 -9.8711033 0.0041371 6.5643864 -0.0078185 -0.7635794 -0.0210057 0.6453248
184.326100 -9.9698362 0.0065443 6.5466247 -0.0002891 -0.7579837 -0.0238776 0.6518362
184.430300 -10.0018158 0.0070547 6.5415058 0.0009669 -0.7538292 -0.0257660 0.6565643
184.639000 -10.0632362 0.0080679 6.5332289 0.0017055 -0.7450822 -0.0268967 0.6664279
184.847900 -10.1218948 0.0086891 6.5278435 0.0006384 -0.7368255 -0.0264387 0.6755655
185.056200 -10.1787920 0.0099081 6.5233717 0.0010659 -0.7280881 -0.0279666 0.6849120
185.160400 -10.2066870 0.0105024 6.5217896 0.0008421 -0.7230486 -0.0285970 0.6902046
185.369100 -10.2606392 0.0114381 6.5198703 0.0007824 -0.7126815 -0.0282645 0.7009177
185.577700 -10.3140583 0.0128209 6.5199285 0.0005078 -0.7021169 -0.0273217 0.7115372
185.786200 -10.3651228 0.0137468 6.5219769 -0.0004217 -0.6913709 -0.0255194 0.7220491
185.994600 -10.4139061 0.0143123 6.5253043 0.0005137 -0.6806551 -0.0227567 0.7322503
186.203000 -10.4604225 0.0147085 6.5296211 -0.0000561 -0.6698433 -0.0217219 0.7421846
186.411400 -10.5054188 0.0153272 6.5350704 -0.0021023 -0.6598116 -0.0210312 0.7511337
186.619800 -10.5485411 0.0156086 6.5411596 -0.0026387 -0.6508767 -0.0216332 0.7588706
186.828000 -10.5895596 0.0159646 6.5478182 -0.0044729 -0.6453173 -0.0190598 0.7636637
187.036100 -10.6290474 0.0163310 6.5542688 -0.0067000 -0.6438717 -0.0173920 0.7649064
187.244300 -10.6666803 0.0169913 6.5601068 -0.0077746 -0.6455857 -0.0169992 0.7634591
187.452300 -10.7025814 0.0176837 6.5648308 -0.0089314 -0.6510356 -0.0161592 0.7588226
187.660100 -10.7361984 0.0185087 6.5677094 -0.0104118 -0.6609142 -0.0147574 0.7502441
187.972000 -10.7824640 0.0194973 6.5696878 -0.0111333 -0.6828346 -0.0141529 0.7303510
188.283800 -10.8240175 0.0206610 6.5677996 -0.0137200 -0.7127501 -0.0134899 0.7011542
188.595700 -10.8602171 0.0211878 6.5608621 -0.0098167 -0.7483621 -0.0154915 0.6630368
188.907700 -10.8939362 0.0214869 6.5504050 -0.0063222 -0.7841780 -0.0139765 0.6203464
189.115800 -10.9160194 0.0221571 6.5414343 -0.0053641 -0.8061962 -0.0143105 0.5914509
189.324100 -10.9369621 0.0227507 6.5304222 -0.0010632 -0.8267112 -0.0164193 0.5623859
189.532400 -10.9572878 0.0230909 6.5179925 0.0033147 -0.8453925 -0.0194366 0.5337815
189.740600 -10.9766941 0.0232938 6.5052290 0.0020420 -0.8621172 -0.0231359 0.5061764
190.157500 -11.0130787 0.0245696 6.4758816 -0.0066237 0.8899636 0.0266171 -0.4552060
190.366500 -11.0310135 0.0254008 6.4597139 -0.0107387 0.8992619 0.0274019 -0.4364193
190.574800 -11.0483313 0.0255305 6.4434862 -0.0084322 0.9076775 0.0240551 -0.4188936
190.887500 -11.0741119 0.0262734 6.4179754 -0.0059863 0.9183702 0.0181500 -0.3952605
191.200200 -11.0996876 0.0273979 6.3898010 -0.0048813 0.9289756 0.0127213 -0.3698900
191.408800 -11.1162882 0.0275029 6.3687549 -0.0016658 0.9371881 0.0157692 -0.3484636
191.616900 -11.1324940 0.0280991 6.3458047 0.0016732 0.9460949 0.0166858 -0.3234551
191.825000 -11.1475573 0.0283764 6.3207679 0.0019892 0.9546910 0.0180593 -0.2970439
192.034000 -11.1621580 0.0290357 6.2933598 0.0029104 0.9633672 0.0180240 -0.2675635
192.241400 -11.1758509 0.0301270 6.2637749 0.0051580 0.9716170 0.0148810 -0.2360344
192.449700 -11.1880293 0.0314303 6.2301183 0.0008426 0.9790872 0.0131998 -0.2030105
192.657900 -11.2005758 0.0320296 6.1930966 0.0049996 0.9851964 0.0144932 -0.1707426
192.866300 -11.2118015 0.0328161 6.1516676 0.0046754 0.9893638 0.0147540 -0.1446362
193.075100 -11.2229595 0.0341886 6.1061187 0.0019043 0.9914945 0.0160356 -0.1291424
193.283700 -11.2351894 0.0353210 6.0559130 0.0064190 0.9928710 0.0163231 -0.1178957
193.492200 -11.2471123 0.0369100 6.0009661 0.0108142 0.9945415 0.0138290 -0.1028543
193.700500 -11.2571068 0.0386561 5.9410768 0.0118829 0.9960703 0.0129872 -0.0867985
193.909100 -11.2668715 0.0405376 5.8750224 0.0149023 0.9972559 0.0152603 -0.0708919
194.117500 -11.2745800 0.0424352 5.8052359 0.0162883 0.9980989 0.0149337 -0.0575352
194.326200 -11.2816153 0.0444993 5.7302866 0.0164854 0.9986216 0.0131003 -0.0480788
194.534900 -11.2878819 0.0464747 5.6501918 0.0157119 0.9988744 0.0140782 -0.0424836
194.743500 -11.2942314 0.0485878 5.5666671 0.0162504 0.9989944 0.0136756 -0.0394860
194.952100 -11.3004684 0.0503685 5.4789662 0.0172599 0.9990395 0.0140558 -0.0377426
195.160600 -11.3070889 0.0528782 5.3860598 0.0191689 0.9990411 0.0153777 -0.0362333
195.369000 -11.3135366 0.0553766 5.2886319 0.0206074 0.9990730 0.0152414 -0.0345863
195.577500 -11.3197842 0.0577578 5.1870985 0.0202359 0.9991790 0.0120150 -0.0329770
195.890200 -11.3280687 0.0609328 5.0263567 0.0189019 0.9992077 0.0156643 -0.0313262
196.098500 -11.3353710 0.0642603 4.9181156 0.0218258 0.9991062 0.0215090 -0.0291175
196.307000 -11.3407087 0.0669669 4.8128953 0.0231170 0.9991571 0.0201899 -0.0272594
196.515400 -11.3456144 0.0692448 4.7060318 0.0211371 0.9992965 0.0184630 -0.0248770
196.723700 -11.3497849 0.0717432 4.6001678 0.0183138 0.9993930 0.0191136 -0.0226471
196.932000 -11.3536348 0.0739611 4.4938211 0.0179320 0.9994439 0.0196741 -0.0200808
197.140500 -11.3572731 0.0763967 4.3879547 0.0199379 0.9994527 0.0197434 -0.0175234
197.453100 -11.3606348 0.0798282 4.2304850 0.0176620 0.9995172 0.0206072 -0.0151243
197.661500 -11.3633661 0.0824257 4.1260962 0.0163257 0.9995577 0.0207162 -0.0137338
197.869800 -11.3663855 0.0847244 4.0214505 0.0162113 0.9995894 0.0197965 -0.0128976
198.078100 -11.3680153 0.0867825 3.9201851 0.0166253 0.9995875 0.0199244 -0.0123102
198.286400 -11.3703671 0.0888532 3.8186014 0.0172794 0.9995597 0.0214507 -0.0110314
198.494500 -11.3721046 0.0913725 3.7189054 0.0161919 0.9996133 0.0205724 -0.0093701
198.702800 -11.3731451 0.0935881 3.6195693 0.0151089 0.9996322 0.0212153 -0.0075536
198.911000 -11.3734684 0.0954835 3.5212200 0.0147812 0.9996828 0.0195424 -0.0058237
199.223300 -11.3741617 0.0983014 3.3742321 0.0136251 0.9997025 0.0197310 -0.0044805
199.431800 -11.3736324 0.1005763 3.2771568 0.0135068 0.9996818 0.0208586 -0.0043446
199.639900 -11.3737688 0.1023178 3.1803215 0.0131439 0.9997312 0.0183639 -0.0052482
199.848200 -11.3737946 0.1046338 3.0845180 0.0110955 0.9997401 0.0181629 -0.0081630
200.160900 -11.3763475 0.1071647 2.9419892 0.0140785 0.9996562 0.0170194 -0.0141301
200.473300 -11.3803024 0.1115690 2.7995071 0.0141785 0.9994872 0.0223290 -0.0180476
200.785700 -11.3837290 0.1143725 2.6565707 0.0079975 0.9994466 0.0246153 -0.0208975
201.098000 -11.3898306 0.1176065 2.5145078 0.0113687 0.9995641 0.0178261 -0.0206050
201.410600 -11.3952026 0.1208812 2.3705413 0.0119112 0.9994397 0.0235281 -0.0206110
201.618900 -11.3979979 0.1240429 2.2751019 0.0105931 0.9994234 0.0240119 -0.0215402
201.931300 -11.4030504 0.1282089 2.1327136 0.0114158 0.9994614 0.0225313 -0.0209533
202.243800 -11.4070616 0.1316880 1.9923637 0.0103793 0.9994902 0.0237705 -0.0186167
202.556200 -11.4106684 0.1355865 1.8486645 0.0110538 0.9995393 0.0235291 -0.0156690
202.868700 -11.4131308 0.1398946 1.7085359 0.0099025 0.9996033 0.0229950 -0.0128973
203.285500 -11.4120197 0.1439989 1.5312358 0.0076003 0.9996253 0.0235397 -0.0117219
203.598100 -11.4130545 0.1483138 1.3962731 0.0062986 0.9996423 0.0227909 -0.0125005
203.806500 -11.4141531 0.1506382 1.3076695 0.0046873 0.9996461 0.0224129 -0.0135421
204.015000 -11.4162273 0.1532636 1.2193619 0.0037740 0.9995999 0.0229345 -0.0161218
204.327700 -11.4198456 0.1573707 1.0878142 0.0040386 0.9995140 0.0228222 -0.0208483
204.536200 -11.4227524 0.1592200 1.0012102 0.0038089 0.9994638 0.0225847 -0.0233990
204.848800 -11.4277039 0.1626295 0.8727769 0.0039283 0.9993984 0.0227045 -0.0259233
205.057100 -11.4310389 0.1642157 0.7879694 0.0042081 0.9993562 0.0228469 -0.0273410
205.473600 -11.4343004 0.1702166 0.6215161 0.0053113 0.9992931 0.0226808 -0.0295054
205.681700 -11.4370165 0.1728380 0.5376776 0.0066470 0.9993795 0.0223764 -0.0263751
205.889700 -11.4391947 0.1755214 0.4541976 0.0072359 0.9995417 0.0222178 -0.0192461
206.097700 -11.4401112 0.1776976 0.3708271 0.0071907 0.9996670 0.0227415 -0.0098460
206.305800 -11.4388876 0.1804627 0.2878270 0.0070151 0.9997016 0.0233953 0.0003715
206.513700 -11.4367428 0.1828487 0.2059069 0.0081578 0.9996545 0.0220950 0.0116630
206.722100 -11.4322557 0.1850148 0.1248818 0.0094114 0.9994513 0.0203308 0.0243974
206.825800 -11.4290094 0.1861039 0.0841872 0.0102557 0.9992015 0.0215569 0.0320371
207.033600 -11.4212389 0.1880200 0.0029665 0.0120096 0.9984396 0.0209097 0.0503679
207.137600 -11.4160299 0.1888461 -0.0366490 0.0123964 0.9979098 0.0199782 0.0601939
207.345600 -11.4028339 0.1903481 -0.1167213 0.0114367 0.9964846 0.0202428 0.0804855
207.449700 -11.3951025 0.1910767 -0.1568474 0.0113851 0.9955832 0.0206530 0.0908728
207.553700 -11.3865805 0.1921496 -0.1965132 0.0117052 0.9945504 0.0203646 0.1015763
207.761600 -11.3670053 0.1935740 -0.2760844 0.0122426 0.9920020 0.0195985 0.1240886
207.969500 -11.3428974 0.1951277 -0.3553567 0.0122047 0.9888882 0.0174038 0.1471334
208.073600 -11.3297739 0.1960525 -0.3946507 0.0118769 0.9870816 0.0170796 0.1588619
208.281600 -11.2998791 0.1973803 -0.4735425 0.0115582 0.9830289 0.0179317 0.1822057
208.489700 -11.2660141 0.1984914 -0.5516860 0.0135427 0.9783338 0.0193443 0.2056829
208.698000 -11.2276783 0.1997286 -0.6287062 0.0137585 0.9730903 0.0184368 0.2292729
208.905800 -11.1854200 0.2008387 -0.7043080 0.0122045 0.9677417 0.0195752 0.2508863
209.114100 -11.1397047 0.2021828 -0.7793913 0.0119950 0.9622729 0.0159143 0.2713552
209.322400 -11.0900440 0.2026731 -0.8541827 0.0109043 0.9569802 0.0150706 0.2895564
209.531200 -11.0367832 0.2035481 -0.9284825 0.0087917 0.9529916 0.0135013 0.3025680
209.739400 -10.9812460 0.2040179 -1.0035424 0.0063738 0.9503897 0.0129229 0.3107279
209.947900 -10.9233866 0.2047276 -1.0795088 0.0060659 0.9489515 0.0118092 0.3151425
210.156700 -10.8642416 0.2046997 -1.1563725 0.0061983 0.9481272 0.0100643 0.3176714
210.364800 -10.8047314 0.2045239 -1.2336006 0.0050791 0.9476577 0.0100230 0.3190903
210.574900 -10.7445936 0.2046086 -1.3117981 0.0046566 0.9475939 0.0106367 0.3192663
210.781700 -10.6843491 0.2043325 -1.3899446 0.0038194 0.9482383 0.0101730 0.3173738
210.990100 -10.6240931 0.2042943 -1.4689932 0.0016320 0.9498587 0.0105644 0.3124966
211.198700 -10.5662365 0.2042613 -1.5478454 0.0008194 0.9518127 0.0108418 0.3064873
211.406900 -10.5090303 0.2045110 -1.6278298 0.0002876 0.9541062 0.0103694 0.2992887
211.615300 -10.4537716 0.2047536 -1.7084348 0.0004254 0.9567043 0.0111237 0.2908487
211.823900 -10.4001808 0.2051880 -1.7895660 0.0020365 0.9590306 0.0122105 0.2830318
212.031900 -10.3485098 0.2054742 -1.8710110 0.0069594 0.9602548 0.0132822 0.2787217
212.240100 -10.2968254 0.2057272 -1.9528666 0.0090249 0.9607971 0.0143497 0.2767337
212.448400 -10.2460442 0.2062423 -2.0335059 0.0105900 0.9612785 0.0148931 0.2749721
212.656400 -10.1963329 0.2064802 -2.1130750 0.0133691 0.9615452 0.0159122 0.2738594
212.864600 -10.1472311 0.2065791 -2.1924381 0.0161789 0.9616551 0.0163930 0.2732927
213.072700 -10.0984020 0.2073061 -2.2706876 0.0173296 0.9617366 0.0168269 0.2729088
213.280800 -10.0502501 0.2078153 -2.3484564 0.0192747 0.9618672 0.0180921 0.2722365
213.489000 -10.0030203 0.2082697 -2.4251263 0.0202143 0.9619564 0.0188156 0.2718037
213.697100 -9.9567394 0.2085143 -2.4996314 0.0203793 0.9619289 0.0193555 0.2718507
213.905100 -9.9122934 0.2091021 -2.5702906 0.0212878 0.9609312 0.0205734 0.2751995
214.113100 -9.8699093 0.2098159 -2.6359346 0.0216015 0.9592749 0.0216811 0.2808111
214.321100 -9.8288708 0.2102073 -2.6977501 0.0230365 0.9571154 0.0204615 0.2880638
214.529200 -9.7894707 0.2103815 -2.7547014 0.0216934 0.9551880 0.0217003 0.2944053
214.737400 -9.7518988 0.2107105 -2.8066714 0.0206764 0.9533541 0.0207192 0.3004318
214.945500 -9.7171993 0.2106156 -2.8534322 0.0196533 0.9515596 0.0200230 0.3061815
215.153700 -9.6846552 0.2107163 -2.8968313 0.0197999 0.9496821 0.0203842 0.3119238
215.362200 -9.6534767 0.2108071 -2.9374771 0.0205104 0.9471387 0.0210730 0.3194739
215.570100 -9.6235304 0.2108281 -2.9741755 0.0212254 0.9435464 0.0203046 0.3299354
215.778200 -9.5939636 0.2110499 -3.0085368 0.0213915 0.9390441 0.0186310 0.3426244
215.986200 -9.5648460 0.2110322 -3.0402091 0.0221277 0.9340245 0.0177676 0.3560799
216.194900 -9.5365982 0.2108897 -3.0691793 0.0236487 0.9279769 0.0174478 0.3714771
216.402400 -9.5086918 0.2107327 -3.0952003 0.0245439 0.9200763 0.0176794 0.3905698
216.610300 -9.4817324 0.2099873 -3.1174810 0.0240209 0.9101093 0.0177387 0.4132911
216.923100 -9.4448318 0.2091619 -3.1424928 0.0187055 0.8931002 0.0135457 0.4492646
217.130700 -9.4228134 0.2086988 -3.1546466 0.0170081 0.8824996 0.0094369 0.4699107
217.339000 -9.4016247 0.2079766 -3.1659234 0.0174691 0.8711613 0.0062769 0.4906458
217.547200 -9.3798637 0.2075824 -3.1757116 0.0150997 0.8575276 0.0065073 0.5141751
217.755500 -9.3579922 0.2069423 -3.1831574 0.0109753 0.8423252 0.0053707 0.5388312
217.963700 -9.3357639 0.2063487 -3.1899664 0.0089086 0.8266190 0.0047658 0.5626713
218.172000 -9.3130388 0.2058237 -3.1954308 0.0070361 0.8100057 0.0022901 0.5863754
218.380200 -9.2886429 0.2054475 -3.1998944 0.0068950 0.7920195 0.0008628 0.6104562
218.588500 -9.2627621 0.2046608 -3.2033510 0.0084712 0.7732868 0.0007868 0.6339993
218.796700 -9.2337570 0.2040042 -3.2059731 0.0102227 0.7529625 -0.0003343 0.6579839
219.004900 -9.2024202 0.2033293 -3.2067995 0.0115566 0.7319179 -0.0013202 0.6812935
219.213100 -9.1685266 0.2025476 -3.2059960 0.0127559 0.7101153 -0.0021652 0.7039666
219.421400 -9.1312771 0.2018600 -3.2023978 0.0112334 0.6881586 -0.0042969 0.7254606
219.629700 -9.0901976 0.2009514 -3.1973965 0.0093883 0.6673536 -0.0021190 0.7446788
219.838100 -9.0460997 0.1996683 -3.1897328 0.0096984 0.6493345 0.0003156 0.7604411
220.046600 -8.9982195 0.1986447 -3.1790764 0.0089907 0.6324186 0.0007068 0.7745743
220.255100 -8.9467325 0.1980795 -3.1655040 0.0091386 0.6135779 0.0008167 0.7895809
220.463500 -8.8912287 0.1968616 -3.1483688 0.0089702 0.5925686 0.0066531 0.8054426
220.671700 -8.8331852 0.1961403 -3.1268120 0.0090067 0.5702815 0.0133764 0.8212910
220.880200 -8.7738075 0.1951468 -3.1011612 0.0144331 0.5460700 0.0169403 0.8374439
221.088500 -8.7122517 0.1942809 -3.0707569 0.0212469 0.5220842 0.0184562 0.8524295
221.192700 -8.6807623 0.1933089 -3.0531747 0.0203041 0.5115919 0.0186311 0.8587865
221.401400 -8.6155443 0.1914497 -3.0138519 0.0170190 0.4933034 0.0191125 0.8694808
221.610100 -8.5483809 0.1896507 -2.9708004 0.0157842 0.4800613 0.0175118 0.8769181
221.818800 -8.4794044 0.1881710 -2.9241264 0.0147339 0.4725925 0.0132980 0.8810576
222.027700 -8.4079494 0.1863752 -2.8755906 0.0118559 0.4707537 0.0108387 0.8821185
222.241200 -8.3344164 0.1842120 -2.8256841 0.0126786 0.4717052 0.0090666 0.8816186
222.445200 -8.2584085 0.1823519 -2.7753363 0.0135576 0.4724346 0.0086672 0.8812189
222.653900 -8.1800756 0.1801617 -2.7235816 0.0107916 0.4734402 0.0091653 0.8807122
222.862400 -8.0994587 0.1779353 -2.6699076 0.0091102 0.4751706 0.0076319 0.8798134
223.070900 -8.0174398 0.1757443 -2.6158607 0.0102387 0.4774899 0.0052290 0.8785620
223.279400 -7.9321585 0.1735179 -2.5606890 0.0094904 0.4804936 0.0033797 0.8769404
223.488000 -7.8452072 0.1716744 -2.5049491 0.0046975 0.4848342 0.0030189 0.8745883
223.696300 -7.7561722 0.1700245 -2.4498999 0.0048839 0.4903336 0.0030594 0.8715158
223.904700 -7.6651263 0.1682641 -2.3965769 0.0052648 0.4951335 0.0050602 0.8687862
224.113300 -7.5731249 0.1665529 -2.3427382 0.0048660 0.5008829 0.0077132 0.8654671
224.321300 -7.4798307 0.1644616 -2.2900109 0.0059968 0.5070772 0.0060641 0.8618585
224.529600 -7.3862591 0.1620807 -2.2385688 0.0055002 0.5140331 0.0054812 0.8577352
224.737700 -7.2919884 0.1602119 -2.1893606 0.0045284 0.5204645 0.0064765 0.8538467
224.945800 -7.1984916 0.1584334 -2.1414227 0.0019894 0.5259274 0.0063395 0.8505036
225.153800 -7.1043143 0.1571194 -2.0941620 0.0001594 0.5295495 0.0067144 0.8482524
225.361700 -7.0112643 0.1556492 -2.0491197 0.0082532 0.5305388 0.0073827 0.8475883
225.569800 -6.9184909 0.1533337 -2.0035634 0.0075257 0.5307152 0.0090450 0.8474685
225.777700 -6.8265533 0.1519748 -1.9588314 0.0052596 0.5316927 0.0082730 0.8468806
225.986100 -6.7333970 0.1502026 -1.9140044 0.0071524 0.5319344 0.0079056 0.8467184
226.193900 -6.6411672 0.1479093 -1.8697435 0.0119457 0.5321680 0.0079228 0.8465174
226.401900 -6.5492139 0.1451193 -1.8257204 0.0115082 0.5326535 0.0082253 0.8462152
226.714100 -6.4107308 0.1414970 -1.7600834 0.0113054 0.5332772 0.0102257 0.8458032
226.922100 -6.3190389 0.1390596 -1.7164699 0.0129585 0.5334285 0.0094085 0.8456935
227.130200 -6.2281537 0.1363158 -1.6727544 0.0105419 0.5340319 0.0100230 0.8453392
227.338400 -6.1377397 0.1340496 -1.6301190 0.0095588 0.5337054 0.0111632 0.8455428
227.546300 -6.0481739 0.1313949 -1.5875095 0.0119021 0.5321541 0.0110566 0.8464916
227.754500 -5.9594297 0.1288588 -1.5442927 0.0116058 0.5307122 0.0112178 0.8473984
227.962600 -5.8719611 0.1260502 -1.5013660 0.0106950 0.5293511 0.0109233 0.8482652
228.170900 -5.7851467 0.1234577 -1.4582791 0.0101893 0.5297703 0.0070834 0.8480504
228.483200 -5.6560354 0.1198400 -1.3958873 0.0012003 0.5370876 0.0042648 0.8435148
228.795900 -5.5268884 0.1167052 -1.3389874 0.0033681 0.5494717 -0.0031373 0.8354996
229.004600 -5.4389815 0.1145253 -1.3032099 -0.0011479 0.5582387 -0.0014871 0.8296782
229.420600 -5.2616568 0.1099878 -1.2354428 0.0039744 0.5696874 0.0033433 0.8218451
229.628900 -5.1729164 0.1079357 -1.2027094 0.0023259 0.5734193 0.0013770 0.8192576
229.941100 -5.0392041 0.1053759 -1.1566629 0.0046748 0.5780511 -0.0033735 0.8159802
230.149200 -4.9493585 0.1029580 -1.1263988 0.0025182 0.5791485 -0.0009246 0.8152176
230.357400 -4.8593593 0.1009066 -1.0950525 -0.0017171 0.5799580 -0.0020439 0.8146420
230.565700 -4.7705431 0.0990456 -1.0645120 -0.0036277 0.5831439 -0.0072596 0.8123283
230.878200 -4.6360340 0.0952365 -1.0212045 0.0032184 0.5904182 -0.0105164 0.8070226
231.086700 -4.5442429 0.0923050 -0.9936999 0.0019778 0.5965448 -0.0069720 0.8025471
231.295200 -4.4524231 0.0895935 -0.9669679 0.0011758 0.6034804 -0.0061474 0.7973533
231.503300 -4.3599453 0.0871258 -0.9421210 0.0024091 0.6102549 -0.0055839 0.7921818
231.711800 -4.2666516 0.0844001 -0.9192686 0.0024623 0.6159930 -0.0039556 0.7877378
231.920100 -4.1708202 0.0826163 -0.8964702 0.0027277 0.6212204 -0.0022349 0.7836279
232.128200 -4.0751457 0.0803601 -0.8753867 0.0042994 0.6250834 0.0002065 0.7805461
232.336500 -3.9794497 0.0779142 -0.8543659 0.0081099 0.6271150 0.0010992 0.7788837
232.440500 -3.9318030 0.0765821 -0.8445926 0.0081306 0.6279418 0.0020787 0.7782150
232.544600 -3.8842049 0.0753225 -0.8351241 0.0065221 0.6287503 0.0036637 0.7775713
232.651700 -3.8369095 0.0738376 -0.8250689 0.0049151 0.6298646 0.0049376 0.7766737
232.752900 -3.7899117 0.0725576 -0.8153086 0.0050601 0.6311522 0.0057175 0.7756215
232.856900 -3.7425568 0.0717490 -0.8058076 0.0060640 0.6321879 0.0057063 0.7747704
232.960900 -3.6951015 0.0711217 -0.7955541 0.0067307 0.6336021 0.0059147 0.7736071
233.065000 -3.6479647 0.0699730 -0.7861819 0.0066074 0.6344301 0.0070678 0.7729197
233.273100 -3.5529177 0.0680147 -0.7679653 0.0065954 0.6358234 0.0076036 0.7717690
233.481200 -3.4588192 0.0662239 -0.7499220 0.0068555 0.6372006 0.0059747 0.7706443
233.585300 -3.4114392 0.0653550 -0.7406520 0.0066047 0.6378824 0.0056004 0.7700851
233.793200 -3.3162763 0.0635009 -0.7235103 0.0061218 0.6391459 0.0083830 0.7690154
234.001200 -3.2215240 0.0617311 -0.7069018 0.0076692 0.6401126 0.0091107 0.7681888
234.209300 -3.1276872 0.0603306 -0.6902396 0.0110205 0.6414988 0.0101822 0.7669773
234.417200 -3.0345519 0.0588022 -0.6743432 0.0096100 0.6427238 0.0115562 0.7659506
234.625400 -2.9410574 0.0570479 -0.6584541 0.0090428 0.6439743 0.0119879 0.7648998
234.729300 -2.8954165 0.0564930 -0.6508207 0.0098836 0.6446950 0.0104469 0.7643046
234.937900 -2.8034804 0.0547521 -0.6355677 0.0115554 0.6463061 0.0095637 0.7629308
235.145400 -2.7112629 0.0526785 -0.6208243 0.0127619 0.6485574 0.0077505 0.7610193
235.249300 -2.6655719 0.0514390 -0.6131728 0.0111766 0.6498335 0.0067228 0.7599646
235.457500 -2.5730009 0.0496486 -0.5997478 0.0092387 0.6517433 0.0075158 0.7583461
235.665500 -2.4812784 0.0477925 -0.5866601 0.0117351 0.6531288 0.0063218 0.7571295
235.873600 -2.3921492 0.0455156 -0.5744528 0.0136029 0.6545795 0.0065799 0.7558422
235.977600 -2.3477039 0.0440708 -0.5683244 0.0134169 0.6552299 0.0071386 0.7552766
236.081600 -2.3037839 0.0426436 -0.5624068 0.0132901 0.6559126 0.0081625 0.7546757
236.185900 -2.2589951 0.0418123 -0.5562702 0.0134531 0.6565583 0.0090081 0.7541015
236.394600 -2.1705246 0.0393315 -0.5442922 0.0130813 0.6580562 0.0096666 0.7527931
236.601800 -2.0842817 0.0372069 -0.5338108 0.0155097 0.6591799 0.0099069 0.7517601
236.809900 -1.9997095 0.0348916 -0.5237761 0.0164614 0.6597478 0.0101482 0.7512382
236.914000 -1.9579648 0.0339166 -0.5189039 0.0162134 0.6601462 0.0107053 0.7508858
237.122100 -1.8773794 0.0319212 -0.5095218 0.0158956 0.6608164 0.0109121 0.7502999
237.330200 -1.7986879 0.0295385 -0.5000361 0.0160313 0.6615718 0.0109071 0.7496311
237.538300 -1.7227981 0.0277724 -0.4907945 0.0139690 0.6622326 0.0145854 0.7490261
237.747400 -1.6485665 0.0269987 -0.4822679 0.0115394 0.6630609 0.0173993 0.7482743
237.850500 -1.6133056 0.0264999 -0.4781114 0.0118755 0.6634259 0.0173707 0.7479460
238.058700 -1.5451673 0.0259092 -0.4704724 0.0129180 0.6642126 0.0145378 0.7472907
238.266900 -1.4808942 0.0249955 -0.4633485 0.0147293 0.6648789 0.0121293 0.7467074
238.475100 -1.4192778 0.0233097 -0.4567940 0.0149690 0.6645908 0.0134051 0.7469373
238.683400 -1.3607937 0.0216519 -0.4500563 0.0134103 0.6635684 0.0142472 0.7478597
238.891600 -1.3053906 0.0203625 -0.4433057 0.0136546 0.6630526 0.0148820 0.7483003
239.100000 -1.2522891 0.0190244 -0.4368891 0.0146892 0.6635097 0.0129668 0.7479111
239.308600 -1.2026023 0.0180197 -0.4314820 0.0162744 0.6649210 0.0130572 0.7466221
239.516800 -1.1550280 0.0165180 -0.4262764 0.0173050 0.6664699 0.0149184 0.7451818
239.725300 -1.1105727 0.0153978 -0.4219292 0.0183432 0.6675639 0.0158225 0.7441583
239.933700 -1.0700637 0.0140134 -0.4176688 0.0180851 0.6689443 0.0145804 0.7429494
240.142100 -1.0341682 0.0126787 -0.4140597 0.0213521 0.6697590 0.0119260 0.7421758
240.350500 -1.0018619 0.0115048 -0.4105551 0.0227657 0.6704763 0.0101887 0.7415116
240.558700 -0.9733997 0.0105062 -0.4080721 0.0241823 0.6697870 0.0097101 0.7420959
240.975100 -0.9252558 0.0081933 -0.4016492 0.0226326 0.6627787 0.0077084 0.7484335
241.183100 -0.9038010 0.0072196 -0.3979662 0.0219107 0.6548145 0.0075456 0.7554342
241.391100 -0.8836209 0.0066003 -0.3936484 0.0232736 0.6439810 0.0074626 0.7646510
250.248700 -0.8059132 0.0031357 -0.3681823 0.0220379 0.5924070 -0.0021253 0.8053345
250.456700 -0.7945363 0.0024894 -0.3628913 0.0214204 0.5788586 -0.0031247 0.8151405
250.664600 -0.7794460 0.0019189 -0.3554253 0.0212370 0.5594167 -0.0018953 0.8286123
250.976100 -0.7513614 0.0008635 -0.3390433 0.0182862 0.5193579 0.0011359 0.8543604
251.287600 -0.7188891 -0.0010617 -0.3144316 0.0116804 0.4673670 -0.0022534 0.8839834
251.599000 -0.6839024 -0.0022658 -0.2803541 0.0078990 0.4043631 -0.0050801 0.9145503
251.910600 -0.6486505 -0.0036094 -0.2364703 0.0086904 0.3345698 -0.0068859 0.9423057
252.222500 -0.6142981 -0.0053496 -0.1799435 0.0032808 0.2635230 -0.0043215 0.9646378
252.534700 -0.5847712 -0.0063243 -0.1086153 0.0029320 0.1960992 -0.0046033 0.9805689
252.743200 -0.5665169 -0.0068773 -0.0533772 0.0019701 0.1568970 -0.0014687 0.9876119
252.951700 -0.5504795 -0.0077858 0.0080198 0.0040350 0.1207297 0.0055095 0.9926620
253.264300 -0.5342069 -0.0091353 0.1104047 0.0048007 0.0694252 0.0096471 0.9975290
253.473000 -0.5280651 -0.0105203 0.1853062 0.0068622 0.0391036 0.0101842 0.9991597
254.725500 -0.5423098 -0.0225015 0.7231761 0.0085169 -0.0222828 -0.0027779 0.9997116
255.767800 -0.5714091 -0.0323106 1.2518922 0.0005186 -0.0291709 -0.0027501 0.9995705
257.226000 -0.6202010 -0.0468507 1.9797716 -0.0033852 -0.0329997 0.0015112 0.9994485
259.933500 -0.7096107 -0.0728094 3.2534492 -0.0007120 -0.0376812 0.0004029 0.9992895
260.558300 -0.7310542 -0.0778417 3.5356867 -0.0004986 -0.0346750 0.0009354 0.9993981
260.975000 -0.7442958 -0.0809398 3.7212675 0.0035102 -0.0314667 -0.0008392 0.9994983
261.704200 -0.7621040 -0.0888604 4.0419078 0.0027371 -0.0227183 0.0007513 0.9997379
262.016600 -0.7686651 -0.0931209 4.1767402 0.0122564 -0.0212902 0.0019245 0.9996964
262.329100 -0.7757594 -0.0975862 4.3135533 0.0070641 -0.0213277 -0.0021012 0.9997454
262.641500 -0.7825150 -0.1002927 4.4541440 -0.0008355 -0.0229629 -0.0017187 0.9997345
262.954000 -0.7884237 -0.1008225 4.5982828 -0.0033668 -0.0257825 0.0006300 0.9996617
263.266600 -0.7962235 -0.1028431 4.7433958 0.0083608 -0.0269128 0.0034955 0.9995967
263.579100 -0.8045932 -0.1070615 4.8934011 0.0079005 -0.0279211 0.0035134 0.9995728
263.787300 -0.8102844 -0.1096204 4.9953060 0.0050063 -0.0291044 0.0037011 0.9995570
263.995700 -0.8168617 -0.1123603 5.0973268 0.0072451 -0.0305879 0.0027655 0.9995020
264.204000 -0.8238454 -0.1150709 5.2015176 0.0034969 -0.0322194 0.0024497 0.9994717
264.412200 -0.8309220 -0.1175338 5.3044391 0.0021716 -0.0339321 0.0019888 0.9994198
264.620500 -0.8379055 -0.1197983 5.4080195 0.0028056 -0.0358121 0.0021640 0.9993523
264.828700 -0.8454343 -0.1220238 5.5116892 0.0015547 -0.0372501 0.0017322 0.9993033
265.037100 -0.8538433 -0.1245978 5.6148887 0.0024510 -0.0371764 0.0010725 0.9993051
265.349500 -0.8661551 -0.1287646 5.7699084 0.0005412 -0.0379249 0.0020258 0.9992784
265.453600 -0.8702956 -0.1294224 5.8220639 -0.0013109 -0.0388557 0.0024954 0.9992409
265.661800 -0.8787495 -0.1313755 5.9264402 -0.0007830 -0.0404464 0.0020597 0.9991793
265.870100 -0.8876091 -0.1337084 6.0286980 0.0023737 -0.0410834 0.0015701 0.9991516
266.078300 -0.8959411 -0.1359463 6.1292038 0.0013872 -0.0398687 0.0012023 0.9992033
266.286700 -0.9036086 -0.1382158 6.2287297 0.0010992 -0.0387057 0.0009750 0.9992496
266.495100 -0.9110254 -0.1400492 6.3264894 0.0012232 -0.0372204 0.0007119 0.9993061
266.703500 -0.9186363 -0.1425360 6.4230170 0.0007132 -0.0356296 -0.0001882 0.9993648
266.911700 -0.9255906 -0.1448052 6.5183616 0.0024491 -0.0342479 -0.0002470 0.9994103
267.120100 -0.9328016 -0.1473860 6.6132979 0.0042409 -0.0324498 -0.0021716 0.9994620
267.328500 -0.9388328 -0.1496611 6.7076359 0.0053203 -0.0306835 0.0006500 0.9995148
267.536900 -0.9447345 -0.1523018 6.8019171 0.0035702 -0.0295503 0.0009305 0.9995565
267.641100 -0.9476548 -0.1538037 6.8488631 0.0061531 -0.0291549 -0.0011646 0.9995553
267.849300 -0.9543837 -0.1564327 6.9432464 0.0113588 -0.0288732 -0.0070252 0.9994938
268.057600 -0.9611722 -0.1601002 7.0390177 0.0097503 -0.0303428 -0.0090134 0.9994513
268.266000 -0.9675965 -0.1629639 7.1359272 0.0084059 -0.0324332 -0.0050868 0.9994256
268.474200 -0.9740616 -0.1653394 7.2342052 0.0029136 -0.0341582 -0.0025457 0.9994090
268.682600 -0.9808515 -0.1665445 7.3322625 -0.0041883 -0.0358125 0.0015276 0.9993486
268.890800 -0.9881211 -0.1674022 7.4313803 -0.0001749 -0.0374882 0.0027505 0.9992933
269.099200 -0.9960238 -0.1688689 7.5316906 0.0052832 -0.0382858 0.0021617 0.9992505
269.932600 -1.0289917 -0.1800913 7.9525299 0.0066398 -0.0361711 0.0003212 0.9993235
271.182300 -1.0745318 -0.1994189 8.5897694 0.0051161 -0.0343435 -0.0009989 0.9993965
271.807200 -1.0956765 -0.2066547 8.8948364 0.0011721 -0.0324691 -0.0019334 0.9994702
272.640500 -1.1199157 -0.2165609 9.2608891 0.0059365 -0.0308546 -0.0022572 0.9995037
273.161500 -1.1330934 -0.2222596 9.4820175 0.0052429 -0.0283638 0.0032743 0.9995785
273.578400 -1.1418140 -0.2273557 9.6581211 0.0064506 -0.0248277 0.0063083 0.9996510
273.995000 -1.1502597 -0.2336539 9.8295202 0.0198354 -0.0274718 0.0070685 0.9994008
274.411500 -1.1644753 -0.2414736 10.0017118 0.0055478 -0.0431011 0.0021077 0.9990531
274.828200 -1.1827213 -0.2450130 10.1708651 0.0024008 -0.0535576 -0.0026801 0.9985583
275.141200 -1.1970431 -0.2479933 10.3040705 0.0060012 -0.0497323 0.0000253 0.9987445
275.454100 -1.2105103 -0.2515199 10.4443703 0.0107870 -0.0469873 0.0050953 0.9988242
275.662600 -1.2192028 -0.2542126 10.5403996 0.0114060 -0.0457255 0.0042097 0.9988800
275.871100 -1.2282600 -0.2573316 10.6367664 0.0076972 -0.0448190 0.0029184 0.9989612
276.079600 -1.2370472 -0.2601147 10.7358418 0.0070156 -0.0439264 0.0056497 0.9989942
276.183900 -1.2414443 -0.2615926 10.7855635 0.0085313 -0.0436229 0.0074508 0.9989839
276.392200 -1.2503085 -0.2644908 10.8859892 0.0124444 -0.0436289 0.0085317 0.9989339
276.496500 -1.2550838 -0.2662397 10.9367571 0.0108945 -0.0432705 0.0070927 0.9989788
276.704900 -1.2642684 -0.2697909 11.0390835 0.0058984 -0.0428863 0.0063772 0.9990422
276.913100 -1.2735740 -0.2724908 11.1413040 0.0047030 -0.0425251 0.0047924 0.9990728
277.017400 -1.2781928 -0.2737796 11.1919174 0.0045382 -0.0425245 0.0040789 0.9990768
277.225700 -1.2873732 -0.2766543 11.2922421 0.0077912 -0.0421786 0.0042974 0.9990705
277.434000 -1.2964884 -0.2802042 11.3913803 0.0096952 -0.0418034 0.0041567 0.9990702
277.642400 -1.3050511 -0.2838022 11.4888020 0.0058504 -0.0415127 0.0068337 0.9990975
277.850700 -1.3131746 -0.2866772 11.5849352 0.0052681 -0.0412678 0.0042897 0.9991250
278.059100 -1.3217583 -0.2894180 11.6795931 0.0076162 -0.0405679 0.0004254 0.9991477
278.267400 -1.3294346 -0.2927518 11.7732897 0.0064483 -0.0406655 0.0003334 0.9991519
278.475700 -1.3373995 -0.2953696 11.8653555 0.0035400 -0.0416872 0.0018799 0.9991227
278.684000 -1.3450565 -0.2983129 11.9538393 0.0048844 -0.0429313 0.0015875 0.9990648
279.100400 -1.3617275 -0.3033031 12.1267147 0.0028046 -0.0455485 0.0010148 0.9989577
279.412800 -1.3734833 -0.3068229 12.2479820 -0.0002876 -0.0467839 0.0001897 0.9989050
279.725100 -1.3850108 -0.3099208 12.3662128 0.0046442 -0.0476750 0.0010659 0.9988515
280.037700 -1.3969263 -0.3130896 12.4839802 0.0041498 -0.0469914 -0.0000704 0.9988866
280.246100 -1.4045066 -0.3157161 12.5615282 0.0086118 -0.0449710 -0.0028570 0.9989471
280.454600 -1.4120008 -0.3183435 12.6385698 0.0123552 -0.0424845 -0.0052177 0.9990071
280.663000 -1.4192164 -0.3215255 12.7162952 0.0117902 -0.0394843 -0.0078642 0.9991197
280.871400 -1.4248158 -0.3243334 12.7950144 0.0102630 -0.0365566 -0.0060883 0.9992604
281.079700 -1.4303342 -0.3267558 12.8737068 0.0090924 -0.0333717 -0.0054444 0.9993868
281.288100 -1.4356117 -0.3292499 12.9534988 0.0073042 -0.0301761 -0.0049744 0.9995055
281.496600 -1.4406393 -0.3311808 13.0351439 0.0054813 -0.0264709 -0.0065656 0.9996130
281.809300 -1.4464319 -0.3343548 13.1592827 0.0077434 -0.0206591 -0.0054712 0.9997416
282.017600 -1.4495525 -0.3367142 13.2450457 0.0081625 -0.0167546 -0.0034617 0.9998203
282.226000 -1.4523264 -0.3395301 13.3311691 0.0156413 -0.0127762 -0.0026182 0.9997926
282.434500 -1.4545054 -0.3429505 13.4202271 0.0105511 -0.0084793 -0.0033758 0.9999027
282.642900 -1.4555751 -0.3459077 13.5099716 0.0118910 -0.0042606 -0.0032598 0.9999149
282.851200 -1.4564607 -0.3495182 13.6004744 0.0151668 -0.0000204 -0.0036947 0.9998782
283.059600 -1.4561164 -0.3536797 13.6926222 0.0160775 0.0042263 -0.0040567 0.9998536
283.268000 -1.4547725 -0.3576173 13.7866278 0.0104589 0.0084354 -0.0035923 0.9999033
283.476400 -1.4530700 -0.3607668 13.8817234 0.0088216 0.0124136 -0.0029999 0.9998795
283.684800 -1.4505806 -0.3639871 13.9771338 0.0107106 0.0149449 -0.0004884 0.9998308
283.997100 -1.4468231 -0.3696773 14.1225653 0.0134106 0.0164317 -0.0006665 0.9997748
284.205400 -1.4440136 -0.3732477 14.2209883 0.0112215 0.0170806 -0.0005806 0.9997910
284.517700 -1.4390168 -0.3789760 14.3716316 0.0130758 0.0164232 0.0014740 0.9997786
284.726000 -1.4362937 -0.3831262 14.4719057 0.0100379 0.0161532 0.0019904 0.9998171
285.038200 -1.4318473 -0.3884735 14.6223650 0.0079423 0.0147081 0.0036956 0.9998534
285.246400 -1.4300903 -0.3919209 14.7212887 0.0098374 0.0139085 0.0018661 0.9998531
285.454600 -1.4280310 -0.3957362 14.8199797 0.0098722 0.0125886 0.0015124 0.9998709
285.662700 -1.4262064 -0.3995617 14.9183092 0.0094007 0.0114222 0.0000987 0.9998906
285.871000 -1.4248210 -0.4034800 15.0155354 0.0101092 0.0100202 -0.0013884 0.9998977
286.079200 -1.4239670 -0.4073992 15.1123848 0.0092848 0.0083831 -0.0009974 0.9999213
286.287400 -1.4232830 -0.4110063 15.2081366 0.0140176 0.0061618 0.0006863 0.9998825
286.495600 -1.4222860 -0.4149023 15.3047171 0.0064995 0.0042554 0.0021531 0.9999675
286.703900 -1.4223753 -0.4173736 15.3998718 0.0013230 0.0035058 0.0008984 0.9999925
286.912200 -1.4230760 -0.4198822 15.4937506 0.0074966 0.0028444 -0.0054736 0.9999529
287.120500 -1.4235846 -0.4232541 15.5869360 0.0094109 0.0024572 -0.0082978 0.9999183
287.328700 -1.4241811 -0.4261979 15.6797419 0.0060164 0.0017188 -0.0112184 0.9999175
287.537000 -1.4245245 -0.4291489 15.7708664 0.0060381 -0.0000805 -0.0118349 0.9999117
