3.630286 0.0000000 0.0000000 0.0000000 0.0000000 0.0000000 0.0000000 1.0000000
3.837524 0.0026657 -0.0002197 0.0377056 0.0009031 0.0256668 0.0035738 0.9996638
3.941290 0.0063273 -0.0007582 0.0562088 0.0010739 0.0353419 0.0060660 0.9993563
4.148625 0.0124505 -0.0011028 0.0946846 0.0008503 0.0527823 0.0113202 0.9985415
4.252293 0.0166458 -0.0016963 0.1141420 0.0005236 0.0592978 0.0131502 0.9981536
4.355974 0.0207433 -0.0018264 0.1337619 0.0002647 0.0654285 0.0144597 0.9977525
4.459609 0.0249557 -0.0019820 0.1531046 -0.0004154 0.0708620 0.0147254 0.9973773
4.563217 0.0283859 -0.0023455 0.1724513 -0.0005510 0.0764221 0.0148287 0.9969651
4.666947 0.0336374 -0.0021961 0.1924971 0.0011858 0.0805175 0.0148634 0.9966416
4.770559 0.0388208 -0.0021217 0.2125187 0.0029695 0.0841957 0.0149554 0.9963326
4.874319 0.0442543 -0.0012830 0.2330508 0.0052795 0.0874141 0.0150156 0.9960449
4.977967 0.0498122 -0.0007823 0.2538804 0.0066286 0.0896114 0.0146718 0.9958467
5.081656 0.0554442 -0.0002045 0.2750913 0.0078838 0.0909347 0.0140162 0.9957270
5.185269 0.0612495 0.0003902 0.2965906 0.0097908 0.0918245 0.0141386 0.9956267
5.288943 0.0668794 0.0007808 0.3180650 0.0115629 0.0925384 0.0129483 0.9955578
5.392622 0.0726676 0.0013304 0.3399326 0.0133179 0.0929886 0.0123592 0.9955014
5.600026 0.0839109 0.0019993 0.3840541 0.0146365 0.0926130 0.0106531 0.9955376
5.807340 0.0951013 0.0023883 0.4285805 0.0171834 0.0914665 0.0098291 0.9956114
5.910955 0.0994532 0.0021463 0.4504214 0.0178221 0.0913473 0.0093831 0.9956154
6.118447 0.1102761 0.0029010 0.4955042 0.0222330 0.0881955 0.0088156 0.9958160
6.325669 0.1204865 0.0025989 0.5390565 0.0257966 0.0837234 0.0094480 0.9961103
6.533021 0.1290748 0.0014205 0.5802339 0.0273861 0.0793228 0.0102425 0.9964201
6.740399 0.1378779 -0.0004185 0.6235978 0.0294338 0.0748312 0.0110582 0.9967004
6.947755 0.1454302 -0.0018550 0.6676705 0.0311360 0.0708047 0.0118378 0.9969339
7.051471 0.1491724 -0.0030903 0.6895031 0.0305274 0.0683378 0.0128276 0.9971126
7.155209 0.1521679 -0.0041765 0.7112951 0.0317777 0.0667137 0.0133953 0.9971761
7.258923 0.1551284 -0.0052440 0.7333845 0.0336362 0.0651757 0.0147700 0.9971974
7.362568 0.1584330 -0.0065855 0.7537720 0.0338878 0.0631298 0.0150130 0.9973168
7.466210 0.1591675 -0.0070389 0.7738259 0.0349215 0.0632118 0.0162337 0.9972569
7.569925 0.1638594 -0.0071022 0.7956976 0.0360953 0.0602480 0.0161420 0.9974000
7.673572 0.1663169 -0.0079206 0.8175232 0.0372352 0.0590013 0.0170977 0.9974167
7.777286 0.1690353 -0.0096176 0.8393717 0.0369780 0.0574414 0.0175671 0.9975092
7.881024 0.1712660 -0.0110187 0.8617380 0.0379408 0.0562945 0.0179525 0.9975315
7.984696 0.1741233 -0.0122637 0.8841852 0.0391484 0.0542948 0.0178898 0.9975968
8.088400 0.1759179 -0.0135875 0.9068623 0.0403197 0.0533977 0.0176741 0.9976025
8.192118 0.1773211 -0.0148711 0.9300821 0.0415544 0.0528480 0.0173007 0.9975876
8.295863 0.1784551 -0.0160164 0.9534794 0.0423792 0.0521331 0.0168330 0.9975985
8.503235 0.1798714 -0.0219426 1.0013814 0.0404706 0.0501739 0.0171403 0.9977730
8.710698 0.1829915 -0.0257529 1.0492412 0.0423852 0.0463755 0.0199130 0.9978258
8.918107 0.1860840 -0.0321846 1.0965718 0.0407568 0.0427610 0.0212222 0.9980280
9.021867 0.1868513 -0.0351341 1.1207496 0.0400227 0.0406762 0.0211408 0.9981467
9.229148 0.1875342 -0.0401193 1.1694998 0.0414803 0.0346327 0.0217682 0.9983016
9.332783 0.1872981 -0.0432604 1.1946083 0.0420193 0.0302695 0.0218274 0.9984196
9.436507 0.1859676 -0.0453768 1.2204150 0.0446937 0.0253508 0.0235889 0.9984004
9.540126 0.1840579 -0.0479417 1.2463715 0.0469894 0.0187505 0.0248610 0.9984099
9.643856 0.1801641 -0.0527587 1.2745565 0.0454079 0.0124575 0.0238993 0.9986049
9.747566 0.1754979 -0.0558510 1.3026128 0.0478684 0.0032936 0.0240199 0.9985594
