0.000000 -0.8269512 0.0256536 -0.7553389 -0.0017717 -0.0118673 -0.0000092 0.9999280
0.208477 -0.8283783 0.0248672 -0.7017443 -0.0005741 -0.0132735 0.0012185 0.9999110
0.312729 -0.8290266 0.0242683 -0.6746956 -0.0000174 -0.0143531 0.0014449 0.9998959
0.416979 -0.8299638 0.0241189 -0.6480625 0.0010264 -0.0152820 0.0024070 0.9998798
0.521227 -0.8306858 0.0236084 -0.6212975 0.0020403 -0.0161447 0.0036304 0.9998610
0.625476 -0.8316434 0.0230718 -0.5941146 0.0022773 -0.0168914 0.0042411 0.9998457
0.729727 -0.8328514 0.0227108 -0.5663862 0.0021285 -0.0176403 0.0041438 0.9998335
0.833976 -0.8340629 0.0219480 -0.5384974 0.0022323 -0.0181885 0.0044628 0.9998221
0.938359 -0.8352714 0.0212297 -0.5103839 0.0035701 -0.0187736 0.0041103 0.9998089
1.042605 -0.8366832 0.0206481 -0.4817935 0.0055359 -0.0194145 0.0032836 0.9997908
1.146853 -0.8380768 0.0199126 -0.4527661 0.0072438 -0.0200527 0.0028111 0.9997687
1.251125 -0.8396320 0.0195527 -0.4225881 0.0073430 -0.0206335 0.0018623 0.9997584
1.355354 -0.8412007 0.0191350 -0.3921160 0.0040108 -0.0211518 0.0005617 0.9997681
1.563854 -0.8443722 0.0183067 -0.3278673 -0.0044838 -0.0220638 -0.0002834 0.9997465
1.772352 -0.8480655 0.0173419 -0.2626771 -0.0004357 -0.0229453 -0.0025515 0.9997334
1.980855 -0.8516915 0.0172688 -0.1937866 0.0016527 -0.0240593 -0.0011854 0.9997085
2.189354 -0.8553578 0.0167551 -0.1204312 -0.0067736 -0.0245314 -0.0005174 0.9996760
2.397855 -0.8592345 0.0170654 -0.0442663 -0.0073887 -0.0248967 0.0009266 0.9996623
2.606377 -0.8635495 0.0172877 0.0347920 -0.0044122 -0.0243416 -0.0002022 0.9996939
2.814856 -0.8673183 0.0169978 0.1168481 0.0015503 -0.0235543 0.0027382 0.9997176
3.023358 -0.8720486 0.0159266 0.2025157 0.0047459 -0.0228866 0.0013219 0.9997259
3.335979 -0.8781412 0.0132629 0.3369355 0.0061711 -0.0231320 -0.0010097 0.9997129
3.544357 -0.8826472 0.0113816 0.4285855 0.0067494 -0.0233071 -0.0036432 0.9996989
3.856982 -0.8896520 0.0073781 0.5683486 0.0060703 -0.0238242 -0.0045273 0.9996875
4.065354 -0.8948054 0.0050012 0.6635683 0.0044692 -0.0239954 -0.0052219 0.9996884
4.377982 -0.9025253 0.0018711 0.8094435 0.0051340 -0.0243745 -0.0057257 0.9996733
4.586357 -0.9077885 -0.0003565 0.9086364 0.0019307 -0.0249513 -0.0054024 0.9996722
4.794755 -0.9129786 -0.0020858 1.0099635 0.0005810 -0.0256485 -0.0054484 0.9996560
5.003109 -0.9186671 -0.0036129 1.1119511 0.0015792 -0.0262651 -0.0054533 0.9996389
5.315611 -0.9276413 -0.0062971 1.2651479 -0.0012656 -0.0272174 -0.0054545 0.9996139
5.523983 -0.9335630 -0.0083092 1.3667608 0.0005825 -0.0277002 -0.0067187 0.9995935
5.732480 -0.9400388 -0.0102006 1.4682171 0.0028316 -0.0275566 -0.0075245 0.9995879
5.940858 -0.9461027 -0.0121718 1.5712359 0.0004365 -0.0274675 -0.0082070 0.9995889
6.149354 -0.9520460 -0.0141757 1.6729910 0.0001421 -0.0272836 -0.0074552 0.9995999
6.357731 -0.9577870 -0.0160795 1.7752205 0.0021070 -0.0270415 -0.0071893 0.9996063
6.566109 -0.9634911 -0.0186641 1.8768649 0.0050062 -0.0269078 -0.0058492 0.9996083
6.774485 -0.9689323 -0.0212903 1.9790019 0.0046323 -0.0266827 -0.0041282 0.9996247
6.982859 -0.9743667 -0.0231976 2.0813866 -0.0012038 -0.0265849 -0.0026876 0.9996423
7.191236 -0.9800648 -0.0247315 2.1841378 -0.0000560 -0.0263465 -0.0004638 0.9996527
7.399507 -0.9857828 -0.0269961 2.2861531 0.0034381 -0.0264713 -0.0007379 0.9996434
7.607858 -0.9916153 -0.0295256 2.3886456 0.0058879 -0.0260911 -0.0020825 0.9996400
7.816232 -0.9979143 -0.0320388 2.4912431 0.0030721 -0.0254943 -0.0045769 0.9996598
8.024607 -1.0033462 -0.0341331 2.5940108 0.0023315 -0.0256037 -0.0036013 0.9996629
8.128736 -1.0056560 -0.0354606 2.6448588 0.0015064 -0.0258738 -0.0031332 0.9996592
8.336986 -1.0115842 -0.0375199 2.7483582 -0.0004639 -0.0263614 -0.0018300 0.9996507
8.545359 -1.0175523 -0.0397653 2.8506567 0.0020556 -0.0268146 -0.0016038 0.9996370
8.753612 -1.0236484 -0.0416504 2.9519851 0.0024311 -0.0274521 -0.0027946 0.9996163
8.961860 -1.0296849 -0.0440903 3.0532160 -0.0018983 -0.0281380 -0.0039638 0.9995944
9.170238 -1.0356308 -0.0458129 3.1543589 -0.0011586 -0.0288720 -0.0042824 0.9995733
9.378487 -1.0416074 -0.0474032 3.2538152 -0.0006096 -0.0294180 -0.0040439 0.9995588
9.586735 -1.0479453 -0.0493894 3.3512642 -0.0016315 -0.0300059 -0.0027786 0.9995446
9.794986 -1.0540549 -0.0513523 3.4444704 -0.0036036 -0.0308752 -0.0022717 0.9995142
9.899109 -1.0572337 -0.0517241 3.4896216 -0.0034833 -0.0318513 -0.0017539 0.9994850
10.107490 -1.0638061 -0.0532357 3.5770328 -0.0025892 -0.0351665 -0.0013187 0.9993773
10.315740 -1.0704494 -0.0548558 3.6604497 -0.0034312 -0.0383988 -0.0017697 0.9992551
10.524110 -1.0774891 -0.0560712 3.7381389 -0.0046249 -0.0413543 -0.0025958 0.9991305
10.732490 -1.0845242 -0.0572089 3.8115654 -0.0051238 -0.0439293 -0.0045450 0.9990112
11.045010 -1.0953448 -0.0591134 3.9107876 -0.0007706 -0.0476493 -0.0073454 0.9988368
11.357760 -1.1046648 -0.0612613 3.9978118 0.0008454 -0.0488573 -0.0104084 0.9987512
11.670740 -1.1122457 -0.0629342 4.0747952 -0.0014440 -0.0408769 -0.0139675 0.9990655
11.983860 -1.1155672 -0.0644186 4.1425228 -0.0036670 -0.0234952 -0.0133650 0.9996279
12.401640 -1.1123599 -0.0664045 4.2227483 0.0024580 0.0157420 -0.0112414 0.9998099
12.819860 -1.0999246 -0.0685241 4.2956533 0.0059451 0.0789543 -0.0059479 0.9968427
13.133360 -1.0841738 -0.0704241 4.3455229 0.0072536 0.1409370 -0.0033245 0.9899864
13.446740 -1.0617936 -0.0721211 4.3910613 0.0061502 0.2117441 -0.0037195 0.9772987
13.760010 -1.0326934 -0.0743032 4.4315171 0.0093742 0.2847396 -0.0031165 0.9585540
13.968740 -1.0099800 -0.0753850 4.4569635 0.0125706 0.3350464 -0.0072306 0.9420900
14.177490 -0.9834223 -0.0766950 4.4798808 0.0138254 0.3863955 -0.0088240 0.9221874
14.281780 -0.9687029 -0.0774885 4.4903402 0.0136140 0.4116252 -0.0073422 0.9112219
14.386120 -0.9533452 -0.0778975 4.5002384 0.0126660 0.4371219 -0.0064783 0.8992897
14.490490 -0.9371899 -0.0785050 4.5096045 0.0115502 0.4624486 -0.0059105 0.8865511
14.699110 -0.9025891 -0.0799240 4.5255589 0.0092897 0.5123414 -0.0031256 0.8587259
14.803370 -0.8845646 -0.0806722 4.5323811 0.0077528 0.5366961 -0.0041730 0.8437296
14.907610 -0.8655168 -0.0813914 4.5386691 0.0080138 0.5597464 -0.0068697 0.8285968
15.011990 -0.8458604 -0.0820496 4.5436983 0.0096744 0.5815832 -0.0086322 0.8133836
15.116140 -0.8253181 -0.0826306 4.5480499 0.0109204 0.6011421 -0.0089239 0.7990177
15.324240 -0.7811096 -0.0840668 4.5542035 0.0161453 0.6318974 -0.0040336 0.7748734
15.532120 -0.7336403 -0.0859130 4.5599213 0.0161513 0.6546238 -0.0033691 0.7557747
15.739890 -0.6818152 -0.0873933 4.5651360 0.0089308 0.6731756 -0.0048555 0.7394128
15.947760 -0.6262068 -0.0894436 4.5664988 0.0124060 0.6888340 0.0000341 0.7248130
16.155710 -0.5666288 -0.0909859 4.5671659 0.0167570 0.7003362 -0.0010848 0.7136156
16.363390 -0.5030165 -0.0930659 4.5672159 0.0177202 0.7064950 -0.0028872 0.7074902
16.570990 -0.4347500 -0.0953152 4.5663471 0.0188363 0.7071049 0.0017961 0.7068554
16.778640 -0.3629162 -0.0978748 4.5676551 0.0171397 0.7059985 0.0000338 0.7080059
16.986490 -0.2876722 -0.1002174 4.5684795 0.0174602 0.7052588 -0.0012008 0.7087339
17.194620 -0.2083434 -0.1029374 4.5696111 0.0161299 0.7048199 -0.0013769 0.7092015
17.402740 -0.1265349 -0.1062169 4.5699658 0.0153456 0.7047541 0.0006355 0.7092854
17.610870 -0.0435109 -0.1088587 4.5710955 0.0132710 0.7056605 0.0004297 0.7084257
17.819120 0.0419271 -0.1110623 4.5713549 0.0132054 0.7064652 0.0030948 0.7076178
18.027490 0.1276146 -0.1138930 4.5719194 0.0125646 0.7074008 -0.0002413 0.7067009
18.235760 0.2156537 -0.1167211 4.5723095 0.0151895 0.7081554 -0.0019912 0.7058904
18.444000 0.3049014 -0.1197357 4.5730133 0.0107467 0.7091393 -0.0020826 0.7049835
18.652370 0.3940122 -0.1227184 4.5730791 0.0049738 0.7093643 -0.0001182 0.7048245
18.860740 0.4826515 -0.1255670 4.5730710 0.0071419 0.7089717 -0.0019031 0.7051982
19.069120 0.5698134 -0.1277382 4.5731626 0.0146411 0.7084060 -0.0063568 0.7056246
19.277500 0.6575053 -0.1313963 4.5731535 0.0113486 0.7076922 0.0000522 0.7064297
19.485910 0.7437617 -0.1343194 4.5735817 0.0105825 0.7076426 0.0009021 0.7064908
19.694390 0.8288889 -0.1372480 4.5739636 0.0091092 0.7086850 -0.0013232 0.7054649
19.902930 0.9138771 -0.1398712 4.5736289 0.0088985 0.7101160 -0.0020325 0.7040256
20.111410 0.9974563 -0.1425747 4.5735593 0.0075216 0.7116076 -0.0032540 0.7025293
20.319990 1.0809232 -0.1455219 4.5730214 0.0070128 0.7131844 -0.0027668 0.7009359
20.528590 1.1624507 -0.1482338 4.5720611 0.0075119 0.7143059 -0.0031422 0.6997863
20.841310 1.2829328 -0.1524488 4.5697207 0.0067295 0.7156634 -0.0020386 0.6984100
21.049750 1.3605419 -0.1545710 4.5685325 0.0053124 0.7164614 -0.0022909 0.6976027
21.258280 1.4346683 -0.1572467 4.5671816 0.0059672 0.7168420 -0.0030092 0.6972036
21.466850 1.5078931 -0.1593693 4.5657830 0.0070386 0.7169450 -0.0054508 0.6970729
21.675510 1.5802671 -0.1619560 4.5641246 0.0077695 0.7170129 -0.0050259 0.6969984
21.883890 1.6516528 -0.1646402 4.5627627 0.0063982 0.7172807 -0.0061148 0.6967281
22.092530 1.7227509 -0.1670635 4.5615811 0.0058852 0.7172939 -0.0060298 0.6967199
22.301210 1.7921364 -0.1693981 4.5596175 0.0046380 0.7187838 -0.0066387 0.6951866
22.614140 1.8956276 -0.1730588 4.5552435 0.0072815 0.7249705 -0.0081861 0.6886928
22.926910 2.0002861 -0.1768869 4.5485873 0.0056025 0.7313712 -0.0099277 0.6818843
23.135720 2.0718541 -0.1793024 4.5433655 0.0038316 0.7342088 -0.0118160 0.6788101
23.343940 2.1452131 -0.1818165 4.5374722 0.0027909 0.7356961 -0.0083636 0.6772544
23.552380 2.2203794 -0.1839464 4.5318069 0.0013672 0.7367902 -0.0078041 0.6760751
23.656510 2.2577963 -0.1851130 4.5284805 0.0030780 0.7368748 -0.0085183 0.6759686
23.865000 2.3342412 -0.1878470 4.5209670 0.0104170 0.7370664 -0.0068342 0.6757056
24.073430 2.4121764 -0.1904283 4.5143690 0.0098895 0.7374383 -0.0068447 0.6753075
24.281890 2.4897120 -0.1932430 4.5075374 0.0084148 0.7374858 -0.0034479 0.6753014
24.490410 2.5673058 -0.1962201 4.5011063 0.0080484 0.7384049 -0.0041127 0.6742971
24.698880 2.6445601 -0.1988458 4.4943299 0.0083805 0.7399606 -0.0044125 0.6725835
24.907380 2.7214649 -0.2013474 4.4868202 0.0085052 0.7411956 -0.0042260 0.6712219
25.115970 2.7985241 -0.2042785 4.4793849 0.0082398 0.7421018 -0.0057557 0.6702119
25.428740 2.9149354 -0.2074406 4.4680409 0.0076584 0.7432101 -0.0059243 0.6689881
25.637140 2.9934757 -0.2092376 4.4607568 0.0043922 0.7443131 -0.0065416 0.6677844
25.950030 3.1137311 -0.2131093 4.4473205 0.0055318 0.7462881 -0.0062655 0.6655706
26.262800 3.2355371 -0.2176093 4.4334130 0.0107488 0.7472761 -0.0088430 0.6643679
26.575550 3.3604741 -0.2225994 4.4187284 0.0120784 0.7469588 -0.0059273 0.6647342
26.784000 3.4451165 -0.2258705 4.4096503 0.0102288 0.7461467 -0.0050118 0.6656841
26.992430 3.5307617 -0.2285956 4.4004183 0.0082771 0.7450017 -0.0022874 0.6670073
27.200890 3.6158626 -0.2317179 4.3918428 0.0096005 0.7439891 -0.0038830 0.6681115
27.409410 3.7009375 -0.2347744 4.3833718 0.0123846 0.7428552 -0.0081540 0.6692879
27.617880 3.7863369 -0.2378854 4.3752332 0.0103877 0.7420063 -0.0067940 0.6702780
27.722410 3.8297038 -0.2395063 4.3709836 0.0101136 0.7417541 -0.0059122 0.6705697
27.930640 3.9156160 -0.2428831 4.3630123 0.0092755 0.7414471 -0.0064539 0.6709162
28.139150 4.0017004 -0.2463608 4.3545628 0.0101614 0.7408593 -0.0034782 0.6715744
28.347630 4.0872421 -0.2495098 4.3464656 0.0122702 0.7403786 -0.0037201 0.6720678
28.660380 4.2148185 -0.2545472 4.3360395 0.0063001 0.7401065 -0.0067605 0.6724262
28.973270 4.3401213 -0.2590351 4.3254786 0.0065924 0.7412431 -0.0124239 0.6710893
29.286110 4.4639850 -0.2647806 4.3133516 0.0077577 0.7417300 -0.0114032 0.6705567
29.598790 4.5844955 -0.2705610 4.3015862 0.0090955 0.7424331 -0.0135636 0.6697211
29.807270 4.6637683 -0.2746241 4.2934051 0.0085138 0.7440920 -0.0141643 0.6678728
30.015910 4.7420382 -0.2784146 4.2853041 0.0092824 0.7462873 -0.0165491 0.6653534
30.224420 4.8193183 -0.2825063 4.2764950 0.0094777 0.7483935 -0.0154620 0.6630070
30.432920 4.8957992 -0.2869828 4.2674704 0.0100873 0.7498151 -0.0186107 0.6613087
30.641400 4.9715281 -0.2913592 4.2580495 0.0140736 0.7510945 -0.0217458 0.6596864
30.850030 5.0476642 -0.2959425 4.2483664 0.0110917 0.7533288 -0.0180276 0.6573033
31.058390 5.1227903 -0.3006622 4.2388196 0.0108965 0.7547611 -0.0187772 0.6556404
31.266890 5.1968589 -0.3051954 4.2287230 0.0117837 0.7563779 -0.0222463 0.6536503
31.475390 5.2703390 -0.3100007 4.2183475 0.0162345 0.7577415 -0.0241055 0.6519074
31.683900 5.3424706 -0.3151838 4.2074046 0.0159868 0.7593785 -0.0241353 0.6500047
31.892590 5.4147415 -0.3203181 4.1954885 0.0165211 0.7625912 -0.0197120 0.6463692
32.101220 5.4858041 -0.3254768 4.1835823 0.0154284 0.7675089 -0.0200671 0.6405383
32.309930 5.5561724 -0.3301855 4.1698980 0.0157812 0.7748784 -0.0209362 0.6315663
32.414310 5.5908809 -0.3327605 4.1619573 0.0162624 0.7788142 -0.0208928 0.6266957
32.622920 5.6602893 -0.3378990 4.1455216 0.0178967 0.7864039 -0.0184580 0.6171774
32.727140 5.6947427 -0.3401045 4.1363335 0.0192193 0.7896410 -0.0168985 0.6130353
32.935760 5.7632127 -0.3449793 4.1171999 0.0224583 0.7949852 -0.0128461 0.6060768
33.040040 5.7969475 -0.3472919 4.1076102 0.0226961 0.7969054 -0.0126272 0.6035455
33.144180 5.8307319 -0.3495628 4.0977135 0.0232769 0.7983934 -0.0099875 0.6016033
33.248440 5.8639889 -0.3514048 4.0875826 0.0244229 0.7990403 -0.0063051 0.6007482
33.352510 5.8973079 -0.3535249 4.0774007 0.0258114 0.7993145 -0.0030581 0.6003505
33.456640 5.9303207 -0.3554711 4.0678015 0.0260829 0.7997149 -0.0014450 0.5998113
33.665120 5.9948521 -0.3592247 4.0490489 0.0294666 0.7992023 -0.0041878 0.6003247
33.873500 6.0590339 -0.3630558 4.0308218 0.0299603 0.7985793 -0.0020072 0.6011401
34.081820 6.1222720 -0.3668508 4.0127335 0.0302616 0.7975258 0.0000373 0.6025254
34.289910 6.1840816 -0.3703550 3.9959502 0.0324090 0.7956222 -0.0005018 0.6049254
34.394020 6.2147198 -0.3723177 3.9878895 0.0322521 0.7940639 0.0003664 0.6069779
34.602300 6.2753801 -0.3756977 3.9720187 0.0322090 0.7906857 0.0027252 0.6113684
34.706380 6.3053331 -0.3774863 3.9645934 0.0318589 0.7894481 0.0029341 0.6129829
34.914790 6.3649635 -0.3805580 3.9497859 0.0323383 0.7869800 0.0058323 0.6161029
35.019540 6.3938065 -0.3821467 3.9424379 0.0324365 0.7856860 0.0074031 0.6177302
35.227510 6.4511299 -0.3846632 3.9297047 0.0310225 0.7835394 0.0052511 0.6205450
35.436220 6.5070577 -0.3881138 3.9172542 0.0339346 0.7803260 0.0039792 0.6244389
35.644150 6.5631118 -0.3908701 3.9061937 0.0325693 0.7755594 0.0022765 0.6304297
35.956520 6.6460485 -0.3953326 3.8922129 0.0318245 0.7637405 0.0038743 0.6447268
36.268770 6.7279177 -0.4000841 3.8832350 0.0305230 0.7455432 0.0035395 0.6657485
36.476890 6.7818112 -0.4033060 3.8810196 0.0279133 0.7306640 -0.0003620 0.6821663
36.685150 6.8354115 -0.4062570 3.8813004 0.0249253 0.7167582 -0.0057115 0.6968528
36.893640 6.8885360 -0.4091336 3.8828080 0.0191100 0.7079732 -0.0105246 0.7059023
37.102920 6.9412966 -0.4121906 3.8843691 0.0120962 0.7095868 -0.0136622 0.7043817
37.311660 6.9928493 -0.4146146 3.8829839 0.0099971 0.7186650 -0.0126069 0.6951703
37.520670 7.0435057 -0.4169883 3.8794501 0.0113051 0.7270358 -0.0101118 0.6864319
37.625170 7.0682440 -0.4181937 3.8776548 0.0100126 0.7318305 -0.0111478 0.6813219
37.834140 7.1170807 -0.4204081 3.8727381 0.0084178 0.7432525 -0.0114067 0.6688608
37.938540 7.1414366 -0.4215926 3.8693824 0.0083423 0.7483875 -0.0107566 0.6631220
38.043370 7.1654072 -0.4223968 3.8657117 0.0092644 0.7531564 -0.0090333 0.6577142
38.147940 7.1892734 -0.4235767 3.8620479 0.0083919 0.7579426 -0.0086305 0.6522102
38.355860 7.2358370 -0.4257056 3.8538883 0.0069945 0.7665144 -0.0089534 0.6421266
38.460120 7.2584701 -0.4267045 3.8489885 0.0087256 0.7699181 -0.0078081 0.6380353
38.668540 7.3027883 -0.4289345 3.8390932 0.0114353 0.7753887 -0.0071765 0.6313399
38.876940 7.3463798 -0.4305299 3.8297186 0.0113962 0.7779455 -0.0064608 0.6281952
39.189420 7.4102225 -0.4331871 3.8156092 0.0125692 0.7790889 -0.0043432 0.6267725
39.502140 7.4741669 -0.4357755 3.8015952 0.0134433 0.7822770 -0.0070036 0.6227462
39.710790 7.5184960 -0.4377101 3.7912633 0.0120251 0.7857655 -0.0068278 0.6183699
39.919470 7.5637946 -0.4395600 3.7792497 0.0141643 0.7892125 -0.0055050 0.6139323
40.128060 7.6103687 -0.4413435 3.7669582 0.0147298 0.7927876 -0.0071420 0.6092783
40.336550 7.6582413 -0.4432738 3.7534118 0.0172863 0.7961353 -0.0056406 0.6048454
40.545050 7.7073956 -0.4452910 3.7394586 0.0177252 0.7988896 -0.0048537 0.6011968
40.753570 7.7569027 -0.4473132 3.7250772 0.0161399 0.8010167 -0.0021705 0.5984205
40.962050 7.8069644 -0.4494375 3.7100186 0.0170670 0.8025044 0.0016840 0.5963997
41.170430 7.8574057 -0.4511346 3.6955581 0.0168208 0.8030522 0.0011281 0.5956701
41.378780 7.9066992 -0.4528055 3.6807880 0.0183469 0.8024989 0.0012623 0.5963700
41.587170 7.9559774 -0.4542292 3.6668591 0.0185620 0.8011338 0.0009134 0.5981967
41.795430 8.0043030 -0.4566387 3.6531763 0.0199393 0.7994339 0.0011312 0.6004220
42.003780 8.0512371 -0.4581888 3.6405673 0.0209819 0.7972119 -0.0000373 0.6033348
42.212070 8.0956211 -0.4601265 3.6286452 0.0204388 0.7947809 0.0004288 0.6065520
42.420400 8.1377096 -0.4620145 3.6178756 0.0189101 0.7915049 0.0040501 0.6108568
42.628660 8.1770267 -0.4636582 3.6085482 0.0178998 0.7864624 0.0063889 0.6173456
42.836790 8.2132950 -0.4651337 3.6011932 0.0172597 0.7785640 0.0058006 0.6273010
43.044930 8.2487440 -0.4665235 3.5955708 0.0188724 0.7672231 0.0031211 0.6410950
43.252900 8.2835855 -0.4677313 3.5920124 0.0205597 0.7512610 0.0018249 0.6596825
43.668930 8.3515310 -0.4705649 3.5927682 0.0115571 0.7092541 -0.0024988 0.7048537
43.877060 8.3851500 -0.4717909 3.5964363 0.0063185 0.6869547 -0.0023642 0.7266689
44.085170 8.4178514 -0.4730345 3.6019874 0.0042533 0.6630303 -0.0009172 0.7485799
44.293150 8.4500008 -0.4737367 3.6101341 0.0040435 0.6362753 -0.0019088 0.7714491
44.501140 8.4821014 -0.4745126 3.6203432 0.0063092 0.6054390 -0.0033853 0.7958595
44.709450 8.5141392 -0.4757134 3.6346300 0.0056497 0.5702884 -0.0067843 0.8213971
44.917460 8.5459604 -0.4769025 3.6525931 0.0064524 0.5307090 -0.0118702 0.8474464
45.125340 8.5784006 -0.4783832 3.6743276 0.0107558 0.4888334 -0.0103086 0.8722500
45.541680 8.6426582 -0.4812155 3.7338979 0.0077319 0.4007105 -0.0125457 0.9160862
45.749840 8.6730394 -0.4829443 3.7706487 0.0073315 0.3563619 -0.0123793 0.9342372
45.958150 8.7036171 -0.4847260 3.8131082 0.0072658 0.3136604 -0.0105500 0.9494488
46.167710 8.7329617 -0.4860944 3.8614650 0.0060423 0.2757671 -0.0111189 0.9611412
46.375430 8.7610664 -0.4875667 3.9155068 0.0037532 0.2446354 -0.0108123 0.9695476
46.584500 8.7887459 -0.4887417 3.9745588 0.0004106 0.2207747 -0.0100392 0.9752731
46.793320 8.8165388 -0.4895977 4.0382767 0.0002915 0.2023233 -0.0065061 0.9792972
47.002150 8.8434849 -0.4904081 4.1061220 0.0006544 0.1845266 -0.0029859 0.9828228
47.106530 8.8559723 -0.4910783 4.1414452 0.0009485 0.1757925 -0.0029079 0.9844225
47.315280 8.8803940 -0.4919930 4.2154293 0.0009630 0.1604149 -0.0034291 0.9870433
47.524300 8.9040890 -0.4930575 4.2923040 -0.0007701 0.1537933 -0.0063098 0.9880826
47.733280 8.9287949 -0.4940888 4.3718548 -0.0014133 0.1527838 -0.0063473 0.9882382
47.942180 8.9544048 -0.4953490 4.4532843 -0.0001602 0.1527576 -0.0040694 0.9882553
48.150840 8.9808426 -0.4965817 4.5379252 0.0001886 0.1530750 -0.0038172 0.9882072
48.359390 9.0084629 -0.4978151 4.6252103 -0.0019129 0.1539408 -0.0029462 0.9880738
48.567920 9.0364752 -0.4991076 4.7134199 -0.0023976 0.1546114 -0.0017508 0.9879709
48.776450 9.0645494 -0.5002271 4.8016667 -0.0023430 0.1549225 -0.0003576 0.9879238
48.985000 9.0933180 -0.5015031 4.8909583 -0.0044391 0.1551895 0.0013907 0.9878737
49.193280 9.1220884 -0.5021974 4.9805012 -0.0035645 0.1549373 0.0031512 0.9879128
49.407810 9.1503162 -0.5033212 5.0690041 -0.0019694 0.1545439 0.0036369 0.9879773
49.610180 9.1779518 -0.5044827 5.1569109 -0.0018722 0.1533766 0.0038327 0.9881586
49.818560 9.2049818 -0.5060449 5.2452035 -0.0027216 0.1523227 0.0035186 0.9883208
50.026950 9.2325420 -0.5072682 5.3340778 -0.0026838 0.1507925 0.0031784 0.9885567
50.235330 9.2599335 -0.5081955 5.4229240 -0.0030346 0.1493134 0.0037382 0.9887782
50.443670 9.2865973 -0.5094484 5.5109367 -0.0039802 0.1476825 0.0044236 0.9890169
50.652030 9.3130102 -0.5100103 5.5982347 -0.0037101 0.1457195 0.0056382 0.9893029
50.860320 9.3387203 -0.5107867 5.6842923 -0.0030315 0.1437593 0.0056563 0.9895919
51.068710 9.3629665 -0.5120017 5.7682157 -0.0057964 0.1414033 0.0066406 0.9899128
51.277040 9.3856001 -0.5127926 5.8494072 -0.0061396 0.1392614 0.0070014 0.9902118
51.485450 9.4072456 -0.5133053 5.9273424 -0.0020870 0.1367194 0.0055070 0.9905923
51.693900 9.4273901 -0.5146965 6.0022774 -0.0025200 0.1341707 0.0048570 0.9909431
51.902300 9.4460850 -0.5160487 6.0738878 -0.0055505 0.1303138 0.0060901 0.9914386
52.110910 9.4630985 -0.5166799 6.1411695 -0.0066497 0.1261115 0.0054397 0.9919789
52.319330 9.4783907 -0.5173814 6.2035646 -0.0053008 0.1226344 0.0040436 0.9924296
52.527830 9.4921608 -0.5185143 6.2606087 -0.0037482 0.1215825 0.0020236 0.9925722
52.736490 9.5045271 -0.5193536 6.3133340 -0.0016047 0.1201680 0.0013990 0.9927513
52.944900 9.5159187 -0.5202593 6.3619423 -0.0009635 0.1196712 0.0008669 0.9928128
53.154550 9.5268641 -0.5211382 6.4084625 -0.0014614 0.1172418 0.0008638 0.9931020
53.361840 9.5373058 -0.5219646 6.4542131 -0.0008388 0.1114717 0.0027170 0.9937636
53.570100 9.5457935 -0.5231265 6.4989810 -0.0008568 0.0991570 0.0046996 0.9950603
53.777930 9.5512609 -0.5238145 6.5425563 0.0001112 0.0788141 0.0037751 0.9968822
53.985990 9.5538435 -0.5242953 6.5852847 -0.0008500 0.0507519 0.0028524 0.9987069
54.193810 9.5529003 -0.5249659 6.6273441 -0.0031002 0.0157569 0.0016838 0.9998696
54.401580 9.5485039 -0.5255868 6.6674237 -0.0048837 -0.0248677 -0.0020306 0.9996768
54.609440 9.5399075 -0.5260601 6.7059779 -0.0060629 -0.0696540 -0.0071206 0.9975274
54.817300 9.5278568 -0.5255433 6.7433577 -0.0092587 -0.1186408 -0.0091808 0.9928516
55.025330 9.5123291 -0.5256242 6.7789135 -0.0133377 -0.1717915 -0.0091971 0.9850001
55.233280 9.4927225 -0.5255810 6.8121266 -0.0166800 -0.2264570 -0.0115949 0.9738093
55.441330 9.4692869 -0.5250627 6.8420825 -0.0178052 -0.2826165 -0.0143758 0.9589600
55.649410 9.4427090 -0.5238215 6.8691254 -0.0191979 -0.3384599 -0.0139160 0.9406821
55.857760 9.4136801 -0.5223398 6.8932300 -0.0225586 -0.3936245 -0.0121973 0.9189135
55.961860 9.3982086 -0.5217769 6.9035735 -0.0241280 -0.4204349 -0.0119016 0.9069238
56.066000 9.3817730 -0.5211519 6.9131422 -0.0260222 -0.4466410 -0.0115588 0.8942600
56.170220 9.3647995 -0.5202627 6.9215984 -0.0259498 -0.4721825 -0.0129619 0.8810235
56.274310 9.3472099 -0.5195755 6.9287634 -0.0247112 -0.4967178 -0.0148293 0.8674335
56.482840 9.3111687 -0.5181736 6.9404993 -0.0217226 -0.5442970 -0.0169807 0.8384394
56.587120 9.2924662 -0.5174307 6.9454303 -0.0209851 -0.5661160 -0.0169103 0.8238849
56.691300 9.2735224 -0.5166962 6.9492617 -0.0194281 -0.5859870 -0.0173282 0.8099022
56.900200 9.2348661 -0.5153328 6.9552298 -0.0162778 -0.6196358 -0.0188668 0.7844939
57.004560 9.2149439 -0.5143860 6.9578042 -0.0165011 -0.6330863 -0.0171159 0.7737161
57.109200 9.1944962 -0.5132937 6.9607987 -0.0192243 -0.6448299 -0.0140989 0.7639542
57.318320 9.1512537 -0.5112957 6.9647589 -0.0209377 -0.6629118 -0.0149891 0.7482545
57.631790 9.0798178 -0.5090390 6.9678583 -0.0200246 -0.6806179 -0.0190775 0.7321163
57.736570 9.0542431 -0.5077223 6.9691839 -0.0199638 -0.6866058 -0.0156844 0.7265865
57.840730 9.0278549 -0.5066113 6.9701996 -0.0192328 -0.6926607 -0.0126190 0.7208967
58.049450 8.9707661 -0.5041976 6.9700422 -0.0208494 -0.7047984 -0.0102254 0.7090275
58.153820 8.9405050 -0.5032931 6.9685569 -0.0207254 -0.7099150 -0.0127513 0.7038668
58.362580 8.8768196 -0.5006002 6.9651299 -0.0185605 -0.7190732 -0.0169894 0.6944787
58.571560 8.8087521 -0.4977970 6.9610281 -0.0180624 -0.7234362 -0.0182226 0.6899143
58.780440 8.7368002 -0.4946063 6.9566073 -0.0167187 -0.7256063 -0.0200535 0.6876146
58.989420 8.6607876 -0.4913797 6.9511008 -0.0125541 -0.7252331 -0.0233582 0.6879925
59.198420 8.5802984 -0.4878549 6.9468098 -0.0089831 -0.7202224 -0.0267156 0.6931704
59.407510 8.4965916 -0.4843739 6.9448776 -0.0076041 -0.7136335 -0.0286039 0.6998937
59.616490 8.4097929 -0.4804993 6.9446063 -0.0054528 -0.7068200 -0.0303268 0.7067221
59.824920 8.3191261 -0.4761868 6.9460359 -0.0037897 -0.6994739 -0.0315051 0.7139533
60.033570 8.2253141 -0.4728206 6.9497776 -0.0037477 -0.6918877 -0.0338522 0.7212014
60.242110 8.1290960 -0.4684809 6.9548655 -0.0046611 -0.6851520 -0.0353214 0.7275283
60.450550 8.0339041 -0.4649521 6.9619718 -0.0051908 -0.6792590 -0.0360237 0.7329956
60.658910 7.9388089 -0.4609959 6.9695654 -0.0059004 -0.6754694 -0.0346832 0.7365483
60.867330 7.8429346 -0.4571671 6.9778543 -0.0058598 -0.6739156 -0.0343024 0.7379883
61.075690 7.7470698 -0.4531796 6.9863682 -0.0048458 -0.6731106 -0.0341558 0.7387367
61.284050 7.6509800 -0.4496598 6.9950366 -0.0042128 -0.6722859 -0.0347007 0.7394659
61.492290 7.5545549 -0.4462081 7.0036788 -0.0042884 -0.6720267 -0.0349646 0.7396886
61.700910 7.4585438 -0.4426718 7.0122252 -0.0033800 -0.6723756 -0.0357090 0.7393406
61.909070 7.3624487 -0.4396123 7.0206666 -0.0026692 -0.6730592 -0.0340952 0.7387975
62.117440 7.2669230 -0.4364498 7.0286803 -0.0040493 -0.6733549 -0.0363814 0.7384127
62.221590 7.2190871 -0.4345039 7.0326653 -0.0050675 -0.6735060 -0.0370084 0.7382373
62.429920 7.1245828 -0.4306682 7.0402236 -0.0035317 -0.6734993 -0.0372516 0.7382401
62.638450 7.0302029 -0.4270238 7.0484033 -0.0032920 -0.6731673 -0.0375003 0.7385314
62.849550 6.9373598 -0.4234530 7.0570526 -0.0037151 -0.6720222 -0.0380053 0.7395458
63.159760 6.7999516 -0.4189706 7.0696750 -0.0031933 -0.6706424 -0.0370912 0.7408460
63.472300 6.6651258 -0.4142379 7.0825567 -0.0027753 -0.6699842 -0.0374690 0.7414240
63.680820 6.5758219 -0.4110362 7.0913620 -0.0036006 -0.6694095 -0.0376165 0.7419320
63.993600 6.4421549 -0.4059909 7.1050987 -0.0034516 -0.6691129 -0.0364868 0.7422565
64.202080 6.3536372 -0.4025274 7.1136489 -0.0020267 -0.6687312 -0.0352715 0.7426645
64.515140 6.2185221 -0.3981538 7.1277843 -0.0026984 -0.6677523 -0.0353693 0.7435379
64.723370 6.1286345 -0.3949976 7.1372252 -0.0029791 -0.6670555 -0.0353810 0.7441614
64.931710 6.0370388 -0.3911466 7.1476235 -0.0064868 -0.6660855 -0.0342635 0.7450597
65.140170 5.9459639 -0.3878941 7.1574574 -0.0047375 -0.6656344 -0.0337604 0.7454989
65.349010 5.8534636 -0.3845850 7.1676855 -0.0031771 -0.6654299 -0.0320523 0.7457651
65.557260 5.7605805 -0.3816322 7.1775928 -0.0032545 -0.6664816 -0.0329200 0.7447872
65.870560 5.6195979 -0.3768766 7.1914530 -0.0046620 -0.6707554 -0.0319790 0.7409742
66.078070 5.5245190 -0.3734139 7.1992583 -0.0047870 -0.6744716 -0.0328065 0.7375561
66.286540 5.4288740 -0.3697942 7.2062330 -0.0042738 -0.6781164 -0.0341792 0.7341469
66.495070 5.3327742 -0.3666161 7.2128215 -0.0018027 -0.6798598 -0.0327767 0.7326071
66.703570 5.2358232 -0.3632780 7.2195072 -0.0012314 -0.6805648 -0.0307259 0.7320423
66.911930 5.1381340 -0.3604510 7.2263098 -0.0042111 -0.6810595 -0.0299012 0.7316052
67.120480 5.0400972 -0.3569709 7.2328734 -0.0072797 -0.6816084 -0.0314968 0.7310027
67.328970 4.9442644 -0.3538588 7.2385926 -0.0075526 -0.6819447 -0.0329854 0.7306206
67.537490 4.8475003 -0.3506888 7.2442780 -0.0076090 -0.6822108 -0.0333516 0.7303548
67.745940 4.7519946 -0.3465645 7.2496886 -0.0059694 -0.6825381 -0.0330153 0.7300795
67.954300 4.6553044 -0.3428280 7.2554755 -0.0041921 -0.6829023 -0.0334265 0.7297325
68.162850 4.5598116 -0.3398024 7.2610502 -0.0039343 -0.6830953 -0.0331117 0.7295676
68.371230 4.4639602 -0.3366429 7.2667904 -0.0039158 -0.6830105 -0.0329910 0.7296526
68.579550 4.3691392 -0.3334085 7.2727084 -0.0036302 -0.6826993 -0.0332316 0.7299343
68.787950 4.2739034 -0.3303089 7.2785187 -0.0040980 -0.6827645 -0.0341018 0.7298308
68.996320 4.1781907 -0.3271997 7.2842388 -0.0030762 -0.6826028 -0.0340183 0.7299908
69.204680 4.0830827 -0.3235804 7.2899833 -0.0039264 -0.6825956 -0.0352495 0.7299352
69.413100 3.9876204 -0.3202299 7.2958436 -0.0042995 -0.6826609 -0.0361312 0.7298288
69.621360 3.8930292 -0.3165590 7.3013639 -0.0038374 -0.6830077 -0.0359604 0.7295153
69.829670 3.7992311 -0.3130690 7.3066683 -0.0026062 -0.6833005 -0.0381002 0.7291379
70.038070 3.7063520 -0.3095138 7.3117585 0.0019464 -0.6831827 -0.0372837 0.7292925
70.246450 3.6127014 -0.3064214 7.3172145 0.0040489 -0.6815828 -0.0387383 0.7307037
70.454920 3.5193796 -0.3033866 7.3236122 0.0013892 -0.6798928 -0.0392518 0.7322589
70.663330 3.4257064 -0.3001694 7.3306937 -0.0005239 -0.6782096 -0.0393895 0.7338119
70.871920 3.3322401 -0.2967185 7.3372993 -0.0003308 -0.6764057 -0.0403075 0.7354254
71.082350 3.2393026 -0.2933785 7.3451543 0.0011391 -0.6752454 -0.0396886 0.7365237
71.392800 3.0990906 -0.2887244 7.3569798 0.0034463 -0.6740731 -0.0373446 0.7377120
71.601510 3.0057716 -0.2859514 7.3652067 0.0003916 -0.6739233 -0.0369935 0.7378744
71.809460 2.9115629 -0.2828818 7.3736191 -0.0002504 -0.6744293 -0.0358802 0.7374671
72.017800 2.8173528 -0.2796172 7.3813767 -0.0029471 -0.6751727 -0.0362681 0.7367617
72.226050 2.7227564 -0.2757168 7.3888922 -0.0043747 -0.6751065 -0.0389042 0.7366808
72.434620 2.6291738 -0.2727191 7.3966832 -0.0009130 -0.6747897 -0.0339673 0.7372274
72.747080 2.4869409 -0.2681573 7.4084749 -0.0034358 -0.6744202 -0.0344597 0.7375352
73.059560 2.3448999 -0.2627975 7.4201341 -0.0043090 -0.6758259 -0.0347004 0.7362314
73.372080 2.2017031 -0.2575687 7.4308987 -0.0069014 -0.6791171 -0.0328587 0.7332616
73.580420 2.1068134 -0.2539139 7.4373393 -0.0064588 -0.6813203 -0.0319118 0.7312610
73.788870 2.0115919 -0.2504230 7.4430394 -0.0057907 -0.6828764 -0.0320648 0.7298069
73.997240 1.9159414 -0.2471348 7.4488835 -0.0061906 -0.6843808 -0.0327467 0.7283627
74.205580 1.8203486 -0.2434034 7.4540844 -0.0058044 -0.6850664 -0.0342444 0.7276521
74.414060 1.7244657 -0.2398183 7.4590611 -0.0049413 -0.6852354 -0.0338933 0.7275158
74.622500 1.6288593 -0.2362803 7.4640198 -0.0050832 -0.6856401 -0.0331432 0.7271680
74.830870 1.5340261 -0.2331179 7.4691257 -0.0063310 -0.6865575 -0.0334116 0.7262798
75.039180 1.4395266 -0.2300421 7.4737515 -0.0070189 -0.6875850 -0.0325176 0.7253414
75.247560 1.3445220 -0.2266928 7.4781389 -0.0070013 -0.6887043 -0.0323371 0.7242870
75.456060 1.2505319 -0.2233949 7.4820194 -0.0060224 -0.6902694 -0.0299548 0.7229071
75.664210 1.1568040 -0.2209127 7.4859042 -0.0043507 -0.6922742 -0.0267476 0.7211255
75.872440 1.0638380 -0.2181878 7.4891543 -0.0069164 -0.6937981 -0.0272144 0.7196220
76.185000 0.9248124 -0.2138382 7.4926310 -0.0075507 -0.6947770 -0.0288709 0.7186059
76.393300 0.8336620 -0.2108576 7.4953747 -0.0073048 -0.6946746 -0.0300357 0.7186597
76.601900 0.7423955 -0.2077508 7.4973845 -0.0077623 -0.6944726 -0.0322362 0.7187548
76.810120 0.6519855 -0.2044466 7.4998670 -0.0070358 -0.6947004 -0.0318016 0.7185615
77.018320 0.5633914 -0.2008436 7.5024838 -0.0067071 -0.6959306 -0.0326343 0.7173358
77.226680 0.4768460 -0.1977567 7.5042453 -0.0069313 -0.6971904 -0.0337188 0.7160591
77.436110 0.3917877 -0.1947911 7.5051675 -0.0062086 -0.6985185 -0.0338157 0.7147655
77.643330 0.3078868 -0.1917745 7.5064273 -0.0059050 -0.7001890 -0.0335830 0.7131428
77.851700 0.2257116 -0.1888496 7.5073133 -0.0059259 -0.7013680 -0.0335199 0.7119861
78.060100 0.1456051 -0.1859461 7.5075383 -0.0059079 -0.7022703 -0.0345761 0.7110457
78.268580 0.0684465 -0.1834361 7.5084710 -0.0052943 -0.7027025 -0.0357091 0.7105674
78.477150 -0.0060823 -0.1807095 7.5087352 -0.0035820 -0.7011366 -0.0362915 0.7120938
78.685710 -0.0778555 -0.1787397 7.5096412 -0.0030090 -0.6992245 -0.0355996 0.7140089
78.894170 -0.1488391 -0.1759604 7.5114527 -0.0028063 -0.6972539 -0.0347077 0.7159780
79.102740 -0.2181322 -0.1738840 7.5136700 -0.0028196 -0.6955558 -0.0334529 0.7176873
79.311290 -0.2861225 -0.1717933 7.5158606 -0.0037275 -0.6939736 -0.0336924 0.7192020
79.415550 -0.3198460 -0.1704938 7.5170679 -0.0044552 -0.6934211 -0.0337072 0.7197299
79.521320 -0.3528172 -0.1693627 7.5181427 -0.0045069 -0.6930640 -0.0336321 0.7200770
79.624080 -0.3854342 -0.1683634 7.5193868 -0.0047685 -0.6925851 -0.0332268 0.7205547
79.832620 -0.4492285 -0.1661659 7.5216880 -0.0046166 -0.6917014 -0.0332625 0.7214025
80.145310 -0.5412074 -0.1628814 7.5256515 -0.0064621 -0.6896659 -0.0339008 0.7233049
80.353800 -0.5987542 -0.1610341 7.5280623 -0.0066577 -0.6875656 -0.0337171 0.7253084
80.770930 -0.7045350 -0.1571883 7.5351930 -0.0087058 -0.6824902 -0.0329651 0.7300991
80.979570 -0.7531244 -0.1554729 7.5389314 -0.0089889 -0.6785250 -0.0333029 0.7337669
81.188180 -0.7991570 -0.1537130 7.5434918 -0.0094289 -0.6730546 -0.0319680 0.7388414
81.605650 -0.8844914 -0.1516530 7.5547142 -0.0073475 -0.6563447 -0.0291587 0.7538616
82.231550 -0.9937297 -0.1488226 7.5787873 -0.0088806 -0.6182152 -0.0249667 0.7855621
82.649060 -1.0541797 -0.1477713 7.6010494 -0.0078014 -0.5806727 -0.0181772 0.8138967
83.066680 -1.1090450 -0.1466816 7.6291375 -0.0126367 -0.5301043 -0.0193577 0.8476173
83.797550 -1.1929841 -0.1451823 7.6967897 0.0003725 -0.4118117 -0.0132312 0.9111728
84.006450 -1.2143064 -0.1448559 7.7235632 -0.0014013 -0.3725324 -0.0086995 0.9279773
84.215120 -1.2353418 -0.1451198 7.7529316 -0.0024929 -0.3307515 -0.0087941 0.9436736
84.423690 -1.2549586 -0.1454438 7.7861371 -0.0020981 -0.2880557 -0.0077979 0.9575796
84.632280 -1.2726228 -0.1460778 7.8229618 0.0010800 -0.2463769 -0.0079685 0.9691408
84.840760 -1.2895724 -0.1461305 7.8639164 0.0040438 -0.2048164 -0.0101605 0.9787393
85.051210 -1.3045772 -0.1467902 7.9104466 0.0042626 -0.1629222 -0.0126476 0.9865487
85.257700 -1.3158323 -0.1481067 7.9615002 0.0035236 -0.1204974 -0.0132391 0.9926191
85.466110 -1.3247164 -0.1487531 8.0163450 0.0079316 -0.0824177 -0.0139022 0.9964693
85.674100 -1.3298812 -0.1501372 8.0754709 0.0081836 -0.0518480 -0.0114359 0.9985560
85.881970 -1.3332658 -0.1517835 8.1378126 0.0090039 -0.0307008 -0.0076725 0.9994586
86.089690 -1.3354089 -0.1531348 8.2035122 0.0090669 -0.0184272 -0.0051143 0.9997760
86.297530 -1.3368489 -0.1550256 8.2722416 0.0077869 -0.0109428 -0.0026006 0.9999064
86.505090 -1.3381022 -0.1568841 8.3440208 0.0080148 -0.0090462 0.0001560 0.9999269
86.712810 -1.3395776 -0.1588999 8.4190550 0.0071599 -0.0107967 0.0007206 0.9999158
86.920680 -1.3420936 -0.1607817 8.4970570 0.0072572 -0.0138638 0.0013421 0.9998766
87.128650 -1.3451324 -0.1631883 8.5767727 0.0100245 -0.0166192 0.0017402 0.9998101
87.336860 -1.3479900 -0.1657587 8.6577387 0.0083899 -0.0187800 0.0013380 0.9997876
87.544840 -1.3519118 -0.1684532 8.7393389 0.0043686 -0.0195330 0.0002471 0.9997997
87.753060 -1.3555975 -0.1704036 8.8205862 0.0058342 -0.0204331 -0.0019633 0.9997723
87.961420 -1.3598940 -0.1724648 8.9023590 0.0065855 -0.0211826 -0.0036578 0.9997472
88.169700 -1.3635190 -0.1748157 8.9852648 0.0046559 -0.0219816 -0.0028508 0.9997435
88.377940 -1.3677920 -0.1768596 9.0676107 0.0041381 -0.0235784 -0.0028986 0.9997092
88.586360 -1.3720044 -0.1790523 9.1498899 0.0021309 -0.0256394 -0.0015681 0.9996678
88.794690 -1.3763514 -0.1809269 9.2319660 0.0007256 -0.0277797 -0.0015666 0.9996126
89.003140 -1.3817019 -0.1823833 9.3126659 0.0006578 -0.0293944 -0.0008800 0.9995673
89.211590 -1.3867409 -0.1841437 9.3933649 0.0018762 -0.0310039 -0.0010971 0.9995169
89.524190 -1.3946621 -0.1868894 9.5116205 0.0029817 -0.0319223 -0.0021544 0.9994836
89.732690 -1.3999114 -0.1887623 9.5884304 0.0006796 -0.0314377 -0.0024353 0.9995025
89.941180 -1.4046240 -0.1902860 9.6623297 0.0016700 -0.0313634 -0.0027753 0.9995028
90.149600 -1.4100269 -0.1920660 9.7320070 0.0030110 -0.0323315 -0.0038975 0.9994650
90.357970 -1.4146307 -0.1936230 9.7980890 0.0012151 -0.0342124 -0.0037327 0.9994069
90.566320 -1.4193020 -0.1953077 9.8599396 0.0004788 -0.0372354 -0.0037290 0.9992995
90.774680 -1.4243650 -0.1963944 9.9177742 0.0015224 -0.0401702 -0.0034807 0.9991856
90.983300 -1.4291816 -0.1973401 9.9712896 0.0020238 -0.0430818 -0.0034178 0.9990637
91.191720 -1.4335725 -0.1990755 10.0212765 0.0017205 -0.0427521 -0.0040559 0.9990760
91.400350 -1.4372478 -0.1999843 10.0670195 0.0018791 -0.0376954 -0.0049569 0.9992752
91.713820 -1.4398710 -0.2019532 10.1337662 0.0028239 -0.0191164 -0.0069192 0.9997894
91.922450 -1.4388387 -0.2030207 10.1774282 0.0032779 -0.0000636 -0.0058861 0.9999773
92.131240 -1.4357252 -0.2045397 10.2197695 0.0073753 0.0241814 -0.0069413 0.9996563
92.340330 -1.4298179 -0.2061597 10.2609997 0.0098555 0.0554708 -0.0071870 0.9983858
92.549480 -1.4200912 -0.2076135 10.3003893 0.0100545 0.0913186 -0.0032305 0.9957657
92.758490 -1.4077554 -0.2091162 10.3372097 0.0100467 0.1302431 0.0037543 0.9914241
92.968320 -1.3926313 -0.2109419 10.3730879 0.0084907 0.1709611 0.0097035 0.9851934
93.176360 -1.3755293 -0.2128031 10.4066334 0.0096009 0.2144518 0.0077345 0.9766567
93.385200 -1.3551917 -0.2140821 10.4384594 0.0149703 0.2597152 0.0051416 0.9655555
93.594110 -1.3304067 -0.2153701 10.4682970 0.0195894 0.3050037 0.0096572 0.9521007
93.802820 -1.3030891 -0.2166069 10.4973469 0.0207448 0.3520076 0.0043195 0.9357572
94.011550 -1.2732968 -0.2189236 10.5255871 0.0146204 0.3983981 -0.0063250 0.9170743
94.220100 -1.2381277 -0.2208941 10.5490446 0.0191082 0.4449043 -0.0016167 0.8953728
94.428710 -1.1994085 -0.2220420 10.5703926 0.0221392 0.4916972 -0.0033535 0.8704783
94.639870 -1.1566188 -0.2244442 10.5907812 0.0156175 0.5364838 -0.0106802 0.8436985
94.845720 -1.1093211 -0.2275028 10.6064682 0.0130557 0.5765418 -0.0090123 0.8169136
95.054000 -1.0581841 -0.2296006 10.6187439 0.0179694 0.6089663 -0.0072794 0.7929592
95.262120 -1.0036882 -0.2315297 10.6289978 0.0182073 0.6339943 -0.0079474 0.7730825
95.469850 -0.9448963 -0.2344360 10.6372604 0.0138664 0.6545877 -0.0060206 0.7558349
95.677890 -0.8820814 -0.2365574 10.6432381 0.0128066 0.6731319 -0.0079793 0.7393684
95.885910 -0.8162541 -0.2388816 10.6457720 0.0174298 0.6881016 -0.0058293 0.7253816
96.093730 -0.7461984 -0.2414190 10.6473475 0.0145408 0.7004445 -0.0036677 0.7135493
96.301480 -0.6728142 -0.2442985 10.6472139 0.0130795 0.7091683 -0.0023757 0.7049139
96.509210 -0.5972609 -0.2462637 10.6447020 0.0182226 0.7130030 -0.0001272 0.7009241
96.717080 -0.5167900 -0.2490094 10.6440926 0.0158397 0.7151953 0.0010613 0.6987444
96.924880 -0.4346701 -0.2517527 10.6425972 0.0151519 0.7161146 0.0005332 0.6978180
97.132730 -0.3504382 -0.2541087 10.6402311 0.0151758 0.7167772 0.0034490 0.6971286
97.340580 -0.2664511 -0.2567240 10.6383219 0.0146282 0.7150393 0.0055077 0.6989095
97.548460 -0.1824445 -0.2593155 10.6370478 0.0165031 0.7125420 0.0050436 0.7014172
97.756480 -0.0977156 -0.2616662 10.6369076 0.0155317 0.7102716 0.0055298 0.7037346
97.964520 -0.0132707 -0.2645857 10.6368732 0.0165175 0.7080928 0.0044175 0.7059124
98.173950 0.0725567 -0.2671021 10.6374798 0.0156249 0.7064413 0.0029255 0.7075931
98.380720 0.1591796 -0.2699528 10.6390228 0.0114985 0.7051613 0.0019259 0.7089511
98.588990 0.2463124 -0.2726057 10.6405821 0.0112891 0.7041084 -0.0009779 0.7100021
98.797260 0.3331926 -0.2754599 10.6417379 0.0108590 0.7036219 -0.0014267 0.7104901
99.005460 0.4207511 -0.2785232 10.6430664 0.0100529 0.7039518 -0.0001989 0.7101766
99.213720 0.5075248 -0.2816159 10.6436872 0.0105230 0.7041527 0.0003212 0.7099705
99.422060 0.5945987 -0.2841207 10.6452656 0.0092313 0.7049307 -0.0006704 0.7092158
99.630630 0.6807199 -0.2867746 10.6461945 0.0071577 0.7064302 -0.0023556 0.7077426
99.838860 0.7664777 -0.2894429 10.6466141 0.0050327 0.7078925 -0.0026026 0.7062974
100.047200 0.8510700 -0.2918472 10.6470642 0.0009755 0.7093042 -0.0012646 0.7049007
100.359800 0.9755937 -0.2950230 10.6464987 0.0044121 0.7098880 -0.0025332 0.7042962
100.568000 1.0579276 -0.2972602 10.6462002 0.0061716 0.7098756 -0.0033638 0.7042920
100.776300 1.1390154 -0.2999933 10.6458731 0.0053304 0.7104937 -0.0041193 0.7036713
100.985100 1.2204517 -0.3019763 10.6456356 0.0036897 0.7115504 -0.0034301 0.7026170
101.193100 1.3008152 -0.3046969 10.6450729 0.0016113 0.7127827 -0.0032280 0.7013757
101.401500 1.3798617 -0.3066928 10.6441469 0.0032014 0.7131231 -0.0042431 0.7010186
101.609900 1.4590008 -0.3087688 10.6432209 0.0033862 0.7128829 -0.0031552 0.7012678
101.818100 1.5375785 -0.3110537 10.6427650 0.0006898 0.7123499 -0.0031575 0.7018171
102.026500 1.6156514 -0.3128946 10.6425819 0.0007293 0.7121236 -0.0028140 0.7020481
102.234900 1.6924418 -0.3149372 10.6420469 0.0016815 0.7121350 -0.0061846 0.7020133
102.444200 1.7694180 -0.3167142 10.6407747 0.0018093 0.7121362 -0.0027282 0.7020337
102.651500 1.8449527 -0.3195258 10.6407881 0.0033799 0.7127610 -0.0072034 0.7013618
102.859900 1.9185144 -0.3218907 10.6392136 0.0133464 0.7117756 -0.0106327 0.7021996
103.068200 1.9930173 -0.3251138 10.6389265 0.0086854 0.7110357 -0.0071447 0.7030659
103.276500 2.0659595 -0.3280793 10.6384735 0.0064842 0.7093990 -0.0045384 0.7047626
103.484800 2.1380823 -0.3303557 10.6390362 0.0040322 0.7087787 -0.0059727 0.7053941
103.693400 2.2097249 -0.3328955 10.6395435 0.0020444 0.7089315 -0.0090398 0.7052164
103.901800 2.2803047 -0.3353588 10.6396275 0.0010959 0.7100613 -0.0102049 0.7040651
104.110100 2.3499765 -0.3377932 10.6393175 0.0007871 0.7109938 -0.0087790 0.7031431
104.318500 2.4183252 -0.3400634 10.6386299 0.0010291 0.7116897 -0.0078598 0.7024493
104.526700 2.4851353 -0.3421235 10.6384916 0.0002271 0.7110821 -0.0088828 0.7030528
104.735000 2.5510387 -0.3442601 10.6387053 0.0010453 0.7105382 -0.0115419 0.7035632
104.943400 2.6159995 -0.3468142 10.6382446 0.0023996 0.7102216 -0.0116208 0.7038782
105.151800 2.6808066 -0.3490606 10.6385479 0.0001283 0.7100784 -0.0120155 0.7040201
105.360200 2.7446022 -0.3514977 10.6380577 0.0001976 0.7103240 -0.0103902 0.7037981
105.568600 2.8078346 -0.3535968 10.6372976 0.0005666 0.7122144 -0.0100164 0.7018903
105.777200 2.8713996 -0.3557552 10.6366224 -0.0010768 0.7139957 -0.0100663 0.7000769
106.089900 2.9663205 -0.3589465 10.6336870 0.0036528 0.7192528 -0.0118215 0.6946383
106.298500 3.0320842 -0.3612177 10.6312790 0.0024004 0.7232495 -0.0138208 0.6904444
106.507000 3.0994377 -0.3636846 10.6270828 0.0035281 0.7270867 -0.0122618 0.6864271
106.715500 3.1684361 -0.3658282 10.6229706 0.0026869 0.7312909 -0.0130057 0.6819364
106.924000 3.2389612 -0.3681752 10.6175194 0.0013956 0.7350062 -0.0107265 0.6779741
107.132400 3.3114800 -0.3703431 10.6110268 0.0034836 0.7388785 -0.0112734 0.6737353
107.340700 3.3866515 -0.3728012 10.6033421 0.0068488 0.7419268 -0.0110425 0.6703550
107.549200 3.4642577 -0.3751187 10.5946054 0.0068125 0.7448081 -0.0081438 0.6671942
107.757500 3.5460520 -0.3778325 10.5853167 0.0064576 0.7464367 -0.0044320 0.6654103
107.965800 3.6291714 -0.3801354 10.5760851 0.0071972 0.7471929 -0.0024075 0.6645640
108.174000 3.7150817 -0.3824270 10.5660715 0.0107867 0.7468893 -0.0023609 0.6648567
108.382200 3.8041945 -0.3848437 10.5558767 0.0138909 0.7459677 0.0001996 0.6658372
108.590400 3.8960292 -0.3878139 10.5455265 0.0160634 0.7433296 0.0035049 0.6687232
108.798500 3.9903688 -0.3902177 10.5363922 0.0163575 0.7400596 0.0058665 0.6723168
109.006700 4.0866790 -0.3929043 10.5283661 0.0171047 0.7368667 0.0045879 0.6758061
109.214800 4.1851144 -0.3956799 10.5210295 0.0167670 0.7333903 0.0059123 0.6795753
109.423000 4.2844572 -0.3989812 10.5149031 0.0177827 0.7306906 0.0035493 0.6824679
109.631400 4.3840456 -0.4025054 10.5092459 0.0213462 0.7295126 -0.0003842 0.6836341
109.839600 4.4852109 -0.4066260 10.5028725 0.0189585 0.7285677 0.0039117 0.6847002
110.047800 4.5866776 -0.4100414 10.4969578 0.0179105 0.7278519 0.0079551 0.6854542
110.256100 4.6870179 -0.4131780 10.4914656 0.0172050 0.7273827 0.0078971 0.6859708
110.465500 4.7872882 -0.4161299 10.4862566 0.0194433 0.7266719 0.0053648 0.6866884
110.672600 4.8871636 -0.4197549 10.4814844 0.0185371 0.7259826 0.0063448 0.6874339
110.881000 4.9871955 -0.4234430 10.4770203 0.0196779 0.7246749 0.0037767 0.6887996
111.089200 5.0863919 -0.4269764 10.4730206 0.0187548 0.7229753 0.0046446 0.6906037
111.297500 5.1853600 -0.4304320 10.4698801 0.0161956 0.7211351 0.0063127 0.6925763
111.505700 5.2838297 -0.4336539 10.4667015 0.0157869 0.7195367 0.0047776 0.6942585
111.714100 5.3812366 -0.4369739 10.4646187 0.0109268 0.7184317 0.0030773 0.6955048
111.922300 5.4782262 -0.4399327 10.4624786 0.0092919 0.7182452 0.0002253 0.6957280
112.130600 5.5731716 -0.4433925 10.4600325 0.0111512 0.7184704 -0.0028348 0.6954624
112.338800 5.6680789 -0.4469209 10.4572897 0.0138473 0.7185603 -0.0033048 0.6953189
112.547100 5.7619100 -0.4506778 10.4548922 0.0097391 0.7194673 -0.0016072 0.6944561
112.755500 5.8544407 -0.4540706 10.4515877 0.0076136 0.7207900 -0.0026051 0.6931068
112.964100 5.9465013 -0.4567303 10.4486065 0.0064786 0.7234165 -0.0034338 0.6903729
113.172100 6.0377498 -0.4597393 10.4439878 0.0054243 0.7262470 -0.0039853 0.6874009
113.380300 6.1293588 -0.4629094 10.4393291 0.0050970 0.7289645 -0.0065133 0.6845016
113.588800 6.2200508 -0.4655904 10.4333029 0.0065862 0.7326955 -0.0059761 0.6804985
113.797100 6.3111439 -0.4687956 10.4262247 0.0057252 0.7381481 -0.0054799 0.6745921
114.005500 6.4017043 -0.4717397 10.4170008 0.0042170 0.7441967 -0.0028589 0.6679411
114.213900 6.4925880 -0.4739027 10.4063492 0.0031655 0.7504093 -0.0034697 0.6609567
114.423500 6.5833111 -0.4761124 10.3935385 0.0039915 0.7564388 -0.0023256 0.6540482
114.735000 6.7184248 -0.4799709 10.3712683 0.0066293 0.7665101 -0.0016386 0.6421959
115.047500 6.8534899 -0.4837297 10.3440313 0.0115760 0.7761109 0.0012679 0.6304889
115.359900 6.9883456 -0.4875422 10.3131905 0.0170657 0.7800795 0.0069047 0.6254095
115.568000 7.0778475 -0.4903564 10.2931747 0.0221571 0.7795497 0.0083547 0.6258926
115.775900 7.1673985 -0.4930316 10.2738924 0.0252479 0.7764324 0.0112978 0.6295933
115.983800 7.2574615 -0.4958580 10.2555599 0.0248408 0.7721823 0.0179548 0.6346614
116.191900 7.3464913 -0.4980243 10.2387543 0.0273689 0.7687447 0.0182413 0.6387094
116.400000 7.4358664 -0.5006440 10.2229280 0.0315009 0.7649184 0.0155211 0.6431692
116.608000 7.5257101 -0.5034480 10.2088785 0.0289024 0.7608634 0.0151593 0.6480908
116.816100 7.6139617 -0.5065860 10.1953459 0.0284032 0.7561734 0.0176580 0.6535161
116.920200 7.6583090 -0.5080008 10.1897202 0.0281373 0.7544519 0.0171526 0.6555276
117.128700 7.7452631 -0.5109098 10.1781731 0.0298250 0.7526138 0.0147523 0.6576210
117.337000 7.8303270 -0.5137128 10.1668816 0.0298989 0.7521458 0.0162676 0.6581171
117.545500 7.9122539 -0.5163434 10.1561632 0.0259740 0.7516838 0.0215822 0.6586586
117.753800 7.9914923 -0.5184504 10.1459522 0.0285145 0.7513469 0.0209993 0.6589565
117.962300 8.0694866 -0.5205060 10.1357822 0.0308816 0.7512487 0.0171159 0.6590742
118.170700 8.1476078 -0.5229218 10.1259060 0.0305942 0.7515662 0.0169763 0.6587291
118.379200 8.2263050 -0.5251558 10.1156864 0.0290737 0.7524568 0.0204638 0.6576813
118.587700 8.3036871 -0.5271939 10.1048689 0.0290070 0.7533469 0.0250970 0.6565038
118.796200 8.3798113 -0.5291773 10.0945044 0.0326417 0.7540144 0.0226463 0.6556553
119.005100 8.4546814 -0.5309037 10.0835857 0.0370135 0.7526053 0.0210614 0.6570933
119.212900 8.5293055 -0.5335247 10.0742884 0.0337042 0.7502087 0.0229062 0.6599442
119.421900 8.6031055 -0.5354007 10.0661449 0.0318104 0.7473250 0.0228430 0.6633036
119.629500 8.6765623 -0.5378348 10.0581322 0.0326134 0.7448154 0.0214981 0.6661263
119.837900 8.7490654 -0.5398797 10.0502682 0.0335315 0.7425863 0.0214022 0.6685681
120.046300 8.8209267 -0.5412954 10.0429201 0.0312592 0.7410440 0.0252458 0.6702532
120.358800 8.9246511 -0.5441804 10.0326042 0.0324180 0.7402979 0.0205869 0.6711813
120.567200 8.9905777 -0.5467318 10.0272303 0.0293359 0.7405765 0.0169811 0.6711166
120.775700 9.0538273 -0.5491323 10.0214052 0.0260791 0.7406824 0.0198779 0.6710547
121.088200 9.1405697 -0.5516491 10.0133448 0.0246071 0.7409001 0.0183259 0.6709141
121.400800 9.2160311 -0.5541900 10.0061970 0.0274515 0.7402201 0.0158051 0.6716180
121.713700 9.2824383 -0.5568343 10.0005417 0.0262518 0.7399925 0.0133011 0.6719710
121.922200 9.3244228 -0.5583957 9.9962025 0.0278536 0.7417668 0.0113626 0.6699829
122.238500 9.3844757 -0.5609361 9.9896717 0.0283799 0.7467006 0.0108278 0.6644663
122.548000 9.4402409 -0.5630429 9.9819508 0.0292389 0.7517598 0.0132237 0.6586558
122.965100 9.5007696 -0.5656123 9.9725943 0.0302296 0.7570946 0.0118605 0.6524978
123.382300 9.5575895 -0.5676483 9.9627295 0.0310617 0.7633927 0.0143431 0.6450279
123.799400 9.6120672 -0.5698189 9.9519348 0.0303331 0.7717224 0.0129452 0.6351039
124.008300 9.6388998 -0.5707037 9.9456186 0.0317242 0.7780007 0.0111015 0.6273637
124.216600 9.6666346 -0.5715764 9.9380274 0.0312518 0.7869433 0.0093050 0.6161632
124.425200 9.6950855 -0.5725292 9.9297247 0.0306314 0.7963548 0.0081402 0.6039987
124.842600 9.7537098 -0.5746494 9.9084978 0.0297880 0.8187158 0.0060306 0.5733941
125.051200 9.7850838 -0.5762168 9.8951721 0.0282236 0.8323167 0.0038691 0.5535678
125.260000 9.8179502 -0.5774253 9.8792000 0.0248982 0.8474272 0.0014393 0.5303255
125.468700 9.8511429 -0.5783563 9.8597240 0.0241984 0.8632493 0.0017455 0.5041944
125.677400 9.8854942 -0.5796793 9.8363819 0.0229460 0.8796676 0.0038821 0.4750193
125.886700 9.9195137 -0.5807112 9.8097725 0.0220236 0.8959960 0.0046961 0.4434907
126.094600 9.9529409 -0.5811527 9.7787466 0.0222061 0.9116759 0.0058921 0.4102671
126.303100 9.9856682 -0.5817970 9.7440882 0.0198556 0.9264997 0.0070991 0.3757043
126.511700 10.0165739 -0.5822329 9.7055073 0.0186651 0.9401441 0.0070040 0.3401936
126.720300 10.0453329 -0.5823162 9.6634083 0.0196714 0.9523141 0.0069578 0.3044050
126.928800 10.0733643 -0.5827780 9.6165581 0.0195882 0.9625543 0.0070223 0.2702893
127.137100 10.0997572 -0.5834299 9.5657043 0.0190010 0.9716411 0.0075990 0.2355735
127.345600 10.1230183 -0.5832408 9.5114193 0.0172379 0.9797318 0.0106726 0.1992852
127.554100 10.1422596 -0.5828390 9.4527130 0.0188753 0.9865590 0.0163178 0.1614895
127.762600 10.1582632 -0.5819970 9.3902349 0.0163539 0.9922401 0.0170010 0.1220779
127.971300 10.1686926 -0.5804156 9.3255558 0.0213627 0.9962127 0.0166901 0.0826157
128.179700 10.1745558 -0.5799088 9.2583704 0.0222128 0.9987515 0.0134849 0.0426646
128.387800 10.1753483 -0.5788614 9.1897049 0.0248070 0.9996143 0.0088434 0.0088122
128.596100 10.1722212 -0.5778819 9.1183891 0.0269917 0.9993672 0.0100811 -0.0208592
128.804200 10.1658487 -0.5773988 9.0461626 0.0265257 0.9985131 0.0123261 -0.0460007
129.012400 10.1563587 -0.5757942 8.9724188 0.0257869 0.9973530 0.0138914 -0.0665509
129.220400 10.1437798 -0.5739930 8.8971910 0.0239357 0.9958079 0.0179438 -0.0864396
129.428500 10.1282349 -0.5714457 8.8217831 0.0213160 0.9938532 0.0229822 -0.1061754
129.636700 10.1094923 -0.5686924 8.7455769 0.0173354 0.9918576 0.0240565 -0.1238513
129.844800 10.0885944 -0.5659706 8.6689339 0.0163916 0.9901749 0.0173163 -0.1377865
130.052900 10.0645132 -0.5636066 8.5899305 0.0163049 0.9886559 0.0157155 -0.1484813
130.261000 10.0385895 -0.5614920 8.5096893 0.0213977 0.9874867 0.0173956 -0.1552729
130.469000 10.0118036 -0.5593886 8.4295006 0.0220750 0.9868375 0.0162182 -0.1593782
130.677700 9.9843998 -0.5576864 8.3479929 0.0236346 0.9863358 0.0151177 -0.1623407
130.885300 9.9569683 -0.5558978 8.2662640 0.0253539 0.9862809 0.0150422 -0.1624224
131.093400 9.9294739 -0.5541181 8.1843319 0.0288130 0.9866411 0.0149366 -0.1596435
131.302500 9.9028149 -0.5519222 8.1024494 0.0309230 0.9874809 0.0155311 -0.1538961
131.509500 9.8783951 -0.5499924 8.0203228 0.0309861 0.9884248 0.0160051 -0.1476488
131.717500 9.8547926 -0.5479712 7.9386454 0.0315278 0.9893516 0.0160340 -0.1411820
131.925800 9.8326464 -0.5462923 7.8583965 0.0316115 0.9902144 0.0163800 -0.1349362
132.133900 9.8122082 -0.5445361 7.7797194 0.0311235 0.9908951 0.0176615 -0.1297934
132.342200 9.7932091 -0.5429175 7.7047119 0.0303629 0.9913103 0.0186572 -0.1266250
132.550700 9.7744799 -0.5412850 7.6330128 0.0292885 0.9914832 0.0181409 -0.1255955
132.760700 9.7575550 -0.5400599 7.5657935 0.0289357 0.9914399 0.0178349 -0.1260619
132.967600 9.7404900 -0.5384632 7.5015192 0.0287326 0.9912162 0.0181052 -0.1278163
133.178000 9.7241621 -0.5371531 7.4391384 0.0286907 0.9907245 0.0178388 -0.1316189
133.385700 9.7075891 -0.5361236 7.3806949 0.0278552 0.9899294 0.0178672 -0.1376396
133.698000 9.6815414 -0.5343777 7.2958379 0.0266698 0.9875853 0.0177652 -0.1537804
134.011100 9.6517677 -0.5323147 7.2165775 0.0269257 0.9824274 0.0179077 -0.1838224
134.324600 9.6165619 -0.5304731 7.1449461 0.0243653 0.9727979 0.0173369 -0.2297174
134.533600 9.5899239 -0.5293343 7.1020355 0.0229074 0.9623763 0.0155490 -0.2703061
134.742800 9.5585461 -0.5281875 7.0624189 0.0227368 0.9488741 0.0131773 -0.3145591
134.951900 9.5241356 -0.5267258 7.0274425 0.0228178 0.9320940 0.0132127 -0.3612555
135.160700 9.4860344 -0.5251389 6.9953942 0.0201449 0.9114852 0.0163126 -0.4105154
135.369500 9.4455805 -0.5239369 6.9688663 0.0198338 0.8886696 0.0170914 -0.4578000
135.578300 9.4015541 -0.5217897 6.9464312 -0.0188171 -0.8631510 -0.0183468 0.5042616
135.787000 9.3538647 -0.5199497 6.9274921 -0.0159494 -0.8358407 -0.0222109 0.5482907
135.995500 9.3041801 -0.5182542 6.9136763 -0.0154525 -0.8071504 -0.0221726 0.5897270
136.308100 9.2253485 -0.5146140 6.8997688 -0.0149032 -0.7669716 -0.0250108 0.6410201
136.620200 9.1381264 -0.5112570 6.8924880 -0.0168864 -0.7357252 -0.0280740 0.6764873
137.035900 9.0129461 -0.5051159 6.8900928 -0.0088789 -0.7083198 -0.0272048 0.7053114
137.347700 8.9089622 -0.5010412 6.8928747 -0.0093169 -0.6942741 -0.0296465 0.7190394
140.366800 7.5986605 -0.4477206 6.9985847 -0.0039771 -0.6715776 -0.0346528 0.7401127
156.199300 -0.1110719 -0.1775833 7.5114975 -0.0015698 -0.6932685 -0.0370496 0.7197247
157.242100 -0.4603196 -0.1665230 7.5472274 -0.0093946 -0.6556739 -0.0285335 0.7544464
157.554600 -0.5542535 -0.1635999 7.5616693 -0.0148402 -0.6529051 -0.0245866 0.7568951
157.867100 -0.6424526 -0.1604974 7.5742664 -0.0183789 -0.6560263 -0.0217391 0.7542010
158.283500 -0.7481883 -0.1566053 7.5870328 -0.0224742 -0.6626871 -0.0200965 0.7482893
158.804400 -0.8560377 -0.1529299 7.5981164 -0.0204689 -0.6711140 -0.0177471 0.7408590
159.221300 -0.9214735 -0.1509661 7.6032729 -0.0184004 -0.6763565 -0.0170366 0.7361475
159.638100 -0.9702860 -0.1497907 7.6061525 -0.0167114 -0.6799617 -0.0179188 0.7328382
160.055200 -1.0102503 -0.1487254 7.6082335 -0.0149511 -0.6826892 -0.0155018 0.7303914
160.889200 -1.0850520 -0.1467818 7.6116533 -0.0157905 -0.6886550 -0.0133429 0.7247944
161.306000 -1.1230468 -0.1458742 7.6120453 -0.0112416 -0.6926408 -0.0157745 0.7210225
161.722800 -1.1712666 -0.1449986 7.6123900 -0.0075629 -0.6975509 -0.0146215 0.7163461
162.139700 -1.2340298 -0.1434616 7.6127586 -0.0029822 -0.7017054 -0.0135816 0.7123315
162.452400 -1.2928091 -0.1424755 7.6128712 -0.0002630 -0.7007982 -0.0165126 0.7131684
162.869300 -1.3868256 -0.1394546 7.6144204 -0.0059567 -0.6990130 -0.0239179 0.7146841
163.286300 -1.4939376 -0.1357673 7.6179347 -0.0142081 -0.6990826 -0.0169862 0.7146979
163.598900 -1.5842185 -0.1320268 7.6196704 -0.0193353 -0.7012231 -0.0139837 0.7125425
164.015600 -1.7162882 -0.1281801 7.6196399 -0.0101656 -0.7050970 -0.0082428 0.7089901
164.328400 -1.8248024 -0.1253794 7.6192999 -0.0124709 -0.7058713 -0.0099135 0.7081609
164.536900 -1.9009755 -0.1235369 7.6188221 -0.0120608 -0.7067797 -0.0120909 0.7072275
164.849700 -2.0216641 -0.1204396 7.6176391 -0.0087167 -0.7077596 -0.0113499 0.7063084
165.162300 -2.1461039 -0.1177881 7.6164699 -0.0112792 -0.7082956 -0.0154902 0.7056558
165.475000 -2.2744002 -0.1149594 7.6155171 -0.0111775 -0.7080590 -0.0162407 0.7058780
165.683600 -2.3612757 -0.1124859 7.6147976 -0.0095380 -0.7069044 -0.0156587 0.7070714
165.996300 -2.4974561 -0.1096094 7.6148043 -0.0116311 -0.7049829 -0.0170314 0.7089244
166.204900 -2.5910571 -0.1069414 7.6142650 -0.0121840 -0.7039437 -0.0161378 0.7099679
166.517400 -2.7330248 -0.1029137 7.6143789 -0.0121983 -0.7037209 -0.0151584 0.7102100
166.725700 -2.8293195 -0.1006684 7.6143460 -0.0121348 -0.7042205 -0.0165705 0.7096842
166.934000 -2.9255271 -0.0981818 7.6146860 -0.0103716 -0.7050051 -0.0153602 0.7089601
167.142500 -3.0223477 -0.0963323 7.6143169 -0.0109516 -0.7053758 -0.0181963 0.7085153
167.351000 -3.1201940 -0.0938679 7.6138835 -0.0125890 -0.7051874 -0.0177720 0.7086864
167.455000 -3.1690598 -0.0924616 7.6138849 -0.0132963 -0.7049916 -0.0180276 0.7088618
167.663200 -3.2675264 -0.0898255 7.6136103 -0.0143702 -0.7048746 -0.0181832 0.7089532
167.767400 -3.3167601 -0.0883668 7.6134357 -0.0134557 -0.7049423 -0.0185383 0.7088947
167.975600 -3.4135852 -0.0860022 7.6122851 -0.0104811 -0.7044814 -0.0186021 0.7094012
168.183900 -3.5119624 -0.0834353 7.6115332 -0.0089856 -0.7044554 -0.0221622 0.7093453
168.392100 -3.6113517 -0.0799770 7.6115398 -0.0138584 -0.7044847 -0.0273971 0.7090547
168.600500 -3.7099998 -0.0761673 7.6107521 -0.0101962 -0.7045677 -0.0261347 0.7090821
168.808900 -3.8077564 -0.0734516 7.6107759 -0.0060009 -0.7043130 -0.0214770 0.7095392
169.017300 -3.9062316 -0.0711175 7.6111083 -0.0074684 -0.7040806 -0.0215372 0.7097540
169.225900 -4.0048051 -0.0683728 7.6119308 -0.0094628 -0.7041813 -0.0205890 0.7096585
169.434000 -4.1032529 -0.0660603 7.6115165 -0.0091354 -0.7043582 -0.0185955 0.7095423
169.642300 -4.2022691 -0.0635886 7.6120634 -0.0105958 -0.7051626 -0.0182106 0.7087325
169.850700 -4.3007021 -0.0610370 7.6120386 -0.0140291 -0.7056108 -0.0203608 0.7081680
170.059000 -4.3988090 -0.0577667 7.6112113 -0.0099201 -0.7060542 -0.0185773 0.7078447
170.267400 -4.4973860 -0.0553462 7.6111841 -0.0085136 -0.7066193 -0.0187976 0.7072929
170.580000 -4.6454124 -0.0513003 7.6105375 -0.0111091 -0.7071851 -0.0214445 0.7066158
170.788300 -4.7440944 -0.0484491 7.6094661 -0.0079957 -0.7080709 -0.0218848 0.7057569
171.100700 -4.8926182 -0.0444919 7.6072054 -0.0050915 -0.7103646 -0.0220874 0.7034688
171.413200 -5.0416999 -0.0411049 7.6048255 -0.0062227 -0.7132822 -0.0179915 0.7006183
171.621400 -5.1410475 -0.0394275 7.6019249 -0.0042074 -0.7148510 -0.0164816 0.6990699
171.829800 -5.2406425 -0.0377964 7.5983982 -0.0063519 -0.7161731 -0.0197858 0.6976132
172.038000 -5.3406949 -0.0353059 7.5947275 -0.0079047 -0.7176192 -0.0219790 0.6960438
172.247200 -5.4398327 -0.0328824 7.5907850 -0.0059717 -0.7193121 -0.0179575 0.6944292
172.454600 -5.5390587 -0.0312601 7.5865941 -0.0052847 -0.7213060 -0.0167942 0.6923927
172.662800 -5.6382976 -0.0298654 7.5816088 -0.0067775 -0.7231830 -0.0190487 0.6903604
172.871000 -5.7381492 -0.0277576 7.5759892 -0.0065651 -0.7248626 -0.0190794 0.6885979
172.975200 -5.7881646 -0.0265059 7.5727282 -0.0066551 -0.7256578 -0.0187614 0.6877678
173.183400 -5.8888674 -0.0243474 7.5666223 -0.0065046 -0.7275161 -0.0168475 0.6858529
173.391600 -5.9887719 -0.0226723 7.5596452 -0.0072057 -0.7289683 -0.0162008 0.6843178
173.599900 -6.0877657 -0.0210527 7.5526795 -0.0076552 -0.7302067 -0.0142987 0.6830338
174.016400 -6.2849593 -0.0174963 7.5379629 -0.0106284 -0.7324930 -0.0141680 0.6805441
174.329000 -6.4339027 -0.0146928 7.5257607 -0.0101505 -0.7338973 -0.0127309 0.6790652
174.641400 -6.5835953 -0.0120150 7.5130997 -0.0119907 -0.7346734 -0.0115481 0.6782167
174.849700 -6.6832352 -0.0105493 7.5048642 -0.0145294 -0.7345007 -0.0105268 0.6783707
175.058000 -6.7827001 -0.0088826 7.4963598 -0.0117345 -0.7346083 -0.0085736 0.6783358
175.266300 -6.8827929 -0.0075141 7.4872990 -0.0092689 -0.7343698 -0.0113164 0.6785919
175.474500 -6.9832473 -0.0059971 7.4784484 -0.0115087 -0.7345833 -0.0129261 0.6782978
175.682800 -7.0838599 -0.0039812 7.4693308 -0.0116561 -0.7349064 -0.0139309 0.6779253
175.891100 -7.1843448 -0.0021253 7.4606657 -0.0095297 -0.7353835 -0.0132630 0.6774544
176.099300 -7.2848415 0.0000918 7.4514394 -0.0075726 -0.7354670 -0.0146123 0.6773607
176.307600 -7.3854265 0.0013280 7.4420819 -0.0078542 -0.7354136 -0.0155916 0.6773936
176.515700 -7.4871087 0.0035262 7.4338350 -0.0088063 -0.7353148 -0.0142607 0.6775184
176.723900 -7.5878048 0.0052875 7.4247203 -0.0092158 -0.7352567 -0.0136774 0.6775881
176.932200 -7.6887574 0.0067662 7.4160309 -0.0073385 -0.7354069 -0.0119683 0.6774803
177.140500 -7.7893949 0.0081807 7.4068146 -0.0084439 -0.7353410 -0.0145848 0.6774877
177.348600 -7.8897958 0.0098990 7.3981271 -0.0107818 -0.7355895 -0.0120387 0.6772347
177.556900 -7.9908738 0.0116321 7.3895259 -0.0123068 -0.7360697 -0.0110670 0.6767034
177.764900 -8.0908566 0.0129762 7.3801718 -0.0113313 -0.7361861 -0.0104528 0.6766035
177.973600 -8.1913910 0.0145598 7.3709335 -0.0138810 -0.7362139 -0.0131393 0.6764789
178.181400 -8.2914162 0.0166194 7.3622708 -0.0152608 -0.7362171 -0.0114952 0.6764757
178.389700 -8.3894176 0.0178495 7.3527522 -0.0077786 -0.7357617 -0.0067300 0.6771625
178.598000 -8.4879637 0.0187232 7.3440285 -0.0121614 -0.7355151 -0.0099938 0.6773254
178.806200 -8.5857210 0.0206567 7.3350410 -0.0162635 -0.7352046 -0.0135039 0.6775155
179.014500 -8.6822691 0.0225053 7.3268900 -0.0134572 -0.7351558 -0.0082522 0.6777143
179.222700 -8.7777481 0.0231912 7.3183122 -0.0131091 -0.7356315 -0.0025517 0.6772503
179.430800 -8.8743162 0.0249129 7.3106117 -0.0263975 -0.7359114 -0.0102915 0.6764848
179.638900 -8.9680786 0.0278123 7.3022256 -0.0234930 -0.7358839 -0.0117812 0.6765975
179.847200 -9.0591183 0.0291918 7.2933793 -0.0132419 -0.7361031 -0.0057424 0.6767156
180.055500 -9.1496706 0.0301327 7.2845278 -0.0139908 -0.7362400 -0.0082513 0.6765256
180.263700 -9.2398596 0.0320863 7.2760730 -0.0183695 -0.7363935 -0.0155562 0.6761252
180.367800 -9.2840452 0.0332342 7.2719212 -0.0183733 -0.7366456 -0.0157227 0.6758465
180.576000 -9.3718252 0.0355442 7.2642579 -0.0179397 -0.7372604 -0.0138079 0.6752293
180.784300 -9.4574718 0.0373824 7.2554502 -0.0156596 -0.7370719 -0.0100850 0.6755576
180.992700 -9.5426645 0.0387913 7.2475529 -0.0164135 -0.7362806 -0.0104375 0.6763968
181.201300 -9.6270781 0.0403483 7.2402267 -0.0128392 -0.7354821 -0.0094674 0.6773563
181.409200 -9.7101526 0.0417005 7.2325931 -0.0117336 -0.7350019 -0.0101840 0.6778870
181.617500 -9.7914934 0.0426961 7.2252083 -0.0131513 -0.7353703 -0.0116256 0.6774381
181.825600 -9.8721161 0.0433992 7.2175570 -0.0114817 -0.7367983 -0.0115736 0.6759160
182.033900 -9.9524746 0.0448645 7.2095876 -0.0108291 -0.7391490 -0.0123842 0.6733411
182.241800 -10.0312681 0.0463358 7.2012095 -0.0132065 -0.7419759 -0.0133979 0.6701626
182.554000 -10.1469908 0.0476709 7.1870546 -0.0128162 -0.7472216 -0.0094343 0.6643843
182.762300 -10.2239237 0.0492430 7.1766829 -0.0141104 -0.7514055 -0.0085118 0.6596349
183.074700 -10.3378115 0.0510647 7.1587062 -0.0167495 -0.7580189 -0.0110826 0.6519234
183.387100 -10.4486904 0.0535605 7.1390271 -0.0104299 -0.7622750 -0.0113011 0.6470705
183.595900 -10.5222540 0.0547529 7.1253376 -0.0084699 -0.7623783 -0.0169315 0.6468546
183.908700 -10.6309929 0.0572481 7.1063991 -0.0074595 -0.7614900 -0.0204450 0.6478112
184.117400 -10.7013912 0.0586753 7.0936766 -0.0039061 -0.7597862 -0.0233034 0.6497434
184.326100 -10.7690296 0.0601379 7.0820732 0.0001298 -0.7551541 -0.0255461 0.6550494
184.534700 -10.8357372 0.0611539 7.0728359 0.0021560 -0.7467556 -0.0287814 0.6644720
184.743300 -10.8976870 0.0624563 7.0666199 0.0018583 -0.7383593 -0.0280674 0.6738207
184.951900 -10.9593697 0.0634938 7.0614781 0.0014381 -0.7297114 -0.0287848 0.6831476
185.369100 -11.0761137 0.0664332 7.0569043 0.0016017 -0.7098832 -0.0299638 0.7036800
185.681900 -11.1583300 0.0675715 7.0586014 0.0005199 -0.6941090 -0.0278513 0.7193307
186.203000 -11.2856483 0.0694570 7.0691381 0.0005943 -0.6671428 -0.0233588 0.7445633
186.619800 -11.3777294 0.0705884 7.0822525 -0.0020890 -0.6483563 -0.0229862 0.7609871
186.932200 -11.4420319 0.0711482 7.0926971 -0.0048245 -0.6413280 -0.0194650 0.7670047
187.348300 -11.5218143 0.0724099 7.1047173 -0.0076597 -0.6448662 -0.0180281 0.7640445
187.972000 -11.6247215 0.0745724 7.1122522 -0.0111063 -0.6800473 -0.0157666 0.7329146
188.699700 -11.7152996 0.0769533 7.0985627 -0.0064264 -0.7572469 -0.0168184 0.6528805
189.428300 -11.7936258 0.0784780 7.0648041 0.0018780 -0.8332021 -0.0199504 0.5526054
190.366500 -11.8818436 0.0806005 6.9987831 -0.0098897 0.8969094 0.0299826 -0.4410859
190.887500 -11.9274664 0.0818552 6.9553719 -0.0051387 0.9162166 0.0207175 -0.4001143
191.408800 -11.9718933 0.0831717 6.9046516 -0.0003181 0.9353032 0.0182652 -0.3533756
191.825000 -12.0048685 0.0842634 6.8551340 0.0034351 0.9530690 0.0204769 -0.3020405
192.034000 -12.0208359 0.0851789 6.8267522 0.0046356 0.9619758 0.0202681 -0.2723424
192.345600 -12.0422611 0.0872303 6.7791500 0.0048375 0.9743448 0.0157494 -0.2244567
192.553800 -12.0547915 0.0888904 6.7428241 0.0027772 0.9814773 0.0158598 -0.1909005
192.762500 -12.0678921 0.0897122 6.7022963 0.0077594 0.9866436 0.0163890 -0.1618817
192.970700 -12.0794239 0.0908940 6.6576381 0.0046744 0.9899266 0.0175436 -0.1404127
193.075100 -12.0855284 0.0917011 6.6337209 0.0037375 0.9907994 0.0180117 -0.1340825
193.283700 -12.0984430 0.0932443 6.5821648 0.0081173 0.9922165 0.0181815 -0.1229224
193.388000 -12.1051064 0.0942340 6.5550833 0.0121051 0.9930466 0.0174333 -0.1157923
193.492200 -12.1112585 0.0949040 6.5263338 0.0129341 0.9939616 0.0157357 -0.1078209
193.596300 -12.1167116 0.0959409 6.4964385 0.0135899 0.9947861 0.0146270 -0.1000099
193.804800 -12.1274738 0.0980654 6.4323940 0.0161517 0.9962208 0.0155691 -0.0839100
194.013300 -12.1368465 0.1001043 6.3623209 0.0178410 0.9973035 0.0176373 -0.0689662
194.221800 -12.1450558 0.1025831 6.2877636 0.0178813 0.9980858 0.0151434 -0.0572334
194.430500 -12.1522579 0.1048075 6.2089272 0.0177390 0.9984674 0.0151940 -0.0501722
194.639200 -12.1597185 0.1068253 6.1247120 0.0178906 0.9986472 0.0160787 -0.0461003
194.847700 -12.1668892 0.1094221 6.0369091 0.0175321 0.9987558 0.0155200 -0.0440288
195.056300 -12.1746044 0.1119033 5.9443870 0.0195558 0.9987795 0.0164381 -0.0422705
195.264800 -12.1819239 0.1151010 5.8481064 0.0218517 0.9987664 0.0176267 -0.0409586
195.473300 -12.1892548 0.1182522 5.7470312 0.0221723 0.9988638 0.0149006 -0.0394661
195.786100 -12.2004461 0.1224200 5.5867176 0.0193639 0.9990121 0.0148198 -0.0371512
195.994400 -12.2090588 0.1255507 5.4764194 0.0210468 0.9989413 0.0203877 -0.0354633
196.202800 -12.2164536 0.1289260 5.3670244 0.0244573 0.9988764 0.0229610 -0.0334755
196.411200 -12.2233315 0.1320464 5.2573128 0.0238132 0.9990196 0.0201376 -0.0314212
196.619500 -12.2286997 0.1347362 5.1485233 0.0207206 0.9991604 0.0202893 -0.0289398
196.828000 -12.2345123 0.1376913 5.0386763 0.0201093 0.9992204 0.0210324 -0.0266818
197.140500 -12.2420082 0.1411022 4.8746123 0.0217105 0.9992725 0.0217046 -0.0226285
197.348800 -12.2459211 0.1442523 4.7664657 0.0206155 0.9993238 0.0222033 -0.0208311
197.557200 -12.2492399 0.1471181 4.6581388 0.0186497 0.9993886 0.0222713 -0.0194559
197.765600 -12.2532892 0.1497947 4.5505157 0.0178783 0.9994135 0.0224955 -0.0186275
197.973900 -12.2567806 0.1523520 4.4436779 0.0179719 0.9994526 0.0212857 -0.0178437
198.182200 -12.2601919 0.1553772 4.3369298 0.0192606 0.9994178 0.0225470 -0.0168726
198.390400 -12.2634106 0.1579402 4.2308698 0.0184153 0.9994522 0.0227671 -0.0154222
198.598700 -12.2657957 0.1609919 4.1256900 0.0171896 0.9995065 0.0224709 -0.0136486
198.806900 -12.2680244 0.1633888 4.0204101 0.0169041 0.9995305 0.0227076 -0.0117211
199.015000 -12.2694035 0.1659717 3.9159279 0.0163121 0.9996136 0.0200526 -0.0102206
199.223300 -12.2712688 0.1683601 3.8117790 0.0155193 0.9996045 0.0214777 -0.0094135
199.431800 -12.2725983 0.1712742 3.7085721 0.0155048 0.9995874 0.0224571 -0.0089599
199.639900 -12.2733450 0.1736857 3.6050463 0.0149712 0.9996393 0.0198983 -0.0100577
199.848200 -12.2741385 0.1760935 3.5027831 0.0131571 0.9996286 0.0198680 -0.0132201
200.160900 -12.2783766 0.1800037 3.3516374 0.0158174 0.9995191 0.0184390 -0.0192702
200.369200 -12.2824831 0.1828697 3.2503021 0.0177209 0.9993632 0.0214411 -0.0223493
200.577400 -12.2867975 0.1858407 3.1487889 0.0133117 0.9992477 0.0272873 -0.0241283
200.785700 -12.2903700 0.1888420 3.0486774 0.0095200 0.9992784 0.0261081 -0.0258938
200.993900 -12.2951365 0.1913955 2.9483685 0.0116451 0.9994041 0.0195382 -0.0259618
201.202300 -12.3000460 0.1943982 2.8466837 0.0131722 0.9993538 0.0212082 -0.0258584
201.514700 -12.3075876 0.1990972 2.6914325 0.0117053 0.9992546 0.0258306 -0.0261915
201.723300 -12.3114338 0.2027282 2.5894079 0.0106687 0.9992720 0.0246811 -0.0270630
202.035500 -12.3183870 0.2063971 2.4418106 0.0117920 0.9993146 0.0240583 -0.0255429
202.347900 -12.3246822 0.2109106 2.2889495 0.0116178 0.9993569 0.0251043 -0.0228159
202.660400 -12.3297968 0.2154033 2.1379788 0.0112805 0.9994273 0.0248073 -0.0200595
202.868700 -12.3329992 0.2184542 2.0367703 0.0103427 0.9994836 0.0244698 -0.0180788
203.181300 -12.3359203 0.2228515 1.8892399 0.0084621 0.9995206 0.0246511 -0.0167103
203.493800 -12.3391705 0.2281259 1.7441360 0.0076342 0.9995322 0.0246741 -0.0163774
203.806500 -12.3428526 0.2326474 1.6009903 0.0065956 0.9995474 0.0234974 -0.0175875
204.015000 -12.3459063 0.2355869 1.5060921 0.0051252 0.9994934 0.0239821 -0.0202838
204.327700 -12.3517580 0.2405136 1.3642220 0.0055651 0.9993913 0.0239422 -0.0247555
204.536200 -12.3557529 0.2429502 1.2703741 0.0054231 0.9993342 0.0236253 -0.0272692
204.848800 -12.3628674 0.2471470 1.1306206 0.0057942 0.9992690 0.0236110 -0.0295017
205.057100 -12.3674526 0.2492231 1.0377917 0.0058914 0.9992223 0.0237015 -0.0309549
205.369400 -12.3758135 0.2531738 0.9014912 0.0065616 0.9991906 0.0236176 -0.0318944
205.577700 -12.3814077 0.2567509 0.8095117 0.0074962 0.9992315 0.0240480 -0.0300322
205.785700 -12.3836107 0.2601684 0.7184483 0.0084029 0.9993786 0.0233353 -0.0250469
206.097700 -12.3872843 0.2648373 0.5832502 0.0086253 0.9996240 0.0234255 -0.0113496
206.305800 -12.3870106 0.2688770 0.4937385 0.0082915 0.9996826 0.0237747 -0.0008041
206.513700 -12.3848877 0.2710977 0.4050758 0.0094693 0.9996436 0.0226703 0.0104406
206.722100 -12.3806629 0.2734401 0.3174683 0.0104945 0.9994558 0.0208863 0.0232743
206.929800 -12.3738480 0.2759556 0.2300994 0.0121788 0.9988836 0.0222788 0.0398362
207.137600 -12.3634844 0.2776767 0.1432209 0.0134431 0.9979520 0.0204452 0.0591026
207.345600 -12.3498573 0.2796254 0.0561823 0.0125618 0.9965366 0.0206351 0.0795692
207.553700 -12.3323832 0.2814341 -0.0303116 0.0128106 0.9946260 0.0207482 0.1006209
207.657600 -12.3223753 0.2823624 -0.0734174 0.0127832 0.9934368 0.0204971 0.1118026
207.865600 -12.2988205 0.2840012 -0.1592433 0.0131271 0.9906466 0.0186239 0.1345367
208.073600 -12.2711248 0.2857028 -0.2451043 0.0129408 0.9872327 0.0174292 0.1577981
208.281600 -12.2390976 0.2870228 -0.3303525 0.0127228 0.9831903 0.0183049 0.1812180
208.489700 -12.2023697 0.2884575 -0.4152532 0.0145383 0.9785323 0.0195836 0.2046452
208.698000 -12.1612015 0.2897933 -0.4987354 0.0148495 0.9732929 0.0186589 0.2283247
208.905800 -12.1162300 0.2909310 -0.5805955 0.0134128 0.9679089 0.0198898 0.2501538
209.114100 -12.0665722 0.2924176 -0.6614804 0.0130707 0.9625110 0.0161128 0.2704479
209.322400 -12.0129642 0.2929953 -0.7422509 0.0120728 0.9572597 0.0152497 0.2885749
209.531200 -11.9557981 0.2937857 -0.8225889 0.0098702 0.9532583 0.0136905 0.3016849
209.739400 -11.8956728 0.2943485 -0.9037962 0.0075747 0.9506851 0.0130126 0.3097922
209.947900 -11.8333187 0.2951584 -0.9861035 0.0073066 0.9492279 0.0119573 0.3142771
210.156700 -11.7692661 0.2953736 -1.0692000 0.0075979 0.9484286 0.0102028 0.3167357
210.364800 -11.7053881 0.2949856 -1.1528893 0.0063786 0.9479210 0.0101646 0.3182795
210.574900 -11.6398335 0.2950539 -1.2376952 0.0060148 0.9478810 0.0107523 0.3183863
210.781700 -11.5748997 0.2948227 -1.3221884 0.0051876 0.9485275 0.0101966 0.3164881
210.990100 -11.5106030 0.2947384 -1.4075003 0.0029703 0.9501061 0.0106547 0.3117308
211.198700 -11.4479780 0.2945247 -1.4930787 0.0024854 0.9520755 0.0110349 0.3056537
211.511200 -11.3568678 0.2947023 -1.6223779 0.0016227 0.9556392 0.0108989 0.2943335
211.719600 -11.2984238 0.2948259 -1.7094939 0.0027788 0.9581674 0.0119650 0.2859448
211.927900 -11.2415848 0.2950741 -1.7975647 0.0063479 0.9600607 0.0131521 0.2794105
212.136100 -11.1865826 0.2952363 -1.8855176 0.0101075 0.9607236 0.0139009 0.2769744
212.344200 -11.1319027 0.2956663 -1.9726870 0.0111192 0.9612219 0.0150949 0.2751379
212.552400 -11.0779228 0.2957159 -2.0594761 0.0135710 0.9615925 0.0157474 0.2736928
212.760400 -11.0248938 0.2957563 -2.1453967 0.0166570 0.9617366 0.0171062 0.2729335
212.968600 -10.9728470 0.2961965 -2.2298038 0.0191435 0.9618257 0.0169778 0.2724640
213.176800 -10.9217777 0.2966338 -2.3116751 0.0203093 0.9619552 0.0181935 0.2718430
213.384900 -10.8711748 0.2969813 -2.3944819 0.0221626 0.9619663 0.0192303 0.2715875
213.697100 -10.7959080 0.2973015 -2.5155449 0.0220858 0.9620587 0.0201436 0.2712003
213.905100 -10.7489605 0.2982470 -2.5912097 0.0235625 0.9610258 0.0214070 0.2746197
214.113100 -10.7037983 0.2987899 -2.6614769 0.0239325 0.9593573 0.0226824 0.2802613
214.321100 -10.6601162 0.2991427 -2.7277546 0.0254602 0.9571743 0.0215502 0.2875842
214.529200 -10.6180372 0.2992338 -2.7893214 0.0240224 0.9552040 0.0227243 0.2940951
214.737400 -10.5779486 0.2993894 -2.8453870 0.0230394 0.9533094 0.0219376 0.3003153
214.945500 -10.5408649 0.2995939 -2.8961463 0.0222270 0.9514338 0.0211064 0.3063236
215.153700 -10.5060349 0.2996485 -2.9423301 0.0223454 0.9495870 0.0214791 0.3119676
215.362200 -10.4726315 0.2997919 -2.9860394 0.0230281 0.9470153 0.0221931 0.3195924
215.466200 -10.4565010 0.3002148 -3.0064819 0.0231876 0.9453489 0.0216478 0.3245137
215.674000 -10.4247398 0.3000462 -3.0437119 0.0237860 0.9412422 0.0206521 0.3362600
215.882200 -10.3940296 0.2999528 -3.0787418 0.0240754 0.9364946 0.0190425 0.3493361
216.090300 -10.3628025 0.3000900 -3.1113081 0.0251327 0.9310393 0.0184308 0.3635857
216.298300 -10.3332386 0.2994873 -3.1405120 0.0268405 0.9242284 0.0183542 0.3804530
216.506400 -10.3044205 0.2992395 -3.1664608 0.0271510 0.9151275 0.0188290 0.4018085
216.923100 -10.2506685 0.2979180 -3.2039227 0.0213236 0.8930493 0.0140860 0.4492325
217.234800 -10.2160282 0.2968275 -3.2231085 0.0197284 0.8769406 0.0078264 0.4801299
217.547200 -10.1812868 0.2958418 -3.2393599 0.0176994 0.8575199 0.0069593 0.5140991
217.755500 -10.1579332 0.2952496 -3.2475190 0.0137398 0.8422812 0.0057768 0.5388322
217.963700 -10.1345253 0.2945372 -3.2545972 0.0116403 0.8265852 0.0050550 0.5626686
218.172000 -10.1104193 0.2938136 -3.2602398 0.0097481 0.8100340 0.0025650 0.5862963
218.380200 -10.0847187 0.2933353 -3.2648015 0.0096041 0.7920849 0.0010819 0.6103343
218.588500 -10.0571079 0.2924516 -3.2690611 0.0112840 0.7730717 0.0009555 0.6342175
218.796700 -10.0264969 0.2915941 -3.2716637 0.0130365 0.7528052 -0.0002425 0.6581141
219.004900 -9.9933615 0.2908174 -3.2726753 0.0143499 0.7317175 -0.0014631 0.6814554
219.213100 -9.9573059 0.2897963 -3.2719128 0.0155608 0.7098647 -0.0023232 0.7041623
219.421400 -9.9178886 0.2890174 -3.2682877 0.0140706 0.6878133 -0.0046125 0.7257366
219.629700 -9.8745975 0.2875923 -3.2628415 0.0122421 0.6670808 -0.0022512 0.7448815
219.838100 -9.8275909 0.2861316 -3.2548919 0.0125324 0.6489659 0.0000322 0.7607142
220.046600 -9.7771816 0.2850299 -3.2435021 0.0117953 0.6321027 0.0001064 0.7747949
220.255100 -9.7232609 0.2838987 -3.2292156 0.0118604 0.6132707 0.0002142 0.7897837
220.463500 -9.6648598 0.2821322 -3.2113190 0.0115731 0.5922435 0.0060103 0.8056535
220.671700 -9.6039248 0.2810198 -3.1885319 0.0116326 0.5700364 0.0126264 0.8214401
220.880200 -9.5409365 0.2796861 -3.1613345 0.0170656 0.5457547 0.0161285 0.8376160
220.984200 -9.5086412 0.2791507 -3.1457138 0.0217592 0.5333841 0.0171368 0.8454196
221.192700 -9.4422750 0.2771099 -3.1100128 0.0229297 0.5113584 0.0176552 0.8588802
221.401400 -9.3735838 0.2749274 -3.0687335 0.0196583 0.4930356 0.0180959 0.8695987
221.610100 -9.3026400 0.2724518 -3.0232289 0.0183642 0.4797309 0.0164604 0.8770690
221.818800 -9.2302179 0.2704610 -2.9739635 0.0173266 0.4723167 0.0121532 0.8811747
222.027700 -9.1541462 0.2680921 -2.9224877 0.0145306 0.4703173 0.0099230 0.8823220
222.241200 -9.0766535 0.2651488 -2.8700678 0.0152378 0.4712056 0.0081398 0.8818542
222.445200 -8.9965229 0.2626254 -2.8164585 0.0160749 0.4720954 0.0076762 0.8813674
222.653900 -8.9137239 0.2599782 -2.7619085 0.0134430 0.4730275 0.0082060 0.8809069
222.862400 -8.8284073 0.2571015 -2.7048531 0.0118783 0.4747956 0.0068638 0.8799891
223.070900 -8.7416525 0.2537369 -2.6478014 0.0125997 0.4770120 0.0042416 0.8787962
223.279400 -8.6516161 0.2509722 -2.5890310 0.0118936 0.4801171 0.0022082 0.8771210
223.488000 -8.5605278 0.2481942 -2.5305939 0.0070094 0.4845241 0.0020035 0.8747475
223.696300 -8.4666462 0.2459222 -2.4725077 0.0072430 0.4899715 0.0021786 0.8717057
223.904700 -8.3705215 0.2435250 -2.4155383 0.0076473 0.4949672 0.0041886 0.8688679
224.113300 -8.2731295 0.2409714 -2.3585699 0.0072010 0.5006120 0.0069259 0.8656141
224.321300 -8.1743574 0.2383255 -2.3025243 0.0083355 0.5067903 0.0051765 0.8620135
224.529600 -8.0750828 0.2351329 -2.2478068 0.0077244 0.5138323 0.0046455 0.8578433
224.737700 -7.9759183 0.2324830 -2.1961732 0.0068172 0.5201145 0.0058584 0.8540493
224.945800 -7.8766460 0.2300745 -2.1447706 0.0042343 0.5257517 0.0055957 0.8506091
225.153800 -7.7771349 0.2281921 -2.0951605 0.0023955 0.5291514 0.0060459 0.8485025
225.361700 -7.6793056 0.2260242 -2.0477099 0.0103986 0.5301883 0.0066293 0.8477902
225.569800 -7.5817757 0.2234196 -2.0001550 0.0098781 0.5303235 0.0082469 0.8476977
225.777700 -7.4846406 0.2217211 -1.9523929 0.0076884 0.5313383 0.0073773 0.8470927
225.986100 -7.3868561 0.2193238 -1.9048153 0.0095847 0.5316200 0.0070275 0.8468996
226.089900 -7.3387165 0.2183680 -1.8814244 0.0126647 0.5315951 0.0069365 0.8468755
226.297800 -7.2417116 0.2147821 -1.8343481 0.0148145 0.5323017 0.0070582 0.8463957
226.401900 -7.1935825 0.2132473 -1.8111049 0.0142216 0.5325372 0.0072107 0.8462564
226.610000 -7.0963173 0.2097782 -1.7641447 0.0134147 0.5330287 0.0090021 0.8459430
226.818100 -7.0001073 0.2063447 -1.7184465 0.0144248 0.5334075 0.0085168 0.8456925
227.026100 -6.9041405 0.2032386 -1.6730789 0.0147257 0.5336792 0.0085465 0.8455156
227.234600 -6.8079090 0.1999659 -1.6265014 0.0117906 0.5342432 0.0096859 0.8451931
227.442300 -6.7134614 0.1971269 -1.5812474 0.0129344 0.5332424 0.0101040 0.8458033
227.650500 -6.6191349 0.1936601 -1.5355587 0.0143666 0.5317016 0.0095351 0.8467562
227.858600 -6.5260115 0.1904458 -1.4902122 0.0130197 0.5302281 0.0100242 0.8476958
228.170900 -6.3889384 0.1854161 -1.4226608 0.0123733 0.5299847 0.0058498 0.8478968
228.379100 -6.2973523 0.1826652 -1.3776259 0.0039529 0.5342637 0.0050500 0.8452935
228.691700 -6.1616225 0.1784788 -1.3149787 0.0066340 0.5455647 -0.0036869 0.8380343
229.004600 -6.0231757 0.1747744 -1.2570612 0.0014856 0.5589076 -0.0027719 0.8292239
229.420600 -5.8365149 0.1689521 -1.1852882 0.0065387 0.5706586 0.0020337 0.8211588
229.628900 -5.7428837 0.1666323 -1.1509107 0.0051420 0.5742360 0.0000788 0.8186736
229.837100 -5.6498003 0.1640213 -1.1176069 0.0078635 0.5779914 -0.0046253 0.8159918
230.045200 -5.5557575 0.1610346 -1.0846515 0.0061133 0.5801608 -0.0034938 0.8144715
230.253300 -5.4603820 0.1583634 -1.0522485 0.0044623 0.5807753 -0.0015394 0.8140502
230.461600 -5.3665185 0.1563649 -1.0192639 -0.0009451 0.5826230 -0.0056885 0.8127221
230.565700 -5.3197861 0.1548625 -1.0033031 -0.0003582 0.5846139 -0.0083454 0.8112686
230.774000 -5.2259674 0.1515262 -0.9724091 0.0054535 0.5894185 -0.0135574 0.8076957
230.878200 -5.1785450 0.1496971 -0.9570174 0.0064663 0.5921823 -0.0116980 0.8056931
231.086700 -5.0828347 0.1459508 -0.9286093 0.0051513 0.5983593 -0.0081005 0.8011704
231.190900 -5.0349045 0.1442689 -0.9149349 0.0045430 0.6016111 -0.0076909 0.7987392
231.399400 -4.9390564 0.1410307 -0.8881673 0.0050388 0.6086959 -0.0069148 0.7933575
231.607700 -4.8426108 0.1377126 -0.8629462 0.0058110 0.6152942 -0.0066229 0.7882483
231.815900 -4.7449985 0.1340729 -0.8393590 0.0052393 0.6208277 -0.0044500 0.7839169
232.024100 -4.6475525 0.1312943 -0.8177562 0.0053783 0.6256721 -0.0029908 0.7800619
232.232300 -4.5503030 0.1281996 -0.7964401 0.0081867 0.6284392 -0.0014110 0.7778143
232.440500 -4.4539514 0.1250530 -0.7758349 0.0098154 0.6304608 -0.0003328 0.7761589
232.651700 -4.3577614 0.1217516 -0.7568042 0.0068944 0.6323639 0.0028495 0.7746356
232.856900 -4.2615008 0.1191671 -0.7382845 0.0082948 0.6345899 0.0039216 0.7727946
233.169100 -4.1166296 0.1159609 -0.7109261 0.0084571 0.6371856 0.0056247 0.7706435
233.377100 -4.0184593 0.1133094 -0.6927069 0.0088253 0.6386889 0.0046899 0.7694002
233.689400 -3.8709557 0.1094282 -0.6654289 0.0082972 0.6406089 0.0049573 0.7678065
233.897200 -3.7718313 0.1073508 -0.6484295 0.0084318 0.6418711 0.0067164 0.7667367
234.209300 -3.6234956 0.1034452 -0.6232938 0.0128946 0.6436045 0.0079577 0.7652083
234.521300 -3.4756498 0.0999225 -0.5996119 0.0100951 0.6451789 0.0096936 0.7639034
234.833700 -3.3291342 0.0966840 -0.5766176 0.0131475 0.6471723 0.0078339 0.7621900
235.145400 -3.1839542 0.0927017 -0.5542479 0.0152316 0.6501795 0.0062095 0.7596025
235.353500 -3.0882156 0.0899550 -0.5396713 0.0127187 0.6525360 0.0055854 0.7576303
235.561500 -2.9923825 0.0871457 -0.5260926 0.0121962 0.6541532 0.0052250 0.7562457
235.769400 -2.8990610 0.0837810 -0.5127811 0.0148635 0.6555551 0.0044251 0.7549881
235.977600 -2.8076899 0.0807597 -0.5000286 0.0150141 0.6571871 0.0051870 0.7535601
236.185900 -2.7157481 0.0777893 -0.4882441 0.0152563 0.6585270 0.0073055 0.7523670
236.394600 -2.6233711 0.0746559 -0.4762315 0.0146396 0.6599630 0.0080108 0.7511128
236.601800 -2.5335722 0.0723578 -0.4656874 0.0167999 0.6611511 0.0079554 0.7500225
236.809900 -2.4452231 0.0697714 -0.4553739 0.0180088 0.6617141 0.0082816 0.7494942
237.018000 -2.3574734 0.0667815 -0.4439690 0.0166178 0.6629544 0.0089473 0.7484218
237.226100 -2.2736418 0.0639883 -0.4345216 0.0170567 0.6637066 0.0083804 0.7477515
237.434200 -2.1914427 0.0614001 -0.4254693 0.0161948 0.6642824 0.0102632 0.7472358
237.642300 -2.1131649 0.0593078 -0.4165669 0.0130133 0.6650048 0.0142381 0.7465900
237.850500 -2.0376387 0.0575464 -0.4080526 0.0129045 0.6659441 0.0157603 0.7457235
238.058700 -1.9651997 0.0562708 -0.4000127 0.0137394 0.6668468 0.0129244 0.7449561
238.371000 -1.8631983 0.0536942 -0.3890837 0.0163939 0.6676470 0.0107501 0.7442198
238.683400 -1.7686445 0.0508672 -0.3789249 0.0140897 0.6664358 0.0126452 0.7453220
239.100000 -1.6527835 0.0476057 -0.3656574 0.0153870 0.6664252 0.0113740 0.7453263
239.412800 -1.5736375 0.0451953 -0.3579223 0.0173448 0.6685293 0.0119361 0.7433877
239.621100 -1.5248808 0.0436406 -0.3531074 0.0182270 0.6699309 0.0146721 0.7420546
239.829500 -1.4794979 0.0422479 -0.3487022 0.0191405 0.6712511 0.0139703 0.7408511
240.037800 -1.4381622 0.0406881 -0.3447649 0.0201867 0.6725664 0.0124137 0.7396572
240.246200 -1.4016160 0.0390473 -0.3412373 0.0235307 0.6732957 0.0094930 0.7389378
240.454600 -1.3688558 0.0378777 -0.3383933 0.0238892 0.6733079 0.0090421 0.7389209
240.871000 -1.3149462 0.0353090 -0.3323258 0.0242460 0.6683695 0.0067662 0.7434034
241.079100 -1.2908583 0.0341232 -0.3285735 0.0223135 0.6623622 0.0060401 0.7488270
241.495100 -1.2471910 0.0321772 -0.3197402 0.0230324 0.6403414 0.0058887 0.7677224
241.703200 -1.2265334 0.0310046 -0.3135071 0.0192067 0.6270939 0.0037650 0.7786978
250.248700 -1.1744586 0.0284364 -0.2958235 0.0221501 0.5957499 -0.0033229 0.8028576
250.664600 -1.1460668 0.0272587 -0.2824579 0.0213879 0.5628233 -0.0032556 0.8262941
250.872200 -1.1266166 0.0263726 -0.2716435 0.0190503 0.5377102 -0.0010539 0.8429138
251.080000 -1.1046929 0.0254199 -0.2575928 0.0163080 0.5068111 -0.0007289 0.8619025
251.287600 -1.0811546 0.0240353 -0.2393245 0.0119769 0.4709574 -0.0032726 0.8820686
251.495200 -1.0566289 0.0228085 -0.2163942 0.0089441 0.4303881 -0.0057949 0.9025810
251.806700 -1.0189497 0.0216299 -0.1739044 0.0091061 0.3624205 -0.0073579 0.9319412
252.118500 -0.9816527 0.0206381 -0.1185181 0.0048650 0.2914522 -0.0065310 0.9565507
252.326600 -0.9588664 0.0201704 -0.0737832 0.0049875 0.2446707 -0.0068464 0.9695693
252.534700 -0.9379930 0.0186763 -0.0224180 0.0031521 0.2000147 -0.0053804 0.9797730
252.743200 -0.9189522 0.0182199 0.0349251 0.0023358 0.1610659 -0.0022821 0.9869382
252.951700 -0.9022387 0.0174232 0.0974489 0.0045033 0.1249912 0.0044270 0.9921378
253.264300 -0.8846129 0.0158873 0.2021232 0.0051752 0.0735827 0.0085569 0.9972390
255.455200 -0.9057145 -0.0056025 1.2041290 -0.0002278 -0.0220746 -0.0026587 0.9997528
260.141700 -1.0465891 -0.0530749 3.5420947 -0.0005185 -0.0310985 -0.0006058 0.9995160
260.662500 -1.0623933 -0.0571424 3.7883201 -0.0014454 -0.0282147 -0.0007188 0.9996006
260.975000 -1.0704141 -0.0598830 3.9343412 0.0029102 -0.0257722 -0.0017521 0.9996621
261.391700 -1.0804332 -0.0648486 4.1279926 0.0010253 -0.0208533 -0.0026395 0.9997785
261.808300 -1.0871866 -0.0691117 4.3191366 0.0074786 -0.0160073 0.0011441 0.9998432
262.225000 -1.0939348 -0.0752936 4.5087724 0.0094351 -0.0150969 -0.0015918 0.9998403
262.537300 -1.0996308 -0.0786144 4.6547570 0.0009995 -0.0161405 -0.0030659 0.9998645
262.745600 -1.1027379 -0.0793212 4.7570949 -0.0040137 -0.0179426 -0.0029173 0.9998267
263.058100 -1.1085166 -0.0801636 4.9125228 -0.0022280 -0.0199493 0.0007663 0.9997982
263.370700 -1.1142678 -0.0825249 5.0710559 0.0112288 -0.0213695 0.0027465 0.9997048
263.579100 -1.1198096 -0.0861544 5.1797686 0.0071992 -0.0217417 0.0022925 0.9997351
263.787300 -1.1245663 -0.0884848 5.2908835 0.0043931 -0.0228920 0.0023960 0.9997254
263.995700 -1.1303306 -0.0910039 5.4019322 0.0067496 -0.0243064 0.0013795 0.9996808
264.204000 -1.1362951 -0.0936471 5.5145655 0.0030587 -0.0260714 0.0011190 0.9996548
264.412200 -1.1417341 -0.0959590 5.6271176 0.0018448 -0.0283154 0.0009812 0.9995968
264.620500 -1.1482115 -0.0985062 5.7391291 0.0023374 -0.0300014 0.0010824 0.9995465
264.828700 -1.1556573 -0.1008691 5.8510036 0.0010594 -0.0310762 0.0005827 0.9995163
264.932800 -1.1589751 -0.1021585 5.9069371 0.0007881 -0.0312568 0.0005680 0.9995109
265.141200 -1.1670394 -0.1049918 6.0172663 0.0029429 -0.0308751 -0.0000688 0.9995189
265.349500 -1.1750139 -0.1074886 6.1276674 0.0000534 -0.0313118 0.0006862 0.9995094
265.557700 -1.1833448 -0.1097971 6.2389450 -0.0023604 -0.0325776 0.0011027 0.9994658
265.766000 -1.1911156 -0.1117569 6.3489685 0.0003042 -0.0337504 0.0004984 0.9994301
265.974200 -1.1994708 -0.1141192 6.4585018 0.0013596 -0.0330769 -0.0004414 0.9994518
266.182600 -1.2069817 -0.1167011 6.5665064 -0.0001473 -0.0315089 0.0004126 0.9995034
266.391000 -1.2136514 -0.1190736 6.6729383 0.0002524 -0.0300518 0.0000715 0.9995483
266.599200 -1.2201830 -0.1210145 6.7778974 -0.0002833 -0.0283713 -0.0009612 0.9995970
266.703500 -1.2235187 -0.1220746 6.8301883 -0.0001954 -0.0276179 -0.0015531 0.9996173
266.911700 -1.2290941 -0.1242821 6.9321909 0.0015006 -0.0262393 -0.0017014 0.9996531
267.120100 -1.2353396 -0.1266635 7.0331907 0.0034034 -0.0241911 -0.0036914 0.9996948
267.328500 -1.2396653 -0.1290613 7.1330314 0.0043505 -0.0226597 -0.0007848 0.9997334
267.536900 -1.2444146 -0.1316314 7.2322602 0.0025700 -0.0215369 -0.0005113 0.9997646
267.745200 -1.2500752 -0.1343253 7.3308306 0.0086699 -0.0205412 -0.0053389 0.9997371
267.953500 -1.2554054 -0.1374492 7.4297481 0.0091785 -0.0215014 -0.0093854 0.9996827
268.161700 -1.2611337 -0.1407598 7.5288029 0.0079622 -0.0236860 -0.0095909 0.9996417
268.370100 -1.2668431 -0.1432392 7.6267219 0.0051350 -0.0253712 -0.0041719 0.9996562
268.578500 -1.2729689 -0.1454841 7.7279954 -0.0030209 -0.0271245 -0.0015710 0.9996263
268.786700 -1.2780460 -0.1462408 7.8303213 -0.0044630 -0.0286386 0.0023095 0.9995772
269.724200 -1.3088166 -0.1563707 8.3141718 0.0064153 -0.0286133 0.0012563 0.9995692
270.974100 -1.3471082 -0.1746854 8.9861107 0.0033870 -0.0253970 -0.0026452 0.9996682
271.703000 -1.3671281 -0.1833495 9.3627434 -0.0010665 -0.0244256 -0.0027326 0.9996973
272.536200 -1.3862660 -0.1928477 9.7519741 0.0042751 -0.0226184 -0.0030931 0.9997302
273.057200 -1.3961506 -0.1983629 9.9852867 0.0035073 -0.0204604 0.0004418 0.9997844
273.474100 -1.4035065 -0.2032222 10.1701136 0.0044893 -0.0170084 0.0017678 0.9998437
273.890900 -1.4077960 -0.2081519 10.3559303 0.0173047 -0.0168497 0.0054770 0.9996933
274.307300 -1.4178082 -0.2161069 10.5404482 0.0087153 -0.0300476 0.0024640 0.9995074
274.619700 -1.4295136 -0.2187179 10.6816015 -0.0010081 -0.0411152 -0.0009840 0.9991534
274.724000 -1.4329385 -0.2196301 10.7276382 -0.0003953 -0.0440166 -0.0012983 0.9990299
275.037000 -1.4472406 -0.2215663 10.8745050 0.0036836 -0.0423932 -0.0043635 0.9990847
275.349900 -1.4587932 -0.2246867 11.0275297 0.0071531 -0.0394004 0.0021206 0.9991956
275.558400 -1.4669712 -0.2273223 11.1321297 0.0106887 -0.0378676 0.0026584 0.9992220
275.766900 -1.4757687 -0.2305701 11.2394867 0.0077487 -0.0367717 0.0010729 0.9992931
275.975400 -1.4834394 -0.2334413 11.3500977 0.0054922 -0.0360698 0.0027383 0.9993304
276.183900 -1.4915624 -0.2358892 11.4611835 0.0073508 -0.0353258 0.0055374 0.9993335
276.496500 -1.5039178 -0.2406871 11.6278076 0.0096775 -0.0349921 0.0050895 0.9993278
276.704900 -1.5125147 -0.2440866 11.7397032 0.0048226 -0.0344949 0.0039117 0.9993856
277.017400 -1.5251880 -0.2481067 11.9077797 0.0033281 -0.0340698 0.0022635 0.9994113
277.329900 -1.5368259 -0.2525962 12.0669212 0.0078182 -0.0336559 0.0018025 0.9994013
277.642400 -1.5469992 -0.2580457 12.2246161 0.0045603 -0.0333934 0.0049425 0.9994197
277.954900 -1.5585307 -0.2619224 12.3787107 0.0061711 -0.0326376 0.0005062 0.9994481
278.267400 -1.5686600 -0.2672321 12.5334482 0.0051134 -0.0324094 -0.0016117 0.9994603
278.684000 -1.5826387 -0.2724124 12.7293739 0.0036963 -0.0346658 -0.0005186 0.9993920
279.100400 -1.5976315 -0.2782895 12.9166775 0.0014290 -0.0373597 -0.0014988 0.9992998
279.516900 -1.6118665 -0.2824780 13.0913954 0.0010913 -0.0387801 -0.0023515 0.9992444
279.933500 -1.6256373 -0.2867317 13.2618237 0.0025452 -0.0393592 -0.0014266 0.9992208
280.142000 -1.6324071 -0.2890788 13.3461962 0.0041118 -0.0376648 -0.0037831 0.9992748
280.454600 -1.6425374 -0.2929998 13.4719458 0.0109894 -0.0343341 -0.0079192 0.9993186
280.663000 -1.6490282 -0.2962008 13.5562172 0.0104285 -0.0313069 -0.0104613 0.9994007
280.975600 -1.6563485 -0.3005904 13.6839390 0.0076331 -0.0266850 -0.0085868 0.9995779
281.184000 -1.6611094 -0.3031633 13.7695131 0.0069508 -0.0233836 -0.0079301 0.9996710
281.392400 -1.6649482 -0.3050248 13.8569212 0.0043873 -0.0199858 -0.0087401 0.9997524
281.600700 -1.6685467 -0.3070810 13.9463148 0.0060265 -0.0162201 -0.0102895 0.9997973
281.809300 -1.6712508 -0.3087726 14.0370779 0.0064007 -0.0122417 -0.0085271 0.9998682
282.017600 -1.6728351 -0.3111217 14.1302023 0.0068403 -0.0084189 -0.0066416 0.9999191
282.226000 -1.6743701 -0.3139694 14.2235880 0.0143064 -0.0044221 -0.0059751 0.9998700
282.434500 -1.6751933 -0.3174196 14.3204489 0.0092746 -0.0000667 -0.0067196 0.9999344
282.642900 -1.6749119 -0.3204113 14.4177551 0.0106290 0.0042416 -0.0067078 0.9999120
282.851200 -1.6737871 -0.3241855 14.5160494 0.0139241 0.0082713 -0.0072155 0.9998428
283.059600 -1.6719267 -0.3285292 14.6162157 0.0147751 0.0125957 -0.0072858 0.9997849
283.268000 -1.6684847 -0.3323545 14.7182798 0.0093159 0.0167760 -0.0068756 0.9997922
283.476400 -1.6648908 -0.3355646 14.8218012 0.0076909 0.0207473 -0.0062921 0.9997354
283.684800 -1.6605628 -0.3387368 14.9254246 0.0096571 0.0234321 -0.0038222 0.9996715
283.997100 -1.6534741 -0.3445969 15.0838575 0.0123314 0.0247727 -0.0039402 0.9996093
284.205400 -1.6485941 -0.3482800 15.1914749 0.0101784 0.0254459 -0.0038872 0.9996169
284.413600 -1.6431389 -0.3522444 15.2996750 0.0116346 0.0250937 -0.0022633 0.9996148
284.621900 -1.6383207 -0.3561371 15.4085131 0.0111882 0.0246714 -0.0018731 0.9996312
284.830100 -1.6333156 -0.3603221 15.5173473 0.0067555 0.0240170 -0.0003149 0.9996887
285.038200 -1.6285840 -0.3637191 15.6250534 0.0070116 0.0230763 0.0008141 0.9997088
285.246400 -1.6247294 -0.3673093 15.7318401 0.0088866 0.0222598 -0.0012655 0.9997119
285.454600 -1.6206713 -0.3712183 15.8387136 0.0088516 0.0208549 -0.0014901 0.9997422
285.662700 -1.6168773 -0.3751384 15.9454832 0.0083957 0.0196149 -0.0030333 0.9997678
285.871000 -1.6137776 -0.3792912 16.0508118 0.0090347 0.0182906 -0.0046097 0.9997813
286.079200 -1.6109574 -0.3833615 16.1558189 0.0082096 0.0165755 -0.0041468 0.9998203
286.287400 -1.6087096 -0.3869580 16.2594776 0.0129707 0.0144119 -0.0024599 0.9998090
286.495600 -1.6058465 -0.3909920 16.3639736 0.0054334 0.0124951 -0.0009541 0.9999067
286.703900 -1.6044145 -0.3934574 16.4668102 0.0002799 0.0118065 -0.0021809 0.9999279
286.912200 -1.6038270 -0.3959695 16.5683002 0.0063849 0.0113212 -0.0084881 0.9998795
287.120500 -1.6026331 -0.3993726 16.6685219 0.0082574 0.0108322 -0.0114578 0.9998416
287.328700 -1.6015921 -0.4023807 16.7685184 0.0048022 0.0100255 -0.0143758 0.9998349
287.537000 -1.6003468 -0.4052109 16.8666611 0.0048878 0.0082170 -0.0149131 0.9998431
