0.000000 0.0000000 0.0000000 0.0000000 0.0000000 0.0000000 0.0000000 1.0000000
0.207866 -0.0003623 -0.0012304 0.0550154 -0.0010768 0.0001260 -0.0025764 0.9999961
0.311727 -0.0006985 -0.0017883 0.0813165 -0.0009258 0.0003806 -0.0031794 0.9999945
0.415728 -0.0009256 -0.0022624 0.1076383 -0.0007448 0.0004319 -0.0042257 0.9999907
0.519601 -0.0008378 -0.0027523 0.1332029 -0.0006529 0.0005893 -0.0042119 0.9999908
0.623604 -0.0007509 -0.0033803 0.1580489 -0.0012110 0.0006654 -0.0043269 0.9999897
0.727601 -0.0011765 -0.0036501 0.1821453 -0.0025204 0.0011834 -0.0047826 0.9999847
0.935478 -0.0009771 -0.0044407 0.2277046 -0.0063549 0.0025226 -0.0042858 0.9999675
1.039479 -0.0007765 -0.0047470 0.2492652 -0.0075136 0.0029920 -0.0038983 0.9999597
1.143476 -0.0005118 -0.0049632 0.2698616 -0.0073408 0.0034486 -0.0041579 0.9999585
1.247351 -0.0005583 -0.0052824 0.2892781 -0.0061283 0.0040914 -0.0046284 0.9999622
1.351354 -0.0005769 -0.0053536 0.3080294 -0.0045858 0.0047020 -0.0046586 0.9999676
1.559353 0.0000605 -0.0058352 0.3422828 -0.0026859 0.0063465 -0.0018164 0.9999746
1.767351 0.0004507 -0.0064828 0.3723564 -0.0011203 0.0084195 -0.0031054 0.9999591
1.975354 0.0007933 -0.0071374 0.3982146 -0.0013741 0.0115959 -0.0054042 0.9999172
2.599102 0.0036219 -0.0081026 0.4513575 -0.0014301 0.0188128 0.0001956 0.9998220
2.807134 0.0037183 -0.0086095 0.4630264 -0.0008870 0.0210750 -0.0022930 0.9997749
3.223003 0.0050105 -0.0091233 0.4839374 0.0020460 0.0240487 -0.0014452 0.9997076
4.262355 0.0063854 -0.0102892 0.5281552 0.0095386 0.0153382 -0.0014085 0.9998358
4.885477 0.0040217 -0.0108655 0.5579191 0.0133259 -0.0216871 0.0000455 0.9996760
5.196627 -0.0004169 -0.0114358 0.5789909 0.0118833 -0.0577709 -0.0018043 0.9982575
5.818230 -0.0198098 -0.0126088 0.6312283 0.0007558 -0.1721649 -0.0065452 0.9850461
6.025500 -0.0310633 -0.0129502 0.6508472 -0.0052308 -0.2181689 -0.0084120 0.9758608
6.232877 -0.0451676 -0.0128523 0.6704989 -0.0096129 -0.2663292 -0.0117144 0.9637630
6.440381 -0.0623358 -0.0124392 0.6898302 -0.0106317 -0.3165897 -0.0144222 0.9483933
6.647753 -0.0834410 -0.0115089 0.7093501 -0.0125288 -0.3680446 -0.0165724 0.9295760
6.855255 -0.1083404 -0.0106078 0.7283888 -0.0143796 -0.4186738 -0.0161005 0.9078801
7.062878 -0.1371575 -0.0096315 0.7463510 -0.0175957 -0.4677906 -0.0132779 0.8835644
7.270484 -0.1699464 -0.0081578 0.7620254 -0.0178176 -0.5168355 -0.0131933 0.8557976
7.478107 -0.2063506 -0.0070165 0.7749762 -0.0203369 -0.5658064 -0.0097372 0.8242298
7.685730 -0.2473301 -0.0051314 0.7839308 -0.0219953 -0.6109312 -0.0106983 0.7913057
7.893780 -0.2920270 -0.0032957 0.7899614 -0.0261397 -0.6503381 -0.0106078 0.7591209
7.997735 -0.3157488 -0.0025627 0.7918272 -0.0270539 -0.6673018 -0.0103831 0.7442235
8.206103 -0.3655797 -0.0002765 0.7926342 -0.0229480 -0.6953056 -0.0095291 0.7182845
8.414610 -0.4194547 0.0021135 0.7910360 -0.0226237 -0.7129456 -0.0124786 0.7007433
8.519107 -0.4480617 0.0034056 0.7899491 -0.0250238 -0.7174413 -0.0141749 0.6960250
8.728004 -0.5079440 0.0059133 0.7871910 -0.0250780 -0.7215747 -0.0138694 0.6917432
8.936856 -0.5712014 0.0090502 0.7859304 -0.0299960 -0.7200777 -0.0047922 0.6932282
9.249857 -0.6716843 0.0130662 0.7831376 -0.0282818 -0.7152090 -0.0012996 0.6983370
9.354110 -0.7069730 0.0141825 0.7823173 -0.0237754 -0.7144345 0.0017126 0.6992962
9.562484 -0.7792616 0.0160588 0.7796181 -0.0151184 -0.7146591 0.0009731 0.6993089
9.770607 -0.8562895 0.0173077 0.7761159 -0.0152993 -0.7174413 -0.0092075 0.6963901
9.978746 -0.9363121 0.0204337 0.7729154 -0.0209371 -0.7194985 -0.0172201 0.6939647
10.186860 -1.0175245 0.0241346 0.7694358 -0.0247703 -0.7202795 -0.0194026 0.6929700
10.394860 -1.0990729 0.0278927 0.7656984 -0.0215149 -0.7219806 -0.0172867 0.6913626
10.602610 -1.1815166 0.0310098 0.7611837 -0.0181579 -0.7256377 -0.0137706 0.6876995
10.810480 -1.2658215 0.0341712 0.7553235 -0.0177674 -0.7301217 -0.0142787 0.6829368
11.018230 -1.3515506 0.0371774 0.7482655 -0.0191057 -0.7343197 -0.0187370 0.6782761
11.226110 -1.4367983 0.0410313 0.7402852 -0.0174672 -0.7367472 -0.0229118 0.6755542
11.434110 -1.5228323 0.0449440 0.7317514 -0.0158161 -0.7376876 -0.0252753 0.6744835
11.642000 -1.6098884 0.0485732 0.7231557 -0.0149434 -0.7385023 -0.0252656 0.6736116
11.849860 -1.6974533 0.0525980 0.7142035 -0.0113425 -0.7390565 -0.0265359 0.6730250
12.057860 -1.7858613 0.0563825 0.7053810 -0.0069534 -0.7388923 -0.0268872 0.6732510
12.265860 -1.8759105 0.0594897 0.6971416 -0.0093931 -0.7376989 -0.0299305 0.6744007
12.473860 -1.9653183 0.0635349 0.6887304 -0.0096030 -0.7362874 -0.0286161 0.6759953
12.681880 -2.0561342 0.0675855 0.6803527 -0.0067952 -0.7327409 -0.0324158 0.6797012
12.889860 -2.1472483 0.0717510 0.6731868 -0.0044896 -0.7286922 -0.0335830 0.6840026
13.097750 -2.2395201 0.0762882 0.6672887 -0.0044557 -0.7248201 -0.0321285 0.6881741
13.305610 -2.3328826 0.0802113 0.6631562 -0.0057891 -0.7210159 -0.0320593 0.6921523
13.513360 -2.4260378 0.0842042 0.6599547 -0.0056572 -0.7173675 -0.0321305 0.6959307
13.721240 -2.5195494 0.0873993 0.6570605 -0.0024709 -0.7142178 -0.0284232 0.6993417
13.928860 -2.6137674 0.0901589 0.6552538 -0.0036090 -0.7118008 -0.0286700 0.7017868
14.136490 -2.7085483 0.0931515 0.6539417 -0.0026346 -0.7108750 -0.0292160 0.7027063
14.343990 -2.8037698 0.0958994 0.6522992 -0.0023218 -0.7100896 -0.0300483 0.7034661
14.551490 -2.8992743 0.0989963 0.6508325 -0.0013070 -0.7094582 -0.0283449 0.7041761
14.758990 -2.9950936 0.1015567 0.6499085 -0.0033368 -0.7092542 -0.0265444 0.7044450
14.966480 -3.0913916 0.1038159 0.6490210 -0.0051451 -0.7091164 -0.0297646 0.7044442
15.070240 -3.1397915 0.1054896 0.6483234 -0.0041456 -0.7088518 -0.0304911 0.7046859
15.277740 -3.2351038 0.1082260 0.6475813 -0.0023070 -0.7088441 -0.0293442 0.7047508
15.381490 -3.2834764 0.1099439 0.6469159 -0.0028659 -0.7089080 -0.0280817 0.7047358
15.485240 -3.3317068 0.1115249 0.6468200 -0.0036671 -0.7090531 -0.0280823 0.7045861
15.588990 -3.3799336 0.1127498 0.6461771 -0.0049659 -0.7088826 -0.0289013 0.7047166
15.692760 -3.4276216 0.1141437 0.6457568 -0.0057347 -0.7086916 -0.0298552 0.7048631
15.900370 -3.5234427 0.1174676 0.6441957 -0.0047847 -0.7084391 -0.0293031 0.7051472
16.004120 -3.5710571 0.1190013 0.6436608 -0.0046610 -0.7083779 -0.0283775 0.7052473
16.211750 -3.6671021 0.1215082 0.6433434 -0.0075793 -0.7083521 -0.0287261 0.7052337
16.315610 -3.7151203 0.1232317 0.6432240 -0.0088782 -0.7083893 -0.0291896 0.7051622
16.523240 -3.8118818 0.1270141 0.6416523 -0.0090309 -0.7077863 -0.0314467 0.7056686
16.730870 -3.9071901 0.1302755 0.6406970 -0.0058734 -0.7077069 -0.0314598 0.7057809
16.938510 -4.0030794 0.1341656 0.6391482 -0.0039909 -0.7073237 -0.0305680 0.7062173
17.146160 -4.0984445 0.1369522 0.6388281 -0.0056245 -0.7073956 -0.0309987 0.7061154
17.249990 -4.1467595 0.1385111 0.6384290 -0.0067666 -0.7072643 -0.0315505 0.7062124
17.457660 -4.2430081 0.1422720 0.6378630 -0.0043216 -0.7077128 -0.0338053 0.7056777
17.561490 -4.2921715 0.1438063 0.6370611 -0.0028188 -0.7076033 -0.0352084 0.7057266
17.769110 -4.3905830 0.1474547 0.6361433 0.0002563 -0.7080634 -0.0326318 0.7053944
17.976860 -4.4905109 0.1507683 0.6351588 -0.0017987 -0.7084738 -0.0294635 0.7051195
18.184490 -4.5915041 0.1541029 0.6342049 -0.0045135 -0.7088740 -0.0308214 0.7046469
18.392110 -4.6932011 0.1572511 0.6333875 -0.0038468 -0.7093945 -0.0287466 0.7042147
18.599610 -4.7960939 0.1605839 0.6321152 -0.0021436 -0.7100756 -0.0268807 0.7036089
18.807240 -4.9009266 0.1641315 0.6299664 -0.0017827 -0.7101401 -0.0313183 0.7033612
19.014760 -5.0061340 0.1679440 0.6275115 0.0016874 -0.7100123 -0.0370839 0.7032101
19.222390 -5.1119275 0.1718423 0.6253455 0.0048834 -0.7100013 -0.0377473 0.7031710
19.326140 -5.1648006 0.1731442 0.6241097 0.0049774 -0.7101216 -0.0377041 0.7030512
19.429870 -5.2178073 0.1749565 0.6232292 0.0045470 -0.7103674 -0.0364713 0.7028708
19.533490 -5.2703214 0.1763235 0.6224977 0.0043315 -0.7105382 -0.0368280 0.7026808
19.637240 -5.3232064 0.1782372 0.6216458 0.0024924 -0.7107143 -0.0384774 0.7024233
19.844740 -5.4280510 0.1817585 0.6200290 0.0012559 -0.7109444 -0.0393552 0.7021450
20.052370 -5.5329428 0.1855197 0.6182201 0.0014968 -0.7102627 -0.0382813 0.7028935
20.156120 -5.5850730 0.1873346 0.6176193 0.0017948 -0.7100329 -0.0379314 0.7031438
20.363770 -5.6898794 0.1911117 0.6159533 0.0001643 -0.7092022 -0.0404073 0.7038463
20.571360 -5.7935953 0.1953329 0.6143818 0.0021713 -0.7082925 -0.0409847 0.7047250
20.778890 -5.8975263 0.1988321 0.6135312 0.0023338 -0.7083825 -0.0379929 0.7048016
20.986240 -6.0011406 0.2015094 0.6126397 0.0006437 -0.7085667 -0.0366289 0.7046922
21.193740 -6.1038899 0.2050470 0.6114850 0.0002114 -0.7086347 -0.0351380 0.7047001
21.401240 -6.2074423 0.2089148 0.6105766 -0.0026101 -0.7087906 -0.0349393 0.7045483
21.608750 -6.3104005 0.2131346 0.6094213 -0.0024851 -0.7090235 -0.0340571 0.7043575
21.816370 -6.4136801 0.2174587 0.6077659 -0.0042452 -0.7084772 -0.0401992 0.7045751
22.023870 -6.5161443 0.2216234 0.6059058 -0.0002013 -0.7074893 -0.0418138 0.7054860
22.231490 -6.6181259 0.2254264 0.6048377 0.0037575 -0.7066666 -0.0408099 0.7063588
22.439020 -6.7195969 0.2287343 0.6041948 0.0034661 -0.7064015 -0.0349783 0.7069381
22.646620 -6.8219972 0.2316289 0.6040525 0.0004621 -0.7069624 -0.0317923 0.7065361
22.854240 -6.9239473 0.2347013 0.6036121 -0.0023737 -0.7060187 -0.0358472 0.7072814
23.061870 -7.0261850 0.2385803 0.6030939 -0.0001319 -0.7049892 -0.0356061 0.7083237
23.269370 -7.1276097 0.2417463 0.6030568 -0.0003159 -0.7045641 -0.0349552 0.7087789
23.373250 -7.1773906 0.2437744 0.6027721 0.0003766 -0.7038340 -0.0343232 0.7095347
23.580990 -7.2728610 0.2462226 0.6028487 -0.0004813 -0.7025946 -0.0361390 0.7106719
23.684740 -7.3185134 0.2475742 0.6028189 -0.0006190 -0.7023145 -0.0370454 0.7109019
23.892370 -7.4082613 0.2501945 0.6036170 -0.0014922 -0.7022516 -0.0376285 0.7109323
24.100000 -7.4918861 0.2525581 0.6038656 -0.0007922 -0.7015037 -0.0377732 0.7116637
24.307750 -7.5718989 0.2547846 0.6047267 -0.0008128 -0.7012840 -0.0372329 0.7119086
24.515240 -7.6495643 0.2568695 0.6053176 0.0004758 -0.7043520 -0.0340242 0.7090348
24.722870 -7.7270970 0.2589222 0.6046863 0.0030554 -0.7075091 -0.0342359 0.7058678
24.930500 -7.8045106 0.2611338 0.6037841 0.0024402 -0.7092334 -0.0353352 0.7040834
25.138140 -7.8813992 0.2635530 0.6027611 0.0001862 -0.7102729 -0.0343763 0.7030866
25.241990 -7.9193163 0.2645870 0.6021541 0.0008240 -0.7106315 -0.0343209 0.7027262
25.345870 -7.9572511 0.2656780 0.6014014 0.0017011 -0.7108560 -0.0344811 0.7024897
25.449750 -7.9953485 0.2668805 0.6004004 0.0033490 -0.7106696 -0.0355454 0.7026194
25.657500 -8.0720463 0.2689435 0.5990320 0.0056772 -0.7101519 -0.0348678 0.7031617
25.865370 -8.1489286 0.2708033 0.5977225 0.0066287 -0.7096306 -0.0338514 0.7037290
25.969250 -8.1880894 0.2717595 0.5971736 0.0047235 -0.7093840 -0.0339332 0.7039890
26.073140 -8.2274952 0.2726645 0.5968538 0.0039801 -0.7094185 -0.0342087 0.7039456
26.177120 -8.2668486 0.2735493 0.5967493 0.0034552 -0.7093554 -0.0312043 0.7041515
26.281000 -8.3065252 0.2745816 0.5964074 0.0040246 -0.7094517 -0.0295709 0.7041219
26.384870 -8.3466072 0.2759116 0.5955051 0.0055179 -0.7090580 -0.0311926 0.7044383
26.488870 -8.3869638 0.2768359 0.5949694 0.0045687 -0.7084551 -0.0330981 0.7049645
26.592750 -8.4274054 0.2778370 0.5947015 0.0038559 -0.7078220 -0.0321152 0.7056499
26.696750 -8.4684286 0.2793640 0.5944897 0.0030297 -0.7070467 -0.0318376 0.7064433
26.800630 -8.5099840 0.2803820 0.5942091 0.0015104 -0.7063767 -0.0340376 0.7070156
26.904610 -8.5520496 0.2818496 0.5940269 -0.0007328 -0.7056632 -0.0345769 0.7077029
27.008490 -8.5943680 0.2836492 0.5943220 -0.0010314 -0.7053445 -0.0343690 0.7080303
27.112500 -8.6369085 0.2853501 0.5940259 -0.0000006 -0.7044262 -0.0358324 0.7088721
27.216490 -8.6799231 0.2869780 0.5936869 0.0003947 -0.7031058 -0.0376119 0.7100897
27.320600 -8.7231169 0.2887455 0.5937416 0.0008153 -0.7016783 -0.0378955 0.7114850
27.424600 -8.7666578 0.2903185 0.5941855 0.0027820 -0.7007606 -0.0381228 0.7123717
27.528600 -8.8101549 0.2918880 0.5946161 0.0037711 -0.6997206 -0.0369227 0.7134519
27.632500 -8.8540802 0.2933574 0.5953882 0.0038681 -0.6991748 -0.0363720 0.7140145
27.736480 -8.8983622 0.2949626 0.5958744 0.0033761 -0.6984839 -0.0372739 0.7146464
27.840470 -8.9429979 0.2965091 0.5965592 0.0028148 -0.6978887 -0.0389555 0.7151405
27.944280 -8.9880934 0.2981418 0.5974515 0.0029096 -0.6973753 -0.0388896 0.7156444
28.048120 -9.0335770 0.2999787 0.5985597 0.0035480 -0.6971155 -0.0373360 0.7159772
28.152000 -9.0788059 0.3013397 0.5999016 0.0033111 -0.6973124 -0.0351223 0.7158987
28.255750 -9.1250610 0.3026760 0.6008399 0.0030240 -0.6972725 -0.0340537 0.7159904
28.359620 -9.1711311 0.3040894 0.6016762 0.0034861 -0.6971917 -0.0338916 0.7160746
28.463500 -9.2179508 0.3054923 0.6030309 0.0033449 -0.6971118 -0.0335933 0.7161672
28.671140 -9.3130074 0.3084453 0.6042510 0.0034094 -0.6968448 -0.0359847 0.7163106
28.774870 -9.3608885 0.3096763 0.6049665 0.0028348 -0.6969456 -0.0368875 0.7161690
28.982390 -9.4568367 0.3128653 0.6065366 0.0027959 -0.6972817 -0.0390699 0.7157262
29.086020 -9.5054855 0.3144627 0.6070699 0.0040798 -0.6975755 -0.0395940 0.7154049
29.189620 -9.5544453 0.3163315 0.6081229 0.0052288 -0.6981328 -0.0373479 0.7149743
29.397000 -9.6528606 0.3192022 0.6096745 0.0061905 -0.6994855 -0.0308221 0.7139549
29.500870 -9.7023144 0.3200449 0.6108772 0.0037591 -0.7004761 -0.0287284 0.7130874
29.604400 -9.7527609 0.3212250 0.6116031 0.0007681 -0.7012115 -0.0286024 0.7123790
29.707990 -9.8029289 0.3227485 0.6122994 -0.0007097 -0.7019691 -0.0286571 0.7116303
29.811770 -9.8537521 0.3239611 0.6126392 -0.0012279 -0.7026947 -0.0279058 0.7109430
29.915440 -9.9047928 0.3254527 0.6125759 -0.0014197 -0.7033638 -0.0281616 0.7102706
30.019240 -9.9559851 0.3268490 0.6129462 -0.0023831 -0.7041465 -0.0285045 0.7094783
30.123000 -10.0072994 0.3283754 0.6128740 -0.0026162 -0.7049038 -0.0279597 0.7087469
30.226940 -10.0596247 0.3297856 0.6127310 -0.0022745 -0.7057230 -0.0274731 0.7079514
30.434250 -10.1648893 0.3329140 0.6119741 -0.0023158 -0.7073052 -0.0279386 0.7063522
30.641770 -10.2701111 0.3361274 0.6105560 -0.0021807 -0.7087001 -0.0290670 0.7049074
30.849370 -10.3768053 0.3393478 0.6090807 -0.0017953 -0.7099629 -0.0312583 0.7035428
31.057000 -10.4836121 0.3427839 0.6072597 -0.0007611 -0.7101233 -0.0324812 0.7033273
31.264640 -10.5896673 0.3458684 0.6063862 -0.0013304 -0.7102411 -0.0303224 0.7033039
31.472250 -10.6956787 0.3487923 0.6040587 -0.0019306 -0.7101762 -0.0299610 0.7033836
31.783750 -10.8540392 0.3533328 0.6020205 -0.0038518 -0.7098671 -0.0291146 0.7037231
31.991390 -10.9594250 0.3565082 0.6007693 -0.0086854 -0.7099292 -0.0284110 0.7036461
32.198870 -11.0639887 0.3603808 0.5994438 -0.0092646 -0.7098424 -0.0282696 0.7037320
32.510130 -11.2228422 0.3656100 0.5961866 -0.0075139 -0.7096304 -0.0358198 0.7036229
32.925130 -11.4286919 0.3731402 0.5934116 -0.0044157 -0.7099690 -0.0292028 0.7036133
33.132660 -11.5324478 0.3760407 0.5925448 -0.0069665 -0.7091227 -0.0291779 0.7044467
33.340130 -11.6362906 0.3799592 0.5911425 -0.0075442 -0.7082783 -0.0312415 0.7052013
33.651380 -11.7919607 0.3857099 0.5898679 -0.0065767 -0.7076561 -0.0314256 0.7058272
33.858780 -11.8955145 0.3890176 0.5894254 -0.0063468 -0.7076582 -0.0307982 0.7058548
34.066120 -11.9984655 0.3928221 0.5882643 -0.0059349 -0.7074014 -0.0310861 0.7061032
34.273670 -12.1021891 0.3967854 0.5874605 -0.0055215 -0.7073618 -0.0302389 0.7061830
34.481200 -12.2058420 0.3998132 0.5864013 -0.0035308 -0.7074549 -0.0287353 0.7061653
34.584900 -12.2573624 0.4013316 0.5860236 -0.0024536 -0.7076732 -0.0289250 0.7059433
34.792390 -12.3606768 0.4044650 0.5849977 -0.0006549 -0.7078913 -0.0315996 0.7056139
34.999910 -12.4654713 0.4077858 0.5835648 0.0008443 -0.7079580 -0.0338458 0.7054426
35.207440 -12.5695381 0.4106701 0.5827038 0.0014086 -0.7083909 -0.0314304 0.7051188
35.311160 -12.6214962 0.4122323 0.5821361 0.0006101 -0.7087951 -0.0302353 0.7047659
35.414960 -12.6738424 0.4134441 0.5817378 -0.0009405 -0.7090892 -0.0302591 0.7044686
35.518630 -12.7261887 0.4150140 0.5817183 -0.0016551 -0.7094817 -0.0302012 0.7040744
35.622390 -12.7786646 0.4163226 0.5807412 -0.0012771 -0.7096209 -0.0303957 0.7039266
35.830060 -12.8835363 0.4189031 0.5792786 -0.0003997 -0.7094753 -0.0303854 0.7040749
35.933810 -12.9362040 0.4200230 0.5786459 -0.0009589 -0.7091537 -0.0296210 0.7044308
36.141310 -13.0420237 0.4228547 0.5782766 -0.0037070 -0.7091888 -0.0281409 0.7044470
36.245020 -13.0947170 0.4242090 0.5776771 -0.0046316 -0.7090319 -0.0277556 0.7046148
36.352500 -13.1477919 0.4256044 0.5770004 -0.0050823 -0.7087569 -0.0274453 0.7049004
36.452950 -13.2010822 0.4271786 0.5766202 -0.0049289 -0.7086703 -0.0271453 0.7050002
36.556280 -13.2542362 0.4284726 0.5763871 -0.0048369 -0.7085151 -0.0283141 0.7051108
36.660070 -13.3077707 0.4301830 0.5757462 -0.0047589 -0.7078816 -0.0297083 0.7056900
36.763780 -13.3611298 0.4320355 0.5752493 -0.0043230 -0.7072557 -0.0305152 0.7062857
36.867690 -13.4144068 0.4340021 0.5748281 -0.0035280 -0.7066132 -0.0318109 0.7068757
36.971410 -13.4681301 0.4359619 0.5742922 -0.0033850 -0.7059568 -0.0335586 0.7074513
37.076740 -13.5217686 0.4378834 0.5738550 -0.0038964 -0.7055975 -0.0360709 0.7076834
37.178810 -13.5756588 0.4400038 0.5735781 -0.0041130 -0.7055304 -0.0376975 0.7076644
37.282530 -13.6292143 0.4423226 0.5732231 -0.0035950 -0.7054004 -0.0398244 0.7076803
37.386270 -13.6825342 0.4454062 0.5728284 -0.0021230 -0.7052597 -0.0422662 0.7076849
37.490080 -13.7351170 0.4472506 0.5725073 -0.0008496 -0.7050960 -0.0439439 0.7077484
37.593780 -13.7877588 0.4494218 0.5723484 0.0016988 -0.7052128 -0.0421003 0.7077425
37.697550 -13.8403130 0.4510980 0.5723767 0.0042563 -0.7054046 -0.0399984 0.7076626
37.801450 -13.8934021 0.4532717 0.5720097 0.0047444 -0.7055758 -0.0401424 0.7074807
37.905190 -13.9466801 0.4554962 0.5719652 0.0036484 -0.7055979 -0.0406613 0.7074354
38.008910 -13.9996996 0.4575861 0.5714551 0.0039614 -0.7053090 -0.0413004 0.7076848
38.112650 -14.0524597 0.4597476 0.5717298 0.0033346 -0.7053781 -0.0420276 0.7075764
38.216530 -14.1045055 0.4615037 0.5714126 0.0016543 -0.7054541 -0.0429904 0.7074487
38.320400 -14.1555862 0.4632708 0.5712437 0.0006980 -0.7054850 -0.0432124 0.7074059
38.424230 -14.2073612 0.4655127 0.5707359 0.0009766 -0.7052667 -0.0439642 0.7075769
38.528030 -14.2580910 0.4675346 0.5704319 0.0020988 -0.7053382 -0.0437111 0.7075189
38.631840 -14.3081894 0.4694806 0.5698898 0.0037514 -0.7052652 -0.0438185 0.7075781
38.839480 -14.4068069 0.4730450 0.5699033 0.0025804 -0.7054569 -0.0447523 0.7073339
38.943260 -14.4561329 0.4748341 0.5695766 0.0011789 -0.7053790 -0.0452631 0.7073827
39.047110 -14.5041428 0.4769801 0.5693739 -0.0004190 -0.7053514 -0.0451976 0.7074153
39.150880 -14.5509901 0.4789294 0.5695128 -0.0015878 -0.7056326 -0.0464690 0.7070507
39.358510 -14.6429348 0.4831060 0.5690871 -0.0004271 -0.7061815 -0.0453330 0.7065780
39.566010 -14.7325335 0.4863381 0.5678875 0.0085027 -0.7068853 -0.0382488 0.7062421
39.773500 -14.8213854 0.4877684 0.5673414 0.0088816 -0.7075840 -0.0379847 0.7055517
39.981010 -14.9105635 0.4907930 0.5658424 0.0049926 -0.7073889 -0.0427952 0.7055102
40.084760 -14.9535379 0.4922557 0.5652788 0.0044987 -0.7073356 -0.0441160 0.7054856
40.292250 -15.0374689 0.4953006 0.5641162 0.0056617 -0.7065175 -0.0480255 0.7060415
40.396000 -15.0778980 0.4966232 0.5635353 0.0070768 -0.7056552 -0.0489561 0.7068267
40.499880 -15.1172066 0.4983626 0.5632601 0.0088288 -0.7044660 -0.0482969 0.7080376
40.603750 -15.1555014 0.4995817 0.5631325 0.0102998 -0.7030380 -0.0476800 0.7094774
40.707630 -15.1922398 0.5004215 0.5633526 0.0112084 -0.7011767 -0.0464045 0.7113875
40.811500 -15.2280855 0.5013098 0.5639732 0.0124384 -0.6982649 -0.0455163 0.7142826
40.915500 -15.2623549 0.5018952 0.5650126 0.0133017 -0.6937610 -0.0440746 0.7187324
41.019630 -15.2958508 0.5026141 0.5666503 0.0138085 -0.6874974 -0.0431131 0.7247744
41.123900 -15.3280153 0.5029151 0.5692993 0.0131447 -0.6796106 -0.0418130 0.7322625
41.332160 -15.3880157 0.5035518 0.5766377 0.0098220 -0.6595829 -0.0395904 0.7505242
41.540630 -15.4438534 0.5040909 0.5878143 0.0045941 -0.6346586 -0.0384961 0.7718195
41.749040 -15.4956160 0.5046570 0.6028743 -0.0013793 -0.6054780 -0.0369645 0.7950019
41.957750 -15.5435019 0.5056087 0.6211557 -0.0025434 -0.5706348 -0.0337755 0.8205051
42.166280 -15.5889950 0.5069547 0.6438227 -0.0027176 -0.5293603 -0.0319652 0.8477904
42.374880 -15.6302795 0.5070834 0.6712036 -0.0035813 -0.4860258 -0.0264466 0.8735369
42.583250 -15.6696815 0.5072482 0.7022510 -0.0015838 -0.4412639 -0.0249280 0.8970297
42.791610 -15.7058601 0.5081604 0.7380543 -0.0052671 -0.3969039 -0.0244555 0.9175192
42.999850 -15.7394075 0.5082139 0.7778831 -0.0076126 -0.3522122 -0.0229982 0.9356066
43.208100 -15.7705603 0.5086661 0.8214126 -0.0071873 -0.3073537 -0.0241530 0.9512616
43.416010 -15.7978115 0.5093582 0.8697743 -0.0059335 -0.2648246 -0.0173359 0.9641225
43.624130 -15.8228407 0.5095792 0.9217229 -0.0019619 -0.2247211 -0.0155326 0.9742973
43.831930 -15.8450117 0.5096968 0.9781904 -0.0003151 -0.1869400 -0.0153359 0.9822516
43.935770 -15.8553076 0.5094004 1.0079789 -0.0005828 -0.1683393 -0.0180894 0.9855629
44.039730 -15.8650379 0.5093055 1.0388689 -0.0002090 -0.1502168 -0.0202604 0.9884454
44.143640 -15.8735552 0.5090743 1.0706460 0.0019545 -0.1332694 -0.0214811 0.9908451
44.247500 -15.8814878 0.5087565 1.1033483 0.0041010 -0.1176453 -0.0225341 0.9927915
44.351260 -15.8890915 0.5083447 1.1369712 0.0060887 -0.1039672 -0.0253077 0.9942400
44.558770 -15.9021597 0.5070717 1.2080925 0.0067460 -0.0831340 -0.0301196 0.9960603
44.662410 -15.9082031 0.5066321 1.2455943 0.0066840 -0.0741615 -0.0333095 0.9966674
44.766040 -15.9133921 0.5058302 1.2831509 0.0065290 -0.0655533 -0.0358598 0.9971831
44.869760 -15.9184399 0.5051793 1.3220974 0.0065312 -0.0563607 -0.0377124 0.9976766
45.077340 -15.9259453 0.5035994 1.4017897 0.0060930 -0.0397699 -0.0390348 0.9984275
45.284520 -15.9316387 0.5020208 1.4848495 0.0062075 -0.0290810 -0.0375232 0.9988532
45.491890 -15.9358702 0.4996117 1.5687063 0.0071312 -0.0228672 -0.0374730 0.9990105
45.699250 -15.9404545 0.4974684 1.6572614 0.0072417 -0.0171251 -0.0378445 0.9991106
45.906670 -15.9422894 0.4950277 1.7458820 0.0048840 -0.0144532 -0.0351638 0.9992651
46.114350 -15.9454155 0.4932010 1.8375343 0.0022727 -0.0125242 -0.0339066 0.9993439
46.321590 -15.9478951 0.4911581 1.9289383 0.0017452 -0.0108073 -0.0332224 0.9993880
46.529050 -15.9500217 0.4893598 2.0203280 0.0020265 -0.0090212 -0.0320708 0.9994428
46.736530 -15.9520273 0.4876124 2.1122930 0.0022691 -0.0058610 -0.0311106 0.9994962
46.944200 -15.9532700 0.4859753 2.2047007 0.0010781 -0.0030846 -0.0294574 0.9995607
47.151660 -15.9545422 0.4841890 2.2959828 0.0008034 -0.0010686 -0.0294274 0.9995660
47.359280 -15.9554987 0.4821094 2.3869421 0.0017780 0.0005924 -0.0295055 0.9995629
47.670630 -15.9556694 0.4793921 2.5214603 0.0002090 0.0032865 -0.0291581 0.9995694
48.085760 -15.9555607 0.4762254 2.6934149 0.0000031 0.0067643 -0.0287875 0.9995627
48.293380 -15.9552584 0.4749489 2.7767701 0.0015044 0.0083674 -0.0296137 0.9995252
48.501010 -15.9546080 0.4729425 2.8577185 0.0024396 0.0109235 -0.0304896 0.9994724
48.812510 -15.9522305 0.4697117 2.9767356 0.0013012 0.0166478 -0.0310017 0.9993798
49.020310 -15.9503136 0.4684148 3.0536928 0.0013048 0.0235990 -0.0317464 0.9992165
49.332130 -15.9430094 0.4656350 3.1636815 0.0013551 0.0414417 -0.0339543 0.9985629
49.644280 -15.9305239 0.4630234 3.2677460 0.0010102 0.0694014 -0.0333674 0.9970301
49.956630 -15.9105091 0.4597617 3.3650725 0.0001743 0.1066074 -0.0226309 0.9940436
50.269010 -15.8817539 0.4566240 3.4547119 0.0050073 0.1522002 -0.0090638 0.9882954
50.477410 -15.8582067 0.4548147 3.5123987 0.0055932 0.1868218 -0.0018309 0.9823762
50.789760 -15.8180132 0.4517500 3.5909693 0.0065173 0.2443531 0.0008649 0.9696640
50.998130 -15.7872763 0.4498297 3.6386180 0.0101129 0.2874604 -0.0027573 0.9577352
51.310890 -15.7316456 0.4463137 3.7010541 0.0144753 0.3610255 0.0007734 0.9324433
51.519130 -15.6892776 0.4439142 3.7386765 0.0144384 0.4092543 0.0013322 0.9123051
51.727410 -15.6437578 0.4409360 3.7717257 0.0146328 0.4557021 -0.0011218 0.8900114
51.831530 -15.6198425 0.4399675 3.7864933 0.0151928 0.4780783 -0.0025307 0.8781822
52.039510 -15.5700836 0.4371728 3.8128877 0.0173527 0.5191625 -0.0041601 0.8544892
52.247260 -15.5166016 0.4342912 3.8354340 0.0145391 0.5545557 -0.0056831 0.8320002
52.454910 -15.4599953 0.4316757 3.8547082 0.0098154 0.5854084 -0.0041421 0.8106685
52.662510 -15.4009342 0.4289300 3.8699782 0.0103383 0.6123115 -0.0036128 0.7905408
52.973760 -15.3060322 0.4256662 3.8878808 0.0083110 0.6472379 -0.0062291 0.7622173
53.181170 -15.2397099 0.4236146 3.8955021 0.0092825 0.6648784 -0.0038364 0.7468840
53.388390 -15.1710711 0.4214933 3.9010224 0.0106608 0.6766852 -0.0026881 0.7361904
53.595760 -15.0985222 0.4198255 3.9063227 0.0093699 0.6854687 -0.0020377 0.7280389
53.803010 -15.0241728 0.4175004 3.9093423 0.0085675 0.6925868 0.0000351 0.7212836
53.906760 -14.9866610 0.4163308 3.9105678 0.0085695 0.6962314 0.0000570 0.7177662
54.114140 -14.9075422 0.4144953 3.9122241 0.0081678 0.7028295 -0.0006095 0.7113112
54.217890 -14.8674612 0.4136896 3.9121239 0.0092073 0.7057319 -0.0001324 0.7084191
54.425390 -14.7858238 0.4116296 3.9116871 0.0105630 0.7110142 0.0010402 0.7030975
54.632760 -14.7024412 0.4094104 3.9095430 0.0104973 0.7156712 0.0016745 0.6983564
54.840260 -14.6173534 0.4070027 3.9065197 0.0106116 0.7204562 0.0028862 0.6934132
55.047640 -14.5308371 0.4048212 3.9018228 0.0133453 0.7236957 0.0047138 0.6899741
55.255140 -14.4437571 0.4026624 3.8971024 0.0152859 0.7253212 0.0063618 0.6882115
55.462510 -14.3565931 0.4003725 3.8924713 0.0194329 0.7261187 0.0051268 0.6872755
55.669890 -14.2682142 0.3972285 3.8871627 0.0227451 0.7256592 0.0048837 0.6876609
55.877270 -14.1793327 0.3941889 3.8826718 0.0228918 0.7244264 0.0069563 0.6889368
56.084780 -14.0916681 0.3906612 3.8785079 0.0235394 0.7222643 0.0075653 0.6911750
56.188510 -14.0474520 0.3884196 3.8764496 0.0242562 0.7206696 0.0085674 0.6928012
56.395890 -13.9596434 0.3853690 3.8741505 0.0244440 0.7166609 0.0091053 0.6969339
56.603390 -13.8728867 0.3826403 3.8724618 0.0242532 0.7120073 0.0086236 0.7017000
56.810890 -13.7872581 0.3787823 3.8724813 0.0231416 0.7078102 0.0083862 0.7059737
56.914760 -13.7441883 0.3772084 3.8727100 0.0233787 0.7061729 0.0072456 0.7076163
57.122390 -13.6582069 0.3739306 3.8731904 0.0230279 0.7044701 0.0058223 0.7093361
57.329890 -13.5735750 0.3702732 3.8736722 0.0227219 0.7030726 0.0053500 0.7107348
57.537640 -13.4884462 0.3671082 3.8749986 0.0220591 0.7026659 0.0043688 0.7111644
57.641390 -13.4460649 0.3651651 3.8755221 0.0214644 0.7026182 0.0041638 0.7112311
57.849010 -13.3617811 0.3615617 3.8767138 0.0198784 0.7028123 0.0034401 0.7110892
57.952890 -13.3199043 0.3597207 3.8770483 0.0193985 0.7035161 0.0027390 0.7104093
58.056770 -13.2780542 0.3581831 3.8776057 0.0192572 0.7048273 0.0021005 0.7091144
58.160640 -13.2359324 0.3564283 3.8779478 0.0190284 0.7062024 0.0021746 0.7077509
58.264510 -13.1944189 0.3544922 3.8782134 0.0188688 0.7074947 0.0025703 0.7064621
58.472270 -13.1113625 0.3507738 3.8778484 0.0196536 0.7097225 0.0026716 0.7042021
58.679890 -13.0277014 0.3476924 3.8767793 0.0192379 0.7110121 0.0029664 0.7029103
58.887510 -12.9450560 0.3444831 3.8754573 0.0199193 0.7117087 0.0036050 0.7021830
59.095140 -12.8619127 0.3411457 3.8741281 0.0215601 0.7109290 0.0043967 0.7029195
59.198890 -12.8208618 0.3394107 3.8738627 0.0224603 0.7102016 0.0046506 0.7036246
59.406390 -12.7384596 0.3359917 3.8741615 0.0232955 0.7078699 0.0048581 0.7059419
59.613890 -12.6567574 0.3325318 3.8745522 0.0221577 0.7052431 0.0056855 0.7085965
59.821390 -12.5754929 0.3288813 3.8751531 0.0196695 0.7030811 0.0073092 0.7107999
60.029020 -12.4945221 0.3260963 3.8769209 0.0177900 0.7016732 0.0075175 0.7122371
60.236640 -12.4132986 0.3236688 3.8783226 0.0184318 0.7011021 0.0063664 0.7127942
60.444270 -12.3354502 0.3203645 3.8800783 0.0182503 0.7016548 0.0050362 0.7122655
60.651890 -12.2554283 0.3180987 3.8812299 0.0186653 0.7016271 0.0053853 0.7122795
60.755770 -12.2146950 0.3168165 3.8825848 0.0182233 0.7015716 0.0055594 0.7123442
60.859520 -12.1753721 0.3156251 3.8835843 0.0179936 0.7013018 0.0055057 0.7126161
60.963390 -12.1361561 0.3139638 3.8843446 0.0178426 0.7009340 0.0055759 0.7129811
61.067140 -12.0967016 0.3121885 3.8853786 0.0173293 0.7008814 0.0047949 0.7130511
61.171010 -12.0568495 0.3107715 3.8861587 0.0174515 0.7008890 0.0045147 0.7130426
61.274900 -12.0178337 0.3093120 3.8873591 0.0174821 0.7009389 0.0041340 0.7129951
61.378770 -11.9785986 0.3077010 3.8881049 0.0181395 0.7004088 0.0047015 0.7134959
61.586390 -11.8993330 0.3044307 3.8904126 0.0187079 0.6980466 0.0041613 0.7157958
61.794160 -11.8201971 0.3010929 3.8938887 0.0177757 0.6965187 0.0021834 0.7173151
62.105890 -11.7001200 0.2964329 3.8983989 0.0171241 0.6942842 0.0010157 0.7194964
62.313640 -11.6188869 0.2931917 3.9024913 0.0173336 0.6933785 -0.0013584 0.7203637
62.521540 -11.5367746 0.2897559 3.9061329 0.0176777 0.6927270 -0.0037724 0.7209733
62.729390 -11.4525890 0.2859732 3.9096942 0.0149051 0.6938898 -0.0039619 0.7199160
62.937280 -11.3681259 0.2822171 3.9130552 0.0145810 0.6962139 -0.0052697 0.7176669
63.145270 -11.2831421 0.2784998 3.9153364 0.0149599 0.6995390 -0.0065790 0.7144075
63.353270 -11.1973286 0.2748317 3.9162176 0.0141250 0.7044519 -0.0064662 0.7095817
63.665150 -11.0657835 0.2691710 3.9156539 0.0147943 0.7113466 -0.0048920 0.7026687
63.873020 -10.9776554 0.2652836 3.9139769 0.0147243 0.7136951 -0.0029425 0.7002956
64.080650 -10.8891211 0.2614749 3.9125533 0.0145161 0.7149639 -0.0018698 0.6990082
64.288390 -10.8020658 0.2576268 3.9111485 0.0145658 0.7161913 -0.0022720 0.6977483
64.496140 -10.7156162 0.2545548 3.9089773 0.0151497 0.7172178 -0.0013591 0.6966830
64.703900 -10.6311808 0.2506485 3.9071112 0.0154234 0.7185585 -0.0010507 0.6952946
64.911650 -10.5469599 0.2470478 3.9041102 0.0146850 0.7211432 -0.0008723 0.6926298
65.223270 -10.4231234 0.2415603 3.8975389 0.0184676 0.7246118 0.0000316 0.6889098
65.431020 -10.3416071 0.2378219 3.8926129 0.0199135 0.7254796 0.0024513 0.6879511
65.638770 -10.2604074 0.2345062 3.8884304 0.0197475 0.7250383 0.0050882 0.6884066
65.846290 -10.1801577 0.2313793 3.8848884 0.0223527 0.7230165 0.0046622 0.6904534
66.053900 -10.0999146 0.2281149 3.8823113 0.0233521 0.7192211 0.0058474 0.6943641
66.261390 -10.0198088 0.2245098 3.8806772 0.0231539 0.7140215 0.0076262 0.6996992
66.469020 -9.9389181 0.2217837 3.8797967 0.0217223 0.7084782 0.0097334 0.7053311
66.676650 -9.8586454 0.2188648 3.8807824 0.0227354 0.7027496 0.0083109 0.7110254
66.884270 -9.7778797 0.2151451 3.8834512 0.0219679 0.6968344 0.0074066 0.7168573
67.091770 -9.6963854 0.2122048 3.8879890 0.0199766 0.6911959 0.0059143 0.7223670
67.299400 -9.6140652 0.2092117 3.8935301 0.0178814 0.6865610 0.0031623 0.7268454
67.507140 -9.5317707 0.2059050 3.8991437 0.0161033 0.6848714 0.0008683 0.7284855
67.714910 -9.4490433 0.2027286 3.9051623 0.0148659 0.6836561 0.0002681 0.7296529
67.922650 -9.3661556 0.1995395 3.9113197 0.0135567 0.6827949 -0.0007426 0.7304839
68.130580 -9.2829227 0.1962429 3.9173255 0.0110555 0.6841317 -0.0029623 0.7292686
68.338400 -9.1989994 0.1926956 3.9230821 0.0099536 0.6882609 -0.0049199 0.7253783
68.546400 -9.1169987 0.1892359 3.9261026 0.0102220 0.6934398 -0.0056763 0.7204197
68.754270 -9.0343752 0.1855717 3.9285624 0.0104105 0.6991275 -0.0068005 0.7148889
68.962160 -8.9528494 0.1820349 3.9296885 0.0112667 0.7062544 -0.0079438 0.7078239
69.274020 -8.8303375 0.1767562 3.9271517 0.0116394 0.7172782 -0.0055355 0.6966677
69.482020 -8.7491226 0.1730910 3.9228151 0.0135461 0.7242382 -0.0037968 0.6894064
69.689790 -8.6695776 0.1699688 3.9176021 0.0162275 0.7302624 -0.0018283 0.6829715
69.897520 -8.5904446 0.1666361 3.9112403 0.0188522 0.7332917 0.0022778 0.6796489
70.105150 -8.5130682 0.1635919 3.9045534 0.0201030 0.7349833 0.0055192 0.6777647
70.312770 -8.4391747 0.1603917 3.8979383 0.0227963 0.7352950 0.0079674 0.6773168
70.520270 -8.3685503 0.1577526 3.8917279 0.0241004 0.7346929 0.0094899 0.6779052
70.727900 -8.3021555 0.1550260 3.8859935 0.0253827 0.7338552 0.0112101 0.6787389
70.935400 -8.2409458 0.1524812 3.8815005 0.0264730 0.7335232 0.0123325 0.6790366
71.143020 -8.1838608 0.1498123 3.8768198 0.0270151 0.7328929 0.0140801 0.6796616
71.350530 -8.1312990 0.1474219 3.8726861 0.0280070 0.7319509 0.0147743 0.6806211
71.558020 -8.0827141 0.1455953 3.8692522 0.0314743 0.7300374 0.0146552 0.6825247
71.765560 -8.0383234 0.1437198 3.8665555 0.0322531 0.7257120 0.0154891 0.6870676
71.972900 -7.9971685 0.1422168 3.8653271 0.0325546 0.7184226 0.0187389 0.6945920
72.180150 -7.9584270 0.1400937 3.8660169 0.0351307 0.7055644 0.0182134 0.7075400
72.387400 -7.9220724 0.1379414 3.8697672 0.0355443 0.6851130 0.0139598 0.7274352
72.594660 -7.8855224 0.1362725 3.8767509 0.0336278 0.6582305 0.0108033 0.7519874
72.802030 -7.8505931 0.1341931 3.8864534 0.0284754 0.6275596 0.0087955 0.7779979
73.009400 -7.8184419 0.1315960 3.8989882 0.0229060 0.5943046 0.0060390 0.8038911
73.216920 -7.7883844 0.1296671 3.9136724 0.0215147 0.5591546 0.0012309 0.8287833
73.424400 -7.7594843 0.1279616 3.9302411 0.0206037 0.5224096 0.0002976 0.8524457
73.631900 -7.7317352 0.1262477 3.9497037 0.0190841 0.4848213 -0.0027227 0.8744007
73.839400 -7.7042871 0.1246742 3.9726233 0.0203598 0.4451339 -0.0056364 0.8952148
74.046900 -7.6768112 0.1226549 3.9986169 0.0234208 0.4014427 -0.0031096 0.9155794
74.254400 -7.6518450 0.1205016 4.0298104 0.0237129 0.3557945 -0.0062673 0.9342423
74.461900 -7.6275845 0.1183899 4.0662670 0.0206664 0.3069828 -0.0105060 0.9514326
74.669530 -7.6049004 0.1158070 4.1072235 0.0199176 0.2601199 -0.0055628 0.9653549
74.877250 -7.5840392 0.1139612 4.1548858 0.0153179 0.2162760 -0.0069181 0.9761876
75.085170 -7.5645499 0.1119355 4.2082858 0.0125795 0.1772471 -0.0062075 0.9840664
75.293030 -7.5467653 0.1096999 4.2667532 0.0105402 0.1403966 0.0022974 0.9900366
75.501030 -7.5334158 0.1070802 4.3296824 0.0138056 0.1046039 0.0047844 0.9944066
75.605030 -7.5282774 0.1060664 4.3631220 0.0164015 0.0879486 0.0042554 0.9959809
75.813150 -7.5205073 0.1036941 4.4359255 0.0151545 0.0582419 0.0028369 0.9981834
75.917280 -7.5170379 0.1022298 4.4748411 0.0116841 0.0451873 0.0029365 0.9989059
76.125530 -7.5137572 0.0997529 4.5562701 0.0073185 0.0243850 0.0011871 0.9996752
76.333780 -7.5122623 0.0975269 4.6409001 0.0101217 0.0078297 0.0021886 0.9999157
76.542150 -7.5131812 0.0954350 4.7305803 0.0108626 -0.0043849 0.0025534 0.9999281
76.750550 -7.5161633 0.0929607 4.8249507 0.0045353 -0.0105112 -0.0003866 0.9999344
76.959030 -7.5187511 0.0909587 4.9216995 0.0060403 -0.0100910 -0.0025176 0.9999277
77.167530 -7.5204387 0.0882763 5.0192242 0.0098777 -0.0064360 -0.0023488 0.9999278
77.375900 -7.5209498 0.0851542 5.1202168 0.0093011 -0.0022136 -0.0015939 0.9999530
77.584280 -7.5207000 0.0818711 5.2222137 0.0102508 0.0036138 -0.0020168 0.9999389
77.792530 -7.5189872 0.0790465 5.3247733 0.0016057 0.0096688 0.0000605 0.9999520
78.000560 -7.5161662 0.0765799 5.4265890 0.0032169 0.0129552 0.0026410 0.9999074
78.208530 -7.5133381 0.0734788 5.5276670 0.0095017 0.0162698 0.0009940 0.9998220
78.416410 -7.5102663 0.0702833 5.6289387 0.0061948 0.0184259 -0.0029340 0.9998067
78.624300 -7.5078030 0.0674912 5.7288718 0.0084500 0.0189357 -0.0059018 0.9997676
78.832150 -7.5043612 0.0638585 5.8277755 0.0091815 0.0166448 -0.0025597 0.9998160
79.039780 -7.5023532 0.0605830 5.9263635 0.0060285 0.0131764 -0.0009640 0.9998946
79.247530 -7.5003605 0.0578810 6.0242605 0.0078803 0.0100817 0.0005977 0.9999179
79.455280 -7.4999003 0.0551408 6.1195302 0.0048839 0.0071048 0.0001409 0.9999628
79.663030 -7.4991779 0.0520502 6.2109699 0.0073356 0.0040645 0.0015138 0.9999637
79.974650 -7.4993858 0.0475662 6.3417363 0.0073436 0.0002634 0.0010764 0.9999724
80.182280 -7.5001731 0.0445817 6.4225764 0.0072834 -0.0036913 0.0014957 0.9999655
80.389910 -7.5019240 0.0416206 6.4984794 0.0060030 -0.0091393 0.0000132 0.9999402
80.597530 -7.5054002 0.0395884 6.5689640 0.0042216 -0.0153768 -0.0008624 0.9998725
80.908780 -7.5116558 0.0362512 6.6639638 0.0039853 -0.0319694 -0.0010794 0.9994803
81.219910 -7.5223923 0.0330751 6.7480645 0.0074199 -0.0608808 -0.0031480 0.9981125
81.531030 -7.5401764 0.0311757 6.8276453 0.0078792 -0.1021200 -0.0050798 0.9947279
81.738410 -7.5561543 0.0295561 6.8773179 0.0059793 -0.1354398 -0.0095526 0.9907215
82.049410 -7.5874248 0.0281491 6.9471698 0.0046144 -0.1971344 -0.0173846 0.9802115
82.256780 -7.6136208 0.0272198 6.9914818 0.0017347 -0.2387772 -0.0236841 0.9707839
82.464290 -7.6422949 0.0267586 7.0339875 0.0007882 -0.2808611 -0.0245131 0.9594350
82.671660 -7.6767855 0.0273520 7.0756440 -0.0001736 -0.3234801 -0.0274594 0.9458364
82.879160 -7.7164869 0.0281544 7.1160202 -0.0037883 -0.3671216 -0.0282308 0.9297367
83.086530 -7.7615256 0.0290005 7.1540718 -0.0042653 -0.4128087 -0.0258297 0.9104415
83.293910 -7.8120098 0.0297884 7.1884980 -0.0023310 -0.4599730 -0.0219085 0.8876595
83.501280 -7.8688636 0.0311365 7.2186174 0.0001552 -0.5068213 -0.0205125 0.8618070
83.708780 -7.9323168 0.0324885 7.2441545 -0.0017700 -0.5509610 -0.0235178 0.8341977
83.916530 -8.0012302 0.0342134 7.2647390 -0.0038281 -0.5901743 -0.0264364 0.8068338
84.124410 -8.0749178 0.0365032 7.2799950 -0.0022249 -0.6241968 -0.0280078 0.7807618
84.332560 -8.1530495 0.0391044 7.2906222 -0.0010343 -0.6512903 -0.0272242 0.7583395
84.540910 -8.2360935 0.0418826 7.2983012 -0.0035273 -0.6695586 -0.0290611 0.7421821
84.749540 -8.3225298 0.0449985 7.3038163 -0.0063218 -0.6800877 -0.0300080 0.7324891
84.958180 -8.4124651 0.0483198 7.3090763 -0.0062604 -0.6855602 -0.0300643 0.7273680
85.166780 -8.5056562 0.0519117 7.3138499 -0.0061542 -0.6872565 -0.0297305 0.7257801
85.375410 -8.6015501 0.0554037 7.3187370 -0.0070179 -0.6866561 -0.0295417 0.7263480
85.583790 -8.6998911 0.0592935 7.3243175 -0.0085815 -0.6862071 -0.0272343 0.7268456
85.687910 -8.7497206 0.0613301 7.3273149 -0.0093482 -0.6860821 -0.0268170 0.7269696
85.896280 -8.8522472 0.0656488 7.3335762 -0.0113787 -0.6858813 -0.0258459 0.7271653
86.104410 -8.9574594 0.0696733 7.3394709 -0.0127469 -0.6856356 -0.0238286 0.7274432
86.312540 -9.0658875 0.0740684 7.3463821 -0.0146090 -0.6856873 -0.0222474 0.7274095
86.520540 -9.1767035 0.0783503 7.3529658 -0.0156182 -0.6865122 -0.0198034 0.7266808
86.728410 -9.2908697 0.0824677 7.3587580 -0.0164918 -0.6880451 -0.0171688 0.7252774
86.936160 -9.4090986 0.0871320 7.3641825 -0.0204530 -0.6912034 -0.0175394 0.7221578
87.143910 -9.5303154 0.0925630 7.3679290 -0.0205365 -0.6961169 -0.0173120 0.7174259
87.351660 -9.6544285 0.0978756 7.3699427 -0.0215238 -0.7013973 -0.0192439 0.7121855
87.559410 -9.7796650 0.1038095 7.3696156 -0.0214714 -0.7066162 -0.0208312 0.7069644
87.767160 -9.9034233 0.1085099 7.3675508 -0.0169295 -0.7118080 -0.0164823 0.7019766
87.974790 -10.0272875 0.1125658 7.3639126 -0.0179945 -0.7167711 -0.0176797 0.6968521
88.182540 -10.1512365 0.1171254 7.3585248 -0.0180307 -0.7214688 -0.0173541 0.6919946
88.390290 -10.2748404 0.1210415 7.3508902 -0.0166952 -0.7256467 -0.0189304 0.6876044
88.598040 -10.3975706 0.1255788 7.3426137 -0.0171962 -0.7287537 -0.0207967 0.6842440
88.805910 -10.5167122 0.1303756 7.3344135 -0.0147818 -0.7302338 -0.0216449 0.6826943
89.013920 -10.6322927 0.1342026 7.3256478 -0.0137082 -0.7303708 -0.0233602 0.6825137
89.221790 -10.7439137 0.1378880 7.3172097 -0.0147879 -0.7305286 -0.0268071 0.6821955
89.325810 -10.7975941 0.1401007 7.3131127 -0.0131809 -0.7308733 -0.0260930 0.6818869
89.533790 -10.9008865 0.1433167 7.3051400 -0.0110113 -0.7301991 -0.0278092 0.6825795
89.637790 -10.9506168 0.1444125 7.3016143 -0.0103086 -0.7289783 -0.0300239 0.6838003
89.741790 -10.9994612 0.1462998 7.2986188 -0.0091825 -0.7277915 -0.0299507 0.6850826
89.845790 -11.0482492 0.1479940 7.2955856 -0.0078704 -0.7264036 -0.0292277 0.6866015
89.949790 -11.0973358 0.1491701 7.2933364 -0.0078338 -0.7252126 -0.0279283 0.6879137
90.157790 -11.1941671 0.1526283 7.2878819 -0.0073302 -0.7228401 -0.0285199 0.6903876
90.365790 -11.2903643 0.1556595 7.2835908 -0.0066894 -0.7212504 -0.0284594 0.6920573
90.573810 -11.3855019 0.1583356 7.2794766 -0.0036077 -0.7186852 -0.0288279 0.6947284
90.781830 -11.4811392 0.1614354 7.2768478 -0.0069758 -0.7152823 -0.0308216 0.6981208
90.989920 -11.5763760 0.1647990 7.2749538 -0.0095726 -0.7119589 -0.0325263 0.7014022
91.198060 -11.6704779 0.1687636 7.2742839 -0.0095442 -0.7096097 -0.0303608 0.7038758
91.406040 -11.7655535 0.1723847 7.2735877 -0.0085931 -0.7072199 -0.0297857 0.7063137
91.613920 -11.8610754 0.1762349 7.2738228 -0.0084953 -0.7059801 -0.0288358 0.7075934
91.821910 -11.9583235 0.1798573 7.2741590 -0.0095509 -0.7051767 -0.0289287 0.7083768
92.133670 -12.1049061 0.1856025 7.2742548 -0.0115876 -0.7061306 -0.0289186 0.7073960
92.341560 -12.2019091 0.1891323 7.2734036 -0.0122157 -0.7073950 -0.0298846 0.7060808
92.549420 -12.2979422 0.1930075 7.2724328 -0.0115112 -0.7090884 -0.0291413 0.7044231
92.757420 -12.3934717 0.1968017 7.2711620 -0.0102596 -0.7107714 -0.0278903 0.7027951
92.965410 -12.4921122 0.2001415 7.2686529 -0.0074687 -0.7117354 -0.0276386 0.7018639
93.277290 -12.6406975 0.2060627 7.2661600 -0.0103312 -0.7120820 -0.0299782 0.7013800
93.693290 -12.8443785 0.2150779 7.2616901 -0.0076376 -0.7126796 -0.0285372 0.7008674
94.109040 -13.0549383 0.2228217 7.2565012 -0.0077951 -0.7129887 -0.0300467 0.7004881
94.420920 -13.2180948 0.2292178 7.2523713 -0.0058510 -0.7124251 -0.0289542 0.7011262
94.732790 -13.3848553 0.2344594 7.2490816 -0.0048782 -0.7124493 -0.0266049 0.7012022
95.044550 -13.5520306 0.2392758 7.2457805 -0.0070626 -0.7116998 -0.0254336 0.7019877
95.460170 -13.7745161 0.2454874 7.2425442 -0.0088859 -0.7103023 -0.0258121 0.7033672
95.771920 -13.9402876 0.2509488 7.2408657 -0.0095680 -0.7089047 -0.0246745 0.7048076
96.083670 -14.1040630 0.2555994 7.2400641 -0.0085028 -0.7086757 -0.0241175 0.7050707
96.395540 -14.2661982 0.2605075 7.2394919 -0.0090807 -0.7080551 -0.0247440 0.7056651
96.603420 -14.3734684 0.2640669 7.2395387 -0.0102641 -0.7077658 -0.0256000 0.7059085
96.811290 -14.4787064 0.2676055 7.2387915 -0.0091080 -0.7075414 -0.0254020 0.7061564
97.019210 -14.5818939 0.2703669 7.2373266 -0.0098046 -0.7072327 -0.0263968 0.7064198
97.227040 -14.6831913 0.2738231 7.2362723 -0.0103856 -0.7068303 -0.0275157 0.7067716
97.435050 -14.7819300 0.2768437 7.2365761 -0.0093617 -0.7070132 -0.0261963 0.7066530
97.746920 -14.9291067 0.2815596 7.2361341 -0.0092037 -0.7073244 -0.0250033 0.7063868
97.954920 -15.0268021 0.2845024 7.2350669 -0.0121087 -0.7077140 -0.0270892 0.7058756
98.162790 -15.1237860 0.2881185 7.2342830 -0.0131886 -0.7084868 -0.0270399 0.7050825
98.370670 -15.2204638 0.2917777 7.2330179 -0.0132808 -0.7098513 -0.0263222 0.7037343
98.578560 -15.3164787 0.2950787 7.2313614 -0.0112241 -0.7125877 -0.0243221 0.7010716
98.786550 -15.4140949 0.2985730 7.2282591 -0.0104350 -0.7144007 -0.0260597 0.6991736
98.994420 -15.5116405 0.3021041 7.2252917 -0.0119713 -0.7155147 -0.0266139 0.6979879
99.202420 -15.6101065 0.3059337 7.2219987 -0.0104598 -0.7166833 -0.0247917 0.6968795
99.410300 -15.7099771 0.3094794 7.2187128 -0.0111570 -0.7172417 -0.0251693 0.6962804
99.618290 -15.8108854 0.3130682 7.2147002 -0.0106266 -0.7174274 -0.0266961 0.6960405
99.826180 -15.9124374 0.3167677 7.2107000 -0.0092280 -0.7177516 -0.0279729 0.6956759
100.034100 -16.0151463 0.3204250 7.2063670 -0.0074117 -0.7181372 -0.0279215 0.6953017
100.345800 -16.1684093 0.3259329 7.2002416 -0.0081666 -0.7185735 -0.0307925 0.6947210
100.553700 -16.2706928 0.3300357 7.1962776 -0.0112059 -0.7188588 -0.0311652 0.6943667
100.761400 -16.3716030 0.3338446 7.1914935 -0.0090328 -0.7191875 -0.0301772 0.6941016
101.073400 -16.5219421 0.3396421 7.1850061 -0.0070926 -0.7168792 -0.0325391 0.6964015
101.281300 -16.6212234 0.3433689 7.1813636 -0.0047584 -0.7137986 -0.0317644 0.6996140
101.593200 -16.7652588 0.3480577 7.1788478 -0.0042624 -0.7092487 -0.0307558 0.7042742
101.801100 -16.8575611 0.3507237 7.1789460 -0.0043722 -0.7061029 -0.0306434 0.7074323
102.113100 -16.9902992 0.3544292 7.1813951 -0.0059840 -0.6990255 -0.0317217 0.7143677
102.425300 -17.1119347 0.3575120 7.1879683 -0.0026438 -0.6837336 -0.0296198 0.7291255
102.841700 -17.2545986 0.3608302 7.2063055 -0.0076734 -0.6555583 -0.0282703 0.7545762
103.154000 -17.3484478 0.3624961 7.2262497 -0.0112299 -0.6304620 -0.0247992 0.7757426
103.466600 -17.4315681 0.3645614 7.2509298 -0.0071456 -0.5967237 -0.0200137 0.8021653
103.675200 -17.4825249 0.3652464 7.2727900 -0.0082111 -0.5652604 -0.0149084 0.8247369
103.987800 -17.5546169 0.3657444 7.3120193 -0.0057306 -0.5118362 -0.0129660 0.8589661
104.196200 -17.5984745 0.3660214 7.3442531 -0.0056516 -0.4742149 -0.0084416 0.8803505
104.404300 -17.6402111 0.3663688 7.3791203 -0.0041110 -0.4369443 -0.0085557 0.8994385
104.612400 -17.6805935 0.3658272 7.4168663 0.0014815 -0.3995838 -0.0135481 0.9165953
104.820500 -17.7176819 0.3654020 7.4619546 0.0013438 -0.3622998 -0.0038057 0.9320529
105.028700 -17.7553463 0.3655354 7.5127521 0.0034813 -0.3206526 -0.0067585 0.9471663
105.236900 -17.7921219 0.3648667 7.5708647 0.0049376 -0.2743263 -0.0144690 0.9615151
105.445200 -17.8249016 0.3636210 7.6374626 0.0059516 -0.2260582 -0.0133013 0.9740048
105.653300 -17.8525028 0.3627778 7.7116208 0.0080586 -0.1770640 -0.0130221 0.9840802
105.861200 -17.8745155 0.3611256 7.7927217 0.0084709 -0.1335631 -0.0119744 0.9909317
106.068800 -17.8915634 0.3591095 7.8786602 0.0081543 -0.0969685 -0.0120566 0.9951810
106.172600 -17.8985233 0.3579980 7.9246006 0.0073357 -0.0815360 -0.0123975 0.9965663
106.379900 -17.9095821 0.3561379 8.0193443 0.0055427 -0.0541743 -0.0124329 0.9984387
106.587300 -17.9168892 0.3537894 8.1190939 0.0049966 -0.0329250 -0.0126080 0.9993658
106.794600 -17.9202347 0.3518787 8.2243958 0.0066364 -0.0180636 -0.0116352 0.9997471
106.898300 -17.9210281 0.3507993 8.2791796 0.0069394 -0.0125287 -0.0105328 0.9998420
107.001900 -17.9221554 0.3496393 8.3348942 0.0068229 -0.0081432 -0.0098498 0.9998950
107.209300 -17.9230518 0.3466219 8.4485235 0.0079450 -0.0038309 -0.0076991 0.9999315
107.416600 -17.9240379 0.3437418 8.5661020 0.0109793 -0.0028856 -0.0057223 0.9999192
107.624000 -17.9253120 0.3393831 8.6874285 0.0129396 -0.0018911 -0.0053736 0.9999000
107.831400 -17.9257126 0.3347834 8.8118486 0.0117365 -0.0019413 -0.0042025 0.9999204
108.038900 -17.9267750 0.3306317 8.9385109 0.0086968 -0.0018028 -0.0020720 0.9999584
108.246600 -17.9275036 0.3262529 9.0654755 0.0072979 -0.0021632 -0.0003795 0.9999710
108.454100 -17.9283676 0.3219646 9.1921692 0.0098821 -0.0023910 -0.0001140 0.9999483
108.661800 -17.9295940 0.3174363 9.3190584 0.0095336 -0.0019481 -0.0017565 0.9999511
108.869400 -17.9312515 0.3127331 9.4438095 0.0099044 -0.0012998 -0.0016481 0.9999487
109.077200 -17.9324055 0.3085636 9.5694313 0.0085540 -0.0006244 -0.0018864 0.9999614
109.284800 -17.9327316 0.3043983 9.6944475 0.0059394 -0.0002706 -0.0011135 0.9999817
109.492300 -17.9330349 0.3004138 9.8175297 0.0054102 -0.0004687 -0.0024658 0.9999822
109.803800 -17.9344177 0.2955067 9.9966583 0.0020792 -0.0003088 -0.0039034 0.9999902
110.011400 -17.9358463 0.2928128 10.1119843 0.0010846 0.0002513 -0.0056240 0.9999835
110.219200 -17.9363098 0.2890428 10.2198200 0.0077570 0.0029968 -0.0072392 0.9999392
110.426900 -17.9354706 0.2853647 10.3236723 0.0096171 0.0062056 -0.0076696 0.9999051
110.634800 -17.9348564 0.2824317 10.4229918 0.0048708 0.0122215 -0.0091610 0.9998715
110.842800 -17.9312077 0.2795559 10.5167570 0.0040196 0.0245483 -0.0097108 0.9996434
111.051100 -17.9243412 0.2767630 10.6058426 0.0009659 0.0446835 -0.0092447 0.9989579
111.259600 -17.9119320 0.2743543 10.6923037 0.0009100 0.0731577 -0.0085006 0.9972838
111.468200 -17.8932114 0.2720989 10.7755890 0.0048477 0.1121223 -0.0088268 0.9936434
111.572600 -17.8808308 0.2709740 10.8161125 0.0066221 0.1345571 -0.0091500 0.9908414
111.781300 -17.8501225 0.2682125 10.8934927 0.0090853 0.1838852 -0.0080587 0.9828727
111.989800 -17.8121471 0.2649286 10.9665937 0.0105874 0.2336796 -0.0055424 0.9722402
112.198200 -17.7668171 0.2614046 11.0358257 0.0095477 0.2821075 -0.0043947 0.9593252
112.406600 -17.7156239 0.2577569 11.1007881 0.0130909 0.3307035 -0.0059208 0.9436253
112.614800 -17.6562824 0.2537470 11.1603394 0.0186149 0.3798744 -0.0079322 0.9248167
112.823100 -17.5889511 0.2497988 11.2162533 0.0191751 0.4287382 -0.0056135 0.9032078
113.031200 -17.5144081 0.2453871 11.2670097 0.0174172 0.4745312 -0.0045061 0.8800548
113.239200 -17.4324532 0.2407392 11.3103714 0.0181429 0.5151455 -0.0042445 0.8569002
113.447000 -17.3450928 0.2360959 11.3480396 0.0200930 0.5505569 -0.0018575 0.8345537
113.654600 -17.2524700 0.2313858 11.3802090 0.0199835 0.5820069 -0.0023994 0.8129347
113.862100 -17.1547699 0.2270645 11.4063463 0.0239757 0.6087985 -0.0006858 0.7929622
114.069600 -17.0509586 0.2223876 11.4280825 0.0233501 0.6300796 0.0027243 0.7761746
114.173300 -16.9971828 0.2196279 11.4376163 0.0232615 0.6387571 0.0047204 0.7690423
114.276900 -16.9424839 0.2174918 11.4461174 0.0241449 0.6463179 0.0053286 0.7626675
114.484400 -16.8285694 0.2127907 11.4616127 0.0268976 0.6588854 0.0048804 0.7517464
114.691800 -16.7095070 0.2081155 11.4746943 0.0265667 0.6682501 0.0063310 0.7434351
114.795600 -16.6478271 0.2055009 11.4805298 0.0260031 0.6716977 0.0070368 0.7403354
115.002900 -16.5214272 0.2007654 11.4912491 0.0249669 0.6767488 0.0088399 0.7357374
115.210300 -16.3929901 0.1962990 11.5002098 0.0267899 0.6792783 0.0104991 0.7333165
115.417800 -16.2611237 0.1912566 11.5094728 0.0264624 0.6817877 0.0112633 0.7309846
115.625400 -16.1259766 0.1863004 11.5190144 0.0252296 0.6850434 0.0109379 0.7279831
115.833100 -15.9898615 0.1813458 11.5271463 0.0244919 0.6884810 0.0076791 0.7248001
116.040600 -15.8514223 0.1763517 11.5337162 0.0239842 0.6918905 0.0051329 0.7215857
116.248200 -15.7103796 0.1705223 11.5395060 0.0223816 0.6953056 0.0045518 0.7183512
116.455800 -15.5678892 0.1651652 11.5437784 0.0209400 0.6987174 0.0042943 0.7150784
116.663500 -15.4265127 0.1599725 11.5464354 0.0199442 0.7017402 0.0060099 0.7121283
116.871100 -15.2830677 0.1546496 11.5479136 0.0189862 0.7043490 0.0072969 0.7095624
117.078700 -15.1389570 0.1493233 11.5495100 0.0209843 0.7066202 0.0036017 0.7072726
117.286200 -14.9946327 0.1434970 11.5498857 0.0204119 0.7087508 0.0003742 0.7051635
117.493900 -14.8502598 0.1374817 11.5496912 0.0164958 0.7111735 0.0010015 0.7028223
117.701600 -14.7056389 0.1314075 11.5493984 0.0148803 0.7145268 -0.0019932 0.6994470
117.909300 -14.5606050 0.1259690 11.5461931 0.0137936 0.7183344 -0.0035150 0.6955523
118.117100 -14.4177418 0.1197461 11.5412912 0.0134338 0.7227296 -0.0031491 0.6909931
118.324700 -14.2746267 0.1139435 11.5338125 0.0122726 0.7269993 -0.0009168 0.6865278
118.532400 -14.1319065 0.1089005 11.5244055 0.0143652 0.7308120 0.0014656 0.6824260
118.740100 -13.9897232 0.1040606 11.5136433 0.0199244 0.7330925 0.0016717 0.6798349
118.947600 -13.8468647 0.0986616 11.5027542 0.0176501 0.7335969 0.0072229 0.6793173
119.259100 -13.6354084 0.0915169 11.4870825 0.0232505 0.7315327 0.0077232 0.6813660
119.466600 -13.4943333 0.0862145 11.4765406 0.0301010 0.7271023 0.0107519 0.6857846
119.777900 -13.2826195 0.0776085 11.4667816 0.0290270 0.7212884 0.0128263 0.6919074
120.089300 -13.0727777 0.0694860 11.4609995 0.0318783 0.7132928 0.0134456 0.7000117
120.296800 -12.9314890 0.0634852 11.4600143 0.0319351 0.7081850 0.0139854 0.7051656
120.504600 -12.7912283 0.0580972 11.4613466 0.0329749 0.7029190 0.0128313 0.7103893
120.712200 -12.6497622 0.0516507 11.4643831 0.0315748 0.6982816 0.0144696 0.7149800
120.920100 -12.5084925 0.0458759 11.4683924 0.0304771 0.6953048 0.0132592 0.7179461
121.127800 -12.3673325 0.0401596 11.4745846 0.0306136 0.6937919 0.0107940 0.7194436
121.335700 -12.2260828 0.0339462 11.4807901 0.0272217 0.6923805 0.0128744 0.7209039
121.543600 -12.0851040 0.0289008 11.4872780 0.0246524 0.6914866 0.0137302 0.7218379
121.751400 -11.9424582 0.0234406 11.4941683 0.0235772 0.6911043 0.0119263 0.7222719
121.959600 -11.8020067 0.0187823 11.5012531 0.0229516 0.6908015 0.0103849 0.7226055
122.167200 -11.6623011 0.0132188 11.5087280 0.0207486 0.6919777 0.0086539 0.7215688
122.375100 -11.5227804 0.0075093 11.5142536 0.0185295 0.6937829 0.0077657 0.7199039
122.583000 -11.3841515 0.0026575 11.5187244 0.0187575 0.6948149 0.0079251 0.7189003
122.790700 -11.2474337 -0.0020572 11.5234137 0.0191091 0.6949265 0.0070429 0.7187923
122.999500 -11.1140518 -0.0073713 11.5281982 0.0185747 0.6952734 0.0064670 0.7184762
123.206400 -10.9813223 -0.0128089 11.5317459 0.0191021 0.6954014 0.0056814 0.7183450
123.414200 -10.8504772 -0.0185188 11.5355453 0.0206678 0.6965602 0.0038272 0.7171904
123.622100 -10.7212267 -0.0243054 11.5394707 0.0196365 0.6982581 0.0029556 0.7155706
123.829900 -10.5942154 -0.0291107 11.5429945 0.0191203 0.7002949 0.0026891 0.7135925
123.934000 -10.5313892 -0.0317620 11.5441360 0.0185590 0.7011324 0.0031537 0.7127826
124.141700 -10.4075899 -0.0372243 11.5462484 0.0183793 0.7030226 0.0030720 0.7109234
124.349700 -10.2858858 -0.0427454 11.5470676 0.0203110 0.7050120 0.0025037 0.7089000
124.557500 -10.1646442 -0.0482657 11.5473328 0.0207452 0.7066295 0.0028826 0.7072737
124.661300 -10.1054773 -0.0505613 11.5472860 0.0205442 0.7073089 0.0042846 0.7065930
124.869200 -9.9882879 -0.0557383 11.5466108 0.0193217 0.7080313 0.0054449 0.7058957
124.973100 -9.9308510 -0.0577834 11.5465622 0.0195354 0.7083561 0.0046027 0.7055698
125.181000 -9.8196497 -0.0625644 11.5462914 0.0199804 0.7086905 0.0047373 0.7052207
125.388700 -9.7095890 -0.0669505 11.5447588 0.0202129 0.7085540 0.0050977 0.7053486
125.596600 -9.6030703 -0.0705095 11.5442190 0.0195366 0.7082263 0.0073987 0.7056764
125.804500 -9.4987402 -0.0736687 11.5434380 0.0184271 0.7077101 0.0091143 0.7062037
126.012500 -9.3977442 -0.0767354 11.5432673 0.0190964 0.7072377 0.0090383 0.7066601
126.220300 -9.3012247 -0.0797051 11.5435648 0.0197539 0.7066539 0.0082275 0.7072357
126.428200 -9.2077398 -0.0837404 11.5442295 0.0198369 0.7062839 0.0093080 0.7075895
126.636200 -9.1171303 -0.0873052 11.5448484 0.0202173 0.7058653 0.0096705 0.7079914
126.844200 -9.0299158 -0.0903191 11.5461597 0.0202626 0.7055163 0.0093183 0.7083427
127.052500 -8.9452715 -0.0935940 11.5470161 0.0204827 0.7049139 0.0089557 0.7089405
127.364200 -8.8227329 -0.0980324 11.5488214 0.0204271 0.7043303 0.0085090 0.7095274
127.676300 -8.7054234 -0.1028822 11.5501442 0.0196425 0.7040074 0.0088335 0.7098659
127.884500 -8.6292982 -0.1055778 11.5509806 0.0190740 0.7038580 0.0089953 0.7100276
128.197000 -8.5169716 -0.1099881 11.5523872 0.0192863 0.7037421 0.0093792 0.7101317
128.404800 -8.4422932 -0.1123651 11.5533075 0.0196787 0.7038019 0.0085374 0.7100723
128.613000 -8.3678989 -0.1146742 11.5534439 0.0215362 0.7035286 0.0076755 0.7102991
128.820900 -8.2948942 -0.1173699 11.5548658 0.0215440 0.7035027 0.0072621 0.7103289
129.029000 -8.2215633 -0.1202884 11.5552588 0.0202472 0.7031369 0.0081630 0.7107193
129.237000 -8.1490288 -0.1230570 11.5565004 0.0203474 0.7027591 0.0085560 0.7110854
129.444900 -8.0769596 -0.1259832 11.5576267 0.0205369 0.7023598 0.0077975 0.7114831
129.653800 -8.0052872 -0.1287945 11.5589075 0.0208679 0.7016123 0.0087175 0.7121999
129.861000 -7.9350190 -0.1314810 11.5598745 0.0206815 0.7007245 0.0067016 0.7131006
130.069100 -7.8656754 -0.1347803 11.5624647 0.0216154 0.6998713 0.0016852 0.7139398
130.277100 -7.7965336 -0.1378097 11.5644512 0.0245379 0.6990032 -0.0003274 0.7146974
130.485500 -7.7273965 -0.1413366 11.5672302 0.0230798 0.6987783 -0.0017941 0.7149637
130.693200 -7.6582851 -0.1450712 11.5694361 0.0215184 0.6984467 -0.0014660 0.7153370
130.901200 -7.5897670 -0.1481899 11.5709200 0.0214827 0.6982738 -0.0011821 0.7155073
131.109300 -7.5213413 -0.1515658 11.5731125 0.0220639 0.6986200 -0.0036935 0.7151431
131.318300 -7.4529853 -0.1542079 11.5739784 0.0234864 0.6996583 -0.0046798 0.7140762
131.525500 -7.3858957 -0.1582488 11.5760345 0.0228985 0.7009265 -0.0050439 0.7128479
131.733500 -7.3161874 -0.1616361 11.5771503 0.0225018 0.7019611 -0.0043200 0.7118466
131.941500 -7.2462816 -0.1655028 11.5784845 0.0213793 0.7029310 -0.0035840 0.7109276
132.149900 -7.1753364 -0.1690767 11.5790310 0.0218117 0.7038144 -0.0014797 0.7100475
132.357500 -7.1032319 -0.1722956 11.5797405 0.0203849 0.7047622 0.0010378 0.7091500
132.566900 -7.0315008 -0.1754441 11.5800867 0.0184680 0.7056036 0.0031328 0.7083591
132.773700 -6.9600306 -0.1780950 11.5800924 0.0177296 0.7062506 0.0057504 0.7077165
132.981600 -6.8891487 -0.1804728 11.5802288 0.0182474 0.7071697 0.0071708 0.7067720
133.189600 -6.8189206 -0.1829982 11.5807781 0.0172091 0.7084908 0.0062196 0.7054828
133.397600 -6.7487202 -0.1848237 11.5799818 0.0174392 0.7109314 0.0062531 0.7030174
133.605800 -6.6794829 -0.1872621 11.5781908 0.0183647 0.7154460 0.0070935 0.6983906
133.814100 -6.6109428 -0.1898811 11.5752888 0.0182944 0.7212264 0.0064562 0.6924277
134.022300 -6.5435767 -0.1921284 11.5708132 0.0196592 0.7288603 0.0060272 0.6843536
134.230600 -6.4796410 -0.1947290 11.5634069 0.0230279 0.7390180 0.0053964 0.6732705
134.439000 -6.4191170 -0.1975911 11.5551529 0.0268242 0.7518965 0.0025935 0.6587301
134.855700 -6.3089199 -0.2027542 11.5289698 0.0299171 0.7785972 0.0085192 0.6267526
135.063800 -6.2608862 -0.2050850 11.5153761 0.0290686 0.7904866 0.0114205 0.6116826
135.584300 -6.1566057 -0.2084014 11.4765797 0.0275688 0.8219185 0.0141775 0.5687608
135.896700 -6.0990934 -0.2103018 11.4469004 0.0272742 0.8453543 0.0165223 0.5332536
136.209200 -6.0465798 -0.2121404 11.4135132 0.0301117 0.8700280 0.0122195 0.4919301
136.521700 -5.9985418 -0.2132675 11.3750467 0.0337048 0.8960847 0.0036523 0.4425865
136.834400 -5.9519434 -0.2143731 11.3256493 0.0352794 0.9229209 0.0012687 0.3833675
137.147100 -5.9091330 -0.2156575 11.2638044 0.0364564 0.9482329 0.0074873 0.3153872
137.459700 -5.8724566 -0.2164362 11.1910782 0.0327819 0.9694905 0.0137906 0.2425352
137.667800 -5.8513288 -0.2159164 11.1355839 0.0284291 0.9801715 0.0159953 0.1954477
137.875800 -5.8334427 -0.2151229 11.0751638 0.0261212 0.9879369 0.0139419 0.1520001
138.083600 -5.8201895 -0.2141371 11.0074329 0.0278759 0.9930251 0.0114529 0.1139868
138.291300 -5.8081822 -0.2126828 10.9329157 0.0240650 0.9964633 0.0099326 0.0798944
138.499000 -5.8007598 -0.2120250 10.8509998 0.0248978 0.9983438 0.0132925 0.0501314
138.602800 -5.7991886 -0.2112404 10.8079872 0.0252844 0.9989545 0.0136257 0.0355658
138.810300 -5.7974477 -0.2090476 10.7174063 0.0247484 0.9995538 0.0133619 0.0100581
139.017800 -5.8002362 -0.2068299 10.6206713 0.0291492 0.9994326 0.0154278 -0.0068381
139.225100 -5.8032765 -0.2044192 10.5187960 0.0319420 0.9992447 0.0159663 -0.0153213
139.432500 -5.8068757 -0.2015157 10.4106588 0.0313026 0.9992397 0.0160462 -0.0168138
139.536100 -5.8087778 -0.2002108 10.3543901 0.0318153 0.9992311 0.0158329 -0.0165614
139.743600 -5.8118696 -0.1967091 10.2382345 0.0341267 0.9991779 0.0158774 -0.0150589
139.951100 -5.8137813 -0.1935635 10.1156759 0.0313586 0.9992782 0.0178044 -0.0119420
140.158600 -5.8155656 -0.1897149 9.9895334 0.0326427 0.9992813 0.0172836 -0.0085170
140.366200 -5.8170433 -0.1865498 9.8577881 0.0320403 0.9993287 0.0169442 -0.0053240
140.573800 -5.8169398 -0.1839723 9.7258272 0.0328918 0.9993570 0.0142030 -0.0014316
140.781600 -5.8165736 -0.1811159 9.5908480 0.0365537 0.9991724 0.0178011 0.0011695
140.989300 -5.8169942 -0.1779313 9.4542179 0.0390502 0.9989895 0.0221314 0.0023051
141.197200 -5.8155813 -0.1739660 9.3190041 0.0390036 0.9989303 0.0248107 0.0011938
141.405100 -5.8146162 -0.1694673 9.1826944 0.0372794 0.9990044 0.0245040 -0.0000814
141.613100 -5.8146019 -0.1648014 9.0463657 0.0383345 0.9989011 0.0269435 -0.0010063
141.821000 -5.8140330 -0.1602647 8.9110584 0.0352988 0.9991162 0.0227991 -0.0010171
142.028800 -5.8117080 -0.1578915 8.7784262 0.0314469 0.9993651 0.0167020 -0.0012640
142.236800 -5.8108773 -0.1548310 8.6426001 0.0277206 0.9994349 0.0190059 0.0005171
142.444800 -5.8103118 -0.1508071 8.5097179 0.0270849 0.9993984 0.0215197 0.0024741
142.652700 -5.8079972 -0.1484913 8.3797646 0.0289180 0.9993164 0.0223807 0.0054400
142.860600 -5.8044391 -0.1466048 8.2579012 0.0290505 0.9993779 0.0175896 0.0095131
143.068600 -5.8013186 -0.1442160 8.1336565 0.0296625 0.9993404 0.0164787 0.0129411
143.276600 -5.7960696 -0.1419672 8.0155306 0.0266362 0.9993111 0.0202874 0.0160046
143.588600 -5.7891488 -0.1392664 7.8515849 0.0284070 0.9992239 0.0185769 0.0199858
143.796600 -5.7834630 -0.1378194 7.7491584 0.0282927 0.9991637 0.0190723 0.0225328
144.108600 -5.7745919 -0.1355136 7.6044807 0.0224318 0.9992207 0.0194447 0.0260142
144.316600 -5.7687721 -0.1343913 7.5123706 0.0216090 0.9992388 0.0177333 0.0272108
144.628700 -5.7610559 -0.1323919 7.3870630 0.0157365 0.9994351 0.0203752 0.0216009
144.940800 -5.7578268 -0.1306192 7.2803116 0.0187988 0.9994983 0.0190624 0.0169229
145.356900 -5.7528176 -0.1293513 7.1465116 0.0170236 0.9996041 0.0161986 0.0154745
145.564800 -5.7500696 -0.1279786 7.0806212 0.0168583 0.9996005 0.0150741 0.0169558
145.876600 -5.7445393 -0.1281432 6.9854279 0.0162165 0.9995696 0.0091508 0.0226699
146.188300 -5.7394662 -0.1270765 6.8920259 0.0202400 0.9993493 0.0071309 0.0289912
146.396200 -5.7342772 -0.1265784 6.8267894 0.0201161 0.9991869 0.0114563 0.0330086
146.604100 -5.7288122 -0.1265733 6.7590027 0.0203337 0.9988959 0.0179025 0.0383793
146.812000 -5.7224336 -0.1253137 6.6892953 0.0230823 0.9986206 0.0182316 0.0434941
147.020000 -5.7143259 -0.1235396 6.6164637 0.0209596 0.9984708 0.0177095 0.0479912
147.227800 -5.7055454 -0.1217676 6.5392585 0.0187553 0.9983657 0.0195864 0.0503045
147.539800 -5.6918521 -0.1187091 6.4168677 0.0170279 0.9984152 0.0189889 0.0501652
147.748000 -5.6828132 -0.1164764 6.3291626 0.0155657 0.9986063 0.0171058 0.0474403
147.956100 -5.6746926 -0.1138868 6.2369037 0.0156495 0.9987388 0.0190326 0.0437463
148.164200 -5.6671805 -0.1112621 6.1400671 0.0131739 0.9989830 0.0186648 0.0388710
148.372300 -5.6601934 -0.1083531 6.0389442 0.0099815 0.9993972 0.0155045 0.0294137
148.580600 -5.6570964 -0.1056693 5.9315109 0.0091193 0.9997115 0.0160761 0.0153446
148.788800 -5.6560063 -0.1032284 5.8197193 0.0090093 0.9998404 0.0154270 0.0003166
148.997000 -5.6591096 -0.1001211 5.7037730 0.0103960 0.9997298 0.0155333 -0.0138210
149.205000 -5.6643209 -0.0970295 5.5829358 0.0112543 0.9994897 0.0181539 -0.0237491
149.412700 -5.6708469 -0.0938587 5.4581752 0.0117094 0.9993629 0.0172349 -0.0289745
149.724300 -5.6826205 -0.0882258 5.2635298 0.0140402 0.9991595 0.0211612 -0.0321769
149.932100 -5.6909776 -0.0847376 5.1315355 0.0161200 0.9992274 0.0161000 -0.0320240
150.243600 -5.7028518 -0.0799068 4.9242196 0.0193424 0.9992000 0.0175242 -0.0303019
150.451300 -5.7112808 -0.0761659 4.7828469 0.0212039 0.9991746 0.0193781 -0.0287232
150.659200 -5.7190728 -0.0724346 4.6405373 0.0233839 0.9991473 0.0215439 -0.0263382
150.867000 -5.7258968 -0.0691849 4.4985204 0.0258948 0.9992213 0.0189022 -0.0230010
151.074700 -5.7318358 -0.0664354 4.3571200 0.0320591 0.9991902 0.0163443 -0.0180030
151.282300 -5.7350416 -0.0633543 4.2163510 0.0324754 0.9992514 0.0180235 -0.0108197
151.490000 -5.7361307 -0.0609374 4.0766015 0.0302675 0.9993928 0.0167349 -0.0042258
151.697600 -5.7349448 -0.0587491 3.9375937 0.0285715 0.9994767 0.0150847 0.0015643
151.905300 -5.7326074 -0.0563314 3.7993081 0.0273358 0.9993756 0.0216342 0.0057602
152.113100 -5.7293181 -0.0532273 3.6628065 0.0243412 0.9994561 0.0205555 0.0085145
152.321000 -5.7258697 -0.0501305 3.5317476 0.0233599 0.9994926 0.0194944 0.0094243
152.529000 -5.7240129 -0.0469779 3.4074163 0.0272649 0.9994121 0.0178348 0.0106809
152.736700 -5.7217731 -0.0454656 3.2886856 0.0304591 0.9992760 0.0194038 0.0119682
153.048700 -5.7159481 -0.0428317 3.1247532 0.0270192 0.9993914 0.0186490 0.0117859
153.360700 -5.7109461 -0.0413776 2.9798796 0.0212117 0.9995547 0.0188646 0.0091961
153.672600 -5.7076631 -0.0397784 2.8527794 0.0202448 0.9995317 0.0216952 0.0074720
154.088300 -5.7041774 -0.0369767 2.7138767 0.0131859 0.9996473 0.0224130 0.0054016
154.400200 -5.7035375 -0.0356315 2.6237962 0.0184780 0.9996931 0.0152987 0.0061795
154.712000 -5.7001176 -0.0343595 2.5342729 0.0151690 0.9997393 0.0145141 0.0089757
155.024000 -5.6998787 -0.0333998 2.4464939 0.0222353 0.9995729 0.0148433 0.0117971
155.231900 -5.6975894 -0.0325716 2.3895800 0.0212752 0.9995790 0.0144728 0.0134040
155.439700 -5.6960254 -0.0306523 2.3322790 0.0255505 0.9993693 0.0161241 0.0186578
155.647600 -5.6912842 -0.0300422 2.2742047 0.0230179 0.9993076 0.0158982 0.0245313
155.855500 -5.6873550 -0.0300422 2.2140725 0.0261815 0.9990401 0.0163231 0.0310946
156.063400 -5.6824093 -0.0284685 2.1526582 0.0277060 0.9988570 0.0137855 0.0364293
156.271300 -5.6750998 -0.0273403 2.0883274 0.0234608 0.9987906 0.0111456 0.0417469
156.479200 -5.6681886 -0.0269839 2.0200052 0.0249378 0.9984576 0.0129197 0.0478927
156.687200 -5.6607842 -0.0259590 1.9476774 0.0273086 0.9981568 0.0128996 0.0526383
156.895200 -5.6509776 -0.0248645 1.8716283 0.0237242 0.9981536 0.0106200 0.0548990
157.103300 -5.6407762 -0.0244255 1.7916986 0.0204921 0.9982547 0.0060252 0.0550575
157.311200 -5.6310277 -0.0234590 1.7067081 0.0178613 0.9983997 0.0079527 0.0530630
157.519200 -5.6206446 -0.0225412 1.6164479 0.0132259 0.9985330 0.0160657 0.0499895
157.727200 -5.6105614 -0.0215345 1.5235900 0.0076095 0.9988182 0.0167345 0.0449922
157.935200 -5.6020541 -0.0195683 1.4273417 0.0054006 0.9992485 0.0118074 0.0365212
158.143500 -5.5972028 -0.0185348 1.3282888 0.0060910 0.9996865 0.0076814 0.0230381
158.351700 -5.5942378 -0.0181604 1.2261704 0.0068776 0.9999339 0.0069382 0.0060598
158.560000 -5.5972767 -0.0177211 1.1209989 0.0074559 0.9998266 0.0107952 -0.0132158
158.768100 -5.6042199 -0.0167350 1.0139873 0.0067314 0.9992946 0.0153357 -0.0336124
158.976200 -5.6157432 -0.0155331 0.9054686 0.0090909 0.9985916 0.0092347 -0.0514474
159.184000 -5.6295066 -0.0136661 0.7955251 0.0143410 0.9979573 0.0055959 -0.0620021
159.391400 -5.6453304 -0.0136762 0.6813287 0.0212240 0.9977375 0.0078351 -0.0633093
159.598800 -5.6593485 -0.0125171 0.5647656 0.0239393 0.9978834 0.0118630 -0.0592870
159.806200 -5.6726108 -0.0105637 0.4451273 0.0269524 0.9981715 0.0144049 -0.0521507
160.013600 -5.6833501 -0.0087278 0.3239671 0.0305962 0.9985420 0.0097586 -0.0433881
160.221200 -5.6919026 -0.0080142 0.2003695 0.0285041 0.9989773 0.0073508 -0.0343194
160.428800 -5.6979980 -0.0070060 0.0720155 0.0297428 0.9991658 0.0097000 -0.0262468
160.636500 -5.7016425 -0.0059224 -0.0581244 0.0266706 0.9994171 0.0098771 -0.0188840
160.844100 -5.7046618 -0.0049547 -0.1896345 0.0268099 0.9995008 0.0110086 -0.0125827
161.051800 -5.7067251 -0.0037960 -0.3216051 0.0263502 0.9995219 0.0134061 -0.0090569
161.259500 -5.7076225 -0.0025085 -0.4522871 0.0250414 0.9996158 0.0099591 -0.0064806
161.467300 -5.7087150 -0.0017373 -0.5837932 0.0258115 0.9995821 0.0117711 -0.0055530
161.675200 -5.7101293 -0.0004123 -0.7139291 0.0283370 0.9995019 0.0124077 -0.0062403
161.883100 -5.7117748 0.0000104 -0.8416229 0.0305826 0.9994669 0.0093704 -0.0065426
162.090800 -5.7137599 0.0012316 -0.9701648 0.0323713 0.9993660 0.0130756 -0.0069766
162.298800 -5.7152953 0.0036773 -1.0974454 0.0274259 0.9993664 0.0209450 -0.0087113
162.506700 -5.7176676 0.0058561 -1.2219434 0.0274000 0.9993970 0.0178782 -0.0116272
162.714600 -5.7203646 0.0078921 -1.3433639 0.0275347 0.9994679 0.0121391 -0.0125846
162.922500 -5.7236471 0.0085990 -1.4617506 0.0302304 0.9993867 0.0128027 -0.0121797
163.130400 -5.7265801 0.0096465 -1.5762627 0.0316384 0.9993514 0.0124233 -0.0118897
163.234200 -5.7275071 0.0097622 -1.6313559 0.0327112 0.9992992 0.0141021 -0.0115015
163.338200 -5.7283196 0.0105570 -1.6853104 0.0320007 0.9992884 0.0166649 -0.0109916
163.442100 -5.7292180 0.0113317 -1.7378454 0.0311771 0.9993049 0.0176558 -0.0102960
163.650000 -5.7313328 0.0118416 -1.8373868 0.0325344 0.9993280 0.0140946 -0.0092901
163.857800 -5.7326946 0.0127159 -1.9296689 0.0314226 0.9994116 0.0109312 -0.0083336
164.065700 -5.7328186 0.0126929 -2.0148370 0.0315116 0.9994003 0.0134145 -0.0051172
164.273600 -5.7326579 0.0128321 -2.0922441 0.0310372 0.9994053 0.0150229 0.0001051
164.585600 -5.7301159 0.0131225 -2.1921856 0.0291771 0.9994174 0.0154326 0.0086851
164.793500 -5.7273884 0.0136492 -2.2509198 0.0286218 0.9993752 0.0137837 0.0154950
165.105500 -5.7215371 0.0136590 -2.3283539 0.0266434 0.9991498 0.0132344 0.0285430
165.313500 -5.7166009 0.0135179 -2.3758717 0.0258599 0.9988358 0.0113333 0.0391137
165.521300 -5.7102842 0.0132579 -2.4204810 0.0238611 0.9983824 0.0080490 0.0509737
165.729200 -5.7032061 0.0128091 -2.4617529 0.0224301 0.9976245 0.0059506 0.0648607
165.937000 -5.6950607 0.0128449 -2.4999106 0.0216006 0.9964384 0.0059226 0.0812950
166.144700 -5.6855206 0.0125844 -2.5365224 0.0221051 0.9944631 0.0067811 0.1025112
166.352300 -5.6732254 0.0121057 -2.5716619 0.0187732 0.9914933 0.0089230 0.1284876
166.560000 -5.6587772 0.0114922 -2.6047614 0.0147866 0.9876407 0.0111949 0.1556339
166.767500 -5.6433530 0.0112923 -2.6367023 0.0135159 0.9827989 0.0124668 0.1837614
166.975100 -5.6259551 0.0112355 -2.6667273 0.0135012 0.9767983 0.0116794 0.2134160
167.182600 -5.6054740 0.0115015 -2.6972685 0.0125313 0.9695127 0.0092155 0.2445468
167.390100 -5.5810385 0.0111408 -2.7285864 0.0107956 0.9604425 0.0067297 0.2781878
167.597600 -5.5525565 0.0111002 -2.7624011 0.0140202 0.9493366 0.0048599 0.3139105
167.805000 -5.5197916 0.0107766 -2.7960877 0.0162826 0.9363168 0.0040640 0.3507552
168.012500 -5.4805050 0.0101013 -2.8301964 0.0172573 0.9210578 0.0029517 0.3890321
168.220000 -5.4346848 0.0091593 -2.8633850 0.0147999 0.9040947 0.0027045 0.4270672
168.427500 -5.3814840 0.0083864 -2.8974631 0.0156740 0.8856172 0.0042432 0.4641320
168.635000 -5.3218842 0.0078504 -2.9302425 0.0159204 0.8665392 0.0059578 0.4988194
168.842900 -5.2531881 0.0067222 -2.9624066 0.0164867 0.8494051 0.0077677 0.5274266
169.051000 -5.1785998 0.0051437 -2.9932218 0.0167263 0.8364850 0.0083261 0.5476712
169.259200 -5.0958877 0.0046183 -3.0256672 0.0201243 0.8266098 0.0103713 0.5623199
169.363400 -5.0531392 0.0041365 -3.0415893 0.0232363 0.8214839 0.0128716 0.5696127
169.467500 -5.0073719 0.0040038 -3.0574367 0.0247027 0.8155335 0.0152625 0.5779809
169.675500 -4.9125328 0.0036733 -3.0864120 0.0262364 0.8010838 0.0211530 0.5976026
169.883500 -4.8171387 0.0032197 -3.1095629 0.0264841 0.7837250 0.0260534 0.6199959
170.195400 -4.6808748 0.0000743 -3.1309040 0.0255898 0.7572165 0.0271909 0.6520959
170.507400 -4.5447941 -0.0015301 -3.1414142 0.0264325 0.7330609 0.0213464 0.6793139
170.924100 -4.3607025 -0.0052090 -3.1460242 0.0231563 0.7161944 0.0154199 0.6973462
171.340500 -4.1762719 -0.0095679 -3.1452262 0.0223826 0.7038309 0.0166202 0.7098203
171.757000 -3.9827044 -0.0141410 -3.1387060 0.0237906 0.6970970 0.0127744 0.7164682
171.965100 -3.8786666 -0.0169264 -3.1353893 0.0243995 0.6947187 0.0142250 0.7187268
172.173200 -3.7710595 -0.0196263 -3.1295216 0.0230028 0.6924935 0.0136257 0.7209285
172.381200 -3.6577163 -0.0218271 -3.1240880 0.0228810 0.6898322 0.0134791 0.7234821
172.589200 -3.5399826 -0.0242540 -3.1170840 0.0232217 0.6873357 0.0120709 0.7258682
172.797400 -3.4187624 -0.0285131 -3.1096375 0.0238670 0.6863897 0.0075566 0.7268029
173.005400 -3.2910640 -0.0324529 -3.1014407 0.0241502 0.6866311 0.0063021 0.7265775
173.213500 -3.1588929 -0.0374105 -3.0935876 0.0221378 0.6866139 0.0082923 0.7266378
173.421400 -3.0238678 -0.0415698 -3.0842378 0.0240929 0.6849115 0.0073110 0.7281911
173.629400 -2.8827326 -0.0459766 -3.0742440 0.0229021 0.6820166 0.0103758 0.7309043
173.837200 -2.7375689 -0.0504480 -3.0628309 0.0232997 0.6780257 0.0120623 0.7345698
174.045000 -2.5875826 -0.0557158 -3.0490150 0.0255920 0.6741384 0.0094101 0.7381015
174.253000 -2.4348278 -0.0608208 -3.0331244 0.0244178 0.6725070 0.0043251 0.7396752
174.460900 -2.2728829 -0.0660674 -3.0153275 0.0201178 0.6725917 0.0015861 0.7397386
174.668900 -2.1122329 -0.0733408 -2.9993231 0.0185179 0.6733603 -0.0014941 0.7390810
174.877000 -1.9478959 -0.0789076 -2.9822621 0.0127043 0.6753060 -0.0015845 0.7374265
175.085100 -1.7806909 -0.0852923 -2.9678121 0.0097823 0.6789436 -0.0020871 0.7341222
175.293200 -1.6139817 -0.0905225 -2.9568901 0.0108790 0.6850759 -0.0043881 0.7283772
175.501500 -1.4423459 -0.0963218 -2.9485419 0.0088465 0.6946007 -0.0030383 0.7193347
175.709600 -1.2729744 -0.1014925 -2.9460363 0.0082897 0.7047716 -0.0009397 0.7093852
175.917600 -1.1015072 -0.1062576 -2.9482665 0.0112186 0.7132077 -0.0020453 0.7008600
176.125500 -0.9280463 -0.1110543 -2.9555573 0.0136304 0.7193946 0.0011918 0.6944669
176.333200 -0.7531886 -0.1156572 -2.9604549 0.0168527 0.7230048 0.0029373 0.6906312
176.540900 -0.5768749 -0.1218767 -2.9691513 0.0175707 0.7226945 0.0056746 0.6909209
176.852300 -0.3098579 -0.1301465 -2.9801495 0.0199648 0.7193514 0.0072336 0.6943218
177.059900 -0.1278823 -0.1350213 -2.9868286 0.0215998 0.7165638 0.0092964 0.6971251
177.267400 0.0567211 -0.1391883 -2.9900308 0.0228411 0.7141556 0.0092144 0.6995535
177.371200 0.1517429 -0.1419250 -2.9917724 0.0212534 0.7133740 0.0114105 0.7003682
177.579000 0.3400609 -0.1470371 -2.9942920 0.0200232 0.7128024 0.0125687 0.7009664
177.786500 0.5303525 -0.1514948 -2.9982214 0.0215431 0.7124370 0.0110668 0.7013180
177.890400 0.6265102 -0.1536157 -2.9991381 0.0212426 0.7125109 0.0100021 0.7012680
178.098000 0.8214451 -0.1591804 -3.0018153 0.0191962 0.7123386 0.0076614 0.7015316
178.201700 0.9170427 -0.1610484 -3.0030532 0.0175814 0.7122360 0.0071190 0.7016837
178.409400 1.1146126 -0.1656095 -3.0045872 0.0169862 0.7123246 0.0073507 0.7016060
178.513100 1.2142209 -0.1679571 -3.0076096 0.0189193 0.7119063 0.0072459 0.7019821
178.617000 1.3140004 -0.1715278 -3.0091400 0.0200607 0.7117084 0.0063402 0.7021599
178.720700 1.4143842 -0.1742598 -3.0093112 0.0219397 0.7116993 0.0058957 0.7021168
178.824600 1.5160664 -0.1780761 -3.0115600 0.0224761 0.7113997 0.0073965 0.7023892
179.032200 1.7200460 -0.1837264 -3.0150619 0.0220262 0.7109030 0.0104948 0.7028667
179.136000 1.8224257 -0.1857104 -3.0169775 0.0244055 0.7105786 0.0116726 0.7030976
179.239900 1.9243090 -0.1887067 -3.0179019 0.0243746 0.7104961 0.0105935 0.7031990
179.343600 2.0263169 -0.1915106 -3.0186386 0.0252150 0.7103296 0.0085931 0.7033650
179.447500 2.1292098 -0.1950546 -3.0188487 0.0246513 0.7101856 0.0063041 0.7035546
179.551400 2.2334590 -0.1988765 -3.0196364 0.0231879 0.7102268 0.0059140 0.7035661
179.655000 2.3358929 -0.2023906 -3.0202394 0.0211580 0.7099950 0.0056388 0.7038662
179.758900 2.4376202 -0.2058804 -3.0210063 0.0214093 0.7096775 0.0068852 0.7041677
179.862600 2.5404351 -0.2096200 -3.0215502 0.0213692 0.7092147 0.0083873 0.7046188
179.966400 2.6439469 -0.2121125 -3.0219398 0.0227183 0.7086744 0.0079265 0.7051252
180.070100 2.7479100 -0.2145566 -3.0219271 0.0227553 0.7083576 0.0079439 0.7054421
180.173900 2.8521500 -0.2179869 -3.0220947 0.0211286 0.7079750 0.0068263 0.7058884
180.277700 2.9550884 -0.2214024 -3.0219100 0.0207334 0.7076186 0.0052148 0.7062711
180.381500 3.0579922 -0.2255785 -3.0213444 0.0196085 0.7072884 0.0048672 0.7066364
180.589000 3.2642431 -0.2326533 -3.0211771 0.0191281 0.7061813 0.0083768 0.7077230
180.692800 3.3676832 -0.2355423 -3.0214357 0.0194749 0.7054676 0.0105250 0.7083964
180.900100 3.5754793 -0.2404177 -3.0202184 0.0200396 0.7043562 0.0110918 0.7094771
181.003900 3.6779835 -0.2444574 -3.0191317 0.0204013 0.7038627 0.0102222 0.7099694
181.211400 3.8825102 -0.2502934 -3.0160751 0.0195230 0.7029475 0.0103175 0.7108989
181.418900 4.0880919 -0.2558233 -3.0127983 0.0193222 0.7019280 0.0125998 0.7118743
181.626400 4.2919135 -0.2601125 -3.0099359 0.0208483 0.7008526 0.0110044 0.7129165
181.834000 4.4933987 -0.2663729 -3.0049555 0.0196014 0.7006350 0.0091179 0.7131923
182.041800 4.6943951 -0.2728468 -3.0004280 0.0178079 0.7013397 0.0113406 0.7125145
182.249400 4.8943291 -0.2778598 -2.9979861 0.0207198 0.7012103 0.0124076 0.7125453
182.456900 5.0956531 -0.2829121 -2.9932752 0.0217542 0.7011929 0.0094658 0.7125767
182.664500 5.2947068 -0.2895385 -2.9899302 0.0200704 0.7009022 0.0094281 0.7129126
182.872100 5.4933295 -0.2955668 -2.9858611 0.0213011 0.7003333 0.0102714 0.7134241
183.079600 5.6892333 -0.3023962 -2.9812498 0.0225809 0.6996263 0.0087674 0.7140982
183.391100 5.9824796 -0.3132948 -2.9750485 0.0240465 0.6989483 0.0076249 0.7147272
183.598600 6.1750231 -0.3211087 -2.9692266 0.0234705 0.6985018 0.0105826 0.7151451
183.910100 6.4589071 -0.3313206 -2.9629858 0.0252371 0.6974378 0.0092923 0.7161406
184.117700 6.6462507 -0.3376835 -2.9568582 0.0236746 0.6973152 0.0083085 0.7163253
184.325400 6.8291626 -0.3460991 -2.9511504 0.0233971 0.6969093 0.0101619 0.7167055
184.532900 7.0103235 -0.3525808 -2.9441998 0.0235218 0.6965927 0.0100166 0.7170112
184.740500 7.1901603 -0.3596341 -2.9364810 0.0238892 0.6965306 0.0092615 0.7170694
184.948100 7.3670263 -0.3667994 -2.9308779 0.0243078 0.6961337 0.0096066 0.7174362
185.155700 7.5404329 -0.3742796 -2.9236956 0.0235696 0.6960763 0.0105149 0.7175037
185.363400 7.7075210 -0.3814637 -2.9183888 0.0226486 0.6955585 0.0117657 0.7180160
185.571000 7.8661370 -0.3866913 -2.9115787 0.0217844 0.6955708 0.0102086 0.7180546
185.778600 8.0219679 -0.3921144 -2.9071562 0.0208554 0.6951671 0.0114446 0.7184545
185.986200 8.1729412 -0.3975345 -2.9022725 0.0207738 0.6948459 0.0139558 0.7187231
186.194000 8.3176632 -0.4028776 -2.8958826 0.0258369 0.6955992 0.0075743 0.7179254
186.401700 8.4570599 -0.4092429 -2.8921475 0.0248528 0.6977812 0.0106175 0.7158009
186.609600 8.5907803 -0.4145452 -2.8895955 0.0250339 0.7002322 0.0136538 0.7133455
186.713500 8.6552830 -0.4169236 -2.8891468 0.0253548 0.7014880 0.0155924 0.7120594
186.921400 8.7808447 -0.4214744 -2.8874638 0.0237429 0.7042798 0.0180155 0.7092966
187.129300 8.8980970 -0.4243039 -2.8875012 0.0228859 0.7066056 0.0188541 0.7069861
187.337100 9.0076752 -0.4284604 -2.8880394 0.0262057 0.7087162 0.0196071 0.7047341
187.545100 9.1103745 -0.4311596 -2.8891387 0.0308409 0.7106795 0.0206081 0.7025374
187.857000 9.2543840 -0.4367116 -2.8912826 0.0323965 0.7129184 0.0192163 0.7002346
188.065000 9.3414898 -0.4405016 -2.8924267 0.0318025 0.7146045 0.0170657 0.6985970
188.272900 9.4218750 -0.4439472 -2.8934793 0.0301703 0.7151911 0.0159948 0.6980943
188.480700 9.4946327 -0.4477330 -2.8943779 0.0299698 0.7143340 0.0150042 0.6990020
188.688600 9.5607033 -0.4508687 -2.8941615 0.0300594 0.7104637 0.0145768 0.7029405
188.896400 9.6199846 -0.4535506 -2.8925185 0.0283647 0.7047879 0.0125164 0.7087403
189.104100 9.6730680 -0.4558924 -2.8889651 0.0271597 0.6972568 0.0106805 0.7162271
189.519000 9.7640610 -0.4603792 -2.8779979 0.0268038 0.6654417 0.0117133 0.7458764
189.726400 9.8062992 -0.4624293 -2.8656034 0.0229045 0.6415787 0.0092336 0.7666596
189.933800 9.8471870 -0.4647898 -2.8499935 0.0188124 0.6136270 0.0053115 0.7893541
190.141200 9.8849926 -0.4669657 -2.8334200 0.0163547 0.5831994 0.0019928 0.8121619
190.348700 9.9215899 -0.4687578 -2.8132784 0.0160900 0.5505691 -0.0014607 0.8346333
190.556200 9.9601917 -0.4699905 -2.7879663 0.0158402 0.5151329 -0.0035989 0.8569564
190.763600 10.0005970 -0.4727431 -2.7588949 0.0156228 0.4755874 -0.0031910 0.8795240
190.971000 10.0401115 -0.4748614 -2.7215459 0.0152608 0.4327797 -0.0054140 0.9013543
191.178600 10.0797005 -0.4766031 -2.6766927 0.0140785 0.3859972 -0.0101092 0.9223371
191.386300 10.1209087 -0.4792354 -2.6232417 0.0120684 0.3414823 -0.0110016 0.9397463
191.594200 10.1617508 -0.4823408 -2.5604134 0.0117612 0.2998410 -0.0132605 0.9538245
191.802200 10.2013016 -0.4844690 -2.4881191 0.0141171 0.2626415 -0.0141514 0.9646864
192.010200 10.2420826 -0.4872963 -2.4056149 0.0147993 0.2284400 -0.0119609 0.9733720
192.218200 10.2802620 -0.4903105 -2.3127151 0.0114269 0.1919658 -0.0056603 0.9813188
192.426500 10.3144999 -0.4939812 -2.2084422 0.0069684 0.1581734 -0.0044289 0.9873768
192.634700 10.3452301 -0.4967159 -2.0942533 0.0121247 0.1282871 0.0011022 0.9916623
192.843000 10.3734531 -0.4999441 -1.9670490 0.0112402 0.1012562 0.0056847 0.9947807
193.051100 10.3957672 -0.5031110 -1.8286457 0.0076275 0.0720178 0.0123353 0.9972979
193.259200 10.4107342 -0.5053380 -1.6813799 0.0039216 0.0447724 0.0158359 0.9988640
193.467400 10.4166460 -0.5076060 -1.5230258 0.0028776 0.0222810 0.0078826 0.9997165
193.675600 10.4170685 -0.5095177 -1.3565385 0.0075327 0.0046352 0.0052785 0.9999470
193.884000 10.4125061 -0.5138147 -1.1785760 0.0077761 -0.0071694 0.0009746 0.9999436
194.092200 10.4063950 -0.5173106 -0.9938498 0.0041609 -0.0158018 0.0002115 0.9998665
194.300600 10.3981247 -0.5214117 -0.8084022 0.0011689 -0.0199816 -0.0007848 0.9997994
194.509000 10.3889885 -0.5244154 -0.6224079 0.0024482 -0.0208592 -0.0014671 0.9997783
194.717400 10.3807650 -0.5291612 -0.4381236 0.0035963 -0.0199299 -0.0021555 0.9997926
194.925600 10.3726931 -0.5330968 -0.2532406 0.0018513 -0.0193610 -0.0013115 0.9998100
195.133700 10.3645630 -0.5366589 -0.0686008 0.0017621 -0.0185635 -0.0017304 0.9998246
195.341700 10.3569746 -0.5410572 0.1143121 0.0035741 -0.0180626 -0.0023568 0.9998277
195.549600 10.3503809 -0.5460272 0.2979754 0.0044232 -0.0178188 -0.0010542 0.9998309
195.653600 10.3469582 -0.5484800 0.3901260 0.0026309 -0.0173349 -0.0004268 0.9998462
195.861500 10.3401546 -0.5530121 0.5724149 0.0005510 -0.0162090 0.0011649 0.9998678
196.069400 10.3334465 -0.5574669 0.7543784 0.0029652 -0.0149001 0.0010964 0.9998840
196.277200 10.3281851 -0.5608903 0.9336975 0.0010970 -0.0138502 0.0016891 0.9999021
196.485100 10.3224096 -0.5650725 1.1097864 -0.0013407 -0.0126308 0.0013608 0.9999184
196.692900 10.3175297 -0.5680609 1.2808287 -0.0004624 -0.0118910 0.0009268 0.9999288
196.900700 10.3118649 -0.5713956 1.4459081 -0.0004655 -0.0111534 -0.0006333 0.9999375
197.108600 10.3078899 -0.5755442 1.6036034 0.0023587 -0.0110221 -0.0010944 0.9999359
197.316400 10.3040028 -0.5785161 1.7576202 -0.0003908 -0.0106362 -0.0005403 0.9999432
197.524100 10.2990456 -0.5819115 1.9047364 -0.0057967 -0.0099642 -0.0006600 0.9999334
197.939800 10.2925682 -0.5854774 2.1685331 -0.0014148 -0.0082224 -0.0002668 0.9999651
198.251900 10.2907944 -0.5891564 2.3424025 -0.0014179 0.0035461 -0.0043551 0.9999833
198.668900 10.3039722 -0.5934556 2.5358067 -0.0019888 0.0489664 -0.0075578 0.9987699
198.982000 10.3302202 -0.5967898 2.6549938 -0.0000406 0.1061505 -0.0062829 0.9943302
199.295100 10.3688116 -0.5996944 2.7542088 0.0024851 0.1710342 -0.0044808 0.9852518
199.608000 10.4164925 -0.6030768 2.8377502 0.0031749 0.2387971 -0.0024628 0.9710612
199.920600 10.4688568 -0.6064867 2.9063025 0.0058823 0.3029033 -0.0018729 0.9530013
200.232900 10.5235138 -0.6086497 2.9579446 0.0119896 0.3607022 0.0032657 0.9325982
200.544800 10.5700073 -0.6112522 2.9914489 0.0169205 0.4049574 0.0082899 0.9141414
200.752500 10.5959167 -0.6127872 3.0096455 0.0171838 0.4310679 0.0020723 0.9021534
200.960400 10.6226358 -0.6139156 3.0260134 0.0147697 0.4567696 -0.0020417 0.8894600
201.480100 10.6945648 -0.6173324 3.0576503 0.0135344 0.5187657 -0.0020325 0.8548069
201.688100 10.7253504 -0.6184096 3.0665727 0.0119225 0.5420564 0.0027113 0.8402532
202.103800 10.7875395 -0.6201919 3.0817549 0.0132185 0.5820477 0.0057464 0.8130269
202.311500 10.8198252 -0.6208813 3.0893302 0.0094684 0.5996149 0.0041492 0.8002219
202.415400 10.8362169 -0.6210794 3.0926135 0.0078922 0.6082482 0.0036401 0.7936993
202.934600 10.9218216 -0.6243532 3.1021841 0.0078226 0.6418183 0.0128298 0.7667094
203.142100 10.9557743 -0.6251515 3.1068463 0.0071316 0.6512071 0.0105097 0.7587938
203.349800 10.9902983 -0.6248266 3.1077495 0.0153144 0.6600257 0.0120717 0.7509899
203.557400 11.0255547 -0.6261571 3.1098630 0.0154355 0.6695843 0.0117703 0.7424824
203.765000 11.0617065 -0.6272576 3.1123528 0.0132399 0.6782181 0.0092239 0.7346835
204.180000 11.1418200 -0.6291747 3.1151340 0.0203039 0.6862572 0.0062714 0.7270485
204.387500 11.1910419 -0.6301323 3.1192031 0.0196259 0.6863893 0.0036290 0.7269604
204.595100 11.2457733 -0.6318727 3.1220462 0.0185850 0.6863022 0.0051595 0.7270607
204.802800 11.3043747 -0.6339763 3.1257956 0.0167295 0.6868467 0.0046922 0.7265946
205.218000 11.4303246 -0.6379867 3.1332378 0.0129068 0.6886543 0.0058988 0.7249510
205.425800 11.4965181 -0.6395368 3.1368797 0.0118250 0.6899228 0.0055051 0.7237654
205.633600 11.5667839 -0.6414782 3.1398451 0.0112993 0.6917049 0.0084568 0.7220424
205.841500 11.6364174 -0.6431760 3.1410255 0.0122072 0.6939558 0.0115551 0.7198214
206.049500 11.7091932 -0.6446863 3.1435118 0.0103416 0.6991020 0.0094488 0.7148846
206.257400 11.7817326 -0.6463042 3.1446176 0.0092843 0.7046396 0.0077564 0.7094622
206.465400 11.8550272 -0.6477993 3.1423459 0.0142681 0.7096382 0.0090193 0.7043639
206.673400 11.9308271 -0.6493022 3.1380079 0.0186627 0.7151449 0.0108231 0.6986431
206.881300 12.0107851 -0.6506679 3.1354527 0.0173467 0.7198144 0.0100373 0.6938772
207.089000 12.0940533 -0.6532208 3.1310179 0.0173109 0.7226558 0.0117877 0.6908907
207.296800 12.1819429 -0.6547734 3.1251044 0.0221946 0.7223914 0.0163047 0.6909359
207.504300 12.2726488 -0.6570750 3.1223595 0.0258202 0.7170457 0.0172272 0.6963347
207.711400 12.3684120 -0.6592150 3.1244526 0.0256100 0.7036914 0.0170763 0.7098387
207.918900 12.4688816 -0.6611712 3.1310763 0.0218447 0.6896307 0.0172254 0.7236267
208.126500 12.5749626 -0.6642498 3.1431501 0.0163802 0.6789334 0.0127396 0.7339066
208.334500 12.6861515 -0.6669407 3.1562834 0.0161096 0.6745898 0.0053073 0.7379979
208.542800 12.8027115 -0.6696299 3.1671524 0.0171187 0.6767473 0.0025292 0.7360120
208.751000 12.9253855 -0.6729032 3.1757758 0.0121877 0.6827976 0.0049528 0.7304891
208.959300 13.0510702 -0.6758989 3.1816192 0.0101428 0.6896759 0.0079566 0.7240034
209.167300 13.1796045 -0.6786968 3.1866074 0.0126655 0.6962356 0.0049016 0.7176849
209.375300 13.3131990 -0.6821022 3.1895030 0.0139397 0.7012663 0.0027830 0.7127576
209.583200 13.4485312 -0.6857520 3.1924655 0.0100028 0.7041882 0.0026460 0.7099379
209.687000 13.5169697 -0.6875402 3.1925168 0.0096486 0.7049640 0.0033206 0.7091696
209.790900 13.5848074 -0.6895221 3.1928229 0.0089001 0.7058110 0.0035715 0.7083353
209.998600 13.7213335 -0.6923840 3.1938350 0.0065247 0.7073931 0.0051468 0.7067715
210.206400 13.8565845 -0.6962103 3.1941714 0.0082439 0.7082843 0.0038525 0.7058687
210.414200 13.9896975 -0.6988236 3.1935089 0.0119896 0.7082058 0.0006112 0.7059040
210.621900 14.1262913 -0.7033648 3.1941655 0.0103346 0.7082058 0.0017537 0.7059282
210.829600 14.2608814 -0.7077438 3.1949430 0.0097137 0.7074905 0.0007089 0.7066557
211.037300 14.3944969 -0.7106392 3.1968889 0.0065800 0.7070363 0.0005142 0.7071465
211.245200 14.5272512 -0.7144831 3.1978767 0.0031187 0.7062345 0.0012415 0.7079700
211.452900 14.6583042 -0.7180808 3.2014940 0.0013628 0.7052914 -0.0034157 0.7089080
211.660600 14.7883739 -0.7220680 3.2042351 0.0038169 0.7034079 -0.0074040 0.7107376
211.764500 14.8529987 -0.7239678 3.2065799 0.0022727 0.7022966 -0.0101327 0.7118087
211.972300 14.9828548 -0.7283958 3.2098591 0.0030692 0.7000069 -0.0095527 0.7140656
212.180300 15.1116705 -0.7339787 3.2138312 0.0058196 0.6996095 -0.0126301 0.7143901
212.388100 15.2406073 -0.7389050 3.2168357 0.0077429 0.6999573 -0.0118431 0.7140445
212.596100 15.3709946 -0.7439855 3.2193060 0.0077471 0.7008186 -0.0076333 0.7132567
212.700100 15.4355907 -0.7469183 3.2209115 0.0067968 0.7011927 -0.0065276 0.7129096
213.012000 15.6289225 -0.7545230 3.2236564 0.0124240 0.7017840 -0.0049640 0.7122641
213.219900 15.7560959 -0.7597846 3.2254214 0.0129619 0.7019811 -0.0039633 0.7120666
213.427800 15.8823881 -0.7648090 3.2271297 0.0132879 0.7013546 -0.0016743 0.7126867
213.635800 16.0091286 -0.7695853 3.2308550 0.0100452 0.7011831 -0.0038405 0.7129002
213.947700 16.1969376 -0.7774241 3.2349315 0.0113526 0.7026222 -0.0049192 0.7114555
214.155500 16.3226357 -0.7826408 3.2367311 0.0106337 0.7025902 -0.0033451 0.7115074
214.467400 16.5115871 -0.7902603 3.2401981 0.0111104 0.7033781 -0.0022649 0.7107254
214.675300 16.6378193 -0.7947400 3.2428465 0.0109102 0.7032740 -0.0024261 0.7108310
214.883100 16.7625103 -0.7997510 3.2442048 0.0164352 0.7030013 -0.0021855 0.7109953
214.986900 16.8244209 -0.8024381 3.2461782 0.0176737 0.7030003 -0.0043428 0.7109566
215.090900 16.8868523 -0.8053572 3.2473767 0.0165922 0.7026938 -0.0048867 0.7112822
215.194800 16.9500294 -0.8079246 3.2488384 0.0148518 0.7028049 -0.0042053 0.7112151
215.298700 17.0128021 -0.8105122 3.2497306 0.0130147 0.7027825 -0.0017620 0.7112835
215.402600 17.0752316 -0.8130375 3.2505887 0.0120452 0.7027970 -0.0002155 0.7112885
215.506600 17.1375217 -0.8158040 3.2515974 0.0112484 0.7029606 -0.0008593 0.7111394
215.610500 17.2002068 -0.8183105 3.2522790 0.0113352 0.7030169 -0.0031628 0.7110758
215.714500 17.2618179 -0.8199821 3.2535512 0.0131267 0.7034189 -0.0040720 0.7106426
215.818400 17.3248272 -0.8225109 3.2538722 0.0146175 0.7033130 -0.0037278 0.7107202
216.026300 17.4506378 -0.8269006 3.2564943 0.0109770 0.7041795 -0.0012945 0.7099360
216.130300 17.5134335 -0.8292036 3.2577348 0.0087396 0.7044554 -0.0007833 0.7096940
216.338200 17.6387157 -0.8338823 3.2579062 0.0124271 0.7046136 -0.0014331 0.7094810
216.442100 17.7016010 -0.8350022 3.2589927 0.0123419 0.7050887 -0.0038314 0.7090014
216.650200 17.8282452 -0.8400124 3.2591314 0.0119197 0.7054655 0.0007175 0.7086436
216.858100 17.9529648 -0.8452944 3.2597055 0.0129840 0.7058316 -0.0009589 0.7082600
217.066000 18.0776806 -0.8498200 3.2594013 0.0183288 0.7055501 0.0008910 0.7084224
217.273900 18.2030067 -0.8553115 3.2606335 0.0194258 0.7059570 -0.0016048 0.7079865
217.481800 18.3287334 -0.8610604 3.2605948 0.0194713 0.7052583 -0.0014586 0.7086815
217.689600 18.4556198 -0.8664781 3.2619166 0.0130968 0.7046806 0.0020172 0.7094010
217.897500 18.5814095 -0.8713393 3.2627513 0.0154785 0.7039165 0.0014891 0.7101125
218.105400 18.7080364 -0.8747693 3.2650518 0.0164176 0.7035620 0.0006248 0.7104440
218.313300 18.8344364 -0.8801531 3.2658663 0.0150207 0.7028120 0.0080347 0.7111716
218.521100 18.9599533 -0.8849924 3.2686756 0.0193034 0.7031263 0.0025286 0.7107985
218.625000 19.0220261 -0.8880057 3.2700257 0.0209800 0.7032329 -0.0010015 0.7106493
218.729000 19.0844383 -0.8896205 3.2709994 0.0237502 0.7031821 -0.0012511 0.7106119
218.832900 19.1471310 -0.8927193 3.2706940 0.0229456 0.7028980 0.0024094 0.7109164
218.936900 19.2102757 -0.8961455 3.2725339 0.0194168 0.7034241 0.0030805 0.7104985
219.040800 19.2725925 -0.8993960 3.2741992 0.0173572 0.7034515 0.0020219 0.7105284
219.248600 19.3956718 -0.9051442 3.2756593 0.0235736 0.7031874 -0.0007066 0.7106133
219.456500 19.5195503 -0.9101064 3.2779772 0.0218110 0.7036398 -0.0007556 0.7102216
219.560400 19.5804062 -0.9136295 3.2795649 0.0179898 0.7037969 0.0003018 0.7101734
219.768400 19.7011127 -0.9188920 3.2816684 0.0159032 0.7041354 0.0002854 0.7098876
219.976300 19.8194180 -0.9245197 3.2840018 0.0169766 0.7052211 -0.0002199 0.7087842
