3.630286 0.0000000 0.0000000 0.0000000 0.0000000 0.0000000 0.0000000 1.0000000
3.837524 0.0036311 -0.0005208 0.0466896 0.0007112 0.0251631 0.0036236 0.9996765
3.941290 0.0194623 -0.0011295 0.0640781 0.0011671 0.0266726 0.0065679 0.9996220
4.148625 0.0306348 -0.0016894 0.1099020 0.0010611 0.0405230 0.0122011 0.9991035
4.355974 0.0461870 -0.0030380 0.1548485 -0.0000257 0.0474942 0.0155615 0.9987503
4.459609 0.0529965 -0.0036006 0.1769396 -0.0009521 0.0504175 0.0159688 0.9986001
4.563217 0.0591524 -0.0039810 0.1995534 -0.0010199 0.0534162 0.0162532 0.9984396
4.666947 0.0666640 -0.0049352 0.2223456 -0.0003768 0.0549064 0.0166338 0.9983529
4.770559 0.0740484 -0.0046708 0.2457350 0.0015659 0.0560666 0.0170637 0.9982800
4.874319 0.0820303 -0.0039428 0.2694939 0.0035823 0.0562212 0.0174858 0.9982588
4.977967 0.0887492 -0.0034709 0.2931094 0.0046730 0.0560418 0.0173558 0.9982666
5.081656 0.0956749 -0.0037941 0.3173850 0.0050462 0.0546737 0.0176105 0.9983362
5.185269 0.1027300 -0.0036588 0.3420211 0.0062707 0.0526592 0.0186156 0.9984193
5.288943 0.1091091 -0.0035728 0.3667149 0.0074620 0.0506184 0.0181555 0.9985251
5.496314 0.1209585 -0.0035703 0.4169749 0.0078774 0.0456150 0.0184501 0.9987577
5.703641 0.1307387 -0.0045840 0.4670803 0.0056429 0.0398000 0.0191849 0.9990075
5.807340 0.1343745 -0.0039209 0.4920022 0.0073879 0.0376991 0.0199033 0.9990636
5.910955 0.1377923 -0.0033240 0.5168327 0.0088674 0.0351812 0.0188204 0.9991644
6.014715 0.1402357 -0.0033452 0.5394213 0.0099755 0.0341398 0.0199875 0.9991674
6.118447 0.1425194 -0.0032345 0.5614409 0.0112143 0.0326723 0.0189928 0.9992227
6.221927 0.1443835 -0.0033320 0.5830235 0.0128111 0.0313904 0.0186693 0.9992507
6.325669 0.1463846 -0.0035764 0.6051103 0.0134251 0.0294607 0.0188102 0.9992988
6.429280 0.1481844 -0.0037430 0.6273640 0.0138876 0.0273128 0.0179425 0.9993694
6.533021 0.1498215 -0.0040508 0.6496980 0.0150993 0.0255250 0.0185394 0.9993882
6.636673 0.1516351 -0.0042487 0.6722817 0.0164707 0.0233935 0.0182369 0.9994243
6.740399 0.1534450 -0.0045217 0.6948205 0.0179152 0.0212966 0.0185978 0.9994397
6.844097 0.1548754 -0.0048730 0.7177877 0.0189541 0.0191476 0.0188309 0.9994596
6.947755 0.1564111 -0.0054217 0.7406868 0.0190408 0.0168282 0.0199078 0.9994788
7.051471 0.1579266 -0.0059769 0.7637874 0.0190719 0.0143128 0.0213469 0.9994878
7.155209 0.1590286 -0.0066823 0.7871933 0.0202600 0.0121771 0.0223242 0.9994713
7.258923 0.1601014 -0.0072395 0.8106300 0.0221878 0.0097007 0.0233782 0.9994333
7.362568 0.1604196 -0.0078371 0.8342128 0.0232982 0.0079921 0.0224772 0.9994439
7.569925 0.1592554 -0.0084686 0.8771270 0.0250749 0.0062531 0.0231908 0.9993970
7.777286 0.1588177 -0.0096695 0.9097357 0.0258963 0.0057818 0.0242407 0.9993539
8.088400 0.1588409 -0.0118218 0.9582639 0.0279315 0.0050108 0.0224468 0.9993452
8.192118 0.1584392 -0.0123452 0.9748375 0.0288914 0.0059199 0.0213803 0.9993364
8.399546 0.1574000 -0.0144783 1.0078076 0.0283252 0.0078171 0.0208918 0.9993498
8.503235 0.1570968 -0.0154092 1.0243556 0.0281437 0.0081879 0.0197251 0.9993757
8.606978 0.1569208 -0.0164538 1.0411241 0.0286370 0.0092550 0.0198061 0.9993508
8.710698 0.1568928 -0.0176146 1.0583603 0.0289841 0.0107342 0.0196576 0.9993289
8.814436 0.1568279 -0.0187059 1.0754478 0.0293966 0.0128810 0.0201175 0.9992824
8.918107 0.1565881 -0.0197765 1.0926236 0.0289786 0.0156217 0.0193491 0.9992706
9.021867 0.1570154 -0.0210827 1.1101602 0.0284893 0.0177301 0.0190949 0.9992544
9.125548 0.1567009 -0.0220494 1.1276970 0.0291101 0.0210569 0.0181261 0.9991900
9.229148 0.1573953 -0.0232853 1.1457757 0.0299520 0.0233336 0.0185019 0.9991077
9.332783 0.1577867 -0.0245544 1.1636765 0.0307918 0.0259965 0.0185430 0.9990156
9.436507 0.1585323 -0.0258686 1.1819314 0.0307800 0.0283691 0.0181983 0.9989578
9.540126 0.1591835 -0.0271895 1.2001933 0.0305918 0.0309847 0.0174313 0.9988995
9.643856 0.1597392 -0.0284081 1.2186372 0.0303577 0.0341074 0.0164744 0.9988211
9.747566 0.1608258 -0.0295728 1.2376814 0.0301995 0.0370145 0.0162479 0.9987261
9.954854 0.1631691 -0.0321030 1.2759161 0.0307785 0.0428570 0.0168530 0.9984648
10.058450 0.1647113 -0.0333478 1.2952139 0.0313628 0.0457609 0.0166143 0.9983217
10.265950 0.1679598 -0.0360369 1.3339649 0.0312462 0.0516110 0.0168714 0.9980357
10.577010 0.1729451 -0.0398608 1.3926580 0.0317131 0.0599451 0.0171518 0.9975504
10.680800 0.1755146 -0.0413634 1.4134102 0.0313638 0.0620871 0.0186717 0.9974031
10.888380 0.1809548 -0.0437922 1.4548451 0.0318863 0.0655616 0.0181249 0.9971742
11.096280 0.1866256 -0.0466815 1.4960917 0.0322262 0.0689048 0.0170414 0.9969569
11.199650 0.1895752 -0.0480577 1.5170832 0.0326755 0.0712520 0.0166165 0.9967845
11.303360 0.1925566 -0.0496025 1.5374676 0.0323381 0.0733558 0.0164907 0.9966450
11.407080 0.1956094 -0.0510994 1.5582191 0.0325551 0.0756837 0.0169936 0.9964554
11.510570 0.1987910 -0.0526566 1.5791245 0.0327078 0.0779777 0.0169096 0.9962749
11.614180 0.2021137 -0.0541826 1.6000452 0.0325994 0.0803225 0.0164966 0.9960991
11.821430 0.2090356 -0.0572094 1.6417582 0.0321362 0.0845975 0.0169278 0.9957530
11.925060 0.2126052 -0.0586779 1.6629335 0.0323695 0.0867067 0.0173566 0.9955566
12.028650 0.2163359 -0.0601708 1.6840398 0.0329045 0.0886207 0.0175838 0.9953665
12.132140 0.2201579 -0.0617426 1.7052397 0.0336283 0.0904446 0.0175719 0.9951785
12.235950 0.2240456 -0.0632844 1.7264317 0.0341070 0.0922553 0.0180494 0.9949874
12.339620 0.2280247 -0.0648629 1.7477887 0.0344450 0.0940188 0.0178633 0.9948140
12.443230 0.2321422 -0.0663792 1.7692060 0.0343999 0.0958588 0.0178208 0.9946407
12.650590 0.2405589 -0.0694757 1.8120452 0.0346649 0.0999053 0.0189548 0.9942122
12.857820 0.2495335 -0.0727478 1.8553005 0.0341533 0.1029740 0.0206362 0.9938833
13.065050 0.2587819 -0.0758378 1.8986466 0.0343860 0.1058608 0.0200713 0.9935836
13.272410 0.2680907 -0.0790630 1.9420518 0.0363939 0.1092022 0.0192470 0.9931666
13.479770 0.2781102 -0.0825187 1.9856285 0.0375309 0.1124081 0.0180985 0.9927881
13.687000 0.2880419 -0.0861552 2.0291216 0.0368557 0.1164860 0.0185497 0.9923349
13.894440 0.2983826 -0.0895307 2.0724189 0.0364560 0.1205990 0.0186143 0.9918571
14.101800 0.3091905 -0.0928909 2.1158788 0.0369574 0.1245325 0.0179943 0.9913637
14.309200 0.3205411 -0.0963798 2.1595409 0.0374783 0.1277408 0.0182662 0.9909309
14.516540 0.3321291 -0.0998529 2.2030933 0.0368204 0.1304330 0.0198367 0.9905746
14.723680 0.3440448 -0.1033066 2.2469561 0.0374665 0.1332238 0.0202223 0.9901711
14.931630 0.3558638 -0.1069079 2.2901525 0.0381842 0.1362289 0.0197954 0.9897433
15.138550 0.3682842 -0.1105105 2.3340316 0.0390501 0.1391316 0.0185056 0.9893306
15.345730 0.3805015 -0.1141709 2.3775945 0.0390551 0.1422930 0.0198277 0.9888550
15.553070 0.3937351 -0.1178500 2.4218774 0.0383611 0.1452813 0.0199244 0.9884456
15.760420 0.4069516 -0.1215338 2.4655428 0.0385192 0.1487995 0.0186483 0.9879409
15.967780 0.4205572 -0.1252078 2.5091591 0.0384324 0.1525456 0.0180868 0.9873832
16.175170 0.4344684 -0.1288677 2.5526950 0.0381451 0.1566843 0.0175070 0.9867566
16.382370 0.4486187 -0.1326625 2.5962198 0.0385865 0.1609304 0.0175755 0.9860545
16.589730 0.4634848 -0.1362423 2.6394055 0.0388122 0.1646021 0.0177686 0.9854360
16.796960 0.4776947 -0.1400281 2.6831577 0.0391665 0.1692183 0.0176056 0.9846427
17.004320 0.4928372 -0.1436658 2.7266164 0.0398697 0.1731367 0.0186361 0.9839140
17.212260 0.5085515 -0.1473810 2.7704039 0.0409234 0.1766558 0.0207435 0.9832028
17.418950 0.5241759 -0.1515569 2.8135817 0.0424570 0.1800132 0.0223377 0.9824936
17.626280 0.5408508 -0.1551712 2.8571851 0.0433619 0.1832252 0.0232651 0.9818386
17.833610 0.5578781 -0.1591410 2.9011056 0.0437570 0.1869752 0.0233314 0.9811122
18.041020 0.5754605 -0.1631210 2.9454117 0.0440348 0.1904296 0.0218473 0.9804694
18.248220 0.5931800 -0.1670446 2.9897010 0.0438390 0.1931457 0.0236459 0.9799049
18.455670 0.6118221 -0.1709307 3.0344863 0.0436101 0.1952983 0.0240853 0.9794778
18.663050 0.6306596 -0.1750653 3.0795548 0.0429249 0.1980150 0.0250036 0.9789394
18.766280 0.6403759 -0.1769866 3.1019046 0.0428278 0.1989554 0.0253816 0.9787432
18.973530 0.6596179 -0.1809641 3.1471767 0.0447958 0.2015817 0.0245292 0.9781393
19.077140 0.6693837 -0.1830255 3.1696587 0.0446920 0.2032342 0.0240284 0.9778144
19.180870 0.6792092 -0.1850604 3.1922874 0.0441485 0.2056322 0.0234565 0.9773515
19.284530 0.6890927 -0.1870804 3.2151499 0.0429558 0.2087672 0.0222528 0.9767681
19.491840 0.7098215 -0.1911821 3.2609067 0.0424939 0.2137360 0.0224677 0.9757082
19.595460 0.7189099 -0.1923579 3.2832258 0.0431232 0.2170698 0.0222835 0.9749485
19.802840 0.7400725 -0.1966489 3.3288889 0.0429627 0.2216382 0.0236766 0.9738943
19.906420 0.7520365 -0.1989897 3.3523998 0.0420794 0.2234706 0.0244710 0.9734944
20.010030 0.7623163 -0.2010014 3.3748662 0.0411871 0.2260489 0.0241058 0.9729462
20.113650 0.7734564 -0.2028863 3.3974886 0.0413876 0.2281191 0.0237649 0.9724628
20.217270 0.7848328 -0.2050107 3.4204402 0.0409843 0.2305479 0.0239175 0.9719032
20.320880 0.7964824 -0.2069925 3.4434602 0.0408348 0.2328007 0.0246116 0.9713551
20.424500 0.8082477 -0.2089607 3.4663901 0.0403394 0.2348706 0.0251506 0.9708635
20.528120 0.8198913 -0.2108364 3.4895468 0.0402129 0.2370986 0.0246385 0.9703402
20.631730 0.8319839 -0.2127954 3.5125408 0.0396903 0.2386991 0.0249672 0.9699609
20.838960 0.8563887 -0.2166886 3.5584967 0.0393568 0.2418513 0.0241737 0.9692134
21.046320 0.8805922 -0.2206374 3.6032798 0.0398743 0.2448423 0.0215566 0.9685028
21.149940 0.8932396 -0.2223844 3.6265423 0.0392275 0.2459818 0.0204091 0.9682653
21.357170 0.9180525 -0.2261523 3.6710567 0.0390379 0.2486024 0.0215028 0.9675797
21.460820 0.9301957 -0.2279490 3.6929102 0.0389463 0.2502334 0.0208334 0.9671775
21.668140 0.9548070 -0.2318788 3.7364488 0.0359317 0.2525394 0.0203528 0.9667050
21.875360 0.9787529 -0.2353484 3.7793133 0.0359794 0.2554675 0.0206268 0.9659277
21.979040 0.9876581 -0.2367770 3.7960117 0.0351476 0.2595845 0.0206756 0.9648591
22.082650 0.9967815 -0.2381177 3.8120303 0.0341866 0.2633598 0.0205954 0.9638718
22.186210 1.0056784 -0.2394286 3.8280606 0.0333195 0.2674202 0.0188149 0.9628199
22.290250 1.0144417 -0.2405726 3.8437045 0.0334040 0.2718895 0.0136244 0.9616520
22.497250 1.0350504 -0.2425251 3.8744650 0.0401236 0.2795423 0.0119495 0.9592202
22.600850 1.0457423 -0.2436190 3.8892548 0.0389060 0.2820733 0.0155922 0.9584768
22.704440 1.0569900 -0.2445126 3.9045427 0.0333905 0.2855893 0.0165903 0.9576265
22.808100 1.0691396 -0.2450675 3.9191530 0.0283276 0.2889090 0.0153188 0.9568148
22.911770 1.0814718 -0.2461261 3.9332404 0.0245779 0.2927334 0.0125942 0.9557952
23.119010 1.1032972 -0.2502585 3.9608121 0.0222214 0.3002732 0.0140919 0.9534903
23.222650 1.1152866 -0.2542411 3.9799395 0.0221501 0.3075407 0.0164167 0.9511354
23.326370 1.1178395 -0.2541509 3.9952018 0.0230013 0.3152840 0.0162421 0.9485795
23.430070 1.1212976 -0.2556181 4.0091600 0.0204567 0.3220331 0.0143665 0.9463983
23.637320 1.1247463 -0.2562394 4.0211406 0.0180076 0.3314552 0.0139451 0.9431960
24.052120 1.1283447 -0.2567016 4.0267892 0.0166057 0.3438773 0.0128225 0.9387802
24.259390 1.1305164 -0.2571887 4.0331869 0.0143366 0.3516584 0.0151166 0.9358965
24.466620 1.1322356 -0.2576907 4.0390005 0.0144992 0.3597144 0.0115728 0.9328780
24.673870 1.1339554 -0.2579955 4.0454631 0.0134922 0.3693375 0.0079744 0.9291632
24.881210 1.1365244 -0.2582873 4.0525537 0.0129026 0.3785753 0.0034479 0.9254742
25.295560 1.1408832 -0.2588657 4.0657749 0.0084457 0.3959759 0.0104117 0.9181630
25.502780 1.1433457 -0.2591414 4.0707693 0.0068705 0.3994239 0.0103779 0.9166819
25.710010 1.1447980 -0.2589892 4.0715113 0.0085339 0.3974062 0.0040405 0.9175943
26.124480 1.1478646 -0.2588389 4.0735373 0.0109783 0.3896824 0.0024076 0.9208807
26.331730 1.1491909 -0.2593514 4.0755367 0.0050092 0.3897753 -0.0057223 0.9208786
26.746310 1.1486510 -0.2591175 4.0742207 0.0044824 0.3854625 -0.0066447 0.9226887
26.953530 1.1494455 -0.2587178 4.0741582 0.0062968 0.3826606 -0.0060856 0.9238475
27.160890 1.1503969 -0.2585900 4.0747776 0.0086517 0.3809997 -0.0068615 0.9245092
27.368230 1.1510433 -0.2586568 4.0754437 0.0081086 0.3796546 -0.0049414 0.9250796
27.575480 1.1519421 -0.2591188 4.0769730 0.0050251 0.3796992 -0.0067537 0.9250717
27.886560 1.1527957 -0.2589170 4.0774403 0.0059287 0.3779311 -0.0059364 0.9257957
28.093790 1.1535392 -0.2588077 4.0779600 0.0072848 0.3766133 -0.0051725 0.9263275
28.301020 1.1542321 -0.2587245 4.0784883 0.0069731 0.3757603 -0.0050468 0.9266769
28.508250 1.1549462 -0.2588405 4.0793700 0.0062111 0.3765046 -0.0061839 0.9263733
28.715630 1.1556538 -0.2588701 4.0801053 0.0057926 0.3766288 -0.0057569 0.9263283
28.922840 1.1563078 -0.2588966 4.0807667 0.0047386 0.3768014 -0.0063421 0.9262602
29.130070 1.1569787 -0.2589191 4.0814667 0.0052780 0.3768728 -0.0067134 0.9262257
29.337430 1.1576931 -0.2589596 4.0821800 0.0051693 0.3766619 -0.0061228 0.9263161
29.648260 1.1587242 -0.2590079 4.0832510 0.0051584 0.3766605 -0.0066813 0.9263129
29.959120 1.1597548 -0.2590342 4.0842991 0.0044849 0.3761096 -0.0064531 0.9265419
30.269960 1.1607996 -0.2590806 4.0853758 0.0041043 0.3757595 -0.0058013 0.9266900
30.580810 1.1618488 -0.2591173 4.0864749 0.0035681 0.3762257 -0.0063881 0.9264991
30.891780 1.1628644 -0.2591585 4.0875125 0.0029547 0.3765340 -0.0069342 0.9263722
31.202760 1.1638697 -0.2592029 4.0885758 0.0034241 0.3770564 -0.0067365 0.9261595
31.513850 1.1649947 -0.2592294 4.0896039 0.0034817 0.3759498 -0.0062038 0.9266127
31.824820 1.1660024 -0.2592844 4.0906243 0.0030018 0.3759366 -0.0046205 0.9266290
32.135930 1.1670676 -0.2593233 4.0916548 0.0026735 0.3751023 -0.0039769 0.9269710
32.447030 1.1680794 -0.2593559 4.0927095 0.0008848 0.3749810 -0.0049966 0.9270186
32.758130 1.1691353 -0.2593798 4.0937557 0.0024061 0.3734915 -0.0042072 0.9276209
33.070500 1.1701621 -0.2594047 4.0948038 0.0022095 0.3722264 -0.0038774 0.9281312
33.380050 1.1711671 -0.2594356 4.0958490 0.0016385 0.3709646 -0.0048360 0.9286330
33.691220 1.1721593 -0.2594688 4.0969057 0.0009855 0.3705346 -0.0063033 0.9287967
34.002380 1.1731983 -0.2594941 4.0979443 0.0008198 0.3703282 -0.0057068 0.9288831
34.313530 1.1739876 -0.2594978 4.0989714 0.0018611 0.3723677 -0.0074905 0.9280532
34.728060 1.1754105 -0.2595473 4.1003428 0.0016065 0.3712566 -0.0060365 0.9285093
35.142780 1.1768087 -0.2595866 4.1017051 0.0017226 0.3698198 -0.0059090 0.9290831
35.557430 1.1780742 -0.2596241 4.1030569 0.0015383 0.3693306 -0.0066578 0.9292729
35.972070 1.1794586 -0.2596466 4.1044145 0.0015632 0.3678787 -0.0065089 0.9298497
36.386840 1.1807635 -0.2596862 4.1057577 0.0016438 0.3662642 -0.0051243 0.9304954
36.801500 1.1819636 -0.2597133 4.1070514 0.0018179 0.3650266 -0.0065337 0.9309724
37.112590 1.1828930 -0.2597576 4.1080341 0.0016908 0.3645756 -0.0064562 0.9311498
37.527300 1.1834766 -0.2597423 4.1089087 0.0021410 0.3665228 -0.0080421 0.9303718
37.838400 1.1841520 -0.2597614 4.1097689 0.0012282 0.3676934 -0.0074473 0.9299164
38.149250 1.1847453 -0.2597707 4.1103182 0.0018262 0.3676654 -0.0078651 0.9299231
38.563710 1.1856132 -0.2598120 4.1111689 0.0020563 0.3660502 -0.0060743 0.9305730
38.978300 1.1859229 -0.2598200 4.1114712 0.0023930 0.3649116 -0.0074768 0.9310091
39.392880 1.1862365 -0.2598295 4.1117849 0.0019827 0.3636913 -0.0056825 0.9315001
39.807600 1.1865406 -0.2598351 4.1121101 0.0036591 0.3627086 -0.0060425 0.9318758
40.222330 1.1868645 -0.2598443 4.1124239 0.0029992 0.3606126 -0.0077721 0.9326785
40.740630 1.1872472 -0.2598553 4.1128263 0.0025472 0.3599221 -0.0077804 0.9329464
41.155220 1.1875584 -0.2598623 4.1131487 0.0032557 0.3593628 -0.0070099 0.9331660
41.569920 1.1878705 -0.2598790 4.1134405 0.0053133 0.3575847 -0.0063798 0.9338439
41.984640 1.1881455 -0.2598873 4.1137357 0.0044721 0.3556274 -0.0061983 0.9345966
42.399350 1.1884054 -0.2598954 4.1140327 0.0046300 0.3540657 -0.0078912 0.9351758
42.813810 1.1886588 -0.2599055 4.1143246 0.0035423 0.3539634 -0.0080978 0.9352175
43.228400 1.1889157 -0.2599159 4.1146140 0.0043383 0.3549820 -0.0088185 0.9348215
43.642870 1.1891079 -0.2599205 4.1148725 0.0037636 0.3566332 -0.0086773 0.9341966
44.057450 1.1891700 -0.2599041 4.1151266 0.0061008 0.3581447 -0.0108698 0.9335829
44.471930 1.1893502 -0.2599080 4.1154022 0.0057743 0.3571208 -0.0097062 0.9339899
44.886500 1.1896129 -0.2599212 4.1156826 0.0052359 0.3542886 -0.0083516 0.9350842
45.300980 1.1897243 -0.2599157 4.1159306 0.0045025 0.3531460 -0.0097988 0.9355061
45.715670 1.1899439 -0.2599205 4.1162200 0.0034474 0.3536980 -0.0092900 0.9353072
46.130280 1.1901743 -0.2599298 4.1164789 0.0029441 0.3533643 -0.0116294 0.9354088
46.544720 1.1903410 -0.2599449 4.1167488 0.0032914 0.3529687 -0.0110844 0.9355637
46.959440 1.1904929 -0.2599564 4.1170306 0.0006658 0.3535950 -0.0095463 0.9353496
47.373770 1.1906452 -0.2599704 4.1173067 0.0018295 0.3518176 -0.0068578 0.9360417
47.789310 1.1908031 -0.2599913 4.1175823 -0.0002321 0.3501342 -0.0057498 0.9366819
48.203200 1.1908685 -0.2600007 4.1178384 -0.0004729 0.3492106 -0.0064209 0.9370221
48.617800 1.1909374 -0.2600150 4.1181102 -0.0016809 0.3489593 -0.0052603 0.9371216
49.136000 1.1910074 -0.2600327 4.1184630 -0.0013447 0.3501062 -0.0057160 0.9366916
50.172010 1.1912012 -0.2600604 4.1191087 -0.0040112 0.3530857 -0.0055267 0.9355661
51.312450 1.1913446 -0.2600960 4.1198950 -0.0045635 0.3541629 -0.0028626 0.9351682
51.830730 1.1914797 -0.2601149 4.1202936 -0.0097418 0.3548288 -0.0016658 0.9348791
52.349180 1.1915153 -0.2601367 4.1206961 -0.0079756 0.3583547 -0.0007642 0.9335511
52.763900 1.1915500 -0.2601547 4.1210260 -0.0069544 0.3610678 0.0022030 0.9325110
53.074870 1.1915951 -0.2601640 4.1212773 -0.0065709 0.3625566 0.0035878 0.9319317
53.489460 1.1917074 -0.2601730 4.1216078 -0.0061707 0.3631801 0.0034413 0.9316922
54.629720 1.1918769 -0.2602132 4.1226082 -0.0054076 0.3688418 0.0082666 0.9294397
55.044310 1.1918465 -0.2602332 4.1229954 -0.0080272 0.3719175 0.0052677 0.9282162
55.355300 1.1917474 -0.2602541 4.1233215 -0.0064745 0.3755463 0.0044183 0.9267704
55.666250 1.1918908 -0.2602705 4.1236353 -0.0072314 0.3751076 0.0077442 0.9269207
55.873610 1.1920172 -0.2602807 4.1238375 -0.0054831 0.3746215 0.0071551 0.9271340
56.080860 1.1921417 -0.2602923 4.1240587 -0.0063672 0.3744774 0.0093946 0.9271666
56.391700 1.1922971 -0.2603050 4.1243629 -0.0095079 0.3743415 0.0092914 0.9271956
56.702420 1.1924419 -0.2603221 4.1247115 -0.0087083 0.3759913 0.0080399 0.9265474
57.324230 1.1928734 -0.2603386 4.1254048 -0.0076389 0.3772838 0.0125701 0.9259809
57.634950 1.1930314 -0.2603537 4.1257520 -0.0033738 0.3769750 0.0155081 0.9260874
57.842180 1.1931275 -0.2603649 4.1259813 -0.0034870 0.3770075 0.0170533 0.9260466
58.049530 1.1932219 -0.2603741 4.1262321 -0.0081889 0.3778870 0.0181097 0.9256384
58.360400 1.1933572 -0.2603787 4.1266179 -0.0057455 0.3788491 0.0198796 0.9252270
58.774970 1.1935204 -0.2604128 4.1271915 -0.0068439 0.3818612 0.0229696 0.9239088
58.982460 1.1935668 -0.2604330 4.1274848 -0.0074198 0.3837673 0.0242609 0.9230813
59.189810 1.1936070 -0.2604491 4.1277809 -0.0063098 0.3857629 0.0248133 0.9222426
59.397170 1.1937151 -0.2604433 4.1280994 -0.0058667 0.3871975 0.0264078 0.9215999
59.604650 1.1937984 -0.2604357 4.1284170 -0.0036891 0.3886689 0.0275653 0.9209577
59.812000 1.1939650 -0.2604208 4.1287556 -0.0018404 0.3897631 0.0282109 0.9204811
60.019480 1.1941614 -0.2604239 4.1290917 -0.0011666 0.3902901 0.0298099 0.9202085
60.641430 1.1946691 -0.2604180 4.1301975 0.0007954 0.3964982 0.0343617 0.9173918
60.848780 1.1948186 -0.2604362 4.1306000 0.0022812 0.3999287 0.0377505 0.9157656
61.056140 1.1949396 -0.2604559 4.1310277 0.0034469 0.4042042 0.0418309 0.9137052
61.263370 1.1950451 -0.2604827 4.1314869 0.0056909 0.4093215 0.0460078 0.9112117
61.470630 1.1953002 -0.2604690 4.1319361 0.0063922 0.4124496 0.0478404 0.9097009
61.677850 1.1955109 -0.2605078 4.1323910 0.0095737 0.4155940 0.0509399 0.9080722
61.885240 1.1958407 -0.2604543 4.1328273 0.0092901 0.4165837 0.0506823 0.9076360
62.092420 1.1962259 -0.2603048 4.1332912 0.0084900 0.4181730 0.0446251 0.9072309
62.300010 1.1965333 -0.2603363 4.1338077 0.0092684 0.4220054 0.0453995 0.9054084
62.507020 1.1970314 -0.2603424 4.1342678 0.0105953 0.4216230 0.0461165 0.9055358
62.714120 1.1975548 -0.2603468 4.1347661 0.0125368 0.4222354 0.0475441 0.9051517
63.024960 1.1984848 -0.2603816 4.1353178 0.0130859 0.4178216 0.0489859 0.9071131
63.335690 1.1992421 -0.2604012 4.1359172 0.0132693 0.4156601 0.0520375 0.9079332
63.542910 1.1996678 -0.2604002 4.1363001 0.0133540 0.4141040 0.0523154 0.9086268
63.853630 1.2004226 -0.2603965 4.1369100 0.0157560 0.4109544 0.0519870 0.9100360
64.060730 1.2007825 -0.2604216 4.1373124 0.0170430 0.4097385 0.0529554 0.9105051
64.267970 1.2011017 -0.2604536 4.1377015 0.0157591 0.4083815 0.0541203 0.9110693
64.475200 1.2014354 -0.2604793 4.1381269 0.0164347 0.4086194 0.0533240 0.9109976
64.682580 1.2018051 -0.2604949 4.1385484 0.0178390 0.4079121 0.0539904 0.9112489
64.889620 1.2022799 -0.2604969 4.1389799 0.0179165 0.4066393 0.0548080 0.9117673
65.096770 1.2026300 -0.2605260 4.1394224 0.0168465 0.4063090 0.0557798 0.9118760
65.304130 1.2027936 -0.2605838 4.1398435 0.0153803 0.4071116 0.0575677 0.9114327
65.407740 1.2028791 -0.2605849 4.1400614 0.0148918 0.4074721 0.0582084 0.9112390
65.614970 1.2032237 -0.2605900 4.1405087 0.0164679 0.4069041 0.0574918 0.9115111
65.719300 1.2033695 -0.2606221 4.1407280 0.0185677 0.4071031 0.0567283 0.9114298
65.926080 1.2035105 -0.2606965 4.1412053 0.0218072 0.4081435 0.0573086 0.9108562
66.133430 1.2036610 -0.2607916 4.1416783 0.0190650 0.4087422 0.0603230 0.9104546
66.237180 1.2037110 -0.2608414 4.1419287 0.0173930 0.4094871 0.0620864 0.9100347
66.444520 1.2040627 -0.2608677 4.1424642 0.0164871 0.4095664 0.0638330 0.9098949
66.651880 1.2046055 -0.2609185 4.1430464 0.0162796 0.4078949 0.0660759 0.9104893
66.859100 1.2049023 -0.2610097 4.1436367 0.0165658 0.4082309 0.0680095 0.9101911
67.066340 1.2054895 -0.2610363 4.1442709 0.0167406 0.4065454 0.0700317 0.9107888
67.273570 1.2062645 -0.2610260 4.1449385 0.0163634 0.4040238 0.0699121 0.9119262
67.377190 1.2065927 -0.2610414 4.1452694 0.0162446 0.4030057 0.0711726 0.9122812
67.480800 1.2068847 -0.2610526 4.1455865 0.0171998 0.4018521 0.0724408 0.9126726
67.687910 1.2075409 -0.2610910 4.1462917 0.0182632 0.3998833 0.0744540 0.9133545
67.895140 1.2081430 -0.2611382 4.1470299 0.0179878 0.3983535 0.0769214 0.9138238
68.102260 1.2087246 -0.2611954 4.1477962 0.0171007 0.3964104 0.0812707 0.9143093
68.309500 1.2094460 -0.2612085 4.1486073 0.0176950 0.3937359 0.0828133 0.9153146
68.516600 1.2100255 -0.2612846 4.1494799 0.0179529 0.3927493 0.0856917 0.9154685
68.723700 1.2102088 -0.2614215 4.1503587 0.0175515 0.3934280 0.0898909 0.9147819
68.930920 1.2109607 -0.2614660 4.1514091 0.0173659 0.3907038 0.0959439 0.9153380
69.138040 1.2111365 -0.2616287 4.1525569 0.0163146 0.3924977 0.1033952 0.9137772
