0.000000 0.0000000 0.0000000 0.0000000 0.0000000 0.0000000 0.0000000 1.0000000
0.104499 -0.0001765 -0.0009544 0.0536825 0.0004825 0.0007990 -0.0004094 0.9999995
0.207793 -0.0004129 -0.0017684 0.1075057 0.0003313 0.0015445 -0.0005555 0.9999986
0.311634 -0.0005077 -0.0027792 0.1610269 0.0000693 0.0021565 -0.0002353 0.9999976
0.415494 -0.0003132 -0.0037479 0.2149147 0.0001170 0.0024992 -0.0000182 0.9999968
0.519644 -0.0001976 -0.0046981 0.2688631 0.0000690 0.0030049 -0.0000082 0.9999955
0.623401 0.0000012 -0.0056848 0.3229938 0.0004635 0.0034246 -0.0002623 0.9999940
0.727346 -0.0000454 -0.0070243 0.3758647 0.0004513 0.0038210 -0.0001752 0.9999925
0.831180 0.0002820 -0.0078061 0.4294056 -0.0001757 0.0038233 0.0002478 0.9999926
0.935030 0.0003227 -0.0091548 0.4833420 -0.0007773 0.0031854 0.0006196 0.9999945
1.038877 0.0002176 -0.0099498 0.5367790 -0.0005415 0.0020461 0.0010819 0.9999972
1.246636 0.0001116 -0.0119093 0.6440292 -0.0003985 0.0003373 0.0008305 0.9999995
1.350553 0.0000500 -0.0126694 0.6976818 -0.0002604 -0.0002347 0.0001832 0.9999999
1.454410 -0.0001956 -0.0132049 0.7513325 -0.0000826 -0.0004964 0.0002830 0.9999998
1.662157 -0.0008437 -0.0150856 0.8590575 -0.0004873 -0.0009433 0.0007674 0.9999991
1.766057 -0.0013871 -0.0159250 0.9129002 0.0000098 -0.0011989 0.0002863 0.9999992
1.870090 -0.0017593 -0.0170119 0.9663105 0.0003987 -0.0014993 0.0005016 0.9999987
1.973923 -0.0027191 -0.0182567 1.0198513 0.0000480 -0.0016564 0.0001461 0.9999986
2.077874 -0.0027986 -0.0189144 1.0744904 0.0002709 -0.0022664 0.0004587 0.9999973
2.285652 -0.0040284 -0.0209189 1.1815668 0.0002447 -0.0030397 0.0001905 0.9999954
2.493488 -0.0053015 -0.0226667 1.2899059 -0.0005956 -0.0038370 0.0010734 0.9999919
2.701441 -0.0063231 -0.0248926 1.3967482 0.0001608 -0.0047858 0.0016168 0.9999872
2.909338 -0.0078795 -0.0268534 1.5034530 -0.0001577 -0.0055500 0.0014442 0.9999835
3.221000 -0.0099973 -0.0304733 1.6661526 -0.0004090 -0.0065407 0.0024848 0.9999754
3.428991 -0.0122692 -0.0323846 1.7734717 -0.0014434 -0.0064589 0.0027670 0.9999743
3.740870 -0.0145142 -0.0346116 1.9346634 -0.0016141 -0.0066752 0.0016006 0.9999751
3.948871 -0.0166016 -0.0355352 2.0428567 -0.0038319 -0.0054093 0.0002823 0.9999780
4.260741 -0.0186186 -0.0368384 2.2054574 -0.0075882 -0.0032053 0.0002863 0.9999660
4.468620 -0.0196354 -0.0372978 2.3133457 -0.0061006 -0.0016874 0.0003812 0.9999799
4.780371 -0.0210275 -0.0380080 2.4769204 -0.0049605 -0.0016023 0.0009046 0.9999860
4.988118 -0.0219292 -0.0388213 2.5863161 -0.0057716 -0.0032250 0.0008971 0.9999777
5.299899 -0.0236288 -0.0397309 2.7497401 -0.0058615 -0.0047756 0.0002635 0.9999714
5.507756 -0.0249995 -0.0402896 2.8582113 -0.0050532 -0.0050203 0.0010727 0.9999741
5.715493 -0.0264014 -0.0412035 2.9672191 -0.0065244 -0.0054607 0.0013098 0.9999629
5.923372 -0.0283067 -0.0415844 3.0753047 -0.0048772 -0.0056792 0.0001861 0.9999720
6.235244 -0.0311523 -0.0428049 3.2378306 -0.0053270 -0.0056857 -0.0026544 0.9999661
6.443120 -0.0325016 -0.0435251 3.3450890 -0.0062685 -0.0044583 -0.0040302 0.9999623
6.755121 -0.0339160 -0.0450060 3.5052750 -0.0024584 -0.0005355 -0.0024869 0.9999937
90.817320 -0.0136452 -0.0375938 2.3910964 -0.0067203 -0.0046307 0.0007186 0.9999664
91.024840 -0.0151757 -0.0382096 2.5053842 -0.0058455 -0.0058846 0.0003420 0.9999655
91.232450 -0.0173523 -0.0392344 2.6201737 -0.0067667 -0.0068114 0.0005481 0.9999537
91.439950 -0.0192063 -0.0395931 2.7345276 -0.0062953 -0.0076572 0.0002064 0.9999508
91.543700 -0.0203083 -0.0398991 2.7912292 -0.0062042 -0.0080363 0.0006968 0.9999482
91.647600 -0.0215582 -0.0402862 2.8476975 -0.0056835 -0.0083438 0.0012168 0.9999483
91.751210 -0.0224985 -0.0405577 2.9044921 -0.0057833 -0.0088829 0.0016233 0.9999425
91.855080 -0.0236656 -0.0408209 2.9611113 -0.0065325 -0.0093087 0.0015066 0.9999342
91.958830 -0.0250699 -0.0412806 3.0174448 -0.0059239 -0.0095324 0.0014015 0.9999360
92.062580 -0.0264535 -0.0416039 3.0735219 -0.0052478 -0.0097478 0.0003601 0.9999387
92.166320 -0.0280812 -0.0417332 3.1296389 -0.0052043 -0.0097732 -0.0009563 0.9999382
92.373830 -0.0306652 -0.0428479 3.2413561 -0.0056104 -0.0092430 -0.0031517 0.9999366
92.581320 -0.0329443 -0.0435602 3.3525667 -0.0072697 -0.0075888 -0.0038136 0.9999375
92.788830 -0.0342116 -0.0448483 3.4608426 -0.0046731 -0.0062537 -0.0006795 0.9999693
92.996320 -0.0357287 -0.0454893 3.5657032 -0.0071267 -0.0037762 -0.0015411 0.9999663
93.203950 -0.0362508 -0.0464349 3.6643248 -0.0056896 -0.0003688 -0.0018935 0.9999819
93.411580 -0.0360043 -0.0480184 3.7618327 -0.0004890 0.0026520 -0.0005315 0.9999962
93.619200 -0.0352938 -0.0495237 3.8602204 -0.0007466 0.0046383 0.0008324 0.9999886
93.826830 -0.0345718 -0.0511846 3.9569826 -0.0012427 0.0056449 0.0006753 0.9999831
94.034580 -0.0336595 -0.0528803 4.0527768 -0.0000055 0.0064895 0.0003388 0.9999789
94.138450 -0.0331245 -0.0536276 4.1008587 -0.0006780 0.0067505 0.0007199 0.9999768
94.242330 -0.0324556 -0.0545594 4.1479068 -0.0015760 0.0066711 0.0014115 0.9999755
94.450090 -0.0317116 -0.0561886 4.2430344 -0.0024851 0.0057917 0.0027077 0.9999765
94.553950 -0.0311209 -0.0567082 4.2897739 -0.0024116 0.0041561 0.0040361 0.9999803
94.657710 -0.0307973 -0.0571077 4.3362145 -0.0011560 0.0023739 0.0049380 0.9999843
94.865460 -0.0315708 -0.0587497 4.4286866 0.0021654 -0.0013957 0.0046028 0.9999861
95.073200 -0.0331068 -0.0606555 4.5234628 0.0022473 -0.0062038 0.0041758 0.9999695
95.384700 -0.0374130 -0.0634702 4.6661897 0.0005500 -0.0167258 0.0036201 0.9998534
95.592470 -0.0418034 -0.0649736 4.7631526 -0.0006653 -0.0219170 0.0007993 0.9997593
95.800330 -0.0474263 -0.0661659 4.8606782 0.0001580 -0.0214849 -0.0034965 0.9997631
96.008460 -0.0526827 -0.0678310 4.9595995 0.0003462 -0.0162816 -0.0064564 0.9998465
96.216600 -0.0555627 -0.0692160 5.0601273 -0.0004985 -0.0088545 -0.0076301 0.9999316
96.424720 -0.0566498 -0.0706964 5.1615686 0.0004089 0.0008323 -0.0087471 0.9999613
96.632830 -0.0550614 -0.0720492 5.2644629 0.0010817 0.0102083 -0.0077722 0.9999171
96.840830 -0.0521305 -0.0736605 5.3689194 0.0013288 0.0190241 -0.0062164 0.9997988
97.048710 -0.0474721 -0.0753954 5.4747477 0.0005359 0.0253649 -0.0061849 0.9996590
97.256580 -0.0417011 -0.0768088 5.5820746 -0.0001823 0.0302036 -0.0085214 0.9995074
97.464460 -0.0351223 -0.0780581 5.6902695 -0.0011344 0.0333756 -0.0094898 0.9993972
97.672210 -0.0281081 -0.0792119 5.8006802 0.0013054 0.0340376 -0.0081898 0.9993861
97.879840 -0.0210274 -0.0805838 5.9137588 0.0002284 0.0325176 -0.0037784 0.9994640
98.087470 -0.0143019 -0.0817591 6.0286603 -0.0017881 0.0284450 0.0005895 0.9995936
98.294840 -0.0088849 -0.0828904 6.1448355 -0.0012130 0.0219808 0.0049797 0.9997452
98.502470 -0.0044521 -0.0844757 6.2635517 -0.0015421 0.0155021 0.0068737 0.9998550
98.709960 -0.0021052 -0.0848351 6.3824821 -0.0029939 0.0101091 0.0053977 0.9999298
98.917580 -0.0015214 -0.0856456 6.5043297 -0.0010862 0.0050040 0.0042167 0.9999780
99.125080 -0.0018131 -0.0870913 6.6279163 0.0022755 0.0007336 0.0036868 0.9999903
99.332710 -0.0025002 -0.0899230 6.7520871 0.0042486 -0.0012573 0.0026574 0.9999866
99.644080 -0.0038876 -0.0933847 6.9412713 0.0026772 -0.0035997 0.0018288 0.9999883
99.747960 -0.0051563 -0.0945435 7.0056868 0.0021302 -0.0041692 0.0017611 0.9999875
99.955460 -0.0073085 -0.0969504 7.1342449 0.0001819 -0.0057771 0.0014054 0.9999823
100.163000 -0.0096194 -0.0991600 7.2610469 0.0000521 -0.0078652 0.0008334 0.9999687
100.370600 -0.0125627 -0.1014006 7.3884211 0.0010826 -0.0089489 0.0002000 0.9999593
100.578200 -0.0158626 -0.1042457 7.5154519 0.0018733 -0.0089062 -0.0006732 0.9999583
100.785700 -0.0187211 -0.1067997 7.6438365 0.0001385 -0.0086425 -0.0011699 0.9999620
100.993300 -0.0217440 -0.1092978 7.7718363 -0.0002427 -0.0078255 -0.0018079 0.9999677
101.201000 -0.0249209 -0.1118366 7.8998032 0.0003103 -0.0066142 -0.0025128 0.9999749
101.408500 -0.0266241 -0.1146014 8.0260096 0.0015485 -0.0053790 -0.0016202 0.9999830
101.616100 -0.0282276 -0.1172235 8.1526575 -0.0000269 -0.0039972 0.0002526 0.9999920
101.823600 -0.0296658 -0.1194546 8.2782173 -0.0013840 -0.0024497 0.0002737 0.9999960
101.927300 -0.0296004 -0.1215942 8.3380156 -0.0002594 -0.0019654 -0.0001670 0.9999980
102.238700 -0.0313610 -0.1245530 8.5279217 -0.0006946 -0.0002650 0.0000916 0.9999997
102.342500 -0.0317130 -0.1253847 8.5894775 -0.0014190 -0.0001348 0.0011411 0.9999983
102.550000 -0.0324967 -0.1276584 8.7131891 -0.0004350 -0.0001842 0.0023569 0.9999971
102.653700 -0.0323554 -0.1291526 8.7739658 0.0001521 -0.0004553 0.0025084 0.9999967
102.861300 -0.0332355 -0.1312875 8.8973055 -0.0001555 -0.0005256 0.0023922 0.9999970
102.965100 -0.0336817 -0.1324051 8.9582949 -0.0007444 -0.0005793 0.0021335 0.9999973
103.068800 -0.0340556 -0.1337026 9.0183859 -0.0009354 -0.0007200 0.0020270 0.9999973
103.276500 -0.0348149 -0.1354700 9.1404715 -0.0009185 -0.0007388 0.0016042 0.9999980
103.484000 -0.0355111 -0.1373802 9.2609463 -0.0003940 -0.0009005 0.0016583 0.9999982
103.587700 -0.0363240 -0.1386473 9.3208666 -0.0002155 -0.0007197 0.0019455 0.9999978
103.795400 -0.0367837 -0.1405981 9.4406385 -0.0006521 -0.0009538 0.0016642 0.9999980
104.002700 -0.0371287 -0.1427760 9.5578203 -0.0006532 -0.0016020 0.0021926 0.9999961
104.106500 -0.0375623 -0.1439861 9.6158428 -0.0013325 -0.0021629 0.0026474 0.9999933
104.210200 -0.0381686 -0.1450790 9.6730614 -0.0024305 -0.0028779 0.0028445 0.9999889
104.314000 -0.0386209 -0.1462613 9.7291298 -0.0035450 -0.0037901 0.0031511 0.9999816
104.521600 -0.0400014 -0.1481698 9.8380909 -0.0046488 -0.0054200 0.0025752 0.9999712
104.729200 -0.0416288 -0.1494443 9.9427719 -0.0042922 -0.0074883 0.0027106 0.9999591
104.936700 -0.0439930 -0.1509597 10.0417604 -0.0037888 -0.0111752 0.0030070 0.9999259
105.144300 -0.0471326 -0.1528894 10.1358337 -0.0036355 -0.0142938 0.0020640 0.9998891
105.352000 -0.0500761 -0.1539434 10.2243528 -0.0040616 -0.0162501 0.0009216 0.9998593
105.559600 -0.0533794 -0.1557214 10.3068523 -0.0051878 -0.0178646 0.0013713 0.9998260
105.767300 -0.0564668 -0.1571878 10.3833189 -0.0049476 -0.0198896 0.0015913 0.9997887
106.079100 -0.0616152 -0.1590474 10.4895058 -0.0010415 -0.0203238 -0.0009848 0.9997925
106.391100 -0.0656425 -0.1608030 10.5933628 0.0007440 -0.0137222 -0.0009695 0.9999051
106.703100 -0.0676094 -0.1628717 10.6964045 -0.0005520 -0.0074322 0.0008646 0.9999719
106.911100 -0.0683913 -0.1639447 10.7648249 -0.0005307 -0.0031533 0.0010356 0.9999943
107.223000 -0.0687390 -0.1654501 10.8663034 -0.0015067 0.0019562 0.0006989 0.9999967
107.431000 -0.0686816 -0.1667400 10.9328966 -0.0013676 0.0032766 0.0015789 0.9999924
107.639000 -0.0687019 -0.1678952 10.9992542 0.0018721 0.0039687 0.0010952 0.9999897
107.846800 -0.0682773 -0.1694236 11.0660114 0.0027279 0.0038308 0.0016333 0.9999876
108.054800 -0.0682463 -0.1707591 11.1330385 0.0024092 0.0031350 0.0017655 0.9999906
108.366800 -0.0675567 -0.1734494 11.2369738 0.0051204 0.0034174 0.0039542 0.9999732
108.574800 -0.0676520 -0.1740689 11.3063889 0.0010549 0.0044590 0.0021270 0.9999872
109.095000 -0.0651468 -0.1775652 11.4834328 0.0042008 0.0103016 0.0012389 0.9999374
109.407000 -0.0624282 -0.1801516 11.5934162 0.0012946 0.0134420 0.0042722 0.9998997
109.615000 -0.0611068 -0.1814715 11.6669235 0.0030687 0.0154930 0.0033558 0.9998696
109.927000 -0.0573322 -0.1837059 11.7821627 0.0046423 0.0177814 0.0018114 0.9998295
110.239000 -0.0527251 -0.1858401 11.9010172 0.0039678 0.0195337 0.0009447 0.9998009
110.447000 -0.0495937 -0.1875024 11.9818487 0.0035093 0.0195369 0.0025325 0.9997998
110.655000 -0.0473031 -0.1889418 12.0634737 0.0031627 0.0200882 0.0031280 0.9997883
110.862800 -0.0443135 -0.1902777 12.1465130 0.0019496 0.0197276 0.0026063 0.9998001
110.966800 -0.0426978 -0.1909191 12.1888218 0.0018969 0.0192990 0.0025915 0.9998086
111.070800 -0.0412886 -0.1915325 12.2305374 0.0022639 0.0184031 0.0023597 0.9998253
111.174800 -0.0402730 -0.1923396 12.2723274 0.0027485 0.0174537 0.0019098 0.9998420
111.278800 -0.0390589 -0.1932561 12.3139696 0.0030413 0.0159929 0.0011201 0.9998668
111.382700 -0.0380938 -0.1941307 12.3555660 0.0033851 0.0146726 0.0002476 0.9998866
111.590700 -0.0370456 -0.1958397 12.4387321 0.0024790 0.0123826 -0.0010751 0.9999197
111.798600 -0.0355245 -0.1980842 12.5218315 0.0005466 0.0100185 -0.0007456 0.9999494
112.006600 -0.0347948 -0.1996478 12.6036835 0.0001539 0.0082189 -0.0009544 0.9999658
112.214600 -0.0341133 -0.2009159 12.6858988 0.0006447 0.0066380 -0.0004252 0.9999776
112.422600 -0.0337743 -0.2025467 12.7668600 0.0004225 0.0052367 -0.0010701 0.9999856
112.630600 -0.0341275 -0.2044050 12.8443041 0.0002107 0.0043608 -0.0015486 0.9999893
112.838600 -0.0344733 -0.2062001 12.9181271 0.0026579 0.0040744 -0.0041601 0.9999795
113.046600 -0.0347081 -0.2079856 12.9901514 0.0042043 0.0042897 -0.0056899 0.9999658
113.254600 -0.0348964 -0.2099114 13.0617142 0.0048499 0.0051703 -0.0074893 0.9999468
113.462600 -0.0347858 -0.2118587 13.1322403 0.0056140 0.0067206 -0.0088315 0.9999226
113.774600 -0.0345314 -0.2149221 13.2375889 0.0029290 0.0079773 -0.0081977 0.9999303
114.086300 -0.0333698 -0.2173323 13.3436136 0.0007331 0.0059309 -0.0069130 0.9999582
114.294300 -0.0333330 -0.2184675 13.4133301 -0.0001011 0.0042682 -0.0055262 0.9999756
