0.000000 -0.9587928 0.0059562 -0.9921716 -0.0033942 -0.0081179 0.0009671 0.9999608
0.208477 -0.9578956 0.0051028 -0.9379108 -0.0025876 -0.0104841 0.0024804 0.9999386
0.312729 -0.9584433 0.0045175 -0.9110631 -0.0020807 -0.0115065 0.0026835 0.9999281
0.416979 -0.9589996 0.0043882 -0.8844721 -0.0010953 -0.0125580 0.0036307 0.9999139
0.521227 -0.9594502 0.0040454 -0.8576648 -0.0000635 -0.0134428 0.0049183 0.9998975
0.625476 -0.9600419 0.0036316 -0.8305904 0.0001967 -0.0142562 0.0054675 0.9998834
0.729727 -0.9609259 0.0032492 -0.8028782 -0.0000958 -0.0150764 0.0054730 0.9998714
0.833976 -0.9616926 0.0027397 -0.7749916 0.0000890 -0.0157575 0.0057545 0.9998593
0.938359 -0.9626683 0.0021531 -0.7469336 0.0014555 -0.0163745 0.0054640 0.9998499
1.042605 -0.9638610 0.0015106 -0.7184479 0.0032647 -0.0170064 0.0046033 0.9998394
1.146853 -0.9648917 0.0010873 -0.6896163 0.0050741 -0.0177071 0.0041337 0.9998218
1.251125 -0.9663559 0.0007506 -0.6596700 0.0051762 -0.0182306 0.0030152 0.9998159
1.355354 -0.9675354 0.0005236 -0.6292131 0.0018577 -0.0188857 0.0017633 0.9998184
1.563854 -0.9702396 0.0000746 -0.5651225 -0.0066427 -0.0198123 0.0011306 0.9997810
1.772352 -0.9731739 -0.0005697 -0.4998092 -0.0025525 -0.0209134 -0.0012176 0.9997773
1.980855 -0.9761493 -0.0003727 -0.4310605 -0.0005266 -0.0221242 0.0001692 0.9997551
2.189354 -0.9792831 -0.0003311 -0.3572809 -0.0087678 -0.0226880 0.0007980 0.9997038
2.397855 -0.9824663 0.0003585 -0.2804941 -0.0093430 -0.0232382 0.0022997 0.9996837
2.606377 -0.9861987 0.0009565 -0.2006651 -0.0064507 -0.0227836 0.0012779 0.9997188
2.814856 -0.9895912 0.0010729 -0.1173079 -0.0004296 -0.0219480 0.0041327 0.9997505
3.023358 -0.9930795 0.0005551 -0.0310397 0.0028314 -0.0215980 0.0027583 0.9997589
3.231728 -0.9965165 -0.0006881 0.0588826 0.0033465 -0.0219135 0.0019889 0.9997523
3.440232 -1.0003428 -0.0024017 0.1508650 0.0047559 -0.0221816 -0.0013227 0.9997418
3.648605 -1.0041575 -0.0046817 0.2444538 0.0047371 -0.0226075 -0.0024899 0.9997301
3.961233 -1.0105554 -0.0073823 0.3878057 0.0032865 -0.0233280 -0.0037910 0.9997153
4.169606 -1.0144832 -0.0094919 0.4853334 0.0031980 -0.0240364 -0.0039291 0.9996982
4.377982 -1.0195860 -0.0111708 0.5841766 0.0033359 -0.0243895 -0.0045014 0.9996868
4.586357 -1.0247343 -0.0128879 0.6846572 0.0001295 -0.0249898 -0.0042821 0.9996786
4.794755 -1.0298244 -0.0145598 0.7865893 -0.0013562 -0.0258343 -0.0040753 0.9996570
5.003109 -1.0349969 -0.0153716 0.8894379 -0.0001109 -0.0266906 -0.0042473 0.9996347
5.315611 -1.0439221 -0.0174320 1.0437632 -0.0029442 -0.0278670 -0.0041838 0.9995986
5.523983 -1.0498143 -0.0192214 1.1464463 -0.0011142 -0.0284881 -0.0053319 0.9995793
5.732480 -1.0562927 -0.0207303 1.2488493 0.0011182 -0.0284930 -0.0062497 0.9995738
5.940858 -1.0626075 -0.0222270 1.3527576 -0.0012138 -0.0284366 -0.0069406 0.9995708
6.149354 -1.0686038 -0.0237369 1.4553413 -0.0013642 -0.0283824 -0.0062261 0.9995768
6.357731 -1.0746561 -0.0250816 1.5584394 0.0006915 -0.0281484 -0.0059591 0.9995857
6.566109 -1.0804299 -0.0274334 1.6610768 0.0035254 -0.0281827 -0.0047001 0.9995855
6.774485 -1.0864022 -0.0296858 1.7642100 0.0032412 -0.0279474 -0.0030821 0.9995994
6.982859 -1.0919544 -0.0314989 1.8673067 -0.0027001 -0.0279153 -0.0017230 0.9996052
7.191236 -1.0979826 -0.0326486 1.9706600 -0.0014983 -0.0276551 0.0005710 0.9996163
7.399507 -1.1035467 -0.0348048 2.0732715 0.0019371 -0.0280345 0.0002335 0.9996051
7.607858 -1.1094375 -0.0368468 2.1772206 0.0044790 -0.0278221 -0.0010958 0.9996023
7.816232 -1.1154498 -0.0389713 2.2807302 0.0017202 -0.0276256 -0.0036283 0.9996102
8.024607 -1.1208802 -0.0406096 2.3843288 0.0010559 -0.0278678 -0.0025502 0.9996078
8.128736 -1.1232793 -0.0419472 2.4361668 0.0002035 -0.0283355 -0.0019473 0.9995965
8.336986 -1.1291587 -0.0434802 2.5401475 -0.0016252 -0.0289381 -0.0007459 0.9995796
8.441112 -1.1321270 -0.0444509 2.5914466 -0.0010393 -0.0292282 -0.0002755 0.9995722
8.649487 -1.1381779 -0.0463230 2.6937568 0.0020139 -0.0299718 -0.0007793 0.9995484
8.857735 -1.1443076 -0.0484895 2.7953110 -0.0010597 -0.0309300 -0.0019667 0.9995191
9.065987 -1.1508641 -0.0501732 2.8968179 -0.0033920 -0.0316928 -0.0033391 0.9994863
9.274360 -1.1570513 -0.0515155 2.9970987 -0.0019467 -0.0325958 -0.0031623 0.9994617
9.482610 -1.1627210 -0.0531635 3.0961938 -0.0020478 -0.0338486 -0.0021521 0.9994226
9.690863 -1.1691983 -0.0548372 3.1921921 -0.0042495 -0.0346091 -0.0013612 0.9993910
9.899109 -1.1752743 -0.0560123 3.2843361 -0.0046893 -0.0365739 -0.0004814 0.9993199
10.107490 -1.1817224 -0.0575570 3.3719144 -0.0038802 -0.0402502 -0.0000070 0.9991821
10.315740 -1.1893163 -0.0589432 3.4546819 -0.0046512 -0.0433631 -0.0008427 0.9990482
10.524110 -1.1969655 -0.0601015 3.5331936 -0.0059035 -0.0464443 -0.0016926 0.9989020
10.732490 -1.2043803 -0.0609972 3.6067009 -0.0063669 -0.0491957 -0.0035581 0.9987625
11.045010 -1.2158885 -0.0624526 3.7058439 -0.0018964 -0.0530229 -0.0064229 0.9985709
11.357760 -1.2260901 -0.0643795 3.7926397 -0.0002226 -0.0542462 -0.0095817 0.9984816
11.670740 -1.2345576 -0.0659960 3.8691421 -0.0025792 -0.0462789 -0.0131010 0.9988393
11.983860 -1.2386466 -0.0672494 3.9369977 -0.0047824 -0.0288886 -0.0124101 0.9994941
12.297110 -1.2379576 -0.0685320 3.9974885 -0.0009232 -0.0018353 -0.0114907 0.9999319
12.610740 -1.2317783 -0.0696970 4.0542622 0.0032372 0.0388457 -0.0077262 0.9992101
12.924370 -1.2196472 -0.0713111 4.1066875 0.0051610 0.0925944 -0.0032091 0.9956853
13.237880 -1.2040614 -0.0730540 4.1537876 0.0061543 0.1587717 -0.0034271 0.9872902
13.446740 -1.1888148 -0.0738867 4.1842852 0.0050286 0.2068243 -0.0033141 0.9783596
13.655610 -1.1705395 -0.0750819 4.2124968 0.0065886 0.2559417 -0.0024115 0.9666668
13.968740 -1.1386938 -0.0767468 4.2532310 0.0116055 0.3323598 -0.0068997 0.9430560
14.177490 -1.1124730 -0.0781959 4.2777300 0.0126678 0.3846641 -0.0086970 0.9229288
14.386120 -1.0823796 -0.0793507 4.2984033 0.0114741 0.4354104 -0.0062957 0.9001369
14.699110 -1.0327322 -0.0812944 4.3237429 0.0077345 0.5108728 -0.0035151 0.8596144
14.803370 -1.0147758 -0.0819552 4.3305435 0.0063845 0.5352131 -0.0043909 0.8446815
14.907610 -0.9956199 -0.0826765 4.3372073 0.0066592 0.5584071 -0.0070785 0.8295102
15.011990 -0.9759375 -0.0832115 4.3426285 0.0083995 0.5803695 -0.0089006 0.8142613
15.116140 -0.9551593 -0.0838435 4.3471761 0.0095304 0.6000059 -0.0092336 0.7998855
15.324240 -0.9104539 -0.0852911 4.3536572 0.0147599 0.6308325 -0.0043573 0.7757664
15.532120 -0.8623899 -0.0869338 4.3595695 0.0148269 0.6535771 -0.0038627 0.7567048
15.739890 -0.8099971 -0.0884843 4.3651834 0.0075364 0.6721600 -0.0053876 0.7403480
15.947760 -0.7538515 -0.0904452 4.3670511 0.0110983 0.6879455 -0.0004664 0.7256773
16.155710 -0.6933112 -0.0919438 4.3677263 0.0154084 0.6994407 -0.0015803 0.7145228
16.363390 -0.6286165 -0.0938912 4.3682785 0.0164434 0.7056648 -0.0034017 0.7083468
16.570990 -0.5590814 -0.0961293 4.3675699 0.0175819 0.7062888 0.0013737 0.7077042
16.778640 -0.4859107 -0.0984616 4.3693070 0.0159688 0.7051951 -0.0003454 0.7088335
16.986490 -0.4094025 -0.1007561 4.3702569 0.0163964 0.7044225 -0.0014520 0.7095900
17.194620 -0.3287303 -0.1032444 4.3715358 0.0151122 0.7040093 -0.0016966 0.7100279
17.402740 -0.2455058 -0.1061857 4.3721185 0.0143560 0.7039618 0.0001423 0.7100927
17.610870 -0.1615617 -0.1087096 4.3733625 0.0122799 0.7048594 -0.0000794 0.7092407
17.819120 -0.0748623 -0.1110390 4.3737926 0.0121875 0.7056643 0.0027518 0.7084361
18.027490 0.0123298 -0.1137992 4.3746314 0.0114476 0.7065914 -0.0006986 0.7075288
18.235760 0.1019387 -0.1164213 4.3751483 0.0142131 0.7072893 -0.0024728 0.7067770
18.444000 0.1925912 -0.1193257 4.3760762 0.0098190 0.7082796 -0.0025247 0.7058592
18.652370 0.2831872 -0.1220866 4.3764420 0.0041182 0.7085328 -0.0006830 0.7056656
18.860740 0.3731333 -0.1250561 4.3767266 0.0062206 0.7081734 -0.0023653 0.7060072
19.069120 0.4618535 -0.1270220 4.3770089 0.0137077 0.7076092 -0.0069272 0.7064371
19.277500 0.5511720 -0.1305193 4.3768444 0.0105627 0.7067786 -0.0005815 0.7073557
19.485910 0.6396335 -0.1336607 4.3777947 0.0096708 0.7068387 0.0003106 0.7073086
19.694390 0.7267773 -0.1364109 4.3786922 0.0081354 0.7079382 -0.0022542 0.7062240
19.902930 0.8132391 -0.1390616 4.3788290 0.0079067 0.7094761 -0.0029593 0.7046790
20.111410 0.8981859 -0.1416921 4.3786750 0.0066509 0.7109056 -0.0041386 0.7032438
20.319990 0.9821708 -0.1450393 4.3781152 0.0058937 0.7124313 -0.0036437 0.7017077
20.528590 1.0648476 -0.1474897 4.3773031 0.0065879 0.7135339 -0.0039263 0.7005787
20.737490 1.1465056 -0.1501687 4.3756733 0.0067343 0.7143772 -0.0024531 0.6997241
20.945510 1.2267914 -0.1526333 4.3749080 0.0051680 0.7154571 -0.0032017 0.6986302
21.153990 1.3032615 -0.1551418 4.3736086 0.0043287 0.7160404 -0.0029530 0.6980392
21.362520 1.3770559 -0.1572145 4.3725734 0.0065126 0.7162456 -0.0049074 0.6978006
21.571010 1.4498732 -0.1598463 4.3711653 0.0068487 0.7162459 -0.0062572 0.6977863
21.675510 1.4860920 -0.1611728 4.3703518 0.0072294 0.7162763 -0.0056601 0.6977563
21.883890 1.5580225 -0.1637675 4.3692155 0.0059702 0.7165391 -0.0067509 0.6974887
21.988560 1.5938808 -0.1651938 4.3689713 0.0051227 0.7165653 -0.0077513 0.6974582
22.196780 1.6647235 -0.1677438 4.3672500 0.0049625 0.7169237 -0.0064179 0.6971044
22.405410 1.7344477 -0.1701111 4.3659964 0.0023063 0.7200717 -0.0086691 0.6938416
22.614140 1.8038608 -0.1722370 4.3624678 0.0067728 0.7243941 -0.0088491 0.6892960
22.822680 1.8743095 -0.1753067 4.3585534 0.0053225 0.7289971 -0.0107618 0.6844115
23.031260 1.9458733 -0.1776922 4.3535700 0.0044027 0.7323139 -0.0116726 0.6808530
23.239660 2.0184052 -0.1798535 4.3481627 0.0027676 0.7344841 -0.0109392 0.6785321
23.448150 2.0936332 -0.1823092 4.3425140 0.0013323 0.7357053 -0.0081703 0.6772512
23.656510 2.1694393 -0.1846167 4.3366303 0.0025430 0.7363847 -0.0091354 0.6764966
23.865000 2.2463500 -0.1872094 4.3294592 0.0101299 0.7366784 -0.0074256 0.6761266
24.073430 2.3246469 -0.1900786 4.3232698 0.0089869 0.7371091 -0.0074958 0.6756725
24.177660 2.3638043 -0.1914951 4.3201113 0.0076318 0.7371123 -0.0054425 0.6757052
24.386170 2.4418159 -0.1942168 4.3135190 0.0074404 0.7375192 -0.0038328 0.6752743
24.490410 2.4808147 -0.1954324 4.3105597 0.0074626 0.7381733 -0.0046784 0.6745536
24.698880 2.5581341 -0.1981840 4.3037868 0.0080094 0.7396621 -0.0047217 0.6729141
24.907380 2.6357684 -0.2007361 4.2964234 0.0080709 0.7409406 -0.0044879 0.6715071
25.115970 2.7136512 -0.2034124 4.2896442 0.0078613 0.7420310 -0.0061008 0.6702917
25.428740 2.8312447 -0.2067993 4.2779646 0.0074250 0.7430214 -0.0060716 0.6691989
25.637140 2.9109395 -0.2089816 4.2708745 0.0041724 0.7441985 -0.0065827 0.6679131
25.950030 3.0325456 -0.2129886 4.2573109 0.0052263 0.7461998 -0.0063334 0.6656713
26.262800 3.1550753 -0.2174946 4.2433014 0.0104472 0.7472015 -0.0088130 0.6644570
26.471270 3.2381725 -0.2207905 4.2332325 0.0124557 0.7468594 -0.0067038 0.6648316
26.679760 3.3228343 -0.2239360 4.2240114 0.0113832 0.7466030 -0.0054600 0.6651500
26.888310 3.4086444 -0.2270260 4.2148962 0.0093021 0.7455527 -0.0035038 0.6663725
27.096690 3.4948487 -0.2298613 4.2057614 0.0078558 0.7443598 -0.0025237 0.6677278
27.305190 3.5812027 -0.2328960 4.1969795 0.0120864 0.7432145 -0.0056361 0.6689203
27.513640 3.6676993 -0.2359324 4.1888251 0.0111672 0.7422320 -0.0075469 0.6700075
27.722410 3.7537320 -0.2394333 4.1802502 0.0103421 0.7416595 -0.0053871 0.6706752
27.930640 3.8404841 -0.2429979 4.1721139 0.0097108 0.7413156 -0.0057011 0.6710621
28.139150 3.9275150 -0.2462578 4.1634121 0.0104633 0.7406878 -0.0029262 0.6717615
28.347630 4.0133910 -0.2494664 4.1551995 0.0125028 0.7402433 -0.0032333 0.6722152
28.660380 4.1413774 -0.2544311 4.1447577 0.0066872 0.7399489 -0.0061700 0.6726016
28.973270 4.2672524 -0.2591209 4.1339397 0.0068733 0.7410668 -0.0118211 0.6712921
29.286110 4.3914886 -0.2646395 4.1222072 0.0081493 0.7416636 -0.0108418 0.6706349
29.494560 4.4722776 -0.2684429 4.1141214 0.0101238 0.7419436 -0.0119744 0.6702788
29.703090 4.5524254 -0.2724625 4.1065726 0.0085320 0.7431273 -0.0130417 0.6689686
29.911660 4.6313539 -0.2765196 4.0983019 0.0097435 0.7451890 -0.0145718 0.6666229
30.120140 4.7094250 -0.2806764 4.0895386 0.0096903 0.7473347 -0.0156923 0.6641918
30.328670 4.7868571 -0.2848278 4.0807576 0.0104335 0.7493756 -0.0145323 0.6619034
30.537140 4.8628454 -0.2892323 4.0721593 0.0119115 0.7504103 -0.0214616 0.6605164
30.745760 4.9393311 -0.2934342 4.0624061 0.0145705 0.7524425 -0.0195739 0.6582057
30.954260 5.0154004 -0.2986038 4.0524330 0.0101522 0.7543638 -0.0167861 0.6561634
31.162620 5.0904465 -0.3026122 4.0426164 0.0114554 0.7558959 -0.0204893 0.6542708
31.371140 5.1639986 -0.3075316 4.0317883 0.0148086 0.7572594 -0.0217507 0.6525840
31.579630 5.2370014 -0.3123812 4.0212488 0.0169064 0.7588531 -0.0245641 0.6505788
31.788620 5.3104281 -0.3177899 4.0099754 0.0163203 0.7611947 -0.0203740 0.6479979
31.997070 5.3825493 -0.3226907 3.9983921 0.0159062 0.7652588 -0.0189222 0.6432480
32.205560 5.4542427 -0.3276035 3.9857838 0.0152883 0.7716591 -0.0202391 0.6355303
32.414310 5.5240507 -0.3321303 3.9711304 0.0163796 0.7796958 -0.0206685 0.6256028
32.622920 5.5936413 -0.3370682 3.9551530 0.0180985 0.7874545 -0.0183553 0.6158336
32.831540 5.6620078 -0.3415439 3.9366348 0.0213244 0.7936015 -0.0148776 0.6078821
33.040040 5.7303123 -0.3464454 3.9175005 0.0228112 0.7982059 -0.0127440 0.6018178
33.248440 5.7968731 -0.3506059 3.8977785 0.0244686 0.8005621 -0.0064507 0.5987152
33.456640 5.8629017 -0.3546788 3.8777971 0.0264798 0.8012006 -0.0012223 0.5978084
33.560850 5.8949199 -0.3566678 3.8686054 0.0289197 0.8013206 -0.0025617 0.5975302
33.769250 5.9585333 -0.3600374 3.8505769 0.0307094 0.8009556 -0.0031724 0.5979273
33.873500 5.9898181 -0.3620095 3.8414142 0.0305721 0.8005069 -0.0018088 0.5985405
34.081820 6.0522747 -0.3658753 3.8234310 0.0307905 0.7996430 0.0002332 0.5996857
34.289910 6.1133399 -0.3694527 3.8066206 0.0329897 0.7978144 -0.0002481 0.6019999
34.394020 6.1435909 -0.3712859 3.7985077 0.0329374 0.7962438 0.0005693 0.6040784
34.602300 6.2036824 -0.3747080 3.7829947 0.0328004 0.7932256 0.0029089 0.6080368
34.706380 6.2334509 -0.3763500 3.7754996 0.0327076 0.7920104 0.0032519 0.6096221
34.914790 6.2919998 -0.3794430 3.7608423 0.0334012 0.7897824 0.0063203 0.6124445
35.019540 6.3201575 -0.3809657 3.7533817 0.0335790 0.7884599 0.0078918 0.6141182
35.227510 6.3758821 -0.3836402 3.7408056 0.0319888 0.7865071 0.0057900 0.6167250
35.436220 6.4303074 -0.3867900 3.7283463 0.0349481 0.7834167 0.0043489 0.6204981
35.644150 6.4845891 -0.3896845 3.7171679 0.0335930 0.7786569 0.0028283 0.6265436
35.956520 6.5650215 -0.3940948 3.7029171 0.0328883 0.7669871 0.0044593 0.6408036
36.268770 6.6442232 -0.3988093 3.6936941 0.0314521 0.7490550 0.0039866 0.6617488
36.476890 6.6960845 -0.4020567 3.6907887 0.0288468 0.7341377 0.0001789 0.6783876
36.685150 6.7476315 -0.4050612 3.6906145 0.0256475 0.7204045 -0.0051865 0.6930603
36.893640 6.7987275 -0.4079311 3.6915293 0.0197541 0.7117188 -0.0099934 0.7021156
37.102920 6.8496957 -0.4108983 3.6923954 0.0126215 0.7132534 -0.0132174 0.7006680
37.207180 6.8748655 -0.4122514 3.6917396 0.0106047 0.7176074 -0.0129669 0.6962464
37.311660 6.8996892 -0.4135045 3.6905327 0.0098863 0.7222720 -0.0125525 0.6914245
37.416200 6.9243841 -0.4146162 3.6885638 0.0110201 0.7264889 -0.0105108 0.6870094
37.520670 6.9488816 -0.4158760 3.6866660 0.0113471 0.7306754 -0.0097787 0.6825607
37.625170 6.9727263 -0.4171059 3.6845527 0.0098971 0.7353970 -0.0109207 0.6774762
37.729650 6.9968352 -0.4180384 3.6822710 0.0082821 0.7409652 -0.0116738 0.6713908
37.834140 7.0209465 -0.4193238 3.6795506 0.0080628 0.7468362 -0.0112933 0.6648632
37.938540 7.0443339 -0.4203877 3.6758988 0.0083169 0.7519288 -0.0103903 0.6591100
38.043370 7.0679164 -0.4214146 3.6721258 0.0084829 0.7566447 -0.0091484 0.6537073
38.147940 7.0909896 -0.4225569 3.6681707 0.0077663 0.7613776 -0.0086075 0.6482050
38.251530 7.1133933 -0.4233910 3.6637745 0.0073788 0.7656700 -0.0086033 0.6431338
38.460120 7.1589818 -0.4252709 3.6545703 0.0089064 0.7732557 -0.0073278 0.6339894
38.668540 7.2032156 -0.4273276 3.6446195 0.0114040 0.7788636 -0.0069789 0.6270508
38.876940 7.2461138 -0.4291113 3.6346757 0.0113121 0.7813064 -0.0060610 0.6240156
39.189420 7.3099198 -0.4316800 3.6199045 0.0125231 0.7824683 -0.0039540 0.6225519
39.502140 7.3738027 -0.4340576 3.6051061 0.0134613 0.7856227 -0.0066625 0.6185235
39.710790 7.4179268 -0.4360204 3.5942440 0.0120411 0.7890844 -0.0064086 0.6141333
39.919470 7.4633222 -0.4377761 3.5816975 0.0141157 0.7924746 -0.0051305 0.6097201
40.128060 7.5099411 -0.4394278 3.5688503 0.0148310 0.7960631 -0.0067822 0.6049939
40.336550 7.5577435 -0.4414839 3.5545642 0.0174561 0.7993116 -0.0051863 0.6006408
40.649320 7.6310120 -0.4445132 3.5326328 0.0173599 0.8032930 -0.0033394 0.5953217
40.857780 7.6812339 -0.4465599 3.5171072 0.0169541 0.8049695 0.0007215 0.5930734
41.170430 7.7559824 -0.4496372 3.4941106 0.0169113 0.8060660 0.0017096 0.5915815
41.378780 7.8056946 -0.4510255 3.4788432 0.0186293 0.8055338 0.0018509 0.5922540
41.587170 7.8544202 -0.4525758 3.4642270 0.0186435 0.8041075 0.0014728 0.5941897
41.795430 7.9028597 -0.4543041 3.4501789 0.0202039 0.8024687 0.0013758 0.5963506
42.107930 7.9717569 -0.4567740 3.4300494 0.0213982 0.7989178 0.0004134 0.6010593
42.420400 8.0359392 -0.4601506 3.4128709 0.0190181 0.7944345 0.0044975 0.6070353
42.732820 8.0931263 -0.4623860 3.3990331 0.0176403 0.7858474 0.0069071 0.6181302
43.044930 8.1461411 -0.4646153 3.3892100 0.0190624 0.7701607 0.0036580 0.6375544
43.252900 8.1813965 -0.4656101 3.3849211 0.0207689 0.7541430 0.0021223 0.6563783
43.460950 8.2159929 -0.4669177 3.3838286 0.0167084 0.7342342 0.0005456 0.6786904
43.668930 8.2495365 -0.4684010 3.3851306 0.0119405 0.7122778 -0.0020677 0.7017931
43.877060 8.2832336 -0.4696104 3.3885546 0.0067091 0.6900809 -0.0019001 0.7236986
44.085170 8.3160276 -0.4708369 3.3938594 0.0046982 0.6662950 -0.0004824 0.7456733
44.293150 8.3482962 -0.4717032 3.4015660 0.0044775 0.6395531 -0.0013219 0.7687327
44.501140 8.3806000 -0.4725075 3.4115224 0.0067517 0.6088496 -0.0027348 0.7932522
44.709450 8.4128847 -0.4736774 3.4256902 0.0060863 0.5738532 -0.0063734 0.8189108
44.917460 8.4450874 -0.4749857 3.4435647 0.0068385 0.5344764 -0.0114399 0.8450783
45.125340 8.4777241 -0.4765662 3.4648676 0.0111390 0.4926462 -0.0099003 0.8701020
45.541680 8.5428047 -0.4795583 3.5240984 0.0081142 0.4047640 -0.0119758 0.9143068
45.853900 8.5900993 -0.4823273 3.5810113 0.0077784 0.3382301 -0.0108226 0.9409690
46.062500 8.6208973 -0.4839211 3.6268008 0.0073677 0.2978854 -0.0100583 0.9545202
46.271110 8.6507034 -0.4851957 3.6784451 0.0057889 0.2632332 -0.0106071 0.9646565
46.479940 8.6797123 -0.4867052 3.7357142 0.0024788 0.2354947 -0.0100966 0.9718200
46.688930 8.7083187 -0.4877683 3.7979724 0.0006251 0.2151455 -0.0077944 0.9765507
46.793320 8.7224436 -0.4883799 3.8305840 0.0008763 0.2062424 -0.0058303 0.9784832
47.002150 8.7502537 -0.4891379 3.8989735 0.0013234 0.1884906 -0.0022851 0.9820715
47.210900 8.7759304 -0.4904708 3.9714825 0.0016446 0.1716033 -0.0023826 0.9851619
47.419800 8.8005848 -0.4916767 4.0474501 0.0004875 0.1599296 -0.0041620 0.9871196
47.628840 8.8255882 -0.4927435 4.1264496 -0.0009884 0.1572261 -0.0068316 0.9875385
47.837650 8.8519535 -0.4937921 4.2073102 -0.0006669 0.1568207 -0.0046596 0.9876159
48.046420 8.8793287 -0.4952347 4.2913570 0.0010883 0.1569025 -0.0029667 0.9876090
48.255170 8.9074183 -0.4967107 4.3779488 0.0000853 0.1576168 -0.0030305 0.9874957
48.463660 8.9363403 -0.4982690 4.4658251 -0.0017415 0.1584909 -0.0011822 0.9873582
48.567920 8.9508152 -0.4991472 4.5099936 -0.0019931 0.1588434 -0.0009747 0.9873013
48.776450 8.9807005 -0.5003542 4.5987520 -0.0019447 0.1589151 0.0005673 0.9872901
48.985000 9.0101948 -0.5013158 4.6890745 -0.0039481 0.1593021 0.0022166 0.9872195
49.193280 9.0403337 -0.5021895 4.7788491 -0.0031554 0.1590176 0.0040088 0.9872625
49.407810 9.0702038 -0.5031088 4.8688936 -0.0014904 0.1585426 0.0045518 0.9873405
49.610180 9.0991545 -0.5043434 4.9578323 -0.0013368 0.1574032 0.0047491 0.9875221
49.818560 9.1278553 -0.5058848 5.0473919 -0.0021624 0.1562890 0.0045779 0.9876984
50.026950 9.1563635 -0.5069829 5.1369123 -0.0020846 0.1548524 0.0040482 0.9879271
50.235330 9.1847687 -0.5083632 5.2268682 -0.0026841 0.1534242 0.0045646 0.9881462
50.443670 9.2128582 -0.5094030 5.3156233 -0.0035615 0.1516466 0.0050613 0.9884154
50.652030 9.2403841 -0.5099162 5.4037724 -0.0032929 0.1497286 0.0061796 0.9887024
50.860320 9.2672443 -0.5105671 5.4905143 -0.0026391 0.1477391 0.0059879 0.9890047
51.068710 9.2927656 -0.5115638 5.5751953 -0.0052977 0.1452727 0.0067943 0.9893541
51.277040 9.3162804 -0.5125337 5.6571236 -0.0057058 0.1432442 0.0072207 0.9896446
51.485450 9.3387651 -0.5128946 5.7355824 -0.0015934 0.1408442 0.0054657 0.9900154
51.693900 9.3600607 -0.5143129 5.8111048 -0.0020231 0.1382794 0.0049955 0.9903786
52.006530 9.3890028 -0.5157105 5.9171000 -0.0060866 0.1321080 0.0053019 0.9912025
52.215240 9.4057789 -0.5167158 5.9815111 -0.0055312 0.1281897 0.0043384 0.9917247
52.527830 9.4282522 -0.5180029 6.0697398 -0.0031530 0.1256353 0.0019100 0.9920697
52.840660 9.4473257 -0.5193861 6.1474876 0.0000232 0.1240345 0.0013785 0.9922770
53.154550 9.4648628 -0.5208468 6.2187519 -0.0009783 0.1211662 0.0007332 0.9926315
53.361840 9.4755154 -0.5216685 6.2643294 -0.0002649 0.1154933 0.0025422 0.9933050
53.674060 9.4880362 -0.5232416 6.3309636 0.0003709 0.0939875 0.0043008 0.9955640
53.881970 9.4926796 -0.5239311 6.3734722 0.0003612 0.0695138 0.0031186 0.9975761
54.193810 9.4936237 -0.5247687 6.4359398 -0.0024906 0.0192934 0.0017703 0.9998092
54.401580 9.4895325 -0.5254297 6.4753871 -0.0043793 -0.0211769 -0.0018143 0.9997645
54.609440 9.4815044 -0.5260235 6.5135775 -0.0055858 -0.0661528 -0.0070209 0.9977692
54.817300 9.4702225 -0.5257332 6.5506945 -0.0089079 -0.1155422 -0.0093159 0.9932190
55.025330 9.4547367 -0.5255824 6.5864487 -0.0128357 -0.1685339 -0.0091774 0.9855695
55.233280 9.4355316 -0.5256650 6.6200919 -0.0162957 -0.2235435 -0.0116105 0.9744886
55.441330 9.4126024 -0.5249448 6.6509399 -0.0170849 -0.2805323 -0.0144050 0.9595844
55.545500 9.3994169 -0.5243096 6.6648540 -0.0171596 -0.3080855 -0.0149273 0.9510868
55.649410 9.3852272 -0.5235858 6.6776080 -0.0182402 -0.3351940 -0.0139195 0.9418697
55.753570 9.3709946 -0.5225623 6.6902585 -0.0197519 -0.3629624 -0.0125028 0.9315105
55.857760 9.3557243 -0.5221459 6.7018132 -0.0215679 -0.3897698 -0.0121262 0.9205799
55.961860 9.3401804 -0.5215613 6.7122612 -0.0229874 -0.4164974 -0.0120254 0.9087667
56.066000 9.3240023 -0.5206077 6.7215872 -0.0239321 -0.4426022 -0.0121913 0.8963158
56.170220 9.3070679 -0.5198160 6.7303295 -0.0240842 -0.4683205 -0.0134685 0.8831277
56.274310 9.2898273 -0.5191082 6.7372084 -0.0225689 -0.4928308 -0.0155379 0.8696936
56.378550 9.2717991 -0.5182422 6.7435865 -0.0201746 -0.5172229 -0.0177555 0.8554286
56.482840 9.2534122 -0.5175848 6.7491312 -0.0190927 -0.5403686 -0.0179929 0.8410193
56.587120 9.2345219 -0.5167817 6.7541027 -0.0181407 -0.5621274 -0.0179846 0.8266561
56.691300 9.2153120 -0.5161933 6.7578864 -0.0168006 -0.5819157 -0.0184610 0.8128660
56.795690 9.1955566 -0.5155888 6.7613549 -0.0154639 -0.5998457 -0.0192276 0.7997351
56.900200 9.1754971 -0.5148644 6.7642903 -0.0137982 -0.6156643 -0.0199926 0.7876340
57.004560 9.1553879 -0.5141836 6.7667160 -0.0143868 -0.6290309 -0.0182118 0.7770338
57.109200 9.1342764 -0.5129963 6.7699895 -0.0170145 -0.6407694 -0.0152667 0.7673929
57.213710 9.1128302 -0.5120603 6.7719545 -0.0193728 -0.6498986 -0.0141183 0.7596427
57.631790 9.0170641 -0.5107720 6.7634864 -0.0175782 -0.6707953 -0.0223267 0.7410980
58.049450 8.9113970 -0.5016798 6.7724962 -0.0188640 -0.6957762 -0.0109758 0.7179270
58.258220 8.8442717 -0.4908172 6.7868004 -0.0161287 -0.7117690 -0.0109841 0.7021424
58.467090 8.7825651 -0.4869028 6.8025045 -0.0156671 -0.7248425 -0.0106250 0.6886545
58.676060 8.7126179 -0.4850274 6.8057718 -0.0155924 -0.7303295 -0.0117013 0.6828167
58.884940 8.6284952 -0.4868556 6.7884212 -0.0130837 -0.7268180 -0.0186661 0.6864518
59.093910 8.5455828 -0.4841050 6.7818022 -0.0087077 -0.7236877 -0.0226433 0.6897011
59.302920 8.4605532 -0.4810389 6.7778573 -0.0062594 -0.7173082 -0.0256907 0.6962541
59.512300 8.3756132 -0.4785535 6.7726583 -0.0045895 -0.7097269 -0.0275033 0.7039249
59.720720 8.2841988 -0.4763676 6.7706060 -0.0027475 -0.7019149 -0.0295395 0.7116427
59.929310 8.1901264 -0.4730035 6.7731819 -0.0022922 -0.6943859 -0.0311138 0.7189262
60.137820 8.0946369 -0.4696035 6.7766376 -0.0030663 -0.6868589 -0.0330887 0.7260307
60.346310 7.9976954 -0.4667466 6.7826548 -0.0038464 -0.6803996 -0.0345160 0.7320179
60.554790 7.9015255 -0.4634934 6.7898736 -0.0045592 -0.6753064 -0.0342831 0.7367259
60.763240 7.8049684 -0.4603204 6.7978153 -0.0051791 -0.6726643 -0.0329967 0.7391935
60.971470 7.7078590 -0.4571396 6.8066468 -0.0048737 -0.6717269 -0.0331608 0.7400402
61.179820 7.6088166 -0.4534793 6.8156691 -0.0039532 -0.6706905 -0.0333018 0.7409788
61.388180 7.5097771 -0.4504140 6.8248935 -0.0039201 -0.6699573 -0.0338722 0.7416162
61.596570 7.4114771 -0.4471595 6.8344178 -0.0034413 -0.6700174 -0.0346057 0.7415303
61.805110 7.3130903 -0.4442208 6.8439336 -0.0034003 -0.6703544 -0.0330977 0.7412948
62.013230 7.2157669 -0.4411365 6.8526835 -0.0024143 -0.6708700 -0.0344206 0.7407718
62.117440 7.1676559 -0.4395698 6.8569274 -0.0037691 -0.6711139 -0.0355953 0.7404896
62.221590 7.1196246 -0.4376028 6.8614779 -0.0046733 -0.6713718 -0.0362120 0.7402208
62.325700 7.0715928 -0.4359639 6.8662238 -0.0042501 -0.6714906 -0.0364293 0.7401049
62.534220 6.9766927 -0.4326363 6.8752766 -0.0032795 -0.6715646 -0.0366275 0.7400329
62.638450 6.9294138 -0.4308117 6.8796916 -0.0034022 -0.6710871 -0.0367154 0.7404610
62.849550 6.8353734 -0.4274911 6.8886118 -0.0037864 -0.6696926 -0.0374203 0.7416854
63.055520 6.7420187 -0.4241229 6.8982754 -0.0034271 -0.6687957 -0.0370164 0.7425162
63.263940 6.6503544 -0.4212636 6.9079614 -0.0029241 -0.6684202 -0.0366610 0.7428740
63.472300 6.5591631 -0.4178384 6.9177785 -0.0027946 -0.6681196 -0.0369788 0.7431291
63.680820 6.4676743 -0.4144753 6.9288969 -0.0034844 -0.6678997 -0.0372897 0.7433084
63.889570 6.3755097 -0.4106825 6.9393024 -0.0037350 -0.6678712 -0.0368937 0.7433525
64.097830 6.2836261 -0.4075709 6.9488153 -0.0027143 -0.6676258 -0.0351418 0.7436622
64.306310 6.1912112 -0.4044442 6.9585352 -0.0019166 -0.6671602 -0.0351113 0.7440839
64.515140 6.0974250 -0.4013143 6.9689775 -0.0028393 -0.6664241 -0.0349961 0.7447457
64.723370 6.0034471 -0.3978614 6.9793587 -0.0031394 -0.6657373 -0.0347505 0.7453700
64.931710 5.9090018 -0.3942121 6.9902592 -0.0068615 -0.6647893 -0.0337822 0.7462351
65.140170 5.8140659 -0.3906982 7.0008535 -0.0048061 -0.6642943 -0.0337364 0.7466939
65.349010 5.7180076 -0.3871142 7.0120368 -0.0032602 -0.6642001 -0.0318713 0.7468680
65.557260 5.6220379 -0.3840569 7.0223718 -0.0033121 -0.6650701 -0.0328976 0.7460487
65.765550 5.5244045 -0.3804820 7.0327668 -0.0047266 -0.6677030 -0.0316967 0.7437376
65.973960 5.4263253 -0.3770304 7.0421424 -0.0046626 -0.6713625 -0.0320424 0.7404214
66.182330 5.3276253 -0.3734149 7.0504403 -0.0052338 -0.6752479 -0.0331793 0.7368256
66.390840 5.2287021 -0.3699742 7.0569634 -0.0035764 -0.6779369 -0.0333895 0.7343528
66.599380 5.1290703 -0.3667225 7.0639887 -0.0007638 -0.6789442 -0.0317510 0.7335026
66.807680 5.0298529 -0.3635793 7.0712671 -0.0032280 -0.6795523 -0.0295177 0.7330258
67.017940 4.9318953 -0.3603253 7.0782051 -0.0065225 -0.6802815 -0.0302835 0.7322960
67.224690 4.8319888 -0.3564793 7.0851884 -0.0082261 -0.6808781 -0.0316245 0.7316675
67.433190 4.7323976 -0.3525656 7.0909810 -0.0079896 -0.6810921 -0.0330311 0.7314087
67.641720 4.6324859 -0.3484712 7.0982008 -0.0069683 -0.6817505 -0.0330523 0.7308046
67.850040 4.5336347 -0.3450398 7.1043301 -0.0055913 -0.6821682 -0.0328804 0.7304342
68.058600 4.4357390 -0.3414877 7.1100216 -0.0051745 -0.6823182 -0.0325821 0.7303106
68.266970 4.3375945 -0.3378366 7.1164865 -0.0047947 -0.6824076 -0.0328596 0.7302172
68.475450 4.2395067 -0.3342825 7.1231699 -0.0046584 -0.6822788 -0.0325020 0.7303544
68.683820 4.1410174 -0.3309498 7.1294370 -0.0050971 -0.6821882 -0.0331023 0.7304091
68.892240 4.0423722 -0.3273059 7.1352601 -0.0044563 -0.6819777 -0.0332730 0.7306021
69.100450 3.9435394 -0.3236081 7.1418209 -0.0039807 -0.6818645 -0.0335659 0.7306972
69.308840 3.8456786 -0.3202620 7.1479654 -0.0057038 -0.6818808 -0.0350657 0.7306001
69.517240 3.7486930 -0.3161881 7.1542511 -0.0045781 -0.6823186 -0.0348716 0.7302084
69.725600 3.6518948 -0.3127829 7.1604652 -0.0045401 -0.6827408 -0.0363769 0.7297404
69.933920 3.5556726 -0.3086268 7.1656518 -0.0015351 -0.6830605 -0.0366477 0.7294402
70.142350 3.4605913 -0.3051216 7.1709456 0.0032159 -0.6820595 -0.0368088 0.7303627
70.350780 3.3652475 -0.3024006 7.1775055 0.0013738 -0.6804471 -0.0383680 0.7317908
70.559170 3.2702985 -0.2989079 7.1846838 -0.0007465 -0.6789491 -0.0384953 0.7331750
70.767540 3.1745179 -0.2950259 7.1926289 -0.0018803 -0.6774611 -0.0385360 0.7345461
70.976260 3.0791678 -0.2915600 7.1998434 -0.0010789 -0.6759068 -0.0393343 0.7359359
71.288550 2.9355440 -0.2867431 7.2120218 0.0021120 -0.6747153 -0.0360974 0.7371919
71.601510 2.7901781 -0.2816121 7.2239366 -0.0005527 -0.6742037 -0.0359009 0.7376722
71.913580 2.6438441 -0.2765824 7.2363553 -0.0018800 -0.6750925 -0.0348634 0.7369065
72.121920 2.5460148 -0.2728491 7.2446928 -0.0051038 -0.6757019 -0.0375100 0.7362024
72.330290 2.4490404 -0.2692442 7.2521973 -0.0038247 -0.6752397 -0.0360855 0.7367052
72.538690 2.3514967 -0.2656337 7.2608590 -0.0010653 -0.6750377 -0.0312935 0.7371185
72.747080 2.2537200 -0.2626134 7.2688842 -0.0043837 -0.6747740 -0.0332123 0.7372637
72.955480 2.1561179 -0.2589044 7.2769909 -0.0051782 -0.6756183 -0.0332356 0.7364839
73.163840 2.0585947 -0.2551462 7.2855330 -0.0059833 -0.6773793 -0.0328211 0.7348771
73.372080 1.9610151 -0.2515421 7.2925167 -0.0077935 -0.6797304 -0.0316267 0.7327384
73.580420 1.8637929 -0.2478544 7.2991333 -0.0075369 -0.6820124 -0.0306110 0.7306609
73.788870 1.7657478 -0.2442919 7.3048177 -0.0069061 -0.6835414 -0.0308079 0.7292286
73.997240 1.6674551 -0.2407925 7.3103418 -0.0070233 -0.6850089 -0.0317541 0.7278085
74.205580 1.5696517 -0.2367496 7.3156705 -0.0066075 -0.6857257 -0.0332906 0.7270683
74.414060 1.4719191 -0.2330003 7.3211136 -0.0058152 -0.6860681 -0.0329129 0.7267693
74.622500 1.3743839 -0.2290992 7.3263764 -0.0059446 -0.6865068 -0.0321823 0.7263865
74.830870 1.2772253 -0.2256227 7.3312840 -0.0069955 -0.6874586 -0.0326051 0.7254576
75.039180 1.1812890 -0.2220607 7.3360157 -0.0076691 -0.6885311 -0.0315014 0.7244817
75.247560 1.0850675 -0.2185755 7.3403692 -0.0076241 -0.6897742 -0.0313456 0.7233055
75.456060 0.9902843 -0.2154638 7.3440428 -0.0067552 -0.6913515 -0.0291171 0.7219001
75.664210 0.8955879 -0.2126295 7.3481383 -0.0051642 -0.6934869 -0.0257969 0.7199886
75.872440 0.8023223 -0.2096317 7.3516631 -0.0076737 -0.6951128 -0.0261387 0.7183844
76.185000 0.6618913 -0.2050017 7.3554611 -0.0085780 -0.6963169 -0.0275331 0.7171549
76.393300 0.5700796 -0.2019525 7.3585453 -0.0084238 -0.6964608 -0.0285500 0.7169771
76.706270 0.4329335 -0.1971520 7.3620186 -0.0085546 -0.6966031 -0.0305054 0.7167568
76.914470 0.3454528 -0.1937047 7.3630252 -0.0079349 -0.6972737 -0.0307185 0.7161025
77.122590 0.2579817 -0.1900432 7.3649473 -0.0078023 -0.6986995 -0.0318611 0.7146628
77.330800 0.1727375 -0.1869563 7.3654771 -0.0073041 -0.7000242 -0.0325893 0.7133377
77.539210 0.0878374 -0.1837532 7.3659968 -0.0067821 -0.7017531 -0.0322948 0.7116556
77.747630 0.0058228 -0.1808526 7.3666220 -0.0066078 -0.7031473 -0.0320688 0.7102899
77.955810 -0.0749041 -0.1777685 7.3669376 -0.0065669 -0.7043343 -0.0322248 0.7091063
78.164320 -0.1521274 -0.1750487 7.3669033 -0.0065287 -0.7052268 -0.0335570 0.7081571
78.268580 -0.1897146 -0.1738135 7.3669000 -0.0062635 -0.7052332 -0.0339533 0.7081343
78.477150 -0.2626690 -0.1711376 7.3666635 -0.0046189 -0.7038000 -0.0344117 0.7095491
78.581420 -0.2977327 -0.1697469 7.3668499 -0.0042688 -0.7027605 -0.0337303 0.7106136
78.685710 -0.3326377 -0.1686248 7.3667145 -0.0035810 -0.7017968 -0.0339897 0.7115569
78.789980 -0.3668848 -0.1675508 7.3673596 -0.0037941 -0.7009105 -0.0334968 0.7124521
78.998610 -0.4341028 -0.1651197 7.3678617 -0.0034592 -0.6988793 -0.0328622 0.7144759
79.207090 -0.5007737 -0.1630940 7.3682818 -0.0033466 -0.6969042 -0.0323094 0.7164282
79.311290 -0.5335532 -0.1619885 7.3689885 -0.0042207 -0.6961836 -0.0322240 0.7171277
79.521320 -0.5983787 -0.1598356 7.3701315 -0.0051014 -0.6951318 -0.0322257 0.7181416
79.728360 -0.6622235 -0.1578878 7.3718443 -0.0051074 -0.6942714 -0.0319722 0.7189846
79.936810 -0.7232721 -0.1558504 7.3733878 -0.0055506 -0.6931804 -0.0322882 0.7200192
80.145310 -0.7833363 -0.1537255 7.3754110 -0.0069730 -0.6916367 -0.0327360 0.7214696
80.353800 -0.8400943 -0.1517362 7.3776202 -0.0070712 -0.6895370 -0.0325015 0.7234862
80.562510 -0.8940613 -0.1498727 7.3804579 -0.0079060 -0.6870297 -0.0318400 0.7258884
80.770930 -0.9446412 -0.1479858 7.3835349 -0.0091578 -0.6842463 -0.0317519 0.7285019
81.083960 -1.0158051 -0.1453177 7.3887734 -0.0096250 -0.6777865 -0.0315006 0.7345206
81.501230 -1.1024034 -0.1425719 7.3988795 -0.0076986 -0.6630185 -0.0283471 0.7480265
81.918580 -1.1788028 -0.1406225 7.4120536 -0.0080642 -0.6417224 -0.0246823 0.7664973
82.127190 -1.2136018 -0.1397034 7.4205651 -0.0086864 -0.6282033 -0.0246126 0.7776113
82.544740 -1.2748067 -0.1389295 7.4417295 -0.0085542 -0.5932446 -0.0169035 0.8047994
82.962170 -1.3299546 -0.1377431 7.4670691 -0.0125966 -0.5463319 -0.0184308 0.8372712
83.693230 -1.4122558 -0.1363131 7.5293894 -0.0021983 -0.4343399 -0.0126898 0.9006570
83.901950 -1.4323103 -0.1350124 7.5545340 -0.0003806 -0.3975319 -0.0090810 0.9175434
84.110770 -1.4522433 -0.1353512 7.5814905 -0.0030263 -0.3572084 -0.0065003 0.9339972
84.319310 -1.4719615 -0.1352930 7.6118431 -0.0028403 -0.3151623 -0.0065855 0.9490107
84.527960 -1.4904132 -0.1359214 7.6453037 -0.0020044 -0.2723397 -0.0060034 0.9621804
84.737260 -1.5076131 -0.1363265 7.6828065 0.0021791 -0.2309629 -0.0071208 0.9729341
84.944930 -1.5234793 -0.1365790 7.7253599 0.0034399 -0.1898090 -0.0105211 0.9817587
85.154250 -1.5370696 -0.1373465 7.7732410 0.0028279 -0.1468625 -0.0112467 0.9890890
85.361980 -1.5476748 -0.1381086 7.8263326 0.0045707 -0.1062649 -0.0124429 0.9942495
85.570070 -1.5552503 -0.1387581 7.8833776 0.0075341 -0.0715381 -0.0113593 0.9973447
85.778090 -1.5598338 -0.1407540 7.9435921 0.0076277 -0.0453019 -0.0089901 0.9989038
85.985830 -1.5628629 -0.1423087 8.0075197 0.0079813 -0.0299976 -0.0054321 0.9995033
86.193550 -1.5649265 -0.1437615 8.0754271 0.0074876 -0.0198661 -0.0029203 0.9997703
86.401450 -1.5668010 -0.1456969 8.1464186 0.0064907 -0.0154612 -0.0004657 0.9998593
86.608970 -1.5690399 -0.1472177 8.2193527 0.0066390 -0.0155982 0.0020603 0.9998542
86.816720 -1.5719675 -0.1488686 8.2964725 0.0057085 -0.0182167 0.0014359 0.9998167
87.024550 -1.5754282 -0.1508588 8.3749628 0.0075756 -0.0214627 0.0033275 0.9997354
87.232860 -1.5794154 -0.1531679 8.4554100 0.0089691 -0.0237849 0.0021320 0.9996746
87.440900 -1.5835972 -0.1558030 8.5365248 0.0044530 -0.0250876 0.0017499 0.9996738
87.648940 -1.5882851 -0.1577086 8.6176367 0.0034527 -0.0260388 -0.0000425 0.9996549
87.857180 -1.5930891 -0.1597052 8.6987629 0.0054332 -0.0270925 -0.0022446 0.9996157
88.065680 -1.5980282 -0.1618209 8.7811222 0.0042168 -0.0277921 -0.0028335 0.9996008
88.273850 -1.6031402 -0.1638935 8.8634806 0.0032179 -0.0288113 -0.0027291 0.9995760
88.482060 -1.6083639 -0.1657631 8.9455061 0.0020220 -0.0307267 -0.0015137 0.9995247
88.690450 -1.6142894 -0.1672650 9.0269728 0.0003124 -0.0321998 -0.0018192 0.9994798
88.898830 -1.6198976 -0.1690016 9.1072769 -0.0003360 -0.0342669 -0.0012981 0.9994118
89.211590 -1.6288619 -0.1714184 9.2265596 0.0006906 -0.0367698 -0.0010427 0.9993230
89.419930 -1.6351628 -0.1730226 9.3043604 0.0031775 -0.0376171 -0.0015639 0.9992859
89.628430 -1.6414996 -0.1750602 9.3813019 0.0001421 -0.0371913 -0.0030697 0.9993035
89.836930 -1.6469939 -0.1765313 9.4561968 -0.0006065 -0.0367980 -0.0023149 0.9993199
90.045560 -1.6529038 -0.1783838 9.5266047 0.0016391 -0.0369582 -0.0037673 0.9993083
90.253860 -1.6582923 -0.1797132 9.5943823 0.0011786 -0.0385355 -0.0042269 0.9992476
90.462220 -1.6640214 -0.1813648 9.6581678 -0.0011696 -0.0407682 -0.0043755 0.9991584
90.670570 -1.6696508 -0.1825368 9.7173500 0.0002942 -0.0439812 -0.0043642 0.9990228
90.879050 -1.6755308 -0.1836604 9.7722521 0.0005653 -0.0465846 -0.0043591 0.9989047
91.191720 -1.6833601 -0.1861452 9.8478298 0.0001065 -0.0474540 -0.0049218 0.9988613
91.400350 -1.6874402 -0.1866979 9.8932772 0.0004350 -0.0423711 -0.0057212 0.9990855
91.713820 -1.6909219 -0.1883336 9.9594564 0.0014631 -0.0237257 -0.0078268 0.9996868
91.922450 -1.6905260 -0.1894993 10.0027647 0.0017135 -0.0045805 -0.0070654 0.9999630
92.131240 -1.6880348 -0.1908508 10.0444221 0.0058109 0.0196953 -0.0080997 0.9997563
92.340330 -1.6829289 -0.1924022 10.0853148 0.0083453 0.0511869 -0.0082955 0.9986198
92.549480 -1.6734397 -0.1938195 10.1239758 0.0084458 0.0867065 -0.0045261 0.9961878
92.758490 -1.6617229 -0.1954759 10.1602545 0.0082722 0.1256007 0.0024963 0.9920433
92.968320 -1.6468492 -0.1969543 10.1954346 0.0070240 0.1659815 0.0084084 0.9860680
93.176360 -1.6301992 -0.1986763 10.2296305 0.0081953 0.2098380 0.0063254 0.9776813
93.489710 -1.5984302 -0.2004276 10.2763071 0.0160655 0.2774788 0.0056411 0.9605809
93.802820 -1.5586500 -0.2023220 10.3203430 0.0196908 0.3471902 0.0030531 0.9375830
94.011550 -1.5291209 -0.2047042 10.3487034 0.0134897 0.3935312 -0.0078185 0.9191790
94.220100 -1.4946413 -0.2066870 10.3719597 0.0179678 0.4400174 -0.0032359 0.8978036
94.428710 -1.4566090 -0.2078957 10.3928499 0.0210798 0.4866500 -0.0049191 0.8733288
94.639870 -1.4146667 -0.2103523 10.4128189 0.0145732 0.5313678 -0.0123713 0.8469255
94.845720 -1.3685822 -0.2136793 10.4279461 0.0119876 0.5713774 -0.0105704 0.8205318
95.054000 -1.3171191 -0.2154955 10.4402418 0.0171443 0.6037483 -0.0088725 0.7969412
95.365960 -1.2323852 -0.2191055 10.4560595 0.0159703 0.6394132 -0.0071270 0.7686644
95.573810 -1.1710538 -0.2219130 10.4641743 0.0127713 0.6594892 -0.0074979 0.7515682
95.781890 -1.1062443 -0.2244749 10.4693995 0.0141913 0.6761095 -0.0091643 0.7366075
95.989690 -1.0376842 -0.2268363 10.4719458 0.0160114 0.6898390 -0.0060657 0.7237604
96.093730 -1.0018889 -0.2284077 10.4729309 0.0136095 0.6956186 -0.0053360 0.7182626
96.301480 -0.9276435 -0.2314707 10.4734793 0.0122602 0.7043241 -0.0038958 0.7097620
96.509210 -0.8512598 -0.2335051 10.4719095 0.0175201 0.7081243 -0.0014761 0.7058688
96.717080 -0.7698433 -0.2367605 10.4717855 0.0148531 0.7102545 -0.0003543 0.7037882
96.924880 -0.6866793 -0.2395780 10.4707737 0.0143013 0.7109398 -0.0007052 0.7031071
97.132730 -0.6014486 -0.2419842 10.4695749 0.0142535 0.7116081 0.0021727 0.7024287
97.340580 -0.5159321 -0.2449483 10.4685335 0.0136787 0.7097039 0.0044199 0.7043535
97.548460 -0.4303553 -0.2475425 10.4684486 0.0155607 0.7071910 0.0039331 0.7068404
97.756480 -0.3444069 -0.2500510 10.4694815 0.0146925 0.7048371 0.0045374 0.7092025
97.964520 -0.2590109 -0.2529471 10.4707165 0.0157081 0.7025998 0.0034632 0.7114034
98.173950 -0.1714692 -0.2553142 10.4723988 0.0149525 0.7008348 0.0018956 0.7131644
98.380720 -0.0836375 -0.2584919 10.4752760 0.0106220 0.6995414 0.0009052 0.7145125
98.588990 0.0048014 -0.2611111 10.4779873 0.0106023 0.6983295 -0.0019148 0.7156953
98.797260 0.0926083 -0.2641210 10.4805241 0.0100425 0.6977931 -0.0023553 0.7162251
99.005460 0.1812261 -0.2672537 10.4831905 0.0092860 0.6980373 -0.0010089 0.7160004
99.213720 0.2693848 -0.2703815 10.4851408 0.0098047 0.6981723 -0.0005445 0.7158624
99.422060 0.3580706 -0.2728921 10.4880257 0.0087211 0.6988065 -0.0013652 0.7152563
99.630630 0.4457982 -0.2757939 10.4905186 0.0066430 0.7003518 -0.0029842 0.7137607
99.943090 0.5761430 -0.2795935 10.4929819 0.0025803 0.7023892 -0.0026598 0.7117835
100.151300 0.6624702 -0.2824501 10.4942331 0.0000776 0.7032496 -0.0016228 0.7109411
100.463900 0.7901756 -0.2855250 10.4959145 0.0051012 0.7034145 -0.0038906 0.7107509
100.672200 0.8742864 -0.2879566 10.4967890 0.0058202 0.7034780 -0.0037473 0.7106833
100.985100 0.9996936 -0.2917575 10.4991541 0.0032436 0.7050465 -0.0037540 0.7091438
101.297200 1.1227986 -0.2955080 10.4999418 0.0019004 0.7064127 -0.0043268 0.7077845
101.609900 1.2450728 -0.2988082 10.5011864 0.0029441 0.7062544 -0.0034190 0.7079438
101.818100 1.3258482 -0.3008559 10.5026045 0.0003227 0.7058879 -0.0035765 0.7083144
102.026500 1.4061667 -0.3027399 10.5034952 0.0002794 0.7054693 -0.0033139 0.7087327
102.234900 1.4853821 -0.3047785 10.5043783 0.0013458 0.7054345 -0.0066097 0.7087430
102.444200 1.5645596 -0.3066419 10.5046844 0.0014573 0.7054201 -0.0030768 0.7087813
102.651500 1.6426629 -0.3095161 10.5061340 0.0030953 0.7059628 -0.0075076 0.7082024
102.859900 1.7187469 -0.3119595 10.5059605 0.0130844 0.7049207 -0.0108061 0.7090831
103.068200 1.7955080 -0.3152503 10.5071135 0.0084029 0.7041590 -0.0073538 0.7099545
103.276500 1.8712378 -0.3182871 10.5084610 0.0060960 0.7025604 -0.0048197 0.7115816
103.484800 1.9455234 -0.3205174 10.5104198 0.0038211 0.7018158 -0.0061641 0.7123216
103.693400 2.0196390 -0.3230790 10.5125713 0.0019653 0.7020383 -0.0091935 0.7120771
103.901800 2.0930066 -0.3255643 10.5140066 0.0010977 0.7030759 -0.0103266 0.7110389
104.110100 2.1651504 -0.3279865 10.5154486 0.0008437 0.7041140 -0.0089378 0.7100303
104.318500 2.2358115 -0.3304321 10.5158587 0.0010506 0.7046583 -0.0079980 0.7095009
104.526700 2.3048456 -0.3325712 10.5172997 0.0001812 0.7040980 -0.0090952 0.7100445
104.735000 2.3727551 -0.3347615 10.5189285 0.0011030 0.7035300 -0.0116888 0.7105686
104.943400 2.4399889 -0.3372731 10.5201035 0.0025060 0.7032923 -0.0118123 0.7107983
105.151800 2.5072460 -0.3396370 10.5219593 0.0002686 0.7031786 -0.0121533 0.7109093
105.360200 2.5734017 -0.3418419 10.5229864 0.0005091 0.7034335 -0.0105085 0.7106833
105.568600 2.6387904 -0.3442388 10.5238333 0.0007474 0.7053949 -0.0101676 0.7087412
105.777200 2.7041001 -0.3466682 10.5245256 -0.0011786 0.7072333 -0.0103703 0.7069032
105.985600 2.7691710 -0.3488647 10.5239735 0.0026983 0.7102048 -0.0108000 0.7039071
106.194200 2.8362699 -0.3510307 10.5232143 0.0031961 0.7146706 -0.0136122 0.6993214
106.402800 2.9042077 -0.3537352 10.5214329 0.0025905 0.7183852 -0.0127410 0.6955240
106.611300 2.9750452 -0.3559978 10.5184441 0.0042182 0.7224854 -0.0122670 0.6912645
106.819700 3.0469966 -0.3586445 10.5154362 0.0014172 0.7268075 -0.0119628 0.6867356
107.028200 3.1211088 -0.3609594 10.5105791 0.0027658 0.7303999 -0.0092900 0.6829510
107.236600 3.1969852 -0.3631218 10.5046806 0.0060164 0.7340042 -0.0109839 0.6790294
107.445000 3.2758303 -0.3656873 10.4979277 0.0076663 0.7369120 -0.0094829 0.6758787
107.653400 3.3571630 -0.3684335 10.4904299 0.0066191 0.7392735 -0.0060148 0.6733458
107.861600 3.4399548 -0.3708051 10.4824448 0.0070579 0.7403379 -0.0023329 0.6721938
108.071200 3.5261390 -0.3728296 10.4745140 0.0088100 0.7404774 -0.0024875 0.6720189
108.278200 3.6152236 -0.3753515 10.4661465 0.0128199 0.7397963 -0.0016399 0.6727067
108.486300 3.7078991 -0.3777835 10.4574890 0.0156606 0.7381459 0.0023135 0.6744553
108.694500 3.8022721 -0.3803212 10.4499397 0.0171054 0.7352402 0.0055227 0.6775683
108.902600 3.8989787 -0.3828024 10.4438753 0.0167985 0.7320794 0.0059046 0.6809865
109.110700 3.9976172 -0.3852830 10.4379683 0.0177821 0.7285953 0.0052477 0.6846935
109.318900 4.0989075 -0.3884663 10.4332018 0.0163028 0.7252507 0.0060081 0.6882657
109.527200 4.1996603 -0.3918291 10.4293203 0.0204889 0.7233776 0.0008695 0.6901480
109.735500 4.3017516 -0.3955581 10.4256945 0.0206729 0.7225538 0.0015231 0.6910039
109.943800 4.4041514 -0.3994239 10.4218054 0.0191394 0.7218116 0.0069394 0.6917901
110.152000 4.5063987 -0.4028377 10.4180403 0.0172923 0.7212411 0.0086694 0.6924139
110.361100 4.6079779 -0.4059821 10.4145031 0.0187783 0.7206093 0.0068586 0.6930531
110.568500 4.7086558 -0.4089939 10.4115257 0.0194133 0.7199420 0.0059936 0.6937368
110.776900 4.8098855 -0.4127252 10.4082727 0.0187189 0.7188159 0.0055850 0.6949260
110.985200 4.9112387 -0.4164352 10.4064980 0.0201532 0.7173959 0.0037057 0.6963643
111.193300 5.0115838 -0.4200270 10.4051228 0.0168624 0.7156354 0.0060152 0.6982445
111.401600 5.1099014 -0.4231873 10.4037628 0.0165071 0.7137558 0.0061037 0.7001735
111.609900 5.2079539 -0.4262562 10.4033995 0.0138443 0.7125444 0.0040678 0.7014787
111.922300 5.3543205 -0.4307317 10.4032688 0.0092377 0.7116571 0.0001007 0.7024662
112.130600 5.4506898 -0.4342667 10.4037924 0.0111189 0.7122447 -0.0029517 0.7018369
112.338800 5.5456505 -0.4378489 10.4027500 0.0138666 0.7122114 -0.0033647 0.7018200
112.547100 5.6411233 -0.4415132 10.4025230 0.0098935 0.7131253 -0.0017205 0.7009647
112.755500 5.7351394 -0.4449525 10.4015408 0.0077059 0.7145224 -0.0029349 0.6995640
112.964100 5.8280702 -0.4478372 10.4005575 0.0064712 0.7171331 -0.0038096 0.6968958
113.172100 5.9200330 -0.4511508 10.3991394 0.0055090 0.7201784 -0.0041353 0.6937547
113.380300 6.0135202 -0.4545192 10.3975525 0.0050176 0.7232779 -0.0069319 0.6905040
113.588800 6.1049500 -0.4572351 10.3938894 0.0066131 0.7272089 -0.0063873 0.6863547
113.797100 6.1961699 -0.4605113 10.3886452 0.0057943 0.7325933 -0.0059029 0.6806164
114.005500 6.2866201 -0.4635063 10.3818598 0.0042495 0.7388756 -0.0032803 0.6738204
114.213900 6.3771768 -0.4659629 10.3737850 0.0031640 0.7452693 -0.0037975 0.6667452
114.423500 6.4675779 -0.4684154 10.3633385 0.0040118 0.7514337 -0.0025561 0.6597915
114.735000 6.6033649 -0.4724426 10.3444185 0.0066307 0.7618430 -0.0017933 0.6477253
115.047500 6.7390242 -0.4762132 10.3210678 0.0115294 0.7718810 0.0010581 0.6356617
115.359900 6.8747959 -0.4803314 10.2925997 0.0168956 0.7758873 0.0066956 0.6306098
115.568000 6.9651737 -0.4832727 10.2747917 0.0219855 0.7755051 0.0082212 0.6309049
115.879800 7.1012545 -0.4874665 10.2487240 0.0252207 0.7702294 0.0144113 0.6371050
116.087800 7.1918736 -0.4899386 10.2329941 0.0255309 0.7665553 0.0187693 0.6413960
116.295900 7.2816920 -0.4924207 10.2184925 0.0296655 0.7629838 0.0164890 0.6455259
116.504000 7.3717437 -0.4959560 10.2059450 0.0310340 0.7594287 0.0150870 0.6496748
116.712100 7.4624949 -0.4989606 10.1941624 0.0279268 0.7551121 0.0168952 0.6547828
116.920200 7.5521588 -0.5019858 10.1834249 0.0279883 0.7512352 0.0172946 0.6592141
117.128700 7.6407046 -0.5050606 10.1729422 0.0295518 0.7494178 0.0148662 0.6612705
117.441200 7.7701273 -0.5096543 10.1586084 0.0273541 0.7491901 0.0190004 0.6615171
117.649600 7.8519506 -0.5122592 10.1495037 0.0253555 0.7488785 0.0216438 0.6618683
117.962300 7.9702215 -0.5156955 10.1355686 0.0297253 0.7487676 0.0165361 0.6619592
118.170700 8.0505056 -0.5183327 10.1267071 0.0291252 0.7493165 0.0163075 0.6613702
118.379200 8.1297722 -0.5205262 10.1167936 0.0274411 0.7502316 0.0196155 0.6603142
118.587700 8.2089558 -0.5223958 10.1065607 0.0275068 0.7511845 0.0245233 0.6590628
118.796200 8.2871275 -0.5243576 10.0966320 0.0311422 0.7519057 0.0219411 0.6581690
119.005100 8.3632946 -0.5262241 10.0866766 0.0352887 0.7507081 0.0202710 0.6593794
119.212900 8.4395037 -0.5285854 10.0774794 0.0319931 0.7482951 0.0221045 0.6622252
119.421900 8.5141563 -0.5305176 10.0695047 0.0304282 0.7453851 0.0224473 0.6655610
119.629500 8.5887537 -0.5325229 10.0614605 0.0313788 0.7428460 0.0210593 0.6683949
119.837900 8.6627426 -0.5346861 10.0538139 0.0321557 0.7406736 0.0208837 0.6707701
120.046300 8.7355289 -0.5365925 10.0476551 0.0292468 0.7395092 0.0242669 0.6720728
120.254600 8.8059034 -0.5389417 10.0414572 0.0291254 0.7388354 0.0219192 0.6728994
120.463100 8.8756866 -0.5413868 10.0364141 0.0288315 0.7389071 0.0171673 0.6729712
120.671400 8.9444485 -0.5434958 10.0313396 0.0252514 0.7393612 0.0171294 0.6726173
120.879900 9.0091848 -0.5455854 10.0261116 0.0229185 0.7398809 0.0200348 0.6720489
121.088200 9.0694551 -0.5471450 10.0206108 0.0226017 0.7398394 0.0176033 0.6721733
121.400800 9.1494102 -0.5496256 10.0135117 0.0256854 0.7392439 0.0153103 0.6727737
121.713700 9.2199945 -0.5521992 10.0078897 0.0246847 0.7390836 0.0130005 0.6730357
121.922200 9.2642441 -0.5539479 10.0033283 0.0262725 0.7408966 0.0110859 0.6710134
122.238500 9.3288050 -0.5567162 9.9962215 0.0268230 0.7458501 0.0107107 0.6654873
122.443800 9.3693590 -0.5582438 9.9910440 0.0277366 0.7494652 0.0118645 0.6613560
122.757700 9.4224958 -0.5602403 9.9831848 0.0273987 0.7537314 0.0135187 0.6564720
123.069400 9.4691916 -0.5620526 9.9760303 0.0295722 0.7576541 0.0120705 0.6518742
123.278000 9.4997120 -0.5631973 9.9705076 0.0294729 0.7608386 0.0138779 0.6481230
123.486500 9.5297251 -0.5641493 9.9650030 0.0297243 0.7643433 0.0142303 0.6439669
123.695100 9.5591354 -0.5652812 9.9596806 0.0286393 0.7685645 0.0131217 0.6389962
124.112400 9.6171436 -0.5672653 9.9461603 0.0300119 0.7816590 0.0102949 0.6228985
124.321000 9.6469994 -0.5685062 9.9385996 0.0298066 0.7912357 0.0086476 0.6107231
124.529700 9.6778326 -0.5694045 9.9299049 0.0276458 0.8011783 0.0073568 0.5977415
124.738300 9.7098055 -0.5703079 9.9183521 0.0278000 0.8124022 0.0064199 0.5823990
125.051200 9.7596169 -0.5723909 9.8979864 0.0268945 0.8322287 0.0036563 0.5537677
125.260000 9.7947788 -0.5734211 9.8809900 0.0237892 0.8473757 0.0011866 0.5304594
125.468700 9.8307819 -0.5744966 9.8601170 0.0230803 0.8632067 0.0014568 0.5043206
125.677400 9.8677826 -0.5760081 9.8354015 0.0217962 0.8797429 0.0035510 0.4749366
125.886700 9.9042912 -0.5770494 9.8066883 0.0209481 0.8960365 0.0043259 0.4434649
126.094600 9.9402103 -0.5776305 9.7735338 0.0210867 0.9117467 0.0055673 0.4101735
126.303100 9.9753752 -0.5786941 9.7363081 0.0186558 0.9265817 0.0068243 0.3755684
126.511700 10.0088215 -0.5788112 9.6946430 0.0177525 0.9402467 0.0066078 0.3399667
126.720300 10.0401630 -0.5789651 9.6490431 0.0188813 0.9524208 0.0066477 0.3041280
126.928800 10.0703440 -0.5796610 9.5986996 0.0187155 0.9626878 0.0066782 0.2698840
127.137100 10.0984182 -0.5799850 9.5445347 0.0182380 0.9717476 0.0071231 0.2352089
127.345600 10.1236372 -0.5800747 9.4859810 0.0162891 0.9798401 0.0102333 0.1988549
127.554100 10.1446419 -0.5797754 9.4230070 0.0178856 0.9866912 0.0158007 0.1608447
127.762600 10.1617746 -0.5791147 9.3565445 0.0154465 0.9923524 0.0165489 0.1213438
127.971300 10.1729412 -0.5775474 9.2871675 0.0205330 0.9963021 0.0161960 0.0818419
128.179700 10.1792984 -0.5770379 9.2152328 0.0212600 0.9988164 0.0129430 0.0417879
128.387800 10.1802597 -0.5758893 9.1412439 0.0237558 0.9996536 0.0082913 0.0077127
128.596100 10.1766052 -0.5749719 9.0644464 0.0259320 0.9993790 0.0094970 -0.0218851
128.804200 10.1698275 -0.5743537 8.9872255 0.0255337 0.9984949 0.0117016 -0.0471067
129.012400 10.1593704 -0.5726647 8.9076900 0.0248362 0.9973099 0.0132110 -0.0676882
129.220400 10.1454277 -0.5710388 8.8273306 0.0230538 0.9957540 0.0173154 -0.0874224
129.428500 10.1288490 -0.5685530 8.7461748 0.0203785 0.9937612 0.0224672 -0.1073243
129.636700 10.1086159 -0.5654080 8.6646299 0.0164772 0.9917492 0.0233776 -0.1249621
129.948900 10.0731373 -0.5613482 8.5393715 0.0142789 0.9892564 0.0140997 -0.1448071
130.156900 10.0461006 -0.5588818 8.4541101 0.0174520 0.9879383 0.0162545 -0.1530001
130.365000 10.0179396 -0.5567747 8.3680458 0.0216984 0.9869497 0.0151764 -0.1588368
130.573100 9.9888287 -0.5549430 8.2808523 0.0220189 0.9863439 0.0142784 -0.1625946
130.784300 9.9588985 -0.5533134 8.1942921 0.0238894 0.9860723 0.0137490 -0.1640172
130.989400 9.9296265 -0.5519061 8.1066742 0.0263353 0.9862369 0.0141058 -0.1626167
131.197300 9.9008350 -0.5501841 8.0190420 0.0294475 0.9868124 0.0144179 -0.1585128
131.405400 9.8736420 -0.5482730 7.9319029 0.0303845 0.9877344 0.0155082 -0.1523712
131.613500 9.8480663 -0.5471003 7.8442960 0.0304476 0.9886836 0.0159290 -0.1460271
131.821600 9.8229656 -0.5449677 7.7577391 0.0311790 0.9896281 0.0156391 -0.1393540
132.029800 9.8004713 -0.5433615 7.6728945 0.0304829 0.9903880 0.0166015 -0.1338912
132.238000 9.7789516 -0.5417255 7.5907316 0.0301837 0.9909664 0.0179127 -0.1294362
132.448000 9.7595186 -0.5404788 7.5123920 0.0291234 0.9911820 0.0181979 -0.1279801
132.654900 9.7408218 -0.5389402 7.4379516 0.0283915 0.9912404 0.0175502 -0.1277820
132.865500 9.7230625 -0.5376893 7.3680854 0.0281258 0.9911057 0.0178597 -0.1288391
133.072500 9.7056961 -0.5370653 7.3038640 0.0280336 0.9907087 0.0180525 -0.1318503
133.280500 9.6892529 -0.5362737 7.2412386 0.0274559 0.9900370 0.0181642 -0.1369053
133.593500 9.6626549 -0.5344300 7.1505995 0.0263644 0.9881997 0.0176074 -0.1498539
133.906600 9.6322823 -0.5331280 7.0647793 0.0258621 0.9840067 0.0183738 -0.1752836
134.115500 9.6091433 -0.5317618 7.0117121 0.0257428 0.9793671 0.0180669 -0.1996271
134.324600 9.5841436 -0.5308894 6.9622736 0.0235762 0.9720491 0.0178261 -0.2329097
134.533600 9.5554228 -0.5297512 6.9163265 0.0221974 0.9614543 0.0159898 -0.2736005
134.742800 9.5248060 -0.5298054 6.8761215 0.0222086 0.9475682 0.0140267 -0.3184721
134.951900 9.4879303 -0.5285320 6.8390493 0.0225224 0.9305367 0.0140735 -0.3652343
135.160700 9.4476919 -0.5274373 6.8048749 0.0199795 0.9094924 0.0175114 -0.4148708
135.369500 9.4047585 -0.5260748 6.7774239 0.0196630 0.8865410 0.0181306 -0.4618763
135.578300 9.3569908 -0.5242049 6.7529235 -0.0181123 -0.8606716 -0.0198963 0.5084490
135.787000 9.3047333 -0.5222408 6.7305369 -0.0148483 -0.8326790 -0.0241282 0.5530308
135.995500 9.2520885 -0.5229630 6.7110939 -0.0139530 -0.8023080 -0.0264276 0.5961618
136.204000 9.2016001 -0.5216503 6.7032919 -0.0133272 -0.7745631 -0.0279146 0.6317398
136.412100 9.1468124 -0.5210643 6.6992788 -0.0181116 -0.7505171 -0.0290792 0.6599625
136.620200 9.0864620 -0.5174065 6.7017646 -0.0183956 -0.7322438 -0.0306164 0.6801053
136.932000 8.9982634 -0.5112279 6.7190008 -0.0124322 -0.7156846 -0.0283792 0.6977361
137.141300 8.9342537 -0.5043874 6.7418146 -0.0092073 -0.7129075 -0.0268324 0.7006841
137.659600 8.7406693 -0.4866518 6.7505689 -0.0075224 -0.6916614 -0.0222955 0.7218385
153.594900 0.7842952 -0.2091077 7.3586259 -0.0094647 -0.6962562 -0.0245962 0.7173094
157.658800 -0.8260235 -0.1535921 7.4145479 -0.0167120 -0.6552979 -0.0222024 0.7548591
157.971200 -0.9109765 -0.1502572 7.4257751 -0.0199421 -0.6594693 -0.0200960 0.7511982
158.387700 -1.0112389 -0.1471424 7.4363689 -0.0236689 -0.6660271 -0.0188719 0.7453130
159.012900 -1.1292245 -0.1423851 7.4471397 -0.0200220 -0.6756590 -0.0158207 0.7367725
159.534000 -1.1958356 -0.1407944 7.4503183 -0.0174023 -0.6804664 -0.0167700 0.7323807
160.472200 -1.2829819 -0.1384417 7.4546313 -0.0136923 -0.6870166 -0.0128326 0.7263994
160.889200 -1.3197799 -0.1371965 7.4571714 -0.0158216 -0.6904597 -0.0118065 0.7231014
161.306000 -1.3570956 -0.1359529 7.4580784 -0.0110765 -0.6947961 -0.0138832 0.7189875
161.722800 -1.4046110 -0.1349937 7.4576864 -0.0072802 -0.6994197 -0.0126274 0.7145625
162.139700 -1.4661248 -0.1340844 7.4565277 -0.0028811 -0.7029299 -0.0119354 0.7111532
162.556600 -1.5455279 -0.1326296 7.4557905 -0.0014974 -0.7013515 -0.0160152 0.7126341
162.869300 -1.6152954 -0.1309062 7.4565578 -0.0060856 -0.6998399 -0.0225416 0.7139180
163.182100 -1.6920609 -0.1284881 7.4590826 -0.0157025 -0.6991494 -0.0154146 0.7146370
163.494700 -1.7770960 -0.1252521 7.4598475 -0.0146046 -0.7008119 -0.0144069 0.7130511
163.807300 -1.8703179 -0.1221141 7.4607425 -0.0188888 -0.7034199 -0.0116813 0.7104275
164.119900 -1.9697242 -0.1193514 7.4592824 -0.0068898 -0.7053090 -0.0063126 0.7088384
164.432600 -2.0783169 -0.1170367 7.4587078 -0.0138071 -0.7061003 -0.0104846 0.7078996
164.745400 -2.1921422 -0.1147108 7.4579053 -0.0078771 -0.7074695 -0.0097310 0.7066330
164.953900 -2.2719896 -0.1131004 7.4568958 -0.0090212 -0.7075061 -0.0124479 0.7065399
165.162300 -2.3540792 -0.1107972 7.4566927 -0.0106515 -0.7081197 -0.0144496 0.7058642
165.475000 -2.4807742 -0.1080152 7.4556389 -0.0101940 -0.7074499 -0.0155113 0.7065198
165.683600 -2.5681746 -0.1054416 7.4548683 -0.0087714 -0.7060716 -0.0144401 0.7079388
165.892000 -2.6581564 -0.1037695 7.4550419 -0.0103122 -0.7047779 -0.0159442 0.7091739
166.100600 -2.7491295 -0.1013480 7.4550848 -0.0108806 -0.7033479 -0.0156577 0.7105900
166.308900 -2.8412938 -0.0991916 7.4559832 -0.0114179 -0.7028094 -0.0143440 0.7111419
166.517400 -2.9341333 -0.0971910 7.4565139 -0.0115444 -0.7029004 -0.0139013 0.7110587
166.725700 -3.0281940 -0.0951963 7.4564886 -0.0114118 -0.7031559 -0.0153413 0.7107786
166.934000 -3.1230383 -0.0931601 7.4569702 -0.0095101 -0.7038242 -0.0143695 0.7101651
167.142500 -3.2177408 -0.0914860 7.4570084 -0.0100469 -0.7041591 -0.0170314 0.7097669
167.351000 -3.3140805 -0.0892635 7.4570303 -0.0116726 -0.7039254 -0.0164500 0.7099875
167.455000 -3.3620389 -0.0879627 7.4570136 -0.0123509 -0.7035961 -0.0167107 0.7102963
167.663200 -3.4585438 -0.0857220 7.4566321 -0.0133579 -0.7031829 -0.0169334 0.7106819
167.767400 -3.5064294 -0.0844628 7.4562907 -0.0123766 -0.7030451 -0.0173054 0.7108269
167.975600 -3.6010392 -0.0825953 7.4551377 -0.0094413 -0.7021857 -0.0174184 0.7117181
168.183900 -3.6967824 -0.0808965 7.4540381 -0.0079703 -0.7015140 -0.0213839 0.7122902
168.392100 -3.7938688 -0.0778641 7.4542904 -0.0130579 -0.7010179 -0.0264888 0.7125319
168.600500 -3.8902709 -0.0747398 7.4531174 -0.0096805 -0.7002334 -0.0252813 0.7134005
168.913000 -4.0359969 -0.0717578 7.4553771 -0.0067008 -0.6996681 -0.0207021 0.7141366
169.121700 -4.1335778 -0.0692566 7.4572001 -0.0090098 -0.6992586 -0.0199871 0.7145326
169.329900 -4.2312326 -0.0674710 7.4586339 -0.0098038 -0.6992072 -0.0187794 0.7146052
169.434000 -4.2800732 -0.0665270 7.4591937 -0.0093834 -0.6992669 -0.0175610 0.7145834
169.642300 -4.3788352 -0.0643558 7.4611721 -0.0106066 -0.6998094 -0.0173542 0.7140401
169.850700 -4.4781771 -0.0623382 7.4637475 -0.0145078 -0.7005015 -0.0192236 0.7132444
170.059000 -4.5793695 -0.0596285 7.4663873 -0.0110870 -0.7013420 -0.0170873 0.7125339
170.267400 -4.6798348 -0.0579125 7.4680824 -0.0098062 -0.7017574 -0.0175198 0.7121330
170.580000 -4.8314667 -0.0538457 7.4706082 -0.0125653 -0.7024706 -0.0200493 0.7113193
170.788300 -4.9318061 -0.0506764 7.4718337 -0.0093764 -0.7035741 -0.0203885 0.7102675
171.100700 -5.0849547 -0.0471450 7.4717617 -0.0065153 -0.7058656 -0.0208962 0.7080075
171.308900 -5.1870108 -0.0448275 7.4724975 -0.0086813 -0.7081880 -0.0180742 0.7057391
171.621400 -5.3389907 -0.0424826 7.4714394 -0.0059539 -0.7107521 -0.0150396 0.7032566
171.829800 -5.4398451 -0.0409125 7.4694133 -0.0083135 -0.7121366 -0.0181330 0.7017574
172.142500 -5.5905972 -0.0374999 7.4662180 -0.0094635 -0.7147042 -0.0186071 0.6991153
172.351200 -5.6903510 -0.0355488 7.4630842 -0.0075770 -0.7164766 -0.0151595 0.6974053
172.558700 -5.7907195 -0.0336952 7.4596496 -0.0084792 -0.7184222 -0.0160412 0.6953707
172.766900 -5.8912449 -0.0323249 7.4557061 -0.0092311 -0.7202216 -0.0173008 0.6934668
172.975200 -5.9906988 -0.0302520 7.4510832 -0.0094999 -0.7219190 -0.0169177 0.6917055
173.183400 -6.0903916 -0.0280652 7.4463191 -0.0092959 -0.7238423 -0.0150454 0.6897388
173.391600 -6.1885467 -0.0265686 7.4402537 -0.0101810 -0.7251964 -0.0145918 0.6883121
173.599900 -6.2877054 -0.0247558 7.4347100 -0.0108993 -0.7266316 -0.0123862 0.6868291
173.912300 -6.4384227 -0.0219034 7.4251275 -0.0139285 -0.7284198 -0.0132765 0.6848608
174.224700 -6.5894814 -0.0187642 7.4147172 -0.0127165 -0.7298575 -0.0122096 0.6833720
174.433100 -6.6897850 -0.0168801 7.4079556 -0.0130633 -0.7308077 -0.0104922 0.6823777
174.641400 -6.7908082 -0.0148347 7.4004474 -0.0148977 -0.7311810 -0.0102407 0.6819440
174.849700 -6.8913822 -0.0132160 7.3934255 -0.0175439 -0.7311201 -0.0091838 0.6819613
175.058000 -6.9915519 -0.0113169 7.3857431 -0.0148383 -0.7311769 -0.0072362 0.6819881
175.266300 -7.0920868 -0.0095418 7.3774691 -0.0123435 -0.7309574 -0.0100286 0.6822377
175.474500 -7.1934018 -0.0076548 7.3691864 -0.0146923 -0.7311354 -0.0114917 0.6819774
175.682800 -7.2945485 -0.0051626 7.3605571 -0.0147717 -0.7314456 -0.0125112 0.6816249
175.891100 -7.3963623 -0.0030745 7.3523641 -0.0128113 -0.7318901 -0.0118307 0.6811996
176.099300 -7.4977808 -0.0003645 7.3431053 -0.0109186 -0.7318078 -0.0131646 0.6812965
176.307600 -7.6005769 0.0011773 7.3347149 -0.0112697 -0.7318689 -0.0141235 0.6812059
176.515700 -7.7044277 0.0036783 7.3268642 -0.0123742 -0.7316805 -0.0127263 0.6814166
176.723900 -7.8063135 0.0056895 7.3178120 -0.0129625 -0.7314817 -0.0120051 0.6816321
176.932200 -7.9082155 0.0077254 7.3089328 -0.0109941 -0.7313511 -0.0103743 0.6818336
177.140500 -8.0096083 0.0094064 7.3004832 -0.0121395 -0.7313433 -0.0130799 0.6817760
177.348600 -8.1117382 0.0116896 7.2926583 -0.0144114 -0.7315853 -0.0104400 0.6815177
177.556900 -8.2142391 0.0138560 7.2845149 -0.0159237 -0.7319874 -0.0094247 0.6810669
177.764900 -8.3158455 0.0155431 7.2756939 -0.0150694 -0.7320195 -0.0087889 0.6810603
177.973600 -8.4181280 0.0176916 7.2667522 -0.0175571 -0.7317743 -0.0114508 0.6812247
178.181400 -8.5196266 0.0202041 7.2586050 -0.0189334 -0.7316747 -0.0098116 0.6813204
178.389700 -8.6188564 0.0219059 7.2493706 -0.0114371 -0.7310361 -0.0051678 0.6822234
178.598000 -8.7179775 0.0230766 7.2406230 -0.0157701 -0.7305412 -0.0085953 0.6826324
178.806200 -8.8173809 0.0256459 7.2309442 -0.0197025 -0.7296825 -0.0120592 0.6833958
179.118400 -8.9640331 0.0291063 7.2180305 -0.0147717 -0.7288564 -0.0021732 0.6845038
179.326700 -9.0622406 0.0303515 7.2112818 -0.0222784 -0.7298461 -0.0055404 0.6832259
179.534800 -9.1601591 0.0340513 7.2030554 -0.0289537 -0.7289864 -0.0112469 0.6838230
179.847200 -9.2992191 0.0369927 7.1905222 -0.0158683 -0.7288365 -0.0043645 0.6844900
180.055500 -9.3920841 0.0384655 7.1827788 -0.0163304 -0.7287313 -0.0068782 0.6845705
180.159600 -9.4383392 0.0395702 7.1792421 -0.0188617 -0.7287459 -0.0110780 0.6844347
180.367800 -9.5282640 0.0418251 7.1719828 -0.0206700 -0.7288818 -0.0145231 0.6841733
180.576000 -9.6168175 0.0442755 7.1648946 -0.0202059 -0.7290345 -0.0127592 0.6840597
180.784300 -9.7051296 0.0464738 7.1577973 -0.0176173 -0.7287799 -0.0090644 0.6844614
180.992700 -9.7925425 0.0480606 7.1516972 -0.0186648 -0.7279279 -0.0092172 0.6853377
181.201300 -9.8786297 0.0500518 7.1457705 -0.0147366 -0.7267839 -0.0083911 0.6866568
181.409200 -9.9623795 0.0514991 7.1397338 -0.0133541 -0.7261728 -0.0094896 0.6873170
181.617500 -10.0419159 0.0526567 7.1332574 -0.0148277 -0.7261170 -0.0108542 0.6873256
181.825600 -10.1215992 0.0535460 7.1273971 -0.0127302 -0.7272319 -0.0110206 0.6861853
182.033900 -10.2009888 0.0550940 7.1207857 -0.0120158 -0.7289969 -0.0120039 0.6843062
182.137800 -10.2411556 0.0556907 7.1174717 -0.0117615 -0.7304534 -0.0140181 0.6827174
182.345900 -10.3203487 0.0570306 7.1104903 -0.0160710 -0.7331380 -0.0125442 0.6797743
182.554000 -10.3984013 0.0579858 7.1028547 -0.0137087 -0.7366878 -0.0093666 0.6760291
182.762300 -10.4764252 0.0591224 7.0943065 -0.0151011 -0.7406975 -0.0086337 0.6716135
182.970500 -10.5547075 0.0611927 7.0847244 -0.0174652 -0.7452142 -0.0119146 0.6664900
183.283100 -10.6693850 0.0635755 7.0692735 -0.0132234 -0.7507392 -0.0097823 0.6603939
183.491500 -10.7449837 0.0647775 7.0579071 -0.0101766 -0.7519463 -0.0150684 0.6589736
183.700300 -10.8192892 0.0659567 7.0470047 -0.0081850 -0.7515652 -0.0192273 0.6593277
183.908700 -10.8930397 0.0680436 7.0365658 -0.0082171 -0.7506455 -0.0211727 0.6603148
184.117400 -10.9647923 0.0699571 7.0260835 -0.0045473 -0.7487772 -0.0241150 0.6623674
184.326100 -11.0333986 0.0717238 7.0168505 -0.0003526 -0.7440093 -0.0265016 0.6676434
184.534700 -11.1000929 0.0727792 7.0098639 0.0016191 -0.7353950 -0.0297998 0.6769812
184.743300 -11.1602755 0.0737099 7.0067797 0.0013354 -0.7269908 -0.0295237 0.6860110
184.951900 -11.2198343 0.0740113 7.0053811 0.0006436 -0.7185813 -0.0304140 0.6947774
185.369100 -11.3383846 0.0770426 7.0070190 0.0005479 -0.6989268 -0.0314410 0.7145016
185.681900 -11.4229755 0.0790136 7.0125213 -0.0003351 -0.6831560 -0.0291119 0.7296920
186.203000 -11.5527096 0.0816494 7.0286694 0.0000987 -0.6561761 -0.0247922 0.7542004
186.619800 -11.6463079 0.0831111 7.0460892 -0.0024022 -0.6375023 -0.0244559 0.7700565
186.932200 -11.7113276 0.0839927 7.0598993 -0.0052514 -0.6308552 -0.0207004 0.7756066
187.348300 -11.7917738 0.0861038 7.0767775 -0.0080025 -0.6353656 -0.0188004 0.7719411
187.868000 -11.8786783 0.0876834 7.0881343 -0.0111106 -0.6635742 -0.0168451 0.7478383
188.595700 -11.9703770 0.0886241 7.0821004 -0.0115037 -0.7371484 -0.0185770 0.6753775
189.115800 -12.0289631 0.0901576 7.0631475 -0.0075934 -0.7959341 -0.0172029 0.6050912
189.740600 -12.0916710 0.0917866 7.0263243 -0.0004864 -0.8527649 -0.0261034 0.5216421
190.574800 -12.1690903 0.0953021 6.9639235 -0.0055678 0.8998913 0.0266639 -0.4352629
191.096200 -12.2148952 0.0972444 6.9190388 -0.0020724 0.9180526 0.0151297 -0.3961645
191.304400 -12.2332363 0.0980810 6.8984566 -0.0006561 0.9259849 0.0166208 -0.3771941
191.616900 -12.2601366 0.0991341 6.8638539 0.0046849 0.9398262 0.0185263 -0.3411181
191.825000 -12.2764673 0.0997744 6.8382230 0.0047097 0.9488944 0.0199025 -0.3149303
192.034000 -12.2913342 0.1007082 6.8099513 0.0057473 0.9579285 0.0195645 -0.2862816
192.241400 -12.3064909 0.1020531 6.7793159 0.0078520 0.9667532 0.0163386 -0.2550678
192.449700 -12.3193913 0.1037701 6.7448516 0.0035871 0.9748008 0.0144731 -0.2225784
192.553800 -12.3261728 0.1043532 6.7261286 0.0038529 0.9784839 0.0150801 -0.2057354
192.657900 -12.3333721 0.1048078 6.7064600 0.0075109 0.9815230 0.0155105 -0.1905668
192.762500 -12.3400593 0.1055956 6.6858873 0.0088044 0.9840916 0.0152897 -0.1767833
192.970700 -12.3524361 0.1068139 6.6409926 0.0057739 0.9876612 0.0164400 -0.1556332
193.179500 -12.3657894 0.1084861 6.5923052 0.0059082 0.9893630 0.0173163 -0.1443122
193.283700 -12.3729782 0.1093049 6.5662956 0.0091399 0.9901934 0.0168779 -0.1383785
193.388000 -12.3806047 0.1101005 6.5388613 0.0131448 0.9911263 0.0161608 -0.1312809
193.596300 -12.3935843 0.1116054 6.4804354 0.0145099 0.9931143 0.0134090 -0.1154716
193.804800 -12.4056225 0.1138643 6.4162798 0.0170132 0.9947659 0.0142564 -0.0997402
194.013300 -12.4173803 0.1158587 6.3457499 0.0189541 0.9960917 0.0162180 -0.0847288
194.221800 -12.4276667 0.1182200 6.2709837 0.0187916 0.9970660 0.0137786 -0.0729137
194.430500 -12.4366961 0.1203492 6.1914239 0.0187063 0.9975426 0.0138282 -0.0660876
194.639200 -12.4461880 0.1223461 6.1077437 0.0188420 0.9978002 0.0146440 -0.0618494
194.847700 -12.4557142 0.1252026 6.0194287 0.0184919 0.9979383 0.0139185 -0.0598620
195.056300 -12.4654989 0.1275232 5.9273806 0.0206625 0.9979824 0.0147637 -0.0581919
195.264800 -12.4745636 0.1304819 5.8308120 0.0229743 0.9979718 0.0160128 -0.0571674
195.473300 -12.4850693 0.1337054 5.7272940 0.0236652 0.9980881 0.0132053 -0.0555504
195.786100 -12.5007086 0.1377824 5.5657125 0.0208903 0.9982693 0.0131452 -0.0533790
195.994400 -12.5115204 0.1407890 5.4545221 0.0228026 0.9982159 0.0186329 -0.0519408
196.202800 -12.5218086 0.1441244 5.3450384 0.0265653 0.9981777 0.0210526 -0.0499232
196.411200 -12.5306644 0.1468961 5.2376485 0.0256448 0.9983448 0.0182435 -0.0481369
196.619500 -12.5389023 0.1493502 5.1294808 0.0230578 0.9985189 0.0184361 -0.0456992
196.828000 -12.5472383 0.1526204 5.0210757 0.0215788 0.9986300 0.0189188 -0.0437557
197.036300 -12.5542498 0.1551221 4.9137421 0.0224918 0.9987020 0.0192075 -0.0414675
197.348800 -12.5646381 0.1587238 4.7521105 0.0216875 0.9988152 0.0200125 -0.0386968
197.557200 -12.5719328 0.1610037 4.6456528 0.0199983 0.9989087 0.0201228 -0.0371012
197.765600 -12.5788250 0.1634958 4.5411696 0.0195137 0.9989455 0.0201655 -0.0363382
197.973900 -12.5856695 0.1655402 4.4361062 0.0196733 0.9989966 0.0189866 -0.0354710
198.182200 -12.5927973 0.1679700 4.3311534 0.0208276 0.9989826 0.0202700 -0.0344835
198.390400 -12.5995626 0.1699441 4.2266836 0.0201414 0.9990424 0.0204705 -0.0330080
198.598700 -12.6037130 0.1726705 4.1244998 0.0183436 0.9991264 0.0201965 -0.0316554
198.911000 -12.6113930 0.1748427 3.9705892 0.0183273 0.9992308 0.0192741 -0.0288167
199.223300 -12.6173182 0.1776263 3.8184881 0.0171521 0.9992813 0.0194545 -0.0276420
199.431800 -12.6219215 0.1800515 3.7160449 0.0169901 0.9992737 0.0203745 -0.0273553
199.639900 -12.6258898 0.1816154 3.6151724 0.0163265 0.9992991 0.0180222 -0.0284595
199.952500 -12.6330376 0.1848968 3.4645143 0.0147390 0.9991595 0.0178566 -0.0338264
200.160900 -12.6394033 0.1867027 3.3656180 0.0169834 0.9990068 0.0165447 -0.0377254
200.369200 -12.6471176 0.1887954 3.2669516 0.0198774 0.9987984 0.0193304 -0.0404108
200.681600 -12.6567154 0.1910632 3.1200824 0.0158641 0.9985803 0.0267058 -0.0432722
200.993900 -12.6613836 0.1906682 2.9829633 0.0180752 0.9986703 0.0185587 -0.0445693
201.306400 -12.6716843 0.1935102 2.8356106 0.0205081 0.9985474 0.0220561 -0.0446773
201.618900 -12.6825285 0.1974993 2.6875017 0.0191735 0.9984777 0.0245145 -0.0455380
201.931300 -12.6939211 0.2018284 2.5360951 0.0188397 0.9985262 0.0230817 -0.0453615
202.139600 -12.7013750 0.2049977 2.4357948 0.0184039 0.9985806 0.0235004 -0.0441107
202.347900 -12.7076635 0.2077273 2.3382111 0.0170064 0.9986629 0.0241099 -0.0424480
202.660400 -12.7172203 0.2113292 2.1909976 0.0158666 0.9987878 0.0240127 -0.0399316
202.868700 -12.7233906 0.2135618 2.0928681 0.0148980 0.9988811 0.0238084 -0.0380488
203.077100 -12.7284498 0.2163963 1.9961030 0.0136301 0.9989370 0.0235567 -0.0372051
203.285500 -12.7342472 0.2184628 1.8990130 0.0127442 0.9989611 0.0241270 -0.0365003
203.598100 -12.7416735 0.2212082 1.7561712 0.0109026 0.9989566 0.0239860 -0.0373031
203.806500 -12.7458124 0.2237995 1.6593626 0.0086349 0.9989294 0.0236115 -0.0388328
204.015000 -12.7520800 0.2256727 1.5661186 0.0073465 0.9988119 0.0244708 -0.0414970
204.327700 -12.7616978 0.2299735 1.4276527 0.0073214 0.9985918 0.0245263 -0.0464667
204.640500 -12.7731285 0.2334066 1.2912642 0.0074400 0.9984422 0.0242366 -0.0497032
204.953000 -12.7852564 0.2364526 1.1565008 0.0073113 0.9983185 0.0245796 -0.0519858
205.265300 -12.7949047 0.2383389 1.0258778 0.0084882 0.9981962 0.0242088 -0.0542794
205.577700 -12.8029413 0.2394193 0.8963875 0.0110567 0.9981515 0.0264280 -0.0535998
205.785700 -12.8084574 0.2416364 0.8075297 0.0118216 0.9983948 0.0261320 -0.0488377
206.097700 -12.8174906 0.2456853 0.6754984 0.0119539 0.9989511 0.0266749 -0.0352456
206.305800 -12.8199472 0.2488929 0.5869726 0.0113961 0.9992340 0.0275437 -0.0253552
206.513700 -12.8223057 0.2517810 0.4993248 0.0126800 0.9994788 0.0262053 -0.0139516
206.722100 -12.8217640 0.2542982 0.4131072 0.0136510 0.9996049 0.0245334 -0.0013435
206.825800 -12.8204212 0.2554050 0.3696350 0.0144032 0.9995412 0.0258872 0.0063155
207.033600 -12.8159962 0.2585947 0.2836482 0.0158662 0.9992663 0.0248541 0.0244430
207.241600 -12.8079557 0.2605976 0.1989863 0.0159520 0.9986056 0.0239770 0.0442429
207.449700 -12.7963200 0.2626002 0.1137943 0.0151341 0.9974872 0.0245950 0.0646937
207.657600 -12.7814798 0.2651500 0.0279367 0.0154092 0.9958338 0.0239852 0.0866161
207.865600 -12.7626371 0.2673793 -0.0575492 0.0155822 0.9936145 0.0220051 0.1095591
208.073600 -12.7392321 0.2693452 -0.1430812 0.0153854 0.9907984 0.0207938 0.1328509
208.281600 -12.7113934 0.2713142 -0.2286518 0.0148694 0.9873817 0.0215014 0.1561857
208.489700 -12.6794291 0.2731824 -0.3138509 0.0167734 0.9833048 0.0226740 0.1797670
208.698000 -12.6428242 0.2748432 -0.3973637 0.0171246 0.9786830 0.0217576 0.2035018
208.905800 -12.6024876 0.2764611 -0.4802251 0.0157912 0.9738374 0.0229369 0.2255330
209.114100 -12.5576124 0.2781982 -0.5619326 0.0155794 0.9689564 0.0191994 0.2459925
209.322400 -12.5087051 0.2791566 -0.6434727 0.0145405 0.9641725 0.0183248 0.2642427
209.531200 -12.4561434 0.2803205 -0.7253995 0.0123396 0.9604943 0.0167357 0.2775217
209.739400 -12.3994207 0.2813089 -0.8090334 0.0099639 0.9581156 0.0161076 0.2857548
209.947900 -12.3403091 0.2822464 -0.8934369 0.0096590 0.9567940 0.0149907 0.2902194
210.156700 -12.2792339 0.2826862 -0.9791203 0.0094063 0.9561496 0.0130116 0.2924383
210.364800 -12.2177629 0.2830112 -1.0657587 0.0087947 0.9556786 0.0130494 0.2939910
210.574900 -12.1534452 0.2835284 -1.1533880 0.0077589 0.9557825 0.0133475 0.2936688
210.886000 -12.0612831 0.2835596 -1.2828584 0.0053017 0.9571165 0.0128328 0.2893701
211.094400 -12.0015354 0.2836021 -1.3679814 0.0038081 0.9589252 0.0134937 0.2833122
211.406900 -11.9176073 0.2842105 -1.4968100 0.0029317 0.9619868 0.0131982 0.2727612
211.719600 -11.8370781 0.2838868 -1.6249778 0.0039255 0.9655197 0.0148870 0.2598746
211.927900 -11.7856236 0.2843031 -1.7119422 0.0078781 0.9672803 0.0160173 0.2530812
212.136100 -11.7350473 0.2846144 -1.8001592 0.0107414 0.9679528 0.0165591 0.2503553
212.344200 -11.6855927 0.2860251 -1.8877597 0.0115566 0.9684250 0.0173054 0.2484350
212.552400 -11.6366825 0.2861344 -1.9737294 0.0141502 0.9688480 0.0179844 0.2465964
212.760400 -11.5878429 0.2865741 -2.0621486 0.0166123 0.9689791 0.0189811 0.2458520
212.968600 -11.5405350 0.2874743 -2.1485496 0.0190534 0.9690113 0.0186465 0.2455736
213.176800 -11.4939146 0.2883198 -2.2330444 0.0202284 0.9690713 0.0197934 0.2451525
213.384900 -11.4474382 0.2889448 -2.3191824 0.0221446 0.9690232 0.0208848 0.2450867
213.593100 -11.4017019 0.2898823 -2.4027112 0.0223252 0.9691295 0.0212125 0.2446214
213.801100 -11.3570175 0.2910744 -2.4845910 0.0231579 0.9685926 0.0221583 0.2465787
214.009100 -11.3124037 0.2919714 -2.5607486 0.0230583 0.9674486 0.0237486 0.2508935
214.217100 -11.2700787 0.2928767 -2.6323473 0.0243531 0.9656939 0.0226093 0.2575481
214.425200 -11.2300739 0.2933269 -2.6988645 0.0235281 0.9637414 0.0225424 0.2648409
214.633200 -11.1920719 0.2937511 -2.7599752 0.0222787 0.9619451 0.0232524 0.2713387
214.841300 -11.1558981 0.2942242 -2.8158126 0.0211930 0.9602645 0.0217553 0.2774341
215.052500 -11.1218662 0.2949744 -2.8677094 0.0204524 0.9585369 0.0213561 0.2834302
215.257800 -11.0891218 0.2955406 -2.9170506 0.0207846 0.9565330 0.0218576 0.2900603
215.466200 -11.0577965 0.2958895 -2.9610116 0.0216815 0.9537625 0.0219080 0.2989767
215.674000 -11.0275793 0.2959932 -3.0011680 0.0223645 0.9499351 0.0207697 0.3109528
215.882200 -10.9977150 0.2958045 -3.0384870 0.0225807 0.9455420 0.0192735 0.3241436
216.090300 -10.9673996 0.2959095 -3.0732398 0.0236850 0.9404932 0.0186611 0.3384722
216.298300 -10.9391146 0.2950517 -3.1042991 0.0250715 0.9341295 0.0186144 0.3555658
216.506400 -10.9109564 0.2950136 -3.1325736 0.0255127 0.9255745 0.0192584 0.3772134
216.923100 -10.8577328 0.2939354 -3.1739297 0.0197350 0.9047725 0.0148308 0.4251793
217.234800 -10.8237324 0.2930330 -3.1957865 0.0180829 0.8894234 0.0086198 0.4566451
217.443100 -10.8006859 0.2925302 -3.2085917 0.0176219 0.8776200 0.0075774 0.4789730
217.651400 -10.7771063 0.2919865 -3.2191575 0.0136100 0.8639517 0.0074264 0.5033360
217.859600 -10.7535210 0.2913664 -3.2283897 0.0109376 0.8487722 0.0067136 0.5286030
218.067900 -10.7302341 0.2908379 -3.2361574 0.0092882 0.8333650 0.0053260 0.5526194
218.276100 -10.7050972 0.2905233 -3.2429056 0.0080230 0.8168498 0.0027858 0.5767879
218.484300 -10.6782265 0.2899265 -3.2490356 0.0090470 0.7987530 0.0023551 0.6015863
218.692600 -10.6488276 0.2893331 -3.2544222 0.0107968 0.7797495 0.0019342 0.6259956
218.900800 -10.6160393 0.2886726 -3.2582355 0.0127280 0.7598082 0.0003959 0.6500225
219.317300 -10.5397882 0.2872822 -3.2602658 0.0137721 0.7175164 -0.0027279 0.6964002
219.525600 -10.4966326 0.2863733 -3.2585952 0.0115177 0.6961885 -0.0025569 0.7177621
219.735500 -10.4487801 0.2853911 -3.2542131 0.0112951 0.6770381 0.0000092 0.7358614
219.942400 -10.3973961 0.2841562 -3.2472634 0.0109329 0.6604855 0.0015974 0.7507575
220.151400 -10.3417072 0.2832624 -3.2370136 0.0111623 0.6429126 0.0009591 0.7658576
220.359200 -10.2819061 0.2821608 -3.2234330 0.0110712 0.6233308 0.0047695 0.7818653
220.567600 -10.2177382 0.2810419 -3.2057703 0.0110330 0.6021072 0.0118495 0.7982511
220.775800 -10.1516161 0.2800952 -3.1832404 0.0134587 0.5789176 0.0159170 0.8151196
220.984200 -10.0826416 0.2788803 -3.1564434 0.0216696 0.5544021 0.0185305 0.8317604
221.088500 -10.0476589 0.2782266 -3.1407132 0.0237256 0.5430014 0.0188415 0.8391851
221.296900 -9.9755192 0.2761118 -3.1039958 0.0213801 0.5230789 0.0194125 0.8517949
221.401400 -9.9384365 0.2748225 -3.0839200 0.0195939 0.5145599 0.0195692 0.8570071
221.610100 -9.8620453 0.2728019 -3.0404305 0.0184474 0.5014078 0.0179887 0.8648273
221.818800 -9.7841177 0.2707666 -2.9937146 0.0172201 0.4939562 0.0137277 0.8692079
222.027700 -9.7014141 0.2685101 -2.9436455 0.0143638 0.4920050 0.0114708 0.8703983
222.241200 -9.6172333 0.2656190 -2.8938162 0.0150010 0.4925677 0.0096765 0.8700910
222.445200 -9.5302706 0.2629814 -2.8431358 0.0157836 0.4930046 0.0092441 0.8698344
222.653900 -9.4403448 0.2604378 -2.7901728 0.0131250 0.4939970 0.0096841 0.8693106
222.862400 -9.3472919 0.2574996 -2.7359023 0.0114701 0.4954149 0.0083567 0.8685405
223.070900 -9.2528877 0.2544889 -2.6812222 0.0124166 0.4973791 0.0058506 0.8674247
223.279400 -9.1547966 0.2518584 -2.6242194 0.0115898 0.5004337 0.0037154 0.8656893
223.488000 -9.0548782 0.2494964 -2.5681989 0.0068879 0.5042600 0.0037226 0.8635164
223.696300 -8.9541779 0.2470448 -2.5141697 0.0070043 0.5093280 0.0039413 0.8605350
223.904700 -8.8510752 0.2445002 -2.4601293 0.0071952 0.5140646 0.0057893 0.8577018
224.113300 -8.7462187 0.2423191 -2.4058435 0.0070071 0.5193515 0.0085685 0.8544890
224.321300 -8.6404400 0.2398380 -2.3521223 0.0080246 0.5253323 0.0067089 0.8508328
224.529600 -8.5336971 0.2366940 -2.2998309 0.0074439 0.5321914 0.0060941 0.8465694
224.737700 -8.4256697 0.2343543 -2.2506604 0.0065187 0.5380358 0.0070505 0.8428673
224.945800 -8.3175631 0.2320957 -2.2017491 0.0039863 0.5432322 0.0069681 0.8395441
225.153800 -8.2092628 0.2303561 -2.1539760 0.0020508 0.5465060 0.0071839 0.8374219
225.361700 -8.1026630 0.2283691 -2.1080775 0.0101919 0.5474047 0.0075168 0.8367722
225.569800 -7.9964747 0.2260079 -2.0623093 0.0097720 0.5471891 0.0091209 0.8369023
225.673700 -7.9436340 0.2243000 -2.0400805 0.0082944 0.5473618 0.0088518 0.8368081
225.881700 -7.8375397 0.2221310 -1.9940542 0.0073192 0.5479358 0.0082775 0.8364474
225.986100 -7.7840605 0.2209276 -1.9707528 0.0090450 0.5479594 0.0078413 0.8364192
226.089900 -7.7319784 0.2197157 -1.9484398 0.0119409 0.5478651 0.0075879 0.8364471
226.193900 -7.6788406 0.2178680 -1.9251558 0.0138059 0.5481130 0.0075152 0.8362566
226.297800 -7.6260080 0.2162465 -1.9019512 0.0142275 0.5485404 0.0076479 0.8359680
226.401900 -7.5727148 0.2145351 -1.8789402 0.0135588 0.5486457 0.0078306 0.8359084
226.505900 -7.5192332 0.2128816 -1.8558631 0.0128589 0.5488101 0.0087302 0.8358026
226.714100 -7.4127507 0.2095962 -1.8100647 0.0131302 0.5494255 0.0095679 0.8353847
226.922100 -7.3068638 0.2057833 -1.7653133 0.0144146 0.5494376 0.0087384 0.8353647
227.026100 -7.2536197 0.2038000 -1.7430346 0.0137703 0.5494311 0.0090201 0.8353768
227.234600 -7.1476059 0.2004433 -1.6975303 0.0109432 0.5498081 0.0101710 0.8351574
227.442300 -7.0437021 0.1977020 -1.6532151 0.0121843 0.5486982 0.0105867 0.8358647
227.650500 -6.9402871 0.1943982 -1.6084995 0.0136512 0.5470181 0.0097329 0.8369529
227.858600 -6.8379955 0.1911267 -1.5639111 0.0122589 0.5454211 0.0100914 0.8380117
228.066700 -6.7378373 0.1873299 -1.5194479 0.0125401 0.5444847 0.0077348 0.8386413
228.275000 -6.6384606 0.1843743 -1.4748667 0.0073675 0.5465997 0.0056123 0.8373428
228.483200 -6.5397239 0.1819508 -1.4306532 0.0024142 0.5525433 0.0027618 0.8334761
228.691700 -6.4418740 0.1794797 -1.3897310 0.0052665 0.5607237 -0.0042087 0.8279756
228.900100 -6.3431396 0.1759126 -1.3523467 0.0013244 0.5694003 -0.0039621 0.8220498
229.109100 -6.2439785 0.1736335 -1.3166174 0.0009839 0.5777102 -0.0031693 0.8162352
229.316600 -6.1437578 0.1706665 -1.2824306 0.0047415 0.5830218 -0.0031163 0.8124367
229.524700 -6.0426173 0.1681226 -1.2485900 0.0025643 0.5867534 0.0014345 0.8097603
229.733000 -5.9419084 0.1657116 -1.2152288 0.0063630 0.5908426 -0.0028200 0.8067569
229.941100 -5.8406920 0.1625433 -1.1829343 0.0053443 0.5940567 -0.0057436 0.8043849
230.149200 -5.7379141 0.1595340 -1.1517589 0.0033304 0.5952561 -0.0033937 0.8035220
230.357400 -5.6358900 0.1568115 -1.1199954 -0.0009768 0.5962697 -0.0045566 0.8027706
230.565700 -5.5347462 0.1541027 -1.0909189 -0.0032712 0.5990995 -0.0101720 0.8006033
230.878200 -5.3812304 0.1494072 -1.0481365 0.0037269 0.6062205 -0.0137192 0.7951695
231.086700 -5.2780399 0.1455954 -1.0214512 0.0024732 0.6123867 -0.0103704 0.7904865
231.295200 -5.1747031 0.1421091 -0.9954495 0.0018144 0.6193553 -0.0096557 0.7850493
231.503300 -5.0712748 0.1388049 -0.9714016 0.0026926 0.6264122 -0.0097285 0.7794267
231.711800 -4.9677572 0.1347760 -0.9500617 0.0022785 0.6323223 -0.0085285 0.7746552
231.920100 -4.8639073 0.1313861 -0.9314182 0.0017963 0.6372954 -0.0072591 0.7705833
232.128200 -4.7606754 0.1284954 -0.9148616 0.0035721 0.6407564 -0.0048802 0.7677204
232.232300 -4.7081532 0.1269078 -0.9056343 0.0056391 0.6418186 -0.0044297 0.7668229
232.440500 -4.6046138 0.1234597 -0.8880769 0.0072632 0.6436801 -0.0034009 0.7652526
232.544600 -4.5526896 0.1216838 -0.8794587 0.0058279 0.6447069 -0.0016220 0.7644059
232.752900 -4.4508061 0.1182178 -0.8624346 0.0042720 0.6470869 0.0001898 0.7624043
232.856900 -4.3995018 0.1170951 -0.8543861 0.0053768 0.6481473 0.0001170 0.7614959
232.960900 -4.3483858 0.1158257 -0.8461089 0.0057698 0.6493983 0.0001064 0.7604265
233.065000 -4.2970414 0.1147490 -0.8375872 0.0057949 0.6505027 0.0009910 0.7594812
233.169100 -4.2459354 0.1135322 -0.8300545 0.0055696 0.6511110 0.0014796 0.7589607
233.377100 -4.1446366 0.1110417 -0.8159475 0.0059870 0.6524703 0.0003755 0.7577906
233.585300 -4.0428185 0.1085754 -0.8013317 0.0058391 0.6537238 -0.0009533 0.7567102
233.793200 -3.9411428 0.1059282 -0.7887733 0.0056833 0.6545992 0.0018582 0.7559525
233.897200 -3.8906503 0.1050411 -0.7814057 0.0056374 0.6556380 0.0018403 0.7550521
234.105200 -3.7897730 0.1024666 -0.7697296 0.0093428 0.6563063 0.0024631 0.7544327
234.417200 -3.6482239 0.0989766 -0.7569370 0.0096619 0.6568152 0.0052737 0.7539712
234.625400 -3.5499325 0.0966418 -0.7462916 0.0093272 0.6575817 0.0056328 0.7533045
234.729300 -3.5017605 0.0956703 -0.7418152 0.0103643 0.6577483 0.0042284 0.7531546
234.937900 -3.4058425 0.0930409 -0.7327745 0.0124120 0.6582214 0.0035957 0.7527135
235.145400 -3.3095632 0.0901046 -0.7235251 0.0137946 0.6600472 0.0018103 0.7510952
235.353500 -3.2139430 0.0870650 -0.7130949 0.0112393 0.6619815 0.0008964 0.7494353
235.457500 -3.1664422 0.0854212 -0.7085667 0.0103185 0.6626468 0.0014119 0.7488596
235.665500 -3.0709867 0.0821027 -0.6992571 0.0126607 0.6638919 0.0003180 0.7477213
235.769400 -3.0230918 0.0805475 -0.6972683 0.0137055 0.6637538 -0.0002189 0.7478255
235.977600 -2.9303308 0.0769592 -0.6893228 0.0140705 0.6647914 0.0008067 0.7468961
236.081600 -2.8850253 0.0749416 -0.6851974 0.0140874 0.6654002 0.0018650 0.7463515
236.290500 -2.7955906 0.0714477 -0.6776306 0.0139140 0.6661474 0.0037986 0.7456806
236.394600 -2.7514565 0.0698445 -0.6736850 0.0141591 0.6667777 0.0041898 0.7451104
236.601800 -2.6646421 0.0667946 -0.6661096 0.0165611 0.6677315 0.0045580 0.7442040
236.705900 -2.6223710 0.0649370 -0.6627116 0.0173350 0.6679574 0.0045608 0.7439836
236.914000 -2.5363505 0.0610688 -0.6570914 0.0170722 0.6678388 0.0059231 0.7440866
237.018000 -2.4936876 0.0595964 -0.6528296 0.0165718 0.6683897 0.0065516 0.7435977
237.226100 -2.4104905 0.0565191 -0.6464006 0.0172338 0.6687305 0.0062018 0.7432793
237.330200 -2.3694847 0.0548995 -0.6430482 0.0173161 0.6689783 0.0067305 0.7430497
237.538300 -2.2883699 0.0518546 -0.6359581 0.0155968 0.6693301 0.0111201 0.7427182
237.642300 -2.2485607 0.0509236 -0.6323563 0.0136333 0.6696301 0.0129132 0.7424573
237.850500 -2.1716249 0.0489031 -0.6262249 0.0137102 0.6701224 0.0147444 0.7419775
238.058700 -2.0984762 0.0471075 -0.6209205 0.0145665 0.6706955 0.0122943 0.7414878
238.266900 -2.0281959 0.0454687 -0.6154696 0.0163725 0.6711009 0.0098509 0.7411197
238.475100 -1.9619986 0.0430630 -0.6098070 0.0165029 0.6707606 0.0110510 0.7414079
238.787500 -1.8685896 0.0395806 -0.6014638 0.0145294 0.6693221 0.0125304 0.7427245
239.100000 -1.7833374 0.0366393 -0.5932323 0.0158420 0.6694344 0.0108907 0.7426224
239.308600 -1.7292483 0.0349706 -0.5885628 0.0173566 0.6707850 0.0110255 0.7413667
239.621100 -1.6545789 0.0321414 -0.5818313 0.0185976 0.6728946 0.0142299 0.7393676
239.829500 -1.6085206 0.0306619 -0.5777361 0.0195325 0.6742815 0.0136289 0.7380903
240.037800 -1.5670174 0.0291256 -0.5742785 0.0206218 0.6755435 0.0120005 0.7369339
240.246200 -1.5304683 0.0274398 -0.5707973 0.0239284 0.6763768 0.0090382 0.7361116
240.454600 -1.4976863 0.0261738 -0.5682048 0.0242839 0.6764022 0.0086485 0.7360812
240.871000 -1.4431580 0.0234427 -0.5628522 0.0245962 0.6713818 0.0063977 0.7406757
241.079100 -1.4190842 0.0223728 -0.5593399 0.0226398 0.6654012 0.0055068 0.7461222
241.287100 -1.3966241 0.0214504 -0.5558110 0.0236506 0.6560599 0.0056501 0.7543170
241.703200 -1.3542558 0.0191090 -0.5451180 0.0196228 0.6300595 0.0034478 0.7762912
250.248700 -1.3015910 0.0165179 -0.5278660 0.0225790 0.5987518 -0.0037233 0.8006077
250.456700 -1.2895144 0.0158245 -0.5224894 0.0219057 0.5853007 -0.0048160 0.8105060
250.664600 -1.2731769 0.0151761 -0.5149558 0.0216538 0.5658886 -0.0036336 0.8241893
250.872200 -1.2541144 0.0142839 -0.5044029 0.0192793 0.5408719 -0.0015167 0.8408827
251.183700 -1.2201319 0.0125382 -0.4819086 0.0142208 0.4927442 -0.0021412 0.8700553
251.391500 -1.1954942 0.0108273 -0.4617326 0.0103432 0.4545271 -0.0049709 0.8906590
251.702800 -1.1569995 0.0091630 -0.4231314 0.0078501 0.3880982 -0.0066286 0.9215608
252.014500 -1.1184270 0.0065515 -0.3733850 0.0059446 0.3169399 -0.0065861 0.9484041
252.222500 -1.0944641 0.0054827 -0.3322242 0.0024232 0.2699625 -0.0049061 0.9628553
252.430600 -1.0726116 0.0047092 -0.2851655 0.0026434 0.2236530 -0.0069255 0.9746406
252.639000 -1.0520931 0.0035732 -0.2309613 0.0005973 0.1818154 -0.0031973 0.9833273
252.847500 -1.0333486 0.0028085 -0.1701247 0.0017827 0.1445076 0.0006503 0.9895019
253.056000 -1.0172964 0.0016224 -0.1038284 0.0032596 0.1087762 0.0089235 0.9940209
253.368700 -1.0013801 0.0001174 0.0071107 0.0040352 0.0591565 0.0105518 0.9981848
253.473000 -0.9983734 -0.0003045 0.0467445 0.0055139 0.0446287 0.0102926 0.9989354
254.725500 -1.0061440 -0.0113641 0.5988462 0.0068001 -0.0177376 -0.0021117 0.9998173
259.933500 -1.1573623 -0.0557427 3.2379079 -0.0023290 -0.0367118 0.0011012 0.9993226
260.662500 -1.1819592 -0.0607582 3.5838428 -0.0026362 -0.0334815 0.0003894 0.9994358
260.975000 -1.1905859 -0.0632350 3.7295392 0.0016364 -0.0314332 -0.0008175 0.9995042
261.391700 -1.2026628 -0.0676052 3.9227154 -0.0001183 -0.0265858 -0.0016561 0.9996452
261.704200 -1.2096004 -0.0701540 4.0664682 0.0010550 -0.0226435 0.0007479 0.9997427
262.016600 -1.2156051 -0.0744344 4.2086282 0.0103770 -0.0217908 0.0021456 0.9997064
262.329100 -1.2224764 -0.0789445 4.3525810 0.0050865 -0.0225242 -0.0006397 0.9997332
262.641500 -1.2293493 -0.0812562 4.5007071 -0.0028380 -0.0246804 -0.0000044 0.9996914
262.849800 -1.2345665 -0.0816373 4.6008697 -0.0070117 -0.0264425 0.0013897 0.9996248
263.162300 -1.2421967 -0.0833796 4.7545409 0.0003580 -0.0290518 0.0047942 0.9995663
263.370700 -1.2486316 -0.0855102 4.8588476 0.0090187 -0.0296203 0.0068664 0.9994969
263.683200 -1.2583578 -0.0897558 5.0197001 0.0025609 -0.0316271 0.0074790 0.9994684
263.995700 -1.2723746 -0.0935992 5.1807141 0.0039198 -0.0339140 0.0061437 0.9993982
264.308100 -1.2874591 -0.0980394 5.3467250 -0.0013171 -0.0371084 0.0059018 0.9992930
264.516300 -1.2994046 -0.1000279 5.4599948 -0.0017360 -0.0390815 0.0061297 0.9992157
264.724600 -1.3103399 -0.1012469 5.5756016 -0.0014598 -0.0410115 0.0053617 0.9991432
264.932800 -1.3244079 -0.1023982 5.6880827 -0.0020548 -0.0406698 0.0034606 0.9991645
265.349500 -1.3527800 -0.1052037 5.9174371 -0.0023235 -0.0397458 0.0035650 0.9992008
265.453600 -1.3575783 -0.1057177 5.9728556 -0.0042260 -0.0406792 0.0037385 0.9991564
265.661800 -1.3692127 -0.1068698 6.0837526 -0.0034865 -0.0415664 0.0028516 0.9991256
265.870100 -1.3804305 -0.1089795 6.1974859 -0.0003521 -0.0423669 0.0021837 0.9990997
266.078300 -1.3920326 -0.1103852 6.3096375 -0.0010550 -0.0408919 0.0017657 0.9991615
266.286700 -1.4024189 -0.1124629 6.4197974 -0.0015671 -0.0396290 0.0016787 0.9992118
266.599200 -1.4178289 -0.1143208 6.5810633 -0.0015417 -0.0368601 0.0006855 0.9993190
266.807600 -1.4279960 -0.1162163 6.6864157 -0.0003036 -0.0349681 -0.0007493 0.9993881
267.016000 -1.4364123 -0.1185323 6.7903552 0.0011191 -0.0331020 -0.0010653 0.9994508
267.224300 -1.4445974 -0.1203073 6.8924646 0.0040987 -0.0308524 -0.0002524 0.9995155
267.432700 -1.4509629 -0.1231183 6.9942794 0.0017816 -0.0293467 0.0013323 0.9995668
267.641100 -1.4577086 -0.1256004 7.0959463 0.0037331 -0.0284377 -0.0014772 0.9995875
267.745200 -1.4615206 -0.1265592 7.1468139 0.0072889 -0.0279951 -0.0041080 0.9995731
267.953500 -1.4693339 -0.1299050 7.2496824 0.0075855 -0.0283251 -0.0082329 0.9995361
268.161700 -1.4769652 -0.1328749 7.3537188 0.0063816 -0.0306242 -0.0083071 0.9994761
268.266000 -1.4805917 -0.1341597 7.4055996 0.0059576 -0.0314049 -0.0050368 0.9994763
268.474200 -1.4885976 -0.1364939 7.5085239 0.0003556 -0.0330358 -0.0023407 0.9994513
268.682600 -1.4964986 -0.1371539 7.6146941 -0.0067942 -0.0345043 0.0017260 0.9993800
268.995100 -1.5097165 -0.1380412 7.7724566 0.0007700 -0.0364138 0.0028895 0.9993323
270.453400 -1.5653021 -0.1556472 8.5470457 0.0059329 -0.0328191 0.0023119 0.9994410
271.286500 -1.5953265 -0.1663440 8.9870691 0.0015093 -0.0321081 -0.0026959 0.9994797
271.911400 -1.6157514 -0.1727980 9.2960234 0.0010127 -0.0288107 -0.0024970 0.9995813
272.536200 -1.6328067 -0.1799280 9.5813427 0.0029956 -0.0278609 -0.0037661 0.9996002
272.953000 -1.6437879 -0.1840619 9.7661018 0.0021260 -0.0257712 -0.0011797 0.9996649
273.369900 -1.6528716 -0.1883075 9.9498453 0.0025900 -0.0225767 0.0015676 0.9997405
273.786700 -1.6601068 -0.1931453 10.1340303 0.0113080 -0.0200965 0.0031169 0.9997292
274.203200 -1.6704781 -0.2002254 10.3158970 0.0117188 -0.0304046 0.0024910 0.9994659
274.515600 -1.6828680 -0.2037808 10.4559002 -0.0014129 -0.0425309 -0.0021326 0.9990919
274.828200 -1.6963022 -0.2045210 10.5955048 -0.0006081 -0.0493312 -0.0054988 0.9987671
275.141200 -1.7112819 -0.2064315 10.7450933 0.0030793 -0.0454599 -0.0028334 0.9989574
275.454100 -1.7247958 -0.2095200 10.8996391 0.0077663 -0.0427444 0.0023084 0.9990532
275.662600 -1.7336527 -0.2119285 11.0052700 0.0082410 -0.0414341 0.0015099 0.9991061
275.871100 -1.7432042 -0.2145315 11.1113548 0.0046531 -0.0403140 0.0001186 0.9991762
276.183900 -1.7558715 -0.2178788 11.2752934 0.0056215 -0.0392409 0.0046174 0.9992033
276.496500 -1.7699912 -0.2222290 11.4417076 0.0077844 -0.0386638 0.0044468 0.9992121
276.704900 -1.7793920 -0.2250723 11.5545301 0.0029479 -0.0382238 0.0033550 0.9992592
277.017400 -1.7933841 -0.2284806 11.7232103 0.0015608 -0.0377275 0.0012971 0.9992860
277.225700 -1.8019950 -0.2308187 11.8345470 0.0047166 -0.0375674 0.0019678 0.9992810
277.434000 -1.8106484 -0.2341919 11.9449968 0.0066317 -0.0373226 0.0018052 0.9992796
277.642400 -1.8192302 -0.2370631 12.0553551 0.0028449 -0.0370862 0.0049295 0.9992958
277.954900 -1.8319378 -0.2409809 12.2191601 0.0043407 -0.0365521 0.0005312 0.9993222
278.267400 -1.8438010 -0.2450883 12.3800583 0.0035401 -0.0361518 -0.0015576 0.9993388
278.475700 -1.8516175 -0.2480018 12.4846420 0.0005650 -0.0372940 -0.0003662 0.9993041
278.684000 -1.8598745 -0.2505417 12.5864363 0.0018622 -0.0385148 -0.0001696 0.9992563
278.996200 -1.8724346 -0.2544580 12.7336321 0.0018368 -0.0403851 -0.0014720 0.9991814
279.204500 -1.8805997 -0.2562054 12.8286524 -0.0031495 -0.0416942 -0.0014169 0.9991245
279.621000 -1.8970861 -0.2596702 13.0094919 0.0014488 -0.0428428 -0.0018467 0.9990790
279.829400 -1.9046547 -0.2615002 13.0992308 0.0014998 -0.0434384 -0.0011487 0.9990543
280.037700 -1.9128680 -0.2635287 13.1879854 0.0011042 -0.0425755 -0.0022709 0.9990901
280.246100 -1.9207675 -0.2658945 13.2760830 0.0056209 -0.0404880 -0.0051877 0.9991508
280.454600 -1.9283124 -0.2684181 13.3636618 0.0093036 -0.0382200 -0.0075991 0.9991971
280.663000 -1.9359112 -0.2712272 13.4521589 0.0089101 -0.0351601 -0.0102632 0.9992893
280.871400 -1.9415201 -0.2739061 13.5412207 0.0072882 -0.0322040 -0.0083786 0.9994196
281.079700 -1.9471296 -0.2761938 13.6307583 0.0061450 -0.0289870 -0.0078227 0.9995303
281.288100 -1.9523481 -0.2781258 13.7217321 0.0044505 -0.0258453 -0.0072423 0.9996298
281.496600 -1.9572861 -0.2800709 13.8146906 0.0025922 -0.0221184 -0.0089840 0.9997116
281.705000 -1.9608331 -0.2821282 13.9083023 0.0059823 -0.0184194 -0.0092938 0.9997693
281.913400 -1.9636300 -0.2840070 14.0047197 0.0029864 -0.0143118 -0.0072523 0.9998668
282.121900 -1.9662261 -0.2860004 14.1029043 0.0100056 -0.0106774 -0.0055388 0.9998776
282.330200 -1.9681529 -0.2892462 14.2034550 0.0114099 -0.0064716 -0.0055039 0.9998988
282.538600 -1.9693179 -0.2922556 14.3049088 0.0071546 -0.0021465 -0.0058252 0.9999551
282.747000 -1.9697796 -0.2949672 14.4067678 0.0108990 0.0022101 -0.0056525 0.9999222
282.955500 -1.9690833 -0.2991706 14.5101862 0.0134858 0.0063700 -0.0062201 0.9998694
283.163700 -1.9676470 -0.3030830 14.6161633 0.0104805 0.0107449 -0.0065992 0.9998656
283.372200 -1.9646082 -0.3062728 14.7230215 0.0067399 0.0147412 -0.0055105 0.9998534
283.580600 -1.9612325 -0.3096563 14.8309946 0.0062459 0.0182871 -0.0036603 0.9998066
283.788900 -1.9571519 -0.3126648 14.9395876 0.0104181 0.0195807 -0.0024788 0.9997509
283.997100 -1.9532535 -0.3168120 15.0500021 0.0106933 0.0205906 -0.0026060 0.9997274
284.205400 -1.9488320 -0.3204349 15.1621599 0.0084271 0.0211376 -0.0024125 0.9997382
284.413600 -1.9442505 -0.3238078 15.2757750 0.0100763 0.0208645 -0.0008471 0.9997312
284.621900 -1.9404564 -0.3275899 15.3899145 0.0095847 0.0205460 -0.0006122 0.9997428
284.830100 -1.9359314 -0.3315524 15.5053349 0.0051763 0.0198533 0.0009450 0.9997891
285.038200 -1.9317124 -0.3349049 15.6186857 0.0053735 0.0188402 0.0020031 0.9998060
285.246400 -1.9289581 -0.3381872 15.7310743 0.0072949 0.0181319 -0.0000084 0.9998090
285.454600 -1.9255793 -0.3418452 15.8437767 0.0073115 0.0166681 -0.0001724 0.9998344
285.662700 -1.9226072 -0.3456581 15.9559155 0.0068453 0.0155323 -0.0016636 0.9998546
285.871000 -1.9200261 -0.3495495 16.0667210 0.0075241 0.0141468 -0.0031580 0.9998666
286.079200 -1.9178388 -0.3535460 16.1770668 0.0066589 0.0123562 -0.0028084 0.9998975
286.287400 -1.9164522 -0.3572112 16.2862129 0.0113863 0.0102601 -0.0009587 0.9998821
286.495600 -1.9143219 -0.3609651 16.3960381 0.0039273 0.0083237 0.0004668 0.9999576
286.703900 -1.9135295 -0.3632453 16.5046558 -0.0012543 0.0075821 -0.0006720 0.9999703
286.912200 -1.9135476 -0.3655733 16.6113739 0.0048783 0.0069835 -0.0068922 0.9999400
287.120500 -1.9133559 -0.3688401 16.7171154 0.0068193 0.0066006 -0.0099899 0.9999050
287.328700 -1.9130731 -0.3717014 16.8230495 0.0033612 0.0057648 -0.0129097 0.9998944
287.537000 -1.9127865 -0.3744157 16.9271679 0.0035078 0.0040221 -0.0136285 0.9998929
