0.000000 0.0000000 -0.0000000 -0.0000000 -0.0000000 -0.0000000 0.0000000 1.0000000
0.519499 -0.0044071 -0.0002189 0.0406103 0.0017954 -0.0210298 -0.0012031 0.9997765
0.623377 -0.0063278 -0.0002215 0.0508303 0.0022354 -0.0277582 -0.0011653 0.9996115
0.830874 -0.0103127 -0.0004295 0.0741696 0.0022012 -0.0454285 -0.0003995 0.9989651
1.453253 -0.0386655 -0.0024337 0.1579036 0.0052140 -0.1201612 -0.0059770 0.9927227
1.868002 -0.0686857 -0.0039589 0.2166343 0.0047477 -0.1872959 -0.0107345 0.9822334
2.075498 -0.0887481 -0.0042395 0.2469415 0.0048616 -0.2237394 -0.0129873 0.9745504
2.386504 -0.1245666 -0.0046528 0.2923168 0.0034497 -0.2871284 -0.0089787 0.9578438
2.697329 -0.1742684 -0.0057877 0.3344639 0.0023224 -0.3620505 -0.0137260 0.9320545
2.904641 -0.2130976 -0.0054874 0.3619674 -0.0000536 -0.4150129 -0.0088570 0.9097724
3.112001 -0.2586750 -0.0054156 0.3864546 -0.0030447 -0.4676005 -0.0075633 0.8839023
3.319374 -0.3113036 -0.0046221 0.4068353 -0.0049755 -0.5200303 -0.0076958 0.8540986
3.526893 -0.3710507 -0.0040239 0.4225568 -0.0072784 -0.5702780 -0.0085658 0.8213748
3.734395 -0.4389693 -0.0039115 0.4351173 -0.0118725 -0.6161566 -0.0083187 0.7874903
3.942122 -0.5145602 -0.0032582 0.4407764 -0.0121000 -0.6549076 -0.0089484 0.7555591
4.150266 -0.5966937 -0.0007205 0.4410161 -0.0102550 -0.6848754 -0.0094897 0.7285262
4.358512 -0.6841590 0.0008696 0.4374919 -0.0083448 -0.7085302 -0.0075260 0.7055910
4.566885 -0.7782098 0.0028144 0.4303552 -0.0061979 -0.7251511 -0.0065801 0.6885304
4.775500 -0.8806873 0.0054399 0.4192988 -0.0063701 -0.7350147 -0.0060768 0.6779940
4.879959 -0.9339614 0.0063345 0.4135506 -0.0063021 -0.7382693 -0.0067213 0.6744432
4.984250 -0.9870782 0.0065060 0.4071411 -0.0060000 -0.7405196 -0.0081427 0.6719586
5.088502 -1.0421876 0.0069387 0.4008529 -0.0064752 -0.7419897 -0.0085133 0.6703259
5.192878 -1.0986557 0.0079716 0.3949827 -0.0073998 -0.7424767 -0.0080023 0.6697832
5.297154 -1.1572261 0.0095734 0.3891969 -0.0088665 -0.7422027 -0.0077677 0.6700718
5.401501 -1.2169874 0.0101656 0.3824028 -0.0093988 -0.7415829 -0.0089463 0.6707357
5.610008 -1.3395483 0.0115855 0.3692122 -0.0072673 -0.7404312 -0.0095283 0.6720253
5.818377 -1.4684347 0.0142064 0.3576919 -0.0081476 -0.7394999 -0.0103835 0.6730273
6.026772 -1.6034719 0.0161734 0.3443701 -0.0094434 -0.7381705 -0.0131540 0.6744198
6.235023 -1.7423974 0.0191139 0.3311661 -0.0065988 -0.7369651 -0.0134387 0.6757650
6.443143 -1.8869909 0.0223393 0.3181873 -0.0079454 -0.7358965 -0.0132163 0.6769184
6.651280 -2.0342238 0.0246598 0.3060535 -0.0103011 -0.7350792 -0.0136177 0.6777662
6.963378 -2.2588532 0.0281866 0.2883162 -0.0063708 -0.7350194 -0.0058474 0.6779909
7.171256 -2.4141531 0.0293803 0.2748671 -0.0093448 -0.7351286 -0.0087393 0.6778069
7.379272 -2.5701103 0.0317365 0.2612521 -0.0125548 -0.7353156 -0.0144696 0.6774540
7.587271 -2.7256165 0.0345733 0.2463763 -0.0109067 -0.7354315 -0.0138943 0.6773688
7.795131 -2.8802817 0.0371600 0.2322801 -0.0096897 -0.7355682 -0.0141538 0.6772335
8.003004 -3.0335696 0.0392644 0.2188273 -0.0096117 -0.7355235 -0.0150786 0.6772632
8.211004 -3.1850352 0.0416252 0.2054949 -0.0055900 -0.7353551 -0.0124467 0.6775445
8.418880 -3.3382998 0.0433320 0.1927907 -0.0070758 -0.7350527 -0.0131306 0.6778459
8.626899 -3.4905889 0.0454799 0.1796836 -0.0111440 -0.7345290 -0.0166258 0.6782820
8.834756 -3.6420176 0.0486596 0.1668430 -0.0121522 -0.7344720 -0.0178221 0.6782961
9.042758 -3.7934492 0.0523332 0.1539246 -0.0088401 -0.7343585 -0.0148359 0.6785421
9.354505 -4.0190773 0.0552720 0.1335932 -0.0047981 -0.7346538 -0.0144836 0.6782706
9.562503 -4.1691561 0.0566246 0.1215882 -0.0057712 -0.7354275 -0.0097671 0.6775084
9.770380 -4.3188119 0.0581716 0.1079496 -0.0099363 -0.7365040 -0.0122947 0.6762485
9.978133 -4.4671545 0.0601226 0.0948576 -0.0115594 -0.7377225 -0.0126190 0.6748871
10.186010 -4.6122890 0.0618388 0.0793028 -0.0062563 -0.7384675 -0.0128081 0.6741384
10.393880 -4.7564311 0.0634458 0.0644081 -0.0043143 -0.7393041 -0.0147057 0.6731972
10.601750 -4.8991756 0.0644902 0.0494920 -0.0039763 -0.7398014 -0.0160438 0.6726222
10.809650 -5.0404487 0.0666988 0.0353734 -0.0049566 -0.7402132 -0.0160744 0.6721618
11.017510 -5.1797700 0.0688955 0.0221422 -0.0076079 -0.7404507 -0.0184708 0.6718137
11.433260 -5.4511948 0.0731144 -0.0067913 -0.0068651 -0.7408596 -0.0167583 0.6714157
11.849140 -5.7028465 0.0759972 -0.0312194 -0.0039357 -0.7383881 -0.0160433 0.6741737
12.161380 -5.8773828 0.0780765 -0.0442888 -0.0055426 -0.7310708 -0.0170301 0.6820666
12.578130 -6.0894175 0.0797952 -0.0508880 -0.0050292 -0.7074461 -0.0212918 0.7064286
13.099880 -6.3093815 0.0831361 -0.0241094 -0.0067690 -0.6454144 -0.0183738 0.7635816
13.413260 -6.4236169 0.0836645 0.0148380 -0.0102686 -0.5872905 -0.0121540 0.8092198
13.726510 -6.5260391 0.0851443 0.0735991 -0.0114659 -0.5179504 -0.0052561 0.8553177
14.039380 -6.6192417 0.0863961 0.1492507 -0.0174354 -0.4470102 0.0037128 0.8943512
14.247880 -6.6732230 0.0868449 0.2060635 -0.0123749 -0.3976713 0.0057126 0.9174267
14.352150 -6.6976538 0.0876539 0.2368515 -0.0062459 -0.3716022 0.0067949 0.9283462
14.456380 -6.7225218 0.0880136 0.2702956 -0.0014801 -0.3442267 0.0061848 0.9388650
14.664880 -6.7702074 0.0879537 0.3457577 0.0012371 -0.2877718 0.0064667 0.9576764
14.769010 -6.7916956 0.0871608 0.3874936 0.0027948 -0.2597904 0.0050141 0.9656480
14.977150 -6.8309011 0.0849849 0.4784024 0.0024305 -0.2093320 0.0011786 0.9778409
15.185010 -6.8670864 0.0838069 0.5784855 0.0032998 -0.1678761 -0.0036719 0.9857957
15.288760 -6.8825083 0.0832375 0.6327561 0.0023699 -0.1523094 -0.0037934 0.9883227
15.496190 -6.9121156 0.0817552 0.7477177 0.0003831 -0.1288871 -0.0033620 0.9916535
15.703610 -6.9412589 0.0812911 0.8696703 -0.0012418 -0.1116138 -0.0068410 0.9937273
15.911010 -6.9674916 0.0802458 0.9973453 -0.0017871 -0.0981435 -0.0078403 0.9951398
16.118550 -6.9902110 0.0798065 1.1312622 -0.0018647 -0.0839237 -0.0080568 0.9964378
16.326140 -7.0117006 0.0782101 1.2719276 -0.0008041 -0.0702251 -0.0093534 0.9974870
16.533760 -7.0293913 0.0766296 1.4165888 0.0048172 -0.0599249 -0.0089824 0.9981508
16.741260 -7.0466495 0.0748845 1.5674429 0.0018569 -0.0525078 -0.0096004 0.9985726
16.845140 -7.0555167 0.0737169 1.6439178 -0.0021003 -0.0498258 -0.0115444 0.9986890
17.052630 -7.0706897 0.0719193 1.7949784 -0.0034915 -0.0459875 -0.0113309 0.9988716
17.260280 -7.0843406 0.0700892 1.9461178 -0.0042982 -0.0430390 -0.0106508 0.9990073
17.467890 -7.0964041 0.0690908 2.0969133 -0.0063935 -0.0404084 -0.0083655 0.9991277
17.675510 -7.1083236 0.0678991 2.2455039 -0.0008582 -0.0383130 -0.0095566 0.9992197
17.883140 -7.1200833 0.0652576 2.3934896 0.0050004 -0.0367781 -0.0105161 0.9992556
18.090880 -7.1321940 0.0620356 2.5411246 0.0022656 -0.0344686 -0.0126130 0.9993236
18.298510 -7.1424747 0.0592080 2.6884174 -0.0012299 -0.0321231 -0.0130704 0.9993977
18.506260 -7.1518369 0.0575089 2.8352263 -0.0010633 -0.0309364 -0.0108136 0.9994623
18.713910 -7.1604004 0.0550283 2.9801605 0.0003981 -0.0301830 -0.0097564 0.9994967
18.921640 -7.1697731 0.0526283 3.1284261 -0.0002885 -0.0293595 -0.0106483 0.9995121
19.129390 -7.1794581 0.0511104 3.2770529 0.0002667 -0.0300758 -0.0107216 0.9994901
19.337010 -7.1908879 0.0495188 3.4280109 0.0002815 -0.0323856 -0.0107157 0.9994180
19.544760 -7.2022581 0.0469690 3.5806839 0.0028615 -0.0353131 -0.0125810 0.9992930
19.752390 -7.2147875 0.0448343 3.7350628 0.0055239 -0.0375145 -0.0125588 0.9992019
20.064010 -7.2347574 0.0397160 3.9715054 0.0034886 -0.0405006 -0.0117223 0.9991047
20.271890 -7.2486081 0.0376643 4.1338673 -0.0005960 -0.0416965 -0.0109327 0.9990703
20.479750 -7.2625957 0.0353276 4.2959070 -0.0018153 -0.0403491 -0.0125282 0.9991055
20.687510 -7.2753344 0.0335383 4.4594040 -0.0000191 -0.0387616 -0.0115229 0.9991820
20.895390 -7.2873459 0.0315498 4.6240158 0.0008668 -0.0369650 -0.0089042 0.9992765
21.103270 -7.2981348 0.0296763 4.7899876 -0.0015988 -0.0363515 -0.0065470 0.9993163
21.311120 -7.3102517 0.0264417 4.9531951 -0.0001580 -0.0354289 -0.0071566 0.9993466
21.622900 -7.3282704 0.0213749 5.1929336 0.0085352 -0.0344087 -0.0116370 0.9993036
21.934640 -7.3444557 0.0148323 5.4320951 0.0014308 -0.0343012 -0.0093552 0.9993668
22.142620 -7.3548779 0.0118532 5.5889797 -0.0013886 -0.0363283 -0.0075351 0.9993106
22.454390 -7.3717656 0.0074330 5.8186650 0.0022030 -0.0402727 -0.0053931 0.9991717
22.662270 -7.3851905 0.0040248 5.9688387 0.0057918 -0.0440525 -0.0067136 0.9989899
22.870160 -7.3992715 -0.0005692 6.1172085 0.0079776 -0.0474663 -0.0101470 0.9987894
23.078010 -7.4149985 -0.0048373 6.2632999 0.0042659 -0.0515056 -0.0132778 0.9985753
23.181990 -7.4236450 -0.0063655 6.3354979 0.0015623 -0.0534195 -0.0132125 0.9984835
23.389770 -7.4405136 -0.0085433 6.4784727 -0.0006287 -0.0593266 -0.0126450 0.9981583
23.597640 -7.4593620 -0.0104460 6.6178551 -0.0023036 -0.0656239 -0.0117986 0.9977720
23.805540 -7.4809575 -0.0118352 6.7563443 0.0003650 -0.0715284 -0.0152191 0.9973224
24.013390 -7.5021009 -0.0140522 6.8916807 0.0025178 -0.0774054 -0.0153949 0.9968777
24.221270 -7.5248003 -0.0153768 7.0269423 -0.0018665 -0.0830664 -0.0162972 0.9964090
24.429140 -7.5487518 -0.0174049 7.1593323 -0.0010549 -0.0898244 -0.0151649 0.9958416
24.636890 -7.5745564 -0.0190313 7.2889557 0.0033842 -0.0987573 -0.0130787 0.9950199
24.844640 -7.6033788 -0.0204885 7.4175739 -0.0010051 -0.1098569 -0.0125667 0.9938675
25.052390 -7.6347914 -0.0213474 7.5457687 -0.0063583 -0.1218621 -0.0131751 0.9924392
25.364010 -7.6878672 -0.0226692 7.7304363 0.0033869 -0.1402266 -0.0144678 0.9900079
25.571790 -7.7270722 -0.0240238 7.8541727 -0.0028161 -0.1524555 -0.0135088 0.9882140
25.779520 -7.7699738 -0.0250421 7.9771919 -0.0047201 -0.1650862 -0.0119629 0.9861953
25.987390 -7.8142662 -0.0263603 8.0974884 0.0007101 -0.1757966 -0.0098747 0.9843767
26.195270 -7.8610153 -0.0276948 8.2178717 0.0045736 -0.1836392 -0.0084967 0.9829463
26.403140 -7.9112034 -0.0302939 8.3380404 0.0039671 -0.1918519 -0.0109129 0.9813552
26.611020 -7.9620275 -0.0316429 8.4587879 -0.0035937 -0.1997878 -0.0108785 0.9797722
26.818890 -8.0174608 -0.0329444 8.5771370 -0.0038275 -0.2058407 -0.0195080 0.9783835
27.026890 -8.0707321 -0.0330891 8.6954975 0.0032108 -0.2115410 -0.0150349 0.9772482
27.234770 -8.1278143 -0.0346587 8.8149643 0.0016424 -0.2159658 -0.0184738 0.9762248
27.442660 -8.1848412 -0.0363958 8.9344015 0.0003023 -0.2217174 -0.0174860 0.9749541
27.650520 -8.2434692 -0.0377886 9.0521135 0.0068524 -0.2269151 -0.0166334 0.9737484
27.858410 -8.3049784 -0.0403925 9.1699333 0.0057761 -0.2313689 -0.0184921 0.9726732
28.066150 -8.3655634 -0.0431552 9.2869797 0.0045083 -0.2363107 -0.0194260 0.9714729
28.274040 -8.4269991 -0.0456266 9.4030018 0.0048005 -0.2411782 -0.0174491 0.9703121
28.481890 -8.4897919 -0.0477183 9.5174026 0.0044979 -0.2456910 -0.0179643 0.9691713
28.689660 -8.5518055 -0.0500651 9.6294193 0.0065307 -0.2506140 -0.0173067 0.9679103
28.897520 -8.6139717 -0.0529247 9.7396088 0.0098283 -0.2552998 -0.0156092 0.9666860
29.105390 -8.6770782 -0.0557203 9.8485899 0.0036883 -0.2589957 -0.0169606 0.9657225
29.313270 -8.7386913 -0.0575648 9.9546556 -0.0039086 -0.2621187 -0.0156795 0.9649003
29.521140 -8.7985306 -0.0581770 10.0553246 -0.0022278 -0.2655406 -0.0135276 0.9640022
29.729040 -8.8566418 -0.0591796 10.1511383 -0.0005215 -0.2685919 -0.0119534 0.9631798
30.040770 -8.9384718 -0.0605617 10.2849693 -0.0017254 -0.2724393 -0.0107780 0.9621111
30.248520 -8.9887047 -0.0610095 10.3657503 -0.0023439 -0.2750379 -0.0087670 0.9613906
30.456270 -9.0350876 -0.0618692 10.4392605 0.0002319 -0.2773970 -0.0088810 0.9607143
30.767900 -9.0968866 -0.0639688 10.5367193 0.0018292 -0.2834389 -0.0040364 0.9589800
31.079540 -9.1548491 -0.0649667 10.6200743 -0.0004996 -0.2927842 -0.0087600 0.9561383
31.390900 -9.2055120 -0.0655230 10.6906595 -0.0065266 -0.3044986 -0.0090339 0.9524476
31.702150 -9.2497778 -0.0660733 10.7472324 -0.0089103 -0.3251711 -0.0065832 0.9455903
32.013150 -9.2920923 -0.0667468 10.7901630 -0.0045665 -0.3551907 -0.0068504 0.9347576
32.220650 -9.3185663 -0.0665697 10.8140783 0.0006139 -0.3761382 -0.0070362 0.9265367
32.428170 -9.3469801 -0.0662031 10.8354273 0.0035358 -0.3973889 -0.0113069 0.9175738
32.739270 -9.3905993 -0.0659361 10.8671379 0.0001289 -0.4341764 -0.0098632 0.9007739
33.050400 -9.4383392 -0.0656250 10.8925514 -0.0021641 -0.4747754 -0.0155445 0.8799670
33.257770 -9.4710398 -0.0660477 10.9060755 -0.0025166 -0.5014843 -0.0201863 0.8649275
33.465270 -9.5046167 -0.0665247 10.9183064 -0.0033814 -0.5294554 -0.0216686 0.8480543
33.672790 -9.5425282 -0.0658854 10.9293175 -0.0002749 -0.5602204 -0.0195611 0.8281126
33.880040 -9.5876541 -0.0647543 10.9389763 0.0004090 -0.5951722 -0.0187415 0.8033795
34.087400 -9.6388893 -0.0638602 10.9448690 0.0009256 -0.6321282 -0.0172814 0.7746705
34.294770 -9.6960344 -0.0627191 10.9459267 0.0005289 -0.6702690 -0.0165295 0.7419339
34.502140 -9.7583590 -0.0609524 10.9419346 -0.0026344 -0.7086756 -0.0167958 0.7053297
34.709660 -9.8249950 -0.0592218 10.9308186 -0.0066244 -0.7456511 -0.0159139 0.6661136
34.917150 -9.8970222 -0.0554947 10.9112024 -0.0083197 -0.7798995 -0.0157986 0.6256500
35.124770 -9.9740353 -0.0526936 10.8831682 -0.0115204 -0.8107125 -0.0142793 0.5851570
35.332520 -10.0545931 -0.0506052 10.8456736 -0.0156876 -0.8383677 -0.0118723 0.5447499
35.540420 -10.1377029 -0.0479157 10.7973585 -0.0182496 -0.8619438 -0.0106442 0.5065634
35.748650 -10.2253418 -0.0451453 10.7375212 0.0186392 0.8796842 0.0105474 -0.4750759
35.957050 -10.3168192 -0.0415022 10.6684895 0.0168371 0.8909871 0.0106070 -0.4535924
36.165670 -10.4140863 -0.0379500 10.5925465 0.0169701 0.8979462 0.0109683 -0.4396411
36.374170 -10.5165367 -0.0348976 10.5097504 0.0182669 0.9028000 0.0113116 -0.4295237
36.582670 -10.6227722 -0.0310620 10.4201136 0.0179577 0.9060546 0.0120391 -0.4226081
36.686900 -10.6769934 -0.0291041 10.3734732 0.0181699 0.9072005 0.0121169 -0.4201313
36.895150 -10.7910624 -0.0247714 10.2761488 0.0193422 0.9087994 0.0120430 -0.4166109
37.103550 -10.9085741 -0.0203292 10.1739788 0.0194588 0.9092267 0.0117537 -0.4156802
37.311780 -11.0320225 -0.0162687 10.0673113 0.0193957 0.9096840 0.0108075 -0.4147072
37.520030 -11.1596937 -0.0117844 9.9556541 0.0196785 0.9100406 0.0125393 -0.4138619
37.728150 -11.2910023 -0.0071555 9.8411255 0.0198747 0.9105366 0.0135168 -0.4127293
37.936280 -11.4247265 -0.0027086 9.7231970 0.0201869 0.9108992 0.0116723 -0.4119695
38.144280 -11.5625505 0.0026057 9.6016827 0.0217116 0.9113211 0.0103078 -0.4109941
38.352280 -11.7037067 0.0067101 9.4767809 0.0200572 0.9120132 0.0072569 -0.4096058
38.560150 -11.8474207 0.0101933 9.3479815 0.0173436 0.9122925 0.0061648 -0.4091255
38.768150 -11.9943123 0.0133098 9.2165308 0.0171860 0.9122688 0.0086449 -0.4091401
38.976020 -12.1426601 0.0163800 9.0851879 0.0192886 0.9124324 0.0102276 -0.4086446
39.183930 -12.2894373 0.0202269 8.9536991 0.0200222 0.9124846 0.0104655 -0.4084868
39.391750 -12.4364662 0.0240468 8.8212938 0.0194846 0.9125817 0.0113838 -0.4082712
39.599580 -12.5841656 0.0285912 8.6893520 0.0203242 0.9127403 0.0124552 -0.4078443
39.807870 -12.7315693 0.0329418 8.5576773 0.0203744 0.9131335 0.0116388 -0.4069849
40.015280 -12.8779850 0.0367883 8.4265194 0.0207041 0.9136919 0.0112389 -0.4057242
40.223030 -13.0229397 0.0410478 8.2939825 0.0203332 0.9141120 0.0108329 -0.4048067
40.430770 -13.1673088 0.0446446 8.1621876 0.0192056 0.9143499 0.0106698 -0.4043286
40.638670 -13.3106060 0.0477984 8.0301085 0.0170969 0.9141251 0.0118177 -0.4048991
40.846410 -13.4540653 0.0513996 7.8990202 0.0155029 0.9135546 0.0110058 -0.4062715
41.054600 -13.5995064 0.0553351 7.7698021 0.0170994 0.9130137 0.0112464 -0.4074152
41.262460 -13.7455177 0.0597489 7.6395292 0.0219262 0.9123847 0.0154942 -0.4084524
41.469820 -13.8903484 0.0649473 7.5109673 0.0213594 0.9123390 0.0142615 -0.4086294
41.677410 -14.0334978 0.0699905 7.3835764 0.0205848 0.9124153 0.0120273 -0.4085706
41.885060 -14.1772804 0.0742943 7.2546921 0.0217010 0.9124642 0.0140260 -0.4083398
42.092740 -14.3206215 0.0788429 7.1262274 0.0214479 0.9128280 0.0123817 -0.4075926
42.300170 -14.4631519 0.0833368 6.9980173 0.0223986 0.9131544 0.0149203 -0.4067244
42.507790 -14.6047688 0.0886306 6.8711386 0.0239796 0.9134519 0.0160536 -0.4059223
42.715290 -14.7426643 0.0941647 6.7463055 0.0239876 0.9138041 0.0141798 -0.4051983
42.922920 -14.8804951 0.0992755 6.6213903 0.0218951 0.9137429 0.0142147 -0.4054535
43.130550 -15.0176134 0.1044099 6.4971189 0.0205178 0.9135146 0.0144481 -0.4060311
43.338330 -15.1553040 0.1096300 6.3742037 0.0208120 0.9133285 0.0145753 -0.4064302
43.545910 -15.2905025 0.1132839 6.2517762 0.0193801 0.9130948 0.0139496 -0.4070476
43.753650 -15.4265461 0.1179559 6.1315866 0.0216630 0.9128518 0.0135923 -0.4074893
43.961280 -15.5585728 0.1229499 6.0145679 0.0214761 0.9127936 0.0122240 -0.4076728
44.169050 -15.6893787 0.1272496 5.8988104 0.0212599 0.9125633 0.0089110 -0.4082852
44.376660 -15.8161125 0.1293682 5.7849708 0.0202189 0.9123493 0.0107078 -0.4087729
44.584310 -15.9411755 0.1324686 5.6746898 0.0196598 0.9124656 0.0104165 -0.4085480
44.792180 -16.0621929 0.1354108 5.5682201 0.0197699 0.9125784 0.0101052 -0.4082985
44.999710 -16.1782341 0.1379147 5.4645634 0.0188806 0.9126534 0.0104829 -0.4081634
45.207330 -16.2923031 0.1400550 5.3626909 0.0198127 0.9127262 0.0117204 -0.4079227
45.415240 -16.4036064 0.1430105 5.2642741 0.0211712 0.9128230 0.0132095 -0.4075923
45.622980 -16.5103455 0.1462039 5.1699276 0.0234001 0.9131039 0.0133052 -0.4068374
45.831090 -16.6119804 0.1492765 5.0786419 0.0236630 0.9135437 0.0132661 -0.4058349
46.142050 -16.7538452 0.1532269 4.9496670 0.0263360 0.9153191 0.0105583 -0.4017285
46.453430 -16.8855171 0.1566566 4.8235998 0.0298455 0.9210798 0.0088294 -0.3881280
46.868310 -17.0397587 0.1598715 4.6574640 0.0358908 0.9346183 0.0068417 -0.3537707
47.075560 -17.1039391 0.1617349 4.5725389 0.0356652 0.9440567 0.0078300 -0.3277554
47.386540 -17.1841984 0.1636431 4.4437871 0.0319490 0.9598799 0.0108763 -0.2783730
47.593870 -17.2249165 0.1651770 4.3576155 0.0303620 0.9710672 0.0122804 -0.2365496
47.801160 -17.2538624 0.1655272 4.2727070 0.0207709 0.9813469 0.0124225 -0.1907158
48.008600 -17.2747364 0.1651275 4.1859241 0.0132605 0.9894748 0.0108040 -0.1436910
48.216060 -17.2895679 0.1661789 4.0973678 0.0124064 0.9955105 0.0098993 -0.0933105
48.423630 -17.2944183 0.1667896 4.0073609 0.0089798 0.9989850 0.0127087 -0.0422707
48.631190 -17.2898712 0.1681112 3.9165046 0.0029298 0.9998023 0.0169934 0.0098976
48.838780 -17.2789097 0.1695797 3.8278346 0.0092999 0.9978622 0.0159463 0.0626926
49.046410 -17.2564106 0.1695651 3.7446618 0.0122764 0.9933711 0.0141629 0.1134128
49.254030 -17.2260361 0.1707380 3.6653605 0.0133834 0.9863348 0.0122085 0.1637546
49.461780 -17.1885433 0.1721837 3.5864410 0.0174776 0.9769596 0.0119845 0.2123694
49.669780 -17.1408424 0.1722543 3.5103683 0.0137727 0.9667534 0.0144375 0.2549310
49.773780 -17.1153641 0.1722705 3.4721880 0.0148198 0.9616784 0.0168559 0.2732596
49.878030 -17.0887890 0.1726017 3.4348297 0.0166193 0.9569089 0.0185082 0.2893211
49.982180 -17.0603981 0.1728207 3.3982921 0.0164567 0.9524864 0.0188955 0.3035486
50.086410 -17.0309162 0.1731442 3.3612404 0.0157930 0.9484575 0.0192815 0.3159229
50.190690 -16.9999962 0.1737242 3.3248906 0.0150820 0.9450375 0.0188001 0.3260724
50.295050 -16.9685879 0.1744572 3.2879534 0.0148137 0.9422094 0.0183776 0.3341918
50.399300 -16.9358788 0.1747477 3.2509270 0.0140706 0.9399576 0.0177334 0.3405395
50.503680 -16.9029694 0.1750290 3.2140484 0.0131295 0.9381128 0.0170195 0.3456622
50.712390 -16.8339577 0.1757233 3.1375771 0.0131493 0.9353527 0.0149799 0.3531542
50.920920 -16.7630692 0.1763874 3.0582376 0.0154492 0.9335921 0.0153692 0.3576743
51.129530 -16.6869354 0.1763439 2.9766192 0.0127028 0.9325676 0.0130201 0.3605369
51.338030 -16.6066914 0.1776573 2.8889050 0.0124806 0.9320765 0.0134547 0.3617965
51.650530 -16.4798279 0.1775370 2.7493377 0.0138070 0.9323495 0.0114707 0.3611124
51.858780 -16.3901825 0.1776642 2.6518803 0.0152425 0.9325339 0.0061128 0.3607087
52.066910 -16.2954483 0.1773215 2.5463142 0.0152487 0.9326251 0.0073043 0.3604507
52.275030 -16.1948071 0.1764265 2.4364991 0.0102206 0.9326028 0.0074715 0.3606822
52.483160 -16.0905380 0.1764296 2.3216858 0.0089946 0.9325088 0.0094851 0.3609106
52.691180 -15.9800205 0.1770614 2.2000761 0.0070082 0.9324925 0.0119966 0.3609219
52.899160 -15.8676109 0.1780482 2.0778170 0.0069293 0.9323048 0.0089542 0.3614964
53.107160 -15.7512541 0.1793378 1.9480739 0.0081610 0.9320927 0.0127602 0.3619029
53.315160 -15.6323414 0.1799198 1.8167114 0.0103243 0.9320374 0.0146325 0.3619195
53.523150 -15.5113621 0.1815209 1.6810865 0.0152071 0.9318637 0.0120989 0.3622878
53.835050 -15.3233109 0.1809506 1.4728856 0.0147960 0.9320264 0.0115658 0.3619034
54.042910 -15.1956253 0.1805573 1.3337765 0.0139776 0.9321935 0.0146094 0.3613954
54.250800 -15.0702467 0.1810748 1.1940479 0.0192388 0.9322376 0.0180002 0.3608864
54.458660 -14.9455786 0.1815938 1.0549479 0.0209061 0.9320947 0.0237292 0.3608314
54.666410 -14.8214092 0.1838216 0.9161773 0.0227584 0.9319192 0.0263439 0.3609912
54.874290 -14.6980810 0.1845810 0.7798438 0.0249916 0.9322993 0.0185634 0.3603456
55.082040 -14.5755978 0.1850315 0.6419511 0.0254058 0.9324889 0.0184781 0.3598298
55.290780 -14.4532986 0.1856037 0.5045767 0.0248789 0.9326819 0.0201494 0.3592765
55.497680 -14.3345690 0.1859943 0.3695774 0.0222385 0.9343604 0.0195729 0.3550956
55.705670 -14.2211018 0.1859735 0.2354245 0.0219114 0.9378607 0.0194337 0.3457738
55.913810 -14.1110954 0.1878841 0.0946894 0.0237961 0.9430912 0.0220140 0.3309505
56.122050 -14.0081673 0.1887757 -0.0463967 0.0249686 0.9502001 0.0248262 0.3096449
56.330510 -13.9127493 0.1932625 -0.1964808 0.0281452 0.9588734 0.0261242 0.2812245
56.538940 -13.8273048 0.1963186 -0.3505888 0.0305275 0.9674912 0.0264661 0.2496565
56.747290 -13.7542753 0.2004374 -0.5056262 0.0339611 0.9753385 0.0174564 0.2173861
56.955550 -13.6877060 0.2005046 -0.6645446 0.0303618 0.9821369 0.0134727 0.1852126
57.163560 -13.6323328 0.2004928 -0.8288581 0.0302351 0.9868751 0.0125621 0.1581313
57.371290 -13.5848246 0.2017440 -0.9969804 0.0312164 0.9898867 0.0123833 0.1378280
57.475150 -13.5626688 0.2019281 -1.0825186 0.0294422 0.9911647 0.0149906 0.1284556
57.682930 -13.5226078 0.2040874 -1.2565017 0.0291956 0.9933332 0.0159223 0.1103783
57.890570 -13.4877272 0.2058200 -1.4328007 0.0308337 0.9949065 0.0124252 0.0951625
58.098070 -13.4574432 0.2089415 -1.6155775 0.0359934 0.9953969 0.0192473 0.0867132
58.305440 -13.4258680 0.2131491 -1.8007300 0.0364556 0.9954903 0.0239859 0.0842303
58.512810 -13.3939295 0.2181762 -1.9876086 0.0322722 0.9957732 0.0200364 0.0836231
58.720450 -13.3582964 0.2221446 -2.1792614 0.0255228 0.9960300 0.0185802 0.0832327
58.927820 -13.3248653 0.2264329 -2.3756363 0.0234586 0.9959697 0.0202960 0.0841560
59.135420 -13.2904968 0.2313815 -2.5727565 0.0221319 0.9959018 0.0197502 0.0854380
59.343070 -13.2559309 0.2356373 -2.7728794 0.0205538 0.9958819 0.0177920 0.0864879
59.550680 -13.2202511 0.2395779 -2.9754357 0.0177909 0.9960028 0.0170369 0.0858581
59.758420 -13.1847782 0.2429712 -3.1756032 0.0165893 0.9961646 0.0174816 0.0841143
59.965990 -13.1530132 0.2455744 -3.3725009 0.0163302 0.9962088 0.0186372 0.0833902
60.173450 -13.1206999 0.2485350 -3.5675373 0.0152678 0.9962386 0.0206906 0.0827494
60.381050 -13.0893526 0.2522798 -3.7608831 0.0150234 0.9963119 0.0186943 0.0823859
60.588540 -13.0574789 0.2546605 -3.9523377 0.0145494 0.9963794 0.0182589 0.0817503
60.900200 -13.0081949 0.2593246 -4.2384143 0.0137911 0.9966542 0.0193645 0.0781997
61.003920 -12.9968710 0.2601201 -4.3273048 0.0133658 0.9967262 0.0192353 0.0773835
61.211580 -12.9705667 0.2612807 -4.5041294 0.0121265 0.9969237 0.0199278 0.0748254
61.522950 -12.9370613 0.2678147 -4.7550402 0.0131897 0.9971235 0.0211071 0.0715914
61.938390 -12.8920088 0.2728966 -5.0796099 0.0124509 0.9973417 0.0211532 0.0686076
62.145930 -12.8707504 0.2750309 -5.2386932 0.0117750 0.9974293 0.0184599 0.0682309
62.457420 -12.8391552 0.2778124 -5.4718194 0.0117267 0.9973847 0.0173363 0.0691783
62.769050 -12.8060884 0.2813072 -5.7039175 0.0139379 0.9972417 0.0189081 0.0704065
63.080660 -12.7732143 0.2853436 -5.9333477 0.0135056 0.9971403 0.0187465 0.0719547
63.288240 -12.7510433 0.2878041 -6.0824947 0.0152320 0.9969571 0.0176523 0.0743842
63.599720 -12.7163248 0.2899223 -6.3062577 0.0146659 0.9966829 0.0164672 0.0783381
63.807440 -12.6922932 0.2910110 -6.4520016 0.0135488 0.9966180 0.0177988 0.0790704
64.015770 -12.6687136 0.2927633 -6.5951843 0.0125253 0.9966590 0.0193049 0.0783664
64.223410 -12.6462936 0.2943770 -6.7339792 0.0107394 0.9968156 0.0193296 0.0766144
64.431450 -12.6288548 0.2962810 -6.8673391 0.0107270 0.9971136 0.0195263 0.0725814
64.639590 -12.6118402 0.2985200 -6.9980478 0.0119029 0.9976054 0.0199540 0.0651427
64.847590 -12.5991306 0.3006778 -7.1228805 0.0149058 0.9980077 0.0209239 0.0576247
65.055500 -12.5886364 0.3030490 -7.2394171 0.0164740 0.9983593 0.0215324 0.0504358
65.367480 -12.5758867 0.3061460 -7.3982477 0.0179846 0.9987735 0.0210157 0.0410658
65.575320 -12.5698719 0.3080132 -7.4926562 0.0197269 0.9989445 0.0204109 0.0361125
65.783300 -12.5636234 0.3090965 -7.5794559 0.0203362 0.9990470 0.0222947 0.0315367
65.991170 -12.5596695 0.3103077 -7.6553860 0.0209715 0.9991175 0.0230301 0.0281785
66.199080 -12.5567684 0.3115205 -7.7237368 0.0228211 0.9991243 0.0237049 0.0258446
66.303070 -12.5545778 0.3117442 -7.7536592 0.0231908 0.9991246 0.0242479 0.0249864
66.512930 -12.5547037 0.3142904 -7.8078251 0.0226659 0.9990999 0.0247285 0.0259656
66.718800 -12.5508471 0.3146150 -7.8499680 0.0205118 0.9991309 0.0240738 0.0271510
67.238470 -12.5441704 0.3156693 -7.9271016 0.0199881 0.9990445 0.0209022 0.0327679
67.862190 -12.5369883 0.3174009 -7.9989839 0.0189291 0.9986604 0.0201636 0.0437316
75.351710 -12.5200281 0.3181283 -8.0661087 0.0151288 0.9953102 0.0184165 0.0937529
75.871360 -12.5119772 0.3184936 -8.0827770 0.0148810 0.9920364 0.0177544 0.1238026
76.702070 -12.4741516 0.3195856 -8.1490650 0.0130794 0.9791421 0.0188461 0.2018772
76.909690 -12.4582720 0.3201848 -8.1734686 0.0139359 0.9735951 0.0203834 0.2269424
77.117090 -12.4395351 0.3208157 -8.2005882 0.0148912 0.9663076 0.0232118 0.2559083
77.531820 -12.3880939 0.3215192 -8.2577324 0.0139230 0.9429201 0.0209652 0.3320665
77.739080 -12.3494673 0.3215172 -8.2921467 0.0163972 0.9247581 0.0198131 0.3796855
77.946530 -12.3005514 0.3231263 -8.3296127 0.0194878 0.9029403 0.0170774 0.4289841
78.153970 -12.2374601 0.3238491 -8.3669796 0.0203016 0.8788279 0.0168295 0.4764096
78.361560 -12.1618786 0.3243314 -8.4018116 0.0197071 0.8520157 0.0188405 0.5228057
78.569310 -12.0769768 0.3245156 -8.4317007 0.0200841 0.8218995 0.0243332 0.5687581
78.776930 -11.9807796 0.3247805 -8.4565773 0.0201457 0.7890093 0.0285854 0.6133852
78.984860 -11.8774586 0.3249819 -8.4692440 0.0206376 0.7563632 0.0315403 0.6530651
79.192960 -11.7628279 0.3251228 -8.4747725 0.0229588 0.7271425 0.0313699 0.6853850
79.401310 -11.6387720 0.3252777 -8.4723577 0.0235781 0.7057457 0.0285090 0.7074987
79.610070 -11.5046701 0.3248981 -8.4661989 0.0251500 0.6919141 0.0274527 0.7210192
79.818800 -11.3636618 0.3230143 -8.4557037 0.0277138 0.6813008 0.0273070 0.7309688
80.027420 -11.2137289 0.3206140 -8.4411802 0.0310031 0.6705381 0.0254619 0.7407896
80.235930 -11.0558939 0.3177107 -8.4208956 0.0287244 0.6624799 0.0220122 0.7482050
80.444550 -10.8890562 0.3139231 -8.3967772 0.0264406 0.6598220 0.0190524 0.7507148
80.653190 -10.7125578 0.3107067 -8.3707819 0.0259062 0.6592211 0.0198121 0.7512416
80.965550 -10.4334173 0.3050915 -8.3283968 0.0264557 0.6549348 0.0200445 0.7549561
81.069680 -10.3356066 0.3025575 -8.3138018 0.0262923 0.6531464 0.0198810 0.7565139
81.277810 -10.1378222 0.2971981 -8.2800579 0.0254853 0.6495394 0.0209828 0.7596110
81.485930 -9.9349079 0.2926651 -8.2436619 0.0237933 0.6461474 0.0237025 0.7624733
81.694050 -9.7272530 0.2892583 -8.2031021 0.0246029 0.6460981 0.0224665 0.7625269
81.902180 -9.5152645 0.2828730 -8.1605988 0.0241091 0.6475766 0.0241181 0.7612369
82.110180 -9.3019876 0.2773617 -8.1135378 0.0240287 0.6497884 0.0265641 0.7592707
82.318180 -9.0890951 0.2692404 -8.0696173 0.0233575 0.6516833 0.0273143 0.7576393
82.526180 -8.8817797 0.2620556 -8.0203257 0.0241685 0.6548064 0.0263165 0.7549515
82.838070 -8.5658398 0.2578678 -7.9707551 0.0227204 0.6555955 0.0269627 0.7542886
83.149930 -8.2569246 0.2499250 -7.9126744 0.0252137 0.6578064 0.0261476 0.7523106
83.357930 -8.0513372 0.2473973 -7.8797727 0.0220397 0.6584341 0.0267017 0.7518417
83.565930 -7.8471951 0.2434363 -7.8465915 0.0202487 0.6594127 0.0254632 0.7510769
83.773690 -7.6443071 0.2394527 -7.8174453 0.0203797 0.6597467 0.0241285 0.7508240
83.981560 -7.4437141 0.2362073 -7.7868962 0.0195311 0.6602850 0.0248314 0.7503504
84.189660 -7.2447391 0.2315044 -7.7575445 0.0213793 0.6610104 0.0253854 0.7496424
84.500970 -6.9476328 0.2262389 -7.7171955 0.0232894 0.6591646 0.0273855 0.7511389
84.708560 -6.7503304 0.2219176 -7.6889019 0.0224951 0.6568195 0.0277857 0.7531999
84.916060 -6.5560164 0.2181997 -7.6569982 0.0221334 0.6552305 0.0250628 0.7546887
85.020090 -6.4588814 0.2156776 -7.6416426 0.0217981 0.6542522 0.0249259 0.7555512
85.227440 -6.2654362 0.2107247 -7.6098175 0.0205657 0.6532077 0.0253196 0.7564758
85.331180 -6.1706014 0.2083032 -7.5936203 0.0201838 0.6529132 0.0254731 0.7567352
85.538870 -5.9797621 0.2040934 -7.5629721 0.0183392 0.6522260 0.0247476 0.7573985
85.642600 -5.8859172 0.2025015 -7.5465555 0.0177673 0.6525302 0.0244671 0.7571592
85.850400 -5.6968875 0.1991854 -7.5148487 0.0169371 0.6538593 0.0231027 0.7560737
85.954220 -5.6032381 0.1970671 -7.4999199 0.0169642 0.6546423 0.0235788 0.7553805
86.161940 -5.4154501 0.1931630 -7.4721856 0.0195825 0.6564114 0.0253950 0.7537212
86.369740 -5.2300944 0.1893375 -7.4426732 0.0208403 0.6588159 0.0270899 0.7515274
86.577490 -5.0441122 0.1836606 -7.4112620 0.0187170 0.6615544 0.0285846 0.7491184
86.785510 -4.8581653 0.1823094 -7.3841639 0.0185222 0.6636779 0.0268908 0.7473055
86.992950 -4.6750159 0.1800603 -7.3592167 0.0200332 0.6653795 0.0244630 0.7458354
87.200570 -4.4900646 0.1772041 -7.3357263 0.0210828 0.6663910 0.0239649 0.7449189
87.408330 -4.3045936 0.1737536 -7.3140450 0.0191837 0.6664356 0.0252776 0.7448870
87.616060 -4.1211247 0.1707987 -7.2897916 0.0159606 0.6662682 0.0241301 0.7451507
87.927320 -3.8434906 0.1686216 -7.2522569 0.0124862 0.6661484 0.0188783 0.7454756
88.135050 -3.6604805 0.1659539 -7.2274337 0.0126168 0.6660685 0.0167577 0.7455956
88.342600 -3.4755235 0.1634228 -7.2040997 0.0127449 0.6656592 0.0199199 0.7458811
88.550190 -3.2919688 0.1609470 -7.1809287 0.0115829 0.6649011 0.0233117 0.7464777
88.757820 -3.1113348 0.1590898 -7.1571507 0.0151234 0.6645206 0.0212186 0.7468156
88.965560 -2.9336331 0.1578395 -7.1336226 0.0157979 0.6642940 0.0203950 0.7470261
89.277420 -2.6671951 0.1521581 -7.0961900 0.0192692 0.6648600 0.0204826 0.7464385
89.485130 -2.4917612 0.1492067 -7.0722265 0.0199247 0.6657400 0.0222358 0.7455862
89.796830 -2.2278037 0.1454320 -7.0396795 0.0188330 0.6667578 0.0235212 0.7446650
90.108700 -1.9703134 0.1411545 -7.0068531 0.0170694 0.6683124 0.0225545 0.7433428
90.316520 -1.7994230 0.1390678 -6.9860086 0.0172561 0.6692244 0.0233261 0.7424936
90.628220 -1.5486696 0.1355721 -6.9576464 0.0158262 0.6701134 0.0226946 0.7417428
90.732220 -1.4673562 0.1340079 -6.9473190 0.0152730 0.6707107 0.0224470 0.7412219
90.940100 -1.3097913 0.1319891 -6.9294257 0.0139225 0.6713286 0.0221855 0.7406968
91.148110 -1.1588538 0.1294547 -6.9121795 0.0131541 0.6711845 0.0228170 0.7408223
91.355930 -1.0164118 0.1283698 -6.8953061 0.0138572 0.6693431 0.0216243 0.7425094
91.667690 -0.8154685 0.1268674 -6.8675203 0.0136614 0.6645801 0.0191141 0.7468476
91.875570 -0.6901398 0.1247219 -6.8476300 0.0159441 0.6589643 0.0188757 0.7517682
92.187280 -0.5172238 0.1204854 -6.8158793 0.0177356 0.6456624 0.0181359 0.7632015
92.394820 -0.4115062 0.1181184 -6.7914758 0.0174230 0.6346108 0.0191958 0.7723970
92.607140 -0.3142380 0.1155324 -6.7651238 0.0168864 0.6209974 0.0170196 0.7834458
92.812670 -0.2222692 0.1132016 -6.7354574 0.0165022 0.6047918 0.0153735 0.7960642
93.017610 -0.1356360 0.1103004 -6.7025814 0.0154263 0.5862914 0.0142486 0.8098280
93.225060 -0.0552630 0.1071513 -6.6663175 0.0160110 0.5632284 0.0121149 0.8260573
93.432440 0.0199878 0.1047292 -6.6248813 0.0190875 0.5332237 0.0105039 0.8456937
93.639690 0.0894356 0.1013807 -6.5788479 0.0193836 0.4941677 0.0133125 0.8690485
93.847210 0.1497421 0.0966906 -6.5234842 0.0166156 0.4503933 0.0095282 0.8926247
94.054400 0.2018681 0.0932411 -6.4644995 0.0184580 0.4049231 0.0074977 0.9141337
94.261830 0.2476792 0.0904978 -6.4039698 0.0178687 0.3584231 0.0061374 0.9333681
94.469450 0.2861431 0.0872495 -6.3384571 0.0124305 0.3108354 -0.0004923 0.9503824
94.677090 0.3229640 0.0851123 -6.2680683 0.0064085 0.2616749 0.0017201 0.9651332
94.884790 0.3481035 0.0833171 -6.1915646 -0.0016052 0.2137577 -0.0051346 0.9768719
95.092440 0.3694990 0.0821888 -6.1126451 -0.0021254 0.1651834 -0.0073787 0.9862330
95.300440 0.3860046 0.0816153 -6.0298529 -0.0009658 0.1232379 -0.0073856 0.9923492
95.508570 0.3960137 0.0817275 -5.9440227 -0.0009529 0.0877162 -0.0133398 0.9960557
95.717080 0.4037713 0.0812541 -5.8544030 -0.0014656 0.0626450 -0.0145617 0.9979286
95.925440 0.4099240 0.0799744 -5.7626944 -0.0016676 0.0430765 -0.0135292 0.9989788
96.133950 0.4134902 0.0805233 -5.6665273 -0.0002004 0.0286910 -0.0133228 0.9994995
96.342320 0.4147480 0.0794129 -5.5626860 0.0001048 0.0146915 -0.0133576 0.9998028
96.550570 0.4116794 0.0783893 -5.4540491 -0.0001091 0.0011937 -0.0116869 0.9999310
96.758950 0.4084469 0.0777799 -5.3373551 0.0010032 -0.0103098 -0.0121788 0.9998722
96.967200 0.4012982 0.0771501 -5.2152176 0.0023582 -0.0172901 -0.0129483 0.9997639
97.175570 0.3944709 0.0753287 -5.0886312 0.0026337 -0.0208210 -0.0124380 0.9997024
97.279720 0.3908477 0.0742448 -5.0235906 0.0019871 -0.0220863 -0.0124581 0.9996765
97.487940 0.3838490 0.0727254 -4.8899064 -0.0000623 -0.0250962 -0.0110080 0.9996244
97.696240 0.3744084 0.0709239 -4.7544098 -0.0023898 -0.0280612 -0.0101627 0.9995517
97.904320 0.3648682 0.0692040 -4.6203160 -0.0037887 -0.0313077 -0.0080519 0.9994702
98.112320 0.3545901 0.0682988 -4.4867754 -0.0036842 -0.0346792 -0.0068581 0.9993682
98.320320 0.3432159 0.0670846 -4.3532076 -0.0035304 -0.0378171 -0.0064523 0.9992576
98.528320 0.3310759 0.0659782 -4.2198396 -0.0034349 -0.0390899 -0.0070497 0.9992049
98.736320 0.3187456 0.0644054 -4.0868607 -0.0035546 -0.0392629 -0.0078118 0.9991921
98.944340 0.3081466 0.0630043 -3.9544969 -0.0043242 -0.0396009 -0.0074591 0.9991784
99.152220 0.2965341 0.0621279 -3.8228385 -0.0052623 -0.0397513 -0.0071123 0.9991704
99.360070 0.2844246 0.0610357 -3.6919451 -0.0051462 -0.0394880 -0.0077240 0.9991769
99.567940 0.2734989 0.0602525 -3.5627494 -0.0044057 -0.0385439 -0.0069475 0.9992231
99.775950 0.2626516 0.0587555 -3.4360707 -0.0041847 -0.0370752 -0.0073291 0.9992768
99.983820 0.2524049 0.0576137 -3.3119097 -0.0055748 -0.0357402 -0.0053995 0.9993310
100.191800 0.2426341 0.0562643 -3.1921465 -0.0068401 -0.0345864 -0.0067230 0.9993557
100.399700 0.2344715 0.0549452 -3.0769732 -0.0042013 -0.0342346 -0.0053510 0.9993907
100.607700 0.2243423 0.0540035 -2.9645164 -0.0015952 -0.0332973 -0.0084714 0.9994083
100.815600 0.2160515 0.0521015 -2.8540862 -0.0012352 -0.0328411 -0.0085530 0.9994232
101.023600 0.2072692 0.0495019 -2.7454259 -0.0003370 -0.0323964 -0.0095824 0.9994291
101.231500 0.1989589 0.0476932 -2.6382625 0.0001100 -0.0325174 -0.0108399 0.9994124
101.439300 0.1895770 0.0463724 -2.5332534 -0.0002906 -0.0324742 -0.0104381 0.9994180
101.647200 0.1810273 0.0445673 -2.4278960 -0.0000172 -0.0334427 -0.0098049 0.9993925
101.855100 0.1727974 0.0425767 -2.3235104 0.0008782 -0.0350065 -0.0096114 0.9993405
102.062900 0.1639962 0.0410260 -2.2211394 0.0010900 -0.0367287 -0.0093773 0.9992807
102.270800 0.1550753 0.0385241 -2.1187265 0.0007807 -0.0384619 -0.0080980 0.9992269
102.478700 0.1459007 0.0369061 -2.0179224 -0.0000949 -0.0403499 -0.0076632 0.9991562
102.686600 0.1365806 0.0347283 -1.9187967 -0.0011730 -0.0419750 -0.0083197 0.9990833
102.894400 0.1272583 0.0333321 -1.8216466 -0.0015957 -0.0430730 -0.0080052 0.9990386
103.102400 0.1180007 0.0315857 -1.7282157 -0.0018213 -0.0426966 -0.0087742 0.9990479
103.310300 0.1096138 0.0301848 -1.6387331 -0.0015090 -0.0412693 -0.0094148 0.9991025
103.518300 0.1023261 0.0285294 -1.5535440 -0.0013431 -0.0399448 -0.0089155 0.9991612
103.726300 0.0959045 0.0271970 -1.4716117 -0.0007905 -0.0387999 -0.0091480 0.9992048
103.934300 0.0884588 0.0260244 -1.3941257 -0.0007186 -0.0374259 -0.0093313 0.9992556
104.142300 0.0823755 0.0244902 -1.3212253 -0.0011297 -0.0363255 -0.0086908 0.9993016
104.350600 0.0776125 0.0237464 -1.2533790 -0.0021912 -0.0355485 -0.0088720 0.9993262
104.558200 0.0721157 0.0228629 -1.1930929 -0.0023781 -0.0345554 -0.0097376 0.9993525
104.974200 0.0643656 0.0204003 -1.0922346 -0.0014951 -0.0331099 -0.0085446 0.9994141
105.181900 0.0613431 0.0192406 -1.0474596 -0.0001292 -0.0328143 -0.0081393 0.9994283
105.390000 0.0584664 0.0183612 -1.0038453 0.0008709 -0.0324651 -0.0077490 0.9994425
105.805700 0.0527460 0.0166541 -0.9178455 -0.0000029 -0.0323159 -0.0070457 0.9994529
106.013700 0.0496654 0.0158416 -0.8754984 -0.0001200 -0.0324822 -0.0069291 0.9994483
106.221500 0.0463859 0.0149350 -0.8339878 -0.0001765 -0.0344841 -0.0058496 0.9993881
106.429300 0.0424318 0.0144922 -0.7933328 -0.0000761 -0.0399869 -0.0060112 0.9991821
106.845000 0.0313150 0.0130317 -0.7137279 0.0002692 -0.0525667 -0.0085307 0.9985809
107.052900 0.0260417 0.0122796 -0.6744074 0.0003724 -0.0573837 -0.0076065 0.9983231
107.364700 0.0175346 0.0115124 -0.6164921 0.0009591 -0.0607270 -0.0105071 0.9980987
107.676800 0.0101585 0.0103671 -0.5598369 0.0008465 -0.0583804 -0.0100001 0.9982440
107.989000 0.0045882 0.0096410 -0.5045019 0.0009925 -0.0548733 -0.0097323 0.9984454
108.301100 -0.0007841 0.0089186 -0.4502482 0.0011339 -0.0498323 -0.0094855 0.9987119
108.613000 -0.0053832 0.0079592 -0.3939980 0.0024564 -0.0437324 -0.0093242 0.9989967
108.925000 -0.0098440 0.0068873 -0.3304548 0.0033267 -0.0366942 -0.0085998 0.9992840
109.236800 -0.0133390 0.0053999 -0.2584899 0.0018916 -0.0290888 -0.0065016 0.9995539
109.548600 -0.0166109 0.0041619 -0.1791312 0.0006753 -0.0220460 -0.0057706 0.9997401
109.860500 -0.0185278 0.0024801 -0.0955672 -0.0006124 -0.0161962 -0.0041892 0.9998599
110.172100 -0.0205028 0.0006009 -0.0049481 0.0024778 -0.0135129 -0.0031884 0.9999005
110.691700 -0.0190006 -0.0024703 0.1559859 0.0027293 0.0000990 0.0025448 0.9999930
111.210200 -0.0303076 -0.0065559 0.3088753 0.0096808 -0.0344577 -0.0043629 0.9993498
111.625100 -0.0519229 -0.0100453 0.4250253 0.0012883 -0.0842334 -0.0081209 0.9964121
112.040200 -0.0828977 -0.0125523 0.5340759 -0.0045070 -0.1265854 -0.0122253 0.9918701
112.456700 -0.1126135 -0.0135580 0.6409508 -0.0073165 -0.1250178 -0.0173597 0.9919756
112.769200 -0.1255826 -0.0132894 0.7068037 -0.0107246 -0.1108229 -0.0138261 0.9936861
113.185700 -0.1330883 -0.0139524 0.7530525 -0.0091868 -0.0942670 -0.0118961 0.9954335
