0.000000 -0.0000087 0.0000090 -0.0002399 0.0000121 -0.0000130 0.0000001 1.0000000
0.104499 -0.0005997 -0.0011998 0.0532884 0.0003079 0.0008239 -0.0007237 0.9999993
0.207793 -0.0005809 -0.0021484 0.1070400 0.0000329 0.0013069 -0.0008896 0.9999987
0.311634 -0.0008646 -0.0029761 0.1600257 -0.0001295 0.0020457 -0.0006373 0.9999977
0.415494 -0.0011607 -0.0038946 0.2134186 -0.0000533 0.0027978 -0.0004418 0.9999960
0.519644 -0.0006496 -0.0048683 0.2671273 -0.0001840 0.0029411 -0.0004161 0.9999956
0.623401 0.0001551 -0.0057143 0.3211179 0.0003141 0.0028339 -0.0005134 0.9999958
0.727346 -0.0000783 -0.0069848 0.3747024 0.0002524 0.0033736 -0.0006045 0.9999941
0.831180 0.0001821 -0.0077126 0.4279008 -0.0003387 0.0034553 -0.0001442 0.9999940
0.935030 0.0004655 -0.0091687 0.4808018 -0.0010003 0.0027913 0.0004110 0.9999955
1.038877 0.0001029 -0.0098306 0.5336140 -0.0006347 0.0018824 0.0008506 0.9999977
1.246636 0.0000663 -0.0116023 0.6402423 -0.0004086 0.0000381 0.0005291 0.9999998
1.350553 0.0000613 -0.0124809 0.6937502 -0.0003819 -0.0005895 -0.0001719 0.9999997
1.454410 -0.0002569 -0.0131092 0.7472660 -0.0002514 -0.0008352 -0.0000857 0.9999996
1.558293 -0.0006505 -0.0141731 0.8008428 -0.0006540 -0.0009687 0.0001979 0.9999993
1.662157 -0.0009259 -0.0150385 0.8542984 -0.0007291 -0.0013340 0.0004883 0.9999987
1.766057 -0.0011532 -0.0159803 0.9077558 -0.0002652 -0.0017699 0.0003411 0.9999983
1.870090 -0.0013299 -0.0168804 0.9610521 0.0001339 -0.0020891 0.0004649 0.9999977
1.973923 -0.0019345 -0.0177130 1.0145448 -0.0000517 -0.0023436 -0.0001807 0.9999973
2.181756 -0.0030090 -0.0198489 1.1208383 0.0002508 -0.0030963 0.0000493 0.9999952
2.389627 -0.0042963 -0.0216096 1.2266012 -0.0009805 -0.0039838 0.0005503 0.9999914
2.597363 -0.0057306 -0.0229476 1.3326349 -0.0004632 -0.0047576 0.0011275 0.9999880
2.806098 -0.0072559 -0.0250333 1.4388540 -0.0001590 -0.0056310 0.0008704 0.9999837
3.013136 -0.0090645 -0.0270198 1.5436502 -0.0006381 -0.0061897 0.0012901 0.9999798
3.117132 -0.0097542 -0.0279221 1.5966314 -0.0006671 -0.0065753 0.0017406 0.9999766
3.324990 -0.0117577 -0.0296108 1.7001091 -0.0009787 -0.0068646 0.0019064 0.9999741
3.533061 -0.0138730 -0.0308975 1.8040200 -0.0018788 -0.0067024 0.0016096 0.9999745
3.740870 -0.0151817 -0.0326177 1.9079297 -0.0017781 -0.0068719 0.0009249 0.9999744
3.948871 -0.0170425 -0.0338698 2.0122526 -0.0042168 -0.0058246 -0.0003095 0.9999741
4.156747 -0.0181632 -0.0345218 2.1162760 -0.0072412 -0.0043783 -0.0009037 0.9999638
4.260741 -0.0186414 -0.0347271 2.1681850 -0.0078057 -0.0038846 -0.0002801 0.9999620
4.468620 -0.0198623 -0.0351924 2.2714860 -0.0063337 -0.0022902 -0.0000949 0.9999773
4.676494 -0.0200874 -0.0356959 2.3745563 -0.0059233 -0.0022593 -0.0000178 0.9999799
4.884244 -0.0211263 -0.0364178 2.4770050 -0.0057286 -0.0034541 0.0002674 0.9999776
5.091994 -0.0222943 -0.0370824 2.5787776 -0.0064771 -0.0046628 0.0004628 0.9999681
5.299899 -0.0230354 -0.0378721 2.6805701 -0.0064530 -0.0057596 0.0001569 0.9999626
5.507756 -0.0248467 -0.0380152 2.7797291 -0.0055726 -0.0057630 0.0004821 0.9999678
5.715493 -0.0255638 -0.0383543 2.8785172 -0.0068098 -0.0065086 0.0008151 0.9999553
5.923372 -0.0284417 -0.0390120 2.9739242 -0.0054646 -0.0063153 -0.0003042 0.9999651
6.235244 -0.0311955 -0.0406320 3.1169996 -0.0064345 -0.0064712 -0.0026380 0.9999549
6.547122 -0.0329986 -0.0411858 3.2594440 -0.0057845 -0.0038716 -0.0034167 0.9999700
6.755121 -0.0338673 -0.0418760 3.3510640 -0.0028995 -0.0012463 -0.0030878 0.9999902
6.963119 -0.0341340 -0.0425452 3.4405701 -0.0053307 0.0018283 -0.0022204 0.9999816
7.171120 -0.0338401 -0.0435483 3.5282085 -0.0029582 0.0057809 -0.0018558 0.9999772
7.379122 -0.0326695 -0.0445390 3.6151962 -0.0006914 0.0092966 -0.0009276 0.9999561
7.587125 -0.0307941 -0.0460248 3.7025552 -0.0018710 0.0129405 -0.0013049 0.9999137
7.795143 -0.0284798 -0.0472745 3.7889500 0.0003840 0.0166382 -0.0010261 0.9998610
8.003122 -0.0252399 -0.0489304 3.8744035 -0.0000011 0.0196263 -0.0002982 0.9998074
8.211127 -0.0219013 -0.0499873 3.9591575 -0.0014687 0.0224847 0.0001498 0.9997461
8.523125 -0.0157761 -0.0521062 4.0861611 0.0009396 0.0259267 0.0023751 0.9996606
8.731123 -0.0116003 -0.0534304 4.1709905 0.0028510 0.0278120 0.0020972 0.9996069
9.043123 -0.0046389 -0.0558124 4.2993736 0.0008521 0.0267617 0.0023329 0.9996387
9.355001 0.0009737 -0.0580868 4.4298682 0.0002094 0.0230797 0.0015044 0.9997325
9.562998 0.0036780 -0.0591749 4.5163617 0.0003088 0.0193273 0.0009060 0.9998127
9.770876 0.0067058 -0.0605102 4.6046715 -0.0006093 0.0150134 0.0003870 0.9998870
9.978770 0.0087772 -0.0616728 4.6928201 -0.0008529 0.0102986 0.0000814 0.9999466
10.186620 0.0100730 -0.0630399 4.7806997 -0.0006996 0.0052086 -0.0005387 0.9999861
10.394630 0.0099204 -0.0646330 4.8689475 -0.0005953 0.0011036 -0.0021528 0.9999969
10.498620 0.0095250 -0.0649556 4.9130192 -0.0004723 0.0000676 -0.0030818 0.9999951
10.706750 0.0088731 -0.0664465 5.0022464 -0.0005422 -0.0009131 -0.0047415 0.9999882
10.914750 0.0082337 -0.0674702 5.0916762 -0.0009681 -0.0018531 -0.0052344 0.9999841
11.122750 0.0074020 -0.0686539 5.1813035 -0.0037054 -0.0027765 -0.0075762 0.9999606
11.330770 0.0064761 -0.0691974 5.2713971 -0.0025179 -0.0033050 -0.0069265 0.9999674
11.538630 0.0056821 -0.0702634 5.3610935 -0.0040511 -0.0041666 -0.0043642 0.9999736
11.746630 0.0048412 -0.0710419 5.4510646 -0.0056825 -0.0043892 -0.0018242 0.9999726
11.954620 0.0041478 -0.0716304 5.5413570 -0.0042804 -0.0044003 0.0016401 0.9999798
12.162500 0.0029659 -0.0723331 5.6319795 -0.0042745 -0.0039735 0.0022766 0.9999804
12.266520 0.0024664 -0.0727024 5.6772261 -0.0053175 -0.0037179 0.0019612 0.9999770
12.474370 0.0016068 -0.0732723 5.7684288 -0.0052167 -0.0031894 0.0011969 0.9999806
12.578370 0.0009932 -0.0737167 5.8134284 -0.0044306 -0.0029095 0.0006179 0.9999858
12.786250 0.0003377 -0.0748174 5.9032607 -0.0011682 -0.0025424 0.0014176 0.9999951
12.890250 -0.0000959 -0.0755530 5.9481821 0.0006157 -0.0021958 0.0012480 0.9999966
13.098130 -0.0006456 -0.0769954 6.0378137 0.0011252 -0.0023227 0.0016416 0.9999953
13.306000 -0.0013377 -0.0788554 6.1261158 0.0001368 -0.0025531 0.0010692 0.9999962
13.514010 -0.0019649 -0.0804109 6.2143936 0.0001815 -0.0030593 0.0007269 0.9999951
13.617880 -0.0024011 -0.0812230 6.2590942 -0.0000099 -0.0034604 0.0005401 0.9999939
13.825750 -0.0037882 -0.0830835 6.3472338 -0.0009402 -0.0038770 0.0000724 0.9999920
14.033750 -0.0048693 -0.0845520 6.4344225 0.0001991 -0.0046898 -0.0005199 0.9999889
14.241630 -0.0059674 -0.0862785 6.5233107 0.0005968 -0.0054941 -0.0003014 0.9999847
14.449650 -0.0078710 -0.0879821 6.6111636 0.0009788 -0.0059649 -0.0006499 0.9999815
14.657500 -0.0089363 -0.0896502 6.6984110 0.0000374 -0.0069941 -0.0004812 0.9999754
14.865380 -0.0108128 -0.0909558 6.7860308 -0.0001237 -0.0076758 -0.0010104 0.9999700
15.177250 -0.0136402 -0.0935822 6.9179211 0.0001470 -0.0084730 -0.0017820 0.9999625
15.385130 -0.0159058 -0.0949144 7.0054545 0.0018029 -0.0085887 -0.0006211 0.9999613
15.593130 -0.0173802 -0.0968933 7.0930281 -0.0003010 -0.0090448 0.0007380 0.9999588
15.697000 -0.0185113 -0.0978105 7.1369314 -0.0025701 -0.0090445 0.0010645 0.9999552
15.905010 -0.0204485 -0.0990996 7.2233686 -0.0007482 -0.0090497 0.0000580 0.9999588
16.009010 -0.0213679 -0.0997218 7.2661152 0.0003216 -0.0093021 -0.0002578 0.9999567
16.216880 -0.0234377 -0.1013922 7.3518429 -0.0004533 -0.0092332 0.0000002 0.9999573
16.424880 -0.0251526 -0.1025859 7.4372935 -0.0018826 -0.0088548 0.0002720 0.9999590
16.632880 -0.0270116 -0.1039860 7.5215750 -0.0008653 -0.0073280 0.0006917 0.9999725
16.840760 -0.0285829 -0.1056124 7.6052542 0.0000809 -0.0060199 0.0012134 0.9999812
17.048760 -0.0300106 -0.1073467 7.6890707 -0.0013344 -0.0045734 0.0014611 0.9999876
17.152760 -0.0304876 -0.1082098 7.7306376 -0.0015257 -0.0040987 0.0010651 0.9999899
17.464760 -0.0318657 -0.1098375 7.8526459 -0.0015144 -0.0024231 0.0009531 0.9999955
17.672760 -0.0326037 -0.1108577 7.9329691 -0.0014070 -0.0015315 0.0008455 0.9999975
17.984650 -0.0329184 -0.1130652 8.0493670 -0.0024495 -0.0014975 0.0016246 0.9999946
18.296630 -0.0341467 -0.1145904 8.1612663 -0.0013385 -0.0020478 0.0010924 0.9999964
18.608520 -0.0348606 -0.1166239 8.2673836 -0.0016777 -0.0040152 0.0014793 0.9999894
18.920510 -0.0363140 -0.1187176 8.3699608 -0.0035780 -0.0074077 0.0018699 0.9999644
19.336510 -0.0394604 -0.1200296 8.4981394 -0.0030760 -0.0132778 0.0010523 0.9999065
19.752630 -0.0441422 -0.1218829 8.6138859 -0.0019371 -0.0194678 0.0005575 0.9998084
19.960780 -0.0467542 -0.1226821 8.6673403 -0.0019150 -0.0210240 -0.0007587 0.9997768
20.377010 -0.0513631 -0.1245033 8.7667341 -0.0016797 -0.0203359 -0.0007164 0.9997916
20.585260 -0.0533106 -0.1253744 8.8150625 0.0001080 -0.0193192 -0.0009040 0.9998130
20.897510 -0.0562030 -0.1266277 8.8857441 0.0005496 -0.0168247 -0.0010549 0.9998577
21.209640 -0.0582365 -0.1280157 8.9554873 0.0006268 -0.0135793 -0.0008756 0.9999072
21.521880 -0.0599447 -0.1295798 9.0245209 -0.0000573 -0.0090384 0.0000205 0.9999592
21.730010 -0.0608113 -0.1303439 9.0696573 0.0003526 -0.0059147 0.0003916 0.9999824
22.042260 -0.0612989 -0.1315789 9.1378384 0.0006172 -0.0018008 -0.0002130 0.9999982
22.250510 -0.0613811 -0.1323481 9.1834755 0.0005749 0.0003614 -0.0003424 0.9999997
22.458660 -0.0613608 -0.1332337 9.2295341 0.0024656 0.0023965 -0.0002545 0.9999940
22.666760 -0.0609983 -0.1341466 9.2751884 0.0034081 0.0029046 0.0003866 0.9999899
22.874760 -0.0611636 -0.1353064 9.3207331 0.0037177 0.0030751 -0.0001414 0.9999884
23.082900 -0.0610376 -0.1357577 9.3667250 0.0052392 0.0032743 0.0002327 0.9999809
23.290890 -0.0605799 -0.1371271 9.4131985 0.0065558 0.0037187 0.0036617 0.9999649
23.395010 -0.0606929 -0.1373870 9.4372721 0.0047874 0.0041858 0.0023697 0.9999770
23.603010 -0.0605874 -0.1384333 9.4861927 -0.0000529 0.0047901 0.0009166 0.9999881
23.915260 -0.0598622 -0.1397325 9.5603933 0.0059379 0.0099570 0.0000380 0.9999328
24.019270 -0.0593920 -0.1402452 9.5857849 0.0057975 0.0114744 -0.0008241 0.9999170
24.227390 -0.0579882 -0.1413273 9.6375961 0.0032182 0.0146240 0.0015763 0.9998866
24.435530 -0.0565190 -0.1424576 9.6897383 0.0020818 0.0176760 0.0022745 0.9998390
24.539510 -0.0557024 -0.1428702 9.7159224 0.0032293 0.0189777 0.0011176 0.9998140
24.747640 -0.0542004 -0.1439552 9.7677803 0.0044529 0.0217113 0.0002995 0.9997543
24.955760 -0.0520643 -0.1451134 9.8200779 0.0026213 0.0246464 -0.0009877 0.9996923
25.163760 -0.0496458 -0.1459279 9.8723507 0.0031300 0.0275004 -0.0014489 0.9996158
25.371770 -0.0468916 -0.1471121 9.9244490 0.0030924 0.0299096 0.0010678 0.9995472
25.475770 -0.0450581 -0.1476810 9.9508696 0.0031352 0.0301412 0.0015576 0.9995395
25.683760 -0.0423371 -0.1489715 10.0034151 0.0030899 0.0307708 0.0021276 0.9995194
25.891640 -0.0393612 -0.1500461 10.0563812 0.0026482 0.0303887 0.0015756 0.9995334
26.099520 -0.0366828 -0.1512561 10.1088753 0.0034861 0.0290002 0.0015989 0.9995720
26.307390 -0.0340871 -0.1524448 10.1616173 0.0040380 0.0275442 0.0003379 0.9996124
26.515270 -0.0318013 -0.1538345 10.2136765 0.0038750 0.0256742 -0.0006324 0.9996626
26.723140 -0.0297156 -0.1549602 10.2661314 0.0021075 0.0222205 0.0000130 0.9997509
26.931140 -0.0279093 -0.1561695 10.3179121 0.0005795 0.0173473 0.0008059 0.9998490
27.139140 -0.0268731 -0.1572796 10.3681555 -0.0001456 0.0126588 0.0014351 0.9999188
27.347260 -0.0263803 -0.1581880 10.4168472 0.0000409 0.0082938 0.0019462 0.9999637
27.555390 -0.0261136 -0.1590566 10.4634743 0.0002176 0.0042865 0.0015792 0.9999896
27.971390 -0.0278256 -0.1609912 10.5471640 0.0022990 -0.0047875 0.0008225 0.9999856
28.179260 -0.0292464 -0.1620468 10.5859499 0.0037380 -0.0142128 0.0003612 0.9998919
28.387040 -0.0316857 -0.1629712 10.6229429 0.0036811 -0.0293871 -0.0003821 0.9995613
28.594790 -0.0358170 -0.1641322 10.6580009 0.0032597 -0.0506710 -0.0025572 0.9987068
28.802270 -0.0414315 -0.1649705 10.6910028 0.0032572 -0.0774212 -0.0038577 0.9969857
29.009770 -0.0487399 -0.1656750 10.7218027 0.0018110 -0.1101605 -0.0042987 0.9939029
29.217280 -0.0581441 -0.1662652 10.7511311 -0.0002062 -0.1478483 -0.0046614 0.9889990
29.632160 -0.0833807 -0.1670585 10.8034344 -0.0038843 -0.2327076 -0.0047363 0.9725274
29.839540 -0.0994182 -0.1672378 10.8268757 -0.0053416 -0.2801009 -0.0035197 0.9599493
30.047140 -0.1179652 -0.1672052 10.8486404 -0.0061796 -0.3299782 -0.0039438 0.9439601
30.254640 -0.1382623 -0.1672284 10.8670673 -0.0080940 -0.3818313 -0.0019085 0.9241946
30.462040 -0.1604586 -0.1670564 10.8833389 -0.0129734 -0.4375434 0.0010419 0.8991031
30.669520 -0.1844835 -0.1671598 10.8952236 -0.0140493 -0.4932730 -0.0034883 0.8697541
30.980890 -0.2230291 -0.1667330 10.9077835 -0.0151345 -0.5733398 -0.0069634 0.8191484
31.188640 -0.2498772 -0.1664881 10.9118347 -0.0186431 -0.6225924 -0.0082466 0.7822807
31.396270 -0.2781806 -0.1659459 10.9124699 -0.0211874 -0.6713776 -0.0104030 0.7407395
31.603900 -0.3084812 -0.1650078 10.9095392 -0.0256047 -0.7188047 -0.0140945 0.6945974
31.707810 -0.3243521 -0.1644913 10.9064369 -0.0280739 -0.7417097 -0.0163121 0.6699347
31.915520 -0.3567910 -0.1630416 10.8968439 -0.0327134 -0.7851255 -0.0199014 0.6181518
32.019400 -0.3733428 -0.1621311 10.8900013 -0.0347206 -0.8051726 -0.0207432 0.5916598
32.123290 -0.3899002 -0.1613943 10.8820982 -0.0361823 -0.8240417 -0.0211310 0.5649776
32.227300 -0.4066947 -0.1603168 10.8723555 -0.0368674 -0.8415830 -0.0207154 0.5384699
32.331290 -0.4238963 -0.1587861 10.8617897 -0.0369884 -0.8580365 -0.0202868 0.5118532
32.435430 -0.4410553 -0.1573493 10.8496609 0.0371473 0.8728368 0.0200938 -0.4861812
32.539520 -0.4582438 -0.1562259 10.8363113 0.0374830 0.8859783 0.0202308 -0.4617663
32.748020 -0.4936991 -0.1535448 10.8043060 0.0396345 0.9075545 0.0213614 -0.4175135
32.852150 -0.5111952 -0.1522422 10.7863731 0.0436918 0.9173853 0.0215217 -0.3950090
33.060520 -0.5465431 -0.1489849 10.7449608 0.0477372 0.9355679 0.0222686 -0.3491963
33.269020 -0.5798125 -0.1456783 10.6966066 0.0458250 0.9506454 0.0192295 -0.3062738
33.373140 -0.5963140 -0.1437296 10.6697769 0.0439377 0.9572092 0.0171077 -0.2855299
33.581640 -0.6277890 -0.1406194 10.6109943 0.0426983 0.9684353 0.0155832 -0.2450856
33.790020 -0.6559591 -0.1380585 10.5455561 0.0412887 0.9778336 0.0151046 -0.2047160
33.998280 -0.6810174 -0.1350959 10.4735460 0.0444787 0.9853392 0.0148520 -0.1640360
34.206650 -0.7011163 -0.1326907 10.3952837 0.0466081 0.9908553 0.0166042 -0.1255298
34.414890 -0.7170722 -0.1295168 10.3106651 0.0460515 0.9948221 0.0147276 -0.0893948
34.623270 -0.7280197 -0.1268815 10.2208099 0.0451362 0.9972836 0.0131997 -0.0566918
34.831660 -0.7339181 -0.1249197 10.1252079 0.0448876 0.9985517 0.0129404 -0.0266883
34.935780 -0.7349706 -0.1236947 10.0751104 0.0445908 0.9988348 0.0127310 -0.0133645
35.144150 -0.7334352 -0.1219140 9.9719219 0.0429492 0.9989223 0.0138696 0.0108253
35.352650 -0.7268945 -0.1205435 9.8651800 0.0394376 0.9987202 0.0122617 0.0291956
35.456920 -0.7223957 -0.1197481 9.8105564 0.0369476 0.9986240 0.0117174 0.0353233
35.561270 -0.7173669 -0.1190009 9.7549305 0.0345980 0.9985542 0.0126549 0.0391451
35.665520 -0.7123386 -0.1185047 9.6986532 0.0332071 0.9985178 0.0133212 0.0410132
35.769770 -0.7071736 -0.1175809 9.6407776 0.0323588 0.9985467 0.0126092 0.0412122
35.874180 -0.7018262 -0.1169630 9.5824451 0.0311612 0.9986315 0.0121584 0.0402034
35.978280 -0.6966377 -0.1161002 9.5230961 0.0309734 0.9986843 0.0125322 0.0388995
36.082520 -0.6916791 -0.1152003 9.4632215 0.0304727 0.9987432 0.0129108 0.0376391
36.290910 -0.6822766 -0.1139849 9.3431501 0.0292107 0.9989278 0.0142432 0.0329731
36.395030 -0.6776952 -0.1130851 9.2817039 0.0291014 0.9990100 0.0152253 0.0300050
36.499150 -0.6738263 -0.1120739 9.2205029 0.0286942 0.9990846 0.0159730 0.0274141
36.603150 -0.6703717 -0.1113690 9.1599951 0.0283258 0.9991603 0.0159654 0.0249266
36.811280 -0.6636255 -0.1102319 9.0377407 0.0268334 0.9993324 0.0154138 0.0194199
36.915280 -0.6604586 -0.1092310 8.9763460 0.0264967 0.9993982 0.0151211 0.0165049
37.123280 -0.6562065 -0.1075508 8.8545418 0.0267834 0.9994138 0.0178956 0.0115901
37.331150 -0.6535006 -0.1055565 8.7322559 0.0276323 0.9994344 0.0175807 0.0076320
37.539030 -0.6508526 -0.1037744 8.6088247 0.0277680 0.9994810 0.0155794 0.0048894
37.746770 -0.6487406 -0.1019810 8.4830694 0.0269933 0.9995110 0.0155891 0.0024709
37.954400 -0.6472371 -0.0996475 8.3580780 0.0276311 0.9994805 0.0165455 0.0012202
38.265780 -0.6455187 -0.0970691 8.1706915 0.0292076 0.9994448 0.0159582 0.0015425
38.473280 -0.6437376 -0.0949122 8.0445395 0.0309065 0.9993971 0.0156419 0.0023526
38.680780 -0.6419066 -0.0926970 7.9175677 0.0305268 0.9993739 0.0175556 0.0034332
38.888400 -0.6392069 -0.0902553 7.7908006 0.0288605 0.9994184 0.0177029 0.0040749
39.095900 -0.6370328 -0.0879368 7.6628799 0.0282639 0.9994510 0.0167512 0.0042670
39.303400 -0.6346940 -0.0861795 7.5341091 0.0290938 0.9994336 0.0163710 0.0042411
39.511030 -0.6328728 -0.0839113 7.4042730 0.0285605 0.9994364 0.0170567 0.0045007
39.718530 -0.6302478 -0.0814374 7.2747464 0.0290410 0.9994230 0.0170979 0.0042461
39.925900 -0.6281292 -0.0791223 7.1452899 0.0296753 0.9994068 0.0168328 0.0046956
40.133400 -0.6247982 -0.0771769 7.0143228 0.0300104 0.9993921 0.0172119 0.0043040
40.444530 -0.6220847 -0.0745766 6.8224397 0.0300568 0.9994057 0.0162949 0.0043903
40.548280 -0.6208715 -0.0731037 6.7584262 0.0299824 0.9994224 0.0153902 0.0043556
40.755780 -0.6186597 -0.0711733 6.6291890 0.0292041 0.9994165 0.0171542 0.0044115
40.963300 -0.6168279 -0.0687995 6.5014729 0.0296688 0.9994080 0.0168788 0.0043021
41.067040 -0.6161047 -0.0670557 6.4380140 0.0298768 0.9994060 0.0166177 0.0043383
41.274530 -0.6143463 -0.0653119 6.3115287 0.0296479 0.9993733 0.0190025 0.0035969
41.482150 -0.6122847 -0.0632102 6.1864400 0.0286780 0.9994014 0.0192192 0.0022604
41.689670 -0.6113091 -0.0607647 6.0626059 0.0285113 0.9994072 0.0192438 0.0014149
41.897280 -0.6104017 -0.0583823 5.9384899 0.0292623 0.9993985 0.0186020 0.0006506
42.104780 -0.6098688 -0.0558982 5.8143697 0.0289227 0.9994115 0.0184456 0.0000426
42.208530 -0.6095824 -0.0549119 5.7531080 0.0289304 0.9994029 0.0188884 -0.0002699
42.312280 -0.6092436 -0.0535793 5.6917562 0.0287907 0.9993902 0.0197481 -0.0005285
42.519900 -0.6088359 -0.0512527 5.5689616 0.0287735 0.9993966 0.0193268 -0.0022412
42.623660 -0.6089268 -0.0500678 5.5080943 0.0287147 0.9994051 0.0188133 -0.0033153
42.727400 -0.6092622 -0.0489527 5.4467607 0.0291593 0.9993719 0.0197170 -0.0040999
42.934910 -0.6095288 -0.0466123 5.3276935 0.0300254 0.9993239 0.0202147 -0.0064451
43.142410 -0.6104203 -0.0442453 5.2114272 0.0299274 0.9992952 0.0209178 -0.0087097
43.246160 -0.6111264 -0.0431646 5.1540999 0.0301286 0.9992617 0.0217850 -0.0096805
43.453690 -0.6133325 -0.0409016 5.0424252 0.0308350 0.9992148 0.0220532 -0.0115138
43.661030 -0.6152819 -0.0384916 4.9343987 0.0309967 0.9991609 0.0234458 -0.0129224
43.868530 -0.6173593 -0.0360771 4.8310146 0.0308300 0.9991842 0.0224548 -0.0132762
44.075920 -0.6194984 -0.0338392 4.7316227 0.0311644 0.9991801 0.0223002 -0.0130653
44.283280 -0.6212492 -0.0318316 4.6356497 0.0306535 0.9991909 0.0226816 -0.0127887
44.387040 -0.6222399 -0.0308296 4.5896225 0.0308312 0.9991688 0.0235730 -0.0124724
44.490780 -0.6231039 -0.0298076 4.5451932 0.0308978 0.9991604 0.0239503 -0.0122565
44.698280 -0.6246426 -0.0279336 4.4588180 0.0305084 0.9991993 0.0230266 -0.0118177
44.905910 -0.6259632 -0.0263246 4.3770590 0.0298558 0.9992344 0.0225749 -0.0113874
45.113530 -0.6271807 -0.0246140 4.2988157 0.0301818 0.9992143 0.0232631 -0.0108962
45.321160 -0.6285604 -0.0229864 4.2253375 0.0306373 0.9991961 0.0237044 -0.0103307
45.632780 -0.6299945 -0.0203455 4.1194124 0.0318178 0.9992258 0.0210506 -0.0096094
45.944410 -0.6311062 -0.0180774 4.0197001 0.0321144 0.9992343 0.0203117 -0.0093234
46.152410 -0.6323344 -0.0169647 3.9562793 0.0333555 0.9992121 0.0193960 -0.0092869
46.360280 -0.6334932 -0.0159786 3.8942559 0.0335695 0.9991868 0.0201473 -0.0096382
46.568280 -0.6341317 -0.0145262 3.8339179 0.0344601 0.9991680 0.0192811 -0.0102038
46.880280 -0.6355823 -0.0131677 3.7451203 0.0359067 0.9991604 0.0165316 -0.0107635
47.400280 -0.6379549 -0.0111827 3.5998335 0.0366440 0.9991309 0.0157747 -0.0120761
47.608410 -0.6384444 -0.0106276 3.5426183 0.0316722 0.9993157 0.0145003 -0.0124403
47.816410 -0.6394162 -0.0102103 3.4864421 0.0322257 0.9993685 0.0085591 -0.0122798
48.024410 -0.6399938 -0.0098362 3.4279468 0.0279327 0.9995043 0.0083899 -0.0118524
48.232410 -0.6406943 -0.0090929 3.3671484 0.0256782 0.9995467 0.0116206 -0.0105842
48.440410 -0.6415483 -0.0084261 3.3052020 0.0256632 0.9995725 0.0115138 -0.0079857
48.752410 -0.6416759 -0.0070613 3.2076824 0.0235429 0.9996409 0.0124725 -0.0028466
48.960410 -0.6413491 -0.0060813 3.1389101 0.0244872 0.9995682 0.0162324 0.0005203
49.168540 -0.6408492 -0.0045121 3.0675719 0.0260013 0.9995275 0.0158104 0.0043389
49.480540 -0.6381460 -0.0020702 2.9556754 0.0282584 0.9994478 0.0141782 0.0102213
49.688540 -0.6355271 -0.0003813 2.8772745 0.0295114 0.9993302 0.0161282 0.0144294
49.896540 -0.6328279 0.0014030 2.7963178 0.0317763 0.9992093 0.0147485 0.0188012
50.104550 -0.6287140 0.0026493 2.7123573 0.0327425 0.9991260 0.0125043 0.0227791
50.312540 -0.6235243 0.0038153 2.6255047 0.0330444 0.9990675 0.0122497 0.0249438
50.520540 -0.6179572 0.0047980 2.5366461 0.0323735 0.9991125 0.0093325 0.0252796
50.728660 -0.6130903 0.0061720 2.4432511 0.0340257 0.9990597 0.0097225 0.0250463
50.936790 -0.6071771 0.0074917 2.3480632 0.0341828 0.9990197 0.0136895 0.0245709
51.144790 -0.6020970 0.0094714 2.2504327 0.0331151 0.9990899 0.0115972 0.0242535
51.352790 -0.5955260 0.0103526 2.1503506 0.0325449 0.9991366 0.0114006 0.0231687
51.560790 -0.5901621 0.0120135 2.0476024 0.0329525 0.9991292 0.0126167 0.0222642
51.768790 -0.5841819 0.0134825 1.9428062 0.0322988 0.9991918 0.0127493 0.0202512
51.976790 -0.5790728 0.0155288 1.8347840 0.0305135 0.9993083 0.0117757 0.0176960
52.080790 -0.5769091 0.0162119 1.7803746 0.0311328 0.9993588 0.0072213 0.0161452
52.184660 -0.5749805 0.0169237 1.7245656 0.0312513 0.9993823 0.0059150 0.0149458
52.288680 -0.5732539 0.0179340 1.6671019 0.0312285 0.9993779 0.0090506 0.0136619
52.392670 -0.5713350 0.0186169 1.6100031 0.0312650 0.9993598 0.0122340 0.0123569
52.496670 -0.5699170 0.0196102 1.5521573 0.0303801 0.9993989 0.0123383 0.0112483
52.600670 -0.5683597 0.0209651 1.4941570 0.0295708 0.9994497 0.0112182 0.0099966
52.704540 -0.5669818 0.0214416 1.4347225 0.0300177 0.9994477 0.0109246 0.0091595
52.912410 -0.5647305 0.0228546 1.3160868 0.0314453 0.9994158 0.0112666 0.0072322
53.016420 -0.5636660 0.0237596 1.2558998 0.0313209 0.9994158 0.0120948 0.0063967
53.120310 -0.5624073 0.0247182 1.1957159 0.0308998 0.9994245 0.0129612 0.0052735
53.224160 -0.5612452 0.0257437 1.1356457 0.0300843 0.9994351 0.0144027 0.0041208
53.328040 -0.5603150 0.0262827 1.0764543 0.0294201 0.9994323 0.0161292 0.0030768
53.431910 -0.5597535 0.0271381 1.0169258 0.0296613 0.9994209 0.0165326 0.0021892
53.535790 -0.5588019 0.0280922 0.9567878 0.0294715 0.9994398 0.0157931 0.0014361
53.639670 -0.5586159 0.0288533 0.8972053 0.0297495 0.9994382 0.0153965 0.0011084
53.743420 -0.5578148 0.0294021 0.8373138 0.0297307 0.9994358 0.0156162 0.0004934
53.951170 -0.5569382 0.0311088 0.7182543 0.0295292 0.9994401 0.0157342 0.0000465
54.158790 -0.5549819 0.0329389 0.6013684 0.0292174 0.9994597 0.0150184 -0.0009980
54.470160 -0.5519458 0.0371244 0.4252738 0.0291537 0.9994246 0.0172963 -0.0011454
54.677690 -0.5488147 0.0390981 0.3117255 0.0284337 0.9994982 0.0139399 -0.0007839
54.885290 -0.5475392 0.0407998 0.1983646 0.0278503 0.9995134 0.0140488 -0.0001884
55.092920 -0.5461780 0.0424400 0.0857327 0.0283001 0.9994531 0.0171052 0.0002524
55.300540 -0.5442327 0.0443253 -0.0259704 0.0271497 0.9995253 0.0145596 -0.0001087
55.508190 -0.5430897 0.0457587 -0.1342914 0.0274208 0.9995375 0.0131226 -0.0007724
55.611910 -0.5430758 0.0462177 -0.1884138 0.0277694 0.9995067 0.0146513 -0.0008006
55.819540 -0.5417660 0.0473886 -0.2963190 0.0271078 0.9995236 0.0146624 -0.0016160
55.923300 -0.5409920 0.0487535 -0.3508641 0.0256308 0.9995734 0.0138348 -0.0021508
56.027170 -0.5406560 0.0492224 -0.4055352 0.0254281 0.9995818 0.0135654 -0.0023919
56.130920 -0.5407129 0.0497165 -0.4585843 0.0258729 0.9995768 0.0130772 -0.0023969
56.234670 -0.5403532 0.0500589 -0.5121214 0.0268942 0.9995483 0.0131431 -0.0026808
56.338420 -0.5399789 0.0505640 -0.5656890 0.0278369 0.9995149 0.0136469 -0.0029840
56.442290 -0.5399351 0.0511124 -0.6190965 0.0281637 0.9995013 0.0139676 -0.0029851
56.546040 -0.5397360 0.0517438 -0.6721997 0.0282702 0.9995071 0.0133006 -0.0030705
56.649810 -0.5395474 0.0521484 -0.7250822 0.0274766 0.9995292 0.0132644 -0.0032273
56.753550 -0.5393296 0.0523951 -0.7775282 0.0263853 0.9995571 0.0133241 -0.0034526
56.857290 -0.5393459 0.0526908 -0.8297186 0.0257303 0.9995725 0.0134503 -0.0034641
56.961060 -0.5389768 0.0529503 -0.8816698 0.0258001 0.9995589 0.0142319 -0.0037005
57.168540 -0.5378649 0.0541701 -0.9848375 0.0267972 0.9995254 0.0145472 -0.0043867
57.272300 -0.5375231 0.0546569 -1.0367094 0.0266909 0.9995243 0.0147508 -0.0046069
57.479920 -0.5371455 0.0551765 -1.1389228 0.0253065 0.9996015 0.0114518 -0.0050267
57.687420 -0.5366043 0.0550723 -1.2394717 0.0217823 0.9996796 0.0119002 -0.0049742
57.894920 -0.5355946 0.0556494 -1.3406593 0.0218528 0.9996486 0.0141490 -0.0049890
58.102420 -0.5343650 0.0578390 -1.4419969 0.0262134 0.9995212 0.0156011 -0.0051836
58.310040 -0.5340288 0.0590141 -1.5425183 0.0275924 0.9995085 0.0139589 -0.0051541
58.517550 -0.5337229 0.0602089 -1.6445003 0.0257260 0.9995778 0.0123544 -0.0054605
58.725190 -0.5332453 0.0605697 -1.7460943 0.0248343 0.9995961 0.0125405 -0.0057938
58.932820 -0.5328981 0.0614927 -1.8477659 0.0245789 0.9996146 0.0114068 -0.0060372
59.140420 -0.5317522 0.0619865 -1.9501666 0.0233884 0.9996376 0.0115221 -0.0067019
59.348040 -0.5323645 0.0632150 -2.0527713 0.0210107 0.9996736 0.0129702 -0.0065588
59.555580 -0.5320166 0.0641474 -2.1541140 0.0200536 0.9997118 0.0112060 -0.0069789
59.763180 -0.5318833 0.0646968 -2.2578573 0.0196421 0.9997177 0.0114562 -0.0068944
59.970800 -0.5304143 0.0650725 -2.3596246 0.0184453 0.9997698 0.0084981 -0.0069233
60.178320 -0.5293964 0.0655907 -2.4612050 0.0185199 0.9997637 0.0087903 -0.0072287
60.385920 -0.5286638 0.0655639 -2.5636675 0.0203767 0.9997296 0.0088270 -0.0068980
60.697180 -0.5280094 0.0654558 -2.7177298 0.0192003 0.9997538 0.0087559 -0.0068494
60.904800 -0.5269778 0.0657494 -2.8197958 0.0201443 0.9997182 0.0106846 -0.0066008
61.112300 -0.5265195 0.0661392 -2.9210045 0.0224263 0.9996759 0.0105021 -0.0058966
61.319920 -0.5254564 0.0675538 -3.0227499 0.0236069 0.9996482 0.0104274 -0.0061154
61.631300 -0.5250049 0.0674778 -3.1713543 0.0263783 0.9995630 0.0120436 -0.0057297
61.838800 -0.5232954 0.0669277 -3.2687807 0.0284114 0.9995445 0.0082700 -0.0059317
62.046420 -0.5217599 0.0673160 -3.3673167 0.0288102 0.9995254 0.0088440 -0.0063751
62.253920 -0.5204832 0.0673391 -3.4653764 0.0280590 0.9995440 0.0088838 -0.0067465
62.357670 -0.5199351 0.0685085 -3.5149245 0.0279848 0.9995488 0.0084764 -0.0068692
62.565300 -0.5192201 0.0681293 -3.6120653 0.0278143 0.9995547 0.0078952 -0.0073788
62.772920 -0.5191438 0.0675225 -3.7102804 0.0272240 0.9995595 0.0083222 -0.0083960
62.980550 -0.5185379 0.0671531 -3.8075223 0.0281396 0.9995289 0.0077283 -0.0095124
63.188170 -0.5184908 0.0666131 -3.9050083 0.0274578 0.9995334 0.0081886 -0.0105879
63.395800 -0.5184817 0.0667296 -4.0023398 0.0261556 0.9995507 0.0086361 -0.0118215
63.603430 -0.5195099 0.0666785 -4.0977063 0.0251963 0.9995688 0.0085741 -0.0124029
63.811050 -0.5196621 0.0661552 -4.1923537 0.0258917 0.9995617 0.0068520 -0.0126144
64.018680 -0.5191061 0.0656586 -4.2860923 0.0265085 0.9995356 0.0071463 -0.0132214
64.122420 -0.5197191 0.0651376 -4.3332367 0.0269770 0.9995199 0.0082762 -0.0127893
64.330050 -0.5205384 0.0650865 -4.4268570 0.0274731 0.9995134 0.0090269 -0.0116925
64.537570 -0.5214593 0.0653493 -4.5175114 0.0259593 0.9995879 0.0055571 -0.0109237
64.745300 -0.5208713 0.0644447 -4.6096673 0.0254556 0.9995720 0.0088885 -0.0113488
65.056690 -0.5197544 0.0634988 -4.7462330 0.0257237 0.9995494 0.0094777 -0.0122209
65.264300 -0.5199897 0.0634364 -4.8364921 0.0244359 0.9995799 0.0080221 -0.0133642
65.471930 -0.5196844 0.0632533 -4.9254251 0.0228528 0.9995880 0.0092092 -0.0147204
65.679420 -0.5204469 0.0627123 -5.0125532 0.0227958 0.9995848 0.0083839 -0.0155009
65.886930 -0.5189790 0.0635389 -5.0993786 0.0224771 0.9995584 0.0091832 -0.0171299
66.198300 -0.5146049 0.0634832 -5.2264328 0.0219334 0.9995062 0.0089392 -0.0206509
66.405950 -0.5154114 0.0636904 -5.3121400 0.0214320 0.9994974 0.0087707 -0.0216503
66.613430 -0.5161768 0.0639496 -5.3978839 0.0208287 0.9994873 0.0079384 -0.0229837
66.821050 -0.5160186 0.0637045 -5.4782472 0.0197621 0.9994899 0.0080054 -0.0237749
67.028680 -0.5195750 0.0629822 -5.5715761 0.0207934 0.9994578 0.0087049 -0.0239995
67.236300 -0.5217776 0.0625754 -5.6613960 0.0204926 0.9994630 0.0083621 -0.0241655
67.443820 -0.5238925 0.0620966 -5.7500567 0.0207475 0.9994520 0.0089351 -0.0241958
67.651550 -0.5259354 0.0623929 -5.8388243 0.0204416 0.9994507 0.0088625 -0.0245334
67.859060 -0.5278905 0.0613254 -5.9272294 0.0203909 0.9994364 0.0088989 -0.0251356
68.066810 -0.5283667 0.0609721 -6.0138545 0.0198799 0.9993951 0.0088211 -0.0271358
68.274430 -0.5310127 0.0605371 -6.0971475 0.0184963 0.9993702 0.0096218 -0.0287161
68.482050 -0.5327098 0.0603190 -6.1806779 0.0183444 0.9993133 0.0080406 -0.0311739
68.689680 -0.5350978 0.0597865 -6.2618604 0.0192095 0.9992403 0.0089594 -0.0327028
68.793560 -0.5369474 0.0596489 -6.3014212 0.0187944 0.9992335 0.0100151 -0.0328469
69.001180 -0.5406303 0.0592988 -6.3761625 0.0204162 0.9992031 0.0100151 -0.0328044
69.208930 -0.5416698 0.0593958 -6.4456563 0.0185663 0.9991737 0.0115759 -0.0342520
69.416810 -0.5432633 0.0590820 -6.5124841 0.0170537 0.9991215 0.0106682 -0.0367648
69.624560 -0.5458686 0.0580321 -6.5757632 0.0175604 0.9990342 0.0112061 -0.0386884
69.936320 -0.5499269 0.0568285 -6.6631594 0.0194060 0.9990169 0.0111973 -0.0382525
70.351180 -0.5495685 0.0552766 -6.7603846 0.0255275 0.9995644 0.0109227 -0.0100038
70.662180 -0.5430137 0.0546297 -6.8224764 0.0239905 0.9990973 0.0146351 0.0318568
71.076680 -0.5234612 0.0537361 -6.8924570 0.0256457 0.9929392 0.0104248 0.1153490
71.283930 -0.5068250 0.0510888 -6.9210215 0.0266389 0.9853984 0.0111117 0.1678001
71.491310 -0.4805028 0.0495181 -6.9523916 0.0245286 0.9741957 0.0103153 0.2241311
72.113680 -0.3622568 0.0368240 -7.0181637 0.0074117 0.9147544 0.0150546 0.4036618
72.321310 -0.3382204 0.0375653 -7.0315228 0.0061423 0.8844190 0.0146904 0.4664221
72.529060 -0.3172200 0.0375626 -7.0425663 0.0074279 0.8494356 0.0148073 0.5274321
72.736950 -0.2962236 0.0352554 -7.0546579 0.0074757 0.8094642 0.0142104 0.5869496
72.944810 -0.2744994 0.0373896 -7.0661564 0.0053059 0.7641215 0.0153969 0.6448668
73.152830 0.3839229 0.0591903 -6.0346317 0.0249199 0.9976157 0.0070196 0.0639737
73.256690 -0.2248242 0.0331120 -7.0887222 -0.0055425 0.6828940 0.0298682 0.7298856
73.360680 -0.1933084 0.0321120 -7.1032643 -0.0088762 0.6483178 0.0336041 0.7605761
73.464560 -0.1209248 0.0461328 -7.1301341 -0.0055597 0.5995091 0.0286399 0.7998360
73.568560 0.0041552 0.0662011 -7.1772928 0.0014272 0.5245407 0.0214510 0.8511139
73.776440 0.0762403 0.0607284 -7.1613331 -0.0040537 0.4464546 0.0293010 0.8943172
73.984440 0.1015375 0.0672602 -7.1164494 -0.0040572 0.3876509 0.0263185 0.9214215
74.192560 0.1251028 0.0745980 -7.0635371 0.0016502 0.3300211 0.0222281 0.9437103
74.400680 0.1489384 0.0743538 -7.0129747 0.0045321 0.2704079 0.0241200 0.9624330
74.504810 0.1616192 0.0728861 -6.9852881 0.0031679 0.2390016 0.0250374 0.9706911
74.712820 0.1738374 0.0731153 -6.9260020 0.0018548 0.1786207 0.0246705 0.9836069
74.921080 0.1785306 0.0708062 -6.8667078 -0.0003043 0.1223550 0.0231016 0.9922175
75.129560 0.1774366 0.0710705 -6.8028502 0.0011255 0.0766637 0.0153243 0.9969386
75.338190 0.1787868 0.0694942 -6.7316246 0.0004464 0.0393152 0.0128581 0.9991440
75.546930 0.1728596 0.0675678 -6.6488094 -0.0010358 0.0103490 0.0122634 0.9998707
75.651310 0.1678996 0.0670540 -6.6052356 -0.0009847 -0.0012515 0.0100442 0.9999483
75.755680 0.1636059 0.0664088 -6.5604396 -0.0006277 -0.0113064 0.0075286 0.9999076
75.964710 0.1543790 0.0667228 -6.4648876 0.0013865 -0.0229092 0.0024221 0.9997337
76.069190 0.1503424 0.0662138 -6.4166412 0.0014774 -0.0243995 0.0009312 0.9997008
76.173710 0.1464471 0.0656295 -6.3662925 0.0011379 -0.0246291 0.0006108 0.9996958
76.278060 0.1427329 0.0650764 -6.3156457 0.0006109 -0.0248498 0.0010277 0.9996905
76.382460 0.1393927 0.0648918 -6.2650886 0.0003626 -0.0255515 0.0012892 0.9996726
76.591060 0.1310082 0.0638975 -6.1588674 0.0009622 -0.0266732 0.0012213 0.9996430
76.799440 0.1198521 0.0619787 -6.0554633 -0.0010775 -0.0270724 0.0012974 0.9996321
77.007690 0.1062302 0.0589794 -5.9492879 -0.0015327 -0.0262403 0.0023579 0.9996517
77.215940 0.0956830 0.0587959 -5.8358231 -0.0005898 -0.0258224 0.0024460 0.9996634
77.424060 0.0847360 0.0576162 -5.7228656 0.0001427 -0.0246740 0.0014490 0.9996945
77.632190 0.0737804 0.0561080 -5.6057177 -0.0000202 -0.0222761 0.0009904 0.9997514
77.840190 0.0642725 0.0558344 -5.4849224 0.0011750 -0.0191724 0.0002375 0.9998155
78.048060 0.0552512 0.0538870 -5.3640356 0.0040231 -0.0158268 0.0003900 0.9998666
78.255940 0.0420716 0.0500993 -5.2373261 0.0031513 -0.0114990 0.0020716 0.9999267
78.463690 0.0359325 0.0478559 -5.1092329 0.0047964 -0.0116724 0.0027179 0.9999167
78.671320 0.0296509 0.0448499 -4.9755301 0.0050202 -0.0132130 0.0023784 0.9998973
78.879060 0.0219065 0.0416305 -4.8417916 0.0040730 -0.0134666 0.0015882 0.9998997
79.086810 0.0142581 0.0387139 -4.7050986 0.0049234 -0.0132238 0.0025863 0.9998971
79.294440 0.0039667 0.0357021 -4.5657535 0.0052316 -0.0117568 0.0016775 0.9999158
79.502200 -0.0076921 0.0316278 -4.4281502 0.0027232 -0.0083078 0.0007065 0.9999615
79.709940 -0.0147540 0.0288704 -4.2888222 0.0004002 -0.0063000 0.0008694 0.9999797
79.917560 -0.0205530 0.0282051 -4.1485686 -0.0050172 -0.0043069 0.0003000 0.9999781
80.021460 -0.0239579 0.0275673 -4.0784979 -0.0066637 -0.0033927 -0.0003470 0.9999720
80.228940 -0.0280978 0.0261146 -3.9372275 -0.0081656 -0.0022969 -0.0006200 0.9999638
80.332810 -0.0296248 0.0259606 -3.8669922 -0.0070097 -0.0019588 -0.0004439 0.9999734
80.436670 -0.0304411 0.0252759 -3.7979064 -0.0060890 -0.0014697 -0.0004234 0.9999803
80.540440 -0.0317621 0.0247262 -3.7301090 -0.0062321 -0.0004290 0.0003805 0.9999804
80.644320 -0.0318358 0.0240830 -3.6618624 -0.0075197 0.0000085 0.0003896 0.9999716
80.748100 -0.0316865 0.0236104 -3.5933845 -0.0073706 0.0001265 0.0008725 0.9999725
80.851960 -0.0322737 0.0231878 -3.5248427 -0.0066820 0.0007780 0.0005072 0.9999772
80.955700 -0.0331786 0.0224778 -3.4571278 -0.0069403 0.0013483 0.0009678 0.9999745
81.059440 -0.0338297 0.0218833 -3.3879499 -0.0077093 0.0021717 0.0012575 0.9999672
81.163210 -0.0338811 0.0211361 -3.3194816 -0.0090357 0.0024722 0.0016755 0.9999547
81.266940 -0.0337640 0.0213016 -3.2525513 -0.0096482 0.0024837 0.0019591 0.9999484
81.474570 -0.0337147 0.0207884 -3.1149566 -0.0070541 0.0020923 0.0018643 0.9999712
81.682070 -0.0340641 0.0202437 -2.9788246 -0.0067466 0.0017093 -0.0002792 0.9999757
81.889700 -0.0348879 0.0197270 -2.8428788 -0.0060933 0.0015828 0.0005777 0.9999800
81.993440 -0.0350703 0.0191135 -2.7747924 -0.0069476 0.0012628 0.0012267 0.9999743
82.201070 -0.0354638 0.0193065 -2.6386116 -0.0070004 0.0007867 0.0020352 0.9999731
82.408570 -0.0353981 0.0184604 -2.5038650 -0.0057107 -0.0005021 0.0023176 0.9999809
82.616210 -0.0355678 0.0184480 -2.3698866 -0.0080575 -0.0020244 0.0025153 0.9999623
82.823820 -0.0380415 0.0181118 -2.2369609 -0.0074235 -0.0018450 0.0018221 0.9999691
83.031440 -0.0387371 0.0174605 -2.1052613 -0.0072369 -0.0018439 0.0009226 0.9999717
83.238940 -0.0374322 0.0165530 -1.9739491 -0.0070818 -0.0018096 0.0017691 0.9999717
83.446570 -0.0371159 0.0157440 -1.8440363 -0.0071975 -0.0013601 0.0027177 0.9999695
83.654320 -0.0378180 0.0157931 -1.7159759 -0.0078052 -0.0004667 0.0031116 0.9999646
83.862070 -0.0380560 0.0157161 -1.5863183 -0.0059383 0.0005147 0.0024982 0.9999791
84.069850 -0.0379302 0.0152970 -1.4579539 -0.0067259 0.0014589 0.0009843 0.9999759
84.381590 -0.0368117 0.0145373 -1.2725196 -0.0070152 0.0031800 -0.0006485 0.9999701
84.797070 -0.0331279 0.0135092 -1.0235094 -0.0045758 0.0057580 0.0000185 0.9999729
85.004820 -0.0319501 0.0126522 -0.9023390 -0.0003958 0.0074483 -0.0017118 0.9999707
85.316330 -0.0223230 0.0101414 -0.7184076 -0.0004725 0.0070232 -0.0006800 0.9999750
85.627820 -0.0168422 0.0062955 -0.5420190 -0.0007997 0.0060390 0.0012588 0.9999806
86.042820 -0.0120581 0.0036585 -0.3120898 -0.0013298 0.0037746 0.0004097 0.9999919
86.354210 -0.0082790 0.0021031 -0.1508884 -0.0001332 0.0028137 0.0003331 0.9999960
86.665690 -0.0031121 -0.0000024 0.0144699 -0.0001589 0.0006407 0.0005386 0.9999996
86.976950 -0.0022640 -0.0036775 0.1830119 -0.0001635 0.0002612 0.0000282 0.9999999
87.184570 -0.0011242 -0.0057196 0.3030614 0.0000583 -0.0007095 0.0000733 0.9999998
87.392070 -0.0019858 -0.0081495 0.4236009 -0.0005519 -0.0006209 0.0002071 0.9999996
88.222590 -0.0043654 -0.0162038 0.9075953 -0.0008305 -0.0000792 -0.0000092 0.9999996
94.761580 -0.0321358 -0.0519956 4.0874319 0.0002248 0.0006858 0.0046514 0.9999889
96.736830 -0.0479800 -0.0636306 4.8505683 0.0011390 0.0147569 -0.0072153 0.9998644
98.087470 -0.0153665 -0.0704878 5.4242840 -0.0020818 0.0281990 0.0001676 0.9996002
98.398700 -0.0086491 -0.0718063 5.5648727 -0.0016140 0.0182181 0.0058665 0.9998155
102.031100 -0.0294433 -0.1003301 7.2930326 0.0002018 -0.0022150 -0.0006891 0.9999973
103.899100 -0.0357804 -0.1142450 8.1311264 -0.0006307 -0.0019552 0.0012331 0.9999971
104.210200 -0.0366975 -0.1166135 8.2620678 -0.0025476 -0.0037000 0.0019051 0.9999881
106.807100 -0.0597698 -0.1299885 9.0466318 0.0002570 -0.0057723 0.0000019 0.9999833
107.015100 -0.0601378 -0.1308899 9.0959501 -0.0001464 -0.0019726 -0.0000452 0.9999980
107.223000 -0.0601281 -0.1318923 9.1450663 -0.0013272 0.0008933 -0.0000895 0.9999987
107.535000 -0.0600128 -0.1331131 9.2172642 0.0005334 0.0024496 0.0004206 0.9999968
110.551000 -0.0490680 -0.1479052 9.9549265 0.0046785 0.0193035 0.0014340 0.9998017
111.278800 -0.0431533 -0.1521356 10.1568146 0.0040951 0.0157465 0.0001279 0.9998676
111.590700 -0.0415510 -0.1543819 10.2430696 0.0031990 0.0117667 -0.0016456 0.9999243
112.006600 -0.0403331 -0.1568268 10.3577251 0.0012721 0.0076650 -0.0020915 0.9999676
112.318600 -0.0399042 -0.1586098 10.4419031 0.0015930 0.0055080 -0.0014642 0.9999825
112.734600 -0.0401472 -0.1608208 10.5469217 0.0022976 0.0039668 -0.0040634 0.9999812
113.046600 -0.0401991 -0.1628796 10.6216078 0.0053055 0.0041345 -0.0070886 0.9999523
113.358600 -0.0400152 -0.1652236 10.6940622 0.0063843 0.0054942 -0.0095516 0.9999189
113.670600 -0.0392826 -0.1672678 10.7654200 0.0049975 0.0072658 -0.0101615 0.9999095
113.982500 -0.0384325 -0.1688386 10.8360281 0.0023177 0.0056285 -0.0085432 0.9999450
114.294300 -0.0382793 -0.1701292 10.9061575 0.0011275 0.0032492 -0.0066068 0.9999723
