0.000000 0.0040663 -0.0084811 -0.0518873 0.0000122 0.0000264 -0.0000034 1.0000000
0.104499 0.0045206 -0.0097356 0.0030790 0.0003066 0.0005058 -0.0003283 0.9999998
0.207793 0.0050295 -0.0107720 0.0588364 0.0000934 0.0008251 -0.0005114 0.9999995
0.311634 0.0052681 -0.0116759 0.1158458 -0.0001657 0.0009798 0.0000093 0.9999995
0.415494 0.0062649 -0.0126703 0.1728103 -0.0001768 0.0007404 0.0002829 0.9999996
0.519644 0.0060986 -0.0135005 0.2302373 -0.0001113 0.0013339 0.0002170 0.9999991
0.623401 0.0060623 -0.0144615 0.2878468 0.0003170 0.0019075 0.0000648 0.9999982
0.727346 0.0063528 -0.0158429 0.3439063 0.0002922 0.0019223 0.0003572 0.9999980
0.831180 0.0056968 -0.0164751 0.3999939 -0.0002024 0.0024998 0.0005797 0.9999967
0.935030 0.0055267 -0.0176640 0.4560279 -0.0007131 0.0019036 0.0009403 0.9999975
1.038877 0.0051389 -0.0187117 0.5110130 -0.0006349 0.0008695 0.0015103 0.9999983
1.246636 0.0047899 -0.0203516 0.6217996 -0.0002264 -0.0008152 0.0012666 0.9999988
1.454410 0.0039725 -0.0217596 0.7320650 0.0000977 -0.0014534 0.0007075 0.9999987
1.662157 0.0028729 -0.0239218 0.8424058 -0.0003580 -0.0017918 0.0013655 0.9999974
1.870090 0.0018837 -0.0258369 0.9520285 0.0005866 -0.0023035 0.0013299 0.9999963
1.973923 0.0011643 -0.0268545 1.0057882 0.0002639 -0.0025127 0.0005975 0.9999966
2.181756 -0.0000606 -0.0287331 1.1138152 0.0009134 -0.0031731 0.0009277 0.9999941
2.389627 -0.0016393 -0.0306141 1.2209630 -0.0002612 -0.0039156 0.0016498 0.9999909
2.597363 -0.0031584 -0.0320977 1.3270385 0.0001904 -0.0047195 0.0019963 0.9999868
2.806098 -0.0049816 -0.0343467 1.4334825 0.0004707 -0.0055294 0.0019557 0.9999827
2.909338 -0.0054901 -0.0352817 1.4868225 0.0002653 -0.0057689 0.0021161 0.9999811
3.117132 -0.0066760 -0.0373392 1.5922431 0.0000204 -0.0066017 0.0024986 0.9999751
3.221000 -0.0074265 -0.0380889 1.6457000 0.0002064 -0.0068768 0.0024888 0.9999732
3.428991 -0.0085829 -0.0398499 1.7507886 -0.0007171 -0.0072362 0.0030647 0.9999689
3.636879 -0.0108676 -0.0416898 1.8551021 -0.0010261 -0.0071662 0.0023965 0.9999709
3.844868 -0.0126053 -0.0431286 1.9596499 -0.0018245 -0.0069868 0.0005237 0.9999738
4.052745 -0.0143452 -0.0443877 2.0640376 -0.0048667 -0.0052569 0.0001907 0.9999743
4.260741 -0.0155881 -0.0451024 2.1683500 -0.0072660 -0.0038345 0.0003204 0.9999662
4.364619 -0.0153583 -0.0453514 2.2200711 -0.0065773 -0.0034370 0.0012676 0.9999716
4.572617 -0.0165329 -0.0462525 2.3229034 -0.0057078 -0.0024422 0.0008443 0.9999804
4.676494 -0.0167552 -0.0463820 2.3743241 -0.0053118 -0.0025946 0.0007837 0.9999822
4.780371 -0.0172793 -0.0467521 2.4254506 -0.0047508 -0.0029277 0.0013202 0.9999835
4.884244 -0.0176860 -0.0471952 2.4768071 -0.0050152 -0.0038563 0.0011520 0.9999793
4.988118 -0.0184114 -0.0476108 2.5281281 -0.0057069 -0.0045375 0.0013789 0.9999725
5.091994 -0.0189376 -0.0479078 2.5794921 -0.0058712 -0.0052038 0.0015482 0.9999681
5.195994 -0.0197608 -0.0481053 2.6312718 -0.0056919 -0.0057716 0.0008933 0.9999667
5.299899 -0.0205834 -0.0485566 2.6825097 -0.0057010 -0.0060568 0.0009237 0.9999650
5.403745 -0.0214095 -0.0489287 2.7335565 -0.0054651 -0.0062307 0.0013084 0.9999648
5.507756 -0.0220510 -0.0493283 2.7847016 -0.0050480 -0.0064623 0.0016901 0.9999650
5.611618 -0.0227276 -0.0498717 2.8358309 -0.0057423 -0.0068068 0.0020281 0.9999583
5.819513 -0.0243602 -0.0503943 2.9382515 -0.0055273 -0.0072198 0.0019252 0.9999568
6.027387 -0.0262220 -0.0512464 3.0394547 -0.0051763 -0.0076052 -0.0000637 0.9999577
6.235244 -0.0281922 -0.0519649 3.1406915 -0.0054998 -0.0075254 -0.0017804 0.9999550
6.547122 -0.0306619 -0.0530905 3.2907426 -0.0051206 -0.0049798 -0.0024692 0.9999714
6.755121 -0.0322990 -0.0537867 3.3885505 -0.0021785 -0.0021241 -0.0020901 0.9999932
6.963119 -0.0327914 -0.0548080 3.4833658 -0.0048036 0.0009910 -0.0007298 0.9999877
7.275124 -0.0318626 -0.0568386 3.6245799 -0.0008789 0.0063394 0.0004499 0.9999794
7.587125 -0.0298361 -0.0587424 3.7637928 -0.0013501 0.0118652 0.0003604 0.9999287
7.691125 -0.0287159 -0.0594502 3.8092959 -0.0002405 0.0137916 0.0005952 0.9999047
7.899123 -0.0260710 -0.0607415 3.8991368 0.0011586 0.0170897 0.0004869 0.9998532
8.003122 -0.0242432 -0.0615960 3.9441085 0.0005940 0.0184389 0.0012329 0.9998291
8.211127 -0.0206686 -0.0630163 4.0338082 -0.0010246 0.0212542 0.0017382 0.9997721
8.419122 -0.0167566 -0.0640904 4.1228509 -0.0002606 0.0236360 0.0030462 0.9997159
8.627137 -0.0126054 -0.0658350 4.2104497 0.0028072 0.0257905 0.0034432 0.9996575
8.835121 -0.0084346 -0.0676006 4.2990956 0.0029568 0.0268569 0.0034234 0.9996290
9.043123 -0.0041626 -0.0692802 4.3887606 0.0013022 0.0258585 0.0035488 0.9996585
9.251125 -0.0002809 -0.0706429 4.4797311 0.0007990 0.0236552 0.0031700 0.9997149
9.459001 0.0027836 -0.0723112 4.5710802 0.0009552 0.0203644 0.0021000 0.9997900
9.666891 0.0055898 -0.0738503 4.6625376 0.0003025 0.0163502 0.0018260 0.9998646
9.770876 0.0067000 -0.0746541 4.7079906 -0.0002070 0.0142498 0.0016783 0.9998971
9.978770 0.0082189 -0.0758301 4.8000216 -0.0004745 0.0096791 0.0013906 0.9999521
10.186620 0.0090819 -0.0769740 4.8913469 -0.0001003 0.0046462 0.0009813 0.9999887
10.394630 0.0092092 -0.0784953 4.9834561 0.0001621 0.0003531 -0.0005493 0.9999998
10.602630 0.0083188 -0.0800798 5.0768552 0.0003384 -0.0011565 -0.0020404 0.9999972
10.810750 0.0074774 -0.0814005 5.1706557 -0.0000839 -0.0021793 -0.0038745 0.9999901
11.018750 0.0063879 -0.0827643 5.2637687 -0.0013102 -0.0030372 -0.0056246 0.9999787
11.226750 0.0051213 -0.0838834 5.3573461 -0.0027367 -0.0035235 -0.0054263 0.9999753
11.434620 0.0042257 -0.0847994 5.4513631 -0.0023804 -0.0042157 -0.0040377 0.9999802
11.642630 0.0032840 -0.0857902 5.5451269 -0.0043233 -0.0047874 -0.0013080 0.9999784
11.850630 0.0023729 -0.0865337 5.6395192 -0.0038529 -0.0049209 0.0017589 0.9999789
12.058500 0.0015556 -0.0873484 5.7342825 -0.0032841 -0.0048299 0.0038017 0.9999757
12.266520 0.0001426 -0.0884180 5.8278975 -0.0045799 -0.0042436 0.0036583 0.9999738
12.474370 -0.0012219 -0.0890624 5.9212279 -0.0044067 -0.0035189 0.0026240 0.9999806
12.682250 -0.0023804 -0.0900631 6.0148759 -0.0022686 -0.0030573 0.0023800 0.9999899
12.890250 -0.0033106 -0.0915564 6.1081109 0.0014896 -0.0026324 0.0028865 0.9999912
13.098130 -0.0040090 -0.0933499 6.2003474 0.0018655 -0.0026514 0.0033385 0.9999892
13.306000 -0.0048730 -0.0954295 6.2924232 0.0009345 -0.0028301 0.0028334 0.9999915
13.514010 -0.0058491 -0.0970486 6.3842602 0.0011099 -0.0032357 0.0024889 0.9999911
13.721880 -0.0069159 -0.0990346 6.4762597 0.0002010 -0.0038867 0.0022661 0.9999899
13.825750 -0.0077908 -0.0997745 6.5220003 0.0000330 -0.0040821 0.0017910 0.9999900
14.033750 -0.0092333 -0.1015918 6.6131706 0.0011249 -0.0046552 0.0013222 0.9999877
14.241630 -0.0103651 -0.1034167 6.7050486 0.0015659 -0.0054792 0.0012744 0.9999830
14.449650 -0.0119803 -0.1051926 6.7961483 0.0020298 -0.0060840 0.0008234 0.9999791
14.657500 -0.0134863 -0.1071574 6.8872590 0.0010484 -0.0068530 0.0008827 0.9999756
14.865380 -0.0155393 -0.1088242 6.9785619 0.0007861 -0.0075219 0.0002057 0.9999714
15.177250 -0.0185840 -0.1116497 7.1153851 0.0011990 -0.0081665 -0.0005665 0.9999658
15.281260 -0.0196345 -0.1125222 7.1609368 0.0019478 -0.0082551 -0.0003687 0.9999639
15.489130 -0.0211013 -0.1144911 7.2523589 0.0026643 -0.0085099 0.0019332 0.9999584
15.697000 -0.0228051 -0.1162348 7.3439441 -0.0013688 -0.0087517 0.0025659 0.9999574
15.905010 -0.0250921 -0.1182735 7.4333310 0.0003278 -0.0086394 0.0009551 0.9999622
16.216880 -0.0282008 -0.1212142 7.5679359 0.0005810 -0.0086953 0.0007683 0.9999617
16.528880 -0.0311547 -0.1235984 7.7023020 -0.0005627 -0.0074862 0.0008850 0.9999714
16.840760 -0.0337291 -0.1261680 7.8346996 0.0011824 -0.0052820 0.0016855 0.9999839
17.048760 -0.0350830 -0.1280406 7.9220910 -0.0001614 -0.0038114 0.0018999 0.9999909
17.256760 -0.0361178 -0.1296175 8.0069036 -0.0004051 -0.0027315 0.0014141 0.9999952
17.568750 -0.0372772 -0.1319332 8.1340914 -0.0003960 -0.0010970 0.0011772 0.9999986
17.776760 -0.0375297 -0.1337742 8.2167130 -0.0005475 -0.0006683 0.0017344 0.9999981
17.984650 -0.0379317 -0.1352962 8.2967958 -0.0014233 -0.0007388 0.0020810 0.9999965
18.192630 -0.0385442 -0.1366144 8.3745375 -0.0008165 -0.0011102 0.0019564 0.9999971
18.400630 -0.0391509 -0.1382693 8.4499483 -0.0004227 -0.0016888 0.0015715 0.9999973
18.608520 -0.0398486 -0.1400546 8.5240078 -0.0009512 -0.0032652 0.0022601 0.9999917
18.712510 -0.0404024 -0.1407576 8.5604219 -0.0017779 -0.0042798 0.0028078 0.9999853
18.920510 -0.0415136 -0.1419370 8.6314459 -0.0025896 -0.0065846 0.0024606 0.9999719
19.128630 -0.0432685 -0.1430499 8.6998167 -0.0025018 -0.0092663 0.0023985 0.9999511
19.336510 -0.0449447 -0.1442879 8.7652569 -0.0025440 -0.0123771 0.0018930 0.9999184
19.544640 -0.0471267 -0.1452574 8.8274508 -0.0018197 -0.0154757 0.0019848 0.9998766
19.752630 -0.0496822 -0.1466689 8.8861237 -0.0015837 -0.0186041 0.0014678 0.9998246
19.960780 -0.0523713 -0.1476442 8.9426422 -0.0015796 -0.0201715 0.0002071 0.9997953
20.168880 -0.0549429 -0.1484274 8.9961729 -0.0022515 -0.0198570 0.0000661 0.9998003
20.377010 -0.0572626 -0.1495551 9.0477810 -0.0012044 -0.0192595 -0.0000390 0.9998138
20.585260 -0.0594360 -0.1505765 9.0982943 0.0004578 -0.0181572 -0.0001916 0.9998350
20.897510 -0.0621701 -0.1520077 9.1732788 0.0008944 -0.0157345 -0.0003036 0.9998758
21.105630 -0.0635444 -0.1530552 9.2231655 0.0011162 -0.0138457 -0.0000174 0.9999035
21.313760 -0.0647033 -0.1542358 9.2720652 0.0004141 -0.0109898 0.0005977 0.9999393
21.521880 -0.0658495 -0.1551576 9.3205729 0.0003018 -0.0078400 0.0009008 0.9999688
21.730010 -0.0666888 -0.1561714 9.3683748 0.0005517 -0.0046940 0.0012145 0.9999881
21.938260 -0.0670962 -0.1569744 9.4162169 0.0013105 -0.0018598 0.0006937 0.9999971
22.042260 -0.0672052 -0.1573986 9.4405708 0.0009318 -0.0003820 0.0004467 0.9999994
22.250510 -0.0671808 -0.1584792 9.4893179 0.0004947 0.0019356 0.0009287 0.9999976
22.354510 -0.0670501 -0.1589147 9.5136642 0.0013143 0.0029347 0.0008261 0.9999945
22.562760 -0.0666905 -0.1597745 9.5629234 0.0034831 0.0042349 0.0013076 0.9999841
22.770760 -0.0667648 -0.1608828 9.6128054 0.0038750 0.0046691 0.0015672 0.9999804
22.874760 -0.0666813 -0.1614923 9.6387625 0.0040693 0.0046658 0.0005928 0.9999807
22.978890 -0.0663313 -0.1620376 9.6627159 0.0042437 0.0047536 0.0007017 0.9999794
23.186890 -0.0661523 -0.1636161 9.7138186 0.0060692 0.0051293 0.0032042 0.9999633
23.290890 -0.0655733 -0.1639349 9.7401924 0.0066788 0.0052075 0.0046572 0.9999533
23.499010 -0.0656886 -0.1648521 9.7926836 0.0016773 0.0059752 0.0016019 0.9999794
23.707160 -0.0649642 -0.1658687 9.8465414 0.0010817 0.0075310 0.0025979 0.9999677
24.019270 -0.0636769 -0.1675681 9.9286346 0.0055966 0.0131137 0.0004547 0.9998983
24.227390 -0.0619488 -0.1684920 9.9852152 0.0031764 0.0162154 0.0026185 0.9998600
24.435530 -0.0600583 -0.1698390 10.0421162 0.0020734 0.0192006 0.0038597 0.9998060
24.643640 -0.0579199 -0.1708028 10.0991497 0.0043740 0.0217027 0.0018990 0.9997531
24.851760 -0.0559696 -0.1720131 10.1559010 0.0034076 0.0246430 0.0014002 0.9996895
24.955760 -0.0545948 -0.1725490 10.1845245 0.0026849 0.0261192 0.0004916 0.9996551
25.163760 -0.0519672 -0.1734254 10.2413940 0.0032353 0.0290269 -0.0001081 0.9995734
25.371770 -0.0485971 -0.1746446 10.2987347 0.0031698 0.0313676 0.0022483 0.9995003
25.579770 -0.0451679 -0.1759713 10.3560581 0.0032411 0.0320018 0.0030394 0.9994779
25.787650 -0.0417530 -0.1773309 10.4144468 0.0028415 0.0322903 0.0031438 0.9994695
25.995520 -0.0381003 -0.1782362 10.4725895 0.0033315 0.0312458 0.0024608 0.9995031
26.203510 -0.0348476 -0.1798695 10.5301876 0.0039427 0.0294832 0.0023701 0.9995547
26.307390 -0.0335269 -0.1804665 10.5592203 0.0042045 0.0288563 0.0016162 0.9995734
26.515270 -0.0310501 -0.1819693 10.6165581 0.0040118 0.0270372 0.0005977 0.9996262
26.723140 -0.0285326 -0.1833387 10.6738663 0.0021962 0.0235892 0.0012952 0.9997185
26.931140 -0.0265510 -0.1846036 10.7302380 0.0007476 0.0187281 0.0019014 0.9998225
27.139140 -0.0253263 -0.1858478 10.7851715 0.0000850 0.0140169 0.0025402 0.9998986
27.347260 -0.0247854 -0.1868514 10.8383417 0.0002562 0.0098326 0.0029880 0.9999471
27.555390 -0.0245444 -0.1879620 10.8894682 0.0003835 0.0059010 0.0026914 0.9999789
27.763390 -0.0247827 -0.1889504 10.9371481 0.0007731 0.0020406 0.0034381 0.9999917
27.971390 -0.0258024 -0.1900124 10.9815664 0.0024578 -0.0034528 0.0020581 0.9999889
28.179260 -0.0272866 -0.1911557 11.0239620 0.0039368 -0.0128331 0.0016403 0.9999086
28.387040 -0.0300934 -0.1922725 11.0642748 0.0038274 -0.0278932 0.0008583 0.9996032
28.594790 -0.0345788 -0.1934450 11.1028271 0.0035706 -0.0491101 -0.0013253 0.9987861
28.802270 -0.0407021 -0.1943545 11.1387215 0.0035945 -0.0758057 -0.0026657 0.9971126
29.009770 -0.0487745 -0.1951166 11.1729650 0.0022497 -0.1086275 -0.0031464 0.9940750
29.217280 -0.0590885 -0.1959374 11.2049379 0.0001476 -0.1461527 -0.0035966 0.9892555
29.632160 -0.0864825 -0.1969893 11.2617779 -0.0034753 -0.2309671 -0.0037167 0.9729483
29.839540 -0.1040940 -0.1973280 11.2872429 -0.0048935 -0.2782045 -0.0024742 0.9605062
30.047140 -0.1240358 -0.1973273 11.3104868 -0.0057117 -0.3280512 -0.0028759 0.9446383
30.254640 -0.1463695 -0.1973473 11.3309994 -0.0075535 -0.3801234 -0.0008698 0.9249045
30.462040 -0.1708918 -0.1970904 11.3484268 -0.0122459 -0.4356403 0.0020354 0.9000352
30.669520 -0.1968670 -0.1970423 11.3611383 -0.0131900 -0.4914355 -0.0024607 0.8708106
30.980890 -0.2379560 -0.1964852 11.3748159 -0.0141191 -0.5717404 -0.0059074 0.8202918
31.188640 -0.2668946 -0.1957488 11.3792276 -0.0173311 -0.6210862 -0.0069431 0.7835199
31.396270 -0.2966170 -0.1954610 11.3798275 -0.0199279 -0.6699052 -0.0092125 0.7421220
31.603900 -0.3287608 -0.1946019 11.3768015 -0.0242351 -0.7174426 -0.0131280 0.6960722
31.811650 -0.3621321 -0.1933800 11.3691206 -0.0287088 -0.7625383 -0.0174940 0.6460690
31.915520 -0.3792999 -0.1926040 11.3636179 -0.0311475 -0.7838851 -0.0189897 0.6198333
32.019400 -0.3968034 -0.1914568 11.3567581 -0.0328627 -0.8041348 -0.0198342 0.5932065
32.123290 -0.4139521 -0.1905837 11.3485270 -0.0343017 -0.8230466 -0.0201271 0.5665798
32.331290 -0.4494572 -0.1881490 11.3277302 -0.0351142 -0.8571888 -0.0194491 0.5134355
32.435430 -0.4673290 -0.1868512 11.3150139 0.0353591 0.8719946 0.0193697 -0.4878524
32.539520 -0.4851980 -0.1857662 11.3012009 0.0356303 0.8851667 0.0195678 -0.4634949
32.748020 -0.5222697 -0.1828610 11.2680759 0.0377868 0.9068579 0.0206350 -0.4192316
32.956400 -0.5592074 -0.1798969 11.2292109 0.0448517 0.9263543 0.0214205 -0.3733593
33.060520 -0.5778875 -0.1778784 11.2067451 0.0454431 0.9351276 0.0215118 -0.3507257
33.164770 -0.5952649 -0.1761448 11.1826973 0.0441348 0.9430870 0.0204085 -0.3289720
33.269020 -0.6126976 -0.1743331 11.1571045 0.0434626 0.9503312 0.0184146 -0.3076403
33.477420 -0.6461153 -0.1705640 11.1002998 0.0406313 0.9628170 0.0147741 -0.2666726
33.581640 -0.6620231 -0.1691441 11.0689907 0.0402316 0.9681605 0.0147967 -0.2466330
33.790020 -0.6916783 -0.1667723 11.0020199 0.0387794 0.9776727 0.0144984 -0.2060146
33.894150 -0.7053547 -0.1655618 10.9655952 0.0402365 0.9817119 0.0145703 -0.1855006
34.102520 -0.7292895 -0.1629280 10.8882427 0.0427570 0.9882761 0.0157528 -0.1457189
34.206650 -0.7393062 -0.1613512 10.8477011 0.0440513 0.9908474 0.0162049 -0.1265633
34.414890 -0.7563708 -0.1585072 10.7605095 0.0437160 0.9948462 0.0146238 -0.0903119
34.623270 -0.7679778 -0.1559651 10.6687460 0.0425763 0.9973569 0.0131384 -0.0573918
34.831660 -0.7745246 -0.1539800 10.5711174 0.0422391 0.9986523 0.0128776 -0.0272712
34.935780 -0.7758611 -0.1529607 10.5202141 0.0421990 0.9989293 0.0129380 -0.0138609
35.144150 -0.7747193 -0.1511492 10.4155340 0.0403988 0.9990270 0.0142104 0.0105365
35.248400 -0.7723328 -0.1501279 10.3619690 0.0392671 0.9989178 0.0137198 0.0208125
35.352650 -0.7685103 -0.1495116 10.3069773 0.0370334 0.9988172 0.0125222 0.0289118
35.456920 -0.7641342 -0.1486799 10.2514839 0.0345319 0.9987156 0.0119761 0.0350881
35.561270 -0.7592750 -0.1477285 10.1950626 0.0321283 0.9986405 0.0128383 0.0389868
35.769770 -0.7490687 -0.1462812 10.0801983 0.0295969 0.9986343 0.0127280 0.0411295
35.978280 -0.7386554 -0.1445895 9.9614239 0.0284900 0.9987589 0.0125800 0.0388675
36.082520 -0.7333553 -0.1438482 9.9015322 0.0277916 0.9988317 0.0129767 0.0373404
36.186650 -0.7288298 -0.1429008 9.8407087 0.0272408 0.9989119 0.0132280 0.0354692
36.395030 -0.7194882 -0.1412322 9.7179317 0.0264300 0.9990915 0.0151759 0.0297881
36.499150 -0.7159328 -0.1401927 9.6563683 0.0258989 0.9991665 0.0159060 0.0272482
36.603150 -0.7121522 -0.1395296 9.5948219 0.0256564 0.9992392 0.0159016 0.0246965
36.707280 -0.7089350 -0.1386975 9.5337563 0.0249749 0.9993228 0.0155823 0.0220777
36.915280 -0.7033871 -0.1368362 9.4096823 0.0237260 0.9994712 0.0148658 0.0165349
37.123280 -0.6991813 -0.1352194 9.2872982 0.0239322 0.9994884 0.0177631 0.0116026
37.331150 -0.6966262 -0.1331505 9.1634007 0.0248217 0.9995118 0.0173375 0.0077019
37.539030 -0.6943492 -0.1312568 9.0393820 0.0249758 0.9995583 0.0152915 0.0050473
37.746770 -0.6922821 -0.1292545 8.9134254 0.0242497 0.9995873 0.0151933 0.0025182
37.954400 -0.6911672 -0.1269135 8.7874622 0.0246460 0.9995630 0.0162677 0.0012962
38.265780 -0.6900353 -0.1241577 8.5992117 0.0263115 0.9995303 0.0156150 0.0017663
38.473280 -0.6887959 -0.1219289 8.4720793 0.0278494 0.9994925 0.0152294 0.0026856
38.680780 -0.6867653 -0.1199772 8.3446445 0.0275113 0.9994674 0.0171698 0.0036343
38.888400 -0.6840701 -0.1175519 8.2179556 0.0258521 0.9995077 0.0172632 0.0042481
38.992150 -0.6829863 -0.1164098 8.1533022 0.0249668 0.9995327 0.0170469 0.0045146
39.199650 -0.6812890 -0.1139272 8.0231390 0.0254743 0.9995477 0.0152520 0.0047751
39.407270 -0.6795479 -0.1120268 7.8926601 0.0256661 0.9995311 0.0159293 0.0050123
39.614780 -0.6767151 -0.1097218 7.7614608 0.0247507 0.9995403 0.0168211 0.0048539
39.822150 -0.6743671 -0.1076258 7.6296926 0.0254890 0.9995329 0.0161365 0.0048810
39.925900 -0.6733393 -0.1064636 7.5629287 0.0264494 0.9995056 0.0163120 0.0047814
40.029660 -0.6723217 -0.1054757 7.4973497 0.0265194 0.9994873 0.0172575 0.0048968
40.237040 -0.6706220 -0.1038650 7.3636594 0.0269720 0.9994991 0.0157540 0.0050748
40.444530 -0.6686096 -0.1017765 7.2317262 0.0265755 0.9995095 0.0157727 0.0050638
40.652040 -0.6663318 -0.0992859 7.0979180 0.0260232 0.9995257 0.0156816 0.0050291
40.755780 -0.6652425 -0.0981765 7.0309634 0.0256986 0.9995208 0.0165151 0.0049994
40.963300 -0.6628582 -0.0961080 6.8962879 0.0258012 0.9995224 0.0162891 0.0048894
41.170800 -0.6615087 -0.0940804 6.7628746 0.0262769 0.9994943 0.0172299 0.0048826
41.378300 -0.6599329 -0.0919469 6.6303453 0.0255005 0.9994923 0.0186414 0.0041559
41.585910 -0.6579611 -0.0888862 6.5014367 0.0248089 0.9995124 0.0187074 0.0030999
41.793530 -0.6569041 -0.0868006 6.3731022 0.0252783 0.9995167 0.0179481 0.0022781
42.001030 -0.6559545 -0.0842588 6.2444906 0.0254004 0.9995183 0.0177471 0.0017540
42.208530 -0.6547013 -0.0820285 6.1169209 0.0248678 0.9995257 0.0181416 0.0008936
42.416050 -0.6538479 -0.0799864 5.9891629 0.0250691 0.9994992 0.0193104 -0.0001356
42.623660 -0.6541039 -0.0781665 5.8628087 0.0247756 0.9995246 0.0182486 -0.0019375
42.831160 -0.6541652 -0.0760412 5.7361679 0.0254281 0.9994683 0.0200182 -0.0039823
43.038660 -0.6556577 -0.0733438 5.6132164 0.0259264 0.9994534 0.0196572 -0.0058547
43.349910 -0.6578576 -0.0696517 5.4311948 0.0263338 0.9993826 0.0214446 -0.0090118
43.557400 -0.6595801 -0.0675566 5.3161225 0.0271574 0.9993432 0.0215036 -0.0106441
43.764790 -0.6613364 -0.0648971 5.2052679 0.0267483 0.9993210 0.0225504 -0.0115548
44.075920 -0.6642299 -0.0619900 5.0483971 0.0271239 0.9993360 0.0215882 -0.0112188
44.179660 -0.6649504 -0.0609006 4.9979396 0.0270607 0.9993420 0.0214443 -0.0111132
44.387040 -0.6667090 -0.0585890 4.9010739 0.0266526 0.9993305 0.0226819 -0.0106644
44.490780 -0.6675808 -0.0579992 4.8543248 0.0267125 0.9993185 0.0232699 -0.0103631
44.698280 -0.6688656 -0.0559568 4.7645049 0.0264743 0.9993522 0.0222651 -0.0099336
44.905910 -0.6699075 -0.0541570 4.6795697 0.0259358 0.9993829 0.0217066 -0.0094844
45.217410 -0.6714620 -0.0518946 4.5597181 0.0263568 0.9993549 0.0227551 -0.0087896
45.425030 -0.6723202 -0.0503808 4.4851446 0.0259358 0.9993732 0.0227043 -0.0080687
45.632780 -0.6731475 -0.0488148 4.4126806 0.0278679 0.9993744 0.0203238 -0.0078097
45.944410 -0.6744062 -0.0466108 4.3083916 0.0282627 0.9993818 0.0195536 -0.0074019
46.152410 -0.6753458 -0.0458020 4.2428041 0.0294643 0.9993634 0.0187140 -0.0073856
46.360280 -0.6765149 -0.0447808 4.1776919 0.0296362 0.9993427 0.0194237 -0.0076611
46.880280 -0.6779544 -0.0419385 4.0233049 0.0320821 0.9993205 0.0158299 -0.0088720
47.192290 -0.6787534 -0.0408078 3.9324791 0.0306947 0.9993961 0.0130015 -0.0098054
47.400280 -0.6800171 -0.0401633 3.8723588 0.0327657 0.9992979 0.0150712 -0.0101519
47.608410 -0.6803092 -0.0399702 3.8136334 0.0277982 0.9994616 0.0138604 -0.0105694
47.816410 -0.6810707 -0.0391109 3.7544198 0.0283071 0.9995163 0.0076798 -0.0103360
48.024410 -0.6815136 -0.0390606 3.6942077 0.0240531 0.9996316 0.0076576 -0.0099758
48.232410 -0.6819408 -0.0382697 3.6309180 0.0218336 0.9996649 0.0108375 -0.0087161
48.440410 -0.6827860 -0.0378487 3.5666893 0.0217849 0.9996868 0.0107486 -0.0060191
48.648410 -0.6825434 -0.0368744 3.5006936 0.0202278 0.9997398 0.0101625 -0.0028139
48.856410 -0.6821023 -0.0360357 3.4311662 0.0197679 0.9997033 0.0142167 0.0005880
49.064530 -0.6814167 -0.0348637 3.3585958 0.0211310 0.9996462 0.0156012 0.0041939
49.272540 -0.6800730 -0.0329347 3.2832382 0.0226308 0.9996177 0.0136061 0.0081946
49.480540 -0.6782675 -0.0317910 3.2057967 0.0245384 0.9995320 0.0136227 0.0121625
49.688540 -0.6752708 -0.0299670 3.1255984 0.0257381 0.9994165 0.0154528 0.0162933
49.896540 -0.6722375 -0.0284926 3.0418591 0.0279878 0.9992923 0.0141924 0.0207407
50.104550 -0.6678410 -0.0272229 2.9559946 0.0288785 0.9992061 0.0118942 0.0247339
50.312540 -0.6624674 -0.0260281 2.8670828 0.0292181 0.9991429 0.0116014 0.0269300
50.520540 -0.6566424 -0.0249616 2.7755594 0.0282935 0.9991892 0.0086182 0.0273156
50.728660 -0.6516873 -0.0239941 2.6803215 0.0300193 0.9991405 0.0091948 0.0270661
50.936790 -0.6455352 -0.0229408 2.5827482 0.0302074 0.9991010 0.0132076 0.0266516
51.144790 -0.6402246 -0.0211177 2.4824462 0.0291113 0.9991661 0.0112245 0.0263390
51.352790 -0.6341072 -0.0204365 2.3795605 0.0286596 0.9991933 0.0110861 0.0258579
51.560790 -0.6285081 -0.0188845 2.2740667 0.0291330 0.9991866 0.0123143 0.0250163
51.768790 -0.6223537 -0.0175624 2.1663301 0.0285554 0.9992432 0.0125242 0.0232530
51.976790 -0.6170678 -0.0156894 2.0549464 0.0269282 0.9993486 0.0116264 0.0210232
52.080790 -0.6147784 -0.0148345 1.9989178 0.0274454 0.9994065 0.0069492 0.0196237
52.184660 -0.6122776 -0.0146209 1.9426508 0.0277174 0.9994289 0.0058121 0.0184377
52.392670 -0.6083536 -0.0134179 1.8282036 0.0280158 0.9994019 0.0124248 0.0160175
52.600670 -0.6047347 -0.0118529 1.7109523 0.0263604 0.9994864 0.0118189 0.0138679
52.808540 -0.6017422 -0.0104204 1.5938067 0.0264690 0.9995148 0.0113750 0.0118401
52.912410 -0.6003298 -0.0094418 1.5343622 0.0274708 0.9994988 0.0114045 0.0108316
53.016420 -0.5990681 -0.0085216 1.4740084 0.0273963 0.9994999 0.0122057 0.0100168
53.120310 -0.5976798 -0.0076861 1.4130068 0.0268887 0.9995117 0.0131075 0.0090361
53.224160 -0.5965989 -0.0075009 1.3532305 0.0263810 0.9995067 0.0150047 0.0080846
53.328040 -0.5951933 -0.0066628 1.2948751 0.0257229 0.9995067 0.0166244 0.0069553
53.535790 -0.5936107 -0.0048621 1.1767652 0.0261533 0.9995090 0.0162614 0.0057674
53.639670 -0.5925947 -0.0043189 1.1176523 0.0262426 0.9995158 0.0159056 0.0051504
53.847310 -0.5906102 -0.0027051 1.0005615 0.0256065 0.9995269 0.0164591 0.0043939
53.951170 -0.5894955 -0.0019460 0.9431823 0.0254652 0.9995400 0.0160157 0.0038402
54.054920 -0.5885910 -0.0011159 0.8865498 0.0256284 0.9995543 0.0149054 0.0034978
54.158790 -0.5875965 -0.0003255 0.8283253 0.0259937 0.9995362 0.0155676 0.0030732
54.366290 -0.5864309 0.0016781 0.7121632 0.0262303 0.9994745 0.0187955 0.0030815
54.573910 -0.5846902 0.0040034 0.5985783 0.0260217 0.9995157 0.0166768 0.0036276
54.677690 -0.5841539 0.0049604 0.5416175 0.0256541 0.9995500 0.0149339 0.0043259
54.885290 -0.5825315 0.0062394 0.4275838 0.0250044 0.9995567 0.0153627 0.0050254
54.989170 -0.5818227 0.0070867 0.3704473 0.0255786 0.9995167 0.0168195 0.0053993
55.092920 -0.5808809 0.0080662 0.3140852 0.0251679 0.9994973 0.0184067 0.0057424
55.196790 -0.5800398 0.0088190 0.2583239 0.0246313 0.9995110 0.0183257 0.0059314
55.300540 -0.5787277 0.0097318 0.2024246 0.0241320 0.9995630 0.0161218 0.0056055
55.404410 -0.5780884 0.0105876 0.1475071 0.0241293 0.9995875 0.0145526 0.0055493
55.508190 -0.5770460 0.0113553 0.0923648 0.0246500 0.9995757 0.0146162 0.0052165
55.611910 -0.5766891 0.0120194 0.0371538 0.0251354 0.9995412 0.0160780 0.0052084
55.715790 -0.5758081 0.0128268 -0.0177369 0.0252324 0.9995309 0.0166129 0.0050441
55.819540 -0.5750021 0.0135101 -0.0726781 0.0245546 0.9995579 0.0160922 0.0047030
55.923300 -0.5740479 0.0144117 -0.1276211 0.0234071 0.9995949 0.0155891 0.0043611
56.027170 -0.5731108 0.0151822 -0.1832079 0.0230463 0.9996108 0.0151637 0.0041332
56.130920 -0.5726332 0.0155549 -0.2374429 0.0234937 0.9996063 0.0147966 0.0040577
56.234670 -0.5720898 0.0160362 -0.2923101 0.0246436 0.9995769 0.0149160 0.0040216
56.442290 -0.5706493 0.0172717 -0.4009987 0.0257645 0.9995348 0.0158808 0.0037555
56.546040 -0.5701968 0.0182492 -0.4548530 0.0260079 0.9995396 0.0151472 0.0038595
56.649810 -0.5695344 0.0187599 -0.5087984 0.0250745 0.9995637 0.0151475 0.0037719
56.753550 -0.5685714 0.0192638 -0.5625874 0.0240355 0.9995902 0.0151641 0.0034336
56.857290 -0.5681756 0.0199242 -0.6155230 0.0234245 0.9996046 0.0151556 0.0035047
57.064790 -0.5666091 0.0215327 -0.7213352 0.0237446 0.9995880 0.0158267 0.0030911
57.272300 -0.5651131 0.0225379 -0.8267530 0.0244631 0.9995590 0.0166096 0.0027181
57.479920 -0.5641453 0.0237490 -0.9318599 0.0230770 0.9996438 0.0131626 0.0025350
57.687420 -0.5628254 0.0243864 -1.0350776 0.0195621 0.9997150 0.0134079 0.0027438
57.894920 -0.5617971 0.0253341 -1.1384705 0.0197049 0.9996791 0.0156295 0.0030072
58.102420 -0.5607010 0.0272496 -1.2421212 0.0241264 0.9995545 0.0173068 0.0030306
58.310040 -0.5599915 0.0284105 -1.3453977 0.0255301 0.9995443 0.0157843 0.0032250
58.517550 -0.5584403 0.0301807 -1.4497176 0.0235705 0.9996187 0.0141093 0.0027895
58.725190 -0.5571324 0.0311481 -1.5534668 0.0225602 0.9996417 0.0141830 0.0025302
58.932820 -0.5561174 0.0324821 -1.6575038 0.0224140 0.9996592 0.0131604 0.0024432
59.036550 -0.5557189 0.0330969 -1.7096078 0.0222520 0.9996600 0.0133864 0.0023627
59.244170 -0.5541700 0.0340652 -1.8141909 0.0205865 0.9996961 0.0134357 0.0018636
59.451800 -0.5523671 0.0359174 -1.9177446 0.0182280 0.9997308 0.0142835 0.0014197
59.659420 -0.5516872 0.0370061 -2.0229845 0.0176826 0.9997630 0.0126162 0.0014974
59.866920 -0.5504894 0.0378558 -2.1285548 0.0172703 0.9997786 0.0118863 0.0017732
59.970800 -0.5497535 0.0386486 -2.1796405 0.0163543 0.9998158 0.0098774 0.0018536
60.178320 -0.5484325 0.0388025 -2.2829711 0.0167996 0.9998007 0.0106199 0.0018809
60.385920 -0.5478143 0.0395193 -2.3880353 0.0191474 0.9997573 0.0105787 0.0026209
60.593420 -0.5462772 0.0401554 -2.4933169 0.0187119 0.9997757 0.0095702 0.0026129
60.801050 -0.5446442 0.0403988 -2.5988128 0.0181605 0.9997551 0.0122978 0.0029353
61.008550 -0.5432723 0.0416149 -2.7031653 0.0200819 0.9997242 0.0116882 0.0034058
61.216170 -0.5421286 0.0425803 -2.8082974 0.0217650 0.9996791 0.0123575 0.0039023
61.423670 -0.5406636 0.0430713 -2.9116242 0.0237421 0.9996287 0.0127456 0.0040518
61.631300 -0.5393969 0.0436857 -3.0146394 0.0257009 0.9995636 0.0138991 0.0043393
61.838800 -0.5381521 0.0442027 -3.1170297 0.0277124 0.9995562 0.0098691 0.0046955
62.046420 -0.5362551 0.0443145 -3.2198396 0.0280773 0.9995382 0.0106758 0.0045814
62.253920 -0.5348700 0.0446081 -3.3221557 0.0275941 0.9995505 0.0107502 0.0046792
62.357670 -0.5340709 0.0450560 -3.3740399 0.0276793 0.9995490 0.0106507 0.0047037
62.461550 -0.5331281 0.0450151 -3.4250367 0.0273243 0.9995541 0.0111305 0.0045946
62.565300 -0.5324920 0.0451593 -3.4760907 0.0276734 0.9995573 0.0100487 0.0042995
62.772920 -0.5309570 0.0457194 -3.5782099 0.0270153 0.9995778 0.0101759 0.0032953
62.980550 -0.5296028 0.0462039 -3.6805062 0.0278274 0.9995657 0.0093901 0.0024196
63.188170 -0.5285818 0.0461418 -3.7822199 0.0275046 0.9995720 0.0098384 0.0015502
63.395800 -0.5273558 0.0461053 -3.8831983 0.0264288 0.9995951 0.0105270 0.0005944
63.603430 -0.5267734 0.0463779 -3.9837399 0.0261441 0.9996031 0.0104949 0.0000617
63.811050 -0.5261813 0.0466573 -4.0840535 0.0270332 0.9995969 0.0086765 0.0001929
64.018680 -0.5255714 0.0463829 -4.1840553 0.0277321 0.9995736 0.0091184 0.0005370
64.226180 -0.5250385 0.0463430 -4.2830400 0.0290107 0.9995146 0.0112745 0.0013918
64.330050 -0.5245022 0.0465748 -4.3321843 0.0293013 0.9995077 0.0110352 0.0019772
64.433800 -0.5240102 0.0467102 -4.3812327 0.0291333 0.9995311 0.0091293 0.0023446
64.641430 -0.5232855 0.0463918 -4.4792171 0.0277791 0.9995713 0.0088560 0.0026853
64.849050 -0.5228406 0.0470638 -4.5775275 0.0279872 0.9995316 0.0120215 0.0029555
65.056690 -0.5215111 0.0477729 -4.6739182 0.0281470 0.9995393 0.0110696 0.0025386
65.264300 -0.5205801 0.0477882 -4.7697659 0.0273905 0.9995761 0.0097299 0.0016402
65.471930 -0.5198829 0.0479415 -4.8652945 0.0269155 0.9995778 0.0108969 0.0009679
65.679420 -0.5194184 0.0480622 -4.9604707 0.0268958 0.9995891 0.0099037 0.0003642
65.886930 -0.5189030 0.0484643 -5.0548420 0.0270542 0.9995734 0.0109960 -0.0003500
66.094550 -0.5185015 0.0486098 -5.1485996 0.0270424 0.9995729 0.0109996 -0.0012917
66.302080 -0.5191215 0.0491334 -5.2420249 0.0267740 0.9995815 0.0107989 -0.0018281
66.509680 -0.5188426 0.0495311 -5.3349919 0.0265343 0.9995891 0.0105427 -0.0025479
66.717300 -0.5191144 0.0494827 -5.4266992 0.0268120 0.9995944 0.0090778 -0.0031113
67.028680 -0.5196904 0.0495997 -5.5636883 0.0272675 0.9995681 0.0104890 -0.0031767
67.236300 -0.5195884 0.0498123 -5.6541843 0.0271647 0.9995730 0.0102450 -0.0033084
67.443820 -0.5198240 0.0499028 -5.7436423 0.0276529 0.9995527 0.0110390 -0.0028150
67.651550 -0.5194113 0.0507022 -5.8336744 0.0275007 0.9995564 0.0110448 -0.0029422
67.859060 -0.5199102 0.0506105 -5.9219584 0.0272959 0.9995630 0.0109944 -0.0028118
68.066810 -0.5193470 0.0510758 -6.0084333 0.0265648 0.9995796 0.0108808 -0.0040587
68.170550 -0.5196851 0.0510433 -6.0511599 0.0258304 0.9995899 0.0114802 -0.0045808
68.378180 -0.5197597 0.0508927 -6.1360340 0.0247879 0.9996083 0.0114438 -0.0061582
68.585930 -0.5208870 0.0512318 -6.2188334 0.0254401 0.9995993 0.0103883 -0.0067914
68.793560 -0.5217025 0.0514928 -6.3006868 0.0262807 0.9995575 0.0122272 -0.0066807
69.001180 -0.5225630 0.0515507 -6.3799734 0.0282380 0.9995031 0.0123738 -0.0065593
69.208930 -0.5235405 0.0519765 -6.4549603 0.0274028 0.9995002 0.0141826 -0.0068757
69.416810 -0.5242125 0.0527560 -6.5278187 0.0264725 0.9995250 0.0133204 -0.0084645
69.728440 -0.5252731 0.0530740 -6.6299181 0.0275830 0.9994716 0.0138602 -0.0101782
70.143930 -0.5262020 0.0532998 -6.7489634 0.0329927 0.9993767 0.0125612 0.0000885
70.558570 -0.5193599 0.0534660 -6.8505640 0.0344055 0.9981321 0.0158611 0.0479277
71.076680 -0.4952908 0.0527836 -6.9479861 0.0364605 0.9881613 0.0109293 0.1486219
71.387680 -0.4705071 0.0509456 -6.9953728 0.0372759 0.9720055 0.0096927 0.2317800
71.906200 -0.4137092 0.0473634 -7.0587049 0.0348336 0.9203322 0.0091505 0.3894760
72.113680 -0.3853235 0.0464131 -7.0776768 0.0312590 0.8898361 0.0090203 0.4551189
72.321310 -0.3546371 0.0450097 -7.0917196 0.0278419 0.8554842 0.0073457 0.5170278
72.529060 -0.3224483 0.0433295 -7.1017733 0.0278858 0.8169524 0.0062311 0.5759968
72.632930 -0.3052994 0.0425885 -7.1045375 0.0282730 0.7965418 0.0046173 0.6039044
72.840820 -0.2708736 0.0406708 -7.1064868 0.0254656 0.7527551 0.0023791 0.6578036
73.048810 -0.2349431 0.0390993 -7.1048012 0.0198238 0.7042019 0.0080035 0.7096778
73.256690 -0.1972393 0.0377837 -7.0973177 0.0108107 0.6518317 0.0139225 0.7581588
73.360680 -0.1790305 0.0368581 -7.0911307 0.0061875 0.6241851 0.0153323 0.7811015
73.464560 -0.1604059 0.0366553 -7.0838337 0.0046970 0.5952966 0.0162543 0.8033279
73.568560 -0.1416926 0.0366673 -7.0751042 0.0039818 0.5654392 0.0169544 0.8246061
73.672580 -0.1234565 0.0367741 -7.0645390 0.0026584 0.5352243 0.0187168 0.8444984
73.776440 -0.1049144 0.0369673 -7.0525570 0.0006574 0.5040707 0.0206027 0.8634164
73.984440 -0.0694532 0.0367948 -7.0231915 -0.0025181 0.4408450 0.0217656 0.8973158
74.192560 -0.0360553 0.0369958 -6.9870811 -0.0006844 0.3788579 0.0209403 0.9252177
74.400680 -0.0038493 0.0374076 -6.9442701 0.0019238 0.3180601 0.0219335 0.9478148
74.608810 0.0241635 0.0368798 -6.8942971 -0.0005961 0.2557910 0.0217714 0.9664868
74.816930 0.0465240 0.0363582 -6.8383265 -0.0020223 0.1926611 0.0223607 0.9810085
75.025200 0.0629886 0.0362531 -6.7744327 -0.0024562 0.1377688 0.0183325 0.9902917
75.233810 0.0754431 0.0359560 -6.7056155 -0.0018072 0.0937185 0.0130813 0.9955112
75.442560 0.0846905 0.0360170 -6.6307468 -0.0027581 0.0583470 0.0132098 0.9982051
75.651310 0.0887459 0.0355649 -6.5509720 -0.0032943 0.0301273 0.0110236 0.9994798
75.860220 0.0893713 0.0354774 -6.4676528 -0.0022951 0.0115371 0.0058132 0.9999139
76.069190 0.0890576 0.0358731 -6.3798957 -0.0013227 0.0050112 0.0017503 0.9999850
76.278060 0.0892291 0.0351006 -6.2888384 -0.0024731 0.0040254 0.0020834 0.9999866
76.486810 0.0899651 0.0350555 -6.1940961 -0.0026259 0.0021118 0.0030569 0.9999896
76.695310 0.0894763 0.0350528 -6.0956383 -0.0029335 0.0000052 0.0028663 0.9999916
76.903560 0.0887566 0.0348815 -5.9932494 -0.0045860 -0.0019347 0.0033710 0.9999819
77.111810 0.0871758 0.0348110 -5.8876104 -0.0033105 -0.0030823 0.0035073 0.9999836
77.320060 0.0859908 0.0352054 -5.7783523 -0.0028826 -0.0039573 0.0032136 0.9999828
77.528190 0.0844931 0.0349617 -5.6664085 -0.0019511 -0.0040381 0.0029727 0.9999855
77.736190 0.0824890 0.0347666 -5.5516567 -0.0023066 -0.0029119 0.0024666 0.9999900
77.944210 0.0815457 0.0340488 -5.4346037 0.0005048 -0.0012016 0.0019946 0.9999971
78.152070 0.0805337 0.0326509 -5.3153601 0.0019798 0.0005004 0.0026703 0.9999943
78.255940 0.0801754 0.0319871 -5.2543073 0.0015169 0.0005616 0.0034052 0.9999929
78.463690 0.0801181 0.0301858 -5.1300139 0.0029375 -0.0009299 0.0038421 0.9999878
78.567580 0.0793410 0.0288518 -5.0670767 0.0034856 -0.0020196 0.0040855 0.9999835
78.671320 0.0784808 0.0281111 -5.0024815 0.0031974 -0.0035083 0.0038904 0.9999812
78.775190 0.0778332 0.0271201 -4.9380794 0.0022791 -0.0047423 0.0043103 0.9999769
78.879060 0.0768071 0.0256178 -4.8732510 0.0022615 -0.0054772 0.0035897 0.9999760
78.982940 0.0759286 0.0248613 -4.8076510 0.0025951 -0.0061414 0.0040735 0.9999695
79.086810 0.0745532 0.0235842 -4.7419033 0.0030570 -0.0066034 0.0045483 0.9999632
79.190690 0.0730862 0.0225780 -4.6752586 0.0036092 -0.0069747 0.0043977 0.9999595
79.294440 0.0716260 0.0215730 -4.6084991 0.0034635 -0.0074248 0.0034425 0.9999605
79.398310 0.0703912 0.0203059 -4.5397892 0.0030509 -0.0074328 0.0037467 0.9999607
79.502200 0.0686404 0.0194841 -4.4716964 0.0015021 -0.0070945 0.0028480 0.9999697
79.606060 0.0676870 0.0185557 -4.4021354 0.0007808 -0.0070243 0.0030995 0.9999702
79.813820 0.0647275 0.0176270 -4.2631087 -0.0036574 -0.0064014 0.0026861 0.9999692
80.021460 0.0615443 0.0175861 -4.1231694 -0.0078024 -0.0059713 0.0017896 0.9999501
80.228940 0.0599856 0.0181926 -3.9846625 -0.0086450 -0.0063261 0.0010627 0.9999421
80.332810 0.0590788 0.0175648 -3.9164703 -0.0078227 -0.0064329 0.0010731 0.9999481
80.540440 0.0560321 0.0172672 -3.7773817 -0.0066530 -0.0053335 0.0021455 0.9999613
80.644320 0.0554152 0.0170440 -3.7082040 -0.0077341 -0.0049561 0.0020382 0.9999557
80.851960 0.0539177 0.0165689 -3.5721903 -0.0069518 -0.0043181 0.0025611 0.9999632
81.059440 0.0514170 0.0159316 -3.4367642 -0.0079970 -0.0034601 0.0032306 0.9999568
81.163210 0.0508082 0.0163193 -3.3686776 -0.0089448 -0.0033155 0.0034297 0.9999486
81.370700 0.0490561 0.0161046 -3.2335541 -0.0091280 -0.0034655 0.0040342 0.9999442
81.682070 0.0460058 0.0157459 -3.0315576 -0.0064872 -0.0041311 0.0011893 0.9999697
81.785940 0.0447523 0.0153617 -2.9642451 -0.0071233 -0.0042056 0.0005551 0.9999656
81.993440 0.0426066 0.0146237 -2.8303344 -0.0066467 -0.0047113 0.0024788 0.9999638
82.201070 0.0401007 0.0144986 -2.6961386 -0.0068458 -0.0052856 0.0033825 0.9999569
82.408570 0.0390166 0.0135723 -2.5621722 -0.0054615 -0.0070345 0.0037529 0.9999533
82.616210 0.0365185 0.0134371 -2.4292569 -0.0078189 -0.0083566 0.0040210 0.9999264
82.927570 0.0316813 0.0121145 -2.2327421 -0.0074873 -0.0086386 0.0028060 0.9999307
83.031440 0.0305077 0.0122342 -2.1667926 -0.0070674 -0.0087472 0.0025719 0.9999335
83.238940 0.0282802 0.0111992 -2.0372493 -0.0069345 -0.0086270 0.0033941 0.9999330
83.446570 0.0259338 0.0104590 -1.9082086 -0.0070750 -0.0081739 0.0044983 0.9999315
83.654320 0.0238150 0.0098945 -1.7811486 -0.0079053 -0.0076027 0.0048530 0.9999281
83.862070 0.0204009 0.0102660 -1.6532526 -0.0057619 -0.0062731 0.0044491 0.9999538
84.069850 0.0157620 0.0101909 -1.5276997 -0.0064730 -0.0045929 0.0027204 0.9999648
84.381590 0.0131490 0.0099422 -1.3456367 -0.0061813 -0.0029628 0.0013994 0.9999755
84.797070 0.0105346 0.0080612 -1.0994486 -0.0039222 0.0002595 0.0013397 0.9999914
85.004820 0.0093276 0.0067556 -0.9784205 0.0000210 0.0018602 -0.0003743 0.9999982
85.316330 0.0112653 0.0036073 -0.8007964 -0.0004700 0.0020858 0.0004997 0.9999976
85.523960 0.0142294 0.0009707 -0.6839786 -0.0017878 0.0009690 0.0015098 0.9999968
85.835320 0.0094939 -0.0008166 -0.5147873 -0.0006231 0.0018935 0.0014130 0.9999970
86.042820 0.0082348 -0.0024530 -0.4015293 -0.0013042 0.0010464 0.0009876 0.9999981
86.250460 0.0086021 -0.0049957 -0.2896904 -0.0011214 -0.0006365 0.0019305 0.9999973
86.458070 0.0063450 -0.0063409 -0.1750750 0.0004962 0.0000315 0.0018147 0.9999982
86.665690 0.0046319 -0.0085169 -0.0510762 -0.0002300 0.0000014 0.0011413 0.9999993
86.873200 0.0039452 -0.0111780 0.0733305 -0.0002461 -0.0003255 0.0005468 0.9999998
91.647600 -0.0186299 -0.0494734 2.7744260 -0.0057926 -0.0099220 0.0021018 0.9999318
91.855080 -0.0206051 -0.0499568 2.8816869 -0.0065608 -0.0109115 0.0024130 0.9999160
94.969330 -0.0323669 -0.0667155 4.2481894 0.0029608 -0.0047001 0.0053813 0.9999701
96.736830 -0.0516949 -0.0776033 4.9645915 0.0019248 0.0141891 -0.0057844 0.9998807
97.048710 -0.0466568 -0.0800718 5.0984278 0.0007165 0.0248779 -0.0054058 0.9996756
97.360580 -0.0398193 -0.0817559 5.2351513 -0.0000350 0.0318340 -0.0087584 0.9994548
97.672210 -0.0310605 -0.0836065 5.3739061 0.0014940 0.0339229 -0.0071016 0.9993981
97.983580 -0.0213903 -0.0854449 5.5162201 -0.0004312 0.0303723 -0.0004605 0.9995385
98.294840 -0.0135751 -0.0866451 5.6619906 -0.0008681 0.0211181 0.0060101 0.9997585
98.606200 -0.0092426 -0.0882522 5.8101430 -0.0019229 0.0119681 0.0075391 0.9998981
100.578200 -0.0211115 -0.1049262 6.7912402 0.0024230 -0.0099336 0.0003118 0.9999477
100.785700 -0.0235414 -0.1073742 6.8946586 0.0005886 -0.0096218 0.0001461 0.9999535
100.993300 -0.0262704 -0.1092093 6.9978285 0.0002608 -0.0088209 -0.0007752 0.9999608
101.304700 -0.0295863 -0.1122294 7.1518345 0.0014217 -0.0068826 -0.0012464 0.9999745
106.807100 -0.0656683 -0.1557022 9.3438892 0.0004902 -0.0046069 0.0008077 0.9999889
107.327000 -0.0659939 -0.1581923 9.4738865 -0.0012388 0.0034411 0.0010827 0.9999927
107.742800 -0.0654907 -0.1601746 9.5765400 0.0035212 0.0043733 0.0011332 0.9999836
111.486700 -0.0422595 -0.1817079 10.6169052 0.0041617 0.0145190 -0.0000811 0.9998859
111.902600 -0.0403503 -0.1847054 10.7427282 0.0015613 0.0099674 -0.0007880 0.9999488
112.214600 -0.0395717 -0.1867439 10.8354759 0.0017600 0.0076560 -0.0001591 0.9999691
112.734600 -0.0392816 -0.1899708 10.9810963 0.0024056 0.0053833 -0.0027920 0.9999787
113.150600 -0.0393060 -0.1929871 11.0897150 0.0057395 0.0057675 -0.0068958 0.9999431
113.462600 -0.0389709 -0.1952710 11.1686401 0.0068094 0.0079580 -0.0092289 0.9999025
113.774600 -0.0379534 -0.1975016 11.2459822 0.0042049 0.0087387 -0.0086394 0.9999157
114.086300 -0.0370349 -0.1993903 11.3229933 0.0020311 0.0067010 -0.0069677 0.9999512
