0.000000 0.0000000 0.0000000 0.0000000 0.0000000 0.0000000 0.0000000 1.0000000
0.414483 0.0016374 -0.0004874 0.0565928 0.0010242 0.0092794 0.0045170 0.9999462
0.518120 0.0016362 -0.0006900 0.0714404 0.0016474 0.0059655 0.0057741 0.9999642
0.725215 0.0004402 -0.0009552 0.1022516 0.0027959 -0.0084029 0.0062380 0.9999413
0.828918 -0.0009595 -0.0013778 0.1183229 0.0026185 -0.0180869 0.0038863 0.9998254
0.932502 -0.0027804 -0.0016155 0.1346701 0.0032731 -0.0280460 0.0021439 0.9995990
1.036104 -0.0046231 -0.0018146 0.1516588 0.0035000 -0.0382083 0.0019981 0.9992617
1.347350 -0.0126960 -0.0025153 0.2057080 0.0023195 -0.0676560 0.0029689 0.9977016
1.451124 -0.0164184 -0.0027904 0.2247470 0.0020575 -0.0754473 0.0023930 0.9971448
1.555101 -0.0201290 -0.0032509 0.2442089 0.0020361 -0.0822722 0.0020500 0.9966057
1.762893 -0.0282505 -0.0039391 0.2855124 0.0033337 -0.0933260 0.0046810 0.9956190
1.867090 -0.0325670 -0.0042260 0.3073657 0.0043682 -0.0974265 0.0040867 0.9952248
2.076388 -0.0425900 -0.0049568 0.3525372 0.0065688 -0.1054191 0.0042226 0.9943972
2.179116 -0.0482305 -0.0053683 0.3760920 0.0073008 -0.1092664 0.0056770 0.9939695
2.387073 -0.0593956 -0.0067370 0.4246472 0.0087478 -0.1178517 0.0090822 0.9929512
2.595229 -0.0735384 -0.0080678 0.4750701 0.0127967 -0.1266970 0.0051347 0.9918456
2.803189 -0.0880590 -0.0098527 0.5282564 0.0145580 -0.1355873 0.0075543 0.9906296
3.011247 -0.1052259 -0.0121756 0.5831967 0.0177981 -0.1436065 0.0060021 0.9894566
3.219570 -0.1229663 -0.0151945 0.6399458 0.0239815 -0.1506821 0.0063967 0.9882706
3.427467 -0.1426328 -0.0188140 0.6985287 0.0326956 -0.1547794 0.0051530 0.9873945
3.635476 -0.1637460 -0.0235305 0.7596006 0.0411849 -0.1590854 0.0029047 0.9864011
3.843522 -0.1863100 -0.0292839 0.8224726 0.0481426 -0.1641735 -0.0001025 0.9852560
4.051384 -0.2103207 -0.0361581 0.8857750 0.0529293 -0.1689777 -0.0035469 0.9841913
4.259272 -0.2352479 -0.0433766 0.9521592 0.0535091 -0.1747224 -0.0042973 0.9831533
4.467802 -0.2613434 -0.0510911 1.0179433 0.0517721 -0.1813850 -0.0045156 0.9820381
4.676366 -0.2890170 -0.0585183 1.0851141 0.0475374 -0.1900721 -0.0054735 0.9806033
4.882642 -0.3191028 -0.0657834 1.1536713 0.0435327 -0.1990354 -0.0086796 0.9789864
5.090371 -0.3502606 -0.0723648 1.2216339 0.0424829 -0.2085813 -0.0092407 0.9770382
5.298151 -0.3835362 -0.0788314 1.2918251 0.0413064 -0.2177178 -0.0101293 0.9750847
5.505885 -0.4190080 -0.0852253 1.3641908 0.0378219 -0.2264791 -0.0090750 0.9732391
5.713619 -0.4573013 -0.0908750 1.4375411 0.0330589 -0.2345549 -0.0094909 0.9714942
5.921350 -0.4974001 -0.0965582 1.5122362 0.0316814 -0.2418932 -0.0089976 0.9697438
6.129103 -0.5408275 -0.1016923 1.5891842 0.0299501 -0.2479531 -0.0080042 0.9682759
6.336918 -0.5853587 -0.1072337 1.6690540 0.0296643 -0.2529494 -0.0063893 0.9670035
6.545512 -0.6327695 -0.1130011 1.7496859 0.0296249 -0.2544930 -0.0070762 0.9665948
6.752638 -0.6804983 -0.1187774 1.8322184 0.0281797 -0.2548927 -0.0061789 0.9665389
6.960403 -0.7297199 -0.1243544 1.9174852 0.0280532 -0.2566716 -0.0036893 0.9660844
7.168161 -0.7804618 -0.1299613 2.0035391 0.0250555 -0.2601966 -0.0032502 0.9652250
7.375748 -0.8317738 -0.1357042 2.0896180 0.0214420 -0.2667495 -0.0017373 0.9635258
7.583886 -0.8843393 -0.1419961 2.1737199 0.0234197 -0.2771375 0.0009673 0.9605443
7.790766 -0.9407384 -0.1471307 2.2580366 0.0210738 -0.2875676 -0.0005795 0.9575283
7.998481 -0.9978905 -0.1519836 2.3406019 0.0204144 -0.2952382 -0.0031381 0.9552004
8.206229 -1.0560077 -0.1567390 2.4224582 0.0262286 -0.3007521 -0.0022904 0.9533389
8.413979 -1.1145401 -0.1630686 2.5028768 0.0249423 -0.3060538 -0.0027208 0.9516835
8.621720 -1.1752646 -0.1677619 2.5849521 0.0214438 -0.3109664 -0.0040532 0.9501703
8.829907 -1.2363267 -0.1729259 2.6654396 0.0226630 -0.3163043 -0.0041702 0.9483779
9.038033 -1.2982169 -0.1786959 2.7458048 0.0235085 -0.3228294 -0.0023711 0.9461622
9.244879 -1.3626385 -0.1839036 2.8263030 0.0229324 -0.3299745 -0.0026689 0.9437075
9.452542 -1.4278705 -0.1896251 2.9052305 0.0234486 -0.3380499 -0.0013036 0.9408351
9.659968 -1.4944730 -0.1952293 2.9833522 0.0240704 -0.3463134 0.0001249 0.9378100
9.764859 -1.5284848 -0.1979532 3.0222652 0.0245302 -0.3507549 0.0007946 0.9361456
9.971133 -1.5965645 -0.2042808 3.0990777 0.0230996 -0.3596632 0.0017144 0.9327946
10.074930 -1.6330667 -0.2067003 3.1375952 0.0228193 -0.3639537 0.0020560 0.9311352
10.282360 -1.7049707 -0.2128772 3.2138677 0.0233822 -0.3731143 0.0038589 0.9274827
10.489860 -1.7806064 -0.2184003 3.2892215 0.0236260 -0.3804905 0.0026320 0.9244792
10.697400 -1.8574322 -0.2246362 3.3637712 0.0240197 -0.3870464 0.0027573 0.9217432
10.904980 -1.9358096 -0.2308236 3.4373851 0.0265803 -0.3933637 0.0037846 0.9189908
11.112480 -2.0158029 -0.2375340 3.5107760 0.0262363 -0.3995463 0.0035715 0.9163305
11.320040 -2.0967441 -0.2439081 3.5837736 0.0260500 -0.4058287 0.0039527 0.9135693
11.527650 -2.1782303 -0.2506939 3.6554396 0.0253769 -0.4114547 0.0053050 0.9110614
11.735130 -2.2624152 -0.2571492 3.7282009 0.0249583 -0.4162245 0.0077679 0.9088861
11.942960 -2.3460164 -0.2642262 3.7985098 0.0257139 -0.4214770 0.0117333 0.9063985
12.253600 -2.4759865 -0.2751788 3.9037817 0.0224751 -0.4352030 0.0176117 0.8998795
12.460990 -2.5650482 -0.2823814 3.9718306 0.0211219 -0.4454864 0.0170824 0.8948765
12.875730 -2.7494359 -0.2973122 4.1003628 0.0215095 -0.4664495 0.0200116 0.8840598
13.083110 -2.8450477 -0.3049222 4.1632199 0.0207188 -0.4774892 0.0207072 0.8781492
13.290730 -2.9429684 -0.3127473 4.2239051 0.0218309 -0.4880576 0.0207910 0.8722906
13.498010 -3.0409575 -0.3209094 4.2814121 0.0229861 -0.4977973 0.0202995 0.8667511
13.705510 -3.1409984 -0.3284126 4.3376036 0.0211517 -0.5062927 0.0192419 0.8618875
13.912900 -3.2428169 -0.3362637 4.3923960 0.0215064 -0.5136925 0.0210316 0.8574469
14.016650 -3.2942967 -0.3404638 4.4194984 0.0216372 -0.5170258 0.0229932 0.8553873
14.120270 -3.3449314 -0.3448210 4.4458933 0.0222525 -0.5200335 0.0240197 0.8535181
14.224500 -3.3964038 -0.3491820 4.4719744 0.0230225 -0.5225440 0.0257306 0.8519129
14.327630 -3.4480882 -0.3537878 4.4974041 0.0219935 -0.5245230 0.0268780 0.8506877
14.538380 -3.5515025 -0.3628936 4.5492744 0.0172724 -0.5286005 0.0270580 0.8482636
14.638630 -3.6034546 -0.3667980 4.5738878 0.0166796 -0.5299752 0.0271303 0.8474149
14.846120 -3.7069368 -0.3752953 4.6230736 0.0143445 -0.5324696 0.0278586 0.8458689
15.053740 -3.8095968 -0.3826143 4.6712151 0.0124084 -0.5344840 0.0293919 0.8445762
15.261240 -3.9105036 -0.3897828 4.7179327 0.0098172 -0.5363463 0.0308221 0.8433779
15.365030 -3.9598784 -0.3931486 4.7412906 0.0085540 -0.5374547 0.0313353 0.8426669
15.572680 -4.0565958 -0.4000894 4.7860880 0.0077085 -0.5388591 0.0336652 0.8416877
15.780370 -4.1512084 -0.4073497 4.8289404 0.0091077 -0.5386671 0.0337381 0.8417937
15.988000 -4.2436156 -0.4142303 4.8714981 0.0110053 -0.5356606 0.0324890 0.8437364
16.195700 -4.3333864 -0.4209785 4.9144602 0.0120587 -0.5307617 0.0322882 0.8468199
16.403370 -4.4209690 -0.4278415 4.9580050 0.0123844 -0.5238810 0.0303060 0.8511621
16.611110 -4.5072956 -0.4345092 5.0024748 0.0126090 -0.5150760 0.0294724 0.8565449
16.818850 -4.5909090 -0.4409398 5.0491018 0.0151307 -0.5056893 0.0294566 0.8620799
17.026730 -4.6736946 -0.4478518 5.0967627 0.0169893 -0.4938179 0.0277334 0.8689569
17.130540 -4.7139006 -0.4509982 5.1210303 0.0167771 -0.4873643 0.0262625 0.8726425
17.234250 -4.7531481 -0.4543660 5.1452160 0.0161024 -0.4807870 0.0253784 0.8763222
17.442380 -4.8303475 -0.4610949 5.1963730 0.0161905 -0.4685724 0.0249113 0.8829254
17.545790 -4.8679099 -0.4640696 5.2219448 0.0169513 -0.4624140 0.0250721 0.8861474
17.649360 -4.9047918 -0.4672669 5.2477384 0.0167876 -0.4561998 0.0259130 0.8893416
17.753120 -4.9410443 -0.4705032 5.2746587 0.0167012 -0.4503905 0.0259992 0.8922967
17.857050 -4.9767170 -0.4734837 5.3007102 0.0160820 -0.4442155 0.0249994 0.8954267
17.960530 -5.0115552 -0.4763601 5.3274970 0.0146900 -0.4385232 0.0242294 0.8982731
18.064140 -5.0458574 -0.4791191 5.3542099 0.0145349 -0.4327439 0.0236202 0.9010902
18.167890 -5.0793500 -0.4819729 5.3811140 0.0156139 -0.4268398 0.0227296 0.9039067
18.271640 -5.1120672 -0.4844396 5.4083090 0.0166403 -0.4212458 0.0222415 0.9065210
18.375420 -5.1441555 -0.4873145 5.4356804 0.0165644 -0.4156977 0.0218355 0.9090898
18.479100 -5.1755195 -0.4900175 5.4632854 0.0157976 -0.4101581 0.0210657 0.9116342
18.686620 -5.2362237 -0.4951150 5.5188766 0.0144386 -0.3999435 0.0206816 0.9161927
18.790260 -5.2659230 -0.4973669 5.5466204 0.0149443 -0.3950099 0.0201584 0.9183341
18.894080 -5.2950740 -0.4997519 5.5746679 0.0148207 -0.3903678 0.0198365 0.9203259
18.997780 -5.3237014 -0.5021450 5.6025205 0.0137524 -0.3857082 0.0186904 0.9223289
19.101510 -5.3517632 -0.5044525 5.6306348 0.0128075 -0.3809412 0.0174131 0.9243466
19.205270 -5.3791571 -0.5066029 5.6584730 0.0125997 -0.3761493 0.0166229 0.9263242
19.309140 -5.4060202 -0.5086662 5.6861167 0.0126515 -0.3710035 0.0161663 0.9284045
19.516610 -5.4577990 -0.5125634 5.7415056 0.0113664 -0.3595026 0.0137957 0.9329728
19.725730 -5.5069208 -0.5161778 5.7973499 0.0100899 -0.3456857 0.0112631 0.9382285
19.932000 -5.5532279 -0.5194536 5.8534398 0.0118349 -0.3310784 0.0106466 0.9434689
20.139770 -5.5973196 -0.5226532 5.9108510 0.0110764 -0.3155560 0.0096519 0.9487932
20.347360 -5.6387444 -0.5254724 5.9690514 0.0086031 -0.2996148 0.0087403 0.9539814
20.555010 -5.6787653 -0.5279930 6.0286522 0.0060706 -0.2849691 0.0084214 0.9584805
20.762700 -5.7170057 -0.5301968 6.0895886 0.0050485 -0.2725855 0.0088348 0.9620777
20.970000 -5.7540746 -0.5320737 6.1512303 0.0050281 -0.2599732 0.0075278 0.9655734
21.177620 -5.7897959 -0.5341432 6.2150564 0.0048510 -0.2481945 0.0074729 0.9686692
21.385010 -5.8248253 -0.5363987 6.2807274 0.0054591 -0.2385217 0.0078404 0.9710901
21.592490 -5.8591995 -0.5380248 6.3481207 0.0036973 -0.2315375 0.0069526 0.9727941
21.799990 -5.8931160 -0.5395475 6.4167485 0.0006296 -0.2245932 0.0042611 0.9744431
22.007420 -5.9277182 -0.5405384 6.4883232 -0.0011915 -0.2172844 0.0023505 0.9761048
22.214990 -5.9611993 -0.5405002 6.5617251 -0.0034140 -0.2095574 0.0024431 0.9777873
22.422590 -5.9947362 -0.5407205 6.6380568 -0.0041187 -0.2008448 0.0029275 0.9796100
22.630130 -6.0269318 -0.5411695 6.7165651 -0.0036012 -0.1909790 0.0048228 0.9815757
22.837890 -6.0578661 -0.5417871 6.7973013 -0.0020183 -0.1783294 0.0039414 0.9839609
23.045760 -6.0876322 -0.5421767 6.8813605 -0.0035278 -0.1599966 0.0004698 0.9871112
23.253620 -6.1148615 -0.5423101 6.9695234 -0.0045107 -0.1386299 -0.0019977 0.9903319
23.461620 -6.1384430 -0.5419704 7.0603938 -0.0065579 -0.1164647 -0.0029701 0.9931688
23.669490 -6.1586790 -0.5411114 7.1549668 -0.0103094 -0.0938276 -0.0050772 0.9955221
23.877250 -6.1758475 -0.5400239 7.2531676 -0.0118792 -0.0709730 -0.0072311 0.9973813
24.085120 -6.1881075 -0.5383634 7.3537774 -0.0103413 -0.0492996 -0.0070334 0.9987057
24.292870 -6.1961398 -0.5370337 7.4571834 -0.0123056 -0.0290086 -0.0069293 0.9994794
24.500500 -6.1997194 -0.5356749 7.5621886 -0.0132955 -0.0086534 -0.0083398 0.9998394
24.811870 -6.1974277 -0.5332149 7.7217221 -0.0131149 0.0221236 -0.0108146 0.9996107
25.123120 -6.1847095 -0.5314857 7.8851676 -0.0100936 0.0507651 -0.0123159 0.9985837
25.434250 -6.1631489 -0.5316170 8.0584316 -0.0030850 0.0788734 -0.0136851 0.9967859
25.745370 -6.1310921 -0.5336059 8.2344618 0.0023848 0.1057324 -0.0166950 0.9942516
25.952760 -6.1031199 -0.5354949 8.3557997 0.0025355 0.1233840 -0.0160958 0.9922252
26.264020 -6.0534520 -0.5393679 8.5393200 0.0068571 0.1492596 -0.0173807 0.9886215
26.471490 -6.0144749 -0.5439042 8.6601343 0.0079688 0.1673959 -0.0199576 0.9856555
26.679010 -5.9706516 -0.5480728 8.7832680 0.0108595 0.1857561 -0.0203982 0.9823241
26.886640 -5.9217014 -0.5537499 8.9034595 0.0163182 0.2050094 -0.0210755 0.9783970
27.094360 -5.8661900 -0.5615981 9.0240812 0.0176479 0.2291359 -0.0238830 0.9729413
27.302140 -5.8041568 -0.5694490 9.1440544 0.0193293 0.2565748 -0.0276391 0.9659357
27.509940 -5.7344427 -0.5784059 9.2606277 0.0211123 0.2836457 -0.0294569 0.9582440
27.717500 -5.6582575 -0.5882461 9.3733320 0.0241349 0.3100687 -0.0302585 0.9499260
27.925020 -5.5755043 -0.5993297 9.4827595 0.0278590 0.3350197 -0.0309812 0.9412894
28.132630 -5.4870658 -0.6110774 9.5874844 0.0302406 0.3580695 -0.0308557 0.9326949
28.340050 -5.3919611 -0.6241063 9.6894665 0.0324862 0.3784758 -0.0301061 0.9245509
28.547500 -5.2911501 -0.6376661 9.7882395 0.0365530 0.3973430 -0.0301632 0.9164456
28.754980 -5.1849351 -0.6525155 9.8857689 0.0383247 0.4158759 -0.0303348 0.9081070
28.962310 -5.0761690 -0.6674982 9.9778833 0.0369759 0.4356267 -0.0313444 0.8988213
29.169630 -4.9678297 -0.6829436 10.0605240 0.0343333 0.4551353 -0.0338144 0.8891174
29.376900 -4.8555670 -0.6977884 10.1405487 0.0349937 0.4745151 -0.0369154 0.8787765
29.584410 -4.7420368 -0.7139386 10.2122030 0.0321936 0.4951588 -0.0377226 0.8673859
29.791760 -4.6264448 -0.7288924 10.2771177 0.0291455 0.5160636 -0.0375451 0.8552306
29.999280 -4.5086408 -0.7431851 10.3369427 0.0281843 0.5364823 -0.0372706 0.8426169
30.206740 -4.3912773 -0.7574621 10.3884077 0.0290042 0.5554493 -0.0364877 0.8302431
30.414180 -4.2740021 -0.7711110 10.4344807 0.0292365 0.5741579 -0.0350461 0.8174715
30.621900 -4.1554503 -0.7850124 10.4742603 0.0306090 0.5912941 -0.0367386 0.8050371
30.829180 -4.0383754 -0.7993156 10.5087404 0.0354195 0.6069335 -0.0438148 0.7927530
31.036690 -3.9239981 -0.8148339 10.5382624 0.0346952 0.6227204 -0.0476712 0.7802199
31.244130 -3.8077703 -0.8307029 10.5633488 0.0319113 0.6381287 -0.0502811 0.7676231
31.451710 -3.6945500 -0.8459123 10.5824718 0.0307583 0.6525043 -0.0504376 0.7554788
31.659170 -3.5821218 -0.8614180 10.5977783 0.0303827 0.6665777 -0.0533824 0.7429007
31.866620 -3.4705384 -0.8762335 10.6085072 0.0296041 0.6798226 -0.0537961 0.7308015
32.075790 -3.3609121 -0.8908602 10.6147690 0.0272284 0.6906692 -0.0504068 0.7208979
32.281410 -3.2532365 -0.9043899 10.6175585 0.0266664 0.6989093 -0.0491546 0.7130207
32.488780 -3.1479695 -0.9178413 10.6197462 0.0274603 0.7043118 -0.0514351 0.7074923
32.696160 -3.0456779 -0.9317281 10.6205912 0.0317558 0.7079504 -0.0562980 0.7032982
32.903550 -2.9451263 -0.9456044 10.6200581 0.0292297 0.7109990 -0.0547557 0.7004484
33.007250 -2.8946996 -0.9520104 10.6194363 0.0263614 0.7121362 -0.0509954 0.6996903
33.214750 -2.7966943 -0.9641768 10.6183577 0.0257948 0.7125878 -0.0505311 0.6992852
33.422000 -2.6996677 -0.9767221 10.6175041 0.0270133 0.7115686 -0.0530397 0.7000908
33.629370 -2.6040559 -0.9889098 10.6173201 0.0269063 0.7095627 -0.0548826 0.7019863
33.836860 -2.5102808 -1.0013970 10.6180286 0.0264394 0.7064661 -0.0568432 0.7049648
34.044850 -2.4161048 -1.0136812 10.6191969 0.0256211 0.7017707 -0.0558745 0.7097461
34.251630 -2.3230298 -1.0257962 10.6217270 0.0272226 0.6965524 -0.0544145 0.7149215
34.459140 -2.2303333 -1.0375661 10.6261215 0.0261555 0.6917204 -0.0544981 0.7196310
34.666810 -2.1380239 -1.0491176 10.6318169 0.0247009 0.6869922 -0.0533018 0.7242862
34.874180 -2.0473413 -1.0608227 10.6387005 0.0255580 0.6819426 -0.0539360 0.7289664
35.081760 -1.9565792 -1.0718261 10.6466036 0.0263511 0.6770152 -0.0556577 0.7333881
35.289260 -1.8671358 -1.0836707 10.6557608 0.0256081 0.6720155 -0.0557986 0.7379877
35.496880 -1.7785676 -1.0945703 10.6658268 0.0237850 0.6672769 -0.0548919 0.7424033
35.704390 -1.6891595 -1.1055958 10.6769323 0.0244966 0.6621048 -0.0543601 0.7470355
35.911880 -1.6007906 -1.1166826 10.6895723 0.0269011 0.6561486 -0.0531965 0.7522736
36.119380 -1.5129309 -1.1275975 10.7038746 0.0283318 0.6488369 -0.0543332 0.7584562
36.430690 -1.3811092 -1.1443974 10.7277050 0.0255733 0.6424216 -0.0548652 0.7639570
36.638140 -1.2915289 -1.1554799 10.7446442 0.0267602 0.6402107 -0.0558194 0.7657012
36.845830 -1.2008486 -1.1668346 10.7618113 0.0278590 0.6378204 -0.0543861 0.7677572
36.949590 -1.1553879 -1.1729240 10.7706928 0.0285815 0.6364852 -0.0541427 0.7688552
37.157030 -1.0632093 -1.1840301 10.7895956 0.0283584 0.6338265 -0.0535194 0.7711002
37.364510 -0.9725370 -1.1949208 10.8089752 0.0276918 0.6308857 -0.0509702 0.7737044
37.572000 -0.8817830 -1.2058588 10.8294716 0.0300356 0.6262504 -0.0514891 0.7773398
37.779750 -0.7915790 -1.2173810 10.8506470 0.0295732 0.6209188 -0.0506624 0.7816768
37.987180 -0.7024443 -1.2282444 10.8734446 0.0312622 0.6137790 -0.0488804 0.7873428
38.194630 -0.6138012 -1.2393677 10.8979712 0.0329338 0.6050246 -0.0471222 0.7941285
38.402010 -0.5249746 -1.2503884 10.9243631 0.0316982 0.5959488 -0.0458234 0.8010871
38.609730 -0.4384017 -1.2616514 10.9538393 0.0318263 0.5872840 -0.0480457 0.8073266
38.817070 -0.3509891 -1.2726269 10.9844646 0.0300950 0.5782664 -0.0493642 0.8137969
39.024680 -0.2648854 -1.2831316 11.0163660 0.0286637 0.5708490 -0.0487883 0.8191028
39.232130 -0.1792424 -1.2938282 11.0503044 0.0271545 0.5641763 -0.0483688 0.8237889
39.439710 -0.0952580 -1.3040204 11.0850353 0.0274225 0.5571171 -0.0493678 0.8285115
39.647300 -0.0122828 -1.3142068 11.1210957 0.0271997 0.5497317 -0.0502426 0.8333852
39.854900 0.0697756 -1.3244897 11.1584721 0.0258061 0.5420352 -0.0489770 0.8385303
40.063320 0.1499672 -1.3341000 11.1964560 0.0232017 0.5342221 -0.0469639 0.8437197
40.166160 0.1888928 -1.3385718 11.2161608 0.0220376 0.5301957 -0.0479876 0.8462294
40.373770 0.2675619 -1.3476586 11.2566586 0.0206103 0.5223952 -0.0477593 0.8511155
40.581350 0.3447313 -1.3562670 11.2986326 0.0198156 0.5144536 -0.0479135 0.8559492
40.788800 0.4207039 -1.3646981 11.3416233 0.0203598 0.5062869 -0.0477374 0.8608021
40.996290 0.4966149 -1.3729544 11.3859692 0.0189252 0.4984932 -0.0467423 0.8654256
41.203950 0.5714087 -1.3805548 11.4310436 0.0166107 0.4929101 -0.0456071 0.8687254
41.411540 0.6477785 -1.3882966 11.4785824 0.0135585 0.4893668 -0.0443253 0.8708453
41.619170 0.7230387 -1.3951012 11.5258970 0.0113425 0.4873459 -0.0429929 0.8720762
41.826800 0.7979398 -1.4020185 11.5731287 0.0122580 0.4855715 -0.0442720 0.8729892
42.034430 0.8735909 -1.4086291 11.6207705 0.0127814 0.4838021 -0.0431744 0.8740184
42.241880 0.9489398 -1.4150615 11.6693077 0.0113147 0.4827003 -0.0403764 0.8747812
42.449700 1.0243397 -1.4213274 11.7179470 0.0087179 0.4813761 -0.0382845 0.8756343
42.657050 1.1002879 -1.4271078 11.7669392 0.0079488 0.4806979 -0.0382547 0.8760154
42.968420 1.2147236 -1.4360752 11.8423920 0.0053732 0.4802316 -0.0369851 0.8763452
43.176100 1.2909026 -1.4413123 11.8924026 0.0038510 0.4797012 -0.0354513 0.8767070
43.383520 1.3666997 -1.4458686 11.9421835 0.0023796 0.4786319 -0.0346665 0.8773279
43.591170 1.4421635 -1.4504206 11.9921799 0.0006083 0.4769056 -0.0335910 0.8783122
43.798460 1.5175509 -1.4549708 12.0424557 -0.0004246 0.4743425 -0.0325665 0.8797377
44.005890 1.5927596 -1.4587635 12.0935841 -0.0024431 0.4703513 -0.0298030 0.8819725
44.213300 1.6673017 -1.4624006 12.1452360 -0.0023249 0.4639714 -0.0276999 0.8854139
44.421790 1.7409954 -1.4655248 12.1984749 -0.0030125 0.4573885 -0.0289126 0.8887917
44.628020 1.8130608 -1.4684645 12.2520618 -0.0056243 0.4502128 -0.0265486 0.8925088
44.835670 1.8847303 -1.4711668 12.3077869 -0.0050518 0.4414834 -0.0246029 0.8969178
45.043060 1.9566355 -1.4734797 12.3660126 -0.0045912 0.4308392 -0.0233930 0.9021138
45.250540 2.0257683 -1.4756628 12.4260283 -0.0060848 0.4204618 -0.0219772 0.9070236
45.458050 2.0944796 -1.4778748 12.4874763 -0.0080593 0.4095678 -0.0213068 0.9119952
45.665520 2.1632242 -1.4793783 12.5514965 -0.0114910 0.3986134 -0.0196309 0.9168369
45.873020 2.2309656 -1.4804604 12.6177683 -0.0142427 0.3875905 -0.0151309 0.9215974
46.080690 2.2969537 -1.4799048 12.6863441 -0.0129314 0.3753513 -0.0112579 0.9267240
46.287790 2.3625093 -1.4794078 12.7569695 -0.0148349 0.3621966 -0.0086554 0.9319435
46.495210 2.4264150 -1.4783909 12.8312817 -0.0163361 0.3493289 -0.0075859 0.9368271
46.702650 2.4899626 -1.4765809 12.9074917 -0.0174361 0.3359907 -0.0059673 0.9416850
46.910140 2.5509124 -1.4748096 12.9864607 -0.0186437 0.3248767 -0.0073693 0.9455439
47.117660 2.6107464 -1.4733226 13.0675259 -0.0194459 0.3158150 -0.0097505 0.9485714
47.325510 2.6697402 -1.4718157 13.1507597 -0.0209410 0.3068524 -0.0113607 0.9514589
47.532920 2.7279601 -1.4695133 13.2359304 -0.0250072 0.2986824 -0.0144834 0.9539149
47.740580 2.7853212 -1.4662542 13.3230896 -0.0275526 0.2920084 -0.0180612 0.9558482
47.948270 2.8420253 -1.4637955 13.4108849 -0.0269619 0.2878489 -0.0210862 0.9570640
48.156010 2.8992305 -1.4609958 13.4998817 -0.0226076 0.2858499 -0.0252702 0.9576743
48.364330 2.9566064 -1.4592755 13.5895824 -0.0230925 0.2850121 -0.0249448 0.9579210
48.571420 3.0147972 -1.4579464 13.6798382 -0.0231892 0.2841955 -0.0243626 0.9581762
48.778960 3.0733752 -1.4561546 13.7716408 -0.0219038 0.2830699 -0.0240439 0.9585476
48.986440 3.1313853 -1.4548668 13.8630857 -0.0213507 0.2808923 -0.0227798 0.9592313
49.193760 3.1892278 -1.4536098 13.9557991 -0.0216092 0.2755249 -0.0213207 0.9608145
49.401170 3.2460575 -1.4520832 14.0487041 -0.0215270 0.2654521 -0.0196053 0.9636843
49.608640 3.2985315 -1.4502307 14.1434221 -0.0217681 0.2537198 -0.0203269 0.9668191
49.816010 3.3485105 -1.4484839 14.2387295 -0.0234137 0.2412582 -0.0208919 0.9699535
50.023270 3.3969946 -1.4466906 14.3347092 -0.0243492 0.2278906 -0.0197403 0.9731821
50.230760 3.4418232 -1.4442117 14.4325018 -0.0249605 0.2146786 -0.0198430 0.9761641
50.438290 3.4837980 -1.4417568 14.5309219 -0.0247978 0.2015539 -0.0230759 0.9788916
50.645900 3.5227838 -1.4395047 14.6306000 -0.0258922 0.1914173 -0.0275374 0.9807807
50.853640 3.5609503 -1.4366357 14.7307272 -0.0258976 0.1850829 -0.0287860 0.9819598
51.061270 3.5990863 -1.4340526 14.8314342 -0.0251652 0.1803054 -0.0270486 0.9829166
51.165140 3.6174669 -1.4331961 14.8816099 -0.0249965 0.1779199 -0.0260597 0.9833822
51.268910 3.6359792 -1.4319394 14.9319296 -0.0240191 0.1750332 -0.0255237 0.9839385
51.372640 3.6538038 -1.4306277 14.9821558 -0.0228723 0.1725076 -0.0249265 0.9844271
51.580140 3.6888189 -1.4288918 15.0831366 -0.0217794 0.1664679 -0.0254125 0.9854787
51.787640 3.7219505 -1.4262810 15.1847601 -0.0245771 0.1594232 -0.0266070 0.9865456
51.891290 3.7374902 -1.4249110 15.2357206 -0.0255057 0.1564348 -0.0266090 0.9870003
52.098770 3.7684326 -1.4224812 15.3367796 -0.0229293 0.1514797 -0.0257014 0.9878601
52.202390 3.7840838 -1.4214737 15.3867130 -0.0221311 0.1494211 -0.0243461 0.9882261
52.410020 3.8138332 -1.4195168 15.4858341 -0.0225819 0.1485695 -0.0241839 0.9883482
52.513900 3.8284090 -1.4186424 15.5348873 -0.0238178 0.1514699 -0.0262952 0.9878250
52.721640 3.8589568 -1.4166592 15.6306801 -0.0247881 0.1625701 -0.0300878 0.9859266
52.929520 3.8910489 -1.4145632 15.7223835 -0.0251655 0.1733159 -0.0297850 0.9840941
53.137020 3.9241583 -1.4128656 15.8107319 -0.0243047 0.1799426 -0.0275754 0.9829901
53.344390 3.9570649 -1.4119307 15.8971748 -0.0221827 0.1813394 -0.0266100 0.9828102
53.551780 3.9892926 -1.4101775 15.9846716 -0.0209972 0.1763775 -0.0238982 0.9838084
53.759020 4.0191736 -1.4092621 16.0695171 -0.0200288 0.1657780 -0.0206859 0.9857427
53.966270 4.0460005 -1.4079869 16.1566868 -0.0198247 0.1502671 -0.0183010 0.9882772
54.173520 4.0703530 -1.4068971 16.2435398 -0.0190023 0.1292904 -0.0135974 0.9913315
54.380770 4.0894279 -1.4053657 16.3316517 -0.0180302 0.1052778 -0.0133463 0.9941898
54.588020 4.1041603 -1.4037542 16.4200821 -0.0154917 0.0778787 -0.0129111 0.9967589
54.691640 4.1088204 -1.4029393 16.4640350 -0.0149708 0.0634013 -0.0138068 0.9977803
54.899020 4.1151524 -1.4016181 16.5537739 -0.0153120 0.0329218 -0.0133020 0.9992521
55.002770 4.1160560 -1.4011614 16.5983639 -0.0146967 0.0172871 -0.0139784 0.9996448
55.106520 4.1155381 -1.4005938 16.6428013 -0.0140202 0.0019889 -0.0136306 0.9998068
55.314140 4.1108594 -1.3991754 16.7315102 -0.0119841 -0.0254096 -0.0148783 0.9994946
55.418020 4.1069140 -1.3987412 16.7762890 -0.0118656 -0.0361347 -0.0160699 0.9991472
55.626020 4.0958285 -1.3970698 16.8682880 -0.0163379 -0.0497729 -0.0221602 0.9983810
55.730050 4.0905533 -1.3964345 16.9141998 -0.0160812 -0.0527600 -0.0237018 0.9981964
55.938270 4.0795398 -1.3948765 17.0066681 -0.0102761 -0.0544135 -0.0260207 0.9981265
56.146400 4.0692425 -1.3936768 17.1018600 -0.0094724 -0.0520127 -0.0268874 0.9982395
56.354520 4.0592299 -1.3927112 17.1984234 -0.0088060 -0.0491289 -0.0253502 0.9984319
56.562530 4.0498171 -1.3921249 17.2968597 -0.0039624 -0.0469589 -0.0233445 0.9986162
56.770390 4.0397377 -1.3920702 17.3979568 -0.0035063 -0.0450666 -0.0227983 0.9987177
56.978150 4.0296626 -1.3918945 17.5017452 -0.0051653 -0.0445996 -0.0246475 0.9986875
57.185780 4.0189657 -1.3916640 17.6072731 -0.0050112 -0.0446152 -0.0269972 0.9986268
57.289520 4.0133305 -1.3915839 17.6609688 -0.0047696 -0.0448309 -0.0274843 0.9986051
57.497020 4.0034332 -1.3915709 17.7678947 -0.0020326 -0.0462571 -0.0275598 0.9985473
57.704420 3.9920449 -1.3921984 17.8772488 -0.0017477 -0.0500347 -0.0241534 0.9984539
57.911640 3.9795563 -1.3927615 17.9854279 -0.0024473 -0.0580974 -0.0191334 0.9981245
58.119020 3.9646873 -1.3936741 18.0932693 -0.0010202 -0.0678327 -0.0158505 0.9975703
58.326530 3.9486749 -1.3952875 18.2010574 -0.0008734 -0.0777880 -0.0145927 0.9968628
58.534020 3.9296165 -1.3961266 18.3081818 -0.0011934 -0.0869498 -0.0136228 0.9961188
58.741650 3.9090757 -1.3979877 18.4139214 0.0003613 -0.0958893 -0.0144414 0.9952872
58.949150 3.8865371 -1.3994184 18.5192966 0.0011703 -0.1038960 -0.0140882 0.9944877
59.156650 3.8628848 -1.4013830 18.6235332 0.0015916 -0.1104731 -0.0128212 0.9937952
59.364270 3.8384919 -1.4029794 18.7268200 0.0046848 -0.1162902 -0.0093001 0.9931607
59.675530 3.7999992 -1.4063396 18.8804169 0.0054816 -0.1246996 -0.0045514 0.9921690
59.883150 3.7722154 -1.4086176 18.9839554 0.0055170 -0.1287397 -0.0039701 0.9916551
60.090780 3.7434955 -1.4110180 19.0872879 0.0041732 -0.1314422 -0.0041024 0.9913065
60.298400 3.7156010 -1.4128468 19.1899910 0.0010162 -0.1328216 -0.0016156 0.9911382
60.506060 3.6882749 -1.4148061 19.2926559 -0.0004419 -0.1341332 0.0034692 0.9909571
60.713810 3.6596961 -1.4160149 19.3950500 -0.0002320 -0.1350970 0.0068487 0.9908087
60.921300 3.6306038 -1.4179546 19.4980927 -0.0010897 -0.1363275 0.0084093 0.9906275
61.128990 3.6010303 -1.4192625 19.6013412 -0.0028783 -0.1377382 0.0064575 0.9904435
61.336500 3.5709305 -1.4204413 19.7032471 -0.0050001 -0.1383185 0.0041938 0.9903663
61.440150 3.5562086 -1.4208170 19.7540092 -0.0057302 -0.1381966 0.0036756 0.9903814
61.647800 3.5266461 -1.4211557 19.8562908 -0.0071375 -0.1366566 0.0027124 0.9905891
61.751640 3.5119128 -1.4211820 19.9079247 -0.0083015 -0.1358316 0.0027518 0.9906933
61.855290 3.4974990 -1.4211308 19.9585724 -0.0092807 -0.1351290 0.0019670 0.9907826
61.959050 3.4829445 -1.4208443 20.0092793 -0.0103269 -0.1342332 0.0008058 0.9908956
62.166620 3.4546638 -1.4205328 20.1101952 -0.0109197 -0.1327603 -0.0002254 0.9910880
62.374040 3.4267921 -1.4200706 20.2107277 -0.0115748 -0.1314693 0.0006207 0.9912525
62.477810 3.4132028 -1.4200304 20.2609024 -0.0133288 -0.1309452 0.0010909 0.9912994
62.685330 3.3861861 -1.4188120 20.3608818 -0.0159073 -0.1298552 0.0030556 0.9914007
62.892780 3.3601737 -1.4176140 20.4596443 -0.0162995 -0.1289604 0.0057276 0.9914992
62.996620 3.3471918 -1.4171102 20.5087414 -0.0166007 -0.1287153 0.0063227 0.9915225
63.203960 3.3212948 -1.4157066 20.6063309 -0.0163695 -0.1288008 0.0099706 0.9914852
63.411420 3.2956734 -1.4143579 20.7037849 -0.0178277 -0.1289783 0.0109185 0.9914270
63.618820 3.2696133 -1.4130766 20.7996292 -0.0196137 -0.1291477 0.0106765 0.9913739
63.826160 3.2439046 -1.4115714 20.8950500 -0.0193901 -0.1295636 0.0111872 0.9913184
64.033590 3.2187171 -1.4097739 20.9890480 -0.0206855 -0.1300371 0.0114181 0.9912276
64.241030 3.1937833 -1.4078388 21.0820904 -0.0214046 -0.1308891 0.0121880 0.9910910
64.448610 3.1691399 -1.4060853 21.1723671 -0.0216973 -0.1310993 0.0104017 0.9910772
64.656230 3.1441870 -1.4035888 21.2623978 -0.0231602 -0.1309058 0.0092984 0.9910806
64.863720 3.1195984 -1.4010241 21.3519802 -0.0251997 -0.1310041 0.0080597 0.9910287
65.071210 3.0955844 -1.3982346 21.4404297 -0.0293857 -0.1321064 0.0084307 0.9907640
65.278910 3.0717058 -1.3949615 21.5275898 -0.0324506 -0.1341902 0.0099083 0.9903746
65.486120 3.0473752 -1.3912494 21.6133537 -0.0341045 -0.1358368 0.0114250 0.9900782
65.693560 3.0225377 -1.3870518 21.6992760 -0.0345667 -0.1373027 0.0118932 0.9898544
65.901040 2.9988813 -1.3829376 21.7834091 -0.0350350 -0.1372148 0.0116735 0.9898527
66.108530 2.9755044 -1.3792629 21.8663177 -0.0354467 -0.1363146 0.0151481 0.9899154
66.315950 2.9527535 -1.3752831 21.9466228 -0.0363936 -0.1355968 0.0158016 0.9899694
66.523350 2.9307737 -1.3715229 22.0248241 -0.0348524 -0.1351561 0.0164482 0.9900746
66.730790 2.9091716 -1.3680595 22.1002388 -0.0335540 -0.1341300 0.0159654 0.9902668
66.938300 2.8889351 -1.3650595 22.1738644 -0.0329331 -0.1334098 0.0166479 0.9903737
67.145890 2.8690991 -1.3618175 22.2470474 -0.0321917 -0.1318412 0.0181713 0.9905813
67.353460 2.8497906 -1.3590094 22.3201599 -0.0313598 -0.1276122 0.0183953 0.9911575
67.561050 2.8312969 -1.3563246 22.3934746 -0.0314951 -0.1189078 0.0163719 0.9922706
67.769210 2.8146286 -1.3529640 22.4671745 -0.0364745 -0.1058897 0.0133104 0.9936196
67.976670 2.8007815 -1.3491439 22.5409985 -0.0389906 -0.0881061 0.0123416 0.9952712
68.080710 2.7948668 -1.3467802 22.5778427 -0.0397689 -0.0774492 0.0110800 0.9961412
68.288670 2.7862759 -1.3422116 22.6515751 -0.0422588 -0.0532823 0.0091473 0.9976430
68.496670 2.7819829 -1.3373750 22.7260647 -0.0412439 -0.0264161 0.0095805 0.9987539
68.704540 2.7817698 -1.3323164 22.8003082 -0.0395148 0.0003866 0.0100185 0.9991687
68.912190 2.7856219 -1.3279908 22.8749199 -0.0404197 0.0270950 0.0110392 0.9987543
69.119820 2.7930140 -1.3224373 22.9499683 -0.0412407 0.0527990 0.0131497 0.9976665
69.327420 2.8040938 -1.3172357 23.0256004 -0.0412561 0.0783961 0.0142630 0.9959661
69.535030 2.8196526 -1.3125088 23.1010475 -0.0407091 0.1032153 0.0150226 0.9937121
69.742460 2.8392570 -1.3072193 23.1764259 -0.0388679 0.1252786 0.0163034 0.9912259
69.950110 2.8616605 -1.3022330 23.2522678 -0.0382116 0.1448830 0.0168913 0.9885663
70.157430 2.8869557 -1.2968012 23.3284912 -0.0372891 0.1631021 0.0165056 0.9857661
70.364970 2.9155622 -1.2911918 23.4050789 -0.0363931 0.1815479 0.0174301 0.9825538
70.572360 2.9473562 -1.2863660 23.4807014 -0.0373311 0.1999197 0.0185493 0.9789252
70.779670 2.9823017 -1.2811984 23.5565491 -0.0379315 0.2177209 0.0182174 0.9751036
70.987040 3.0199690 -1.2761092 23.6309929 -0.0355152 0.2350250 0.0182390 0.9711690
71.194400 3.0603051 -1.2712811 23.7048607 -0.0343427 0.2532027 0.0141942 0.9666993
71.401990 3.1043739 -1.2664343 23.7774906 -0.0358895 0.2739715 0.0135549 0.9609723
71.609450 3.1521292 -1.2612741 23.8487263 -0.0377201 0.2967054 0.0134595 0.9541289
71.817050 3.2037477 -1.2560233 23.9174938 -0.0379712 0.3225848 0.0137609 0.9456785
72.024670 3.2591810 -1.2507017 23.9815083 -0.0371834 0.3480509 0.0151844 0.9366149
72.232060 3.3173904 -1.2454112 24.0435143 -0.0371518 0.3728751 0.0178715 0.9269652
72.439440 3.3781538 -1.2406069 24.1010704 -0.0365393 0.3947324 0.0185418 0.9178820
72.646700 3.4413958 -1.2350235 24.1566620 -0.0360132 0.4130678 0.0206182 0.9097543
73.061450 3.5776711 -1.2242032 24.2656441 -0.0363175 0.4480158 0.0202051 0.8930591
73.268930 3.6522236 -1.2175219 24.3174934 -0.0407305 0.4657009 0.0220000 0.8837305
73.476410 3.7276478 -1.2106304 24.3656082 -0.0419344 0.4853511 0.0221509 0.8730322
73.683940 3.8063774 -1.2036700 24.4103394 -0.0403017 0.5061480 0.0229966 0.8611975
73.787750 3.8464136 -1.2001857 24.4310513 -0.0396157 0.5165882 0.0241598 0.8549758
73.995310 3.9294891 -1.1935842 24.4697304 -0.0379019 0.5379568 0.0277277 0.8416632
74.202790 4.0149345 -1.1867476 24.5045986 -0.0380292 0.5591527 0.0285147 0.8277010
74.410370 4.1032901 -1.1797826 24.5360870 -0.0371835 0.5805727 0.0268458 0.8129157
74.617850 4.1949120 -1.1728654 24.5633678 -0.0377966 0.6017804 0.0246891 0.7973846
74.825180 4.2890835 -1.1664419 24.5864716 -0.0386522 0.6231831 0.0246626 0.7807308
75.032640 4.3865232 -1.1589859 24.6039066 -0.0369141 0.6440557 0.0263598 0.7636326
75.240090 4.4857688 -1.1522558 24.6169739 -0.0365058 0.6639934 0.0281436 0.7463164
75.447460 4.5869975 -1.1451702 24.6253128 -0.0349948 0.6828651 0.0280062 0.7291682
75.654690 4.6902680 -1.1374991 24.6284218 -0.0357557 0.7009947 0.0284358 0.7117018
75.758450 4.7427378 -1.1335258 24.6274090 -0.0364706 0.7095084 0.0296182 0.7031291
75.965810 4.8484735 -1.1256899 24.6231613 -0.0372987 0.7264124 0.0289278 0.6856362
76.173160 4.9547224 -1.1181095 24.6134758 -0.0369046 0.7436643 0.0274027 0.6669713
76.276990 5.0077753 -1.1140884 24.6064053 -0.0365686 0.7519168 0.0270118 0.6576885
76.484350 5.1141849 -1.1064860 24.5888081 -0.0364589 0.7676072 0.0282127 0.6392605
76.691750 5.2205625 -1.0988550 24.5658417 -0.0327436 0.7814604 0.0287198 0.6224329
76.899070 5.3279099 -1.0906025 24.5380859 -0.0328383 0.7941924 0.0276848 0.6061466
77.210160 5.4876862 -1.0795788 24.4872341 -0.0317856 0.8131115 0.0224008 0.5808077
77.417440 5.5949135 -1.0733986 24.4477425 -0.0336172 0.8251784 0.0223497 0.5634278
77.521170 5.6478996 -1.0705111 24.4262657 -0.0341008 0.8309209 0.0225415 0.5548869
77.728490 5.7534280 -1.0634118 24.3796234 -0.0338646 0.8400276 0.0237115 0.5409665
77.832140 5.8058352 -1.0601857 24.3551121 -0.0326423 0.8432447 0.0240135 0.5360001
77.935700 5.8585134 -1.0568565 24.3300743 -0.0303405 0.8458964 0.0241911 0.5319338
78.039350 5.9110570 -1.0534738 24.3037834 -0.0279531 0.8476674 0.0255658 0.5291739
78.142930 5.9639859 -1.0503941 24.2778416 -0.0264370 0.8491402 0.0275018 0.5267881
78.246670 6.0171504 -1.0469258 24.2511711 -0.0250883 0.8500623 0.0294281 0.5252607
78.350300 6.0702443 -1.0436504 24.2247524 -0.0243919 0.8506825 0.0309261 0.5242021
78.454020 6.1240191 -1.0401133 24.1980419 -0.0249185 0.8511118 0.0317148 0.5234329
78.557850 6.1777306 -1.0366024 24.1716537 -0.0258115 0.8514819 0.0325081 0.5227386
78.765630 6.2852421 -1.0286531 24.1169472 -0.0287750 0.8520389 0.0345849 0.5215416
78.868800 6.3385925 -1.0244391 24.0897446 -0.0286096 0.8523636 0.0347866 0.5210063
78.972430 6.3925810 -1.0196764 24.0619488 -0.0279256 0.8525262 0.0333363 0.5208723
79.081780 6.4480896 -1.0155307 24.0341816 -0.0267041 0.8529065 0.0330374 0.5203325
79.283570 6.5587759 -1.0081329 23.9777489 -0.0252938 0.8536211 0.0338111 0.5191801
79.387330 6.6146326 -1.0036776 23.9484482 -0.0256827 0.8537251 0.0344932 0.5189452
79.594920 6.7250133 -0.9950147 23.8926315 -0.0276574 0.8544458 0.0360452 0.5175502
79.802330 6.8370585 -0.9852613 23.8333321 -0.0280892 0.8547981 0.0365462 0.5169097
80.009790 6.9484568 -0.9756237 23.7771950 -0.0263296 0.8558005 0.0361372 0.5153701
80.217170 7.0620217 -0.9671352 23.7191086 -0.0253926 0.8562521 0.0367608 0.5146223
164.371900 0.0226693 -0.0017442 0.2170837 0.0007765 -0.1210014 0.0072237 0.9926258
164.683000 -0.0042546 -0.0036253 0.3160299 -0.0003728 -0.1379252 0.0074631 0.9904144
164.994400 -0.0351964 -0.0059136 0.4129195 0.0055633 -0.1534347 0.0095023 0.9880974
