0.000000 -0.8433150 0.0276927 -0.6490566 -0.0009116 -0.0062690 0.0000325 0.9999799
0.208477 -0.8443254 0.0267801 -0.5972233 0.0002306 -0.0075829 0.0012503 0.9999704
0.312729 -0.8446093 0.0261162 -0.5711040 0.0007842 -0.0086459 0.0014509 0.9999613
0.416979 -0.8452184 0.0258427 -0.5453385 0.0017683 -0.0095900 0.0024241 0.9999495
0.521227 -0.8458651 0.0252894 -0.5194784 0.0027528 -0.0103259 0.0036515 0.9999362
0.625476 -0.8463956 0.0247364 -0.4930576 0.0030125 -0.0111217 0.0043016 0.9999244
0.833976 -0.8481122 0.0235480 -0.4388881 0.0029444 -0.0124243 0.0045232 0.9999083
0.938359 -0.8490899 0.0228120 -0.4116073 0.0042716 -0.0129488 0.0041449 0.9998984
1.146853 -0.8511863 0.0214450 -0.3555671 0.0079237 -0.0142484 0.0028652 0.9998630
1.355354 -0.8535667 0.0205579 -0.2966836 0.0046245 -0.0153327 0.0007536 0.9998715
1.563854 -0.8559501 0.0197655 -0.2345299 -0.0038329 -0.0162224 0.0000226 0.9998611
1.772352 -0.8589042 0.0187373 -0.1714029 0.0002144 -0.0170183 -0.0023134 0.9998525
1.980855 -0.8617095 0.0187236 -0.1045093 0.0024011 -0.0180724 -0.0008771 0.9998334
2.189354 -0.8645226 0.0182109 -0.0330754 -0.0059388 -0.0185798 -0.0001518 0.9998097
2.397855 -0.8676283 0.0182368 0.0406002 -0.0066444 -0.0188658 0.0012875 0.9997991
2.606377 -0.8709863 0.0184624 0.1171471 -0.0036334 -0.0182621 0.0002186 0.9998266
2.814856 -0.8736303 0.0179601 0.1966536 0.0022561 -0.0174386 0.0033925 0.9998397
3.023358 -0.8769404 0.0167903 0.2797726 0.0054120 -0.0168364 0.0018721 0.9998419
3.231728 -0.8800458 0.0151738 0.3656799 0.0059316 -0.0170079 0.0012582 0.9998370
3.544357 -0.8855388 0.0117986 0.4980852 0.0073866 -0.0170435 -0.0028099 0.9998235
3.752729 -0.8887570 0.0091093 0.5888790 0.0072984 -0.0173921 -0.0032759 0.9998167
4.065354 -0.8943522 0.0053087 0.7277272 0.0051190 -0.0178050 -0.0042455 0.9998193
4.377982 -0.9006248 0.0019553 0.8689563 0.0057686 -0.0180135 -0.0048992 0.9998091
4.690605 -0.9067039 -0.0008878 1.0142204 0.0015955 -0.0187706 -0.0046898 0.9998115
4.898858 -0.9103857 -0.0029158 1.1119802 0.0019073 -0.0194457 -0.0042049 0.9998003
5.211513 -0.9173040 -0.0055463 1.2600960 0.0006921 -0.0204194 -0.0044265 0.9997814
5.419858 -0.9216592 -0.0075361 1.3587062 -0.0006251 -0.0210698 -0.0049222 0.9997657
5.732480 -0.9291326 -0.0104899 1.5055028 0.0033858 -0.0210325 -0.0063720 0.9997528
6.045107 -0.9357021 -0.0138934 1.6540036 0.0002641 -0.0210193 -0.0063718 0.9997587
6.357731 -0.9423549 -0.0163841 1.8021559 0.0028437 -0.0205868 -0.0057041 0.9997678
6.566109 -0.9463872 -0.0190814 1.9003968 0.0056327 -0.0205268 -0.0043835 0.9997638
6.774485 -0.9508229 -0.0213915 1.9990388 0.0054311 -0.0202008 -0.0028654 0.9997771
6.982859 -0.9545393 -0.0233486 2.0975132 -0.0004544 -0.0202011 -0.0011211 0.9997952
7.191236 -0.9587510 -0.0252291 2.1964412 0.0005989 -0.0199887 0.0010312 0.9997995
7.399507 -0.9631392 -0.0274115 2.2946885 0.0041954 -0.0199999 0.0005821 0.9997910
7.607858 -0.9675969 -0.0300412 2.3930864 0.0065828 -0.0196113 -0.0007488 0.9997857
7.816232 -0.9722485 -0.0326025 2.4917777 0.0038417 -0.0191850 -0.0034868 0.9998025
8.024607 -0.9764640 -0.0350655 2.5903304 0.0029098 -0.0191442 -0.0022245 0.9998100
8.232862 -0.9806674 -0.0370483 2.6892409 0.0013223 -0.0194618 -0.0008938 0.9998093
8.545359 -0.9874219 -0.0407257 2.8357692 0.0028577 -0.0201916 -0.0002197 0.9997920
8.753612 -0.9921234 -0.0429432 2.9334655 0.0030860 -0.0208411 -0.0012667 0.9997773
8.961860 -0.9967556 -0.0450331 3.0307527 -0.0010352 -0.0215245 -0.0023770 0.9997650
9.170238 -1.0015165 -0.0468055 3.1278780 -0.0003068 -0.0220922 -0.0027305 0.9997522
9.378487 -1.0062401 -0.0486439 3.2236531 0.0001651 -0.0225751 -0.0025257 0.9997420
9.586735 -1.0107670 -0.0506106 3.3171883 -0.0007251 -0.0232922 -0.0013218 0.9997275
9.794986 -1.0158778 -0.0524603 3.4069076 -0.0025481 -0.0239288 -0.0010554 0.9997098
10.003370 -1.0206890 -0.0541346 3.4931810 -0.0022322 -0.0266021 -0.0002054 0.9996436
10.211610 -1.0259306 -0.0556052 3.5756340 -0.0019229 -0.0299159 -0.0000498 0.9995506
10.419890 -1.0319117 -0.0570301 3.6531038 -0.0028882 -0.0328262 -0.0010254 0.9994564
10.628240 -1.0377213 -0.0582668 3.7258565 -0.0039922 -0.0356399 -0.0023072 0.9993541
10.940860 -1.0468065 -0.0601597 3.8252473 -0.0016318 -0.0394808 -0.0048978 0.9992070
11.253490 -1.0550907 -0.0622376 3.9124258 0.0021273 -0.0422727 -0.0080767 0.9990712
11.670740 -1.0643339 -0.0649636 4.0132647 -0.0005640 -0.0337547 -0.0128855 0.9993469
11.879370 -1.0660275 -0.0659911 4.0579786 -0.0026053 -0.0231657 -0.0126487 0.9996482
12.192740 -1.0654539 -0.0673913 4.1178641 -0.0010187 0.0000499 -0.0114614 0.9999338
12.401640 -1.0625806 -0.0682455 4.1551757 0.0034776 0.0227768 -0.0100891 0.9996836
12.715240 -1.0539471 -0.0698416 4.2084436 0.0061850 0.0680028 -0.0059857 0.9976480
12.924370 -1.0448003 -0.0711312 4.2417912 0.0071807 0.1055925 -0.0027926 0.9943796
13.133360 -1.0337181 -0.0725094 4.2730446 0.0081015 0.1479021 -0.0017565 0.9889672
13.342370 -1.0197769 -0.0737826 4.3027954 0.0073438 0.1947663 -0.0027031 0.9808185
13.551240 -1.0026447 -0.0748620 4.3302460 0.0072178 0.2431481 -0.0013316 0.9699614
13.760010 -0.9829949 -0.0762249 4.3554144 0.0099907 0.2915339 -0.0016020 0.9565070
13.968740 -0.9608194 -0.0774093 4.3794584 0.0128547 0.3417611 -0.0058266 0.9396809
14.177490 -0.9350218 -0.0785985 4.4013319 0.0140899 0.3931906 -0.0074576 0.9193187
14.386120 -0.9058297 -0.0796856 4.4203386 0.0129402 0.4436058 -0.0049854 0.8961147
14.594740 -0.8739338 -0.0809471 4.4367867 0.0103767 0.4936485 -0.0036411 0.8695920
14.803370 -0.8391587 -0.0824486 4.4502778 0.0075647 0.5428867 -0.0028013 0.8397672
15.011990 -0.8023762 -0.0835836 4.4605231 0.0093949 0.5875919 -0.0073758 0.8090693
15.220240 -0.7619981 -0.0849032 4.4673190 0.0130052 0.6237438 -0.0053137 0.7815025
15.428120 -0.7186450 -0.0860222 4.4719858 0.0174068 0.6495177 -0.0021189 0.7601442
15.636010 -0.6711698 -0.0875136 4.4766951 0.0120504 0.6697455 -0.0032207 0.7424859
15.843870 -0.6203088 -0.0893913 4.4793291 0.0089842 0.6869376 -0.0012697 0.7266597
16.051740 -0.5657453 -0.0911808 4.4791918 0.0142271 0.7005810 0.0019404 0.7134284
16.259530 -0.5069000 -0.0924005 4.4790115 0.0167571 0.7094887 -0.0023860 0.7045135
16.467120 -0.4439929 -0.0939937 4.4774351 0.0184850 0.7126483 0.0016910 0.7012758
16.674850 -0.3771367 -0.0960737 4.4766212 0.0179287 0.7117691 0.0025411 0.7021800
16.882610 -0.3075192 -0.0983748 4.4762917 0.0168132 0.7107959 0.0003724 0.7031973
17.090490 -0.2339495 -0.1007027 4.4762802 0.0166055 0.7102791 -0.0001610 0.7037243
17.298620 -0.1577070 -0.1032375 4.4758353 0.0155613 0.7099005 0.0006353 0.7041298
17.610870 -0.0390058 -0.1067138 4.4748802 0.0130540 0.7107402 0.0016375 0.7033315
17.819120 0.0417979 -0.1089431 4.4740367 0.0128641 0.7116022 0.0043798 0.7024512
18.131620 0.1661451 -0.1122871 4.4733939 0.0142501 0.7129463 -0.0003981 0.7010738
18.339870 0.2503426 -0.1150590 4.4724278 0.0129884 0.7139065 -0.0013324 0.7001193
18.548250 0.3352912 -0.1177176 4.4715447 0.0081004 0.7144538 0.0003610 0.6996356
18.756500 0.4195741 -0.1201950 4.4709444 0.0033368 0.7145995 0.0006796 0.6995255
18.964900 0.5029718 -0.1224101 4.4694734 0.0116665 0.7138635 -0.0040438 0.7001760
19.173270 0.5865796 -0.1253332 4.4683022 0.0125931 0.7132701 -0.0026245 0.7007712
19.485910 0.7111640 -0.1293088 4.4666615 0.0103861 0.7128468 0.0019473 0.7012402
19.694390 0.7928739 -0.1320560 4.4666810 0.0086499 0.7141416 -0.0004015 0.6999477
20.007130 0.9142690 -0.1357801 4.4648032 0.0074997 0.7163689 -0.0019494 0.6976787
20.215660 0.9937097 -0.1380261 4.4630871 0.0063939 0.7178473 -0.0018689 0.6961687
20.424610 1.0716232 -0.1401709 4.4610996 0.0067641 0.7192069 -0.0024658 0.6947587
20.633120 1.1487591 -0.1425544 4.4585266 0.0071368 0.7199390 -0.0012653 0.6939995
20.841310 1.2250512 -0.1450894 4.4559650 0.0061980 0.7209235 -0.0012912 0.6929857
21.049750 1.2990848 -0.1471288 4.4536862 0.0046496 0.7216684 -0.0015998 0.6922214
21.258280 1.3696896 -0.1494720 4.4510822 0.0054142 0.7220063 -0.0023334 0.6918614
21.466850 1.4398394 -0.1517072 4.4488420 0.0062464 0.7221579 -0.0046435 0.6916845
21.675510 1.5089995 -0.1538352 4.4460874 0.0071909 0.7221723 -0.0042647 0.6916626
21.883890 1.5778071 -0.1561146 4.4438052 0.0058367 0.7225088 -0.0054097 0.6913158
22.092530 1.6453187 -0.1585007 4.4415092 0.0052308 0.7224473 -0.0052482 0.6913862
22.301210 1.7119412 -0.1606074 4.4387298 0.0036957 0.7239373 -0.0060673 0.6898292
22.614140 1.8109813 -0.1638431 4.4331145 0.0065773 0.7301033 -0.0075608 0.6832634
22.822680 1.8775128 -0.1664486 4.4280434 0.0052832 0.7345331 -0.0094233 0.6784869
23.031260 1.9455103 -0.1686098 4.4224963 0.0042121 0.7379467 -0.0104299 0.6747652
23.239660 2.0148520 -0.1706532 4.4164085 0.0025587 0.7402505 -0.0096380 0.6722572
23.448150 2.0858624 -0.1730545 4.4097042 0.0009699 0.7413915 -0.0067981 0.6710376
23.656510 2.1576173 -0.1747300 4.4026556 0.0024046 0.7419169 -0.0079252 0.6704407
23.865000 2.2309260 -0.1772937 4.3944330 0.0097176 0.7421600 -0.0062333 0.6701233
24.073430 2.3054307 -0.1797382 4.3869524 0.0090455 0.7424740 -0.0061993 0.6697851
24.281890 2.3795123 -0.1823689 4.3795485 0.0074929 0.7425947 -0.0027386 0.6696936
24.490410 2.4537663 -0.1847510 4.3723040 0.0070331 0.7435242 -0.0036139 0.6686623
24.698880 2.5278273 -0.1871179 4.3645225 0.0075849 0.7449790 -0.0037499 0.6670343
24.907380 2.6016278 -0.1893379 4.3561740 0.0074649 0.7461733 -0.0037012 0.6656996
25.115970 2.6757741 -0.1919318 4.3485923 0.0072527 0.7472282 -0.0051986 0.6645077
25.428740 2.7873638 -0.1949787 4.3360119 0.0067807 0.7483360 -0.0051922 0.6632649
25.637140 2.8630328 -0.1969309 4.3278499 0.0033872 0.7493691 -0.0058526 0.6621180
26.054250 3.0186155 -0.2015047 4.3078623 0.0060944 0.7517593 -0.0064305 0.6593781
26.262800 3.0977275 -0.2042352 4.2974243 0.0097061 0.7522504 -0.0082559 0.6587541
26.575550 3.2186570 -0.2086913 4.2814045 0.0113572 0.7519597 -0.0053422 0.6590896
26.784000 3.3010805 -0.2117063 4.2711825 0.0094073 0.7511239 -0.0043506 0.6600799
26.992430 3.3840864 -0.2141987 4.2608571 0.0075579 0.7499884 -0.0015896 0.6614059
27.200890 3.4666767 -0.2170180 4.2511368 0.0089218 0.7489507 -0.0032295 0.6625577
27.409410 3.5493555 -0.2199334 4.2412796 0.0117861 0.7476779 -0.0072914 0.6639169
27.617880 3.6324522 -0.2229273 4.2319546 0.0098373 0.7468677 -0.0057937 0.6648746
27.826410 3.7164512 -0.2261006 4.2227020 0.0093252 0.7464474 -0.0048600 0.6653613
28.034970 3.8003149 -0.2290087 4.2136507 0.0092139 0.7461507 -0.0036390 0.6657034
28.243410 3.8831935 -0.2322004 4.2038975 0.0108413 0.7454371 -0.0021701 0.6664842
28.556140 4.0070257 -0.2368427 4.1914058 0.0081427 0.7447801 -0.0045617 0.6672447
28.869010 4.1290884 -0.2411023 4.1794081 0.0054645 0.7456740 -0.0100724 0.6662124
29.077510 4.2095428 -0.2442010 4.1707473 0.0065060 0.7460650 -0.0111179 0.6657485
29.286110 4.2895370 -0.2477416 4.1618271 0.0073299 0.7464517 -0.0103296 0.6653190
29.494560 4.3679423 -0.2513879 4.1530471 0.0090676 0.7467872 -0.0116191 0.6648997
29.703090 4.4456854 -0.2551315 4.1445289 0.0075590 0.7479466 -0.0126583 0.6635952
29.911660 4.5220823 -0.2589989 4.1354699 0.0087575 0.7500495 -0.0141115 0.6611732
30.224420 4.6349416 -0.2645974 4.1207705 0.0088770 0.7530749 -0.0142810 0.6577199
30.432920 4.7095208 -0.2686429 4.1110067 0.0094883 0.7545114 -0.0174905 0.6559852
30.641400 4.7830353 -0.2726380 4.1008177 0.0134494 0.7558026 -0.0206832 0.6543347
30.850030 4.8570752 -0.2769786 4.0901823 0.0104765 0.7579741 -0.0170010 0.6519789
31.058390 4.9299755 -0.2814302 4.0794449 0.0102629 0.7592579 -0.0177463 0.6504669
31.266890 5.0022044 -0.2856754 4.0688334 0.0109945 0.7609667 -0.0213227 0.6483473
31.475390 5.0735717 -0.2901595 4.0576801 0.0153781 0.7622960 -0.0232960 0.6466264
31.683900 5.1437383 -0.2950315 4.0460014 0.0151728 0.7639427 -0.0232658 0.6446861
31.892590 5.2141070 -0.2998690 4.0334787 0.0157019 0.7671413 -0.0188766 0.6410081
32.101220 5.2834640 -0.3046845 4.0209126 0.0145726 0.7720406 -0.0192554 0.6351144
32.309930 5.3518901 -0.3090369 4.0066872 0.0148729 0.7792897 -0.0203370 0.6261572
32.518590 5.4194555 -0.3137946 3.9906304 0.0162426 0.7871305 -0.0191001 0.6162766
32.727140 5.4859657 -0.3179755 3.9724169 0.0185630 0.7938937 -0.0165480 0.6075478
32.935760 5.5515652 -0.3226900 3.9536138 0.0218423 0.7993151 -0.0123788 0.6003875
33.144180 5.6158543 -0.3269385 3.9340212 0.0225979 0.8027515 -0.0096528 0.5958072
33.248440 5.6473556 -0.3287705 3.9241960 0.0236028 0.8035249 -0.0058884 0.5947739
33.456640 5.7108092 -0.3327098 3.9042125 0.0253498 0.8040870 -0.0008907 0.5939703
33.560850 5.7418656 -0.3347491 3.8946791 0.0276926 0.8040373 -0.0020367 0.5939301
33.769250 5.8032928 -0.3377302 3.8764780 0.0294578 0.8035486 -0.0028904 0.5945027
33.873500 5.8335285 -0.3396998 3.8673074 0.0291522 0.8030620 -0.0015557 0.5951800
34.081820 5.8936977 -0.3432581 3.8492494 0.0293875 0.8020672 0.0004412 0.5965102
34.185940 5.9232821 -0.3448940 3.8407073 0.0306574 0.8013763 0.0001282 0.5973743
34.394020 5.9818807 -0.3484709 3.8241458 0.0313906 0.7985892 0.0008829 0.6010567
34.602300 6.0394149 -0.3517329 3.8082230 0.0311300 0.7953370 0.0031273 0.6053596
34.706380 6.0679798 -0.3534244 3.8006668 0.0309128 0.7940909 0.0035757 0.6070019
34.914790 6.1244059 -0.3560089 3.7854948 0.0317934 0.7915347 0.0065632 0.6102614
35.019540 6.1519570 -0.3573306 3.7780626 0.0318327 0.7902781 0.0079800 0.6118689
35.227510 6.2056828 -0.3600934 3.7651558 0.0302391 0.7880953 0.0062054 0.6147787
35.436220 6.2582817 -0.3629732 3.7524204 0.0334111 0.7848533 0.0048842 0.6187610
35.748270 6.3370085 -0.3667465 3.7363014 0.0314905 0.7767135 0.0036111 0.6290560
36.060640 6.4140215 -0.3709441 3.7232924 0.0309799 0.7633786 0.0047546 0.6451905
36.476890 6.5159054 -0.3765890 3.7145867 0.0274718 0.7355227 0.0005763 0.6769426
36.685150 6.5662065 -0.3793856 3.7141428 0.0242920 0.7217413 -0.0047789 0.6917201
36.893640 6.6162772 -0.3820862 3.7150347 0.0184194 0.7131242 -0.0094924 0.7007313
37.102920 6.6656017 -0.3848584 3.7156398 0.0112139 0.7146115 -0.0127087 0.6993162
37.311660 6.7139525 -0.3873628 3.7137027 0.0083127 0.7237492 -0.0120394 0.6899080
37.520670 6.7616363 -0.3896263 3.7099280 0.0089912 0.7321992 -0.0100095 0.6809577
37.625170 6.7850738 -0.3906255 3.7079196 0.0076948 0.7369614 -0.0110406 0.6758009
37.834140 6.8310184 -0.3926495 3.7027996 0.0058103 0.7483454 -0.0115050 0.6631840
37.938540 6.8535166 -0.3934225 3.6992292 0.0065440 0.7534260 -0.0103984 0.6574180
38.043370 6.8757982 -0.3942908 3.6954863 0.0069333 0.7581682 -0.0090043 0.6519600
38.147940 6.8980675 -0.3951592 3.6915989 0.0064387 0.7627982 -0.0084794 0.6465489
38.355860 6.9415035 -0.3970634 3.6833282 0.0050564 0.7712846 -0.0086868 0.6364111
38.564400 6.9833536 -0.3987724 3.6734066 0.0094695 0.7779046 -0.0068084 0.6282742
38.668540 7.0043173 -0.3996746 3.6686287 0.0097290 0.7801778 -0.0069593 0.6254435
38.876940 7.0450521 -0.4010451 3.6591210 0.0097181 0.7826762 -0.0062777 0.6223215
39.189420 7.1047320 -0.4035618 3.6449003 0.0105358 0.7838190 -0.0043014 0.6208851
39.502140 7.1639433 -0.4056240 3.6307640 0.0115912 0.7869006 -0.0069045 0.6169323
39.710790 7.2051849 -0.4073333 3.6205475 0.0101966 0.7903686 -0.0067638 0.6125094
39.919470 7.2475662 -0.4088643 3.6087232 0.0124094 0.7937942 -0.0054483 0.6080354
40.128060 7.2910404 -0.4103703 3.5966868 0.0128901 0.7973998 -0.0072100 0.6032706
40.336550 7.3355322 -0.4122701 3.5832744 0.0154488 0.8006579 -0.0056022 0.5988964
40.649320 7.4037743 -0.4149707 3.5627787 0.0153947 0.8046513 -0.0037274 0.5935364
40.857780 7.4504452 -0.4167284 3.5479565 0.0150037 0.8063093 0.0002854 0.5913038
41.066270 7.4970613 -0.4185114 3.5333903 0.0142491 0.8074235 0.0019017 0.5897970
41.274690 7.5432544 -0.4199309 3.5191140 0.0157416 0.8072408 0.0010687 0.5900114
41.482890 7.5891414 -0.4213965 3.5050621 0.0162446 0.8063420 0.0010919 0.5912254
41.795430 7.6568780 -0.4239227 3.4846590 0.0179925 0.8039114 0.0010225 0.5944759
42.107930 7.7217264 -0.4263114 3.4659343 0.0192967 0.8004883 0.0001818 0.5990376
42.420400 7.7814822 -0.4288399 3.4497128 0.0169117 0.7960610 0.0040848 0.6049663
42.836790 7.8520937 -0.4315067 3.4331627 0.0154401 0.7832752 0.0059067 0.6214553
43.148930 7.9011712 -0.4332096 3.4252098 0.0186394 0.7646936 0.0023006 0.6441204
43.460950 7.9497094 -0.4350330 3.4223993 0.0147000 0.7363796 0.0007665 0.6764084
43.773070 7.9968677 -0.4366953 3.4249775 0.0071338 0.7037788 -0.0020666 0.7103803
44.085170 8.0433483 -0.4381816 3.4312649 0.0028837 0.6686652 -0.0001804 0.7435580
44.397150 8.0889683 -0.4391368 3.4428191 0.0037380 0.6272594 -0.0019687 0.7787990
44.605140 8.1197662 -0.4398549 3.4539161 0.0051499 0.5944979 -0.0029788 0.8040751
44.813580 8.1498022 -0.4407325 3.4689023 0.0044456 0.5573339 -0.0093762 0.8302236
45.021230 8.1800909 -0.4418860 3.4869912 0.0072208 0.5166557 -0.0102463 0.8561015
45.229310 8.2106514 -0.4429131 3.5087724 0.0117246 0.4736176 -0.0075973 0.8806198
45.437440 8.2406826 -0.4439473 3.5361569 0.0085214 0.4301921 -0.0099620 0.9026422
45.645680 8.2703390 -0.4455801 3.5684066 0.0063211 0.3854850 -0.0115071 0.9226207
45.853900 8.2999439 -0.4469110 3.6053073 0.0065778 0.3415606 -0.0105083 0.9397780
46.062500 8.3285675 -0.4484887 3.6472654 0.0060946 0.3012941 -0.0093372 0.9534661
46.271110 8.3563347 -0.4495451 3.6944516 0.0045240 0.2665712 -0.0097443 0.9637554
46.479940 8.3830853 -0.4506708 3.7466996 0.0012991 0.2389343 -0.0093031 0.9709903
46.688930 8.4099607 -0.4515888 3.8035343 -0.0005658 0.2184163 -0.0069666 0.9758307
46.897820 8.4361439 -0.4524407 3.8639178 -0.0000849 0.2007044 -0.0025993 0.9796484
47.106530 8.4614115 -0.4532847 3.9286942 0.0005116 0.1831007 -0.0010983 0.9830934
47.315280 8.4852123 -0.4542127 3.9971023 0.0003901 0.1677109 -0.0015977 0.9858348
47.524300 8.5082798 -0.4548691 4.0684228 -0.0012453 0.1611805 -0.0046218 0.9869133
47.733280 8.5324411 -0.4558671 4.1419630 -0.0019631 0.1600485 -0.0045523 0.9870967
47.942180 8.5572481 -0.4568073 4.2169533 -0.0005640 0.1600665 -0.0023085 0.9871034
48.150840 8.5830927 -0.4578522 4.2950358 -0.0002586 0.1602917 -0.0021933 0.9870672
48.359390 8.6098328 -0.4589431 4.3749776 -0.0023821 0.1611352 -0.0011698 0.9869288
48.567920 8.6369743 -0.4601379 4.4559436 -0.0029195 0.1617906 0.0001074 0.9868208
48.776450 8.6641960 -0.4610018 4.5369053 -0.0028248 0.1620818 0.0016622 0.9867719
48.985000 8.6915665 -0.4620630 4.6182137 -0.0049030 0.1623981 0.0032507 0.9867077
49.193280 8.7196159 -0.4627813 4.7006407 -0.0041237 0.1620597 0.0051023 0.9867591
49.407810 8.7468176 -0.4635125 4.7817078 -0.0024569 0.1617141 0.0054488 0.9868196
49.610180 8.7736340 -0.4644123 4.8629899 -0.0023054 0.1605294 0.0057028 0.9870119
49.818560 8.7998581 -0.4656749 4.9442344 -0.0031735 0.1594367 0.0053711 0.9871885
50.026950 8.8261852 -0.4666812 5.0260286 -0.0030921 0.1580818 0.0050361 0.9874083
50.339430 8.8654623 -0.4678688 5.1485605 -0.0040266 0.1557958 0.0059149 0.9877633
50.652030 8.9035978 -0.4690404 5.2693672 -0.0042768 0.1531360 0.0074219 0.9881680
50.964550 8.9404964 -0.4702238 5.3873229 -0.0044629 0.1499979 0.0080589 0.9886434
51.172910 8.9636106 -0.4704322 5.4641275 -0.0076281 0.1476806 0.0078426 0.9889746
51.382890 8.9859953 -0.4709865 5.5375271 -0.0042706 0.1450643 0.0077203 0.9893829
51.589660 9.0061169 -0.4718116 5.6077647 -0.0021220 0.1427396 0.0064802 0.9897368
51.798030 9.0248890 -0.4728990 5.6748095 -0.0043182 0.1397617 0.0069177 0.9901516
52.110910 9.0502853 -0.4743630 5.7686028 -0.0071809 0.1334178 0.0072339 0.9910074
52.319330 9.0650940 -0.4747333 5.8257742 -0.0056861 0.1299807 0.0057790 0.9914834
52.632080 9.0851240 -0.4762564 5.9026718 -0.0034935 0.1279120 0.0033405 0.9917737
52.840660 9.0969172 -0.4768416 5.9491310 -0.0009015 0.1270851 0.0034018 0.9918856
53.049160 9.1075745 -0.4776920 5.9929609 -0.0020730 0.1259127 0.0023746 0.9920363
53.361840 9.1230354 -0.4787632 6.0559158 -0.0012745 0.1187199 0.0045283 0.9929166
53.674060 9.1345196 -0.4799316 6.1170602 -0.0004608 0.0974497 0.0061776 0.9952212
53.985990 9.1399422 -0.4808756 6.1759248 -0.0012301 0.0582368 0.0047102 0.9982910
54.297670 9.1385994 -0.4816969 6.2331810 -0.0042029 0.0036200 0.0026009 0.9999812
54.609440 9.1292839 -0.4824881 6.2869940 -0.0062062 -0.0625264 -0.0052604 0.9980102
54.817300 9.1185312 -0.4822000 6.3219953 -0.0094841 -0.1115142 -0.0074569 0.9936896
55.025330 9.1044340 -0.4820500 6.3555436 -0.0132410 -0.1646844 -0.0071584 0.9862314
55.233280 9.0868168 -0.4821047 6.3864598 -0.0165703 -0.2194482 -0.0095264 0.9754369
55.441330 9.0654163 -0.4815302 6.4147077 -0.0173632 -0.2757345 -0.0122750 0.9609986
55.649410 9.0408106 -0.4805994 6.4400787 -0.0188124 -0.3313467 -0.0119467 0.9432459
55.857760 9.0139332 -0.4793795 6.4631286 -0.0220624 -0.3867157 -0.0103557 0.9218769
55.961860 8.9994125 -0.4787436 6.4731092 -0.0231972 -0.4135845 -0.0102547 0.9101124
56.066000 8.9841127 -0.4782572 6.4823933 -0.0250897 -0.4399832 -0.0099419 0.8976004
56.170220 8.9682808 -0.4776829 6.4907255 -0.0254687 -0.4657351 -0.0112343 0.8844863
56.274310 8.9519262 -0.4770606 6.4976974 -0.0242471 -0.4904125 -0.0130313 0.8710556
56.378550 8.9352455 -0.4764539 6.5037107 -0.0223112 -0.5147416 -0.0149687 0.8569243
56.482840 8.9183159 -0.4758785 6.5091262 -0.0212090 -0.5381015 -0.0152996 0.8424742
56.587120 8.9008503 -0.4750090 6.5139494 -0.0198640 -0.5599867 -0.0153806 0.8281206
56.691300 8.8830042 -0.4744852 6.5178571 -0.0184771 -0.5799500 -0.0158091 0.8142890
56.900200 8.8466816 -0.4732752 6.5239658 -0.0151473 -0.6137705 -0.0174805 0.7891456
57.109200 8.8088484 -0.4716304 6.5300941 -0.0181130 -0.6392576 -0.0127024 0.7686744
57.318320 8.7679749 -0.4699221 6.5341945 -0.0197762 -0.6573014 -0.0136597 0.7532444
57.422830 8.7459364 -0.4691324 6.5353622 -0.0188441 -0.6645826 -0.0164061 0.7467970
57.631790 8.7000332 -0.4678288 6.5380034 -0.0187869 -0.6751063 -0.0177525 0.7372676
57.840730 8.6512651 -0.4658102 6.5410380 -0.0179707 -0.6872322 -0.0113334 0.7261271
58.049450 8.5969753 -0.4636784 6.5416384 -0.0195859 -0.6994672 -0.0089730 0.7143399
58.258220 8.5385714 -0.4619272 6.5397100 -0.0181577 -0.7097368 -0.0143786 0.7040861
58.467090 8.4760437 -0.4595594 6.5368900 -0.0169380 -0.7165472 -0.0163465 0.6971413
58.676060 8.4094334 -0.4570277 6.5339026 -0.0163153 -0.7195106 -0.0180603 0.6940548
58.884940 8.3391809 -0.4541737 6.5300341 -0.0134933 -0.7205763 -0.0204865 0.6929416
59.093910 8.2648983 -0.4511177 6.5264320 -0.0092632 -0.7178738 -0.0241016 0.6956943
59.302920 8.1874342 -0.4482632 6.5249238 -0.0071421 -0.7116582 -0.0270522 0.7019685
59.512300 8.1066771 -0.4450186 6.5249467 -0.0052386 -0.7047922 -0.0285575 0.7088194
59.720720 8.0225172 -0.4417329 6.5264530 -0.0032894 -0.6975906 -0.0299223 0.7158639
59.929310 7.9347196 -0.4383832 6.5301533 -0.0026771 -0.6899800 -0.0317439 0.7231271
60.137820 7.8446984 -0.4348571 6.5360150 -0.0033525 -0.6826391 -0.0336331 0.7299736
60.346310 7.7539539 -0.4315869 6.5433779 -0.0039784 -0.6764200 -0.0349401 0.7356761
60.554790 7.6638532 -0.4284579 6.5515223 -0.0046730 -0.6713317 -0.0347347 0.7403279
60.763240 7.5729799 -0.4247772 6.5605083 -0.0050521 -0.6688756 -0.0331859 0.7426161
60.971470 7.4823155 -0.4217586 6.5698142 -0.0047665 -0.6679927 -0.0333255 0.7434060
61.179820 7.3903394 -0.4183015 6.5795965 -0.0038034 -0.6671687 -0.0333583 0.7441496
61.388180 7.2986507 -0.4153963 6.5892229 -0.0037847 -0.6665349 -0.0338148 0.7446969
61.596570 7.2074890 -0.4123335 6.5988984 -0.0032623 -0.6666034 -0.0344630 0.7446083
61.805110 7.1157842 -0.4091961 6.6084538 -0.0028530 -0.6669295 -0.0330423 0.7443823
62.013230 7.0246382 -0.4061109 6.6178589 -0.0018856 -0.6675338 -0.0340868 0.7437964
62.221590 6.9337044 -0.4030719 6.6268816 -0.0040830 -0.6679334 -0.0360037 0.7433385
62.429920 6.8428497 -0.3996153 6.6358762 -0.0029382 -0.6681262 -0.0360230 0.7431697
62.638450 6.7528043 -0.3961798 6.6452613 -0.0027330 -0.6677759 -0.0361358 0.7434797
62.849550 6.6638761 -0.3932896 6.6547709 -0.0030728 -0.6664819 -0.0369706 0.7445976
63.159760 6.5332952 -0.3887788 6.6685138 -0.0023666 -0.6651229 -0.0361051 0.7458568
63.368170 6.4459906 -0.3857322 6.6781483 -0.0018101 -0.6646843 -0.0361903 0.7462451
63.576570 6.3596740 -0.3828919 6.6874504 -0.0019332 -0.6639798 -0.0364453 0.7468593
63.785050 6.2730989 -0.3796624 6.6978264 -0.0026963 -0.6636451 -0.0365414 0.7471496
64.097830 6.1455531 -0.3756137 6.7128196 -0.0017250 -0.6634691 -0.0343801 0.7474114
64.306310 6.0602169 -0.3722386 6.7224350 -0.0006328 -0.6628982 -0.0342030 0.7479276
64.619620 5.9310265 -0.3688211 6.7381792 -0.0017897 -0.6619489 -0.0343388 0.7487598
64.827560 5.8441224 -0.3658567 6.7489052 -0.0039675 -0.6611015 -0.0331920 0.7495514
65.035920 5.7570596 -0.3628530 6.7598019 -0.0047290 -0.6603778 -0.0337715 0.7501588
65.244430 5.6693540 -0.3596277 6.7710795 -0.0026213 -0.6600582 -0.0307767 0.7505792
65.453010 5.5809326 -0.3572918 6.7817278 -0.0016723 -0.6602261 -0.0318717 0.7503885
65.661320 5.4913740 -0.3544206 6.7923684 -0.0029417 -0.6620098 -0.0314147 0.7488307
65.870560 5.4012532 -0.3515336 6.8024373 -0.0036482 -0.6651223 -0.0307905 0.7460905
66.078070 5.3104100 -0.3485972 6.8112760 -0.0037303 -0.6688569 -0.0317803 0.7427022
66.286540 5.2185798 -0.3454535 6.8195009 -0.0033001 -0.6725467 -0.0330297 0.7393098
66.495070 5.1265759 -0.3427367 6.8272643 -0.0008275 -0.6742947 -0.0315165 0.7377890
66.703570 5.0337148 -0.3399550 6.8348861 -0.0002250 -0.6748506 -0.0295634 0.7373620
66.911930 4.9403820 -0.3377652 6.8431282 -0.0033389 -0.6754795 -0.0286609 0.7368140
67.120480 4.8476696 -0.3348774 6.8507581 -0.0063938 -0.6760887 -0.0303010 0.7361692
67.433190 4.7098637 -0.3296323 6.8615651 -0.0062951 -0.6765670 -0.0322207 0.7356489
67.641720 4.6180935 -0.3266218 6.8685064 -0.0054106 -0.6768678 -0.0322054 0.7353798
67.850040 4.5270605 -0.3240281 6.8754983 -0.0041566 -0.6773285 -0.0320889 0.7349688
68.058600 4.4361520 -0.3210073 6.8820667 -0.0036237 -0.6775129 -0.0318319 0.7348128
68.266970 4.3456817 -0.3182256 6.8885627 -0.0031682 -0.6775075 -0.0321553 0.7348058
68.579550 4.2109056 -0.3144103 6.8991499 -0.0028200 -0.6773323 -0.0321636 0.7349684
68.892240 4.0756197 -0.3101644 6.9096785 -0.0028282 -0.6772773 -0.0328628 0.7349880
69.100450 3.9852419 -0.3073462 6.9163103 -0.0024377 -0.6771763 -0.0331240 0.7350708
69.308840 3.8953972 -0.3045594 6.9230533 -0.0041642 -0.6772000 -0.0344182 0.7349818
69.517240 3.8057599 -0.3013257 6.9296594 -0.0031847 -0.6774818 -0.0343286 0.7347312
69.725600 3.7162192 -0.2982530 6.9362721 -0.0028679 -0.6777852 -0.0359048 0.7343771
69.933920 3.6272609 -0.2950536 6.9423571 0.0001338 -0.6780787 -0.0362823 0.7340932
70.246450 3.4945683 -0.2911802 6.9522967 0.0047372 -0.6762980 -0.0375005 0.7356577
70.559170 3.3619878 -0.2874725 6.9642115 0.0007410 -0.6738863 -0.0380265 0.7378554
70.871920 3.2300475 -0.2829908 6.9758940 0.0003318 -0.6713898 -0.0389923 0.7400779
71.288550 3.0542066 -0.2776396 6.9933414 0.0039116 -0.6693502 -0.0358973 0.7420689
71.601510 2.9217267 -0.2743330 7.0054417 0.0008014 -0.6686916 -0.0355781 0.7426878
72.017800 2.7431014 -0.2688093 7.0236731 -0.0024928 -0.6700028 -0.0348201 0.7415374
72.226050 2.6535437 -0.2653244 7.0317755 -0.0039413 -0.6698115 -0.0374120 0.7415776
72.538690 2.5208058 -0.2612339 7.0448599 0.0003012 -0.6693821 -0.0309397 0.7422737
72.851340 2.3867428 -0.2572529 7.0579524 -0.0039288 -0.6696112 -0.0330764 0.7419645
73.163840 2.2525673 -0.2525946 7.0707808 -0.0043821 -0.6715367 -0.0327186 0.7402356
73.476280 2.1185641 -0.2484936 7.0821323 -0.0061882 -0.6750549 -0.0312921 0.7370776
73.788870 1.9848332 -0.2440088 7.0921865 -0.0053043 -0.6776820 -0.0310547 0.7346799
73.997240 1.8946588 -0.2411327 7.0985804 -0.0054709 -0.6791439 -0.0320094 0.7332865
74.309810 1.7585683 -0.2360169 7.1076670 -0.0047531 -0.6799439 -0.0332427 0.7324948
74.518190 1.6682272 -0.2329421 7.1136537 -0.0041613 -0.6802672 -0.0325332 0.7322300
74.726710 1.5777488 -0.2298473 7.1194582 -0.0051510 -0.6808465 -0.0323639 0.7316927
74.935080 1.4879745 -0.2271642 7.1252146 -0.0059089 -0.6817800 -0.0327540 0.7307998
75.143430 1.3986377 -0.2239609 7.1312561 -0.0058573 -0.6829606 -0.0315459 0.7297502
75.351710 1.3095634 -0.2210117 7.1367774 -0.0059244 -0.6842521 -0.0307077 0.7285746
75.560080 1.2214104 -0.2183343 7.1413450 -0.0042566 -0.6860036 -0.0269102 0.7270879
75.768340 1.1331743 -0.2160792 7.1458621 -0.0039672 -0.6876373 -0.0259315 0.7255803
75.976580 1.0457160 -0.2137152 7.1499915 -0.0069630 -0.6892751 -0.0272059 0.7239553
76.185000 0.9584591 -0.2112156 7.1533804 -0.0067039 -0.6896766 -0.0281825 0.7235379
76.393300 0.8721803 -0.2086433 7.1570106 -0.0063479 -0.6895844 -0.0294664 0.7235778
76.601900 0.7859148 -0.2059075 7.1600714 -0.0068521 -0.6893009 -0.0316979 0.7237490
76.810120 0.7005043 -0.2029387 7.1635065 -0.0060590 -0.6895831 -0.0312496 0.7235066
77.018320 0.6161823 -0.1998425 7.1668572 -0.0057843 -0.6907874 -0.0321896 0.7223179
77.226680 0.5336619 -0.1970327 7.1696301 -0.0059830 -0.6920579 -0.0331320 0.7210564
77.436110 0.4521390 -0.1943752 7.1714892 -0.0052792 -0.6933071 -0.0332624 0.7198549
77.643330 0.3718169 -0.1917973 7.1738563 -0.0049809 -0.6949188 -0.0331627 0.7183058
77.851700 0.2928883 -0.1890057 7.1759539 -0.0048081 -0.6961594 -0.0330957 0.7171078
78.060100 0.2155562 -0.1865175 7.1775494 -0.0049523 -0.6972263 -0.0341901 0.7160181
78.268580 0.1408109 -0.1841305 7.1791635 -0.0042812 -0.6974686 -0.0353757 0.7157289
78.477150 0.0690312 -0.1816667 7.1806908 -0.0026368 -0.6960601 -0.0358501 0.7170830
78.581420 0.0337936 -0.1804721 7.1814938 -0.0023221 -0.6949310 -0.0353047 0.7182055
78.685710 -0.0007998 -0.1793810 7.1823273 -0.0016707 -0.6940361 -0.0354259 0.7190662
78.789980 -0.0347344 -0.1784794 7.1835413 -0.0018280 -0.6929614 -0.0349791 0.7201234
78.998610 -0.1023234 -0.1764156 7.1861529 -0.0018208 -0.6910925 -0.0341224 0.7219581
79.207090 -0.1696344 -0.1743244 7.1889963 -0.0016295 -0.6893185 -0.0334616 0.7236834
79.415550 -0.2353058 -0.1722908 7.1918664 -0.0032925 -0.6879438 -0.0334531 0.7249851
79.624080 -0.3000096 -0.1700701 7.1951189 -0.0033950 -0.6871042 -0.0331131 0.7257960
79.832620 -0.3635310 -0.1682226 7.1984954 -0.0035447 -0.6862567 -0.0329006 0.7266063
80.145310 -0.4533651 -0.1654279 7.2034535 -0.0054260 -0.6840668 -0.0336419 0.7286230
80.353800 -0.5105644 -0.1635635 7.2073016 -0.0054508 -0.6821191 -0.0335082 0.7304527
80.562510 -0.5648783 -0.1615291 7.2113738 -0.0061207 -0.6795861 -0.0328166 0.7328358
80.770930 -0.6155610 -0.1598646 7.2158155 -0.0074443 -0.6769345 -0.0327575 0.7352763
81.083960 -0.6864653 -0.1575393 7.2224112 -0.0078986 -0.6703486 -0.0326423 0.7412859
81.292550 -0.7306822 -0.1562867 7.2280002 -0.0079041 -0.6638283 -0.0309844 0.7472011
81.709820 -0.8124852 -0.1540758 7.2410936 -0.0063238 -0.6453420 -0.0275763 0.7633697
82.336010 -0.9154518 -0.1520895 7.2690878 -0.0076732 -0.6038858 -0.0221259 0.7967267
82.649060 -0.9588346 -0.1515211 7.2865767 -0.0065078 -0.5750700 -0.0176238 0.8178885
83.275720 -1.0375018 -0.1502821 7.3319569 -0.0109288 -0.4943851 -0.0166518 0.8690147
83.588800 -1.0720766 -0.1499078 7.3606377 -0.0039830 -0.4431888 -0.0130963 0.8963237
84.110770 -1.1249502 -0.1486613 7.4243751 -0.0008139 -0.3458976 -0.0065085 0.9382493
84.319310 -1.1450748 -0.1490530 7.4557514 -0.0008311 -0.3033760 -0.0067920 0.9528463
84.527960 -1.1626914 -0.1495444 7.4905543 0.0001377 -0.2608038 -0.0055815 0.9653757
84.737260 -1.1793354 -0.1500344 7.5288248 0.0043168 -0.2191439 -0.0063465 0.9756624
84.944930 -1.1943059 -0.1505360 7.5720139 0.0053605 -0.1779417 -0.0096061 0.9839795
85.154250 -1.2064614 -0.1515363 7.6196127 0.0046935 -0.1350047 -0.0100392 0.9907830
85.361980 -1.2157781 -0.1524473 7.6719270 0.0063833 -0.0942485 -0.0111441 0.9954659
85.570070 -1.2220477 -0.1533749 7.7279396 0.0092526 -0.0593204 -0.0100729 0.9981453
85.778090 -1.2248961 -0.1553051 7.7874198 0.0095214 -0.0331737 -0.0075590 0.9993756
85.985830 -1.2263445 -0.1570391 7.8496523 0.0099328 -0.0178365 -0.0037967 0.9997844
86.193550 -1.2270191 -0.1588563 7.9157491 0.0093263 -0.0075969 -0.0013651 0.9999267
86.401450 -1.2270733 -0.1608909 7.9849629 0.0084558 -0.0031833 0.0012734 0.9999584
86.608970 -1.2271690 -0.1626028 8.0567160 0.0086395 -0.0034877 0.0039845 0.9999487
86.816720 -1.2282687 -0.1647893 8.1314878 0.0076177 -0.0060850 0.0033137 0.9999470
87.024550 -1.2299459 -0.1669576 8.2081242 0.0095410 -0.0092127 0.0052130 0.9998984
87.232860 -1.2321357 -0.1693734 8.2859182 0.0109927 -0.0114526 0.0039901 0.9998660
87.440900 -1.2342221 -0.1721205 8.3648186 0.0064699 -0.0127809 0.0036151 0.9998909
87.648940 -1.2366556 -0.1743563 8.4437895 0.0054623 -0.0138218 0.0019334 0.9998877
87.961420 -1.2410682 -0.1775396 8.5620356 0.0075235 -0.0151266 -0.0010618 0.9998567
88.273850 -1.2454308 -0.1812789 8.6827183 0.0053218 -0.0165200 -0.0006250 0.9998492
88.586360 -1.2500999 -0.1846323 8.8017826 0.0030460 -0.0193797 0.0007693 0.9998072
88.794690 -1.2537634 -0.1863702 8.8805656 0.0018017 -0.0212371 0.0004782 0.9997727
89.107430 -1.2595811 -0.1887439 8.9976759 0.0017533 -0.0240387 0.0004161 0.9997094
89.419930 -1.2656226 -0.1915567 9.1124201 0.0053200 -0.0257286 0.0007494 0.9996545
89.732690 -1.2719002 -0.1945271 9.2236853 0.0016525 -0.0251510 -0.0001752 0.9996823
90.045560 -1.2774019 -0.1970882 9.3277702 0.0039700 -0.0252795 -0.0012203 0.9996718
90.357970 -1.2831712 -0.1994195 9.4239578 0.0023549 -0.0279144 -0.0017587 0.9996060
90.670570 -1.2889801 -0.2012779 9.5112810 0.0028732 -0.0326385 -0.0016865 0.9994617
90.983300 -1.2952816 -0.2030943 9.5891132 0.0032385 -0.0367153 -0.0015533 0.9993193
91.296000 -1.3002498 -0.2059012 9.6588707 0.0027595 -0.0345935 -0.0025282 0.9993945
91.713820 -1.3032787 -0.2079105 9.7437601 0.0039378 -0.0129081 -0.0050232 0.9998963
91.922450 -1.3018590 -0.2092392 9.7850924 0.0041881 0.0061363 -0.0039466 0.9999646
92.131240 -1.2984462 -0.2107892 9.8252277 0.0082374 0.0303714 -0.0049323 0.9994926
92.340330 -1.2923402 -0.2121476 9.8646927 0.0108310 0.0617942 -0.0051528 0.9980168
92.549480 -1.2827669 -0.2137054 9.9018831 0.0107858 0.0976206 -0.0013995 0.9951643
92.758490 -1.2703884 -0.2149656 9.9371033 0.0109047 0.1364833 0.0055246 0.9905670
92.968320 -1.2553363 -0.2166888 9.9703350 0.0093737 0.1767160 0.0115603 0.9841493
93.176360 -1.2387695 -0.2183680 10.0027256 0.0104830 0.2205163 0.0095554 0.9752802
93.489710 -1.2074699 -0.2201128 10.0468664 0.0180424 0.2881726 0.0087284 0.9573687
93.698450 -1.1820674 -0.2210951 10.0746622 0.0223947 0.3338467 0.0111158 0.9422958
93.907230 -1.1548576 -0.2226037 10.1026154 0.0176165 0.3819298 -0.0015769 0.9240221
94.115820 -1.1235137 -0.2250826 10.1268616 0.0160968 0.4274627 -0.0023550 0.9038866
94.324500 -1.0879850 -0.2262568 10.1465788 0.0228060 0.4736701 0.0018352 0.8804051
94.533080 -1.0494668 -0.2279379 10.1661930 0.0196831 0.5199014 -0.0066534 0.8539736
94.741610 -1.0061512 -0.2305669 10.1833591 0.0125382 0.5626695 -0.0092340 0.8265353
94.949970 -0.9596728 -0.2329358 10.1954184 0.0148043 0.5987219 -0.0069262 0.8007902
95.262120 -0.8824736 -0.2353579 10.2097244 0.0180412 0.6388762 -0.0061935 0.7690731
95.469850 -0.8267559 -0.2378714 10.2165833 0.0138335 0.6592582 -0.0042065 0.7517776
95.677890 -0.7673000 -0.2398152 10.2217007 0.0125894 0.6777807 -0.0061837 0.7351303
95.885910 -0.7049006 -0.2419713 10.2232561 0.0170550 0.6926789 -0.0040471 0.7210330
96.093730 -0.6385177 -0.2441226 10.2239418 0.0142114 0.7049157 -0.0018992 0.7091461
96.301480 -0.5692097 -0.2467066 10.2227640 0.0127585 0.7135147 -0.0006075 0.7005237
96.509210 -0.4979768 -0.2483276 10.2194815 0.0179721 0.7173453 0.0017661 0.6964838
96.717080 -0.4220717 -0.2506047 10.2178383 0.0154814 0.7194905 0.0027742 0.6943241
96.924880 -0.3443682 -0.2529309 10.2151566 0.0149335 0.7203212 0.0023954 0.6934758
97.132730 -0.2645496 -0.2550420 10.2122192 0.0148590 0.7210367 0.0052933 0.6927173
97.340580 -0.1851096 -0.2572694 10.2096310 0.0142986 0.7193026 0.0073393 0.6945110
97.548460 -0.1054612 -0.2595134 10.2076530 0.0160871 0.7169277 0.0068472 0.6969282
97.756480 -0.0252285 -0.2615251 10.2064486 0.0153017 0.7146174 0.0074969 0.6993080
97.964520 0.0544740 -0.2638246 10.2056522 0.0163297 0.7124969 0.0063401 0.7014566
98.173950 0.1354231 -0.2661164 10.2052774 0.0153754 0.7108684 0.0048011 0.7031406
98.380720 0.2172062 -0.2686703 10.2057390 0.0111439 0.7096637 0.0039061 0.7044416
98.588990 0.2993876 -0.2707655 10.2061424 0.0109115 0.7086433 0.0008714 0.7054820
98.901370 0.4222751 -0.2747454 10.2064199 0.0096508 0.7083169 0.0006367 0.7058284
99.109590 0.5038215 -0.2771979 10.2064867 0.0095584 0.7086020 0.0017629 0.7055414
99.422060 0.6250204 -0.2805441 10.2065134 0.0088305 0.7094217 0.0011621 0.7047279
99.630630 0.7055869 -0.2828521 10.2064953 0.0066682 0.7109476 -0.0005203 0.7032131
99.838860 0.7859438 -0.2851374 10.2058821 0.0044854 0.7123970 -0.0007236 0.7017620
100.047200 0.8652757 -0.2869697 10.2051382 0.0004780 0.7137093 0.0005428 0.7004417
100.359800 0.9818543 -0.2897015 10.2031775 0.0037470 0.7143043 -0.0008114 0.6998248
100.568000 1.0588406 -0.2913615 10.2018585 0.0056391 0.7142761 -0.0016475 0.6998394
100.776300 1.1354418 -0.2934660 10.2009611 0.0048515 0.7149998 -0.0024776 0.6991034
100.985100 1.2115785 -0.2953842 10.1997480 0.0030577 0.7160752 -0.0017083 0.6980143
101.193100 1.2870238 -0.2976892 10.1982450 0.0010662 0.7172753 -0.0014828 0.6967875
101.505600 1.3984810 -0.3003329 10.1955605 0.0032804 0.7175643 -0.0020972 0.6964813
101.714000 1.4726713 -0.3020854 10.1941347 0.0015022 0.7171100 -0.0013164 0.6969571
101.922300 1.5453897 -0.3037850 10.1928043 -0.0011432 0.7166851 -0.0015438 0.6973943
102.130600 1.6180980 -0.3054187 10.1913366 0.0006042 0.7166539 -0.0018316 0.6974263
102.339000 1.6896455 -0.3066454 10.1898842 0.0009094 0.7169838 -0.0037440 0.6970792
102.547400 1.7613065 -0.3086917 10.1879187 0.0015149 0.7169018 -0.0015263 0.6971709
102.755600 1.8314240 -0.3107969 10.1863480 0.0079750 0.7166263 -0.0088178 0.6973560
102.964100 1.9011748 -0.3132087 10.1842718 0.0111180 0.7160729 -0.0069197 0.6979026
103.172400 1.9708296 -0.3159642 10.1834583 0.0062004 0.7147917 -0.0040010 0.6992985
103.380700 2.0390916 -0.3181510 10.1823597 0.0057312 0.7134722 -0.0027872 0.7006545
103.589200 2.1072557 -0.3200912 10.1824389 0.0016972 0.7133353 -0.0061133 0.7007942
103.797500 2.1745915 -0.3222879 10.1819315 0.0013580 0.7140950 -0.0079504 0.7000023
104.006000 2.2415509 -0.3243796 10.1809845 0.0000301 0.7151691 -0.0084954 0.6988999
104.214400 2.3075023 -0.3262697 10.1793413 0.0007581 0.7160132 -0.0064321 0.6980567
104.422700 2.3721561 -0.3280199 10.1781445 -0.0002664 0.7159866 -0.0065081 0.6980836
104.630800 2.4356871 -0.3299427 10.1772852 0.0000685 0.7152932 -0.0083884 0.6987742
104.839200 2.4984932 -0.3319108 10.1762362 0.0016312 0.7148279 -0.0101243 0.6992252
105.047500 2.5603833 -0.3340219 10.1755085 0.0014843 0.7147521 -0.0098091 0.6993074
105.256000 2.6222496 -0.3360766 10.1747875 -0.0003965 0.7146870 -0.0096053 0.6993783
105.464400 2.6833916 -0.3380214 10.1730671 0.0011613 0.7156940 -0.0074354 0.6983734
105.672800 2.7439051 -0.3399411 10.1719141 -0.0005037 0.7177713 -0.0082739 0.6962296
105.881400 2.8039322 -0.3417715 10.1698475 0.0011917 0.7196681 -0.0075007 0.6942767
106.089900 2.8641419 -0.3437817 10.1669712 0.0033084 0.7237041 -0.0099246 0.6900311
106.298500 2.9269629 -0.3455995 10.1638746 0.0023480 0.7276183 -0.0117951 0.6858768
106.611300 3.0242732 -0.3490212 10.1567659 0.0035731 0.7335804 -0.0104506 0.6795130
106.819700 3.0909228 -0.3511908 10.1516256 0.0008510 0.7377644 -0.0100469 0.6749829
107.028200 3.1597052 -0.3531668 10.1448832 0.0020554 0.7412847 -0.0076203 0.6711442
107.236600 3.2298484 -0.3550565 10.1373777 0.0051501 0.7449849 -0.0093831 0.6669954
107.445000 3.3028812 -0.3572159 10.1286259 0.0067303 0.7479154 -0.0079317 0.6637126
107.653400 3.3788159 -0.3595226 10.1190634 0.0057303 0.7502868 -0.0045311 0.6610722
107.861600 3.4565706 -0.3614011 10.1088772 0.0061956 0.7513531 -0.0009263 0.6598706
108.071200 3.5371065 -0.3633587 10.0985956 0.0079826 0.7514303 -0.0009299 0.6597635
108.382200 3.6624663 -0.3666481 10.0825443 0.0130445 0.7503675 0.0020754 0.6608889
108.694500 3.7939153 -0.3698032 10.0667439 0.0165240 0.7462997 0.0071870 0.6653661
108.902600 3.8842506 -0.3717704 10.0575867 0.0161263 0.7431251 0.0074763 0.6689163
109.214800 4.0234771 -0.3752172 10.0446901 0.0161777 0.7379612 0.0078571 0.6746034
109.423000 4.1176043 -0.3777924 10.0376511 0.0171576 0.7352622 0.0053365 0.6775445
109.631400 4.2122946 -0.3807443 10.0309715 0.0207850 0.7341187 0.0014496 0.6787015
109.839600 4.3082170 -0.3844239 10.0236511 0.0183716 0.7332278 0.0058033 0.6797100
110.047800 4.4040112 -0.3873141 10.0168438 0.0173658 0.7325115 0.0098663 0.6804616
110.361100 4.5466685 -0.3915706 10.0074272 0.0181773 0.7317014 0.0086461 0.6813281
110.672600 4.6890273 -0.3956383 9.9985781 0.0179706 0.7306839 0.0083729 0.6824280
110.985200 4.8311925 -0.4001357 9.9903040 0.0196096 0.7285748 0.0054077 0.6846641
111.297500 4.9721127 -0.4046012 9.9838114 0.0155533 0.7259393 0.0081587 0.6875345
111.505700 5.0655155 -0.4070723 9.9796524 0.0151491 0.7242812 0.0065358 0.6893073
111.714100 5.1582861 -0.4099919 9.9764175 0.0103626 0.7232091 0.0049965 0.6905333
111.922300 5.2505732 -0.4126405 9.9731369 0.0086018 0.7230363 0.0021726 0.6907530
112.130600 5.3415685 -0.4156666 9.9699841 0.0102642 0.7234232 -0.0010256 0.6903278
112.338800 5.4317365 -0.4185987 9.9657888 0.0130415 0.7233935 -0.0014918 0.6903112
112.547100 5.5217209 -0.4216536 9.9621267 0.0091643 0.7242023 0.0003443 0.6895266
112.755500 5.6104741 -0.4246080 9.9578466 0.0069208 0.7255765 -0.0007897 0.6881062
112.964100 5.6987648 -0.4269053 9.9537592 0.0057595 0.7281424 -0.0015885 0.6853999
113.172100 5.7866631 -0.4294338 9.9482775 0.0047427 0.7309759 -0.0021189 0.6823835
113.380300 5.8746781 -0.4321261 9.9425163 0.0044475 0.7336853 -0.0046070 0.6794593
113.588800 5.9615793 -0.4346366 9.9356813 0.0058392 0.7374884 -0.0040440 0.6753224
113.797100 6.0488234 -0.4373022 9.9274206 0.0049781 0.7427770 -0.0036334 0.6695105
114.005500 6.1353788 -0.4397588 9.9173660 0.0034267 0.7488325 -0.0010212 0.6627497
114.213900 6.2223182 -0.4417620 9.9058352 0.0023568 0.7549185 -0.0014284 0.6558128
114.526500 6.3525791 -0.4447020 9.8854055 0.0045320 0.7641597 -0.0005411 0.6450109
114.839100 6.4823699 -0.4474233 9.8599815 0.0069373 0.7743110 0.0018929 0.6327644
115.047500 6.5686903 -0.4494061 9.8409557 0.0107379 0.7804402 0.0029397 0.6251314
115.359900 6.6979747 -0.4526933 9.8098860 0.0161037 0.7844356 0.0084306 0.6199439
115.568000 6.7837610 -0.4549488 9.7893667 0.0212802 0.7839024 0.0098699 0.6204408
115.775900 6.8703766 -0.4571899 9.7694569 0.0243953 0.7807981 0.0127987 0.6241757
115.983800 6.9570618 -0.4595070 9.7504444 0.0240502 0.7765437 0.0195030 0.6293020
116.191900 7.0430861 -0.4613667 9.7329683 0.0266915 0.7731196 0.0198878 0.6333863
116.400000 7.1287727 -0.4636304 9.7166319 0.0307111 0.7693647 0.0171178 0.6378416
116.608000 7.2154799 -0.4660316 9.7016506 0.0280773 0.7652690 0.0168547 0.6428771
116.816100 7.3008108 -0.4684329 9.6877699 0.0276707 0.7607576 0.0191896 0.6481619
117.024500 7.3859301 -0.4708444 9.6755037 0.0275993 0.7577989 0.0170676 0.6516807
117.337000 7.5098281 -0.4744928 9.6574345 0.0291237 0.7567455 0.0177419 0.6528195
117.545500 7.5891719 -0.4767662 9.6459427 0.0250950 0.7562231 0.0229236 0.6534304
117.858100 7.7033072 -0.4796752 9.6292334 0.0290956 0.7556469 0.0201553 0.6540221
118.066500 7.7791061 -0.4813979 9.6188784 0.0297760 0.7557520 0.0178719 0.6539364
118.275000 7.8545246 -0.4835424 9.6080503 0.0291129 0.7563799 0.0198242 0.6531836
118.483500 7.9299049 -0.4852526 9.5969992 0.0271884 0.7573727 0.0243507 0.6519619
118.692000 8.0042744 -0.4866882 9.5855265 0.0292004 0.7582034 0.0262220 0.6508359
118.900700 8.0778313 -0.4882364 9.5743637 0.0342219 0.7578806 0.0218644 0.6511281
119.109400 8.1508665 -0.4902322 9.5634518 0.0347724 0.7560840 0.0228739 0.6531497
119.317100 8.2234392 -0.4921701 9.5539713 0.0314290 0.7531983 0.0246439 0.6565800
119.525400 8.2958584 -0.4938839 9.5451374 0.0302463 0.7505661 0.0233031 0.6596914
119.733800 8.3655415 -0.4960066 9.5366030 0.0323081 0.7482238 0.0222762 0.6622847
119.942000 8.4358997 -0.4976857 9.5288057 0.0304159 0.7466053 0.0242085 0.6641304
120.150300 8.5048046 -0.4994359 9.5207005 0.0287769 0.7453569 0.0254356 0.6655585
120.463100 8.6029320 -0.5020071 9.5106182 0.0288623 0.7452719 0.0183741 0.6658823
120.671400 8.6660252 -0.5040677 9.5038538 0.0254395 0.7453985 0.0187237 0.6658704
120.984100 8.7540159 -0.5066801 9.4941158 0.0221171 0.7456475 0.0203969 0.6656610
121.400800 8.8550739 -0.5091579 9.4830103 0.0257802 0.7448739 0.0166557 0.6664990
121.713700 8.9201536 -0.5115085 9.4766130 0.0246585 0.7447001 0.0142510 0.6667913
122.026500 8.9813948 -0.5138004 9.4695063 0.0263870 0.7479996 0.0113534 0.6630772
122.443800 9.0572996 -0.5166513 9.4591026 0.0275221 0.7548140 0.0129264 0.6552338
122.965100 9.1334314 -0.5194257 9.4465542 0.0285557 0.7617453 0.0127354 0.6471217
123.382300 9.1889086 -0.5211717 9.4362736 0.0293600 0.7680382 0.0150782 0.6395530
123.799400 9.2418365 -0.5231397 9.4249058 0.0286204 0.7762170 0.0137577 0.6296656
124.112400 9.2816114 -0.5242980 9.4147491 0.0296157 0.7867762 0.0111164 0.6164272
124.425200 9.3228426 -0.5253404 9.4021597 0.0287917 0.8006352 0.0087849 0.5983954
124.738300 9.3652878 -0.5269859 9.3871231 0.0272503 0.8168799 0.0072702 0.5761179
125.051200 9.4100771 -0.5284367 9.3673220 0.0263467 0.8362768 0.0043394 0.5476570
125.364500 9.4577026 -0.5299935 9.3420877 0.0224468 0.8589329 0.0017366 0.5115931
125.573000 9.4905987 -0.5310794 9.3208656 0.0220574 0.8750543 0.0035231 0.4835091
125.781800 9.5234013 -0.5322634 9.2960854 0.0202280 0.8911933 0.0048286 0.4531468
125.990400 9.5553913 -0.5326903 9.2676497 0.0204000 0.9068790 0.0053168 0.4208634
126.198900 9.5869875 -0.5334466 9.2352505 0.0190940 0.9219967 0.0071921 0.3866599
126.408300 9.6173677 -0.5334997 9.1992073 0.0172314 0.9359777 0.0070841 0.3515659
126.616000 9.6464186 -0.5338588 9.1591988 0.0169137 0.9487635 0.0073071 0.3154492
126.824500 9.6732960 -0.5342686 9.1161032 0.0178597 0.9597424 0.0070128 0.2802256
127.032900 9.6991987 -0.5343838 9.0673523 0.0182107 0.9689860 0.0073409 0.2463344
127.241400 9.7226944 -0.5344360 9.0153990 0.0155518 0.9773484 0.0084000 0.2108974
127.449800 9.7430925 -0.5343654 8.9596901 0.0168593 0.9845812 0.0136530 0.1735778
127.658400 9.7600708 -0.5338855 8.9003744 0.0147970 0.9906325 0.0169088 0.1346938
127.867100 9.7716780 -0.5327352 8.8386850 0.0168467 0.9951769 0.0167021 0.0951846
128.075400 9.7782125 -0.5313395 8.7748442 0.0206957 0.9981420 0.0151269 0.0552754
128.283700 9.7807035 -0.5304765 8.7094698 0.0213466 0.9995583 0.0102163 0.0179770
128.492100 9.7782640 -0.5295803 8.6418867 0.0243498 0.9995770 0.0081444 -0.0136559
128.700300 9.7725782 -0.5292192 8.5723057 0.0248285 0.9987835 0.0108872 -0.0411904
128.908300 9.7638741 -0.5282514 8.5017004 0.0246477 0.9975867 0.0122167 -0.0637491
129.116400 9.7521839 -0.5269415 8.4294281 0.0228444 0.9961457 0.0149728 -0.0833523
129.324500 9.7370510 -0.5249171 8.3553238 0.0213717 0.9941985 0.0201097 -0.1034804
129.532700 9.7192326 -0.5226632 8.2802687 0.0175148 0.9920065 0.0240075 -0.1226378
129.844800 9.6869287 -0.5186825 8.1679039 0.0147437 0.9892166 0.0166980 -0.1447558
130.156900 9.6498327 -0.5152137 8.0523186 0.0167088 0.9870114 0.0163353 -0.1589414
130.469000 9.6093807 -0.5124959 7.9345779 0.0204660 0.9856845 0.0155253 -0.1666320
130.677700 9.5815287 -0.5110703 7.8557310 0.0219594 0.9851695 0.0144271 -0.1695601
130.885300 9.5537920 -0.5092527 7.7765212 0.0236317 0.9851184 0.0141852 -0.1696527
131.093400 9.5255299 -0.5077830 7.6971197 0.0272064 0.9855143 0.0140714 -0.1668034
131.302500 9.4984102 -0.5054694 7.6175032 0.0292696 0.9863876 0.0146599 -0.1611457
131.613500 9.4613609 -0.5032410 7.4988222 0.0294537 0.9878878 0.0154870 -0.1515597
131.821600 9.4381132 -0.5014516 7.4204040 0.0301762 0.9888406 0.0152224 -0.1450930
132.133900 9.4059639 -0.4992955 7.3052139 0.0296432 0.9899847 0.0170580 -0.1369693
132.448000 9.3765583 -0.4969804 7.1975217 0.0287378 0.9905381 0.0177765 -0.1330132
132.760700 9.3501272 -0.4946834 7.0979924 0.0277696 0.9905695 0.0170277 -0.1330826
132.967600 9.3333492 -0.4927104 7.0358815 0.0274510 0.9902906 0.0171362 -0.1351931
133.280500 9.3090391 -0.4909642 6.9489741 0.0267475 0.9894249 0.0169200 -0.1415509
133.593500 9.2833643 -0.4900133 6.8681765 0.0257517 0.9875708 0.0166554 -0.1541536
134.011100 9.2445498 -0.4878951 6.7670617 0.0255864 0.9811242 0.0170542 -0.1909182
134.324600 9.2101841 -0.4859000 6.6996737 0.0228490 0.9711410 0.0162385 -0.2368532
134.638300 9.1690350 -0.4845426 6.6392584 0.0220207 0.9538593 0.0130384 -0.2991614
134.951900 9.1197929 -0.4828634 6.5881433 0.0216326 0.9293991 0.0119911 -0.3682467
135.160700 9.0832815 -0.4816647 6.5581770 0.0189000 0.9083802 0.0152835 -0.4174382
135.369500 9.0448818 -0.4806077 6.5338631 0.0185782 0.8852391 0.0159206 -0.4644923
135.473900 9.0241919 -0.4796940 6.5235138 0.0189791 0.8727029 0.0161863 -0.4876141
135.578300 9.0029383 -0.4788300 6.5133791 -0.0176442 -0.8593889 -0.0172030 0.5107282
135.682600 8.9808998 -0.4780383 6.5041718 -0.0154600 -0.8457476 -0.0194281 0.5330051
135.787000 8.9581900 -0.4773326 6.4961643 -0.0147559 -0.8316596 -0.0211591 0.5546863
135.891300 8.9350739 -0.4765991 6.4897246 -0.0145391 -0.8173329 -0.0215485 0.5755791
136.099700 8.8863411 -0.4747657 6.4791183 -0.0133364 -0.7885317 -0.0214810 0.6144741
136.308100 8.8356543 -0.4727320 6.4720511 -0.0136543 -0.7621467 -0.0240313 0.6468142
136.517700 8.7818470 -0.4709042 6.4675426 -0.0163939 -0.7401348 -0.0261028 0.6717517
136.726800 8.7255955 -0.4687180 6.4650908 -0.0137329 -0.7221282 -0.0267439 0.6911057
137.763500 8.3953114 -0.4554633 6.4804592 -0.0077521 -0.6758711 -0.0277616 0.7364560
140.887500 7.0518827 -0.4069119 6.6141376 -0.0011354 -0.6666384 -0.0338957 0.7446093
150.887800 2.4213722 -0.2588789 7.0695477 -0.0065862 -0.6718159 -0.0268495 0.7402021
157.554600 -0.4672894 -0.1660133 7.2397103 -0.0135083 -0.6472411 -0.0242825 0.7617788
157.971200 -0.5810261 -0.1621763 7.2572093 -0.0180405 -0.6519119 -0.0208787 0.7577926
158.700300 -0.7451110 -0.1567844 7.2780094 -0.0202854 -0.6638610 -0.0177391 0.7473703
159.221300 -0.8275979 -0.1549760 7.2840114 -0.0173941 -0.6699798 -0.0169280 0.7419825
159.638100 -0.8763486 -0.1534049 7.2896457 -0.0154249 -0.6744769 -0.0175297 0.7379266
160.159400 -0.9250296 -0.1521781 7.2931843 -0.0134996 -0.6780816 -0.0145106 0.7347193
160.680800 -0.9712844 -0.1509369 7.2962132 -0.0134018 -0.6818027 -0.0132743 0.7312929
161.201800 -1.0168095 -0.1499452 7.2979956 -0.0127182 -0.6861975 -0.0153927 0.7271411
161.722800 -1.0741539 -0.1490081 7.2993412 -0.0060420 -0.6924077 -0.0143593 0.7213383
162.139700 -1.1358794 -0.1479013 7.3003702 -0.0015552 -0.6964810 -0.0133807 0.7174488
162.556600 -1.2154591 -0.1461949 7.3014431 -0.0001621 -0.6950542 -0.0173564 0.7187477
162.973500 -1.3112547 -0.1438533 7.3048692 -0.0093599 -0.6934651 -0.0224801 0.7200786
163.390600 -1.4199047 -0.1400937 7.3092031 -0.0116329 -0.6942038 -0.0168423 0.7194874
163.807300 -1.5426896 -0.1353655 7.3133492 -0.0178017 -0.6978951 -0.0120884 0.7158766
164.224100 -1.6769412 -0.1320859 7.3143334 -0.0083652 -0.7004936 -0.0073880 0.7135714
164.536900 -1.7862315 -0.1299790 7.3151865 -0.0109915 -0.7016180 -0.0112695 0.7123793
164.849700 -1.9031593 -0.1274561 7.3160062 -0.0080379 -0.7026696 -0.0102477 0.7113971
165.162300 -2.0237319 -0.1252952 7.3163419 -0.0106444 -0.7032667 -0.0142998 0.7107025
165.475000 -2.1494701 -0.1228828 7.3164806 -0.0101451 -0.7027062 -0.0155682 0.7112375
165.787800 -2.2787082 -0.1198863 7.3180571 -0.0097968 -0.7009259 -0.0155493 0.7129973
166.100600 -2.4132812 -0.1167597 7.3199015 -0.0104484 -0.6991300 -0.0163251 0.7147319
166.413200 -2.5501213 -0.1139048 7.3218379 -0.0108892 -0.6983649 -0.0145169 0.7155119
166.725700 -2.6895726 -0.1103586 7.3236599 -0.0110115 -0.6989828 -0.0158408 0.7148783
166.934000 -2.7821584 -0.1084857 7.3250303 -0.0091229 -0.6996137 -0.0149771 0.7143060
167.142500 -2.8755054 -0.1065234 7.3259397 -0.0094680 -0.6999236 -0.0176516 0.7139367
167.351000 -2.9703794 -0.1043696 7.3273172 -0.0109465 -0.6998869 -0.0172843 0.7139606
167.455000 -3.0175433 -0.1031494 7.3281698 -0.0115639 -0.6997868 -0.0176171 0.7140409
167.663200 -3.1125345 -0.1008865 7.3293171 -0.0128698 -0.6996696 -0.0175677 0.7141346
167.767400 -3.1597614 -0.0997339 7.3296857 -0.0119795 -0.6996144 -0.0179804 0.7141939
167.871500 -3.2064643 -0.0985996 7.3301320 -0.0104103 -0.6995443 -0.0186819 0.7142691
167.975600 -3.2533278 -0.0977175 7.3305454 -0.0089485 -0.6994103 -0.0180700 0.7144359
168.183900 -3.3479633 -0.0955388 7.3311214 -0.0074378 -0.6993219 -0.0217533 0.7144372
168.288000 -3.3957405 -0.0941982 7.3318415 -0.0104069 -0.6994219 -0.0242832 0.7142205
168.496400 -3.4910870 -0.0906378 7.3326697 -0.0114485 -0.6993031 -0.0272603 0.7142136
168.600500 -3.5388288 -0.0889927 7.3331857 -0.0086418 -0.6994094 -0.0257543 0.7142048
168.704700 -3.5864992 -0.0878783 7.3341007 -0.0059558 -0.6995395 -0.0232312 0.7141913
168.913000 -3.6814916 -0.0855411 7.3354120 -0.0049631 -0.6990141 -0.0213437 0.7147720
169.017300 -3.7292528 -0.0846248 7.3363299 -0.0058290 -0.6990114 -0.0211690 0.7147734
169.121700 -3.7772496 -0.0833669 7.3372374 -0.0075481 -0.6987725 -0.0206986 0.7150046
169.329900 -3.8717890 -0.0812259 7.3390779 -0.0084260 -0.6990246 -0.0190450 0.7147943
169.434000 -3.9193852 -0.0801491 7.3398557 -0.0077638 -0.6993365 -0.0178529 0.7145274
169.642300 -4.0147252 -0.0779753 7.3414412 -0.0088503 -0.6999691 -0.0176989 0.7138990
169.850700 -4.1102352 -0.0758543 7.3426867 -0.0122500 -0.7004299 -0.0199387 0.7133375
170.059000 -4.2062430 -0.0732635 7.3434353 -0.0084948 -0.7009938 -0.0180623 0.7128879
170.267400 -4.3019109 -0.0711497 7.3444328 -0.0070179 -0.7013894 -0.0183952 0.7125063
170.475800 -4.3982310 -0.0683945 7.3449526 -0.0097482 -0.7015283 -0.0212417 0.7122583
170.788300 -4.5414166 -0.0649641 7.3457141 -0.0064119 -0.7026989 -0.0215342 0.7111325
170.996500 -4.6377931 -0.0628229 7.3461461 -0.0049637 -0.7039935 -0.0228169 0.7098224
171.308900 -4.7816734 -0.0599162 7.3458915 -0.0056826 -0.7072180 -0.0192907 0.7067094
171.517300 -4.8773947 -0.0580579 7.3452058 -0.0031346 -0.7088144 -0.0161992 0.7052020
171.725500 -4.9737182 -0.0566886 7.3439407 -0.0034677 -0.7105186 -0.0176721 0.7034479
171.933900 -5.0703464 -0.0552810 7.3421259 -0.0065754 -0.7119392 -0.0213762 0.7018849
172.247200 -5.2142267 -0.0521795 7.3383856 -0.0046400 -0.7142991 -0.0176063 0.6996036
172.454600 -5.3098693 -0.0508206 7.3353853 -0.0041288 -0.7162197 -0.0162673 0.6976731
172.662800 -5.4061842 -0.0495653 7.3319707 -0.0054046 -0.7180338 -0.0187512 0.6957346
172.871000 -5.5026231 -0.0475635 7.3278728 -0.0049074 -0.7197201 -0.0189131 0.6939893
172.975200 -5.5513959 -0.0465045 7.3256378 -0.0050604 -0.7205567 -0.0185692 0.6931289
173.183400 -5.6483617 -0.0447940 7.3211479 -0.0048755 -0.7224344 -0.0168176 0.6912177
173.391600 -5.7453766 -0.0436084 7.3160901 -0.0057235 -0.7239195 -0.0161045 0.6896727
173.599900 -5.8422165 -0.0421301 7.3105011 -0.0061429 -0.7251207 -0.0142210 0.6884475
174.016400 -6.0341702 -0.0389396 7.2991729 -0.0087863 -0.7274587 -0.0142771 0.6859466
174.329000 -6.1788936 -0.0365352 7.2895484 -0.0081481 -0.7288694 -0.0128658 0.6844834
174.641400 -6.3243990 -0.0342696 7.2796831 -0.0099126 -0.7297243 -0.0117077 0.6835694
174.849700 -6.4210029 -0.0329454 7.2730727 -0.0123381 -0.7294970 -0.0106821 0.6837893
175.058000 -6.5174341 -0.0315774 7.2662282 -0.0094868 -0.7295898 -0.0088310 0.6837622
175.266300 -6.6142840 -0.0305633 7.2590814 -0.0070214 -0.7293562 -0.0116532 0.6839989
175.474500 -6.7117233 -0.0292748 7.2521195 -0.0092411 -0.7295860 -0.0131484 0.6837002
175.787300 -6.8574338 -0.0265234 7.2416253 -0.0080684 -0.7302959 -0.0141416 0.6829369
175.995400 -6.9550266 -0.0249456 7.2341404 -0.0059510 -0.7304800 -0.0143493 0.6827574
176.307600 -7.1002860 -0.0228096 7.2230268 -0.0054454 -0.7305596 -0.0158440 0.6826434
176.515700 -7.1985188 -0.0214532 7.2166414 -0.0065615 -0.7304376 -0.0146653 0.6827904
176.828000 -7.3445334 -0.0194658 7.2062511 -0.0057097 -0.7305634 -0.0123745 0.6827089
177.036200 -7.4422212 -0.0182322 7.1988568 -0.0056669 -0.7304335 -0.0142581 0.6828115
177.244500 -7.5385752 -0.0168850 7.1917295 -0.0073266 -0.7305305 -0.0135683 0.6827060
177.452500 -7.6357002 -0.0155567 7.1850786 -0.0097175 -0.7310508 -0.0117390 0.6821527
177.764900 -7.7798605 -0.0136718 7.1740198 -0.0088705 -0.7313778 -0.0109089 0.6818275
177.973600 -7.8762503 -0.0124841 7.1667957 -0.0114746 -0.7314227 -0.0135783 0.6816925
178.181400 -7.9718380 -0.0106667 7.1597719 -0.0127632 -0.7313771 -0.0118899 0.6817501
178.389700 -8.0651484 -0.0098765 7.1521297 -0.0053336 -0.7309409 -0.0072546 0.6823814
178.598000 -8.1592979 -0.0092565 7.1451397 -0.0097001 -0.7306849 -0.0105976 0.6825637
178.806200 -8.2527285 -0.0074756 7.1379519 -0.0137618 -0.7304093 -0.0139401 0.6827287
179.014500 -8.3449421 -0.0060043 7.1314306 -0.0108788 -0.7303180 -0.0089275 0.6829624
179.222700 -8.4360847 -0.0053284 7.1247644 -0.0103374 -0.7309237 -0.0031880 0.6823734
179.430800 -8.5282574 -0.0039223 7.1186032 -0.0236553 -0.7311491 -0.0108359 0.6817214
179.638900 -8.6175613 -0.0014877 7.1117530 -0.0208522 -0.7310541 -0.0122874 0.6818901
179.847200 -8.7045326 -0.0006264 7.1046767 -0.0108533 -0.7313910 -0.0060931 0.6818448
180.055500 -8.7915211 0.0000515 7.0975404 -0.0116122 -0.7315687 -0.0086773 0.6816136
180.263700 -8.8782244 0.0017171 7.0904408 -0.0159662 -0.7316719 -0.0160829 0.6812802
180.471900 -8.9629593 0.0036194 7.0838561 -0.0154961 -0.7323143 -0.0154566 0.6806149
180.680200 -9.0462580 0.0053109 7.0774336 -0.0150311 -0.7326269 -0.0127631 0.6803448
180.888400 -9.1280174 0.0071484 7.0707765 -0.0129981 -0.7323082 -0.0100331 0.6807753
181.097200 -9.2089548 0.0082524 7.0645609 -0.0128603 -0.7312482 -0.0107869 0.6819049
181.305100 -9.2890549 0.0094222 7.0585299 -0.0094916 -0.7304723 -0.0093358 0.6828125
181.513300 -9.3677359 0.0101559 7.0524578 -0.0106789 -0.7305095 -0.0110372 0.6827298
181.721500 -9.4459705 0.0099696 7.0469527 -0.0122851 -0.7314566 -0.0116271 0.6816782
182.033900 -9.5601816 0.0116281 7.0368176 -0.0095829 -0.7345445 -0.0125053 0.6783776
182.241800 -9.6366253 0.0133046 7.0297828 -0.0114535 -0.7374053 -0.0136541 0.6752154
182.554000 -9.7478065 0.0145872 7.0179520 -0.0109315 -0.7427772 -0.0097705 0.6693780
182.866400 -9.8573141 0.0165286 7.0039310 -0.0140165 -0.7491389 -0.0108989 0.6621749
183.283100 -10.0006409 0.0192115 6.9818401 -0.0106733 -0.7569002 -0.0099612 0.6533674
183.491500 -10.0714655 0.0200782 6.9698963 -0.0075844 -0.7581471 -0.0151438 0.6518636
183.804500 -10.1755486 0.0215300 6.9528399 -0.0053968 -0.7575980 -0.0203298 0.6523825
184.012900 -10.2440948 0.0228544 6.9420848 -0.0054438 -0.7566324 -0.0233137 0.6534020
184.326100 -10.3426018 0.0249645 6.9271736 0.0016402 -0.7511190 -0.0260742 0.6596497
184.430300 -10.3742485 0.0256365 6.9228878 0.0031133 -0.7469625 -0.0281271 0.6642636
184.639000 -10.4361191 0.0266081 6.9164033 0.0036942 -0.7382969 -0.0290464 0.6738399
184.847900 -10.4965076 0.0275298 6.9118519 0.0028909 -0.7298828 -0.0287318 0.6829621
185.056200 -10.5544434 0.0287222 6.9084806 0.0033032 -0.7210462 -0.0301192 0.6922241
185.369100 -10.6380062 0.0300165 6.9075789 0.0030291 -0.7057297 -0.0304832 0.7078186
185.681900 -10.7181034 0.0316359 6.9106917 0.0021808 -0.6900061 -0.0281541 0.7232525
186.098800 -10.8172617 0.0329842 6.9193611 0.0031184 -0.6683136 -0.0245079 0.7434693
186.307200 -10.8636942 0.0334719 6.9256802 0.0016012 -0.6580585 -0.0232637 0.7526056
186.619800 -10.9298687 0.0340424 6.9364576 -0.0001405 -0.6441709 -0.0234114 0.7645232
186.828000 -10.9712143 0.0343570 6.9438624 -0.0019060 -0.6384547 -0.0209245 0.7693725
187.036100 -11.0107136 0.0346596 6.9515934 -0.0041830 -0.6371995 -0.0191686 0.7704492
187.348300 -11.0668716 0.0353789 6.9614296 -0.0058308 -0.6412359 -0.0182298 0.7671050
187.660100 -11.1188545 0.0359425 6.9687295 -0.0083933 -0.6550577 -0.0167741 0.7553460
188.076000 -11.1803904 0.0370148 6.9720144 -0.0103270 -0.6862990 -0.0158059 0.7270745
188.491800 -11.2344675 0.0380425 6.9667702 -0.0095955 -0.7310738 -0.0184765 0.6819807
188.907700 -11.2816525 0.0386869 6.9539318 -0.0048200 -0.7798194 -0.0165730 0.6257665
189.219900 -11.3145008 0.0397649 6.9398003 -0.0019495 -0.8124288 -0.0186865 0.5827577
189.532400 -11.3451452 0.0405114 6.9222813 0.0044238 -0.8415330 -0.0222858 0.5397277
189.844800 -11.3748970 0.0411910 6.9030504 -0.0035965 0.8665829 0.0259918 -0.4983429
190.157500 -11.4022312 0.0425019 6.8806944 -0.0077226 0.8867028 0.0296114 -0.4613261
190.366500 -11.4205284 0.0435462 6.8645177 -0.0117197 0.8961142 0.0303483 -0.4426296
190.678900 -11.4476185 0.0435911 6.8403206 -0.0075303 0.9082714 0.0258549 -0.4175140
190.887500 -11.4653749 0.0444854 6.8231096 -0.0066860 0.9156879 0.0212186 -0.4012741
191.096200 -11.4827337 0.0453672 6.8047886 -0.0056468 0.9227309 0.0157764 -0.3850805
191.304400 -11.5004578 0.0462381 6.7844877 -0.0043467 0.9305003 0.0172797 -0.3658574
191.512700 -11.5175152 0.0463457 6.7627935 -0.0004277 0.9394528 0.0200301 -0.3420922
191.723100 -11.5336142 0.0471178 6.7387590 0.0013685 0.9483662 0.0199530 -0.3165461
191.929600 -11.5488167 0.0475770 6.7128992 0.0017841 0.9571831 0.0214307 -0.2886832
192.137900 -11.5636654 0.0485672 6.6846476 0.0045230 0.9659122 0.0195161 -0.2580936
192.449700 -11.5831490 0.0506335 6.6363492 0.0009825 0.9777794 0.0162717 -0.2090018
192.762500 -11.6020613 0.0520757 6.5792804 0.0064535 0.9864384 0.0174650 -0.1630723
192.970700 -11.6133986 0.0533503 6.5360250 0.0033472 0.9897535 0.0186377 -0.1415250
193.179500 -11.6255016 0.0550108 6.4886532 0.0034805 0.9913009 0.0195127 -0.1301144
193.388000 -11.6385937 0.0565567 6.4367814 0.0109497 0.9928974 0.0186486 -0.1169918
193.596300 -11.6499920 0.0582651 6.3803768 0.0123376 0.9946739 0.0158626 -0.1010937
193.909100 -11.6656685 0.0618999 6.2845726 0.0154863 0.9967365 0.0182655 -0.0770895
194.221800 -11.6780405 0.0655084 6.1783428 0.0164964 0.9980250 0.0163913 -0.0583546
194.534900 -11.6893682 0.0686179 6.0620122 0.0169967 0.9985203 0.0171190 -0.0487361
194.743500 -11.6962967 0.0712681 5.9798722 0.0173486 0.9986527 0.0168424 -0.0459151
194.952100 -11.7037287 0.0737448 5.8936443 0.0183372 0.9987128 0.0171014 -0.0440909
195.160600 -11.7116089 0.0768912 5.8025084 0.0202254 0.9987261 0.0183776 -0.0424197
195.369000 -11.7189941 0.0799127 5.7079268 0.0217375 0.9987614 0.0182526 -0.0408664
195.577500 -11.7264032 0.0829931 5.6081948 0.0215293 0.9988800 0.0150443 -0.0393554
195.786100 -11.7336769 0.0858010 5.5033054 0.0194977 0.9989592 0.0162095 -0.0379158
195.994400 -11.7416372 0.0889521 5.3962240 0.0207731 0.9988841 0.0218249 -0.0363672
196.202800 -11.7491837 0.0928511 5.2896681 0.0238795 0.9988312 0.0242561 -0.0343189
196.411200 -11.7561016 0.0962088 5.1834440 0.0231277 0.9989835 0.0214320 -0.0322138
196.619500 -11.7617512 0.0992361 5.0773468 0.0204927 0.9991158 0.0215600 -0.0297144
196.828000 -11.7670593 0.1026538 4.9719281 0.0190301 0.9991888 0.0221880 -0.0277015
197.036300 -11.7719040 0.1055962 4.8661017 0.0198516 0.9992349 0.0224774 -0.0251075
197.244800 -11.7763243 0.1083120 4.7609687 0.0204557 0.9992632 0.0230380 -0.0228866
197.557200 -11.7820950 0.1125433 4.6037540 0.0178157 0.9993575 0.0234565 -0.0204217
197.869800 -11.7871675 0.1170306 4.4477587 0.0168943 0.9994085 0.0228853 -0.0193240
198.182200 -11.7924137 0.1212783 4.2924972 0.0181661 0.9993940 0.0237050 -0.0178810
198.494500 -11.7965822 0.1253912 4.1398401 0.0170540 0.9994538 0.0236245 -0.0155909
198.806900 -11.7996597 0.1295861 3.9871724 0.0156489 0.9995049 0.0239592 -0.0130787
199.119200 -11.8018436 0.1334268 3.8357053 0.0150509 0.9995895 0.0216331 -0.0112397
199.431800 -11.8046045 0.1377030 3.6849439 0.0143044 0.9995624 0.0237255 -0.0103689
199.744000 -11.8065863 0.1414533 3.5353196 0.0130119 0.9996309 0.0202911 -0.0125282
200.056800 -11.8118391 0.1455635 3.3858168 0.0129387 0.9995393 0.0204863 -0.0182761
200.369200 -11.8173885 0.1501471 3.2378101 0.0171343 0.9993290 0.0225025 -0.0232711
200.785700 -11.8255520 0.1563670 3.0425539 0.0088379 0.9992275 0.0272554 -0.0268958
201.098000 -11.8339643 0.1605125 2.8972383 0.0118798 0.9993656 0.0205178 -0.0265779
201.514700 -11.8438902 0.1672625 2.7011983 0.0105266 0.9992158 0.0270283 -0.0269525
201.827200 -11.8507347 0.1725095 2.5571094 0.0114416 0.9992498 0.0251335 -0.0271504
202.139600 -11.8577652 0.1764234 2.4141693 0.0126937 0.9992707 0.0258149 -0.0251103
202.452100 -11.8640862 0.1815253 2.2717683 0.0118439 0.9993411 0.0261474 -0.0222141
202.972900 -11.8713007 0.1878615 2.0390468 0.0107370 0.9994544 0.0256434 -0.0178313
203.285500 -11.8754015 0.1923569 1.8986495 0.0088821 0.9994846 0.0262028 -0.0162798
203.598100 -11.8783522 0.1968820 1.7613497 0.0077335 0.9994980 0.0257114 -0.0168231
203.806500 -11.8805666 0.2000336 1.6700627 0.0065156 0.9995049 0.0251573 -0.0177390
204.015000 -11.8833075 0.2028083 1.5786793 0.0049191 0.9994472 0.0257496 -0.0204472
204.223400 -11.8867931 0.2054147 1.4877412 0.0054002 0.9993587 0.0264560 -0.0235197
204.431900 -11.8904991 0.2084064 1.3973378 0.0054911 0.9993011 0.0258681 -0.0264187
204.640500 -11.8951311 0.2113800 1.3082614 0.0052097 0.9992583 0.0255656 -0.0283197
204.848800 -11.8996811 0.2143156 1.2200532 0.0052239 0.9992151 0.0255427 -0.0298228
205.057100 -11.9045601 0.2165515 1.1316724 0.0057860 0.9991727 0.0256783 -0.0310008
205.265300 -11.9098015 0.2192764 1.0440047 0.0064048 0.9991551 0.0249054 -0.0320597
205.473600 -11.9147243 0.2223060 0.9565866 0.0069530 0.9991397 0.0258972 -0.0316360
205.681700 -11.9191923 0.2252207 0.8692024 0.0083196 0.9992374 0.0257754 -0.0281235
205.889700 -11.9225893 0.2281185 0.7822564 0.0090358 0.9994124 0.0257402 -0.0207533
206.097700 -11.9245644 0.2308013 0.6961543 0.0092057 0.9995501 0.0263304 -0.0110259
206.305800 -11.9242420 0.2340185 0.6099233 0.0091756 0.9995899 0.0271207 -0.0005507
206.513700 -11.9222517 0.2369822 0.5247856 0.0103068 0.9995558 0.0258437 0.0106782
206.722100 -11.9181976 0.2395645 0.4407805 0.0117167 0.9993618 0.0241397 0.0235820
206.929800 -11.9113016 0.2421719 0.3555717 0.0135721 0.9987738 0.0256866 0.0400864
207.137600 -11.9013624 0.2446827 0.2715003 0.0148348 0.9978464 0.0236897 0.0593396
207.345600 -11.8878775 0.2470905 0.1874316 0.0140431 0.9964369 0.0238445 0.0796729
207.553700 -11.8708506 0.2495002 0.1033788 0.0142400 0.9945197 0.0239136 0.1007765
207.761600 -11.8502998 0.2516318 0.0202391 0.0147125 0.9920160 0.0229963 0.1231216
207.969500 -11.8254757 0.2537849 -0.0624497 0.0147569 0.9889241 0.0208006 0.1462142
208.177600 -11.7969170 0.2555958 -0.1453619 0.0145479 0.9851770 0.0208529 0.1696460
208.385700 -11.7638168 0.2576512 -0.2276988 0.0147288 0.9808077 0.0220970 0.1931609
208.593700 -11.7266846 0.2592536 -0.3092399 0.0169692 0.9757980 0.0218067 0.2169214
208.802200 -11.6844635 0.2610912 -0.3898592 0.0161824 0.9704232 0.0218582 0.2398734
209.010200 -11.6380730 0.2629893 -0.4688826 0.0154637 0.9651555 0.0195650 0.2604860
209.218200 -11.5874519 0.2642989 -0.5481787 0.0148265 0.9596926 0.0176919 0.2801023
209.426600 -11.5331650 0.2650812 -0.6269693 0.0137421 0.9549271 0.0170123 0.2960336
209.739400 -11.4461441 0.2668543 -0.7451873 0.0096902 0.9505515 0.0158354 0.3100116
209.947900 -11.3864307 0.2676501 -0.8243370 0.0091811 0.9491232 0.0147836 0.3144238
210.156700 -11.3245974 0.2685187 -0.9051809 0.0095127 0.9483079 0.0128680 0.3169480
210.364800 -11.2621241 0.2686548 -0.9865403 0.0084463 0.9478323 0.0129683 0.3183936
210.574900 -11.1989517 0.2692735 -1.0691061 0.0076808 0.9477608 0.0133584 0.3186096
210.886000 -11.1037912 0.2693843 -1.1926074 0.0056503 0.9491685 0.0129309 0.3144520
211.094400 -11.0420208 0.2700278 -1.2752609 0.0044085 0.9509944 0.0135209 0.3088810
211.406900 -10.9523106 0.2707748 -1.3999381 0.0034862 0.9542935 0.0131909 0.2985592
211.719600 -10.8660278 0.2713254 -1.5270243 0.0041058 0.9581032 0.0145969 0.2860215
212.031900 -10.7836828 0.2721382 -1.6561184 0.0100489 0.9604267 0.0162961 0.2778739
212.344200 -10.7031126 0.2737090 -1.7841775 0.0125506 0.9611731 0.0175977 0.2750983
212.656400 -10.6255865 0.2739808 -1.9083617 0.0166932 0.9616510 0.0190552 0.2731035
212.968600 -10.5498505 0.2754519 -2.0304947 0.0203236 0.9618495 0.0193096 0.2721389
213.280800 -10.4761744 0.2767636 -2.1506121 0.0228005 0.9619401 0.0212751 0.2714753
213.593100 -10.4041786 0.2778693 -2.2682784 0.0240488 0.9620278 0.0224685 0.2709599
213.905100 -10.3353090 0.2793584 -2.3785872 0.0246613 0.9609386 0.0238433 0.2746278
214.217100 -10.2702408 0.2806442 -2.4780707 0.0262218 0.9582550 0.0244024 0.2836622
214.425200 -10.2289543 0.2816031 -2.5390792 0.0256618 0.9561841 0.0240533 0.2906455
214.737400 -10.1705122 0.2827207 -2.6214545 0.0233537 0.9533672 0.0236976 0.2999732
214.945500 -10.1355934 0.2828913 -2.6686516 0.0223186 0.9515904 0.0230219 0.3056920
215.153700 -10.1028719 0.2831997 -2.7121747 0.0222501 0.9497463 0.0232317 0.3113637
215.570100 -10.0412369 0.2836643 -2.7893970 0.0235563 0.9436895 0.0230461 0.3291872
215.778200 -10.0116787 0.2839923 -2.8237326 0.0238469 0.9392117 0.0214112 0.3418396
215.986200 -9.9824133 0.2840758 -2.8555887 0.0247524 0.9342194 0.0204835 0.3552489
216.194900 -9.9542503 0.2837837 -2.8846281 0.0262125 0.9281728 0.0202461 0.3706726
216.506400 -9.9134216 0.2835279 -2.9220824 0.0270755 0.9155542 0.0205964 0.4007533
216.818400 -9.8748636 0.2828798 -2.9500766 0.0239175 0.8990167 0.0173031 0.4369183
217.130700 -9.8412895 0.2820602 -2.9699817 0.0198597 0.8827880 0.0116984 0.4692058
217.339000 -9.8201714 0.2813913 -2.9811399 0.0203800 0.8714944 0.0085240 0.4899076
217.547200 -9.7986345 0.2808506 -2.9908960 0.0179963 0.8578877 0.0087794 0.5134468
217.755500 -9.7769241 0.2803022 -2.9984143 0.0139784 0.8426735 0.0074967 0.5381912
217.963700 -9.7549477 0.2795848 -3.0049348 0.0119223 0.8270745 0.0068331 0.5619244
218.172000 -9.7324619 0.2790389 -3.0104299 0.0101378 0.8104910 0.0043216 0.5856475
218.380200 -9.7083597 0.2786431 -3.0148296 0.0100730 0.7925531 0.0027767 0.6097134
218.588500 -9.6824799 0.2778159 -3.0186322 0.0117246 0.7736714 0.0026580 0.6334730
218.796700 -9.6536360 0.2770974 -3.0212140 0.0135520 0.7533729 0.0014537 0.6574523
219.004900 -9.6224356 0.2763286 -3.0221286 0.0148890 0.7323444 0.0003092 0.6807716
219.213100 -9.5888147 0.2754214 -3.0212018 0.0160860 0.7106563 -0.0006439 0.7033551
219.421400 -9.5518675 0.2746147 -3.0178456 0.0145962 0.6886733 -0.0028677 0.7249192
219.629700 -9.5114460 0.2733067 -3.0127001 0.0127912 0.6680207 -0.0004923 0.7440326
219.838100 -9.4671984 0.2719935 -3.0051775 0.0131170 0.6499871 0.0016254 0.7598303
220.046600 -9.4197073 0.2709823 -2.9948030 0.0125015 0.6331244 0.0018853 0.7739468
220.255100 -9.3687000 0.2698906 -2.9812756 0.0125684 0.6143978 0.0019872 0.7888938
220.463500 -9.3133373 0.2683528 -2.9645956 0.0124145 0.5933238 0.0079415 0.8048289
220.671700 -9.2552557 0.2673569 -2.9430335 0.0125151 0.5710428 0.0143980 0.8206986
220.880200 -9.1951799 0.2661258 -2.9175303 0.0180438 0.5466785 0.0179538 0.8369556
221.088500 -9.1335115 0.2650611 -2.8872139 0.0248975 0.5227219 0.0193427 0.8519201
221.296900 -9.0696039 0.2625829 -2.8504553 0.0223369 0.5025830 0.0196682 0.8640165
221.505700 -9.0031605 0.2602258 -2.8092935 0.0195963 0.4866050 0.0192556 0.8731900
221.714400 -8.9351797 0.2581177 -2.7641401 0.0189744 0.4763649 0.0160981 0.8788955
221.923300 -8.8645287 0.2560020 -2.7156143 0.0169593 0.4719295 0.0122871 0.8813875
222.132200 -8.7915249 0.2532175 -2.6668901 0.0149116 0.4718955 0.0106455 0.8814641
222.341000 -8.7163334 0.2508738 -2.6159444 0.0172885 0.4729486 0.0091628 0.8808727
222.653900 -8.5991459 0.2467923 -2.5385942 0.0143443 0.4743939 0.0097551 0.8801417
222.862400 -8.5180855 0.2440116 -2.4852586 0.0127400 0.4761145 0.0084509 0.8792504
223.175200 -8.3929367 0.2403857 -2.4044363 0.0147418 0.4796455 0.0048532 0.8773251
223.383700 -8.3057194 0.2376719 -2.3490405 0.0106219 0.4829631 0.0047929 0.8755631
223.592100 -8.2171679 0.2352006 -2.2929807 0.0084723 0.4881576 0.0040436 0.8727050
223.904700 -8.0816002 0.2317059 -2.2118406 0.0089798 0.4960592 0.0060400 0.8682212
224.113300 -7.9884262 0.2293890 -2.1573417 0.0085560 0.5017055 0.0085756 0.8649537
224.425500 -7.8471398 0.2250128 -2.0785451 0.0096762 0.5113007 0.0060088 0.8593264
224.633700 -7.7513566 0.2224861 -2.0273063 0.0083232 0.5181485 0.0070835 0.8552208
224.841700 -7.6566834 0.2201659 -1.9788816 0.0071826 0.5241571 0.0072333 0.8515605
225.049800 -7.5617247 0.2180386 -1.9311465 0.0045083 0.5287852 0.0080806 0.8487053
225.361700 -7.4197359 0.2148086 -1.8616760 0.0117335 0.5314414 0.0084081 0.8469720
225.569800 -7.3267751 0.2125585 -1.8168006 0.0113759 0.5314764 0.0101390 0.8469360
225.777700 -7.2338791 0.2104903 -1.7713591 0.0091156 0.5324367 0.0095824 0.8463665
225.986100 -7.1403885 0.2078309 -1.7262158 0.0108143 0.5327070 0.0092207 0.8461804
226.089900 -7.0939255 0.2069205 -1.7042032 0.0139244 0.5325333 0.0092190 0.8462443
226.193900 -7.0471048 0.2051176 -1.6816335 0.0157245 0.5328118 0.0091746 0.8460379
226.297800 -7.0006528 0.2035344 -1.6592126 0.0161119 0.5331928 0.0093706 0.8457884
226.401900 -6.9538774 0.2018613 -1.6365972 0.0154385 0.5334484 0.0096051 0.8456371
226.505900 -6.9068108 0.2005278 -1.6144046 0.0148362 0.5334842 0.0104221 0.8456157
226.714100 -6.8136635 0.1972600 -1.5699575 0.0151253 0.5340974 0.0114838 0.8452097
226.922100 -6.7202072 0.1940745 -1.5251731 0.0167189 0.5344240 0.0107298 0.8449830
227.130200 -6.6266069 0.1908871 -1.4807603 0.0145170 0.5348339 0.0115407 0.8447537
227.338400 -6.5341911 0.1878536 -1.4368783 0.0132834 0.5348192 0.0125208 0.8447693
227.546300 -6.4428716 0.1848809 -1.3936986 0.0158679 0.5331780 0.0124083 0.8457632
227.650500 -6.3978405 0.1833965 -1.3715330 0.0160505 0.5324302 0.0120223 0.8462363
227.858600 -6.3081522 0.1804457 -1.3278557 0.0147685 0.5310748 0.0123476 0.8471063
228.066700 -6.2197528 0.1767277 -1.2845095 0.0151018 0.5302467 0.0101523 0.8476481
228.379100 -6.0865135 0.1725990 -1.2191194 0.0056328 0.5351191 0.0074674 0.8447248
228.587400 -5.9988427 0.1703695 -1.1779929 0.0070200 0.5421150 0.0013296 0.8402739
228.900100 -5.8654289 0.1662671 -1.1199105 0.0045136 0.5555834 -0.0014530 0.8314473
229.212500 -5.7309661 0.1625735 -1.0664635 0.0068228 0.5672014 -0.0008002 0.8235505
229.524700 -5.5955276 0.1587127 -1.0163481 0.0058299 0.5731362 0.0045475 0.8194268
229.837100 -5.4602556 0.1548984 -0.9668214 0.0094647 0.5792226 -0.0019877 0.8151121
230.045200 -5.3686876 0.1514960 -0.9349869 0.0076199 0.5813889 -0.0006919 0.8135899
230.253300 -5.2777505 0.1489609 -0.9033219 0.0056832 0.5823312 0.0010042 0.8129312
230.461600 -5.1867876 0.1467189 -0.8711751 0.0001796 0.5843102 -0.0031387 0.8115243
230.774000 -5.0509653 0.1427010 -0.8269611 0.0066732 0.5909762 -0.0110186 0.8065861
230.982300 -4.9589391 0.1389068 -0.7987903 0.0068717 0.5966484 -0.0067286 0.8024452
231.190900 -4.8663158 0.1356199 -0.7716374 0.0055862 0.6033091 -0.0051886 0.7974710
231.399400 -4.7737675 0.1325831 -0.7458757 0.0061357 0.6104873 -0.0042628 0.7919908
231.607700 -4.6802044 0.1293046 -0.7220039 0.0069211 0.6170331 -0.0037388 0.7868979
231.815900 -4.5858727 0.1263849 -0.7001102 0.0065379 0.6223835 -0.0017070 0.7826833
232.024100 -4.4913807 0.1236124 -0.6794887 0.0067819 0.6273017 0.0000225 0.7787468
232.232300 -4.3967533 0.1206574 -0.6587083 0.0094274 0.6302016 0.0015051 0.7763728
232.440500 -4.3027620 0.1178987 -0.6391297 0.0112378 0.6320983 0.0026615 0.7748021
232.544600 -4.2558312 0.1164062 -0.6296023 0.0096331 0.6331310 0.0041599 0.7739735
232.752900 -4.1625619 0.1133936 -0.6105852 0.0080259 0.6356631 0.0058411 0.7719028
232.960900 -4.0697222 0.1111411 -0.5934644 0.0096507 0.6377240 0.0063231 0.7701786
233.169100 -3.9764490 0.1086697 -0.5760505 0.0091163 0.6393536 0.0079924 0.7688172
233.377100 -3.8832796 0.1064469 -0.5589673 0.0095956 0.6409338 0.0071733 0.7675027
233.585300 -3.7903199 0.1042712 -0.5417394 0.0095991 0.6423474 0.0060631 0.7663295
233.793200 -3.6970122 0.1019800 -0.5254395 0.0090735 0.6437197 0.0088962 0.7651559
234.001200 -3.6036389 0.1002164 -0.5102328 0.0107052 0.6446790 0.0093213 0.7643216
234.313200 -3.4649463 0.0971862 -0.4876359 0.0136050 0.6466152 0.0111375 0.7626137
234.521300 -3.3726909 0.0950356 -0.4730693 0.0111259 0.6479138 0.0121285 0.7615358
234.729300 -3.2809875 0.0929826 -0.4590571 0.0128940 0.6491949 0.0110839 0.7604320
234.937900 -3.1903725 0.0911685 -0.4448070 0.0146335 0.6508961 0.0100900 0.7589587
235.145400 -3.0996182 0.0884903 -0.4311931 0.0156113 0.6532839 0.0083447 0.7569061
235.353500 -3.0097015 0.0862147 -0.4177362 0.0133154 0.6556208 0.0076282 0.7549343
235.457500 -2.9648602 0.0849164 -0.4115208 0.0122474 0.6564711 0.0080207 0.7542092
235.665500 -2.8758490 0.0821306 -0.3991870 0.0145599 0.6579937 0.0070585 0.7528496
235.769400 -2.8320324 0.0804658 -0.3933711 0.0153852 0.6588483 0.0068580 0.7520872
235.977600 -2.7447035 0.0776465 -0.3822314 0.0158271 0.6603079 0.0079538 0.7507860
236.081600 -2.7009492 0.0763152 -0.3762279 0.0158438 0.6612470 0.0086470 0.7499510
236.290500 -2.6138008 0.0734860 -0.3658491 0.0154125 0.6625528 0.0104445 0.7487838
236.394600 -2.5705786 0.0723868 -0.3604555 0.0155195 0.6633021 0.0105015 0.7481171
236.601800 -2.4845114 0.0701091 -0.3505924 0.0178274 0.6645161 0.0106557 0.7469853
236.705900 -2.4423335 0.0686862 -0.3455392 0.0182501 0.6649539 0.0100533 0.7465937
236.914000 -2.3583124 0.0662788 -0.3356976 0.0179563 0.6659702 0.0108348 0.7456835
237.122100 -2.2773585 0.0637602 -0.3264582 0.0174529 0.6669101 0.0110340 0.7448521
237.330200 -2.1975720 0.0613758 -0.3178873 0.0177268 0.6677127 0.0108757 0.7441285
237.434200 -2.1579921 0.0601336 -0.3134201 0.0164111 0.6681087 0.0122785 0.7437813
237.642300 -2.0814724 0.0583614 -0.3054748 0.0134185 0.6688093 0.0162068 0.7431362
237.747400 -2.0441723 0.0578600 -0.3014758 0.0130573 0.6694428 0.0175723 0.7425409
237.850500 -2.0077760 0.0571228 -0.2978032 0.0134601 0.6698108 0.0178121 0.7421961
237.954600 -1.9725387 0.0565377 -0.2942985 0.0140090 0.6702067 0.0168935 0.7418499
238.162700 -1.9038924 0.0553236 -0.2869646 0.0149293 0.6711975 0.0135391 0.7410045
238.371000 -1.8385888 0.0538860 -0.2810841 0.0170200 0.6715662 0.0128090 0.7406383
238.579300 -1.7766963 0.0521277 -0.2750126 0.0153264 0.6709347 0.0137901 0.7412297
238.787500 -1.7179748 0.0504715 -0.2688116 0.0144049 0.6702146 0.0149970 0.7418759
238.995800 -1.6626236 0.0489903 -0.2629745 0.0150414 0.6700877 0.0143611 0.7419906
239.204200 -1.6095610 0.0476116 -0.2574246 0.0163950 0.6712878 0.0128112 0.7409047
239.412800 -1.5591894 0.0463508 -0.2526997 0.0179482 0.6728367 0.0138203 0.7394441
239.621100 -1.5123149 0.0447502 -0.2489970 0.0186586 0.6741219 0.0165617 0.7381987
239.933700 -1.4478034 0.0429791 -0.2432656 0.0192158 0.6762331 0.0149707 0.7362850
240.246200 -1.3935053 0.0406571 -0.2388683 0.0240545 0.6774924 0.0113463 0.7350488
240.558700 -1.3480175 0.0389671 -0.2350872 0.0251441 0.6771606 0.0100824 0.7353364
240.871000 -1.3102027 0.0371369 -0.2309745 0.0246607 0.6726841 0.0085901 0.7394688
241.183100 -1.2763636 0.0357004 -0.2259981 0.0228907 0.6623625 0.0079158 0.7487919
241.495100 -1.2448672 0.0342621 -0.2196738 0.0234775 0.6447979 0.0076821 0.7639539
241.807300 -1.2160416 0.0327676 -0.2113621 0.0177707 0.6270478 0.0054256 0.7787591
250.040600 -1.1833322 0.0314788 -0.2009404 0.0228168 0.6088374 -0.0005427 0.7929666
250.456700 -1.1629701 0.0303468 -0.1921395 0.0220472 0.5870597 -0.0028682 0.8092383
250.768500 -1.1381595 0.0292874 -0.1801502 0.0206084 0.5557860 -0.0007701 0.8310696
251.080000 -1.1069692 0.0280432 -0.1612593 0.0169728 0.5118045 0.0008157 0.8589339
251.495200 -1.0598780 0.0256413 -0.1226411 0.0098617 0.4354191 -0.0041503 0.9001643
251.910600 -1.0105547 0.0234981 -0.0653507 0.0096161 0.3439252 -0.0061714 0.9389275
252.222500 -0.9740422 0.0216633 -0.0076935 0.0044054 0.2730159 -0.0037385 0.9619922
252.534700 -0.9425038 0.0205352 0.0649471 0.0040945 0.2057326 -0.0042740 0.9785904
252.847500 -0.9155368 0.0193882 0.1493926 0.0043712 0.1488419 0.0006750 0.9888511
253.160200 -0.8941440 0.0179869 0.2454171 0.0064923 0.0958234 0.0095912 0.9953310
253.681500 -0.8788545 0.0135017 0.4303261 0.0098645 0.0243487 0.0074452 0.9996271
254.829700 -0.8893783 0.0003534 0.9339789 0.0074459 -0.0114936 -0.0020631 0.9999041
255.455200 -0.8991500 -0.0056569 1.2501619 0.0005370 -0.0156474 -0.0016359 0.9998761
258.267200 -0.9623346 -0.0360603 2.6312730 0.0016311 -0.0207987 0.0003426 0.9997823
259.933500 -1.0017532 -0.0526770 3.4057291 -0.0001871 -0.0252277 0.0007053 0.9996815
260.558300 -1.0169498 -0.0583126 3.6906598 -0.0000952 -0.0220112 0.0012032 0.9997570
261.079100 -1.0275331 -0.0630205 3.9234102 0.0065686 -0.0181092 -0.0002650 0.9998144
261.704200 -1.0360751 -0.0698419 4.2016983 0.0031823 -0.0098358 0.0009171 0.9999461
262.016600 -1.0391933 -0.0743366 4.3383374 0.0126253 -0.0084473 0.0020814 0.9998825
262.537300 -1.0458409 -0.0809673 4.5669117 0.0020967 -0.0089827 -0.0010459 0.9999569
262.954000 -1.0498861 -0.0823405 4.7581458 -0.0028357 -0.0124565 0.0007598 0.9999181
263.370700 -1.0557338 -0.0861378 4.9557376 0.0119883 -0.0139013 0.0047341 0.9998203
263.787300 -1.0627015 -0.0918374 5.1614265 0.0053478 -0.0154015 0.0044199 0.9998573
264.204000 -1.0713552 -0.0974377 5.3716063 0.0039308 -0.0186678 0.0037042 0.9998112
264.516300 -1.0780374 -0.1017306 5.5310183 0.0025568 -0.0214995 0.0041067 0.9997572
264.828700 -1.0859814 -0.1050815 5.6871605 0.0016484 -0.0234880 0.0038452 0.9997154
265.245300 -1.0960770 -0.1099438 5.8930058 0.0030743 -0.0238582 0.0037323 0.9997036
265.557700 -1.1055322 -0.1133265 6.0498557 -0.0014205 -0.0261562 0.0042213 0.9996479
265.974200 -1.1204261 -0.1178671 6.2492361 0.0027377 -0.0258031 0.0017613 0.9996617
266.391000 -1.1291034 -0.1233683 6.4408150 0.0012409 -0.0235374 0.0025988 0.9997188
266.911700 -1.1397223 -0.1282848 6.6716313 0.0025342 -0.0201825 0.0010803 0.9997925
267.120100 -1.1449494 -0.1310397 6.7621231 0.0042294 -0.0181663 -0.0009490 0.9998256
267.641100 -1.1535707 -0.1374859 6.9877105 0.0059081 -0.0148461 -0.0001044 0.9998723
267.849300 -1.1578197 -0.1402261 7.0787678 0.0107800 -0.0143884 -0.0059593 0.9998206
268.057600 -1.1617405 -0.1433339 7.1714067 0.0093192 -0.0160212 -0.0081035 0.9997954
268.266000 -1.1656017 -0.1463053 7.2661719 0.0079896 -0.0180372 -0.0038869 0.9997978
268.370100 -1.1671726 -0.1473544 7.3144422 0.0056937 -0.0189174 -0.0016837 0.9998034
268.474200 -1.1697174 -0.1488526 7.3627553 0.0024337 -0.0196535 -0.0012207 0.9998031
268.682600 -1.1727773 -0.1504438 7.4623203 -0.0049556 -0.0220586 0.0035998 0.9997379
268.890800 -1.1783427 -0.1509854 7.5645881 -0.0005868 -0.0232046 0.0040053 0.9997225
269.620100 -1.1978123 -0.1594632 7.9351983 0.0077121 -0.0225381 0.0041428 0.9997076
270.349200 -1.2145844 -0.1701566 8.3180742 0.0096751 -0.0205065 0.0044526 0.9997330
270.974100 -1.2284585 -0.1799468 8.6441927 0.0043545 -0.0192285 -0.0000727 0.9998056
271.598900 -1.2420902 -0.1876794 8.9559498 0.0001565 -0.0187084 -0.0009871 0.9998245
272.536200 -1.2569658 -0.1985426 9.3789072 0.0053132 -0.0163791 -0.0010097 0.9998512
273.161500 -1.2652065 -0.2060625 9.6457872 0.0042030 -0.0134700 0.0041216 0.9998919
273.682500 -1.2683635 -0.2117479 9.8670483 0.0089240 -0.0099820 0.0062610 0.9998907
274.203200 -1.2752314 -0.2204005 10.0864487 0.0146950 -0.0196764 0.0048937 0.9996864
274.619700 -1.2875884 -0.2255965 10.2612038 -0.0000777 -0.0349311 0.0012994 0.9993889
275.037000 -1.3017733 -0.2286769 10.4409523 0.0047210 -0.0361949 -0.0019874 0.9993317
275.349900 -1.3114412 -0.2314841 10.5822372 0.0082684 -0.0328702 0.0043877 0.9994158
275.662600 -1.3213558 -0.2359973 10.7278032 0.0110015 -0.0306606 0.0044129 0.9994596
275.975400 -1.3309674 -0.2404971 10.8786469 0.0065312 -0.0290487 0.0044128 0.9995469
276.183900 -1.3367825 -0.2432013 10.9812965 0.0082628 -0.0283717 0.0072251 0.9995372
276.496500 -1.3462474 -0.2482341 11.1370316 0.0105586 -0.0279598 0.0068473 0.9995298
276.704900 -1.3524314 -0.2516187 11.2425966 0.0056833 -0.0276970 0.0060199 0.9995821
276.913100 -1.3589877 -0.2543526 11.3479462 0.0044549 -0.0272542 0.0047475 0.9996073
277.121500 -1.3647845 -0.2575626 11.4510832 0.0057920 -0.0271103 0.0032586 0.9996104
277.329900 -1.3705744 -0.2609394 11.5535440 0.0083882 -0.0269709 0.0042625 0.9995919
277.538200 -1.3760157 -0.2643004 11.6552277 0.0079763 -0.0264535 0.0062791 0.9995985
277.746600 -1.3818789 -0.2675054 11.7577333 0.0037191 -0.0262613 0.0060604 0.9996298
277.954900 -1.3874187 -0.2708009 11.8575363 0.0067685 -0.0259586 0.0025487 0.9996368
278.163200 -1.3933818 -0.2738664 11.9583635 0.0067529 -0.0252825 0.0000184 0.9996576
278.371500 -1.3985286 -0.2772983 12.0562286 0.0045600 -0.0259538 0.0013336 0.9996518
278.684000 -1.4068674 -0.2813458 12.1974335 0.0044830 -0.0278036 0.0018153 0.9996017
278.996200 -1.4159224 -0.2859192 12.3334389 0.0042745 -0.0296943 0.0009315 0.9995494
279.204500 -1.4217575 -0.2883897 12.4214401 -0.0007526 -0.0309426 0.0007687 0.9995206
279.516900 -1.4300549 -0.2912495 12.5474501 0.0019159 -0.0319662 0.0001168 0.9994871
279.829400 -1.4385078 -0.2945520 12.6714239 0.0039102 -0.0326556 0.0012538 0.9994583
280.037700 -1.4441664 -0.2969004 12.7536974 0.0034821 -0.0318681 0.0002564 0.9994860
280.246100 -1.4495711 -0.2993108 12.8350620 0.0080773 -0.0298478 -0.0028421 0.9995178
280.454600 -1.4549739 -0.3021118 12.9162188 0.0116838 -0.0274224 -0.0052222 0.9995420
280.663000 -1.4601098 -0.3052875 12.9980555 0.0111423 -0.0244499 -0.0077659 0.9996088
280.871400 -1.4635131 -0.3081502 13.0802698 0.0095817 -0.0215530 -0.0058569 0.9997047
281.079700 -1.4670389 -0.3106070 13.1629210 0.0084501 -0.0182326 -0.0053545 0.9997838
281.288100 -1.4703579 -0.3129348 13.2465820 0.0067454 -0.0149294 -0.0049106 0.9998537
281.600700 -1.4736831 -0.3164608 13.3754578 0.0066527 -0.0093431 -0.0071224 0.9999089
281.913400 -1.4754288 -0.3193661 13.5086737 0.0053396 -0.0033051 -0.0046371 0.9999695
282.226000 -1.4755189 -0.3228738 13.6447630 0.0151338 0.0024106 -0.0022872 0.9998800
282.538600 -1.4742627 -0.3274355 13.7857571 0.0097021 0.0087324 -0.0027277 0.9999111
282.851200 -1.4710617 -0.3333915 13.9286041 0.0146266 0.0151648 -0.0035525 0.9997717
283.163700 -1.4657885 -0.3397554 14.0739269 0.0126355 0.0215499 -0.0039691 0.9996800
283.372200 -1.4610624 -0.3431512 14.1727781 0.0089796 0.0256121 -0.0022269 0.9996291
283.580600 -1.4554694 -0.3466219 14.2726460 0.0085023 0.0291124 -0.0007552 0.9995397
283.893000 -1.4469459 -0.3521371 14.4236498 0.0136996 0.0309822 0.0003383 0.9994260
284.205400 -1.4377313 -0.3579370 14.5789928 0.0107301 0.0320466 0.0006191 0.9994286
284.413600 -1.4310963 -0.3618450 14.6825542 0.0121896 0.0318188 0.0021624 0.9994170
284.726000 -1.4216988 -0.3680565 14.8402224 0.0095740 0.0310754 0.0031449 0.9994662
285.038200 -1.4124799 -0.3738091 14.9973965 0.0074301 0.0296824 0.0051320 0.9995186
285.246400 -1.4078996 -0.3770865 15.1013002 0.0093380 0.0290007 0.0029589 0.9995314
285.454600 -1.4023093 -0.3808156 15.2045135 0.0094349 0.0276290 0.0026976 0.9995701
285.662700 -1.3972344 -0.3848184 15.3072472 0.0089232 0.0264180 0.0013083 0.9996103
285.871000 -1.3926439 -0.3889699 15.4090242 0.0095663 0.0250316 -0.0001297 0.9996409
286.079200 -1.3885928 -0.3930037 15.5102844 0.0086982 0.0233760 0.0002570 0.9996889
286.287400 -1.3850169 -0.3965979 15.6102762 0.0134944 0.0212308 0.0019457 0.9996817
286.495600 -1.3809087 -0.4004666 15.7112875 0.0060328 0.0192902 0.0036408 0.9997891
286.703900 -1.3781301 -0.4030915 15.8105927 0.0008107 0.0185688 0.0023523 0.9998245
286.912200 -1.3759459 -0.4055503 15.9086800 0.0069092 0.0179777 -0.0041073 0.9998061
287.120500 -1.3734503 -0.4090554 16.0057220 0.0087289 0.0175589 -0.0069350 0.9997837
287.328700 -1.3708518 -0.4120180 16.1024361 0.0052919 0.0166687 -0.0096766 0.9998002
287.537000 -1.3686745 -0.4149459 16.1980686 0.0053643 0.0150348 -0.0105875 0.9998165
