3.630286 0.0000000 0.0000000 0.0000000 0.0000000 0.0000000 0.0000000 1.0000000
3.837524 0.0050328 -0.0005915 0.0479506 0.0008725 0.0246212 0.0038839 0.9996889
3.941290 0.0210989 -0.0012126 0.0656047 0.0013647 0.0261006 0.0069688 0.9996341
4.148625 0.0330121 -0.0025474 0.1118971 0.0009388 0.0393861 0.0130815 0.9991380
4.252293 0.0425517 -0.0042019 0.1348054 -0.0000128 0.0421413 0.0151899 0.9989962
4.355974 0.0505939 -0.0051663 0.1574861 -0.0008642 0.0450216 0.0168955 0.9988428
4.459609 0.0583720 -0.0060783 0.1800585 -0.0021036 0.0473230 0.0174982 0.9987242
4.563217 0.0655778 -0.0064275 0.2033379 -0.0023503 0.0495773 0.0176896 0.9986109
4.666947 0.0727955 -0.0068250 0.2263704 -0.0012044 0.0511516 0.0180337 0.9985273
4.770559 0.0800423 -0.0067365 0.2501718 0.0006577 0.0521366 0.0185717 0.9984670
4.874319 0.0874050 -0.0065269 0.2743854 0.0020684 0.0525616 0.0191464 0.9984320
4.977967 0.0948057 -0.0068296 0.2990194 0.0022897 0.0518338 0.0193184 0.9984663
5.185269 0.1100019 -0.0054355 0.3494596 0.0048203 0.0470233 0.0197872 0.9986861
5.392622 0.1243481 -0.0044722 0.4007465 0.0073397 0.0404779 0.0199053 0.9989552
5.600026 0.1368687 -0.0036469 0.4531202 0.0076400 0.0323038 0.0196520 0.9992557
5.807340 0.1458356 -0.0019281 0.5056570 0.0111721 0.0256881 0.0188496 0.9994298
6.014715 0.1487611 0.0000678 0.5469986 0.0157197 0.0244643 0.0164656 0.9994415
6.221927 0.1505104 -0.0007601 0.5710725 0.0167697 0.0237725 0.0158891 0.9994504
6.533021 0.1527274 -0.0019298 0.6069268 0.0169338 0.0214545 0.0161875 0.9994953
6.844097 0.1543631 -0.0030868 0.6427831 0.0177308 0.0200758 0.0162085 0.9995098
6.947755 0.1550926 -0.0034896 0.6550230 0.0169704 0.0194243 0.0168799 0.9995248
7.155209 0.1562793 -0.0042862 0.6795043 0.0166921 0.0185255 0.0182719 0.9995220
7.258923 0.1568547 -0.0048105 0.6917033 0.0174187 0.0179321 0.0194321 0.9994986
7.466210 0.1571754 -0.0057631 0.7158779 0.0171420 0.0181194 0.0192503 0.9995035
7.673572 0.1582069 -0.0066389 0.7411785 0.0169073 0.0177008 0.0199125 0.9995021
7.881024 0.1590455 -0.0075814 0.7666606 0.0172529 0.0178467 0.0204782 0.9994821
8.088400 0.1598838 -0.0086327 0.7925386 0.0180149 0.0188383 0.0200238 0.9994597
8.295863 0.1608037 -0.0096392 0.8186796 0.0180704 0.0201223 0.0188627 0.9994562
8.399546 0.1612922 -0.0101650 0.8319266 0.0178874 0.0207207 0.0187822 0.9994488
8.503235 0.1618459 -0.0106174 0.8451837 0.0176442 0.0208405 0.0173449 0.9994766
8.606978 0.1624315 -0.0112251 0.8586567 0.0180034 0.0216514 0.0173660 0.9994526
8.814436 0.1637896 -0.0122841 0.8861064 0.0189450 0.0250805 0.0169350 0.9993624
9.021867 0.1653611 -0.0135308 0.9135686 0.0180648 0.0296617 0.0155937 0.9992751
9.229148 0.1670780 -0.0147053 0.9410050 0.0193002 0.0343919 0.0151064 0.9991078
9.436507 0.1690746 -0.0160576 0.9687704 0.0200763 0.0392411 0.0144941 0.9989229
9.643856 0.1712775 -0.0172964 0.9969251 0.0199058 0.0448384 0.0125127 0.9987175
9.851216 0.1739487 -0.0185126 1.0252976 0.0196038 0.0503790 0.0124312 0.9984604
10.058450 0.1769784 -0.0197430 1.0538324 0.0209035 0.0559828 0.0124986 0.9981346
10.265950 0.1801361 -0.0211514 1.0826430 0.0207222 0.0622383 0.0125404 0.9977674
10.577010 0.1858447 -0.0233045 1.1257509 0.0206214 0.0691091 0.0122759 0.9973204
10.680800 0.1881094 -0.0239154 1.1404648 0.0205372 0.0707162 0.0135934 0.9971924
10.888380 0.1926586 -0.0249678 1.1695189 0.0219219 0.0727193 0.0138797 0.9970149
10.992100 0.1947862 -0.0257440 1.1843615 0.0218251 0.0746559 0.0136266 0.9968774
11.199650 0.1992568 -0.0271919 1.2141300 0.0227563 0.0788152 0.0123339 0.9965531
11.303360 0.2015807 -0.0279614 1.2290295 0.0225308 0.0810631 0.0122010 0.9963796
11.407080 0.2039279 -0.0287168 1.2436349 0.0228332 0.0835435 0.0121532 0.9961684
11.510570 0.2063716 -0.0294760 1.2583174 0.0230309 0.0857985 0.0119352 0.9959748
11.718020 0.2112718 -0.0308661 1.2876420 0.0227481 0.0904819 0.0118202 0.9955681
11.925060 0.2166733 -0.0325734 1.3169526 0.0228097 0.0948652 0.0129043 0.9951451
12.132140 0.2224474 -0.0341820 1.3463770 0.0239995 0.0984435 0.0131108 0.9947668
12.339620 0.2283482 -0.0357033 1.3760947 0.0249658 0.1020521 0.0130768 0.9943798
12.546850 0.2342982 -0.0374222 1.4055744 0.0248080 0.1060899 0.0130460 0.9939614
12.754210 0.2411436 -0.0390743 1.4354711 0.0249181 0.1095010 0.0153444 0.9935558
12.961450 0.2476939 -0.0406753 1.4649938 0.0243177 0.1122746 0.0156425 0.9932564
13.168790 0.2545632 -0.0422881 1.4950666 0.0258400 0.1154770 0.0144609 0.9928687
13.376170 0.2617130 -0.0440518 1.5251528 0.0273842 0.1188338 0.0138187 0.9924402
13.479770 0.2653484 -0.0450129 1.5401638 0.0278939 0.1205681 0.0128980 0.9922293
13.687000 0.2727942 -0.0469716 1.5702591 0.0273707 0.1244993 0.0134613 0.9917508
13.894440 0.2806171 -0.0487891 1.6005610 0.0268621 0.1285255 0.0132050 0.9912544
14.101800 0.2887398 -0.0506450 1.6309202 0.0273339 0.1323603 0.0123993 0.9907472
14.309200 0.2969720 -0.0525063 1.6612381 0.0279307 0.1357235 0.0127630 0.9902707
14.516540 0.3056200 -0.0543978 1.6915509 0.0272172 0.1383163 0.0142974 0.9899108
14.723680 0.3144441 -0.0562581 1.7221035 0.0278242 0.1410601 0.0145749 0.9895026
14.931630 0.3235062 -0.0581827 1.7525105 0.0286068 0.1438553 0.0141203 0.9890844
15.138550 0.3320326 -0.0599931 1.7830794 0.0295523 0.1471622 0.0126002 0.9885905
15.345730 0.3412845 -0.0621217 1.8136370 0.0294966 0.1502840 0.0141264 0.9881018
15.553070 0.3508815 -0.0640801 1.8442640 0.0288997 0.1532814 0.0142292 0.9876574
15.760420 0.3606120 -0.0661346 1.8747582 0.0289749 0.1568718 0.0128174 0.9871106
15.967780 0.3705152 -0.0680874 1.9050630 0.0290194 0.1605998 0.0123100 0.9865161
16.175170 0.3806122 -0.0699257 1.9351691 0.0289317 0.1647077 0.0117064 0.9858485
16.382370 0.3910004 -0.0721385 1.9654391 0.0292453 0.1689393 0.0116085 0.9851241
16.589730 0.4015594 -0.0740382 1.9956498 0.0295545 0.1730148 0.0117525 0.9844056
16.796960 0.4123313 -0.0762179 2.0255449 0.0297716 0.1771300 0.0115433 0.9836693
17.004320 0.4233093 -0.0781039 2.0556149 0.0305814 0.1810143 0.0125270 0.9829251
17.212260 0.4344073 -0.0800755 2.0859222 0.0317782 0.1848763 0.0143379 0.9821432
17.418950 0.4459796 -0.0823835 2.1156552 0.0333159 0.1879747 0.0158131 0.9814813
17.626280 0.4580633 -0.0844887 2.1457870 0.0342271 0.1910706 0.0168811 0.9808341
17.833610 0.4704821 -0.0866792 2.1762660 0.0348084 0.1947977 0.0168973 0.9800799
18.041020 0.4833105 -0.0888972 2.2068069 0.0352517 0.1979637 0.0154196 0.9794539
18.248220 0.4960382 -0.0911848 2.2374246 0.0350214 0.2006899 0.0174254 0.9788736
18.455670 0.5088268 -0.0934106 2.2681744 0.0346693 0.2033768 0.0178334 0.9783241
18.663050 0.5210786 -0.0954227 2.2988033 0.0342646 0.2070795 0.0184334 0.9775501
18.869920 0.5358598 -0.0979899 2.3303549 0.0344059 0.2086025 0.0186785 0.9772167
19.077140 0.5500385 -0.1003778 2.3617418 0.0357023 0.2113766 0.0181959 0.9765829
19.284530 0.5639254 -0.1025493 2.3931766 0.0340769 0.2171247 0.0161314 0.9754155
19.388220 0.5714201 -0.1036405 2.4090531 0.0336154 0.2197647 0.0154817 0.9748507
19.595460 0.5864754 -0.1059028 2.4405968 0.0340556 0.2243880 0.0175168 0.9737471
19.802840 0.6014442 -0.1081129 2.4715824 0.0339219 0.2291628 0.0179196 0.9726318
19.906420 0.6097507 -0.1089488 2.4873347 0.0334873 0.2311950 0.0174490 0.9721743
20.010030 0.6178001 -0.1102043 2.5031755 0.0324565 0.2334349 0.0167720 0.9716859
20.113650 0.6256124 -0.1112641 2.5186434 0.0326765 0.2356666 0.0164746 0.9711447
20.217270 0.6337009 -0.1125060 2.5344794 0.0323266 0.2382867 0.0166848 0.9705133
20.320880 0.6420783 -0.1136490 2.5503957 0.0321872 0.2404918 0.0174407 0.9699606
20.424500 0.6504989 -0.1147919 2.5663481 0.0315983 0.2430147 0.0175195 0.9693495
20.528120 0.6591330 -0.1158968 2.5822725 0.0314199 0.2446709 0.0169574 0.9689486
20.735350 0.6771641 -0.1182477 2.6148427 0.0305420 0.2474725 0.0178362 0.9682491
20.838960 0.6862619 -0.1193366 2.6312275 0.0307776 0.2487664 0.0167578 0.9679293
20.942580 0.6953125 -0.1204831 2.6477952 0.0309777 0.2505766 0.0146099 0.9674907
21.046320 0.7045240 -0.1216507 2.6641936 0.0314386 0.2519263 0.0132345 0.9671451
21.149940 0.7136970 -0.1228743 2.6805553 0.0302531 0.2535442 0.0127451 0.9667666
21.253550 0.7227879 -0.1240027 2.6966603 0.0297141 0.2551894 0.0138322 0.9663354
21.357170 0.7317808 -0.1251013 2.7126908 0.0300317 0.2569973 0.0133204 0.9658535
21.460820 0.7408054 -0.1261697 2.7285676 0.0299326 0.2587694 0.0124281 0.9653953
21.564620 0.7497441 -0.1273033 2.7443542 0.0281590 0.2608252 0.0116576 0.9649048
21.771790 0.7679701 -0.1294626 2.7756262 0.0268668 0.2643915 0.0114103 0.9639736
21.979040 0.7859503 -0.1314929 2.8060703 0.0266919 0.2678918 0.0114580 0.9630110
22.082650 0.7952461 -0.1325251 2.8215842 0.0262626 0.2694804 0.0114274 0.9625798
22.290250 0.8134348 -0.1345191 2.8518286 0.0263558 0.2733462 0.0044296 0.9615444
22.497250 0.8315110 -0.1369037 2.8811350 0.0334737 0.2772370 0.0036372 0.9602114
22.704440 0.8501261 -0.1391031 2.9109023 0.0275395 0.2790150 0.0093378 0.9598464
22.911770 0.8688735 -0.1408242 2.9406240 0.0200317 0.2829031 0.0052960 0.9589247
23.119010 0.8876134 -0.1425819 2.9694915 0.0217477 0.2863430 0.0077487 0.9578490
23.326370 0.9063152 -0.1442707 2.9977524 0.0261108 0.2894803 0.0092149 0.9567834
23.533710 0.9255352 -0.1461715 3.0263629 0.0255660 0.2931639 0.0100338 0.9556676
23.741080 0.9456073 -0.1481918 3.0552938 0.0249060 0.2961724 0.0106090 0.9547508
23.948430 0.9626246 -0.1494935 3.0815465 0.0251451 0.2984289 0.0111184 0.9540358
24.363000 0.9717072 -0.1497174 3.0953653 0.0236756 0.3110812 0.0113504 0.9500206
24.570240 0.9725872 -0.1495518 3.0982392 0.0251850 0.3190759 0.0054815 0.9473786
24.777590 0.9730772 -0.1494275 3.1006289 0.0254171 0.3275504 0.0019102 0.9444898
24.984880 0.9734851 -0.1493066 3.1033039 0.0266169 0.3369488 -0.0018637 0.9411448
25.399160 0.9752027 -0.1499744 3.1095450 0.0202965 0.3538911 0.0087547 0.9350254
25.606390 0.9759738 -0.1501625 3.1119719 0.0208172 0.3596554 0.0012280 0.9328521
26.020850 0.9778237 -0.1504645 3.1156464 0.0203225 0.3626913 -0.0006748 0.9316875
26.228100 0.9783058 -0.1505331 3.1164596 0.0198907 0.3616533 -0.0054140 0.9320847
26.642670 0.9789037 -0.1506169 3.1175752 0.0165488 0.3625780 -0.0125368 0.9317222
26.849920 0.9789715 -0.1506034 3.1174009 0.0147896 0.3592220 -0.0115252 0.9330638
27.057260 0.9790353 -0.1506085 3.1173577 0.0153931 0.3577498 -0.0144263 0.9335791
27.368230 0.9793178 -0.1506230 3.1176202 0.0158862 0.3550608 -0.0119408 0.9346319
27.886560 0.9797164 -0.1506606 3.1180885 0.0151364 0.3528501 -0.0125273 0.9354736
28.197410 0.9800150 -0.1506732 3.1183853 0.0149526 0.3514524 -0.0126522 0.9360008
28.508250 0.9802521 -0.1506941 3.1186666 0.0145434 0.3519662 -0.0131884 0.9358068
28.819230 0.9805011 -0.1507173 3.1189618 0.0129492 0.3524113 -0.0129675 0.9356658
29.130070 0.9807512 -0.1507286 3.1192126 0.0132346 0.3521733 -0.0140221 0.9357362
29.441040 0.9810073 -0.1507511 3.1194956 0.0133041 0.3516329 -0.0134639 0.9359466
29.752010 0.9812589 -0.1507710 3.1197717 0.0125786 0.3512167 -0.0135780 0.9361113
30.062730 0.9814990 -0.1507879 3.1200397 0.0126733 0.3510580 -0.0129674 0.9361781
30.373580 0.9817609 -0.1508008 3.1203070 0.0119429 0.3503304 -0.0130267 0.9364594
30.684470 0.9820303 -0.1508142 3.1205711 0.0106357 0.3498525 -0.0128941 0.9366557
30.995560 0.9822711 -0.1508302 3.1208324 0.0123871 0.3503556 -0.0141991 0.9364272
31.410110 0.9826173 -0.1508485 3.1211729 0.0111268 0.3497373 -0.0122633 0.9367015
31.824820 0.9829529 -0.1508681 3.1215062 0.0112782 0.3493549 -0.0110705 0.9368572
32.239540 0.9833131 -0.1508788 3.1218235 0.0106271 0.3475975 -0.0101468 0.9375287
32.550780 0.9835849 -0.1508718 3.1219583 0.0101669 0.3454751 -0.0110187 0.9383081
32.965700 0.9839088 -0.1509217 3.1225119 0.0096305 0.3454445 -0.0100352 0.9383361
33.380050 0.9842506 -0.1509409 3.1229002 0.0098473 0.3436466 -0.0110015 0.9389830
33.794940 0.9845644 -0.1509579 3.1232619 0.0100594 0.3432000 -0.0127513 0.9391219
34.209730 0.9848956 -0.1509799 3.1236389 0.0087667 0.3432757 -0.0126207 0.9391090
34.624450 0.9852112 -0.1510004 3.1240082 0.0100553 0.3431437 -0.0119715 0.9391528
35.039150 0.9855302 -0.1510189 3.1243832 0.0097806 0.3430224 -0.0123511 0.9391951
35.454000 0.9858141 -0.1510325 3.1247411 0.0091366 0.3431764 -0.0130315 0.9391361
35.868330 0.9861644 -0.1510542 3.1251068 0.0089241 0.3411582 -0.0123648 0.9398822
36.283280 0.9864404 -0.1510733 3.1254635 0.0096817 0.3412540 -0.0118151 0.9398470
36.697760 0.9867435 -0.1510910 3.1258204 0.0091875 0.3403139 -0.0115370 0.9401962
37.112590 0.9870245 -0.1511075 3.1261706 0.0096985 0.3402289 -0.0123705 0.9402112
37.527300 0.9873273 -0.1511262 3.1265278 0.0098481 0.3410410 -0.0137286 0.9398966
38.045630 0.9877739 -0.1511440 3.1269641 0.0093327 0.3402385 -0.0131078 0.9402015
38.563710 0.9881760 -0.1511630 3.1273849 0.0102915 0.3386663 -0.0112841 0.9407826
39.082020 0.9885875 -0.1511854 3.1278253 0.0099951 0.3371095 -0.0118784 0.9413375
39.496500 0.9888955 -0.1511925 3.1281753 0.0109411 0.3351728 -0.0114426 0.9420236
40.014950 0.9892954 -0.1512103 3.1286249 0.0119699 0.3328424 -0.0119686 0.9428305
40.533280 0.9896732 -0.1512347 3.1290555 0.0132681 0.3308481 -0.0117581 0.9435175
41.051600 0.9900438 -0.1512625 3.1294639 0.0121451 0.3303646 -0.0131664 0.9436834
41.569920 0.9904447 -0.1512809 3.1299202 0.0147437 0.3280538 -0.0112117 0.9444774
42.088380 0.9908330 -0.1513067 3.1303530 0.0139183 0.3250670 -0.0113365 0.9455206
42.606580 0.9911964 -0.1513356 3.1307836 0.0143836 0.3228269 -0.0111152 0.9462835
43.124790 0.9915879 -0.1513660 3.1312056 0.0139303 0.3229610 -0.0128397 0.9462226
43.642870 0.9918348 -0.1513762 3.1315691 0.0136156 0.3246358 -0.0121983 0.9456624
44.161070 0.9920083 -0.1513832 3.1319287 0.0155554 0.3250919 -0.0140627 0.9454499
44.679140 0.9921742 -0.1513887 3.1322329 0.0153613 0.3228982 -0.0125442 0.9462259
45.197350 0.9923148 -0.1513917 3.1325407 0.0141201 0.3207985 -0.0139983 0.9469388
45.819420 0.9925089 -0.1514240 3.1329248 0.0119609 0.3209650 -0.0136713 0.9469169
46.337490 0.9926801 -0.1514453 3.1332531 0.0122081 0.3210366 -0.0152060 0.9468660
46.855700 0.9926932 -0.1514695 3.1335740 0.0103088 0.3228215 -0.0126012 0.9463198
47.477390 0.9927427 -0.1514914 3.1339946 0.0103685 0.3222023 -0.0099902 0.9465613
47.995840 0.9928024 -0.1515292 3.1343398 0.0086848 0.3215108 -0.0096213 0.9468172
48.617800 0.9929063 -0.1515530 3.1347950 0.0075811 0.3208485 -0.0080579 0.9470659
49.239480 0.9930125 -0.1515890 3.1352572 0.0083982 0.3219134 -0.0081651 0.9466966
49.757560 0.9932417 -0.1516136 3.1356254 0.0113855 0.3216263 -0.0108401 0.9467362
50.275650 0.9934912 -0.1516433 3.1360562 0.0055709 0.3218262 -0.0076279 0.9467517
50.897570 0.9937197 -0.1516587 3.1363583 0.0049780 0.3164690 -0.0068210 0.9485652
51.416040 0.9938805 -0.1516858 3.1366801 0.0040736 0.3139009 -0.0055033 0.9494311
51.934500 0.9939418 -0.1517113 3.1370406 -0.0000145 0.3145789 -0.0047857 0.9492193
52.452950 0.9940118 -0.1517392 3.1374240 0.0004437 0.3167421 -0.0053588 0.9484965
53.593090 0.9940822 -0.1517992 3.1383328 -0.0002931 0.3207223 0.0004446 0.9471731
54.525980 0.9939364 -0.1518578 3.1391358 -0.0008931 0.3270295 0.0038365 0.9450059
55.044310 0.9939182 -0.1518978 3.1396108 -0.0031625 0.3298243 0.0020577 0.9440348
55.458900 0.9940857 -0.1519174 3.1400104 -0.0022888 0.3288408 0.0018883 0.9443807
55.769890 0.9942072 -0.1519330 3.1403210 -0.0020287 0.3276911 0.0033103 0.9447769
56.184470 0.9943545 -0.1519573 3.1407638 -0.0030556 0.3276469 0.0072160 0.9447678
56.598920 0.9944713 -0.1519765 3.1412506 -0.0045645 0.3303390 0.0031181 0.9438462
57.013380 0.9948601 -0.1520163 3.1416817 -0.0022284 0.3273669 0.0076012 0.9448641
57.427720 0.9952373 -0.1520393 3.1420255 -0.0030745 0.3207849 0.0086971 0.9471071
57.842180 0.9956320 -0.1520510 3.1423688 -0.0005207 0.3118447 0.0115186 0.9500631
58.153180 0.9959399 -0.1520521 3.1426351 -0.0056007 0.3049942 0.0122398 0.9522591
58.464000 0.9961987 -0.1520518 3.1429291 -0.0025856 0.2994005 0.0119927 0.9540486
58.774970 0.9964831 -0.1520455 3.1432195 -0.0035013 0.2928667 0.0125490 0.9560645
59.086070 0.9967683 -0.1520421 3.1435115 -0.0026903 0.2859780 0.0129786 0.9581445
59.397170 0.9970679 -0.1520384 3.1438076 -0.0022477 0.2777767 0.0131072 0.9605536
59.708260 0.9973398 -0.1520303 3.1441212 0.0001584 0.2706966 0.0125037 0.9625835
60.019480 0.9975989 -0.1520351 3.1444364 0.0008941 0.2635790 0.0131732 0.9645474
60.226840 0.9977757 -0.1520462 3.1446550 0.0000574 0.2588798 0.0137948 0.9658110
60.745170 0.9982052 -0.1520739 3.1452117 -0.0017697 0.2484333 0.0148318 0.9685338
60.952400 0.9983637 -0.1520894 3.1454396 -0.0027213 0.2446641 0.0165784 0.9694623
61.159760 0.9985226 -0.1520980 3.1456680 -0.0011550 0.2404654 0.0187886 0.9704751
61.366980 0.9986817 -0.1521112 3.1459019 -0.0029206 0.2361049 0.0207975 0.9715006
61.574220 0.9988440 -0.1521335 3.1461306 -0.0032418 0.2301359 0.0224810 0.9728934
61.784120 0.9990010 -0.1521481 3.1463988 -0.0016697 0.2257285 0.0261529 0.9738377
61.988910 0.9991565 -0.1521647 3.1466527 -0.0053759 0.2203194 0.0281887 0.9750056
62.300010 0.9993935 -0.1521809 3.1470528 -0.0056978 0.2109959 0.0285950 0.9770520
62.507020 0.9995471 -0.1521966 3.1473413 -0.0056497 0.2055257 0.0309033 0.9781473
62.714120 0.9996933 -0.1522100 3.1476262 -0.0054294 0.1992660 0.0320779 0.9794052
62.921550 0.9998357 -0.1522221 3.1479156 -0.0056160 0.1923024 0.0338443 0.9807358
63.128570 0.9999455 -0.1522214 3.1481602 -0.0053617 0.1872288 0.0329297 0.9817496
63.335690 1.0000405 -0.1522151 3.1483858 -0.0050275 0.1827362 0.0316405 0.9826398
63.542910 1.0001301 -0.1522090 3.1486068 -0.0035798 0.1779354 0.0288269 0.9836133
63.750030 1.0002048 -0.1522072 3.1487980 -0.0015473 0.1734574 0.0288840 0.9844165
63.957240 1.0002769 -0.1522073 3.1489868 0.0004532 0.1687658 0.0292249 0.9852227
64.164350 1.0003476 -0.1522076 3.1491768 0.0006585 0.1641841 0.0297456 0.9859809
64.371580 1.0004164 -0.1522079 3.1493680 0.0013850 0.1602997 0.0289046 0.9866441
64.578710 1.0004857 -0.1522093 3.1495607 0.0029917 0.1561387 0.0285110 0.9873191
64.785940 1.0005528 -0.1522110 3.1497617 0.0036472 0.1518947 0.0296474 0.9879452
64.993150 1.0006232 -0.1522128 3.1499660 0.0035498 0.1473871 0.0299963 0.9886175
65.200410 1.0006913 -0.1522148 3.1501782 0.0029406 0.1427294 0.0300262 0.9893018
65.407740 1.0007581 -0.1522176 3.1503954 0.0021378 0.1374550 0.0301095 0.9900479
65.614970 1.0008156 -0.1522227 3.1506138 0.0041536 0.1326005 0.0303933 0.9906948
65.822450 1.0008750 -0.1522298 3.1508529 0.0102580 0.1273120 0.0296239 0.9913672
66.029810 1.0009186 -0.1522333 3.1510470 0.0111783 0.1232674 0.0289366 0.9918885
66.237180 1.0009526 -0.1522373 3.1512060 0.0094955 0.1203824 0.0281468 0.9922830
66.444520 1.0009866 -0.1522434 3.1513867 0.0081807 0.1165911 0.0276520 0.9927613
66.755490 1.0010262 -0.1522537 3.1516538 0.0101702 0.1118907 0.0287754 0.9932517
66.962720 1.0010438 -0.1522616 3.1518292 0.0112929 0.1089024 0.0295326 0.9935495
67.169960 1.0010531 -0.1522831 3.1520097 0.0088241 0.1058093 0.0322681 0.9938236
67.377190 1.0011662 -0.1522961 3.1522412 0.0086746 0.0953443 0.0339387 0.9948278
67.687910 1.0012426 -0.1523040 3.1525571 0.0112296 0.0850399 0.0364822 0.9956461
67.895140 1.0013077 -0.1523095 3.1527920 0.0121208 0.0763142 0.0373602 0.9963099
68.102260 1.0013688 -0.1523169 3.1530335 0.0117348 0.0668970 0.0394911 0.9969090
68.309500 1.0014231 -0.1523280 3.1532748 0.0119065 0.0573183 0.0414059 0.9974259
68.516600 1.0014703 -0.1523383 3.1535308 0.0124976 0.0473449 0.0415758 0.9979348
68.723700 1.0015043 -0.1523499 3.1537745 0.0141973 0.0376530 0.0431574 0.9982575
68.930920 1.0015259 -0.1523611 3.1540270 0.0125361 0.0276187 0.0461110 0.9984758
69.138040 1.0015415 -0.1523696 3.1542935 0.0140267 0.0174216 0.0460402 0.9986892
69.345250 1.0015473 -0.1523749 3.1544564 0.0172828 0.0118822 0.0438249 0.9988191
69.552530 1.0015476 -0.1523785 3.1545196 0.0174703 0.0107104 0.0441001 0.9988170
69.863330 1.0015515 -0.1523830 3.1546168 0.0171858 0.0079448 0.0445654 0.9988270
70.070460 1.0015514 -0.1523858 3.1546836 0.0179455 0.0066055 0.0441366 0.9988425
70.277680 1.0015498 -0.1523893 3.1547401 0.0180169 0.0057053 0.0440898 0.9988488
70.485050 1.0015488 -0.1523933 3.1548078 0.0186577 0.0042873 0.0444000 0.9988304
70.692380 1.0015483 -0.1523970 3.1548798 0.0201312 0.0020909 0.0446877 0.9987960
70.899760 1.0015364 -0.1524021 3.1549177 0.0212058 0.0027974 0.0443115 0.9987888
71.107200 1.0015293 -0.1524055 3.1549459 0.0220305 0.0031917 0.0432639 0.9988157
71.314340 1.0015271 -0.1524066 3.1549568 0.0217107 0.0041888 0.0421467 0.9988667
71.521800 1.0015249 -0.1524074 3.1549594 0.0210771 0.0055784 0.0425117 0.9988580
71.729150 1.0015224 -0.1524081 3.1549628 0.0206863 0.0069582 0.0437380 0.9988046
71.936530 1.0015185 -0.1524094 3.1549661 0.0200750 0.0082816 0.0446079 0.9987685
72.143990 1.0015200 -0.1524086 3.1549821 0.0217943 0.0072468 0.0440390 0.9987658
72.351370 1.0015187 -0.1524103 3.1550033 0.0229210 0.0076304 0.0442034 0.9987304
72.662320 1.0015172 -0.1524128 3.1550324 0.0225211 0.0097446 0.0439793 0.9987310
72.973420 1.0015174 -0.1524144 3.1550586 0.0243143 0.0101383 0.0429341 0.9987305
73.180810 1.0015177 -0.1524155 3.1550763 0.0246636 0.0100533 0.0435494 0.9986962
73.388130 1.0015171 -0.1524169 3.1550951 0.0240767 0.0106432 0.0423075 0.9987578
73.595360 1.0015171 -0.1524181 3.1551123 0.0239791 0.0111934 0.0423542 0.9987521
73.802720 1.0015173 -0.1524191 3.1551285 0.0240731 0.0112680 0.0419332 0.9987668
74.113680 1.0015175 -0.1524206 3.1551530 0.0231798 0.0116945 0.0422799 0.9987684
74.321040 1.0015178 -0.1524216 3.1551690 0.0228840 0.0118230 0.0425233 0.9987634
74.528420 1.0015175 -0.1524226 3.1551847 0.0229970 0.0121902 0.0424136 0.9987611
74.735780 1.0015185 -0.1524231 3.1551938 0.0233163 0.0106394 0.0419735 0.9987900
74.942980 1.0015203 -0.1524230 3.1551986 0.0235898 0.0082928 0.0415283 0.9988244
75.150340 1.0015221 -0.1524229 3.1552060 0.0234200 0.0068761 0.0409839 0.9988616
75.357700 1.0015223 -0.1524234 3.1552184 0.0224577 0.0072973 0.0412338 0.9988704
75.668790 1.0015239 -0.1524240 3.1552355 0.0228217 0.0064077 0.0409280 0.9988809
75.979760 1.0015262 -0.1524239 3.1552520 0.0231863 0.0052264 0.0412836 0.9988647
76.186870 1.0015270 -0.1524244 3.1552668 0.0240440 0.0047251 0.0417064 0.9988294
77.222770 1.0015295 -0.1524316 3.1553175 0.0195763 0.0003009 0.0419993 0.9989258
77.533630 1.0015302 -0.1524322 3.1553321 0.0217483 -0.0011305 0.0419879 0.9988807
77.844470 1.0015303 -0.1524331 3.1553490 0.0184876 -0.0022615 0.0416832 0.9989573
78.570050 1.0015273 -0.1524358 3.1553838 0.0182566 -0.0020640 0.0407227 0.9990016
78.984610 1.0015258 -0.1524372 3.1554036 0.0179371 0.0004934 0.0404583 0.9990201
79.399200 1.0015258 -0.1524381 3.1554234 0.0174065 0.0017914 0.0406029 0.9990221
79.813790 1.0015256 -0.1524392 3.1554437 0.0180285 0.0037224 0.0410673 0.9989868
80.228390 1.0015258 -0.1524402 3.1554635 0.0158943 0.0089228 0.0397083 0.9990451
80.539350 1.0015261 -0.1524409 3.1554782 0.0156398 0.0128743 0.0391871 0.9990265
82.093950 1.0015262 -0.1524443 3.1555510 0.0155246 0.0291056 0.0407298 0.9986255
82.508540 1.0015227 -0.1524458 3.1555696 0.0152178 0.0327410 0.0413768 0.9984910
82.819520 1.0015212 -0.1524462 3.1555836 0.0151652 0.0333554 0.0410870 0.9984835
83.130480 1.0015216 -0.1524471 3.1555972 0.0104744 0.0309646 0.0425182 0.9985608
83.545230 1.0015237 -0.1524476 3.1556158 0.0173954 0.0256842 0.0430714 0.9985903
83.960030 1.0015179 -0.1524481 3.1556327 0.0128909 0.0239977 0.0433895 0.9986868
84.375100 1.0015241 -0.1524489 3.1556516 0.0122238 0.0170927 0.0434932 0.9988327
85.204070 1.0015240 -0.1524503 3.1556880 0.0122623 0.0170931 0.0404351 0.9989607
85.515020 1.0015248 -0.1524508 3.1557016 0.0121125 0.0165443 0.0413540 0.9989341
85.929770 1.0015236 -0.1524516 3.1557186 0.0106339 0.0162205 0.0411623 0.9989642
86.344470 1.0015241 -0.1524524 3.1557372 0.0120598 0.0136881 0.0431811 0.9989007
87.070550 1.0015242 -0.1524534 3.1557674 0.0089645 0.0086251 0.0397829 0.9991309
87.796300 1.0015235 -0.1524549 3.1557972 0.0076302 0.0073520 0.0448075 0.9989395
88.107400 1.0015240 -0.1524549 3.1558096 0.0073272 0.0077121 0.0435216 0.9989958
88.522330 1.0015236 -0.1524559 3.1558261 0.0065126 0.0097734 0.0409190 0.9990934
88.937260 1.0015240 -0.1524563 3.1558423 0.0040125 0.0122936 0.0391629 0.9991491
89.248170 1.0015241 -0.1524566 3.1558545 0.0023140 0.0141504 0.0434274 0.9989537
89.559150 1.0015244 -0.1524568 3.1558657 0.0030177 0.0158394 0.0480360 0.9987155
89.973980 1.0015249 -0.1524571 3.1558809 0.0035240 0.0194799 0.0537530 0.9983580
90.285080 1.0015252 -0.1524573 3.1558917 0.0030372 0.0231990 0.0586926 0.9980019
90.699910 1.0015258 -0.1524575 3.1559060 0.0024080 0.0325373 0.0617803 0.9975564
91.011010 1.0015265 -0.1524577 3.1559162 0.0018778 0.0448340 0.0623144 0.9970473
91.322130 1.0015274 -0.1524579 3.1559260 0.0019628 0.0659583 0.0626868 0.9958494
91.633230 1.0015289 -0.1524580 3.1559355 0.0008078 0.0906542 0.0659836 0.9936938
91.944420 1.0015308 -0.1524580 3.1559448 0.0004737 0.1187885 0.0685640 0.9905494
92.255650 1.0015333 -0.1524581 3.1559544 -0.0025207 0.1507962 0.0709388 0.9860131
92.566890 1.0015361 -0.1524580 3.1559627 -0.0034269 0.1853225 0.0716655 0.9800550
93.189210 1.0015433 -0.1524576 3.1559770 -0.0106171 0.2594769 0.0740687 0.9628462
93.811380 1.0015535 -0.1524570 3.1559916 -0.0133846 0.3378208 0.0745928 0.9381545
94.122480 1.0015593 -0.1524563 3.1559982 -0.0129901 0.3779232 0.0757668 0.9226401
94.433570 1.0015659 -0.1524557 3.1560042 -0.0171129 0.4173256 0.0749609 0.9054984
94.744540 1.0015728 -0.1524550 3.1560099 -0.0191106 0.4547914 0.0742966 0.8872877
95.263120 1.0015855 -0.1524537 3.1560178 -0.0211140 0.5142459 0.0744439 0.8541449
95.677830 1.0015965 -0.1524524 3.1560230 -0.0223092 0.5575449 0.0751658 0.8264357
96.299770 1.0016143 -0.1524504 3.1560290 -0.0225980 0.6216738 0.0710461 0.7797201
96.610910 1.0016236 -0.1524494 3.1560309 -0.0256229 0.6533988 0.0719242 0.7531537
96.921840 1.0016334 -0.1524482 3.1560318 -0.0259763 0.6846081 0.0705241 0.7250265
97.129320 1.0016400 -0.1524474 3.1560318 -0.0272907 0.7049370 0.0702282 0.7052567
97.336810 1.0016464 -0.1524467 3.1560318 -0.0278201 0.7253241 0.0691089 0.6843646
97.647900 1.0016563 -0.1524454 3.1560309 -0.0301074 0.7554588 0.0668570 0.6510803
97.855250 1.0016627 -0.1524445 3.1560297 -0.0308855 0.7746401 0.0669511 0.6280894
98.062740 1.0016693 -0.1524438 3.1560280 -0.0315316 0.7930567 0.0663189 0.6047055
98.477450 1.0016818 -0.1524421 3.1560242 -0.0336145 0.8279333 0.0643197 0.5561111
98.892150 1.0016942 -0.1524403 3.1560183 -0.0334547 0.8599829 0.0606676 0.5055982
99.099510 1.0017002 -0.1524395 3.1560147 -0.0345684 0.8741748 0.0597543 0.4806796
99.203130 1.0017031 -0.1524390 3.1560128 -0.0353178 0.8808965 0.0596092 0.4682101
99.306750 1.0017059 -0.1524386 3.1560111 -0.0354210 0.8874428 0.0589675 0.4557559
99.617730 1.0017146 -0.1524374 3.1560044 -0.0362292 0.9051993 0.0573082 0.4195444
99.721330 1.0017170 -0.1524369 3.1560023 -0.0359668 0.9104588 0.0567502 0.4081060
99.928690 1.0017221 -0.1524360 3.1559973 -0.0358567 0.9203287 0.0552383 0.3855621
100.136200 1.0017276 -0.1524352 3.1559920 -0.0379203 0.9291517 0.0552348 0.3635772
100.239800 1.0017301 -0.1524347 3.1559892 -0.0373045 0.9333166 0.0541012 0.3529894
100.447100 1.0017347 -0.1524339 3.1559834 -0.0376344 0.9405249 0.0531559 0.3334232
100.654400 1.0017393 -0.1524331 3.1559777 -0.0368300 0.9464595 0.0531247 0.3162844
100.861600 1.0017439 -0.1524322 3.1559715 -0.0350384 0.9512956 0.0517263 0.3018831
100.965200 1.0017461 -0.1524318 3.1559687 -0.0346086 0.9534627 0.0509190 0.2951583
101.068800 1.0017482 -0.1524314 3.1559653 -0.0342113 0.9553916 0.0508013 0.2889214
101.276200 1.0017523 -0.1524306 3.1559591 -0.0336731 0.9588227 0.0503747 0.2774664
101.483400 1.0017563 -0.1524298 3.1559525 -0.0347738 0.9616925 0.0497718 0.2673220
101.690600 1.0017605 -0.1524290 3.1559455 -0.0346776 0.9636146 0.0508749 0.2601080
101.897900 1.0017644 -0.1524281 3.1559386 -0.0340898 0.9650577 0.0508498 0.2547860
102.105200 1.0017685 -0.1524273 3.1559317 -0.0347567 0.9663637 0.0506984 0.2497257
102.312600 1.0017720 -0.1524265 3.1559258 -0.0351012 0.9672837 0.0510462 0.2460170
102.520000 1.0017754 -0.1524258 3.1559191 -0.0351161 0.9679419 0.0507181 0.2434809
102.727300 1.0017791 -0.1524250 3.1559119 -0.0346561 0.9684129 0.0503410 0.2417461
102.934700 1.0017825 -0.1524242 3.1559052 -0.0347086 0.9687317 0.0502135 0.2404844
103.349400 1.0017902 -0.1524226 3.1558912 -0.0348987 0.9692311 0.0515811 0.2381438
103.556700 1.0017934 -0.1524218 3.1558843 -0.0352140 0.9695056 0.0511129 0.2370787
103.867700 1.0017989 -0.1524206 3.1558735 -0.0358984 0.9698452 0.0517981 0.2354329
104.178700 1.0018045 -0.1524194 3.1558630 -0.0363676 0.9704176 0.0496178 0.2334636
104.489800 1.0018096 -0.1524182 3.1558523 -0.0359013 0.9711901 0.0480193 0.2306406
104.800900 1.0018150 -0.1524171 3.1558421 -0.0371141 0.9728699 0.0483928 0.2231700
105.008400 1.0018179 -0.1524164 3.1558352 -0.0380501 0.9747480 0.0475203 0.2148498
105.215900 1.0018209 -0.1524157 3.1558285 -0.0388615 0.9770752 0.0475164 0.2038529
105.526900 1.0018251 -0.1524148 3.1558185 -0.0411287 0.9814671 0.0458735 0.1814566
105.838100 1.0018289 -0.1524138 3.1558084 -0.0408627 0.9865274 0.0422281 0.1526785
106.149400 1.0018315 -0.1524131 3.1557987 -0.0413397 0.9913221 0.0406309 0.1179860
106.460800 1.0018337 -0.1524124 3.1557884 -0.0410879 0.9955368 0.0366982 0.0766260
106.875700 1.0018349 -0.1524117 3.1557751 -0.0377124 0.9986289 0.0325283 0.0161261
107.186900 1.0018346 -0.1524112 3.1557648 -0.0374791 0.9982235 0.0302735 -0.0350518
107.394300 1.0018340 -0.1524110 3.1557581 -0.0382801 0.9964325 0.0260123 -0.0705713
107.809100 1.0018312 -0.1524107 3.1557448 -0.0374350 0.9889390 0.0222356 -0.1417880
108.120200 1.0018277 -0.1524106 3.1557355 -0.0382608 0.9799421 0.0172018 -0.1948169
108.327600 1.0018250 -0.1524106 3.1557295 -0.0378413 0.9725381 0.0131118 -0.2292722
108.534900 1.0018218 -0.1524106 3.1557233 -0.0370882 0.9637636 0.0094000 -0.2639997
108.742600 1.0018179 -0.1524108 3.1557176 -0.0364911 0.9540207 0.0045633 -0.2974763
108.949700 1.0018139 -0.1524110 3.1557121 -0.0356498 0.9437959 -0.0002359 -0.3286005
109.156900 1.0018101 -0.1524112 3.1557069 -0.0339073 0.9332637 -0.0021399 -0.3575815
109.364400 1.0018052 -0.1524116 3.1557021 -0.0328575 0.9221358 -0.0063360 -0.3854163
109.467900 1.0018028 -0.1524117 3.1556997 -0.0325981 0.9161245 -0.0095184 -0.3994530
109.571600 1.0018003 -0.1524119 3.1556973 -0.0333408 0.9096709 -0.0096591 -0.4138766
109.675300 1.0017976 -0.1524121 3.1556950 -0.0326878 0.9027714 -0.0090379 -0.4287815
109.779100 1.0017948 -0.1524123 3.1556928 -0.0341339 0.8952523 -0.0077170 -0.4441832
109.986400 1.0017893 -0.1524128 3.1556890 -0.0405893 0.8791298 -0.0167711 -0.4745545
110.193900 1.0017837 -0.1524133 3.1556852 0.0386684 -0.8629685 0.0191402 0.5034121
110.401400 1.0017774 -0.1524138 3.1556826 0.0340136 -0.8459297 0.0189380 0.5318715
110.608900 1.0017711 -0.1524145 3.1556792 0.0357613 -0.8274775 0.0240358 0.5598432
110.816200 1.0017642 -0.1524153 3.1556766 0.0377774 -0.8079762 0.0285967 0.5873070
111.023600 1.0017579 -0.1524161 3.1556747 0.0388298 -0.7879216 0.0292051 0.6138557
111.438400 1.0017518 -0.1524171 3.1556747 0.0403724 -0.7476770 0.0302062 0.6621456
111.645800 1.0017498 -0.1524173 3.1556740 0.0385371 -0.7267348 0.0307505 0.6851466
111.853000 1.0017475 -0.1524176 3.1556740 0.0376978 -0.7086039 0.0317952 0.7038810
112.681700 1.0017443 -0.1524181 3.1556747 0.0355107 -0.6641128 0.0334832 0.7460375
112.889800 1.0017427 -0.1524185 3.1556752 0.0342613 -0.6585256 0.0306770 0.7511518
113.096000 1.0017415 -0.1524187 3.1556752 0.0349182 -0.6547691 0.0281321 0.7544976
113.510500 1.0017390 -0.1524192 3.1556756 0.0325201 -0.6514140 0.0226063 0.7576880
113.717900 1.0017388 -0.1524191 3.1556756 0.0331226 -0.6511999 0.0214494 0.7578796
113.925200 1.0017388 -0.1524190 3.1556756 0.0351769 -0.6522121 0.0205071 0.7569422
