0.000000 0.0000000 0.0000000 0.0000000 0.0000000 0.0000000 0.0000000 1.0000000
0.103391 -0.0003534 -0.0001641 0.0812191 0.0023002 0.0007420 -0.0004045 0.9999970
0.207106 -0.0003285 0.0000186 0.1618430 0.0027677 0.0011347 0.0006268 0.9999954
0.310262 -0.0004733 0.0000717 0.2428795 0.0007773 0.0012571 0.0014169 0.9999979
0.413621 -0.0002043 -0.0001342 0.3234291 -0.0023057 0.0008780 0.0026242 0.9999935
0.517929 -0.0002198 0.0000914 0.4030600 -0.0023072 0.0002486 0.0044458 0.9999874
0.620389 -0.0001151 0.0003121 0.4820717 -0.0008786 -0.0002064 0.0056197 0.9999838
0.724219 -0.0001260 0.0005790 0.5606312 0.0008769 -0.0006686 0.0059790 0.9999815
0.827211 -0.0005205 0.0006172 0.6394310 0.0011533 -0.0010490 0.0058037 0.9999819
0.930557 -0.0015131 0.0004654 0.7177951 0.0002187 -0.0014255 0.0055670 0.9999834
1.034070 -0.0016342 0.0005873 0.7957849 -0.0011943 -0.0018986 0.0054892 0.9999824
1.137438 -0.0020348 0.0005847 0.8736965 -0.0020542 -0.0023774 0.0056767 0.9999790
1.244258 -0.0027787 0.0011226 0.9509637 -0.0023640 -0.0026228 0.0061556 0.9999748
1.344229 -0.0030332 0.0014087 1.0282201 -0.0022766 -0.0031410 0.0062467 0.9999729
1.447568 -0.0037976 0.0016701 1.1047372 -0.0016466 -0.0035146 0.0064697 0.9999716
1.551083 -0.0044950 0.0016133 1.1809545 -0.0007664 -0.0042944 0.0066999 0.9999681
1.757843 -0.0067266 0.0021595 1.3335974 0.0002825 -0.0058768 0.0071658 0.9999570
1.964724 -0.0096443 0.0020571 1.4851874 0.0007364 -0.0075867 0.0058138 0.9999540
2.171620 -0.0129915 0.0017803 1.6359710 -0.0004657 -0.0089728 0.0059141 0.9999421
2.378626 -0.0166695 0.0015447 1.7836472 -0.0007834 -0.0102857 0.0061922 0.9999276
2.585514 -0.0208213 0.0017450 1.9301423 -0.0007185 -0.0116045 0.0061882 0.9999133
2.793694 -0.0249994 0.0020642 2.0735500 -0.0031221 -0.0125539 0.0064345 0.9998956
2.896139 -0.0270659 0.0023723 2.1441469 -0.0038772 -0.0129378 0.0065129 0.9998876
3.103545 -0.0318277 0.0030292 2.2820623 -0.0019211 -0.0136531 0.0054849 0.9998899
3.206573 -0.0339882 0.0032664 2.3493140 -0.0010252 -0.0139900 0.0052088 0.9998881
3.413963 -0.0389129 0.0034033 2.4819839 -0.0005833 -0.0150105 0.0047536 0.9998758
3.620721 -0.0433811 0.0026013 2.6123970 -0.0003253 -0.0171547 0.0047865 0.9998413
3.827725 -0.0486481 0.0028234 2.7399943 -0.0020330 -0.0191086 0.0050082 0.9998028
4.034871 -0.0543348 0.0032258 2.8641908 -0.0028456 -0.0211158 0.0039280 0.9997653
4.142151 -0.0576942 0.0033746 2.9242003 -0.0024212 -0.0221318 0.0025778 0.9997488
4.243437 -0.0609109 0.0037508 2.9840708 -0.0019771 -0.0229795 0.0019408 0.9997321
4.449183 -0.0672855 0.0043281 3.1018703 -0.0034629 -0.0243834 0.0010111 0.9996962
4.656235 -0.0740050 0.0042976 3.2150035 -0.0027003 -0.0238513 -0.0019514 0.9997100
4.760815 -0.0772274 0.0044057 3.2694998 -0.0011322 -0.0228344 -0.0027969 0.9997347
4.966824 -0.0819744 0.0051550 3.3778183 -0.0005624 -0.0203034 -0.0035916 0.9997873
5.174268 -0.0872682 0.0052341 3.4836149 -0.0035689 -0.0167065 -0.0079917 0.9998221
5.381142 -0.0909595 0.0060566 3.5830390 -0.0041308 -0.0119233 -0.0123366 0.9998443
5.588095 -0.0935434 0.0066091 3.6770349 -0.0058909 -0.0057456 -0.0169191 0.9998230
5.795223 -0.0943411 0.0065825 3.7640007 -0.0059540 0.0014470 -0.0203674 0.9997738
6.002373 -0.0945363 0.0073212 3.8439207 -0.0044921 0.0091407 -0.0246785 0.9996436
6.209506 -0.0927066 0.0074650 3.9162641 -0.0030585 0.0171228 -0.0258916 0.9995134
6.416516 -0.0891304 0.0075176 3.9814358 -0.0043626 0.0251220 -0.0265650 0.9993219
7.245330 -0.0688885 0.0071411 4.1723299 0.0003157 0.0689092 -0.0317115 0.9971188
7.556580 -0.0556349 0.0065177 4.2343545 0.0012477 0.0948438 -0.0324692 0.9949617
7.763356 -0.0442605 0.0057459 4.2750010 0.0013326 0.1149314 -0.0321747 0.9928513
8.074250 -0.0235536 0.0049880 4.3355093 0.0027110 0.1500872 -0.0345436 0.9880654
8.696029 0.0395805 0.0011795 4.4513187 0.0060126 0.2444817 -0.0342589 0.9690298
8.903911 0.0688224 -0.0004354 4.4883966 0.0093791 0.2833568 -0.0353546 0.9583167
9.110580 0.1031828 -0.0022159 4.5271735 0.0104208 0.3256636 -0.0387507 0.9446338
9.525112 0.1933427 -0.0083015 4.6039562 0.0109462 0.4187847 -0.0397140 0.9071506
9.732384 0.2527454 -0.0113320 4.6409135 0.0123944 0.4687965 -0.0392113 0.8823484
9.939685 0.3213841 -0.0155120 4.6729774 0.0121290 0.5178311 -0.0382545 0.8545411
10.146770 0.3968487 -0.0196700 4.7005587 0.0088143 0.5639306 -0.0396689 0.8248218
10.353670 0.4788600 -0.0242726 4.7199254 0.0124514 0.6054146 -0.0360247 0.7949971
10.457170 0.5225973 -0.0265610 4.7260103 0.0152538 0.6235989 -0.0304225 0.7810034
10.664530 0.6145098 -0.0313518 4.7362404 0.0192752 0.6553335 -0.0276124 0.7545886
10.767050 0.6620563 -0.0341693 4.7389665 0.0226251 0.6677311 -0.0251922 0.7436321
10.870220 0.7111359 -0.0373510 4.7406621 0.0242118 0.6785446 -0.0226627 0.7338102
10.973420 0.7614365 -0.0401233 4.7417817 0.0258797 0.6877983 -0.0199554 0.7251658
11.077200 0.8127301 -0.0424948 4.7420034 0.0269367 0.6950400 -0.0181759 0.7182363
11.180190 0.8650351 -0.0448453 4.7423420 0.0284673 0.7007797 -0.0180316 0.7125814
11.385900 0.9732761 -0.0516590 4.7410092 0.0287862 0.7097040 -0.0177682 0.7036873
11.592550 1.0870695 -0.0580661 4.7373180 0.0333003 0.7151937 -0.0166146 0.6979347
11.799490 1.2054033 -0.0642551 4.7338424 0.0313963 0.7181121 -0.0162000 0.6950301
12.004820 1.3289441 -0.0711477 4.7294240 0.0267625 0.7194617 -0.0119189 0.6939139
12.211190 1.4552114 -0.0782376 4.7242446 0.0285538 0.7195905 -0.0097085 0.6937435
12.417650 1.5844462 -0.0837109 4.7200484 0.0347919 0.7184300 -0.0146544 0.6945740
12.624550 1.7181420 -0.0907975 4.7159457 0.0336038 0.7169172 -0.0133266 0.6962205
12.830730 1.8534925 -0.0994359 4.7138443 0.0297848 0.7152378 -0.0112953 0.6981548
13.037710 1.9875076 -0.1067564 4.7101669 0.0371260 0.7128285 -0.0118461 0.7002549
13.244210 2.1230452 -0.1150624 4.7110267 0.0323722 0.7108696 -0.0145150 0.7024285
13.452770 2.2594059 -0.1244493 4.7099004 0.0344976 0.7080796 -0.0104789 0.7052116
13.657960 2.3951035 -0.1328697 4.7111411 0.0351735 0.7057014 -0.0136012 0.7075050
13.968170 2.6000788 -0.1460711 4.7118897 0.0370566 0.7018279 -0.0096999 0.7113159
14.278600 2.8055096 -0.1592973 4.7164130 0.0384710 0.6984227 -0.0077234 0.7146090
14.588970 3.0118518 -0.1715075 4.7235355 0.0382321 0.6949916 -0.0089654 0.7179447
14.899490 3.2198362 -0.1841282 4.7324648 0.0377295 0.6920985 -0.0097134 0.7207509
15.209870 3.4292228 -0.1977984 4.7444077 0.0378405 0.6887279 -0.0134703 0.7239065
15.416750 3.5707583 -0.2069660 4.7529850 0.0376791 0.6862249 -0.0168596 0.7262172
15.623920 3.7142980 -0.2172368 4.7636924 0.0369952 0.6840604 -0.0173068 0.7282810
15.830620 3.8589108 -0.2272005 4.7750268 0.0362789 0.6812828 -0.0196741 0.7308560
16.039410 4.0052795 -0.2378335 4.7867785 0.0355647 0.6779139 -0.0190848 0.7340325
16.244300 4.1524711 -0.2492450 4.8019614 0.0381508 0.6737599 -0.0249471 0.7375430
16.554450 4.3752761 -0.2677046 4.8283639 0.0374327 0.6654999 -0.0299977 0.7448549
16.761400 4.5245438 -0.2812456 4.8473706 0.0352742 0.6599556 -0.0283785 0.7499393
16.968080 4.6755500 -0.2933527 4.8696928 0.0289249 0.6544815 -0.0254675 0.7550952
17.279480 4.8961468 -0.3104664 4.9067435 0.0316093 0.6466082 -0.0271363 0.7616839
17.485440 5.0394392 -0.3225712 4.9328279 0.0331500 0.6425951 -0.0301178 0.7648957
17.693880 5.1806221 -0.3348021 4.9595828 0.0325422 0.6385251 -0.0284005 0.7683880
17.899360 5.3187280 -0.3455963 4.9866619 0.0272120 0.6356006 -0.0244863 0.7711497
18.106340 5.4527574 -0.3556032 5.0153084 0.0240845 0.6330653 -0.0249310 0.7733219
18.313370 5.5830965 -0.3648122 5.0432811 0.0243057 0.6313884 -0.0289850 0.7745436
18.520470 5.7096376 -0.3747853 5.0718875 0.0273783 0.6297537 -0.0324722 0.7756328
18.727490 5.8328676 -0.3847118 5.0996647 0.0276428 0.6285763 -0.0334385 0.7765369
18.934680 5.9537940 -0.3946036 5.1254673 0.0257303 0.6279316 -0.0315312 0.7772037
19.141510 6.0708833 -0.4043630 5.1517329 0.0250446 0.6287754 -0.0307568 0.7765747
19.351800 6.1839614 -0.4139396 5.1764717 0.0254307 0.6302900 -0.0327016 0.7752538
19.557750 6.2942238 -0.4227901 5.1989136 0.0289168 0.6317852 -0.0329144 0.7739043
19.763960 6.4008813 -0.4314363 5.2203679 0.0267129 0.6336520 -0.0320713 0.7724914
19.969850 6.5050564 -0.4406342 5.2403903 0.0262897 0.6352931 -0.0290968 0.7712749
20.177180 6.6041427 -0.4486609 5.2589397 0.0306786 0.6370234 -0.0276036 0.7697390
20.487640 6.7536559 -0.4606282 5.2869129 0.0321762 0.6386076 -0.0282150 0.7683417
20.694250 6.8543510 -0.4680929 5.3046036 0.0350887 0.6376956 -0.0236527 0.7691253
21.004610 7.0060325 -0.4808117 5.3348470 0.0347386 0.6334106 -0.0236621 0.7726735
21.213570 7.1091046 -0.4878761 5.3576069 0.0346074 0.6278341 -0.0235958 0.7772194
21.524290 7.2676654 -0.5004941 5.3974576 0.0323678 0.6170290 -0.0236955 0.7859173
21.730330 7.3759027 -0.5085669 5.4285088 0.0316868 0.6091158 -0.0281757 0.7919470
21.936170 7.4874363 -0.5170091 5.4621382 0.0318496 0.6002324 -0.0311738 0.7985830
22.141920 7.6018653 -0.5264429 5.4996452 0.0310656 0.5917431 -0.0324160 0.8048753
22.348790 7.7194366 -0.5348246 5.5404477 0.0284405 0.5829378 -0.0320183 0.8113874
22.555690 7.8413000 -0.5441355 5.5848618 0.0261605 0.5739229 -0.0265817 0.8180596
22.762490 7.9672475 -0.5517891 5.6333489 0.0265308 0.5653575 -0.0231529 0.8240940
22.969530 8.0973902 -0.5593910 5.6846237 0.0274461 0.5587842 -0.0134726 0.8287492
23.176610 8.2293215 -0.5681287 5.7393303 0.0290005 0.5523489 -0.0097902 0.8330509
23.384670 8.3592386 -0.5751870 5.7962494 0.0370738 0.5457108 -0.0111920 0.8370783
23.694540 8.5525131 -0.5904899 5.8869476 0.0335863 0.5392224 -0.0179467 0.8413020
23.903510 8.6772327 -0.6006968 5.9473977 0.0354333 0.5354071 -0.0212705 0.8435824
24.108220 8.7991066 -0.6117191 6.0072126 0.0342782 0.5318343 -0.0229233 0.8458439
24.315110 8.9186192 -0.6219581 6.0663848 0.0322294 0.5282986 -0.0206690 0.8481949
24.522420 9.0327215 -0.6319644 6.1243553 0.0312196 0.5249353 -0.0218836 0.8502878
24.728750 9.1440926 -0.6408342 6.1808281 0.0323554 0.5225393 -0.0204718 0.8517551
25.039090 9.3055086 -0.6541775 6.2641497 0.0327513 0.5198743 -0.0192367 0.8533979
25.349360 9.4581156 -0.6674112 6.3445435 0.0355014 0.5158777 -0.0183310 0.8557300
25.556300 9.5559826 -0.6760033 6.3962140 0.0365384 0.5126637 -0.0160466 0.8576615
25.763160 9.6504831 -0.6841292 6.4481821 0.0370607 0.5094160 -0.0151034 0.8595892
25.970230 9.7427921 -0.6924893 6.4998941 0.0382516 0.5057845 -0.0149320 0.8616820
26.280040 9.8780556 -0.7049265 6.5788317 0.0417446 0.4984086 -0.0188520 0.8657314
26.486950 9.9662352 -0.7143776 6.6347089 0.0436431 0.4922603 -0.0254475 0.8689808
26.693580 10.0550995 -0.7238258 6.6918640 0.0426806 0.4860328 -0.0289880 0.8724163
27.003850 10.1921892 -0.7381533 6.7841325 0.0309331 0.4767943 -0.0328433 0.8778563
27.313990 10.3345261 -0.7510051 6.8849850 0.0285123 0.4668516 -0.0375180 0.8830793
27.624170 10.4833183 -0.7648231 6.9934788 0.0281783 0.4563297 -0.0412772 0.8884061
27.934460 10.6392460 -0.7802999 7.1143970 0.0237146 0.4448747 -0.0423990 0.8942742
28.244420 10.8009005 -0.7945457 7.2473636 0.0228156 0.4319256 -0.0445268 0.9005204
28.451340 10.9119625 -0.8023418 7.3395386 0.0221873 0.4246779 -0.0452647 0.9039400
28.660870 11.0257788 -0.8135884 7.4365420 0.0226968 0.4204926 -0.0423131 0.9060245
28.866830 11.1431322 -0.8237170 7.5360875 0.0246056 0.4166608 -0.0361116 0.9080111
29.073550 11.2627745 -0.8335251 7.6394157 0.0249656 0.4128810 -0.0297984 0.9099550
29.279330 11.3818874 -0.8438051 7.7458253 0.0248241 0.4088883 -0.0297888 0.9117602
29.486390 11.5005016 -0.8531851 7.8571224 0.0228521 0.4049400 -0.0355227 0.9133671
29.692890 11.6217661 -0.8625475 7.9698887 0.0174509 0.4008390 -0.0346022 0.9153285
29.899820 11.7419987 -0.8706325 8.0850801 0.0134075 0.3961705 -0.0311683 0.9175498
30.106560 11.8628979 -0.8781329 8.1994314 0.0200519 0.3902357 -0.0252352 0.9201506
30.313330 11.9826536 -0.8871951 8.3177948 0.0272966 0.3833690 -0.0232226 0.9228997
30.520070 12.1027327 -0.8968245 8.4399109 0.0259447 0.3758298 -0.0185126 0.9261404
30.726980 12.2211599 -0.9071240 8.5643597 0.0300519 0.3691850 -0.0164251 0.9287246
30.933840 12.3374081 -0.9170374 8.6912060 0.0306098 0.3647365 -0.0156433 0.9304760
31.142770 12.4552279 -0.9273306 8.8176022 0.0286172 0.3619540 -0.0109658 0.9316921
31.347740 12.5721464 -0.9366806 8.9471617 0.0273195 0.3615149 -0.0087309 0.9319251
31.555590 12.6881962 -0.9461578 9.0761995 0.0270098 0.3620660 -0.0102327 0.9317049
31.661730 12.7464561 -0.9504325 9.1415024 0.0269674 0.3628639 -0.0121547 0.9313725
31.865880 12.8631697 -0.9602908 9.2702122 0.0259672 0.3653809 -0.0162166 0.9303545
32.074110 12.9811440 -0.9702300 9.3980637 0.0242166 0.3684584 -0.0172169 0.9291693
32.280170 13.1000290 -0.9788654 9.5247793 0.0225026 0.3721547 -0.0151765 0.9277738
32.486110 13.2170944 -0.9879509 9.6472244 0.0279020 0.3759820 -0.0207795 0.9259737
32.694680 13.3344250 -0.9979704 9.7695503 0.0283092 0.3806648 -0.0236400 0.9239773
32.902290 13.4536953 -1.0086987 9.8901377 0.0224652 0.3853076 -0.0241276 0.9221991
33.106800 13.5719004 -1.0183657 10.0067577 0.0226493 0.3895955 -0.0230904 0.9204180
33.314720 13.6916847 -1.0280467 10.1209335 0.0260949 0.3937697 -0.0206783 0.9186060
33.520520 13.8129492 -1.0383707 10.2358456 0.0278925 0.3987476 -0.0205659 0.9164057
33.727760 13.9348068 -1.0486202 10.3486061 0.0274845 0.4042566 -0.0212102 0.9139865
33.934650 14.0586109 -1.0586842 10.4609585 0.0291924 0.4112401 -0.0258483 0.9106928
34.142230 14.1851692 -1.0701202 10.5710936 0.0319401 0.4185064 -0.0288996 0.9071918
34.348070 14.3147030 -1.0822845 10.6803293 0.0218272 0.4265561 -0.0281309 0.9037600
34.555090 14.4485140 -1.0911397 10.7891111 0.0170359 0.4348372 -0.0283377 0.8999019
34.764710 14.5835295 -1.0999857 10.8952055 0.0215262 0.4433839 -0.0270610 0.8956646
35.074860 14.7930708 -1.1167852 11.0479918 0.0281525 0.4550072 -0.0265166 0.8896475
35.279490 14.9332542 -1.1287210 11.1469803 0.0265317 0.4629245 -0.0233980 0.8856915
35.486280 15.0733242 -1.1397309 11.2420721 0.0275254 0.4699061 -0.0224098 0.8820025
35.693160 15.2123003 -1.1509347 11.3340054 0.0256045 0.4754177 -0.0183335 0.8791964
35.900040 15.3490124 -1.1620605 11.4234638 0.0245520 0.4802654 -0.0194328 0.8765641
36.108200 15.4838238 -1.1716487 11.5086660 0.0292097 0.4835452 -0.0218586 0.8745587
36.313700 15.6167459 -1.1814309 11.5923243 0.0272845 0.4866659 -0.0216804 0.8728928
36.520460 15.7493477 -1.1909543 11.6726618 0.0245638 0.4892615 -0.0154514 0.8716542
36.727360 15.8776970 -1.1996150 11.7504425 0.0284956 0.4918076 -0.0136030 0.8701311
36.934690 16.0019894 -1.2101028 11.8256054 0.0339301 0.4936049 -0.0193890 0.8688078
37.040370 16.0638542 -1.2148623 11.8623810 0.0365171 0.4948167 -0.0186685 0.8680291
37.141020 16.1262226 -1.2196038 11.8984985 0.0331950 0.4960011 -0.0169071 0.8675224
37.244700 16.1874332 -1.2246158 11.9352512 0.0255113 0.4977062 -0.0168139 0.8668074
37.347880 16.2480011 -1.2289610 11.9728384 0.0200333 0.4993399 -0.0179982 0.8659875
37.554790 16.3668003 -1.2367461 12.0416470 0.0228508 0.5015259 -0.0191317 0.8646292
37.761670 16.4836979 -1.2444270 12.1080360 0.0236557 0.5039608 -0.0191142 0.8631909
37.968550 16.5984211 -1.2522820 12.1728621 0.0225961 0.5063257 -0.0188288 0.8618406
38.176120 16.7116280 -1.2596171 12.2358370 0.0247059 0.5096238 -0.0187474 0.8598382
38.382320 16.8220634 -1.2675585 12.2953691 0.0263296 0.5138870 -0.0199558 0.8572215
38.692720 16.9859524 -1.2794695 12.3800964 0.0312288 0.5219642 -0.0214691 0.8521251
38.899920 17.0970020 -1.2879968 12.4363689 0.0300403 0.5281429 -0.0246368 0.8482662
39.106870 17.2109394 -1.2970188 12.4914217 0.0290287 0.5340379 -0.0266422 0.8445419
39.313880 17.3271294 -1.3066130 12.5455980 0.0304603 0.5406447 -0.0301814 0.8401574
39.520900 17.4474392 -1.3163944 12.5990458 0.0315129 0.5471599 -0.0332563 0.8357733
39.727990 17.5703526 -1.3274646 12.6525888 0.0323890 0.5539934 -0.0354998 0.8311330
39.934800 17.6993713 -1.3383160 12.7038307 0.0344158 0.5603743 -0.0340348 0.8268239
40.141680 17.8317661 -1.3501308 12.7559071 0.0317785 0.5671695 -0.0325917 0.8223422
40.350540 17.9708920 -1.3612202 12.8067417 0.0302010 0.5726930 -0.0290292 0.8186989
40.556060 18.1146221 -1.3717330 12.8582153 0.0256177 0.5776784 -0.0252953 0.8154701
40.764080 18.2591248 -1.3822751 12.9059753 0.0320438 0.5816590 -0.0248288 0.8124220
41.072760 18.4807434 -1.3994622 12.9772482 0.0444462 0.5870151 -0.0242731 0.8079905
41.385110 18.7160397 -1.4211640 13.0489864 0.0434921 0.5929928 -0.0204895 0.8037713
41.592690 18.8722057 -1.4350908 13.0973358 0.0450914 0.5967538 -0.0271336 0.8006968
41.796670 19.0326271 -1.4505160 13.1451445 0.0393912 0.6014221 -0.0263764 0.7975237
42.003560 19.1974621 -1.4646608 13.1920109 0.0404219 0.6056755 -0.0289088 0.7941584
42.210320 19.3646660 -1.4801534 13.2358980 0.0428385 0.6092848 -0.0266774 0.7913439
42.417600 19.5333385 -1.4952495 13.2796345 0.0432264 0.6123638 -0.0253277 0.7889871
42.727360 19.7879105 -1.5195291 13.3437996 0.0408920 0.6158041 -0.0244010 0.7864590
42.934150 19.9554844 -1.5349818 13.3861389 0.0396621 0.6175575 -0.0269967 0.7850610
43.140760 20.1226387 -1.5499673 13.4269447 0.0399070 0.6190806 -0.0276462 0.7838254
43.347610 20.2897282 -1.5647125 13.4671478 0.0378688 0.6202524 -0.0255393 0.7830713
43.555160 20.4585361 -1.5800469 13.5059443 0.0378114 0.6214851 -0.0254256 0.7820998
43.762280 20.6228199 -1.5950865 13.5442352 0.0418019 0.6228064 -0.0280349 0.7807553
43.971430 20.7875080 -1.6108693 13.5825272 0.0394284 0.6251160 -0.0283234 0.7790206
44.176790 20.9527664 -1.6257832 13.6193008 0.0358938 0.6280630 -0.0249913 0.7769324
44.382090 21.1171284 -1.6398898 13.6546707 0.0358286 0.6313849 -0.0260294 0.7742040
44.589150 21.2828732 -1.6537322 13.6880131 0.0357088 0.6345531 -0.0261204 0.7716120
44.796760 21.4472198 -1.6676962 13.7201929 0.0349710 0.6378643 -0.0258533 0.7689199
45.003060 21.6117897 -1.6814650 13.7508316 0.0339520 0.6410677 -0.0275748 0.7662369
45.209900 21.7764587 -1.6952298 13.7808418 0.0314646 0.6439738 -0.0300657 0.7638087
45.416890 21.9414673 -1.7093053 13.8109293 0.0322978 0.6464809 -0.0356993 0.7614098
45.623680 22.1057091 -1.7237196 13.8386574 0.0309194 0.6491235 -0.0367328 0.7591662
45.830550 22.2695332 -1.7382857 13.8644972 0.0287254 0.6517181 -0.0341312 0.7571482
46.037440 22.4309292 -1.7509887 13.8884096 0.0289555 0.6544058 -0.0334817 0.7548468
46.244200 22.5965862 -1.7642903 13.9124556 0.0304717 0.6577615 -0.0356635 0.7517642
46.451100 22.7602520 -1.7779875 13.9323997 0.0300557 0.6614729 -0.0291653 0.7487988
46.657980 22.9200974 -1.7916207 13.9515200 0.0362836 0.6648332 -0.0325350 0.7454004
46.864950 23.0785007 -1.8067653 13.9694996 0.0421280 0.6687623 -0.0382848 0.7412938
47.071770 23.2376442 -1.8236434 13.9856052 0.0350073 0.6727526 -0.0364587 0.7381390
47.278520 23.3987694 -1.8395131 13.9996920 0.0314962 0.6768075 -0.0364849 0.7345805
47.588920 23.6371536 -1.8597422 14.0187092 0.0239310 0.6849135 -0.0372036 0.7272803
47.795800 23.7904701 -1.8748162 14.0268879 0.0281387 0.6895707 -0.0365984 0.7227455
48.105950 24.0254002 -1.8939762 14.0357695 0.0276624 0.6965747 -0.0358231 0.7160553
48.416100 24.2593632 -1.9126555 14.0406456 0.0305911 0.7022743 -0.0365932 0.7103070
48.829380 24.5680218 -1.9406326 14.0420732 0.0330393 0.7060329 -0.0313820 0.7067115
49.139410 24.7990952 -1.9603328 14.0411043 0.0357832 0.7070798 -0.0301825 0.7055826
49.452210 25.0234871 -1.9810677 14.0406599 0.0392451 0.7060829 -0.0286406 0.7064605
49.759580 25.2418900 -2.0014257 14.0417662 0.0395017 0.7037374 -0.0261327 0.7088796
50.069330 25.4533329 -2.0202589 14.0453835 0.0357659 0.7001683 -0.0242092 0.7126704
50.276120 25.5886974 -2.0321655 14.0499382 0.0339061 0.6973335 -0.0270428 0.7154335
50.483680 25.7200851 -2.0425613 14.0546970 0.0329934 0.6944831 -0.0263990 0.7182672
50.691000 25.8469772 -2.0532477 14.0614347 0.0295364 0.6921093 -0.0264044 0.7207046
50.896200 25.9695320 -2.0627861 14.0673084 0.0308476 0.6891184 -0.0269260 0.7234910
51.103000 26.0856667 -2.0728021 14.0746584 0.0321644 0.6866484 -0.0289324 0.7257013
51.309660 26.1982002 -2.0820627 14.0827208 0.0306332 0.6842653 -0.0311829 0.7279218
51.413610 26.2522850 -2.0867524 14.0865517 0.0300106 0.6829128 -0.0318230 0.7291891
51.622300 26.3575516 -2.0960360 14.0948439 0.0296887 0.6805337 -0.0325961 0.7313890
51.826760 26.4585819 -2.1046546 14.1038523 0.0292148 0.6784534 -0.0350080 0.7332271
52.033540 26.5568314 -2.1137357 14.1129866 0.0280395 0.6761187 -0.0355944 0.7353981
52.240390 26.6508427 -2.1222060 14.1223078 0.0283195 0.6739620 -0.0362791 0.7373310
52.447130 26.7407494 -2.1304252 14.1316147 0.0293288 0.6720157 -0.0371429 0.7390231
52.654640 26.8285370 -2.1381435 14.1411076 0.0296636 0.6706233 -0.0386249 0.7401977
52.860930 26.9148693 -2.1457748 14.1508760 0.0302457 0.6697075 -0.0401514 0.7409217
53.067800 27.0008125 -2.1539357 14.1599045 0.0308632 0.6697989 -0.0402719 0.7408071
53.274690 27.0891762 -2.1618638 14.1695604 0.0294038 0.6706933 -0.0403698 0.7400515
53.481550 27.1793480 -2.1702170 14.1778030 0.0323293 0.6720962 -0.0402257 0.7386633
53.688500 27.2716141 -2.1793096 14.1856003 0.0385728 0.6735103 -0.0404738 0.7370603
53.895510 27.3686123 -2.1880503 14.1942854 0.0394877 0.6751239 -0.0418972 0.7354543
54.102390 27.4698849 -2.1984913 14.2006369 0.0415362 0.6764569 -0.0346240 0.7344943
54.309430 27.5741653 -2.2090518 14.2094460 0.0411661 0.6782547 -0.0364037 0.7327692
54.516280 27.6821251 -2.2187984 14.2179070 0.0422057 0.6794550 -0.0359218 0.7316210
54.826640 27.8515511 -2.2355411 14.2291508 0.0426128 0.6813341 -0.0350658 0.7298893
55.033520 27.9696350 -2.2469227 14.2376766 0.0433830 0.6824654 -0.0377975 0.7286497
55.240380 28.0905476 -2.2591887 14.2451420 0.0431688 0.6835143 -0.0386935 0.7276314
55.447050 28.2152443 -2.2725840 14.2544184 0.0414943 0.6851065 -0.0404999 0.7261316
55.653990 28.3404560 -2.2866249 14.2610703 0.0473549 0.6859833 -0.0425843 0.7248248
55.964160 28.5378513 -2.3089437 14.2706614 0.0489322 0.6870986 -0.0378441 0.7239261
56.274290 28.7409058 -2.3314226 14.2792740 0.0511575 0.6881378 -0.0355525 0.7229007
56.584420 28.9516296 -2.3544440 14.2900124 0.0514616 0.6880623 -0.0342281 0.7230148
56.894350 29.1671143 -2.3782148 14.3026104 0.0501564 0.6868793 -0.0330070 0.7242870
57.204360 29.3875275 -2.4018645 14.3153229 0.0502723 0.6849659 -0.0305169 0.7261977
57.410890 29.5370560 -2.4172139 14.3240976 0.0512782 0.6829348 -0.0292282 0.7280908
57.720780 29.7680931 -2.4413929 14.3411169 0.0521062 0.6799054 -0.0275867 0.7309259
58.030610 30.0002975 -2.4662745 14.3610611 0.0517468 0.6767723 -0.0302345 0.7337489
58.443830 30.3114834 -2.5000782 14.3888559 0.0493501 0.6736416 -0.0309043 0.7367609
58.753660 30.5486526 -2.5240622 14.4113140 0.0502906 0.6725489 -0.0298534 0.7377381
59.063680 30.7842464 -2.5487025 14.4340582 0.0468290 0.6721022 -0.0299517 0.7383689
59.477160 31.0910263 -2.5816512 14.4654560 0.0464920 0.6718246 -0.0323967 0.7385396
59.787170 31.3198242 -2.6065083 14.4882107 0.0461588 0.6715869 -0.0317113 0.7388064
60.097040 31.5471916 -2.6310995 14.5108232 0.0486599 0.6709949 -0.0327011 0.7391405
60.406760 31.7747688 -2.6555395 14.5343552 0.0495850 0.6694043 -0.0284997 0.7406936
60.716680 32.0011063 -2.6797411 14.5574474 0.0574795 0.6656287 -0.0271807 0.7435696
61.026630 32.2261391 -2.7056208 14.5841818 0.0589249 0.6618356 -0.0268434 0.7468473
61.233200 32.3771133 -2.7232761 14.6033802 0.0552126 0.6588988 -0.0249319 0.7497882
61.543140 32.6018372 -2.7480414 14.6364746 0.0522438 0.6531428 -0.0259379 0.7549850
61.749770 32.7512398 -2.7638934 14.6599407 0.0518864 0.6479907 -0.0273887 0.7593851
62.059540 32.9749680 -2.7877336 14.7016792 0.0510864 0.6375946 -0.0300865 0.7680873
62.369430 33.1998100 -2.8125248 14.7500563 0.0494090 0.6267507 -0.0318014 0.7770013
62.576200 33.3497505 -2.8292236 14.7851143 0.0483500 0.6207401 -0.0325225 0.7818480
62.886160 33.5721664 -2.8543200 14.8420801 0.0474710 0.6145583 -0.0336969 0.7867205
63.092920 33.7219620 -2.8712373 14.8808527 0.0472831 0.6108197 -0.0338669 0.7896307
63.299560 33.8713379 -2.8884730 14.9217873 0.0473061 0.6072513 -0.0337803 0.7923805
63.609460 34.0962372 -2.9139252 14.9857550 0.0449710 0.6017948 -0.0323916 0.7967255
63.816090 34.2450371 -2.9305596 15.0298138 0.0431503 0.5981354 -0.0314711 0.7996135
64.125870 34.4631996 -2.9547668 15.0983229 0.0442731 0.5924119 -0.0346953 0.8036692
64.435680 34.6810913 -2.9787278 15.1695728 0.0391424 0.5883520 -0.0347288 0.8069100
64.745710 34.8931084 -3.0017447 15.2412930 0.0402491 0.5867339 -0.0409289 0.8077426
64.952280 35.0334702 -3.0178287 15.2883091 0.0368859 0.5863839 -0.0412358 0.8081416
65.158820 35.1714096 -3.0326438 15.3352957 0.0327345 0.5864424 -0.0406285 0.8083088
65.468780 35.3768082 -3.0532653 15.4040108 0.0335541 0.5870630 -0.0407817 0.8078168
65.675410 35.5142860 -3.0669188 15.4485607 0.0343730 0.5873825 -0.0366335 0.8077489
65.985180 35.7198181 -3.0885301 15.5149078 0.0402953 0.5874302 -0.0391075 0.8073244
66.191750 35.8583031 -3.1030891 15.5608196 0.0381054 0.5879135 -0.0379766 0.8071328
66.398400 35.9994659 -3.1179175 15.6068792 0.0383546 0.5879932 -0.0383783 0.8070440
66.605040 36.1423721 -3.1327417 15.6539440 0.0410667 0.5876869 -0.0389380 0.8071069
66.914810 36.3630295 -3.1562924 15.7265024 0.0405006 0.5875280 -0.0363038 0.8073739
67.122370 36.5129433 -3.1714020 15.7749109 0.0439555 0.5869914 -0.0338659 0.8076894
67.431360 36.7381897 -3.1962721 15.8478088 0.0475815 0.5852769 -0.0279860 0.8089523
67.741230 36.9623909 -3.2191911 15.9232788 0.0408726 0.5847687 -0.0255304 0.8097674
67.947740 37.1105766 -3.2341549 15.9728737 0.0428201 0.5843636 -0.0263707 0.8099322
68.257700 37.3297501 -3.2564254 16.0470848 0.0438023 0.5834363 -0.0241090 0.8106184
68.567750 37.5432663 -3.2783370 16.1192665 0.0425543 0.5835155 -0.0243544 0.8106205
68.877620 37.7462311 -3.2991090 16.1884060 0.0406148 0.5847129 -0.0218199 0.8099291
69.290960 38.0103722 -3.3251827 16.2757835 0.0454173 0.5866808 -0.0251218 0.8081533
69.600870 38.2048340 -3.3452992 16.3388309 0.0454256 0.5882540 -0.0261148 0.8069770
69.910950 38.3943024 -3.3646684 16.3999977 0.0444383 0.5894386 -0.0231364 0.8062581
70.221570 38.5813255 -3.3831367 16.4591408 0.0465951 0.5895864 -0.0235232 0.8060170
70.530930 38.7689095 -3.4025087 16.5192528 0.0484456 0.5895092 -0.0243511 0.8059398
70.841960 38.9569664 -3.4216549 16.5797462 0.0477755 0.5891318 -0.0232906 0.8062870
71.151220 39.1431961 -3.4413137 16.6405716 0.0461096 0.5872752 -0.0212594 0.8077931
71.462150 39.3202133 -3.4593892 16.6995621 0.0459487 0.5847934 -0.0233380 0.8095435
71.771950 39.4917641 -3.4773779 16.7587070 0.0436537 0.5830714 -0.0237213 0.8109004
72.184720 39.7045021 -3.4992239 16.8330231 0.0434627 0.5812640 -0.0234842 0.8122140
72.601510 39.9050026 -3.5202100 16.9031010 0.0435916 0.5792992 -0.0236278 0.8136055
72.908190 40.0456619 -3.5346589 16.9531784 0.0427393 0.5781780 -0.0242235 0.8144304
73.218200 40.1780968 -3.5481284 17.0002232 0.0415722 0.5772981 -0.0236719 0.8151308
73.528470 40.3009720 -3.5611806 17.0452862 0.0437878 0.5764670 -0.0266118 0.8155122
73.735300 40.3787460 -3.5689604 17.0733986 0.0455678 0.5756995 -0.0269854 0.8159445
74.045380 40.4877968 -3.5813665 17.1135426 0.0440268 0.5764161 -0.0262888 0.8155459
74.355660 40.5871353 -3.5922942 17.1492920 0.0430982 0.5780975 -0.0256846 0.8144238
74.665890 40.6793213 -3.6014860 17.1814156 0.0425063 0.5793963 -0.0248680 0.8135568
74.976100 40.7625504 -3.6102910 17.2104244 0.0414185 0.5806966 -0.0252075 0.8126750
75.286270 40.8379555 -3.6179941 17.2368431 0.0417934 0.5821321 -0.0252652 0.8116263
75.596260 40.9092445 -3.6249352 17.2610302 0.0424920 0.5827178 -0.0254546 0.8111637
76.216170 41.0448494 -3.6379738 17.3099728 0.0409077 0.5780324 -0.0268567 0.8145452
76.422600 41.0904579 -3.6421390 17.3277702 0.0412180 0.5723178 -0.0272601 0.8185415
76.732320 41.1601753 -3.6492233 17.3569317 0.0416592 0.5582768 -0.0284842 0.8281184
77.248120 41.2781677 -3.6621137 17.4177551 0.0421862 0.5183631 -0.0336591 0.8534560
77.557920 41.3443336 -3.6688728 17.4604130 0.0422861 0.4919823 -0.0393584 0.8686865
77.868560 41.4063759 -3.6765471 17.5006695 0.0409933 0.4915004 -0.0445269 0.8687717
78.179430 41.4663658 -3.6841855 17.5322113 0.0431908 0.5103676 -0.0423747 0.8578250
78.490350 41.5268364 -3.6916871 17.5583420 0.0449448 0.5387899 -0.0395791 0.8403088
78.800950 41.5916176 -3.6992393 17.5808983 0.0456493 0.5659540 -0.0372980 0.8223267
79.422000 41.7234726 -3.7151601 17.6192665 0.0459607 0.5971737 -0.0311878 0.8001865
79.733660 41.7816887 -3.7217894 17.6367016 0.0468272 0.5943467 -0.0302594 0.8022740
80.044830 41.8323593 -3.7276344 17.6563282 0.0451698 0.5793325 -0.0317171 0.8132205
80.350710 41.8738632 -3.7328923 17.6766071 0.0413516 0.5606595 -0.0351184 0.8262673
80.658440 41.9064484 -3.7372677 17.6911430 0.0493413 0.5393481 -0.0301978 0.8400936
80.971640 41.9325104 -3.7401223 17.7103329 0.0445126 0.5189869 -0.0364236 0.8528450
81.588120 41.9744682 -3.7442946 17.7408981 0.0419592 0.4851147 -0.0355276 0.8727204
82.312040 42.0018425 -3.7486615 17.7664680 0.0374838 0.4604746 -0.0414579 0.8859116
82.624270 42.0094872 -3.7500036 17.7754002 0.0343894 0.4531957 -0.0446324 0.8896286
