0.000000 0.0000194 -0.0000236 -0.0002051 -0.0000087 -0.0000032 -0.0000005 1.0000000
0.104499 -0.0009672 -0.0007106 0.0553053 0.0005897 0.0010297 -0.0005397 0.9999992
0.207793 -0.0006445 -0.0016119 0.1090744 0.0004054 0.0015764 -0.0006427 0.9999985
0.311634 -0.0001138 -0.0027466 0.1620491 0.0000550 0.0019690 -0.0002040 0.9999980
0.415494 0.0007775 -0.0035259 0.2158850 0.0002938 0.0018486 0.0001653 0.9999982
0.519644 0.0004314 -0.0045795 0.2707779 0.0000899 0.0026565 -0.0000114 0.9999965
0.623401 0.0007749 -0.0055077 0.3253607 0.0005527 0.0030802 -0.0001887 0.9999951
0.727346 0.0007721 -0.0069168 0.3787449 0.0005072 0.0033755 -0.0000192 0.9999942
0.831180 0.0006948 -0.0075720 0.4329548 -0.0000458 0.0036833 0.0003429 0.9999931
0.935030 0.0008965 -0.0089488 0.4875304 -0.0006645 0.0029678 0.0008199 0.9999951
1.038877 0.0008362 -0.0097089 0.5417219 -0.0004060 0.0017653 0.0012480 0.9999976
1.246636 0.0007648 -0.0115511 0.6502460 -0.0001772 0.0000261 0.0010070 0.9999995
1.350553 0.0008100 -0.0123683 0.7048068 0.0000347 -0.0005066 0.0001929 0.9999998
1.558293 0.0005104 -0.0140756 0.8129435 -0.0002657 -0.0012005 0.0006643 0.9999990
1.766057 -0.0002450 -0.0161249 0.9208722 0.0000941 -0.0017719 0.0005997 0.9999983
1.870090 -0.0013623 -0.0169392 0.9746764 0.0006074 -0.0017012 0.0008326 0.9999980
1.973923 -0.0019321 -0.0179898 1.0290880 0.0003335 -0.0020041 0.0002238 0.9999979
2.077874 -0.0019574 -0.0190630 1.0837419 0.0004132 -0.0026993 0.0007098 0.9999960
2.181756 -0.0031048 -0.0200284 1.1375020 0.0007861 -0.0028074 0.0005986 0.9999956
2.389627 -0.0043660 -0.0220060 1.2450607 -0.0004951 -0.0036505 0.0011806 0.9999925
2.597363 -0.0058379 -0.0235693 1.3531444 0.0000867 -0.0044403 0.0016950 0.9999887
2.701441 -0.0062943 -0.0247534 1.4068244 0.0004610 -0.0050976 0.0018453 0.9999852
2.909338 -0.0076729 -0.0265740 1.5136769 0.0001345 -0.0058613 0.0016295 0.9999815
3.117132 -0.0099015 -0.0288975 1.6226151 -0.0001594 -0.0063497 0.0021254 0.9999776
3.221000 -0.0106256 -0.0295337 1.6762242 0.0000974 -0.0066765 0.0023156 0.9999750
3.428991 -0.0128671 -0.0311147 1.7839823 -0.0007458 -0.0065329 0.0026119 0.9999750
3.636879 -0.0153240 -0.0327624 1.8913414 -0.0009068 -0.0062304 0.0018152 0.9999785
3.844868 -0.0170292 -0.0341461 1.9993290 -0.0016625 -0.0059936 -0.0001160 0.9999806
4.052745 -0.0185854 -0.0354281 2.1073153 -0.0046879 -0.0042677 -0.0004898 0.9999798
4.260741 -0.0200985 -0.0358518 2.2151949 -0.0068280 -0.0026181 -0.0005379 0.9999731
4.364619 -0.0201878 -0.0361271 2.2688518 -0.0061665 -0.0019738 0.0003300 0.9999790
4.572617 -0.0212248 -0.0368335 2.3759756 -0.0050637 -0.0009066 -0.0003096 0.9999867
4.676494 -0.0215199 -0.0371713 2.4295173 -0.0047866 -0.0009532 -0.0002645 0.9999881
4.884244 -0.0226858 -0.0377725 2.5363927 -0.0042620 -0.0018555 0.0000680 0.9999892
4.988118 -0.0228673 -0.0382338 2.5898550 -0.0048940 -0.0027525 0.0004078 0.9999841
5.195994 -0.0240581 -0.0391067 2.6963923 -0.0051028 -0.0039494 0.0000988 0.9999792
5.299899 -0.0248345 -0.0395189 2.7490296 -0.0050664 -0.0041498 -0.0001919 0.9999785
5.507756 -0.0262217 -0.0401074 2.8545985 -0.0041988 -0.0044120 0.0005039 0.9999813
5.611618 -0.0270265 -0.0411073 2.9061055 -0.0051146 -0.0047146 0.0010653 0.9999752
5.819513 -0.0291153 -0.0417885 3.0095389 -0.0048923 -0.0046844 0.0007504 0.9999768
6.131261 -0.0312478 -0.0427063 3.1655304 -0.0044513 -0.0051513 -0.0023843 0.9999740
6.235244 -0.0321728 -0.0433527 3.2175176 -0.0047749 -0.0050021 -0.0031546 0.9999711
6.547122 -0.0344535 -0.0444063 3.3704288 -0.0043734 -0.0021382 -0.0037862 0.9999810
6.755121 -0.0355541 -0.0447956 3.4710777 -0.0012408 0.0006967 -0.0030483 0.9999943
6.963119 -0.0347193 -0.0460684 3.5679765 -0.0039576 0.0034454 -0.0020710 0.9999841
7.275124 -0.0334096 -0.0483930 3.7159314 0.0000665 0.0088405 -0.0010006 0.9999604
7.587125 -0.0303701 -0.0507777 3.8610973 -0.0004414 0.0142899 -0.0012178 0.9998971
7.691125 -0.0288523 -0.0516949 3.9091864 0.0006502 0.0162114 -0.0009681 0.9998679
7.899123 -0.0253157 -0.0533393 4.0041866 0.0020098 0.0193992 -0.0007156 0.9998096
8.003122 -0.0230856 -0.0543122 4.0521946 0.0014567 0.0207256 -0.0000483 0.9997842
8.107122 -0.0209744 -0.0550264 4.0997167 0.0007870 0.0221437 0.0001512 0.9997545
8.315124 -0.0163884 -0.0568185 4.1945157 -0.0006217 0.0246387 0.0013046 0.9996954
8.523125 -0.0120376 -0.0583456 4.2886543 0.0023484 0.0270572 0.0024623 0.9996281
8.731123 -0.0062987 -0.0603322 4.3839798 0.0041926 0.0287899 0.0021695 0.9995743
8.939122 -0.0010783 -0.0621771 4.4789205 0.0031033 0.0285100 0.0019832 0.9995867
9.147125 0.0033480 -0.0639734 4.5748754 0.0019549 0.0270373 0.0018600 0.9996308
9.459001 0.0093132 -0.0668934 4.7204008 0.0018958 0.0224096 0.0006211 0.9997469
9.666891 0.0129081 -0.0684551 4.8181601 0.0012441 0.0184203 0.0003155 0.9998295
9.770876 0.0143240 -0.0693764 4.8671045 0.0008095 0.0162950 0.0001936 0.9998669
9.874750 0.0155932 -0.0701155 4.9158421 0.0006058 0.0140272 0.0002110 0.9999014
9.978770 0.0166792 -0.0710676 4.9651299 0.0005177 0.0115535 0.0000006 0.9999331
10.186620 0.0178585 -0.0725541 5.0635438 0.0008839 0.0066302 -0.0005909 0.9999775
10.290630 0.0182081 -0.0735271 5.1127424 0.0010982 0.0041751 -0.0010462 0.9999901
10.394630 0.0180783 -0.0744438 5.1619539 0.0011251 0.0024527 -0.0020944 0.9999942
10.602630 0.0174756 -0.0762949 5.2621298 0.0012194 0.0009109 -0.0035747 0.9999924
10.810750 0.0171769 -0.0780030 5.3623600 0.0007057 -0.0002587 -0.0054020 0.9999851
11.018750 0.0161691 -0.0798254 5.4620357 -0.0006012 -0.0010196 -0.0070664 0.9999743
11.226750 0.0153184 -0.0811004 5.5628953 -0.0019435 -0.0015413 -0.0071517 0.9999713
11.434620 0.0145101 -0.0820871 5.6634836 -0.0015241 -0.0021197 -0.0056871 0.9999804
11.642630 0.0140625 -0.0832348 5.7650008 -0.0033970 -0.0026987 -0.0028938 0.9999864
11.850630 0.0134907 -0.0841195 5.8663592 -0.0029472 -0.0028104 -0.0000397 0.9999917
12.058500 0.0127297 -0.0852693 5.9678869 -0.0023821 -0.0025983 0.0016459 0.9999924
12.266520 0.0121273 -0.0863270 6.0695677 -0.0036061 -0.0022113 0.0019262 0.9999892
12.474370 0.0108948 -0.0872325 6.1706347 -0.0034497 -0.0014152 0.0007821 0.9999927
12.682250 0.0103152 -0.0885522 6.2708473 -0.0012825 -0.0009355 0.0004399 0.9999986
12.890250 0.0100461 -0.0902078 6.3699627 0.0025351 -0.0007116 0.0011918 0.9999958
13.098130 0.0094434 -0.0925227 6.4694839 0.0028275 -0.0005830 0.0012736 0.9999950
13.306000 0.0087292 -0.0946982 6.5684638 0.0019789 -0.0006103 0.0007436 0.9999976
13.514010 0.0084080 -0.0967958 6.6669002 0.0019922 -0.0011930 0.0004694 0.9999972
13.721880 0.0074005 -0.0988443 6.7655759 0.0012683 -0.0018264 0.0003935 0.9999974
13.929750 0.0063317 -0.1007975 6.8634582 0.0016045 -0.0023777 -0.0003792 0.9999958
14.137750 0.0050650 -0.1030773 6.9611163 0.0020190 -0.0029543 -0.0008684 0.9999932
14.345630 0.0040385 -0.1052337 7.0584731 0.0030480 -0.0038767 -0.0008252 0.9999875
14.553630 0.0022477 -0.1077546 7.1567345 0.0021332 -0.0044438 -0.0005766 0.9999877
14.761510 0.0007737 -0.1098072 7.2550616 0.0018970 -0.0052045 -0.0010335 0.9999841
15.177250 -0.0031841 -0.1144703 7.4505496 0.0020115 -0.0061235 -0.0021601 0.9999769
15.281260 -0.0042625 -0.1160238 7.4988008 0.0024621 -0.0062856 -0.0016652 0.9999758
15.489130 -0.0053869 -0.1182743 7.5969977 0.0032470 -0.0065352 0.0005455 0.9999732
15.697000 -0.0069736 -0.1201109 7.6951952 -0.0007802 -0.0068130 0.0010755 0.9999759
15.801010 -0.0078301 -0.1209053 7.7436800 -0.0003914 -0.0069888 0.0009744 0.9999750
15.905010 -0.0092607 -0.1216355 7.7913508 0.0011656 -0.0067718 0.0000884 0.9999764
16.009010 -0.0098413 -0.1228041 7.8386579 0.0020150 -0.0070106 -0.0004526 0.9999733
16.216880 -0.0115669 -0.1252538 7.9341087 0.0011987 -0.0069598 -0.0002087 0.9999750
16.424880 -0.0128658 -0.1269373 8.0298767 -0.0002518 -0.0067150 0.0000523 0.9999774
16.632880 -0.0146346 -0.1288023 8.1243353 0.0008036 -0.0051546 0.0005655 0.9999862
16.840760 -0.0158151 -0.1311269 8.2178392 0.0016131 -0.0038711 0.0009227 0.9999908
17.048760 -0.0168757 -0.1332395 8.3112192 0.0003034 -0.0024597 0.0012303 0.9999962
17.152760 -0.0173808 -0.1339142 8.3575125 0.0003469 -0.0018576 0.0006873 0.9999980
17.360750 -0.0176499 -0.1357247 8.4486313 0.0002313 -0.0008914 0.0006185 0.9999994
17.568750 -0.0183625 -0.1376051 8.5387239 0.0002074 0.0001691 0.0003701 0.9999999
17.776760 -0.0184655 -0.1392740 8.6270761 0.0002003 0.0007170 0.0010745 0.9999992
17.984650 -0.0187642 -0.1411849 8.7133379 -0.0007780 0.0007241 0.0014392 0.9999984
18.296630 -0.0195080 -0.1438305 8.8375206 0.0001225 0.0001950 0.0008979 0.9999996
18.504630 -0.0199107 -0.1457456 8.9177160 0.0001597 -0.0008048 0.0012767 0.9999989
18.608520 -0.0200379 -0.1463817 8.9572687 -0.0000997 -0.0017573 0.0014189 0.9999974
18.816510 -0.0205227 -0.1479120 9.0350819 -0.0017705 -0.0040128 0.0017662 0.9999888
19.024630 -0.0218632 -0.1494082 9.1105652 -0.0017384 -0.0064562 0.0016832 0.9999762
19.232630 -0.0233624 -0.1507492 9.1832399 -0.0018962 -0.0094697 0.0013346 0.9999525
19.440510 -0.0251893 -0.1519155 9.2517595 -0.0014558 -0.0125162 0.0011472 0.9999200
19.648650 -0.0274968 -0.1533168 9.3167601 -0.0009973 -0.0157752 0.0007858 0.9998748
19.752630 -0.0288652 -0.1540793 9.3478365 -0.0007082 -0.0172608 0.0005905 0.9998506
19.960780 -0.0314689 -0.1553293 9.4082584 -0.0007483 -0.0188250 -0.0005608 0.9998224
20.168880 -0.0341139 -0.1564293 9.4662676 -0.0015352 -0.0184146 -0.0006138 0.9998291
20.377010 -0.0365008 -0.1577339 9.5216522 -0.0004914 -0.0179484 -0.0005835 0.9998387
20.585260 -0.0384587 -0.1588223 9.5764389 0.0012855 -0.0170027 -0.0009285 0.9998542
20.793380 -0.0402500 -0.1599742 9.6302605 0.0016139 -0.0154908 -0.0010112 0.9998782
21.001510 -0.0418973 -0.1612833 9.6837072 0.0016333 -0.0136914 -0.0008878 0.9999046
21.105630 -0.0425683 -0.1617748 9.7103062 0.0019100 -0.0127315 -0.0006079 0.9999170
21.313760 -0.0439364 -0.1631230 9.7629404 0.0011792 -0.0096590 -0.0001553 0.9999527
21.521880 -0.0448853 -0.1641705 9.8153763 0.0010845 -0.0066423 0.0002406 0.9999774
21.730010 -0.0455167 -0.1652291 9.8669167 0.0013856 -0.0035224 0.0006402 0.9999926
21.834140 -0.0455998 -0.1657657 9.8924303 0.0018120 -0.0022137 0.0002385 0.9999959
22.042260 -0.0459593 -0.1667766 9.9444914 0.0017295 0.0007806 -0.0000047 0.9999982
22.250510 -0.0460094 -0.1678825 9.9964790 0.0015348 0.0033606 0.0001936 0.9999931
22.458660 -0.0454782 -0.1689641 10.0490036 0.0034079 0.0050925 0.0001189 0.9999812
22.666760 -0.0450244 -0.1701841 10.1020994 0.0042655 0.0057107 0.0004693 0.9999745
22.874760 -0.0447768 -0.1712393 10.1551924 0.0049806 0.0057702 0.0001781 0.9999709
23.186890 -0.0440151 -0.1728551 10.2358818 0.0074687 0.0062932 0.0028745 0.9999481
23.603010 -0.0426387 -0.1753380 10.3463373 0.0011870 0.0075254 0.0014805 0.9999699
24.227390 -0.0388477 -0.1791622 10.5171785 0.0042480 0.0173160 0.0018357 0.9998394
24.539510 -0.0365302 -0.1811747 10.6050797 0.0041406 0.0220834 0.0015007 0.9997464
25.059780 -0.0292035 -0.1842835 10.7541981 0.0038215 0.0288422 -0.0010683 0.9995761
25.371770 -0.0234975 -0.1861735 10.8430357 0.0041042 0.0321494 0.0011754 0.9994739
25.683760 -0.0176481 -0.1884750 10.9324236 0.0040999 0.0330331 0.0021368 0.9994436
25.995520 -0.0120932 -0.1906745 11.0217495 0.0040417 0.0321612 0.0019592 0.9994726
26.203510 -0.0084953 -0.1923636 11.0813055 0.0046548 0.0304536 0.0013871 0.9995244
26.411390 -0.0056962 -0.1939429 11.1399755 0.0049187 0.0288933 0.0003490 0.9995703
26.619260 -0.0033088 -0.1954015 11.1982927 0.0040104 0.0266904 -0.0000372 0.9996357
26.827140 -0.0008167 -0.1968377 11.2565250 0.0020396 0.0221298 0.0009480 0.9997526
27.035140 0.0009922 -0.1980244 11.3136568 0.0011315 0.0173560 0.0011988 0.9998480
27.139140 0.0016448 -0.1987531 11.3416395 0.0007957 0.0150901 0.0016897 0.9998844
27.243260 0.0022443 -0.1992418 11.3692818 0.0008758 0.0126832 0.0021903 0.9999168
27.347260 0.0026030 -0.1999947 11.3962355 0.0008287 0.0106708 0.0024588 0.9999397
27.451390 0.0030015 -0.2005027 11.4226856 0.0010622 0.0086552 0.0021896 0.9999596
27.659410 0.0029059 -0.2016212 11.4730978 0.0011274 0.0050639 0.0021939 0.9999841
27.763390 0.0029360 -0.2021740 11.4972372 0.0015385 0.0029122 0.0027202 0.9999909
27.867410 0.0025195 -0.2028597 11.5207853 0.0022850 0.0005208 0.0019855 0.9999953
28.075410 0.0014123 -0.2042082 11.5656700 0.0039948 -0.0068452 0.0007434 0.9999683
28.283270 -0.0005828 -0.2053796 11.6087027 0.0047471 -0.0188465 0.0005629 0.9998109
28.490900 -0.0042455 -0.2068363 11.6488180 0.0039388 -0.0370582 -0.0013590 0.9993044
28.698520 -0.0095657 -0.2077480 11.6871386 0.0042765 -0.0610869 -0.0027844 0.9981194
28.906040 -0.0167997 -0.2086615 11.7230272 0.0036277 -0.0906561 -0.0041103 0.9958672
29.113510 -0.0261781 -0.2092689 11.7573071 0.0020941 -0.1261951 -0.0040080 0.9919952
29.735770 -0.0681181 -0.2107786 11.8458614 -0.0032366 -0.2539311 -0.0040031 0.9672086
29.943280 -0.0875120 -0.2108554 11.8712015 -0.0049629 -0.3025333 -0.0030442 0.9531210
30.150890 -0.1098375 -0.2110792 11.8939047 -0.0054213 -0.3531980 -0.0030618 0.9355279
30.358390 -0.1337214 -0.2111790 11.9137421 -0.0098391 -0.4070119 0.0001309 0.9133698
30.565790 -0.1592846 -0.2111303 11.9294376 -0.0127311 -0.4634932 -0.0003600 0.8860090
30.773400 -0.1872854 -0.2110437 11.9409399 -0.0128785 -0.5181996 -0.0055978 0.8551444
30.980890 -0.2162280 -0.2104012 11.9500465 -0.0139697 -0.5713020 -0.0068909 0.8205921
31.188640 -0.2465227 -0.2100408 11.9547405 -0.0174288 -0.6206021 -0.0081486 0.7838896
31.396270 -0.2780452 -0.2095708 11.9557371 -0.0200735 -0.6695880 -0.0103108 0.7423899
31.500160 -0.2948287 -0.2091381 11.9547415 -0.0221824 -0.6934602 -0.0119612 0.7200540
31.707810 -0.3299769 -0.2075069 11.9489813 -0.0268038 -0.7400213 -0.0160961 0.6718564
31.811650 -0.3480071 -0.2071769 11.9447079 -0.0291793 -0.7623560 -0.0184653 0.6462359
32.019400 -0.3854907 -0.2051848 11.9313021 -0.0336442 -0.8038825 -0.0207038 0.5934749
32.227300 -0.4235797 -0.2029423 11.9118195 -0.0356271 -0.8405423 -0.0206662 0.5401779
32.435430 -0.4624166 -0.1998144 11.8865194 0.0360858 0.8719591 0.0201771 -0.4878298
32.643770 -0.5013399 -0.1970283 11.8543167 0.0366215 0.8964295 0.0209568 -0.4411731
32.748020 -0.5216603 -0.1955267 11.8357277 0.0387361 0.9067498 0.0213866 -0.4193411
32.852150 -0.5417352 -0.1937324 11.8155012 0.0425638 0.9166704 0.0214431 -0.3967920
32.956400 -0.5617037 -0.1922458 11.7933578 0.0459629 0.9262025 0.0220966 -0.3735613
33.060520 -0.5814948 -0.1901530 11.7693939 0.0465545 0.9349664 0.0222291 -0.3509648
33.269020 -0.6197863 -0.1859877 11.7149439 0.0443852 0.9501995 0.0191121 -0.3078725
33.373140 -0.6380372 -0.1839484 11.6850281 0.0427561 0.9567845 0.0170386 -0.2871324
33.477420 -0.6560068 -0.1823391 11.6531830 0.0420902 0.9626848 0.0156264 -0.2668751
33.581640 -0.6728029 -0.1804895 11.6192732 0.0415000 0.9679813 0.0154812 -0.2470835
33.790020 -0.7050929 -0.1775110 11.5462437 0.0400525 0.9774891 0.0150144 -0.2066043
33.998280 -0.7343924 -0.1745060 11.4654198 0.0434143 0.9851331 0.0149954 -0.1655388
34.102520 -0.7463775 -0.1729989 11.4223776 0.0440368 0.9881549 0.0161080 -0.1461202
34.206650 -0.7576888 -0.1715165 11.3780956 0.0456194 0.9907352 0.0167005 -0.1268216
34.414890 -0.7760253 -0.1681767 11.2832994 0.0450285 0.9947479 0.0149881 -0.0906881
34.519020 -0.7834074 -0.1666397 11.2340794 0.0444223 0.9962050 0.0135572 -0.0736098
34.727400 -0.7928780 -0.1637911 11.1307583 0.0436302 0.9980543 0.0136359 -0.0424030
34.831660 -0.7957320 -0.1625528 11.0764723 0.0438757 0.9985662 0.0130518 -0.0277521
35.040020 -0.7968807 -0.1601097 10.9642448 0.0422997 0.9990106 0.0135854 -0.0019954
35.248400 -0.7927022 -0.1581554 10.8471241 0.0407366 0.9988795 0.0136961 0.0198173
35.456920 -0.7839699 -0.1564877 10.7272024 0.0360410 0.9986974 0.0119882 0.0340716
35.665520 -0.7731004 -0.1552418 10.6030083 0.0321277 0.9985954 0.0137516 0.0398251
35.874180 -0.7619681 -0.1531821 10.4736586 0.0300246 0.9987082 0.0124468 0.0390584
36.082520 -0.7514747 -0.1514982 10.3423433 0.0294464 0.9988124 0.0132792 0.0364750
36.290910 -0.7413685 -0.1497426 10.2110138 0.0281087 0.9989939 0.0144731 0.0318061
36.499150 -0.7327127 -0.1478351 10.0760059 0.0275756 0.9991370 0.0164030 0.0263755
36.707280 -0.7248659 -0.1458862 9.9407358 0.0266436 0.9992926 0.0160017 0.0211769
36.915280 -0.7189497 -0.1438806 9.8056517 0.0254104 0.9994382 0.0152835 0.0156197
37.123280 -0.7148499 -0.1416512 9.6709127 0.0254826 0.9994548 0.0180605 0.0107047
37.331150 -0.7119662 -0.1397133 9.5346556 0.0262332 0.9994738 0.0178431 0.0067514
37.539030 -0.7096933 -0.1376683 9.3981781 0.0262712 0.9995217 0.0158235 0.0039746
37.746770 -0.7078504 -0.1351523 9.2600851 0.0257019 0.9995457 0.0156594 0.0016279
37.954400 -0.7068118 -0.1325436 9.1215210 0.0260680 0.9995203 0.0167215 0.0002685
38.058150 -0.7067164 -0.1315130 9.0518284 0.0268102 0.9994970 0.0169367 0.0002947
38.265780 -0.7059538 -0.1293371 8.9135504 0.0277839 0.9994834 0.0161391 0.0007178
38.473280 -0.7045959 -0.1266780 8.7729588 0.0294657 0.9994395 0.0158010 0.0016647
38.680780 -0.7025865 -0.1243876 8.6323776 0.0291211 0.9994156 0.0177200 0.0025265
38.888400 -0.7000453 -0.1210015 8.4914236 0.0273485 0.9994650 0.0176508 0.0031862
39.095900 -0.6983143 -0.1188615 8.3507357 0.0271062 0.9994826 0.0169302 0.0036194
39.303400 -0.6965809 -0.1168990 8.2087364 0.0276796 0.9994721 0.0165961 0.0037348
39.511030 -0.6946645 -0.1139738 8.0658903 0.0270911 0.9994776 0.0171757 0.0039420
39.718530 -0.6921804 -0.1113276 7.9232302 0.0275213 0.9994655 0.0172524 0.0036973
39.925900 -0.6904515 -0.1087071 7.7802448 0.0282134 0.9994463 0.0171305 0.0041892
40.029660 -0.6892018 -0.1077357 7.7088404 0.0280029 0.9994352 0.0181327 0.0040389
40.237040 -0.6884804 -0.1053592 7.5647416 0.0286074 0.9994469 0.0163731 0.0044009
40.444530 -0.6867734 -0.1028069 7.4258041 0.0282309 0.9994549 0.0165138 0.0045091
40.652040 -0.6844917 -0.1002813 7.2850533 0.0279678 0.9994636 0.0164702 0.0043577
40.859530 -0.6823136 -0.0976911 7.1430387 0.0271324 0.9994686 0.0175166 0.0044212
41.067040 -0.6809143 -0.0947167 7.0018578 0.0280239 0.9994547 0.0168210 0.0046959
41.170800 -0.6798494 -0.0940807 6.9326715 0.0283394 0.9994282 0.0179327 0.0042997
41.378300 -0.6785686 -0.0914107 6.7930770 0.0276481 0.9994230 0.0193752 0.0037354
41.585910 -0.6770356 -0.0881952 6.6573081 0.0269183 0.9994447 0.0194377 0.0028258
41.793530 -0.6760262 -0.0856374 6.5229759 0.0274386 0.9994483 0.0186205 0.0018831
42.001030 -0.6751109 -0.0830041 6.3887410 0.0275714 0.9994471 0.0185358 0.0013166
42.208530 -0.6742469 -0.0806306 6.2556357 0.0272222 0.9994508 0.0188886 0.0004910
42.416050 -0.6735820 -0.0782814 6.1227016 0.0274216 0.9994225 0.0200654 -0.0003669
42.623660 -0.6733965 -0.0765023 5.9908867 0.0271672 0.9994455 0.0191012 -0.0023951
42.831160 -0.6732568 -0.0741998 5.8604732 0.0279600 0.9993792 0.0209459 -0.0045596
43.038660 -0.6749029 -0.0715448 5.7340765 0.0286889 0.9993529 0.0207513 -0.0063245
43.246160 -0.6758600 -0.0688635 5.6076679 0.0289479 0.9993011 0.0220441 -0.0085675
43.453690 -0.6782413 -0.0662121 5.4876027 0.0296554 0.9992577 0.0222815 -0.0103955
43.661030 -0.6799671 -0.0635976 5.3702855 0.0293904 0.9992181 0.0236371 -0.0118628
43.868530 -0.6821300 -0.0610912 5.2579131 0.0294381 0.9992331 0.0228067 -0.0121015
44.075920 -0.6843568 -0.0585850 5.1497831 0.0297959 0.9992292 0.0226425 -0.0118571
44.179660 -0.6853162 -0.0575203 5.0978699 0.0296844 0.9992341 0.0225946 -0.0118120
44.387040 -0.6870968 -0.0546609 4.9967422 0.0295765 0.9992151 0.0238264 -0.0112612
44.594530 -0.6885721 -0.0525169 4.9021573 0.0287523 0.9992443 0.0237759 -0.0108960
44.802160 -0.6898500 -0.0507211 4.8115172 0.0291321 0.9992627 0.0227584 -0.0103639
45.009780 -0.6910824 -0.0489159 4.7257118 0.0290006 0.9992568 0.0233553 -0.0099656
45.321160 -0.6932482 -0.0465521 4.6044779 0.0291834 0.9992411 0.0240921 -0.0092264
45.528910 -0.6938109 -0.0443856 4.5278029 0.0287017 0.9992984 0.0224427 -0.0086780
45.944410 -0.6955375 -0.0408738 4.3820915 0.0306092 0.9992867 0.0205485 -0.0081753
46.152410 -0.6961018 -0.0399183 4.3139100 0.0317824 0.9992682 0.0196238 -0.0082329
46.464300 -0.6976390 -0.0381143 4.2131267 0.0322141 0.9992398 0.0200993 -0.0088402
46.984290 -0.6988821 -0.0358709 4.0536585 0.0348522 0.9992127 0.0159010 -0.0103168
47.296290 -0.6997652 -0.0347091 3.9592013 0.0339652 0.9992509 0.0148576 -0.0110958
47.608410 -0.7005887 -0.0338215 3.8663085 0.0301122 0.9993658 0.0149798 -0.0117004
47.816410 -0.7011206 -0.0327126 3.8049715 0.0306712 0.9994232 0.0087860 -0.0116354
48.024410 -0.7018999 -0.0327891 3.7426851 0.0264106 0.9995502 0.0088042 -0.0111525
48.232410 -0.7023494 -0.0318333 3.6770923 0.0242155 0.9995855 0.0120038 -0.0099169
48.440410 -0.7033379 -0.0311919 3.6107061 0.0241197 0.9996110 0.0119423 -0.0073128
48.648410 -0.7034786 -0.0302571 3.5416503 0.0226804 0.9996691 0.0114510 -0.0040217
48.856410 -0.7030776 -0.0288352 3.4690430 0.0222035 0.9996357 0.0153319 -0.0006553
49.064530 -0.7024454 -0.0274919 3.3936031 0.0238008 0.9995711 0.0167997 0.0029942
49.272540 -0.7010589 -0.0255899 3.3154359 0.0255154 0.9995394 0.0149006 0.0069281
49.480540 -0.6990642 -0.0236959 3.2349479 0.0271584 0.9994662 0.0146232 0.0107650
49.688540 -0.6961434 -0.0217231 3.1510146 0.0284500 0.9993473 0.0165120 0.0149322
49.896540 -0.6928625 -0.0201264 3.0639443 0.0308013 0.9992232 0.0153652 0.0191855
50.104550 -0.6881891 -0.0186150 2.9740298 0.0316615 0.9991461 0.0130031 0.0231430
50.312540 -0.6825631 -0.0171726 2.8807285 0.0319568 0.9990869 0.0127265 0.0253430
50.520540 -0.6764143 -0.0158941 2.7849019 0.0311909 0.9991355 0.0097392 0.0257003
50.728660 -0.6711128 -0.0146299 2.6847794 0.0329655 0.9990787 0.0103134 0.0254682
50.936790 -0.6642464 -0.0134714 2.5820298 0.0330834 0.9990386 0.0143939 0.0249014
51.144790 -0.6585632 -0.0112625 2.4761014 0.0321851 0.9991051 0.0123650 0.0244992
51.352790 -0.6518360 -0.0104289 2.3676586 0.0316013 0.9991390 0.0123316 0.0238848
51.560790 -0.6456290 -0.0086924 2.2562478 0.0321533 0.9991276 0.0136002 0.0229166
51.768790 -0.6390552 -0.0070962 2.1425030 0.0314369 0.9991893 0.0138040 0.0210209
51.976790 -0.6328208 -0.0049760 2.0250964 0.0298782 0.9993006 0.0129560 0.0183775
52.080790 -0.6302102 -0.0040489 1.9653833 0.0305707 0.9993570 0.0084517 0.0167179
52.184660 -0.6276948 -0.0034434 1.9048731 0.0306937 0.9993843 0.0071495 0.0154200
52.288680 -0.6258080 -0.0025523 1.8427731 0.0309555 0.9993633 0.0105366 0.0142727
52.496670 -0.6219054 -0.0005398 1.7186040 0.0300129 0.9993838 0.0138599 0.0117955
52.600670 -0.6195670 0.0005568 1.6553601 0.0295581 0.9994223 0.0130702 0.0105185
52.704540 -0.6176596 0.0015208 1.5922186 0.0294626 0.9994442 0.0125349 0.0092763
52.808540 -0.6165739 0.0023763 1.5280069 0.0298126 0.9994379 0.0127794 0.0084768
53.016420 -0.6140302 0.0048247 1.3970701 0.0308370 0.9994085 0.0136196 0.0067893
53.120310 -0.6125306 0.0056579 1.3318093 0.0307201 0.9994056 0.0145628 0.0057086
53.224160 -0.6110648 0.0067206 1.2672982 0.0297618 0.9994165 0.0161247 0.0045614
53.328040 -0.6099228 0.0074667 1.2036995 0.0293240 0.9994037 0.0178963 0.0034670
53.431910 -0.6089926 0.0082331 1.1388010 0.0293556 0.9993959 0.0184159 0.0026367
53.639670 -0.6068045 0.0106721 1.0100338 0.0294080 0.9994193 0.0171664 0.0012220
53.847310 -0.6043904 0.0126508 0.8810542 0.0288805 0.9994269 0.0176518 0.0004027
53.951170 -0.6028767 0.0134779 0.8181391 0.0287526 0.9994383 0.0172112 -0.0002411
54.054920 -0.6017072 0.0142069 0.7566350 0.0286416 0.9994592 0.0161270 -0.0009304
54.262540 -0.5995919 0.0165019 0.6312670 0.0292616 0.9993960 0.0186799 -0.0015908
54.470160 -0.5970287 0.0193261 0.5069688 0.0290759 0.9993888 0.0193363 -0.0016858
54.677690 -0.5942183 0.0225002 0.3825947 0.0280655 0.9994824 0.0156946 -0.0009880
54.885290 -0.5910696 0.0243182 0.2595285 0.0275379 0.9994919 0.0160227 -0.0008903
55.092920 -0.5892289 0.0267702 0.1380992 0.0280635 0.9994277 0.0188794 -0.0005670
55.300540 -0.5866136 0.0289062 0.0175749 0.0267376 0.9995062 0.0164697 -0.0010932
55.508190 -0.5845256 0.0306753 -0.1007328 0.0270170 0.9995188 0.0151295 -0.0018442
55.715790 -0.5818633 0.0322924 -0.2167160 0.0274480 0.9994723 0.0171065 -0.0030154
55.923300 -0.5794653 0.0345424 -0.3323840 0.0250589 0.9995512 0.0157893 -0.0044797
56.027170 -0.5789554 0.0354879 -0.3916014 0.0247673 0.9995661 0.0152298 -0.0047214
56.234670 -0.5786165 0.0366449 -0.5062774 0.0265427 0.9995241 0.0148948 -0.0050272
56.338420 -0.5778227 0.0374142 -0.5633097 0.0271220 0.9994993 0.0153302 -0.0055356
56.546040 -0.5769311 0.0388343 -0.6769293 0.0274709 0.9994909 0.0150876 -0.0059748
56.649810 -0.5760338 0.0392533 -0.7338022 0.0267074 0.9995083 0.0151537 -0.0063481
56.857290 -0.5745159 0.0400814 -0.8448728 0.0249844 0.9995432 0.0153537 -0.0073004
57.064790 -0.5731714 0.0417683 -0.9560393 0.0254538 0.9995164 0.0160161 -0.0079140
57.272300 -0.5722486 0.0431742 -1.0666891 0.0256629 0.9994968 0.0164890 -0.0086989
57.479920 -0.5723310 0.0439073 -1.1750741 0.0241613 0.9995780 0.0132782 -0.0091540
57.687420 -0.5720789 0.0439089 -1.2819892 0.0205691 0.9996496 0.0138125 -0.0093198
57.894920 -0.5717514 0.0446779 -1.3892478 0.0207807 0.9996098 0.0161427 -0.0093762
58.102420 -0.5719035 0.0474034 -1.4978914 0.0251375 0.9994855 0.0175010 -0.0095153
58.206190 -0.5718067 0.0482289 -1.5512264 0.0261508 0.9994666 0.0170048 -0.0096667
58.310040 -0.5719005 0.0491833 -1.6049861 0.0264820 0.9994765 0.0157554 -0.0098606
58.413800 -0.5720658 0.0498810 -1.6587973 0.0257888 0.9995093 0.0146425 -0.0100843
58.621420 -0.5722244 0.0507997 -1.7664412 0.0238340 0.9995524 0.0146612 -0.0105819
58.829070 -0.5724950 0.0514048 -1.8740472 0.0237363 0.9995604 0.0138419 -0.0111338
58.932820 -0.5727676 0.0520009 -1.9282674 0.0233287 0.9995728 0.0135711 -0.0112138
59.140420 -0.5731870 0.0534728 -2.0372586 0.0223996 0.9995880 0.0135717 -0.0117428
59.244170 -0.5735182 0.0542903 -2.0918188 0.0212492 0.9996076 0.0137366 -0.0120232
59.348040 -0.5741498 0.0547307 -2.1464832 0.0201310 0.9996085 0.0151709 -0.0121442
59.451800 -0.5744200 0.0555559 -2.2009299 0.0189895 0.9996314 0.0149867 -0.0123243
59.555580 -0.5750372 0.0564274 -2.2559524 0.0188407 0.9996559 0.0133356 -0.0124608
59.763180 -0.5759628 0.0572476 -2.3662674 0.0184278 0.9996586 0.0136952 -0.0124733
59.970800 -0.5754648 0.0583792 -2.4748294 0.0169189 0.9997188 0.0106143 -0.0127859
60.178320 -0.5760156 0.0598993 -2.5843687 0.0168850 0.9997187 0.0106772 -0.0127855
60.385920 -0.5763080 0.0599166 -2.6939294 0.0191170 0.9996784 0.0110196 -0.0124978
60.593420 -0.5765013 0.0599886 -2.8047204 0.0185102 0.9996951 0.0102057 -0.0127596
60.801050 -0.5760170 0.0600336 -2.9162161 0.0181187 0.9996714 0.0130777 -0.0125591
61.008550 -0.5761179 0.0624434 -3.0256805 0.0201093 0.9996480 0.0121079 -0.0123661
61.112300 -0.5767711 0.0627822 -3.0804172 0.0212379 0.9996250 0.0123635 -0.0120816
61.319920 -0.5777457 0.0630981 -3.1900856 0.0223535 0.9995915 0.0131294 -0.0120277
61.527550 -0.5788258 0.0645551 -3.2978776 0.0242422 0.9995416 0.0137259 -0.0118489
61.735050 -0.5789817 0.0654885 -3.4048066 0.0264970 0.9995009 0.0122980 -0.0120249
61.942550 -0.5792307 0.0660619 -3.5120511 0.0276380 0.9994982 0.0094511 -0.0122528
62.046420 -0.5798903 0.0660074 -3.5653832 0.0275521 0.9994862 0.0107971 -0.0123124
62.150170 -0.5803428 0.0663455 -3.6186149 0.0272457 0.9994881 0.0112400 -0.0124433
62.253920 -0.5803788 0.0663982 -3.6723380 0.0267966 0.9995015 0.0108317 -0.0127011
62.461550 -0.5809481 0.0675501 -3.7789221 0.0264131 0.9995043 0.0110950 -0.0130524
62.565300 -0.5814906 0.0676171 -3.8322687 0.0265858 0.9995053 0.0100489 -0.0134686
62.772920 -0.5826858 0.0675130 -3.9392831 0.0259658 0.9995016 0.0105024 -0.0145577
62.980550 -0.5834254 0.0679018 -4.0457978 0.0268892 0.9994670 0.0097794 -0.0157184
63.188170 -0.5852324 0.0680685 -4.1527543 0.0261378 0.9994709 0.0100237 -0.0165580
63.395800 -0.5863490 0.0680117 -4.2584963 0.0252297 0.9994647 0.0108767 -0.0177617
63.603430 -0.5886045 0.0683234 -4.3646040 0.0243762 0.9994736 0.0108426 -0.0184585
63.811050 -0.5909642 0.0683363 -4.4699326 0.0248622 0.9994865 0.0090078 -0.0180949
64.018680 -0.5918521 0.0681640 -4.5742731 0.0255085 0.9994647 0.0092978 -0.0182522
64.226180 -0.5919880 0.0673811 -4.6770859 0.0267659 0.9994078 0.0116826 -0.0181999
64.433800 -0.5925900 0.0688299 -4.7789826 0.0257933 0.9994739 0.0091898 -0.0173817
64.745300 -0.5932307 0.0679133 -4.9307384 0.0250872 0.9994614 0.0112737 -0.0179031
64.952920 -0.5939130 0.0681893 -5.0318122 0.0250815 0.9994357 0.0125734 -0.0184664
65.264300 -0.5966262 0.0680246 -5.1802087 0.0237903 0.9994674 0.0103184 -0.0198102
65.471930 -0.5981833 0.0689003 -5.2772026 0.0221836 0.9994714 0.0114207 -0.0208406
65.783180 -0.5982394 0.0694800 -5.4147911 0.0208792 0.9994585 0.0112465 -0.0228098
66.094550 -0.5946842 0.0712116 -5.5513725 0.0205792 0.9993797 0.0112434 -0.0262734
66.405950 -0.5956755 0.0733932 -5.6844268 0.0198738 0.9993362 0.0104295 -0.0286947
66.613430 -0.5979211 0.0736149 -5.7732415 0.0190161 0.9993274 0.0097786 -0.0297919
66.821050 -0.6004071 0.0726186 -5.8580356 0.0184708 0.9993222 0.0101320 -0.0301892
67.132440 -0.6052885 0.0734184 -6.0067544 0.0189435 0.9992681 0.0099238 -0.0317160
67.340050 -0.6091809 0.0740810 -6.1037602 0.0194474 0.9992340 0.0100123 -0.0324486
67.547680 -0.6159303 0.0738959 -6.1976075 0.0194998 0.9992797 0.0110007 -0.0306411
67.755300 -0.6198648 0.0739629 -6.2932858 0.0191220 0.9992591 0.0107673 -0.0316179
67.962930 -0.6240245 0.0746702 -6.3922305 0.0183379 0.9992175 0.0100166 -0.0335832
68.170550 -0.6302546 0.0749698 -6.4854341 0.0174922 0.9991845 0.0107921 -0.0347554
68.378180 -0.6316530 0.0761271 -6.5771675 0.0149999 0.9990088 0.0105232 -0.0405662
68.585930 -0.6376199 0.0753369 -6.6417022 0.0169232 0.9991093 0.0094180 -0.0374902
68.793560 -0.6409077 0.0752500 -6.7094131 0.0170946 0.9990788 0.0115998 -0.0376133
69.001180 -0.6439688 0.0743469 -6.7688355 0.0198080 0.9990207 0.0119899 -0.0377038
69.208930 -0.6455298 0.0745390 -6.8278127 0.0178349 0.9989660 0.0136943 -0.0395133
69.416810 -0.6458890 0.0745873 -6.8861003 0.0162194 0.9988827 0.0128958 -0.0424749
69.728440 -0.6462362 0.0712530 -6.9694910 0.0168905 0.9986545 0.0143003 -0.0468981
70.143930 -0.6466037 0.0677948 -7.0653148 0.0218876 0.9988871 0.0140848 -0.0393348
70.558570 -0.6424818 0.0672383 -7.1533980 0.0228607 0.9995514 0.0181753 0.0066444
71.076680 -0.6149948 0.0660654 -7.2301507 0.0239988 0.9944053 0.0144678 0.1018477
71.387680 -0.5855987 0.0644007 -7.2754836 0.0235732 0.9828688 0.0139548 0.1822596
71.698810 -0.5337265 0.0612962 -7.3157587 0.0185757 0.9635344 0.0136323 0.2665905
72.113680 -0.4684479 0.0598240 -7.3721046 0.0115207 0.9176958 0.0161301 0.3967891
72.425180 -0.4248252 0.0586715 -7.3825698 0.0082440 0.8746999 0.0162145 0.4843235
72.529060 -0.4132330 0.0595838 -7.3871918 0.0096218 0.8579432 0.0155096 0.5134202
72.736950 -0.3943086 0.0588722 -7.3798237 0.0100551 0.8256073 0.0135285 0.5639933
72.840820 -0.3863674 0.0588054 -7.3729672 0.0085998 0.8092057 0.0132386 0.5873133
73.048810 0.2332954 0.1064423 -6.3889728 0.0246348 0.9879095 -0.0060897 0.1529409
73.152830 -0.3190573 0.0574648 -7.4197793 0.0015347 0.7305700 0.0246112 0.6823924
73.360680 -0.2212762 0.0548071 -7.4996667 -0.0084801 0.6479310 0.0314299 0.7610031
73.464560 0.0166945 0.0774413 -7.6342106 -0.0033374 0.5321867 0.0288461 0.8461289
73.672580 0.0658422 0.0804695 -7.6062126 -0.0039183 0.4669411 0.0297175 0.8837802
73.880450 0.0978527 0.0832811 -7.5600085 -0.0062845 0.4063661 0.0316644 0.9131399
74.088440 0.1094434 0.0859325 -7.4992380 -0.0051839 0.3538156 0.0301718 0.9348140
74.296560 0.1411452 0.0874339 -7.4458942 -0.0002114 0.2913439 0.0316966 0.9560931
74.400680 0.1504939 0.0886602 -7.4154911 0.0011545 0.2633548 0.0315607 0.9641820
74.504810 0.1545422 0.0910978 -7.3819413 0.0014813 0.2369255 0.0292953 0.9710849
74.712820 0.1705773 0.0923099 -7.3167191 0.0007299 0.1754329 0.0279498 0.9840943
74.816930 0.1769059 0.0919755 -7.2852678 -0.0000882 0.1444564 0.0272740 0.9891352
74.921080 0.1818703 0.0917997 -7.2517586 -0.0003772 0.1158937 0.0259259 0.9929231
75.025200 0.1824307 0.0917716 -7.2148733 0.0000024 0.0923031 0.0217337 0.9954937
75.233810 0.1836593 0.0914086 -7.1417508 0.0011793 0.0501582 0.0153014 0.9986234
75.442560 0.1778570 0.0900771 -7.0606136 -0.0000471 0.0188238 0.0147750 0.9997137
75.651310 0.1658372 0.0873211 -6.9734240 -0.0010975 -0.0057057 0.0125142 0.9999048
75.755680 0.1587461 0.0876644 -6.9276109 -0.0002195 -0.0145535 0.0093241 0.9998506
75.964710 0.1499031 0.0873515 -6.8288612 0.0015813 -0.0264852 0.0040476 0.9996397
76.173710 0.1375064 0.0862886 -6.7199616 0.0015023 -0.0278687 0.0019946 0.9996085
76.382460 0.1263120 0.0843125 -6.6131577 0.0004361 -0.0280417 0.0024291 0.9996037
76.591060 0.1138045 0.0831019 -6.5033665 0.0009666 -0.0281629 0.0021324 0.9996006
76.799440 0.1019823 0.0811093 -6.3943772 -0.0009905 -0.0287825 0.0021438 0.9995829
77.007690 0.0847903 0.0777078 -6.2809653 -0.0013889 -0.0265455 0.0031396 0.9996417
77.215940 0.0729221 0.0779880 -6.1629295 -0.0002392 -0.0259025 0.0031793 0.9996594
77.424060 0.0611251 0.0769490 -6.0450788 0.0006260 -0.0244268 0.0020861 0.9996992
77.632190 0.0501531 0.0752166 -5.9225025 0.0005064 -0.0220919 0.0017304 0.9997543
77.840190 0.0399124 0.0745903 -5.7974176 0.0016354 -0.0188687 0.0009277 0.9998202
78.048060 0.0287614 0.0728405 -5.6700501 0.0045609 -0.0145160 0.0008161 0.9998839
78.255940 0.0167738 0.0690024 -5.5386500 0.0038161 -0.0109040 0.0023591 0.9999305
78.463690 0.0113264 0.0668033 -5.4046493 0.0055428 -0.0114816 0.0029572 0.9999143
78.671320 0.0057015 0.0636730 -5.2650852 0.0058866 -0.0137996 0.0025439 0.9998842
78.775190 0.0009298 0.0617396 -5.1939683 0.0047410 -0.0136289 0.0026883 0.9998923
78.982940 -0.0074914 0.0592535 -5.0509224 0.0055553 -0.0132279 0.0019724 0.9998952
79.190690 -0.0171959 0.0553732 -4.9068294 0.0064420 -0.0124908 0.0024356 0.9998983
79.294440 -0.0225593 0.0537693 -4.8340826 0.0062976 -0.0119176 0.0014483 0.9999081
79.502200 -0.0325164 0.0500444 -4.6848269 0.0040483 -0.0092982 -0.0000883 0.9999486
79.709940 -0.0404116 0.0470156 -4.5344281 0.0017810 -0.0074795 0.0002270 0.9999704
79.917560 -0.0489491 0.0470353 -4.3813968 -0.0031939 -0.0046887 -0.0007144 0.9999837
80.021460 -0.0539206 0.0460856 -4.3044081 -0.0048692 -0.0030898 -0.0014533 0.9999823
80.228940 -0.0622988 0.0428499 -4.1503139 -0.0067107 -0.0003099 -0.0013689 0.9999765
80.436670 -0.0657246 0.0417791 -3.9973269 -0.0042056 0.0014190 -0.0026639 0.9999866
80.644320 -0.0675527 0.0398645 -3.8479311 -0.0054920 0.0033907 -0.0023671 0.9999763
80.851960 -0.0679864 0.0379982 -3.7050712 -0.0049545 0.0048091 -0.0017429 0.9999746
81.059440 -0.0681236 0.0352832 -3.5634177 -0.0061822 0.0060422 -0.0012073 0.9999619
81.163210 -0.0704247 0.0305201 -3.4951515 -0.0084921 0.0069953 0.0000965 0.9999394
81.370700 -0.0687168 0.0305637 -3.3504457 -0.0083579 0.0069735 0.0010931 0.9999402
81.682070 -0.0666943 0.0301149 -3.1389248 -0.0058330 0.0061668 -0.0017037 0.9999625
81.785940 -0.0665298 0.0295251 -3.0684891 -0.0065059 0.0062326 -0.0022191 0.9999570
81.993440 -0.0656167 0.0285856 -2.9285820 -0.0059917 0.0056937 -0.0003932 0.9999658
82.201070 -0.0652548 0.0284649 -2.7874162 -0.0061289 0.0055530 0.0003605 0.9999657
82.408570 -0.0636712 0.0275943 -2.6487706 -0.0047612 0.0041762 0.0006723 0.9999797
82.616210 -0.0620411 0.0272546 -2.5106905 -0.0070906 0.0025036 0.0007761 0.9999714
82.823820 -0.0634364 0.0262489 -2.3737588 -0.0066296 0.0026917 0.0000784 0.9999744
83.031440 -0.0636983 0.0251308 -2.2387676 -0.0065670 0.0029256 -0.0007769 0.9999738
83.238940 -0.0604955 0.0239464 -2.1043794 -0.0064141 0.0026286 0.0000889 0.9999760
83.446570 -0.0585315 0.0231242 -1.9717280 -0.0065843 0.0029535 0.0011661 0.9999733
83.654320 -0.0600817 0.0231416 -1.8387966 -0.0070637 0.0047297 0.0013876 0.9999629
83.862070 -0.0570757 0.0223010 -1.7053630 -0.0053766 0.0045816 0.0009675 0.9999746
84.069850 -0.0560731 0.0213011 -1.5721318 -0.0062995 0.0060676 -0.0006893 0.9999615
84.381590 -0.0519160 0.0206194 -1.3855172 -0.0061458 0.0069664 -0.0017573 0.9999553
84.797070 -0.0440458 0.0183244 -1.1275729 -0.0040062 0.0095643 -0.0016020 0.9999449
85.108710 -0.0319557 0.0166696 -0.9327886 0.0007359 0.0097351 -0.0024725 0.9999493
85.316330 -0.0217335 0.0145078 -0.8043618 0.0000945 0.0083680 -0.0015059 0.9999638
85.627820 -0.0148723 0.0096145 -0.6158584 -0.0006898 0.0074953 0.0001021 0.9999717
85.939070 -0.0118467 0.0071912 -0.4321235 -0.0007268 0.0061942 -0.0000585 0.9999806
86.146690 -0.0085755 0.0055967 -0.3099534 -0.0015269 0.0040912 -0.0002442 0.9999904
86.354210 -0.0051192 0.0031416 -0.1872489 0.0000206 0.0026854 0.0010068 0.9999959
86.561820 -0.0027919 0.0011075 -0.0663497 0.0001744 0.0017095 0.0008458 0.9999982
86.769450 -0.0019080 -0.0006636 0.0609918 0.0004206 0.0009376 0.0003476 0.9999994
96.528700 -0.0492045 -0.0715371 5.0476294 0.0018590 0.0066496 -0.0089602 0.9999360
96.840830 -0.0450542 -0.0740342 5.1897388 0.0026634 0.0201789 -0.0067303 0.9997702
97.152720 -0.0381485 -0.0766712 5.3342066 0.0015367 0.0292851 -0.0074835 0.9995419
97.464460 -0.0299321 -0.0789306 5.4811392 0.0001065 0.0351085 -0.0098959 0.9993345
97.776080 -0.0198810 -0.0810484 5.6311936 0.0028049 0.0353729 -0.0065585 0.9993487
98.087470 -0.0091792 -0.0833324 5.7851930 -0.0006173 0.0297660 -0.0000087 0.9995567
98.502470 0.0003976 -0.0858597 5.9968934 -0.0001989 0.0167851 0.0057934 0.9998423
106.807100 -0.0444685 -0.1647268 9.8404970 0.0013501 -0.0034413 0.0002660 0.9999931
107.015100 -0.0448286 -0.1658498 9.8968344 0.0010535 0.0005965 0.0001363 0.9999992
107.223000 -0.0446282 -0.1670837 9.9526310 -0.0000813 0.0036168 0.0001202 0.9999934
107.535000 -0.0440458 -0.1687512 10.0351171 0.0015964 0.0051247 0.0007110 0.9999853
107.846800 -0.0439783 -0.1705327 10.1176291 0.0043627 0.0057431 0.0012609 0.9999732
111.278800 -0.0172350 -0.1926032 11.1056623 0.0049408 0.0179861 0.0004701 0.9998259
111.694700 -0.0150303 -0.1961195 11.2338619 0.0031948 0.0131135 -0.0014783 0.9999078
112.006600 -0.0135077 -0.1982173 11.3298769 0.0022169 0.0100294 -0.0018702 0.9999455
112.318600 -0.0122554 -0.2004746 11.4244728 0.0025342 0.0078314 -0.0011682 0.9999654
112.630600 -0.0118382 -0.2026274 11.5147247 0.0021488 0.0063381 -0.0022496 0.9999751
112.942600 -0.0117957 -0.2050641 11.5997887 0.0057460 0.0059907 -0.0057977 0.9999487
113.254600 -0.0112457 -0.2076198 11.6820250 0.0067964 0.0069504 -0.0082495 0.9999187
113.566600 -0.0106348 -0.2102115 11.7626143 0.0067234 0.0091215 -0.0102743 0.9998830
113.878500 -0.0093695 -0.2124834 11.8408699 0.0036310 0.0086696 -0.0088699 0.9999165
114.190300 -0.0086453 -0.2144802 11.9201117 0.0020508 0.0066637 -0.0070041 0.9999512
