0.000000 -0.6258374 0.0115191 -0.8459689 -0.0022718 -0.0130230 -0.0000290 0.9999126
0.208477 -0.6271091 0.0107104 -0.7919804 -0.0011331 -0.0146195 0.0012005 0.9998918
0.312729 -0.6278112 0.0102040 -0.7648299 -0.0004745 -0.0156907 0.0013880 0.9998758
0.416979 -0.6288132 0.0099717 -0.7380031 0.0004727 -0.0166471 0.0023653 0.9998585
0.521227 -0.6295875 0.0094712 -0.7110431 0.0014544 -0.0175375 0.0035942 0.9998387
0.729727 -0.6318866 0.0084403 -0.6558951 0.0014341 -0.0190181 0.0041537 0.9998095
0.833976 -0.6330400 0.0078009 -0.6278329 0.0015916 -0.0196210 0.0044303 0.9997964
0.938359 -0.6343113 0.0070969 -0.5996345 0.0029383 -0.0202028 0.0041186 0.9997831
1.042605 -0.6357979 0.0064064 -0.5708915 0.0047980 -0.0208593 0.0032793 0.9997655
1.146853 -0.6371945 0.0057764 -0.5417032 0.0065297 -0.0215464 0.0028263 0.9997425
1.251125 -0.6390167 0.0055869 -0.5112651 0.0067183 -0.0220794 0.0018380 0.9997320
1.459603 -0.6423694 0.0047268 -0.4491457 -0.0019039 -0.0229953 0.0001478 0.9997337
1.668106 -0.6459284 0.0035782 -0.3841413 -0.0048266 -0.0240976 -0.0013506 0.9996970
1.876603 -0.6500244 0.0035201 -0.3176247 0.0018005 -0.0248528 -0.0023695 0.9996867
2.085105 -0.6538447 0.0033280 -0.2457156 -0.0035480 -0.0257290 -0.0008834 0.9996623
2.293607 -0.6579198 0.0032167 -0.1709814 -0.0085528 -0.0262470 0.0000004 0.9996189
2.502107 -0.6621696 0.0038242 -0.0936295 -0.0067021 -0.0259775 0.0009255 0.9996396
2.710606 -0.6664875 0.0038277 -0.0136335 -0.0022238 -0.0252109 0.0012141 0.9996790
2.919104 -0.6707214 0.0029757 0.0693511 0.0035156 -0.0242988 0.0021240 0.9996963
3.127481 -0.6748930 0.0017622 0.1558129 0.0037394 -0.0245024 0.0013943 0.9996918
3.335979 -0.6790596 -0.0000787 0.2445068 0.0054111 -0.0246282 -0.0008237 0.9996817
3.544357 -0.6837671 -0.0022275 0.3351331 0.0057817 -0.0248237 -0.0032641 0.9996698
3.752729 -0.6885786 -0.0039696 0.4264406 0.0059937 -0.0250992 -0.0039944 0.9996590
3.961233 -0.6935389 -0.0063347 0.5191077 0.0043574 -0.0256354 -0.0047983 0.9996504
4.169606 -0.6985656 -0.0085864 0.6132478 0.0043025 -0.0259985 -0.0050424 0.9996400
4.377982 -0.7042551 -0.0104203 0.7087189 0.0044726 -0.0261215 -0.0055900 0.9996331
4.586357 -0.7098879 -0.0122105 0.8051435 0.0014352 -0.0265736 -0.0054014 0.9996312
4.794755 -0.7149994 -0.0141769 0.9042895 -0.0001139 -0.0273820 -0.0053625 0.9996107
5.107234 -0.7238824 -0.0163552 1.0522151 0.0002936 -0.0283204 -0.0051319 0.9995857
5.315611 -0.7297258 -0.0178583 1.1511509 -0.0018669 -0.0291314 -0.0050735 0.9995610
5.523983 -0.7356510 -0.0196848 1.2498220 0.0000210 -0.0297099 -0.0061320 0.9995397
5.732480 -0.7422330 -0.0214434 1.3477501 0.0021561 -0.0295423 -0.0069925 0.9995368
5.940858 -0.7482585 -0.0229339 1.4471309 -0.0000594 -0.0295267 -0.0077627 0.9995338
6.149354 -0.7543871 -0.0247727 1.5451397 -0.0003818 -0.0292634 -0.0068159 0.9995484
6.357731 -0.7602625 -0.0262895 1.6438482 0.0017187 -0.0290462 -0.0064732 0.9995556
6.566109 -0.7656995 -0.0286733 1.7418292 0.0045530 -0.0291016 -0.0051619 0.9995528
6.774485 -0.7715821 -0.0311347 1.8402321 0.0041812 -0.0288092 -0.0035535 0.9995699
6.982859 -0.7770922 -0.0329951 1.9384279 -0.0017433 -0.0287074 -0.0022434 0.9995838
7.191236 -0.7826642 -0.0344219 2.0363517 -0.0006072 -0.0285474 0.0002056 0.9995922
7.399507 -0.7882202 -0.0364051 2.1343658 0.0028770 -0.0287496 -0.0001614 0.9995825
7.607858 -0.7941779 -0.0387014 2.2328968 0.0053739 -0.0284068 -0.0014920 0.9995809
7.816232 -0.8003786 -0.0410172 2.3311777 0.0026077 -0.0279691 -0.0039846 0.9995974
8.024607 -0.8060488 -0.0428836 2.4300015 0.0018898 -0.0280172 -0.0030830 0.9996009
8.232862 -0.8118956 -0.0449703 2.5291569 0.0000313 -0.0283127 -0.0017422 0.9995976
8.545359 -0.8198881 -0.0475793 2.6758802 0.0018769 -0.0294438 -0.0010133 0.9995642
8.753612 -0.8260514 -0.0495944 2.7723980 0.0021145 -0.0301455 -0.0021497 0.9995410
8.961860 -0.8324422 -0.0515473 2.8690567 -0.0020238 -0.0307347 -0.0034312 0.9995196
9.170238 -0.8386157 -0.0531673 2.9651055 -0.0013484 -0.0314144 -0.0036935 0.9994987
9.378487 -0.8453262 -0.0547264 3.0600526 -0.0008790 -0.0318014 -0.0034574 0.9994878
9.586735 -0.8512948 -0.0563765 3.1530528 -0.0017636 -0.0326225 -0.0022890 0.9994636
9.794986 -0.8580967 -0.0580876 3.2422566 -0.0036414 -0.0332487 -0.0021272 0.9994382
10.003370 -0.8645296 -0.0593400 3.3277962 -0.0032030 -0.0358862 -0.0012415 0.9993500
10.211610 -0.8711227 -0.0608050 3.4097340 -0.0029102 -0.0392522 -0.0012219 0.9992244
10.315740 -0.8746096 -0.0615260 3.4489586 -0.0035046 -0.0408502 -0.0017593 0.9991576
10.524110 -0.8815820 -0.0626428 3.5238101 -0.0046237 -0.0438755 -0.0026461 0.9990228
10.732490 -0.8884156 -0.0637634 3.5936055 -0.0051919 -0.0465432 -0.0044229 0.9988930
10.940860 -0.8952605 -0.0648469 3.6580837 -0.0026047 -0.0493149 -0.0059289 0.9987623
11.149240 -0.9018797 -0.0658962 3.7167103 0.0007271 -0.0516493 -0.0079987 0.9986330
11.462110 -0.9112586 -0.0679265 3.7960527 0.0003223 -0.0501805 -0.0121944 0.9986657
11.670740 -0.9160556 -0.0690556 3.8442495 -0.0014268 -0.0435717 -0.0138262 0.9989536
11.879370 -0.9188171 -0.0698518 3.8887160 -0.0033271 -0.0328507 -0.0136268 0.9993618
12.192740 -0.9191563 -0.0712425 3.9482703 -0.0018260 -0.0097853 -0.0125003 0.9998723
12.610740 -0.9127318 -0.0729100 4.0209999 0.0044898 0.0418784 -0.0086247 0.9990754
12.924370 -0.9011726 -0.0747310 4.0710993 0.0064106 0.0958896 -0.0039067 0.9953637
13.133360 -0.8907394 -0.0760733 4.1021338 0.0073226 0.1380826 -0.0029571 0.9903892
13.446740 -0.8695487 -0.0776104 4.1459389 0.0062487 0.2089648 -0.0036139 0.9778965
13.760010 -0.8420426 -0.0796994 4.1846991 0.0094426 0.2820248 -0.0030227 0.9593559
13.968740 -0.8204770 -0.0808568 4.2091599 0.0125168 0.3324158 -0.0070718 0.9430233
14.177490 -0.7952417 -0.0820265 4.2313046 0.0138664 0.3838947 -0.0086997 0.9232318
14.281780 -0.7810934 -0.0827925 4.2413363 0.0136444 0.4090253 -0.0071211 0.9123932
14.490490 -0.7510995 -0.0837081 4.2598047 0.0116182 0.4598645 -0.0056669 0.8878950
14.699110 -0.7184147 -0.0853235 4.2751594 0.0090884 0.5098901 -0.0030800 0.8601860
14.803370 -0.7009876 -0.0859045 4.2819796 0.0076181 0.5343345 -0.0040996 0.8452289
14.907610 -0.6830822 -0.0866979 4.2878113 0.0078508 0.5573811 -0.0067327 0.8301923
15.116140 -0.6445978 -0.0878234 4.2971373 0.0108077 0.5988584 -0.0088114 0.8007336
15.324240 -0.6026510 -0.0893204 4.3035111 0.0159628 0.6298311 -0.0038362 0.7765586
15.532120 -0.5572473 -0.0910296 4.3089604 0.0160692 0.6524823 -0.0031316 0.7576271
15.739890 -0.5075819 -0.0924531 4.3142986 0.0087813 0.6710793 -0.0047292 0.7413185
15.843870 -0.4815270 -0.0933292 4.3156505 0.0092410 0.6795157 -0.0025223 0.7335984
16.051740 -0.4265431 -0.0953765 4.3166337 0.0144771 0.6932493 0.0009047 0.7205518
16.259530 -0.3676853 -0.0965752 4.3175168 0.0172261 0.7022483 -0.0034506 0.7117153
16.363390 -0.3365723 -0.0976004 4.3175902 0.0177004 0.7045390 -0.0026647 0.7094395
16.570990 -0.2715419 -0.0999743 4.3170166 0.0185783 0.7052060 0.0019552 0.7087563
16.778640 -0.2026287 -0.1023311 4.3184342 0.0169941 0.7040045 0.0002824 0.7099921
16.986490 -0.1301742 -0.1046000 4.3193555 0.0173919 0.7031888 -0.0008592 0.7107899
17.194620 -0.0540864 -0.1070734 4.3208723 0.0160129 0.7027214 -0.0011560 0.7112840
17.402740 0.0242054 -0.1098169 4.3217640 0.0152497 0.7026847 0.0007033 0.7113376
17.610870 0.1033352 -0.1124695 4.3229733 0.0131757 0.7035000 0.0005337 0.7105729
17.819120 0.1853899 -0.1148242 4.3238621 0.0130164 0.7043412 0.0033398 0.7097344
18.027490 0.2675390 -0.1173130 4.3250098 0.0124059 0.7053139 -0.0001040 0.7087865
18.235760 0.3517676 -0.1198943 4.3258862 0.0151132 0.7060619 -0.0019875 0.7079861
18.444000 0.4371443 -0.1229610 4.3268962 0.0105664 0.7069858 -0.0019778 0.7071460
18.652370 0.5230251 -0.1258132 4.3275485 0.0047611 0.7072003 -0.0001750 0.7069972
18.860740 0.6080351 -0.1285908 4.3279600 0.0068250 0.7068173 -0.0019705 0.7073604
19.173270 0.7345393 -0.1327573 4.3290157 0.0126194 0.7058726 -0.0038065 0.7082162
19.381800 0.8193606 -0.1356570 4.3295999 0.0106564 0.7053999 0.0015559 0.7087277
19.590340 0.9017558 -0.1381050 4.3307600 0.0095791 0.7058300 -0.0007498 0.7083160
19.798650 0.9833233 -0.1408507 4.3311949 0.0087791 0.7072696 -0.0017087 0.7068874
20.007130 1.0648750 -0.1435182 4.3319311 0.0081922 0.7089061 -0.0029948 0.7052490
20.215660 1.1447825 -0.1459208 4.3316941 0.0068538 0.7103891 -0.0030582 0.7037691
20.424610 1.2236396 -0.1483073 4.3312688 0.0073628 0.7117722 -0.0035417 0.7023628
20.633120 1.3016050 -0.1507684 4.3303647 0.0077263 0.7124918 -0.0023842 0.7016339
20.841310 1.3784409 -0.1534579 4.3294911 0.0068789 0.7135367 -0.0023949 0.7005799
21.049750 1.4529781 -0.1557179 4.3286295 0.0052742 0.7142763 -0.0026560 0.6998389
21.258280 1.5242240 -0.1581586 4.3275170 0.0062445 0.7145541 -0.0032814 0.6995446
21.362520 1.5594020 -0.1592193 4.3269515 0.0073755 0.7145799 -0.0043032 0.6995018
21.571010 1.6292653 -0.1612482 4.3264265 0.0078826 0.7148002 -0.0059320 0.6992592
21.779630 1.6973712 -0.1640092 4.3247886 0.0079957 0.7147744 -0.0049717 0.6992917
21.883890 1.7315649 -0.1652640 4.3247037 0.0066384 0.7150077 -0.0065216 0.6990547
22.092530 1.7996466 -0.1680015 4.3241329 0.0059472 0.7150781 -0.0063771 0.6989902
22.196780 1.8328464 -0.1690470 4.3231511 0.0058662 0.7153019 -0.0061170 0.6987641
22.405410 1.8994461 -0.1716263 4.3219528 0.0030691 0.7183882 -0.0083062 0.6955860
22.614140 1.9653478 -0.1736865 4.3190770 0.0075385 0.7227694 -0.0085327 0.6909956
22.822680 2.0321004 -0.1765622 4.3154626 0.0059852 0.7272744 -0.0104895 0.6862406
23.031260 2.1004417 -0.1789784 4.3111978 0.0050482 0.7307037 -0.0113771 0.6825813
23.239660 2.1698711 -0.1809757 4.3065305 0.0035713 0.7330014 -0.0106548 0.6801344
23.448150 2.2413416 -0.1836296 4.3015084 0.0019295 0.7342537 -0.0078134 0.6788275
23.656510 2.3133144 -0.1854931 4.2960958 0.0034320 0.7348540 -0.0088730 0.6781586
23.865000 2.3860395 -0.1882381 4.2892818 0.0107236 0.7349851 -0.0071597 0.6779607
24.073430 2.4606259 -0.1907793 4.2835608 0.0102629 0.7353556 -0.0071386 0.6775661
24.281890 2.5345254 -0.1938040 4.2778888 0.0087119 0.7354758 -0.0035061 0.6774859
24.490410 2.6089923 -0.1963268 4.2723517 0.0083317 0.7364733 -0.0043099 0.6764017
24.698880 2.6825972 -0.1987833 4.2662802 0.0089054 0.7379500 -0.0045262 0.6747815
24.907380 2.7556026 -0.2011990 4.2595448 0.0088795 0.7391589 -0.0043993 0.6734582
25.115970 2.8295498 -0.2040450 4.2537079 0.0087173 0.7402598 -0.0058948 0.6722386
25.428740 2.9403138 -0.2074980 4.2432356 0.0082207 0.7413166 -0.0058847 0.6710793
25.637140 3.0151415 -0.2091319 4.2365942 0.0051642 0.7422845 -0.0065225 0.6700332
26.054250 3.1689587 -0.2144461 4.2203283 0.0077446 0.7448226 -0.0069591 0.6671814
26.262800 3.2476897 -0.2174862 4.2117872 0.0113493 0.7453448 -0.0087455 0.6665252
26.575550 3.3678641 -0.2223328 4.1983452 0.0128634 0.7450598 -0.0057689 0.6668486
26.784000 3.4495075 -0.2254549 4.1898661 0.0110669 0.7441649 -0.0048489 0.6678867
26.992430 3.5319428 -0.2282511 4.1814852 0.0090720 0.7430803 -0.0021218 0.6691375
27.200890 3.6138916 -0.2313029 4.1735458 0.0103468 0.7420111 -0.0038031 0.6702970
27.409410 3.6956134 -0.2343071 4.1657486 0.0131933 0.7408005 -0.0079985 0.6715479
27.617880 3.7772961 -0.2374667 4.1584325 0.0111128 0.7399876 -0.0065697 0.6724967
27.826410 3.8591845 -0.2409192 4.1509318 0.0105356 0.7395244 -0.0056696 0.6730235
28.034970 3.9409420 -0.2440856 4.1437373 0.0104682 0.7391958 -0.0043266 0.6733953
28.243410 4.0220132 -0.2474491 4.1360207 0.0119814 0.7385172 -0.0029183 0.6741219
28.451910 4.1032062 -0.2507632 4.1294584 0.0126616 0.7380290 -0.0048948 0.6746324
28.764800 4.2238417 -0.2551695 4.1200213 0.0063044 0.7383222 -0.0079002 0.6743724
28.973270 4.3029695 -0.2584694 4.1139412 0.0074164 0.7391129 -0.0119649 0.6734345
29.181800 4.3812766 -0.2620665 4.1066699 0.0080320 0.7393485 -0.0111018 0.6731836
29.390270 4.4590034 -0.2655809 4.0998034 0.0103145 0.7397410 -0.0116421 0.6727119
29.598790 4.5353446 -0.2693629 4.0930095 0.0101406 0.7403127 -0.0129861 0.6720608
29.807270 4.6107039 -0.2734102 4.0860620 0.0093166 0.7421116 -0.0136975 0.6700717
30.015910 4.6849089 -0.2770140 4.0787239 0.0101776 0.7443091 -0.0160335 0.6675652
30.224420 4.7583447 -0.2810336 4.0707936 0.0101722 0.7464061 -0.0150513 0.6652427
30.432920 4.8309584 -0.2853019 4.0626101 0.0109158 0.7477930 -0.0180443 0.6635969
30.641400 4.9027543 -0.2897468 4.0542531 0.0147882 0.7491814 -0.0210849 0.6618639
30.850030 4.9748836 -0.2940698 4.0453100 0.0118543 0.7513358 -0.0173481 0.6595855
31.058390 5.0462255 -0.2985756 4.0368104 0.0116641 0.7527935 -0.0180767 0.6579052
31.266890 5.1165786 -0.3023893 4.0275350 0.0126760 0.7544010 -0.0218374 0.6559280
31.475390 5.1862292 -0.3071875 4.0181499 0.0169223 0.7558149 -0.0236364 0.6541398
31.683900 5.2549515 -0.3119234 4.0080733 0.0167977 0.7574547 -0.0237095 0.6522408
31.892590 5.3232398 -0.3168738 3.9972959 0.0172519 0.7607154 -0.0193373 0.6485681
32.101220 5.3906555 -0.3216027 3.9864345 0.0161734 0.7656694 -0.0198343 0.6427250
32.309930 5.4573536 -0.3262002 3.9739428 0.0163959 0.7729946 -0.0208207 0.6338587
32.518590 5.5228357 -0.3309656 3.9591529 0.0176494 0.7807436 -0.0197332 0.6242904
32.622920 5.5557404 -0.3333259 3.9517426 0.0185683 0.7846010 -0.0185049 0.6194466
32.831540 5.6201363 -0.3377729 3.9346929 0.0216880 0.7907322 -0.0149513 0.6115952
32.935760 5.6519942 -0.3399605 3.9253728 0.0232312 0.7930119 -0.0128748 0.6086268
33.144180 5.7153759 -0.3443803 3.9073510 0.0239530 0.7964048 -0.0099653 0.6042072
33.248440 5.7466998 -0.3460467 3.8979192 0.0252216 0.7969532 -0.0062785 0.6034817
33.352510 5.7779269 -0.3480147 3.8887334 0.0266878 0.7973090 -0.0029418 0.6029738
33.456640 5.8086476 -0.3497090 3.8797483 0.0269907 0.7975147 -0.0015180 0.6026936
33.560850 5.8391857 -0.3516375 3.8709702 0.0295976 0.7974149 -0.0024827 0.6027000
33.665120 5.8694153 -0.3531534 3.8626413 0.0307352 0.7970081 -0.0039353 0.6031733
33.769250 5.8994303 -0.3548312 3.8543975 0.0312592 0.7969137 -0.0033525 0.6032746
33.873500 5.9291534 -0.3568496 3.8458483 0.0308980 0.7963305 -0.0021245 0.6040684
34.081820 5.9886780 -0.3606886 3.8290944 0.0312605 0.7951692 0.0001716 0.6055813
34.289910 6.0468249 -0.3641018 3.8139119 0.0333636 0.7932216 -0.0004878 0.6080182
34.498170 6.1043301 -0.3676676 3.7987795 0.0334840 0.7896134 0.0019890 0.6126872
34.602300 6.1327639 -0.3690885 3.7918711 0.0332496 0.7881040 0.0028608 0.6146367
34.810660 6.1885099 -0.3719787 3.7782731 0.0331582 0.7855663 0.0041406 0.6178746
35.019540 6.2436523 -0.3749413 3.7650759 0.0338658 0.7830813 0.0076172 0.6209499
35.123490 6.2706833 -0.3763110 3.7586865 0.0330027 0.7818755 0.0073876 0.6225166
35.331690 6.3233681 -0.3791943 3.7476773 0.0337333 0.7793723 0.0047270 0.6256346
35.436220 6.3496542 -0.3806288 3.7419751 0.0354831 0.7775284 0.0041835 0.6278320
35.644150 6.4024491 -0.3834985 3.7323329 0.0341111 0.7728726 0.0027024 0.6336380
35.852390 6.4543390 -0.3863840 3.7235532 0.0334850 0.7653701 0.0037902 0.6427075
36.060640 6.5056353 -0.3895563 3.7164550 0.0327875 0.7558121 0.0041365 0.6539540
36.268770 6.5568442 -0.3924216 3.7117810 0.0319337 0.7425905 0.0037455 0.6689735
36.476890 6.6075554 -0.3956808 3.7101412 0.0292783 0.7276382 -0.0001376 0.6853359
36.685150 6.6578307 -0.3986771 3.7107840 0.0260664 0.7136900 -0.0056040 0.6999542
36.789390 6.6830850 -0.4001377 3.7119119 0.0237160 0.7085189 -0.0079490 0.7052485
36.998010 6.7326312 -0.4030535 3.7137032 0.0166373 0.7040704 -0.0123416 0.7098280
37.102920 6.7575831 -0.4046685 3.7144842 0.0128288 0.7064695 -0.0138202 0.7074922
37.207180 6.7820654 -0.4057242 3.7141714 0.0112537 0.7108403 -0.0135181 0.7031334
37.311660 6.8065629 -0.4070860 3.7135737 0.0103713 0.7156213 -0.0131382 0.6982879
37.416200 6.8307738 -0.4081783 3.7121296 0.0114731 0.7198827 -0.0111479 0.6939113
37.520670 6.8546968 -0.4094107 3.7107422 0.0118866 0.7241300 -0.0104198 0.6894823
37.625170 6.8780489 -0.4105888 3.7091143 0.0105948 0.7288777 -0.0114527 0.6844662
37.729650 6.9013681 -0.4116475 3.7071910 0.0088643 0.7344807 -0.0122800 0.6784606
37.938540 6.9484949 -0.4139770 3.7021055 0.0088729 0.7456605 -0.0110891 0.6661747
38.043370 6.9714565 -0.4151430 3.6989822 0.0086181 0.7505183 -0.0100163 0.6607175
38.251530 7.0162506 -0.4170799 3.6919656 0.0073138 0.7597110 -0.0098031 0.6501458
38.460120 7.0595131 -0.4191289 3.6836772 0.0088582 0.7672258 -0.0083782 0.6412612
38.668540 7.1014252 -0.4211509 3.6748786 0.0115682 0.7728167 -0.0077741 0.6344763
38.876940 7.1431608 -0.4228287 3.6663387 0.0113798 0.7754115 -0.0071017 0.6313137
39.189420 7.2043939 -0.4255438 3.6534023 0.0123350 0.7765711 -0.0050873 0.6298884
39.502140 7.2656298 -0.4279807 3.6403832 0.0134649 0.7797665 -0.0076433 0.6258789
39.710790 7.3078361 -0.4299639 3.6307266 0.0120742 0.7832063 -0.0074379 0.6216002
39.919470 7.3515506 -0.4316598 3.6196246 0.0142412 0.7866814 -0.0061485 0.6171643
40.128060 7.3960633 -0.4333749 3.6082215 0.0148264 0.7902635 -0.0078028 0.6125380
40.336550 7.4419942 -0.4353024 3.5956686 0.0173773 0.7936367 -0.0062809 0.6081112
40.545050 7.4890876 -0.4372639 3.5826433 0.0178121 0.7963983 -0.0054991 0.6044851
40.753570 7.5366802 -0.4392300 3.5693135 0.0162449 0.7985728 -0.0028395 0.6016722
40.962050 7.5846195 -0.4413924 3.5551884 0.0171455 0.8000456 0.0010363 0.5996932
41.170430 7.6327968 -0.4429551 3.5418816 0.0168982 0.8006188 0.0004089 0.5989356
41.378780 7.6801667 -0.4449053 3.5281563 0.0184211 0.8000590 0.0007111 0.5996380
41.587170 7.7269049 -0.4468607 3.5150526 0.0183075 0.7985998 0.0004690 0.6015838
41.795430 7.7734585 -0.4489516 3.5024819 0.0198060 0.7969379 0.0005824 0.6037362
42.107930 7.8400626 -0.4511054 3.4850416 0.0211438 0.7935121 -0.0005026 0.6081868
42.420400 7.9013572 -0.4546342 3.4695427 0.0186306 0.7889138 0.0037190 0.6142101
42.732820 7.9566112 -0.4567740 3.4574904 0.0172142 0.7803261 0.0060092 0.6251070
43.044930 8.0076561 -0.4590158 3.4491014 0.0185616 0.7645769 0.0027826 0.6442592
43.252900 8.0410748 -0.4600312 3.4457216 0.0202542 0.7484438 0.0013374 0.6628876
43.460950 8.0741749 -0.4613976 3.4452472 0.0160908 0.7282923 -0.0002698 0.6850775
43.668930 8.1063519 -0.4626768 3.4470654 0.0113792 0.7061549 -0.0029863 0.7079596
43.877060 8.1388187 -0.4638588 3.4506934 0.0061079 0.6836841 -0.0029053 0.7297468
44.085170 8.1701279 -0.4649591 3.4563055 0.0040925 0.6596531 -0.0015176 0.7515575
44.293150 8.2009783 -0.4659361 3.4641941 0.0037998 0.6326855 -0.0021479 0.7743965
44.501140 8.2318773 -0.4667105 3.4742880 0.0060465 0.6017374 -0.0035429 0.7986632
44.709450 8.2626982 -0.4678642 3.4881775 0.0053759 0.5663605 -0.0070925 0.8241096
44.917460 8.2929535 -0.4689985 3.5058675 0.0060902 0.5267948 -0.0123471 0.8498810
45.125340 8.3235569 -0.4703036 3.5269217 0.0103796 0.4848678 -0.0108363 0.8744587
45.541680 8.3846416 -0.4729213 3.5844715 0.0073461 0.3964779 -0.0130885 0.9179215
45.749840 8.4140682 -0.4746879 3.6202278 0.0070049 0.3518613 -0.0126051 0.9359410
45.958150 8.4427080 -0.4762830 3.6611066 0.0068373 0.3091782 -0.0110096 0.9509158
46.167710 8.4705830 -0.4775758 3.7081063 0.0056407 0.2712950 -0.0114180 0.9624120
46.375430 8.4971304 -0.4790413 3.7601938 0.0033004 0.2400352 -0.0109432 0.9706969
46.584500 8.5232162 -0.4799994 3.8169563 -0.0000178 0.2161855 -0.0103077 0.9762979
46.793320 8.5491562 -0.4808326 3.8781865 -0.0002102 0.1976601 -0.0066647 0.9802479
47.002150 8.5741663 -0.4814160 3.9434597 0.0001576 0.1799708 -0.0031037 0.9836671
47.210900 8.5974836 -0.4825247 4.0127831 0.0005019 0.1628223 -0.0030777 0.9866505
47.419800 8.6197386 -0.4832044 4.0858631 -0.0005521 0.1512500 -0.0051248 0.9884821
47.628840 8.6422024 -0.4841970 4.1610527 -0.0020020 0.1483865 -0.0076410 0.9888979
47.837650 8.6657372 -0.4850765 4.2382498 -0.0016867 0.1480057 -0.0055756 0.9889693
47.942180 8.6778030 -0.4855314 4.2779818 -0.0005575 0.1480388 -0.0044065 0.9889716
48.150840 8.7021837 -0.4867116 4.3590641 -0.0002317 0.1484085 -0.0041141 0.9889176
48.255170 8.7149305 -0.4871986 4.4004378 -0.0008882 0.1487723 -0.0039344 0.9888632
48.463660 8.7404938 -0.4883000 4.4843407 -0.0026134 0.1497831 -0.0022146 0.9887130
48.672200 8.7665462 -0.4894817 4.5689793 -0.0021232 0.1502885 -0.0014094 0.9886389
48.880720 8.7928839 -0.4904614 4.6536808 -0.0040069 0.1505219 0.0005293 0.9885984
49.089180 8.8192806 -0.4910326 4.7388759 -0.0045341 0.1506206 0.0019946 0.9885792
49.407810 8.8586912 -0.4925305 4.8661385 -0.0023931 0.1500013 0.0032630 0.9886775
49.610180 8.8846569 -0.4938469 4.9508572 -0.0023390 0.1487612 0.0035354 0.9888641
49.818560 8.9100790 -0.4951690 5.0357661 -0.0031846 0.1476261 0.0031735 0.9890330
50.026950 8.9353819 -0.4961386 5.1208401 -0.0030983 0.1461852 0.0027562 0.9892486
50.235330 8.9606466 -0.4972113 5.2063484 -0.0036069 0.1446885 0.0033072 0.9894652
50.443670 8.9852457 -0.4981140 5.2904387 -0.0044295 0.1430793 0.0039150 0.9896936
50.756210 9.0215530 -0.4989704 5.4150095 -0.0038576 0.1399731 0.0049065 0.9901356
50.964550 9.0448265 -0.4996074 5.4965911 -0.0042338 0.1379778 0.0057390 0.9904097
51.172910 9.0664883 -0.5004321 5.5759621 -0.0075979 0.1356095 0.0057440 0.9907166
51.382890 9.0870237 -0.5012234 5.6520824 -0.0043502 0.1332940 0.0058154 0.9910499
51.589660 9.1061497 -0.5021101 5.7250161 -0.0022039 0.1308812 0.0046001 0.9913849
51.798030 9.1244555 -0.5031503 5.7952662 -0.0043890 0.1277448 0.0048247 0.9917856
52.006530 9.1404123 -0.5039998 5.8610706 -0.0070665 0.1234299 0.0047877 0.9923166
52.215240 9.1550150 -0.5049189 5.9223690 -0.0064939 0.1195585 0.0040301 0.9927977
52.423590 9.1684237 -0.5055999 5.9789691 -0.0045375 0.1171041 0.0022818 0.9931067
52.632080 9.1803703 -0.5066685 6.0313382 -0.0035152 0.1160396 0.0013484 0.9932374
52.840660 9.1916046 -0.5071847 6.0798120 -0.0008566 0.1151256 0.0013183 0.9933497
53.049160 9.2014427 -0.5081713 6.1249914 -0.0020553 0.1139511 0.0003102 0.9934842
53.257570 9.2112827 -0.5090643 6.1689844 -0.0015833 0.1102909 0.0014106 0.9938971
53.465960 9.2199583 -0.5098591 6.2121301 -0.0015279 0.1016206 0.0038011 0.9948148
53.674060 9.2264633 -0.5107337 6.2542701 -0.0007242 0.0852576 0.0042004 0.9963498
53.881970 9.2299643 -0.5111647 6.2949491 -0.0005937 0.0608878 0.0029172 0.9981402
54.089790 9.2307253 -0.5117601 6.3350444 -0.0024372 0.0289458 0.0026374 0.9995745
54.297670 9.2281084 -0.5121565 6.3740625 -0.0043916 -0.0088517 0.0005753 0.9999510
54.505550 9.2213440 -0.5128465 6.4114819 -0.0058592 -0.0517383 -0.0043186 0.9986342
54.713450 9.2108440 -0.5127154 6.4482622 -0.0080317 -0.0984614 -0.0082722 0.9950741
54.921310 9.1971607 -0.5130442 6.4829769 -0.0121487 -0.1495049 -0.0096173 0.9886396
55.129370 9.1801348 -0.5129570 6.5157790 -0.0164972 -0.2033842 -0.0105650 0.9789030
55.337310 9.1596165 -0.5122349 6.5459027 -0.0177998 -0.2596101 -0.0130344 0.9654615
55.545500 9.1353760 -0.5107280 6.5732613 -0.0175173 -0.3157608 -0.0151944 0.9485554
55.753570 9.1085253 -0.5094045 6.5977931 -0.0206770 -0.3717603 -0.0130633 0.9280065
55.857760 9.0938368 -0.5087982 6.6087112 -0.0221993 -0.3987633 -0.0126169 0.9166983
55.961860 9.0787640 -0.5081852 6.6185703 -0.0234626 -0.4255129 -0.0126550 0.9045597
56.066000 9.0628119 -0.5075492 6.6278067 -0.0252846 -0.4518702 -0.0123847 0.8916393
56.170220 9.0463428 -0.5068460 6.6357937 -0.0255826 -0.4773456 -0.0136969 0.8782364
56.274310 9.0296421 -0.5061707 6.6421862 -0.0242973 -0.5016536 -0.0155071 0.8645883
56.378550 9.0124407 -0.5054473 6.6479445 -0.0222347 -0.5258486 -0.0174681 0.8501081
56.482840 8.9950800 -0.5047129 6.6528873 -0.0210004 -0.5489579 -0.0177044 0.8353986
56.587120 8.9771194 -0.5039552 6.6574001 -0.0201803 -0.5706570 -0.0177471 0.8207487
56.691300 8.9587784 -0.5032777 6.6609974 -0.0188340 -0.5905274 -0.0180666 0.8065955
56.795690 8.9401340 -0.5025982 6.6639118 -0.0171905 -0.6082875 -0.0189076 0.7933053
56.900200 8.9211750 -0.5018899 6.6665072 -0.0156550 -0.6241059 -0.0196025 0.7809369
57.109200 8.8823786 -0.4999592 6.6717129 -0.0187562 -0.6493028 -0.0147594 0.7601553
57.422830 8.8180046 -0.4972874 6.6753030 -0.0194645 -0.6743014 -0.0185295 0.7379671
57.631790 8.7706566 -0.4956968 6.6767640 -0.0194334 -0.6846893 -0.0198568 0.7283053
57.840730 8.7206078 -0.4936265 6.6784987 -0.0188429 -0.6966895 -0.0135146 0.7169979
58.049450 8.6653738 -0.4911466 6.6777411 -0.0206122 -0.7087509 -0.0110046 0.7050718
58.258220 8.6051674 -0.4891038 6.6740561 -0.0191046 -0.7188441 -0.0164997 0.6947129
58.467090 8.5413704 -0.4864080 6.6696086 -0.0178805 -0.7256133 -0.0183934 0.6876245
58.676060 8.4732971 -0.4834326 6.6645851 -0.0172454 -0.7284960 -0.0199820 0.6845415
58.884940 8.4014997 -0.4802856 6.6587405 -0.0144106 -0.7295631 -0.0224292 0.6833937
59.093910 8.3257084 -0.4767988 6.6529751 -0.0100864 -0.7269030 -0.0258719 0.6861785
59.302920 8.2463751 -0.4733452 6.6494021 -0.0078702 -0.7207915 -0.0286070 0.6925167
59.512300 8.1635866 -0.4697879 6.6470494 -0.0060652 -0.7139568 -0.0299859 0.6995211
59.720720 8.0777683 -0.4663638 6.6460490 -0.0041238 -0.7068091 -0.0314105 0.7066946
59.929310 7.9880204 -0.4626015 6.6477580 -0.0035309 -0.6993829 -0.0330906 0.7139721
60.137820 7.8957005 -0.4585197 6.6508822 -0.0040534 -0.6920541 -0.0351540 0.7209778
60.346310 7.8030767 -0.4548259 6.6556759 -0.0046839 -0.6858003 -0.0364122 0.7268633
60.554790 7.7109079 -0.4513356 6.6614919 -0.0053694 -0.6807475 -0.0362203 0.7316024
60.763240 7.6187706 -0.4473079 6.6684151 -0.0057588 -0.6783752 -0.0346699 0.7338746
60.971470 7.5270319 -0.4438084 6.6755133 -0.0054413 -0.6775384 -0.0347474 0.7346460
61.179820 7.4337578 -0.4401705 6.6828871 -0.0045547 -0.6766859 -0.0348798 0.7354310
61.388180 7.3405271 -0.4368527 6.6901126 -0.0044848 -0.6760648 -0.0353516 0.7359800
61.596570 7.2476225 -0.4333724 6.6977673 -0.0038984 -0.6761976 -0.0360035 0.7358297
61.805110 7.1548905 -0.4301142 6.7047696 -0.0036795 -0.6765299 -0.0345683 0.7355942
61.909070 7.1086640 -0.4284178 6.7083664 -0.0026499 -0.6769691 -0.0345521 0.7351952
62.013230 7.0623331 -0.4266621 6.7117982 -0.0027921 -0.6770773 -0.0354706 0.7350513
62.221590 6.9708056 -0.4232337 6.7183566 -0.0050864 -0.6774860 -0.0373007 0.7345716
62.325700 6.9248600 -0.4217535 6.7219462 -0.0047007 -0.6776199 -0.0375848 0.7344362
62.534220 6.8332076 -0.4176740 6.7286224 -0.0035858 -0.6776916 -0.0374511 0.7343832
62.742660 6.7426786 -0.4139829 6.7356758 -0.0038431 -0.6766818 -0.0381137 0.7352785
62.951190 6.6535406 -0.4107011 6.7431741 -0.0036546 -0.6754555 -0.0383718 0.7363927
63.159760 6.5654821 -0.4074748 6.7497358 -0.0033355 -0.6745584 -0.0374025 0.7372658
63.368170 6.4773097 -0.4036573 6.7568836 -0.0026923 -0.6740885 -0.0373556 0.7377005
63.576570 6.3902011 -0.4005681 6.7644033 -0.0029832 -0.6735544 -0.0374741 0.7381811
63.785050 6.3030806 -0.3976717 6.7727132 -0.0038211 -0.6731874 -0.0379121 0.7384895
63.993600 6.2163429 -0.3941496 6.7796187 -0.0032845 -0.6728118 -0.0366834 0.7388964
64.202080 6.1301355 -0.3913103 6.7876439 -0.0023094 -0.6726399 -0.0353864 0.7391197
64.410540 6.0425243 -0.3879865 6.7960496 -0.0023011 -0.6720839 -0.0355704 0.7396166
64.723370 5.9104071 -0.3833538 6.8084559 -0.0029261 -0.6709936 -0.0356090 0.7406018
64.931710 5.8212538 -0.3799564 6.8173470 -0.0067817 -0.6699983 -0.0343223 0.7415378
65.140170 5.7316203 -0.3764242 6.8260484 -0.0046892 -0.6694776 -0.0340160 0.7420382
65.349010 5.6410260 -0.3727521 6.8352795 -0.0029849 -0.6693025 -0.0322256 0.7422848
65.557260 5.5503020 -0.3701093 6.8439851 -0.0031520 -0.6702471 -0.0332211 0.7413874
65.765550 5.4591360 -0.3665657 6.8522067 -0.0043499 -0.6727372 -0.0321739 0.7391689
65.973960 5.3667717 -0.3633850 6.8597088 -0.0044288 -0.6763821 -0.0324384 0.7358229
66.182330 5.2738447 -0.3600787 6.8661914 -0.0049853 -0.6801835 -0.0336555 0.7322519
66.390840 5.1805668 -0.3568926 6.8712254 -0.0033103 -0.6827702 -0.0338352 0.7298418
66.599380 5.0863571 -0.3536677 6.8766341 -0.0004748 -0.6837223 -0.0321308 0.7290344
66.807680 4.9922862 -0.3505498 6.8823061 -0.0027558 -0.6843650 -0.0298173 0.7285244
67.017940 4.8985114 -0.3474753 6.8879652 -0.0060146 -0.6849520 -0.0305104 0.7279242
67.224690 4.8043585 -0.3443466 6.8926816 -0.0078414 -0.6853197 -0.0319617 0.7274984
67.433190 4.7119937 -0.3404747 6.8969178 -0.0074150 -0.6854970 -0.0333610 0.7272729
67.641720 4.6186543 -0.3364055 6.9025812 -0.0061916 -0.6859920 -0.0334275 0.7268144
67.850040 4.5262961 -0.3336229 6.9072084 -0.0049675 -0.6863335 -0.0331870 0.7265124
68.058600 4.4348893 -0.3305324 6.9116421 -0.0044701 -0.6865607 -0.0330462 0.7263073
68.266970 4.3432016 -0.3272283 6.9161353 -0.0039531 -0.6865836 -0.0333675 0.7262740
68.475450 4.2522383 -0.3241640 6.9210334 -0.0038015 -0.6864060 -0.0330952 0.7264552
68.683820 4.1609774 -0.3213092 6.9261060 -0.0042336 -0.6864120 -0.0337912 0.7264151
68.892240 4.0699048 -0.3180206 6.9303565 -0.0036071 -0.6861966 -0.0338974 0.7266170
69.100450 3.9786940 -0.3149523 6.9352460 -0.0033092 -0.6861715 -0.0341261 0.7266313
69.308840 3.8878407 -0.3118170 6.9400640 -0.0049445 -0.6862131 -0.0354531 0.7265192
69.517240 3.7976303 -0.3084226 6.9447155 -0.0040947 -0.6865416 -0.0352742 0.7262228
69.725600 3.7073028 -0.3052186 6.9493361 -0.0039222 -0.6868932 -0.0367914 0.7258160
69.933920 3.6179638 -0.3017066 6.9533176 -0.0008173 -0.6872678 -0.0371560 0.7254528
70.142350 3.5290978 -0.2986249 6.9569592 0.0039808 -0.6861492 -0.0374508 0.7264853
70.350780 3.4400697 -0.2958993 6.9618816 0.0021547 -0.6844512 -0.0387566 0.7280246
70.559170 3.3513656 -0.2929966 6.9672675 0.0001195 -0.6828359 -0.0391671 0.7295212
70.767540 3.2624109 -0.2894973 6.9735150 -0.0009177 -0.6812264 -0.0392279 0.7310205
70.976260 3.1742775 -0.2862851 6.9796052 -0.0002561 -0.6797124 -0.0398025 0.7323979
71.288550 3.0415840 -0.2818994 6.9893126 0.0031651 -0.6782764 -0.0368071 0.7338776
71.496920 2.9522791 -0.2793124 6.9955878 0.0022484 -0.6778869 -0.0373566 0.7342131
71.705330 2.8625824 -0.2764867 7.0026898 -0.0003763 -0.6779228 -0.0362628 0.7342380
71.913580 2.7736156 -0.2729948 7.0090556 -0.0008467 -0.6785908 -0.0357453 0.7336457
72.121920 2.6838310 -0.2695263 7.0157008 -0.0040165 -0.6791313 -0.0384089 0.7330002
72.330290 2.5948954 -0.2663001 7.0216002 -0.0026453 -0.6786340 -0.0370538 0.7335366
72.538690 2.5058632 -0.2631457 7.0283675 0.0000828 -0.6783535 -0.0322704 0.7340267
72.747080 2.4160559 -0.2603122 7.0351162 -0.0031741 -0.6781955 -0.0341010 0.7340831
73.059560 2.2816665 -0.2554443 7.0450330 -0.0041043 -0.6796656 -0.0344395 0.7327017
73.372080 2.1466744 -0.2504075 7.0538092 -0.0065305 -0.6829013 -0.0327044 0.7297490
73.580420 2.0572681 -0.2471817 7.0589490 -0.0060642 -0.6850606 -0.0319421 0.7277602
73.788870 1.9675391 -0.2440400 7.0634875 -0.0054610 -0.6866754 -0.0321204 0.7262337
73.997240 1.8771232 -0.2408204 7.0679383 -0.0056533 -0.6881227 -0.0329011 0.7248260
74.205580 1.7871780 -0.2372333 7.0719528 -0.0052108 -0.6888503 -0.0343513 0.7240705
74.414060 1.6974101 -0.2340295 7.0758638 -0.0045010 -0.6890356 -0.0340135 0.7239149
74.622500 1.6079383 -0.2306680 7.0797935 -0.0046001 -0.6894490 -0.0331931 0.7235587
74.830870 1.5186512 -0.2277308 7.0836444 -0.0055522 -0.6903259 -0.0338628 0.7226843
75.039180 1.4302514 -0.2244726 7.0872736 -0.0060798 -0.6913646 -0.0329455 0.7217288
75.247560 1.3416035 -0.2211619 7.0903358 -0.0059926 -0.6924941 -0.0326960 0.7206573
75.456060 1.2540468 -0.2184137 7.0930519 -0.0050097 -0.6940384 -0.0305394 0.7192725
75.664210 1.1677537 -0.2161596 7.0955186 -0.0034290 -0.6959165 -0.0273070 0.7175952
75.872440 1.0816630 -0.2136008 7.0980511 -0.0059711 -0.6975716 -0.0277490 0.7159527
76.185000 0.9531722 -0.2096185 7.0998430 -0.0067165 -0.6985291 -0.0293359 0.7149486
76.393300 0.8688381 -0.2069354 7.1013603 -0.0064404 -0.6983929 -0.0305441 0.7150335
76.601900 0.7846531 -0.2040633 7.1025524 -0.0069501 -0.6982523 -0.0326131 0.7150747
76.810120 0.7013350 -0.2010314 7.1039448 -0.0062180 -0.6984820 -0.0321959 0.7148759
76.914470 0.6605739 -0.1994371 7.1045222 -0.0061773 -0.6990071 -0.0323758 0.7143548
77.122590 0.5795020 -0.1965169 7.1053996 -0.0061845 -0.7001721 -0.0336696 0.7131529
77.330800 0.5007579 -0.1937480 7.1060133 -0.0056414 -0.7015437 -0.0345028 0.7117683
77.539210 0.4222845 -0.1909605 7.1062469 -0.0052246 -0.7032130 -0.0342275 0.7101357
77.747630 0.3455315 -0.1881568 7.1064272 -0.0049325 -0.7045364 -0.0340759 0.7088321
77.955810 0.2704227 -0.1855232 7.1062889 -0.0049685 -0.7055894 -0.0342976 0.7077730
78.164320 0.1974050 -0.1828793 7.1060362 -0.0048995 -0.7064446 -0.0355377 0.7068586
78.268580 0.1616381 -0.1817026 7.1060224 -0.0044578 -0.7064463 -0.0361200 0.7068303
78.477150 0.0929493 -0.1794073 7.1058831 -0.0028350 -0.7049986 -0.0366097 0.7082574
78.581420 0.0591607 -0.1782091 7.1061945 -0.0026052 -0.7039884 -0.0358654 0.7093005
78.685710 0.0258364 -0.1772323 7.1061783 -0.0020368 -0.7030873 -0.0359310 0.7101922
78.789980 -0.0068262 -0.1758958 7.1065316 -0.0019900 -0.7020825 -0.0355748 0.7112036
78.894170 -0.0395269 -0.1748541 7.1069307 -0.0019931 -0.7011315 -0.0350077 0.7121693
79.102740 -0.1041177 -0.1729009 7.1079283 -0.0019164 -0.6992760 -0.0338380 0.7140479
79.311290 -0.1669628 -0.1711161 7.1089978 -0.0029520 -0.6976977 -0.0338443 0.7155863
79.521320 -0.2290310 -0.1689948 7.1106210 -0.0036551 -0.6968070 -0.0341072 0.7164380
79.728360 -0.2901778 -0.1669035 7.1123137 -0.0037359 -0.6959124 -0.0334987 0.7173352
79.832620 -0.3196021 -0.1659548 7.1130357 -0.0037672 -0.6954236 -0.0335118 0.7178083
80.041060 -0.3772209 -0.1641164 7.1145830 -0.0049618 -0.6941617 -0.0340977 0.7189939
80.249580 -0.4325806 -0.1622803 7.1166987 -0.0060150 -0.6924522 -0.0338882 0.7206423
80.458240 -0.4850127 -0.1603994 7.1187544 -0.0059569 -0.6902155 -0.0339883 0.7227806
80.666690 -0.5345057 -0.1586996 7.1216631 -0.0074713 -0.6877298 -0.0328462 0.7251849
80.979570 -0.6036671 -0.1565945 7.1260405 -0.0084372 -0.6823164 -0.0336481 0.7302335
81.396840 -0.6881405 -0.1538593 7.1343546 -0.0076752 -0.6693785 -0.0305832 0.7422521
81.605650 -0.7270928 -0.1526390 7.1399159 -0.0067164 -0.6603131 -0.0292560 0.7503903
82.231550 -0.8289487 -0.1502640 7.1614161 -0.0081962 -0.6224185 -0.0252678 0.7822337
82.649060 -0.8855953 -0.1494073 7.1814175 -0.0072773 -0.5849581 -0.0183659 0.8108228
83.275720 -0.9605041 -0.1484447 7.2225304 -0.0120545 -0.5050369 -0.0174997 0.8628361
83.693230 -1.0056384 -0.1476279 7.2585258 -0.0010341 -0.4353382 -0.0144143 0.9001510
83.901950 -1.0265822 -0.1468823 7.2816954 0.0005305 -0.3973884 -0.0111618 0.9175825
84.110770 -1.0468309 -0.1469510 7.3076773 -0.0018583 -0.3565908 -0.0084706 0.9342204
84.319310 -1.0663612 -0.1471788 7.3368945 -0.0018030 -0.3144349 -0.0087550 0.9492369
84.527960 -1.0838091 -0.1475850 7.3693609 -0.0007671 -0.2720796 -0.0077549 0.9622432
84.737260 -1.1005383 -0.1480569 7.4054480 0.0034452 -0.2306625 -0.0084457 0.9729910
84.944930 -1.1161197 -0.1482216 7.4465728 0.0047924 -0.1895180 -0.0117331 0.9817954
85.154250 -1.1288551 -0.1492173 7.4917154 0.0041696 -0.1467258 -0.0121621 0.9890937
85.361980 -1.1393043 -0.1500752 7.5421782 0.0059248 -0.1060329 -0.0133514 0.9942554
85.570070 -1.1465504 -0.1508338 7.5965581 0.0089534 -0.0713752 -0.0122419 0.9973342
85.778090 -1.1513183 -0.1527717 7.6545162 0.0091271 -0.0448730 -0.0099195 0.9989018
85.985830 -1.1542497 -0.1545565 7.7160568 0.0094340 -0.0295674 -0.0062767 0.9994985
86.193550 -1.1566389 -0.1561642 7.7813091 0.0089306 -0.0192677 -0.0038096 0.9997672
86.401450 -1.1583780 -0.1582726 7.8494182 0.0079500 -0.0148375 -0.0012302 0.9998575
86.608970 -1.1602482 -0.1599126 7.9198589 0.0080747 -0.0150846 0.0015040 0.9998525
86.816720 -1.1631044 -0.1618541 7.9934731 0.0071104 -0.0176495 0.0008427 0.9998186
87.024550 -1.1666116 -0.1639861 8.0686407 0.0089285 -0.0207511 0.0027918 0.9997409
87.232860 -1.1708779 -0.1663443 8.1450453 0.0103298 -0.0229075 0.0014337 0.9996832
87.440900 -1.1749948 -0.1692182 8.2229738 0.0057183 -0.0240989 0.0011591 0.9996926
87.648940 -1.1793511 -0.1712360 8.3003874 0.0046698 -0.0250497 -0.0005764 0.9996752
87.857180 -1.1840085 -0.1731275 8.3783484 0.0068631 -0.0259569 -0.0028019 0.9996356
88.065680 -1.1888670 -0.1753533 8.4570770 0.0056250 -0.0265393 -0.0033951 0.9996262
88.273850 -1.1937282 -0.1775767 8.5363846 0.0045595 -0.0275616 -0.0031983 0.9996046
88.482060 -1.1985452 -0.1796834 8.6152935 0.0032973 -0.0295140 -0.0017408 0.9995574
88.690450 -1.2038076 -0.1814878 8.6940603 0.0013875 -0.0312332 -0.0017175 0.9995097
88.898830 -1.2091359 -0.1831551 8.7716227 0.0008753 -0.0332964 -0.0012301 0.9994444
89.107430 -1.2145307 -0.1844485 8.8495064 0.0008611 -0.0352739 -0.0014442 0.9993762
89.315720 -1.2206426 -0.1864385 8.9252691 0.0032946 -0.0365591 -0.0007474 0.9993258
89.524190 -1.2265723 -0.1882230 9.0003309 0.0031156 -0.0367055 -0.0021866 0.9993189
89.732690 -1.2318852 -0.1897215 9.0732098 0.0010800 -0.0363700 -0.0024250 0.9993349
89.941180 -1.2375381 -0.1915701 9.1428337 0.0017618 -0.0359432 -0.0028618 0.9993482
90.253860 -1.2452694 -0.1935667 9.2413187 0.0026640 -0.0377999 -0.0037513 0.9992747
90.566320 -1.2528018 -0.1953525 9.3318157 0.0011598 -0.0420595 -0.0038656 0.9991069
90.774680 -1.2574987 -0.1963466 9.3873377 0.0022503 -0.0452094 -0.0035337 0.9989687
91.087510 -1.2645319 -0.1981188 9.4623489 0.0025657 -0.0487057 -0.0037355 0.9988029
91.400350 -1.2698590 -0.1995114 9.5292320 0.0028290 -0.0432898 -0.0049435 0.9990463
91.713820 -1.2730142 -0.2012641 9.5924816 0.0039304 -0.0247546 -0.0069606 0.9996616
91.922450 -1.2725592 -0.2025087 9.6342506 0.0042053 -0.0056124 -0.0060502 0.9999571
92.131240 -1.2696612 -0.2039720 9.6743116 0.0083620 0.0183884 -0.0070126 0.9997714
92.340330 -1.2639887 -0.2050804 9.7135744 0.0113213 0.0494177 -0.0070680 0.9986890
92.549480 -1.2543991 -0.2058447 9.7506962 0.0121328 0.0846140 -0.0030604 0.9963352
92.758490 -1.2430749 -0.2074480 9.7856255 0.0120746 0.1234141 0.0040558 0.9922735
92.968320 -1.2294054 -0.2098410 9.8196840 0.0099247 0.1642588 0.0099158 0.9863175
93.176360 -1.2135220 -0.2117391 9.8522139 0.0109906 0.2079616 0.0079669 0.9780428
93.489710 -1.1834068 -0.2134802 9.8966808 0.0189075 0.2755867 0.0075231 0.9610608
93.802820 -1.1460543 -0.2152873 9.9387627 0.0225572 0.3455888 0.0051069 0.9381010
94.011550 -1.1181698 -0.2177853 9.9660683 0.0161445 0.3922233 -0.0057589 0.9197103
94.220100 -1.0852294 -0.2198395 9.9886026 0.0203457 0.4388062 -0.0012095 0.8983505
94.428710 -1.0487306 -0.2210973 10.0093250 0.0232664 0.4857698 -0.0028658 0.8737724
94.533080 -1.0291450 -0.2220422 10.0197010 0.0207243 0.5086623 -0.0080683 0.8606789
94.741610 -0.9865136 -0.2250656 10.0377455 0.0135047 0.5517924 -0.0107160 0.8338033
94.949970 -0.9402425 -0.2272960 10.0510302 0.0161590 0.5881302 -0.0082121 0.8085632
95.158090 -0.8901174 -0.2292594 10.0620012 0.0197802 0.6170361 -0.0077073 0.7866485
95.365960 -0.8360972 -0.2314700 10.0717258 0.0179434 0.6391871 -0.0049976 0.7688257
95.573810 -0.7790864 -0.2340641 10.0793552 0.0145847 0.6592748 -0.0054189 0.7517411
95.781890 -0.7187278 -0.2365117 10.0843334 0.0159525 0.6759448 -0.0069818 0.7367465
95.989690 -0.6547219 -0.2386373 10.0868435 0.0177199 0.6896722 -0.0039110 0.7238943
96.093730 -0.6211169 -0.2399514 10.0879974 0.0154717 0.6955391 -0.0030743 0.7183151
96.301480 -0.5519781 -0.2427255 10.0885277 0.0140593 0.7042339 -0.0016459 0.7098269
96.509210 -0.4804089 -0.2445569 10.0873060 0.0192451 0.7080922 0.0007031 0.7058574
96.717080 -0.4049519 -0.2472522 10.0874176 0.0166165 0.7102807 0.0016401 0.7037205
96.924880 -0.3275444 -0.2497143 10.0868568 0.0159978 0.7111354 0.0011119 0.7028721
97.132730 -0.2479854 -0.2517452 10.0857611 0.0161570 0.7118022 0.0040619 0.7021824
97.340580 -0.1684983 -0.2543744 10.0851278 0.0155261 0.7100456 0.0061822 0.7039573
97.548460 -0.0890208 -0.2567771 10.0849171 0.0174300 0.7075568 0.0057078 0.7064183
97.756480 -0.0091707 -0.2589886 10.0858030 0.0165856 0.7051844 0.0061824 0.7088030
97.964520 0.0700328 -0.2617300 10.0868053 0.0176228 0.7029635 0.0051125 0.7109892
98.173950 0.1506648 -0.2641726 10.0886106 0.0167982 0.7012979 0.0035887 0.7126613
98.380720 0.2321583 -0.2670529 10.0913954 0.0125657 0.7001048 0.0026553 0.7139245
98.588990 0.3139372 -0.2695501 10.0938950 0.0123959 0.6989980 -0.0002686 0.7150161
98.797260 0.3954496 -0.2722275 10.0962458 0.0120459 0.6985582 -0.0007117 0.7154515
99.005460 0.4773901 -0.2752770 10.0986261 0.0110576 0.6988958 0.0004400 0.7151378
99.213720 0.5589410 -0.2781666 10.1003923 0.0115042 0.6991141 0.0009133 0.7149170
99.422060 0.6406406 -0.2805918 10.1030607 0.0102866 0.6999172 -0.0000231 0.7141499
99.630630 0.7214893 -0.2830342 10.1049967 0.0082681 0.7013862 -0.0018193 0.7127312
99.838860 0.8019871 -0.2857258 10.1064939 0.0060938 0.7028399 -0.0019775 0.7113192
100.047200 0.8817567 -0.2879020 10.1081152 0.0020332 0.7042499 -0.0007569 0.7099489
100.359800 0.9992192 -0.2909572 10.1091900 0.0055254 0.7047929 -0.0020237 0.7093888
100.568000 1.0768843 -0.2931697 10.1100101 0.0073650 0.7047644 -0.0027382 0.7093979
100.776300 1.1537293 -0.2958730 10.1105585 0.0065388 0.7052634 -0.0034237 0.7089069
100.985100 1.2306778 -0.2979102 10.1116085 0.0047510 0.7064351 -0.0027943 0.7077563
101.193100 1.3064969 -0.3003870 10.1119499 0.0029155 0.7075840 -0.0024725 0.7066189
101.401500 1.3817770 -0.3024719 10.1122417 0.0044085 0.7079372 -0.0034583 0.7062532
101.609900 1.4565533 -0.3044237 10.1124916 0.0045741 0.7076678 -0.0024501 0.7065263
101.818100 1.5309453 -0.3065385 10.1132631 0.0018532 0.7071658 -0.0026328 0.7070404
102.026500 1.6042188 -0.3082722 10.1139660 0.0019572 0.7068708 -0.0021656 0.7073367
102.234900 1.6767609 -0.3101050 10.1145735 0.0030204 0.7068857 -0.0055799 0.7072994
102.444200 1.7493818 -0.3121004 10.1145401 0.0030377 0.7069119 -0.0019288 0.7072924
102.651500 1.8205013 -0.3146199 10.1156435 0.0046288 0.7075860 -0.0065455 0.7065818
102.859900 1.8899218 -0.3170721 10.1151896 0.0146238 0.7065616 -0.0097686 0.7074330
103.068200 1.9601657 -0.3202201 10.1158009 0.0098660 0.7058259 -0.0062833 0.7082888
103.276500 2.0292041 -0.3229588 10.1164894 0.0077584 0.7042086 -0.0037220 0.7099410
103.484800 2.0973537 -0.3253733 10.1180363 0.0051556 0.7035825 -0.0051916 0.7105759
103.693400 2.1656156 -0.3276824 10.1197491 0.0034082 0.7038175 -0.0081292 0.7103261
103.901800 2.2329485 -0.3300904 10.1205482 0.0025143 0.7048198 -0.0092306 0.7093219
104.110100 2.2991178 -0.3324125 10.1216335 0.0021456 0.7059386 -0.0078815 0.7082259
104.318500 2.3639920 -0.3346168 10.1218100 0.0024375 0.7066323 -0.0068152 0.7075440
104.526700 2.4274199 -0.3366309 10.1225357 0.0015438 0.7060268 -0.0080041 0.7081382
104.735000 2.4900231 -0.3386772 10.1235237 0.0024932 0.7054484 -0.0106026 0.7086776
104.943400 2.5518909 -0.3411090 10.1238565 0.0038403 0.7050864 -0.0107591 0.7090294
105.151800 2.6138971 -0.3433731 10.1252766 0.0015010 0.7050569 -0.0111355 0.7090617
105.360200 2.6750038 -0.3456004 10.1257505 0.0015838 0.7052630 -0.0096158 0.7088788
105.568600 2.7353466 -0.3477639 10.1259098 0.0019162 0.7071688 -0.0091636 0.7069827
105.777200 2.7959495 -0.3499360 10.1263361 0.0000353 0.7089988 -0.0094076 0.7051469
105.985600 2.8560257 -0.3519128 10.1256142 0.0039799 0.7120160 -0.0098687 0.7020826
106.194200 2.9180913 -0.3540758 10.1243401 0.0044100 0.7164442 -0.0126639 0.6975155
106.402800 2.9813366 -0.3565511 10.1221905 0.0039099 0.7200921 -0.0116939 0.6937689
106.611300 3.0470324 -0.3587303 10.1193380 0.0054300 0.7243345 -0.0113973 0.6893332
106.819700 3.1141505 -0.3611524 10.1162930 0.0025657 0.7287114 -0.0111561 0.6847253
107.028200 3.1825919 -0.3635691 10.1110697 0.0037332 0.7321930 -0.0084815 0.6810341
107.236600 3.2529263 -0.3656896 10.1052637 0.0068965 0.7358497 -0.0102269 0.6770325
107.445000 3.3262599 -0.3679444 10.0984411 0.0088271 0.7387670 -0.0085614 0.6738487
107.653400 3.4020243 -0.3706440 10.0908728 0.0079017 0.7411849 -0.0049543 0.6712361
107.757500 3.4411335 -0.3719481 10.0869074 0.0077935 0.7418087 -0.0029305 0.6705598
107.965800 3.5208197 -0.3737327 10.0793238 0.0084795 0.7425982 -0.0013173 0.6696821
108.174000 3.6029165 -0.3759179 10.0709200 0.0121378 0.7422659 -0.0010942 0.6699946
108.382200 3.6880021 -0.3783840 10.0623579 0.0151001 0.7413210 0.0014400 0.6709792
108.590400 3.7756097 -0.3810601 10.0538197 0.0173156 0.7387145 0.0047494 0.6737792
108.798500 3.8658316 -0.3833665 10.0465975 0.0175492 0.7354872 0.0070552 0.6772746
109.006700 3.9577467 -0.3859290 10.0401468 0.0182991 0.7322756 0.0058328 0.6807375
109.214800 4.0521445 -0.3884088 10.0344601 0.0181027 0.7287350 0.0070995 0.6845197
109.423000 4.1469193 -0.3917615 10.0295038 0.0190644 0.7259175 0.0047726 0.6875010
109.631400 4.2420940 -0.3951403 10.0255899 0.0226691 0.7248366 0.0008116 0.6885473
109.839600 4.3388848 -0.3991307 10.0207949 0.0203219 0.7238740 0.0051894 0.6896133
110.047800 4.4358058 -0.4023688 10.0163755 0.0192610 0.7231081 0.0092059 0.6904049
110.256100 4.5320277 -0.4053656 10.0124969 0.0185993 0.7226695 0.0091479 0.6908829
110.465500 4.6277938 -0.4083826 10.0086107 0.0206915 0.7219225 0.0066129 0.6916329
110.672600 4.7235212 -0.4117803 10.0055618 0.0198608 0.7212774 0.0076375 0.6923195
110.881000 4.8193460 -0.4151893 10.0026026 0.0209650 0.7199864 0.0049333 0.6936539
111.089200 4.9138770 -0.4184515 10.0001640 0.0201781 0.7182670 0.0057822 0.6954509
111.297500 5.0077581 -0.4219474 9.9983521 0.0175065 0.7164388 0.0074719 0.6973902
111.505700 5.1017570 -0.4251474 9.9966946 0.0170367 0.7148311 0.0059550 0.6990643
111.714100 5.1947904 -0.4283172 9.9959059 0.0123505 0.7136683 0.0042798 0.7003618
111.922300 5.2873588 -0.4310134 9.9953918 0.0108323 0.7135887 0.0012991 0.7004799
112.130600 5.3782177 -0.4344639 9.9940958 0.0127380 0.7137389 -0.0016790 0.7002940
112.338800 5.4688759 -0.4377706 9.9927759 0.0154693 0.7138032 -0.0021877 0.7001721
112.547100 5.5589576 -0.4414746 9.9919062 0.0113385 0.7147831 -0.0003564 0.6992542
112.755500 5.6476092 -0.4447785 9.9900360 0.0091578 0.7161705 -0.0014996 0.6978636
112.964100 5.7357626 -0.4472067 9.9881811 0.0081962 0.7187037 -0.0023602 0.6952642
113.172100 5.8221841 -0.4504080 9.9853582 0.0070173 0.7216980 -0.0027058 0.6921672
113.484600 5.9525471 -0.4547226 9.9798479 0.0082656 0.7262459 -0.0045208 0.6873704
113.692900 6.0394130 -0.4577940 9.9747591 0.0073261 0.7307702 -0.0046122 0.6825687
113.901400 6.1264300 -0.4603923 9.9680414 0.0061836 0.7365766 -0.0029537 0.6763194
114.109700 6.2126198 -0.4629563 9.9596252 0.0048261 0.7428101 -0.0018531 0.6694822
114.318100 6.2989984 -0.4648933 9.9493809 0.0048048 0.7488630 -0.0016260 0.6627054
114.526500 6.3845596 -0.4675284 9.9378338 0.0070194 0.7552130 -0.0010246 0.6554411
114.839100 6.5135136 -0.4707368 9.9166403 0.0091445 0.7656739 0.0013242 0.6431627
115.151800 6.6418991 -0.4743191 9.8910913 0.0143311 0.7736627 0.0045376 0.6334193
115.463800 6.7700529 -0.4780180 9.8633080 0.0205898 0.7758808 0.0083633 0.6304879
115.672000 6.8550663 -0.4803721 9.8457584 0.0250932 0.7739324 0.0098504 0.6326942
115.879800 6.9404278 -0.4831082 9.8292675 0.0266472 0.7698596 0.0158607 0.6374595
116.087800 7.0257583 -0.4853286 9.8136425 0.0269310 0.7660378 0.0202092 0.6419131
116.295900 7.1106710 -0.4874454 9.7992868 0.0309424 0.7623488 0.0177628 0.6461821
116.504000 7.1953979 -0.4904871 9.7864103 0.0323778 0.7585698 0.0162106 0.6505849
116.712100 7.2811894 -0.4933269 9.7747765 0.0291769 0.7540727 0.0180362 0.6558946
116.920200 7.3657117 -0.4958907 9.7641172 0.0292979 0.7500413 0.0182084 0.6604908
117.024500 7.4080672 -0.4972573 9.7591906 0.0295255 0.7488890 0.0165961 0.6618294
117.232900 7.4899721 -0.5003087 9.7493696 0.0315708 0.7480550 0.0158809 0.6626951
117.441200 7.5706997 -0.5028008 9.7397499 0.0290998 0.7475614 0.0203589 0.6632425
117.649600 7.6472912 -0.5054717 9.7306662 0.0269228 0.7470579 0.0229152 0.6638182
117.858100 7.7218413 -0.5073200 9.7217264 0.0310902 0.7466967 0.0200178 0.6641362
118.066500 7.7966595 -0.5093275 9.7134304 0.0315426 0.7467791 0.0175149 0.6640928
118.275000 7.8712921 -0.5117172 9.7046890 0.0310651 0.7474263 0.0195156 0.6633310
118.483500 7.9463048 -0.5137115 9.6960306 0.0291317 0.7485074 0.0241165 0.6620471
118.692000 8.0200624 -0.5154359 9.6865902 0.0310726 0.7492990 0.0259900 0.6609917
118.900700 8.0930405 -0.5176591 9.6775274 0.0361324 0.7490166 0.0218779 0.6612034
119.109400 8.1653852 -0.5198981 9.6688185 0.0362716 0.7472144 0.0224759 0.6632118
119.317100 8.2373009 -0.5220679 9.6612911 0.0330683 0.7442303 0.0242906 0.6666617
119.525400 8.3085079 -0.5241776 9.6545296 0.0318479 0.7415822 0.0230502 0.6697091
119.733800 8.3776855 -0.5263263 9.6478062 0.0341043 0.7391624 0.0221531 0.6722983
119.942000 8.4481955 -0.5284503 9.6421642 0.0318055 0.7376320 0.0237702 0.6740344
120.150300 8.5167751 -0.5302754 9.6357431 0.0302305 0.7363511 0.0249999 0.6754614
120.567200 8.6458235 -0.5343084 9.6260452 0.0290690 0.7363032 0.0174244 0.6758025
120.775700 8.7078657 -0.5360929 9.6212063 0.0259432 0.7364746 0.0200271 0.6756709
121.088200 8.7916269 -0.5388309 9.6144094 0.0242252 0.7367247 0.0184904 0.6755057
121.505100 8.8876696 -0.5419227 9.6071453 0.0267589 0.7357965 0.0154347 0.6764979
121.922200 8.9705505 -0.5454260 9.6001196 0.0277347 0.7376246 0.0117128 0.6745395
122.339400 9.0474596 -0.5484122 9.5921373 0.0288253 0.7442472 0.0116160 0.6671808
122.652800 9.0980377 -0.5504917 9.5854321 0.0286896 0.7490324 0.0141623 0.6617603
123.069400 9.1547213 -0.5527320 9.5772142 0.0308750 0.7542293 0.0124878 0.6557660
123.382300 9.1958094 -0.5541662 9.5703745 0.0309186 0.7592971 0.0146390 0.6498443
123.695100 9.2353001 -0.5556412 9.5631952 0.0300901 0.7650734 0.0136360 0.6430951
123.903600 9.2611179 -0.5565982 9.5578499 0.0310904 0.7704775 0.0124015 0.6365879
124.112400 9.2876081 -0.5574021 9.5515842 0.0313343 0.7783117 0.0106883 0.6270046
124.321000 9.3148251 -0.5584487 9.5445042 0.0311862 0.7878134 0.0090561 0.6150573
124.738300 9.3713274 -0.5603763 9.5264091 0.0289926 0.8089617 0.0068938 0.5871055
125.155700 9.4321766 -0.5626991 9.5010719 0.0266618 0.8362830 0.0027350 0.5476425
125.364500 9.4643841 -0.5636017 9.4844494 0.0244471 0.8520566 0.0013977 0.5228765
125.573000 9.4971752 -0.5648594 9.4644747 0.0238252 0.8685034 0.0032101 0.4950999
125.781800 9.5297194 -0.5659398 9.4407253 0.0222640 0.8849418 0.0045947 0.4651464
125.990400 9.5620146 -0.5662417 9.4133959 0.0225388 0.9010454 0.0050628 0.4331092
126.198900 9.5940237 -0.5671713 9.3823462 0.0212056 0.9166426 0.0070178 0.3990832
126.408300 9.6255541 -0.5674620 9.3476133 0.0191846 0.9311878 0.0071028 0.3639653
126.616000 9.6554136 -0.5678722 9.3089409 0.0189141 0.9444659 0.0073392 0.3279825
126.824500 9.6832237 -0.5682910 9.2668209 0.0199647 0.9559206 0.0070963 0.2928597
127.032900 9.7096834 -0.5685128 9.2197256 0.0201428 0.9655834 0.0075392 0.2592026
127.241400 9.7342062 -0.5686468 9.1695347 0.0174553 0.9744427 0.0086791 0.2237890
127.449800 9.7555990 -0.5685475 9.1150799 0.0188737 0.9821405 0.0140078 0.1866749
127.658400 9.7735510 -0.5682397 9.0572815 0.0167437 0.9886961 0.0174386 0.1479716
127.867100 9.7865334 -0.5671551 8.9970627 0.0188991 0.9937482 0.0173205 0.1086616
128.075400 9.7951221 -0.5657325 8.9338551 0.0225933 0.9972630 0.0159617 0.0685653
128.283700 9.7992935 -0.5646961 8.8694258 0.0233355 0.9991789 0.0110388 0.0312272
128.492100 9.7986250 -0.5636842 8.8029270 0.0262603 0.9996142 0.0090454 -0.0003534
128.700300 9.7948751 -0.5629310 8.7343502 0.0271996 0.9991723 0.0117015 -0.0278911
128.908300 9.7883596 -0.5619196 8.6645536 0.0268492 0.9982760 0.0131189 -0.0505179
129.116400 9.7786303 -0.5605118 8.5934315 0.0250384 0.9970986 0.0159343 -0.0700973
129.324500 9.7660828 -0.5582818 8.5200377 0.0233631 0.9954149 0.0210995 -0.0903229
129.532700 9.7503681 -0.5557802 8.4460440 0.0193877 0.9934945 0.0249044 -0.1094196
129.844800 9.7215881 -0.5518299 8.3342896 0.0167195 0.9910074 0.0177013 -0.1315731
130.156900 9.6877880 -0.5482530 8.2194977 0.0187541 0.9890043 0.0174100 -0.1456557
130.365000 9.6631689 -0.5465267 8.1417770 0.0231050 0.9880661 0.0164997 -0.1513909
130.573100 9.6384726 -0.5447128 8.0634594 0.0235334 0.9874727 0.0156232 -0.1552414
130.784300 9.6128340 -0.5427803 7.9851017 0.0253602 0.9871869 0.0149331 -0.1568308
130.989400 9.5868340 -0.5410140 7.9050221 0.0277939 0.9873907 0.0151407 -0.1551060
131.197300 9.5617752 -0.5392627 7.8254886 0.0309319 0.9879397 0.0155784 -0.1509159
131.405400 9.5384731 -0.5371946 7.7457380 0.0315942 0.9888073 0.0166355 -0.1448627
131.613500 9.5161867 -0.5356355 7.6661634 0.0318026 0.9897353 0.0169289 -0.1382971
131.821600 9.4951448 -0.5338218 7.5870848 0.0326795 0.9905794 0.0167326 -0.1319266
132.029800 9.4756126 -0.5321556 7.5093746 0.0320345 0.9913252 0.0177389 -0.1262280
132.238000 9.4569693 -0.5302823 7.4336581 0.0318929 0.9918735 0.0189209 -0.1217035
132.448000 9.4401283 -0.5288264 7.3619499 0.0304758 0.9921114 0.0191581 -0.1200793
132.654900 9.4239483 -0.5271186 7.2935944 0.0296075 0.9921679 0.0184523 -0.1199407
132.865500 9.4080057 -0.5257509 7.2287793 0.0292414 0.9920684 0.0188316 -0.1207915
133.072500 9.3925924 -0.5243044 7.1681466 0.0290480 0.9917296 0.0188229 -0.1235897
133.280500 9.3776436 -0.5229654 7.1106186 0.0283263 0.9911588 0.0186939 -0.1282670
133.593500 9.3543682 -0.5210245 7.0275822 0.0272330 0.9894548 0.0180808 -0.1411052
133.802200 9.3370581 -0.5197713 6.9740362 0.0265559 0.9871875 0.0185056 -0.1562469
134.011100 9.3176079 -0.5184001 6.9230938 0.0270466 0.9834971 0.0184748 -0.1779340
134.220100 9.2963638 -0.5173200 6.8758993 0.0255541 0.9780028 0.0183353 -0.2062068
134.429100 9.2718859 -0.5159208 6.8315411 0.0231337 0.9693527 0.0172481 -0.2439726
134.638300 9.2443218 -0.5146641 6.7911196 0.0232973 0.9576463 0.0147808 -0.2866224
134.847300 9.2134438 -0.5135030 6.7547131 0.0234654 0.9426994 0.0135067 -0.3325428
135.056400 9.1787033 -0.5122969 6.7216868 0.0219795 0.9240632 0.0156626 -0.3812856
135.265300 9.1415186 -0.5107133 6.6934056 0.0193153 0.9026473 0.0175777 -0.4295880
135.473900 9.1018276 -0.5091048 6.6705446 0.0200467 0.8789205 0.0181984 -0.4761993
135.578300 9.0805378 -0.5081618 6.6599512 0.0188315 0.8659707 0.0190377 -0.4993773
135.787000 9.0352688 -0.5062900 6.6411047 -0.0156673 -0.8388880 -0.0230783 0.5435888
135.891300 9.0118170 -0.5052711 6.6337075 -0.0152904 -0.8247628 -0.0233709 0.5647888
136.099700 8.9626436 -0.5035359 6.6215038 -0.0142551 -0.7964211 -0.0233621 0.6041229
136.204000 8.9371033 -0.5024817 6.6167974 -0.0138097 -0.7829914 -0.0247190 0.6213877
136.412100 8.8836365 -0.5004070 6.6097360 -0.0162947 -0.7590852 -0.0268930 0.6502314
136.620200 8.8272371 -0.4980289 6.6049118 -0.0164640 -0.7395061 -0.0291323 0.6723176
137.867500 8.4218273 -0.4800178 6.6116939 -0.0082592 -0.6843758 -0.0291364 0.7285002
138.283500 8.2626514 -0.4735876 6.6208873 -0.0060512 -0.6848252 -0.0316132 0.7279962
150.991800 2.3538725 -0.2586191 7.0540519 -0.0072942 -0.6818522 -0.0289963 0.7308786
153.699000 1.0153617 -0.2119589 7.1043959 -0.0089723 -0.6987981 -0.0271997 0.7147453
157.554600 -0.4187621 -0.1637696 7.1495724 -0.0141708 -0.6569133 -0.0247968 0.7534250
157.971200 -0.5267227 -0.1600157 7.1636329 -0.0186322 -0.6616436 -0.0215789 0.7492763
158.387700 -0.6220182 -0.1566902 7.1739655 -0.0222491 -0.6685647 -0.0201715 0.7430473
159.012900 -0.7334927 -0.1532007 7.1829729 -0.0192003 -0.6778259 -0.0174881 0.7347636
159.534000 -0.7970365 -0.1514005 7.1862898 -0.0164592 -0.6829328 -0.0183845 0.7300643
160.472200 -0.8796334 -0.1493881 7.1898270 -0.0128142 -0.6895403 -0.0146320 0.7239861
160.889200 -0.9142399 -0.1484962 7.1910558 -0.0152121 -0.6925006 -0.0138243 0.7211244
161.306000 -0.9496115 -0.1477312 7.1909976 -0.0106961 -0.6964484 -0.0162689 0.7173427
161.722800 -0.9945805 -0.1468342 7.1908269 -0.0069795 -0.7013163 -0.0149749 0.7126588
162.139700 -1.0532809 -0.1454705 7.1904879 -0.0025104 -0.7054483 -0.0139106 0.7086204
162.452400 -1.1078579 -0.1444667 7.1897926 0.0002431 -0.7045211 -0.0168221 0.7094837
162.869300 -1.1954849 -0.1416418 7.1902523 -0.0054520 -0.7027361 -0.0242646 0.7110158
163.286300 -1.2956386 -0.1383460 7.1924014 -0.0138618 -0.7027943 -0.0173747 0.7110459
163.598900 -1.3805656 -0.1345885 7.1936011 -0.0190365 -0.7051339 -0.0141329 0.7086777
163.911400 -1.4723161 -0.1318214 7.1927032 -0.0141934 -0.7082224 -0.0116172 0.7057511
164.224100 -1.5710267 -0.1290769 7.1912937 -0.0094742 -0.7095508 -0.0080628 0.7045445
164.536900 -1.6774569 -0.1266977 7.1895556 -0.0118994 -0.7106871 -0.0121455 0.7033027
164.849700 -1.7913916 -0.1239007 7.1872816 -0.0089874 -0.7116657 -0.0110364 0.7023741
165.058000 -1.8690557 -0.1223973 7.1856914 -0.0111618 -0.7121305 -0.0136800 0.7018251
165.266500 -1.9499938 -0.1203026 7.1840987 -0.0125946 -0.7123951 -0.0155079 0.7014942
165.475000 -2.0321972 -0.1183219 7.1823344 -0.0112166 -0.7119105 -0.0159471 0.7019995
165.683600 -2.1179907 -0.1159517 7.1811008 -0.0097252 -0.7108631 -0.0151066 0.7031009
165.892000 -2.2051907 -0.1140229 7.1799035 -0.0113856 -0.7095583 -0.0164444 0.7043628
166.100600 -2.2931077 -0.1118833 7.1789589 -0.0122224 -0.7083521 -0.0162447 0.7055665
166.308900 -2.3833046 -0.1096148 7.1782837 -0.0126945 -0.7078331 -0.0150707 0.7061049
166.517400 -2.4741313 -0.1072611 7.1776533 -0.0126258 -0.7080969 -0.0146950 0.7058494
166.725700 -2.5661097 -0.1052066 7.1764321 -0.0125944 -0.7085060 -0.0161144 0.7054083
166.934000 -2.6587324 -0.1029789 7.1758623 -0.0107572 -0.7094235 -0.0151390 0.7045376
167.142500 -2.7522235 -0.1013067 7.1743007 -0.0112535 -0.7098124 -0.0180695 0.7040690
167.351000 -2.8467040 -0.0986493 7.1728454 -0.0127035 -0.7096538 -0.0175024 0.7042186
167.455000 -2.8938003 -0.0974552 7.1720719 -0.0136190 -0.7094454 -0.0178354 0.7044030
167.663200 -2.9889593 -0.0948389 7.1707315 -0.0145732 -0.7093693 -0.0180597 0.7044548
167.767400 -3.0363095 -0.0935412 7.1699004 -0.0137541 -0.7093996 -0.0183690 0.7044328
167.871500 -3.0831683 -0.0922531 7.1688008 -0.0121847 -0.7091689 -0.0190537 0.7046758
167.975600 -3.1301370 -0.0913569 7.1679449 -0.0107766 -0.7090663 -0.0184707 0.7048174
168.183900 -3.2253351 -0.0886586 7.1659083 -0.0091213 -0.7090237 -0.0220024 0.7047824
168.392100 -3.3214200 -0.0853421 7.1648483 -0.0141541 -0.7090966 -0.0272374 0.7044430
168.496400 -3.3687394 -0.0833994 7.1637878 -0.0132515 -0.7090753 -0.0275072 0.7044714
168.704700 -3.4630954 -0.0803001 7.1622458 -0.0077739 -0.7090139 -0.0234219 0.7047626
168.913000 -3.5575316 -0.0777257 7.1611915 -0.0069713 -0.7085968 -0.0213561 0.7052559
169.121700 -3.6532714 -0.0749850 7.1602812 -0.0093130 -0.7083936 -0.0207331 0.7054515
169.225900 -3.7004023 -0.0738306 7.1598382 -0.0095686 -0.7084997 -0.0202432 0.7053558
169.434000 -3.7941611 -0.0718007 7.1585603 -0.0097111 -0.7088414 -0.0180337 0.7050704
169.538100 -3.8417633 -0.0705318 7.1580534 -0.0094575 -0.7091577 -0.0177974 0.7047617
169.746400 -3.9368980 -0.0683810 7.1567626 -0.0129949 -0.7097963 -0.0189045 0.7040333
169.954800 -4.0321817 -0.0654450 7.1549382 -0.0127189 -0.7101395 -0.0192625 0.7036825
170.059000 -4.0781364 -0.0639554 7.1544499 -0.0100559 -0.7105101 -0.0184202 0.7033740
170.163200 -4.1253223 -0.0628255 7.1534357 -0.0086290 -0.7106487 -0.0177875 0.7032692
170.371500 -4.2196474 -0.0601723 7.1516705 -0.0104263 -0.7109068 -0.0204507 0.7029115
170.580000 -4.3138514 -0.0577898 7.1503348 -0.0114299 -0.7114682 -0.0212725 0.7023032
170.788300 -4.4075770 -0.0548052 7.1479454 -0.0083332 -0.7122713 -0.0214944 0.7015256
170.996500 -4.5024366 -0.0524427 7.1456614 -0.0068312 -0.7134945 -0.0228602 0.7002546
171.204900 -4.5972490 -0.0498879 7.1431303 -0.0062814 -0.7157868 -0.0213918 0.6979628
171.413200 -4.6920052 -0.0479682 7.1400781 -0.0065968 -0.7173872 -0.0177522 0.6964173
171.621400 -4.7864990 -0.0465509 7.1363420 -0.0047477 -0.7190152 -0.0162841 0.6947873
171.829800 -4.8815947 -0.0447276 7.1322098 -0.0068028 -0.7205142 -0.0194048 0.6931352
172.038000 -4.9766784 -0.0424658 7.1273861 -0.0083908 -0.7218884 -0.0215941 0.6916216
172.247200 -5.0710812 -0.0403900 7.1223922 -0.0066203 -0.7236400 -0.0176316 0.6899206
172.454600 -5.1660242 -0.0386649 7.1169147 -0.0059942 -0.7255042 -0.0163221 0.6879980
172.662800 -5.2611217 -0.0373578 7.1107183 -0.0075019 -0.7272581 -0.0186838 0.6860687
172.871000 -5.3567696 -0.0349897 7.1041336 -0.0068801 -0.7289334 -0.0188723 0.6842899
172.975200 -5.4047656 -0.0338202 7.1003962 -0.0071029 -0.7296847 -0.0184966 0.6834966
173.183400 -5.5008879 -0.0315590 7.0932555 -0.0065835 -0.7315314 -0.0167355 0.6815705
173.391600 -5.5966620 -0.0302914 7.0853958 -0.0076916 -0.7329164 -0.0159520 0.6800882
173.599900 -5.6911144 -0.0285936 7.0772610 -0.0080386 -0.7341002 -0.0140637 0.6788480
174.016400 -5.8799992 -0.0250136 7.0611153 -0.0107616 -0.7363729 -0.0141116 0.6763430
174.329000 -6.0223770 -0.0221913 7.0473895 -0.0101604 -0.7376296 -0.0126178 0.6750112
174.641400 -6.1652713 -0.0197342 7.0338378 -0.0121913 -0.7384250 -0.0113644 0.6741297
174.953800 -6.3074894 -0.0174111 7.0202208 -0.0125945 -0.7384363 -0.0101422 0.6741294
175.162100 -6.4025893 -0.0157355 7.0107074 -0.0100983 -0.7380278 -0.0092687 0.6746311
175.370400 -6.4980354 -0.0146536 7.0011473 -0.0104013 -0.7380607 -0.0120078 0.6745473
175.578600 -6.5929165 -0.0125394 6.9917798 -0.0114790 -0.7383645 -0.0138373 0.6741622
175.787300 -6.6882896 -0.0101958 6.9824171 -0.0102234 -0.7388688 -0.0135741 0.6736350
175.995400 -6.7840443 -0.0084098 6.9728179 -0.0082960 -0.7391717 -0.0136054 0.6733285
176.203400 -6.8791699 -0.0072055 6.9632602 -0.0079296 -0.7392216 -0.0144433 0.6732606
176.411600 -6.9752812 -0.0055216 6.9536285 -0.0084976 -0.7392244 -0.0148506 0.6732419
176.619800 -7.0715413 -0.0033777 6.9442568 -0.0093447 -0.7389618 -0.0142632 0.6735315
176.828000 -7.1677141 -0.0021534 6.9348416 -0.0080343 -0.7390687 -0.0118401 0.6734781
177.036200 -7.2635541 -0.0008092 6.9253197 -0.0081250 -0.7390340 -0.0136611 0.6734806
177.244500 -7.3584709 0.0008299 6.9158454 -0.0096902 -0.7391174 -0.0131799 0.6733779
177.452500 -7.4540586 0.0022290 6.9068198 -0.0120811 -0.7396649 -0.0113463 0.6727713
177.660900 -7.5487471 0.0038078 6.8969784 -0.0116631 -0.7398870 -0.0104938 0.6725482
177.869000 -7.6430759 0.0051979 6.8868685 -0.0120980 -0.7398330 -0.0109219 0.6725932
178.077300 -7.7376409 0.0071798 6.8771715 -0.0156551 -0.7397746 -0.0138868 0.6725292
178.285500 -7.8302932 0.0086641 6.8681650 -0.0106741 -0.7397898 -0.0087545 0.6726964
178.493800 -7.9219484 0.0093495 6.8583460 -0.0090941 -0.7394481 -0.0067693 0.6731181
178.702100 -8.0134420 0.0106578 6.8489184 -0.0155870 -0.7388350 -0.0117803 0.6736031
178.910400 -8.1041241 0.0123670 6.8398561 -0.0155653 -0.7389705 -0.0128165 0.6734360
179.118400 -8.1928644 0.0134435 6.8313560 -0.0121987 -0.7389481 -0.0032552 0.6736441
179.326700 -8.2826567 0.0143530 6.8226852 -0.0196661 -0.7399247 -0.0066696 0.6723691
179.534800 -8.3719921 0.0170204 6.8138876 -0.0266397 -0.7395958 -0.0124973 0.6724077
179.847200 -8.4998188 0.0190604 6.8001852 -0.0139725 -0.7398720 -0.0052047 0.6725823
180.055500 -8.5846500 0.0200196 6.7913156 -0.0146493 -0.7401038 -0.0077319 0.6722885
180.159600 -8.6269445 0.0208445 6.7869239 -0.0171407 -0.7402221 -0.0120784 0.6720354
180.367800 -8.7098150 0.0228259 6.7778912 -0.0190758 -0.7403870 -0.0154210 0.6717331
180.576000 -8.7913637 0.0248447 6.7694254 -0.0189273 -0.7409365 -0.0134190 0.6711742
180.784300 -8.8717022 0.0264466 6.7604694 -0.0165869 -0.7407806 -0.0098180 0.6714704
180.992700 -8.9516993 0.0279477 6.7522459 -0.0177410 -0.7401005 -0.0096882 0.6721925
181.201300 -9.0304022 0.0294369 6.7444935 -0.0142211 -0.7392759 -0.0087553 0.6731956
181.409200 -9.1078501 0.0305930 6.7364101 -0.0132090 -0.7387764 -0.0094585 0.6737548
181.617500 -9.1830807 0.0314386 6.7288504 -0.0148274 -0.7392178 -0.0108697 0.6732154
181.825600 -9.2582369 0.0321440 6.7207212 -0.0129357 -0.7405705 -0.0109030 0.6717656
182.033900 -9.3325644 0.0337436 6.7124615 -0.0122888 -0.7428315 -0.0117497 0.6692626
182.137800 -9.3698082 0.0343128 6.7078133 -0.0118996 -0.7442152 -0.0137196 0.6676930
182.345900 -9.4438486 0.0360307 6.6991129 -0.0162461 -0.7472945 -0.0119762 0.6641863
182.554000 -9.5161190 0.0369438 6.6893020 -0.0139872 -0.7509144 -0.0086686 0.6601945
182.762300 -9.5874701 0.0378313 6.6783929 -0.0153637 -0.7549359 -0.0080601 0.6555691
182.970500 -9.6591282 0.0396501 6.6662960 -0.0176483 -0.7593849 -0.0113576 0.6503031
183.283100 -9.7637815 0.0419909 6.6473541 -0.0134231 -0.7648274 -0.0089114 0.6440337
183.491500 -9.8330841 0.0430022 6.6336699 -0.0102722 -0.7660118 -0.0141248 0.6425892
183.700300 -9.9009390 0.0440097 6.6203442 -0.0082633 -0.7656282 -0.0181436 0.6429744
183.908700 -9.9689331 0.0457968 6.6076813 -0.0082283 -0.7647883 -0.0201021 0.6439155
184.117400 -10.0346966 0.0472148 6.5950403 -0.0046845 -0.7631080 -0.0229245 0.6458473
184.326100 -10.0981941 0.0487602 6.5837545 -0.0005369 -0.7585861 -0.0251868 0.6510856
184.534700 -10.1605396 0.0497496 6.5743275 0.0014390 -0.7502047 -0.0282100 0.6606020
184.743300 -10.2185755 0.0507824 6.5676346 0.0012997 -0.7417528 -0.0279173 0.6700908
184.951900 -10.2756481 0.0515895 6.5622644 0.0007786 -0.7331516 -0.0285841 0.6794639
185.369100 -10.3834085 0.0540763 6.5563202 0.0007580 -0.7132632 -0.0297101 0.7002659
185.681900 -10.4595470 0.0555370 6.5568695 -0.0001318 -0.6974834 -0.0276193 0.7160685
186.203000 -10.5773697 0.0576216 6.5646896 0.0000951 -0.6703163 -0.0233236 0.7417089
186.619800 -10.6629410 0.0588659 6.5755181 -0.0025295 -0.6512657 -0.0229027 0.7584999
186.932200 -10.7226152 0.0591289 6.5838919 -0.0053470 -0.6438633 -0.0196901 0.7648684
187.348300 -10.7981825 0.0614024 6.5926337 -0.0077518 -0.6464900 -0.0178313 0.7626747
187.868000 -10.8793812 0.0636533 6.5977416 -0.0102462 -0.6730061 -0.0155891 0.7394017
188.595700 -10.9683399 0.0649123 6.5884466 -0.0091803 -0.7457049 -0.0174911 0.6659834
189.115800 -11.0223866 0.0648157 6.5693541 -0.0057744 -0.8035361 -0.0169059 0.5949879
189.844800 -11.0906267 0.0661116 6.5275426 -0.0015777 0.8676771 0.0258979 -0.4964507
190.366500 -11.1349335 0.0681334 6.4896955 -0.0094655 0.8970778 0.0302127 -0.4407369
190.887500 -11.1782532 0.0694378 6.4491806 -0.0047713 0.9164774 0.0209044 -0.3995115
191.200200 -11.2033749 0.0709752 6.4216900 -0.0036941 0.9271717 0.0152546 -0.3743078
191.408800 -11.2200012 0.0712486 6.4012108 -0.0003921 0.9355029 0.0182281 -0.3528482
191.723100 -11.2440310 0.0719798 6.3671274 0.0034200 0.9490159 0.0193458 -0.3146155
191.929600 -11.2588758 0.0722936 6.3416176 0.0037853 0.9578041 0.0208547 -0.2866391
192.137900 -11.2730589 0.0733955 6.3132806 0.0063857 0.9663281 0.0188852 -0.2565394
192.345600 -11.2861700 0.0748245 6.2828264 0.0049614 0.9744712 0.0158573 -0.2238968
192.449700 -11.2917900 0.0757350 6.2660618 0.0024079 0.9781160 0.0154542 -0.2074718
192.657900 -11.3039408 0.0768370 6.2301359 0.0064098 0.9843385 0.0164900 -0.1753988
192.762500 -11.3096676 0.0771875 6.2107353 0.0078645 0.9866870 0.0165518 -0.1615951
192.970700 -11.3206358 0.0782548 6.1685839 0.0046220 0.9899720 0.0177219 -0.1400717
193.075100 -11.3260889 0.0788561 6.1464205 0.0037702 0.9908287 0.0182638 -0.1338311
193.283700 -11.3384962 0.0803656 6.0983138 0.0083066 0.9922646 0.0183917 -0.1224901
193.492200 -11.3504286 0.0819531 6.0453568 0.0128499 0.9939967 0.0160172 -0.1074656
193.700500 -11.3604307 0.0839835 5.9876318 0.0136862 0.9955937 0.0151076 -0.0915296
193.909100 -11.3704433 0.0859397 5.9241548 0.0169300 0.9968500 0.0174316 -0.0754966
194.117500 -11.3785391 0.0882405 5.8564887 0.0183188 0.9977539 0.0169189 -0.0621714
194.326200 -11.3858309 0.0904498 5.7840142 0.0186676 0.9983137 0.0151628 -0.0528338
194.534900 -11.3926821 0.0925737 5.7073584 0.0180001 0.9985922 0.0161654 -0.0472053
194.743500 -11.3994465 0.0947556 5.6271162 0.0185497 0.9987264 0.0158212 -0.0441725
194.952100 -11.4061651 0.0969515 5.5418754 0.0197232 0.9987709 0.0161157 -0.0425201
195.160600 -11.4135237 0.0999435 5.4517884 0.0213770 0.9987801 0.0173894 -0.0409751
195.369000 -11.4208584 0.1032969 5.3571448 0.0227141 0.9988232 0.0170699 -0.0393061
195.577500 -11.4279060 0.1055982 5.2594137 0.0224184 0.9989327 0.0141119 -0.0378383
195.786100 -11.4341545 0.1083421 5.1565099 0.0206838 0.9990005 0.0152077 -0.0365899
195.994400 -11.4416056 0.1115238 5.0514355 0.0221966 0.9989311 0.0206576 -0.0348878
196.098500 -11.4451094 0.1130538 4.9992142 0.0244287 0.9988485 0.0235552 -0.0339120
196.307000 -11.4520044 0.1163127 4.8960657 0.0253825 0.9989251 0.0221330 -0.0318510
196.515400 -11.4578800 0.1183717 4.7919874 0.0242334 0.9990624 0.0205920 -0.0293766
196.723700 -11.4627600 0.1214816 4.6878948 0.0214668 0.9991750 0.0212415 -0.0271550
196.932000 -11.4674816 0.1244362 4.5841289 0.0209241 0.9992439 0.0216885 -0.0245643
197.140500 -11.4717989 0.1268625 4.4807873 0.0228530 0.9992569 0.0218416 -0.0220512
197.348800 -11.4752541 0.1299569 4.3780475 0.0219502 0.9993022 0.0223833 -0.0203048
197.557200 -11.4785099 0.1325768 4.2749772 0.0199316 0.9993743 0.0224293 -0.0187240
197.765600 -11.4820309 0.1352976 4.1735435 0.0194720 0.9993932 0.0226120 -0.0179634
197.973900 -11.4850292 0.1380517 4.0724025 0.0196532 0.9994336 0.0212629 -0.0171500
198.182200 -11.4878559 0.1409445 3.9716184 0.0206630 0.9994006 0.0225228 -0.0162525
198.390400 -11.4905548 0.1431673 3.8714583 0.0199767 0.9994286 0.0228563 -0.0148696
198.702800 -11.4940605 0.1472552 3.7233601 0.0187197 0.9994873 0.0230219 -0.0120300
199.015000 -11.4957314 0.1507125 3.5774214 0.0178372 0.9995903 0.0201572 -0.0097288
199.327500 -11.4976616 0.1546748 3.4314795 0.0165173 0.9995689 0.0225673 -0.0089347
199.535700 -11.4984293 0.1566698 3.3350573 0.0170531 0.9995884 0.0212555 -0.0089679
199.744000 -11.4990940 0.1587932 3.2393074 0.0153667 0.9996373 0.0191977 -0.0109786
200.056800 -11.5023413 0.1621912 3.0986462 0.0154713 0.9995473 0.0194129 -0.0170005
200.369200 -11.5079594 0.1658057 2.9571042 0.0193662 0.9993403 0.0217019 -0.0217474
200.577400 -11.5109825 0.1683338 2.8643169 0.0152816 0.9992219 0.0277234 -0.0235268
200.785700 -11.5139751 0.1716606 2.7711926 0.0108808 0.9992687 0.0264093 -0.0254226
201.098000 -11.5211945 0.1751437 2.6317422 0.0143457 0.9993870 0.0196110 -0.0252029
201.410600 -11.5280085 0.1782574 2.4906261 0.0153613 0.9992424 0.0255653 -0.0250004
201.723300 -11.5335960 0.1835587 2.3486676 0.0138764 0.9992419 0.0252837 -0.0261471
202.035500 -11.5402613 0.1880241 2.2102361 0.0149792 0.9992810 0.0244456 -0.0248096
202.243800 -11.5444498 0.1911431 2.1179631 0.0149687 0.9993089 0.0252925 -0.0227590
202.452100 -11.5479355 0.1941364 2.0253494 0.0142607 0.9993557 0.0254791 -0.0208730
202.660400 -11.5495796 0.1966781 1.9356250 0.0136129 0.9993990 0.0253331 -0.0193529
202.972900 -11.5521822 0.2000635 1.8006880 0.0122288 0.9994681 0.0249041 -0.0171397
203.181300 -11.5547810 0.2033114 1.7112508 0.0117105 0.9994870 0.0252084 -0.0159130
203.493800 -11.5572023 0.2074913 1.5778949 0.0105565 0.9994960 0.0254732 -0.0157260
203.702200 -11.5587072 0.2100668 1.4902871 0.0093990 0.9995157 0.0246879 -0.0164499
203.910700 -11.5609961 0.2125909 1.4025611 0.0081649 0.9994996 0.0245311 -0.0182249
204.119200 -11.5634623 0.2147532 1.3153198 0.0076530 0.9994071 0.0258044 -0.0214718
204.327700 -11.5672064 0.2176995 1.2289004 0.0078940 0.9993545 0.0252400 -0.0243123
204.640500 -11.5724564 0.2212741 1.1002750 0.0078714 0.9992692 0.0250338 -0.0277901
204.848800 -11.5768614 0.2240760 1.0148635 0.0077035 0.9992281 0.0250130 -0.0292946
205.057100 -11.5808821 0.2264691 0.9302585 0.0079177 0.9991851 0.0250574 -0.0306351
205.265300 -11.5854015 0.2290099 0.8458650 0.0087297 0.9991595 0.0243165 -0.0318258
205.473600 -11.5891800 0.2320600 0.7617304 0.0092313 0.9991364 0.0252644 -0.0316685
205.681700 -11.5929880 0.2350776 0.6779778 0.0106964 0.9992315 0.0249931 -0.0282391
205.889700 -11.5951500 0.2381802 0.5945828 0.0112000 0.9994029 0.0247967 -0.0212964
206.097700 -11.5963755 0.2409626 0.5109475 0.0112724 0.9995465 0.0252543 -0.0119105
206.305800 -11.5957069 0.2438560 0.4282561 0.0112301 0.9995964 0.0260464 -0.0016103
206.513700 -11.5937033 0.2464041 0.3466857 0.0125517 0.9995681 0.0247904 0.0095680
206.722100 -11.5892477 0.2490769 0.2652675 0.0136516 0.9994007 0.0229188 0.0220569
206.825800 -11.5862093 0.2505926 0.2239990 0.0146233 0.9991594 0.0240484 0.0298043
207.033600 -11.5786715 0.2530614 0.1429815 0.0162996 0.9984457 0.0231817 0.0479895
207.241600 -11.5678730 0.2549515 0.0623870 0.0164795 0.9973047 0.0222136 0.0679580
207.449700 -11.5529442 0.2566413 -0.0185132 0.0157133 0.9956985 0.0227819 0.0884225
207.553700 -11.5445261 0.2577976 -0.0591106 0.0161122 0.9946829 0.0224960 0.0991981
207.657600 -11.5351276 0.2589044 -0.0997319 0.0161249 0.9935194 0.0221263 0.1103165
207.865600 -11.5133638 0.2606150 -0.1808176 0.0163958 0.9907560 0.0202299 0.1331333
208.073600 -11.4876461 0.2621304 -0.2615888 0.0165076 0.9873663 0.0190923 0.1564310
208.281600 -11.4575567 0.2636347 -0.3421419 0.0162627 0.9833794 0.0198383 0.1797413
208.489700 -11.4232130 0.2651199 -0.4224653 0.0180811 0.9787415 0.0209908 0.2032180
208.698000 -11.3847094 0.2664685 -0.5010691 0.0184103 0.9735494 0.0200147 0.2268527
208.905800 -11.3419838 0.2676053 -0.5789914 0.0168831 0.9682243 0.0211073 0.2486183
209.114100 -11.2952137 0.2689466 -0.6560788 0.0166443 0.9628503 0.0173247 0.2689649
209.322400 -11.2446365 0.2695262 -0.7328987 0.0157029 0.9576147 0.0164232 0.2871547
209.531200 -11.1905270 0.2702043 -0.8095222 0.0134836 0.9536684 0.0148360 0.3001912
209.739400 -11.1338949 0.2705947 -0.8869791 0.0111488 0.9510784 0.0142592 0.3084190
209.947900 -11.0750103 0.2713707 -0.9651494 0.0108912 0.9496470 0.0131213 0.3128574
210.156700 -11.0146542 0.2713822 -1.0441594 0.0108882 0.9488639 0.0113106 0.3152948
210.364800 -10.9539118 0.2712570 -1.1238985 0.0099384 0.9483793 0.0112929 0.3167813
210.574900 -10.8922138 0.2713155 -1.2046165 0.0093842 0.9483439 0.0118370 0.3168844
210.886000 -10.7984953 0.2710080 -1.3272839 0.0071423 0.9497219 0.0112794 0.3128100
211.094400 -10.7377939 0.2712257 -1.4092498 0.0059338 0.9515451 0.0118047 0.3072251
211.511200 -10.6211605 0.2711311 -1.5749149 0.0045158 0.9561101 0.0118950 0.2927311
211.719600 -10.5652046 0.2716592 -1.6583374 0.0055946 0.9586572 0.0128746 0.2842169
211.927900 -10.5111876 0.2719201 -1.7431040 0.0093127 0.9605081 0.0140027 0.2777434
212.136100 -10.4581413 0.2721830 -1.8275614 0.0124533 0.9612335 0.0145780 0.2750683
212.344200 -10.4061260 0.2726378 -1.9115617 0.0138266 0.9616935 0.0158209 0.2733207
212.552400 -10.3543797 0.2728779 -1.9948802 0.0161092 0.9620903 0.0164159 0.2717595
212.760400 -10.3037672 0.2730456 -2.0778003 0.0191760 0.9622017 0.0177010 0.2710848
212.968600 -10.2538548 0.2736159 -2.1589291 0.0214779 0.9623204 0.0174152 0.2705087
213.176800 -10.2050219 0.2738155 -2.2384338 0.0227623 0.9624233 0.0187651 0.2699466
213.384900 -10.1566429 0.2744799 -2.3177924 0.0245066 0.9624680 0.0196214 0.2695732
213.593100 -10.1086226 0.2751063 -2.3960614 0.0244478 0.9626468 0.0198816 0.2689205
213.801100 -10.0620613 0.2756584 -2.4720559 0.0254547 0.9620891 0.0211421 0.2707205
214.009100 -10.0179424 0.2762586 -2.5412738 0.0253670 0.9608247 0.0225867 0.2750678
214.217100 -9.9757748 0.2765636 -2.6063161 0.0267282 0.9588680 0.0217734 0.2817510
214.425200 -9.9351892 0.2770845 -2.6667128 0.0262152 0.9568268 0.0215413 0.2886714
214.633200 -9.8965797 0.2774451 -2.7220700 0.0249873 0.9549172 0.0221176 0.2949908
214.841300 -9.8602343 0.2778834 -2.7729561 0.0237464 0.9530991 0.0204977 0.3010283
215.052500 -9.8261251 0.2783233 -2.8191607 0.0230843 0.9513455 0.0201213 0.3066007
215.257800 -9.7936583 0.2783720 -2.8625152 0.0232364 0.9492179 0.0207415 0.3130738
215.466200 -9.7626619 0.2786241 -2.9023831 0.0240139 0.9462118 0.0206256 0.3219956
215.674000 -9.7325230 0.2784682 -2.9387281 0.0249417 0.9420912 0.0196785 0.3338484
215.882200 -9.7028170 0.2781796 -2.9724181 0.0250523 0.9374068 0.0180244 0.3468658
216.090300 -9.6732702 0.2780662 -3.0038323 0.0261855 0.9319143 0.0174927 0.3613088
216.402400 -9.6306620 0.2771415 -3.0445478 0.0277569 0.9210318 0.0176299 0.3880968
216.610300 -9.6034193 0.2765318 -3.0674610 0.0273087 0.9110969 0.0174972 0.4109143
216.923100 -9.5660982 0.2754194 -3.0930309 0.0221010 0.8942039 0.0132656 0.4469171
217.130700 -9.5438251 0.2747419 -3.1055989 0.0203286 0.8836727 0.0091154 0.4675748
217.339000 -9.5224018 0.2739998 -3.1169059 0.0207912 0.8724402 0.0057961 0.4882439
217.547200 -9.5003538 0.2733421 -3.1271083 0.0183397 0.8588460 0.0060623 0.5118695
217.755500 -9.4782104 0.2726275 -3.1349063 0.0141836 0.8436785 0.0047923 0.5366400
217.963700 -9.4559078 0.2718818 -3.1417556 0.0120823 0.8280652 0.0040411 0.5604870
218.172000 -9.4329510 0.2711807 -3.1473401 0.0102067 0.8115401 0.0015857 0.5842055
218.380200 -9.4082603 0.2706298 -3.1517997 0.0099917 0.7936755 0.0000493 0.6082593
218.588500 -9.3819771 0.2697462 -3.1559420 0.0116532 0.7747797 -0.0000963 0.6321239
218.796700 -9.3528633 0.2689057 -3.1586652 0.0133669 0.7545098 -0.0013323 0.6561512
219.004900 -9.3213577 0.2680684 -3.1596699 0.0145993 0.7335300 -0.0024922 0.6794957
219.213100 -9.2866230 0.2671351 -3.1589293 0.0157923 0.7118297 -0.0034156 0.7021663
219.421400 -9.2489376 0.2662352 -3.1556783 0.0142378 0.6898267 -0.0057109 0.7238120
219.629700 -9.2075205 0.2648529 -3.1506753 0.0123291 0.6691580 -0.0034283 0.7430100
219.838100 -9.1626129 0.2634648 -3.1433330 0.0126426 0.6511206 -0.0011801 0.7588680
220.046600 -9.1143389 0.2622389 -3.1327057 0.0118848 0.6343000 -0.0010602 0.7729949
220.255100 -9.0622845 0.2611991 -3.1192656 0.0119592 0.6155351 -0.0009453 0.7880182
220.463500 -9.0066786 0.2594838 -3.1023831 0.0116459 0.5946202 0.0048474 0.8039078
220.671700 -8.9480267 0.2583207 -3.0808611 0.0116367 0.5723959 0.0113464 0.8198164
220.775800 -8.9179735 0.2576444 -3.0685394 0.0136849 0.5603749 0.0131959 0.8280209
220.984200 -8.8563480 0.2565139 -3.0406086 0.0218416 0.5356908 0.0160895 0.8439783
221.192700 -8.7930079 0.2543529 -3.0069680 0.0228703 0.5137275 0.0164651 0.8574905
221.401400 -8.7270546 0.2523029 -2.9679146 0.0196921 0.4953593 0.0169670 0.8682992
221.610100 -8.6592607 0.2499288 -2.9248877 0.0184317 0.4822013 0.0153140 0.8757327
221.818800 -8.5892944 0.2478861 -2.8780127 0.0173819 0.4747565 0.0111258 0.8798752
222.027700 -8.5167084 0.2453563 -2.8293552 0.0143984 0.4729020 0.0088406 0.8809530
222.241200 -8.4418993 0.2426438 -2.7788882 0.0152125 0.4738425 0.0069051 0.8804511
222.445200 -8.3648043 0.2398715 -2.7281432 0.0160303 0.4746021 0.0066850 0.8800291
222.653900 -8.2854176 0.2372964 -2.6758635 0.0134257 0.4757365 0.0070026 0.8794575
222.862400 -8.2036057 0.2344097 -2.6225786 0.0118430 0.4772601 0.0057018 0.8786638
223.070900 -8.1204166 0.2312559 -2.5681264 0.0127026 0.4796557 0.0032104 0.8773590
223.279400 -8.0342693 0.2284634 -2.5128713 0.0119901 0.4827472 0.0012989 0.8756767
223.488000 -7.9461064 0.2257732 -2.4570937 0.0072130 0.4870102 0.0011676 0.8733657
223.696300 -7.8559093 0.2237876 -2.4035087 0.0077115 0.4920686 0.0016163 0.8705208
223.904700 -7.7642360 0.2210008 -2.3494873 0.0078351 0.4971661 0.0034591 0.8676131
224.113300 -7.6709628 0.2184589 -2.2956576 0.0074288 0.5028358 0.0062371 0.8643275
224.321300 -7.5765066 0.2156949 -2.2425771 0.0085269 0.5091415 0.0045061 0.8606288
224.529600 -7.4812508 0.2126070 -2.1908278 0.0079677 0.5161189 0.0038949 0.8564711
224.737700 -7.3859816 0.2101390 -2.1415777 0.0069287 0.5224620 0.0046988 0.8526215
224.945800 -7.2910500 0.2075330 -2.0931354 0.0043300 0.5280597 0.0046925 0.8491833
225.153800 -7.1960783 0.2055803 -2.0463622 0.0024474 0.5315512 0.0050822 0.8470073
225.361700 -7.1025786 0.2032932 -2.0015349 0.0104943 0.5326162 0.0056418 0.8462730
225.569800 -7.0091200 0.2003549 -1.9568044 0.0096804 0.5327277 0.0073289 0.8461996
225.673700 -6.9626861 0.1989965 -1.9345050 0.0084229 0.5331296 0.0070136 0.8459626
225.881700 -6.8695145 0.1968861 -1.8902023 0.0074706 0.5338738 0.0063872 0.8455071
226.089900 -6.7767696 0.1944337 -1.8462088 0.0120736 0.5337935 0.0059345 0.8455078
226.297800 -6.6843510 0.1913491 -1.8020761 0.0144909 0.5344784 0.0060757 0.8450361
226.505900 -6.5924087 0.1880172 -1.7589979 0.0130409 0.5346884 0.0072885 0.8449172
226.714100 -6.5008521 0.1847845 -1.7155634 0.0132865 0.5353646 0.0083080 0.8444757
226.922100 -6.4092784 0.1817700 -1.6728330 0.0149761 0.5354550 0.0075078 0.8443975
227.130200 -6.3175750 0.1785799 -1.6295666 0.0127235 0.5359391 0.0082983 0.8441200
227.338400 -6.2271194 0.1757432 -1.5870543 0.0117307 0.5357516 0.0092661 0.8442433
227.546300 -6.1374488 0.1725948 -1.5447367 0.0140607 0.5341461 0.0091914 0.8452253
227.754500 -6.0488310 0.1694248 -1.5020211 0.0136952 0.5328184 0.0092411 0.8460683
227.962600 -5.9611673 0.1661606 -1.4594057 0.0126528 0.5314814 0.0088122 0.8469296
228.170900 -5.8744340 0.1631637 -1.4169699 0.0123019 0.5318445 0.0051768 0.8467368
228.483200 -5.7454109 0.1586967 -1.3554785 0.0033782 0.5391603 0.0024485 0.8421928
228.795900 -5.6159706 0.1549313 -1.2989330 0.0056043 0.5515820 -0.0050122 0.8340868
229.004600 -5.5280666 0.1523288 -1.2633028 0.0010381 0.5605017 -0.0035226 0.8281451
229.420600 -5.3517551 0.1466774 -1.1973565 0.0061125 0.5718271 0.0012865 0.8203504
229.628900 -5.2635403 0.1441049 -1.1653793 0.0044672 0.5755261 -0.0006445 0.8177709
229.941100 -5.1304445 0.1406755 -1.1202490 0.0067643 0.5801830 -0.0054734 0.8144397
230.149200 -5.0410624 0.1377300 -1.0905493 0.0044852 0.5813692 -0.0031521 0.8136214
230.357400 -4.9516335 0.1352988 -1.0598198 0.0003902 0.5821924 -0.0041922 0.8130402
230.565700 -4.8632903 0.1329989 -1.0297444 -0.0014730 0.5854619 -0.0094281 0.8106438
230.878200 -4.7297359 0.1285000 -0.9874679 0.0052381 0.5927771 -0.0129905 0.8052447
231.086700 -4.6389408 0.1249197 -0.9608120 0.0040252 0.5989693 -0.0093424 0.8007074
231.295200 -4.5477586 0.1216898 -0.9350491 0.0032661 0.6058230 -0.0085210 0.7955472
231.503300 -4.4560108 0.1187338 -0.9106692 0.0046216 0.6127182 -0.0077936 0.7902495
231.711800 -4.3626838 0.1156039 -0.8883277 0.0047995 0.6183774 -0.0060732 0.7858431
231.920100 -4.2673349 0.1130958 -0.8662983 0.0047122 0.6236412 -0.0047069 0.7816824
232.128200 -4.1727471 0.1100225 -0.8460294 0.0061295 0.6275712 -0.0022708 0.7785318
232.232300 -4.1250057 0.1086376 -0.8357613 0.0082846 0.6286306 -0.0017090 0.7776580
232.440500 -4.0314345 0.1053657 -0.8163518 0.0099418 0.6305172 -0.0005002 0.7761114
232.544600 -3.9844310 0.1034545 -0.8067190 0.0083600 0.6314456 0.0013033 0.7753741
232.752900 -3.8921478 0.1004352 -0.7878491 0.0068957 0.6338799 0.0031767 0.7733942
232.856900 -3.8458230 0.0990908 -0.7788924 0.0078811 0.6350268 0.0033599 0.7724426
232.960900 -3.7997067 0.0981022 -0.7700488 0.0084494 0.6361068 0.0035325 0.7715467
233.065000 -3.7536473 0.0970658 -0.7610937 0.0084304 0.6370332 0.0044626 0.7707773
233.273100 -3.6608264 0.0945594 -0.7442907 0.0084684 0.6383426 0.0050348 0.7696893
233.481200 -3.5692081 0.0921683 -0.7276109 0.0084924 0.6397486 0.0034225 0.7685297
233.689400 -3.4780624 0.0898164 -0.7111505 0.0077866 0.6410044 0.0041031 0.7674868
233.897200 -3.3855011 0.0879344 -0.6951625 0.0077672 0.6423115 0.0056924 0.7663832
234.105200 -3.2942035 0.0853607 -0.6798958 0.0112498 0.6432863 0.0064473 0.7655159
234.313200 -3.2021847 0.0835411 -0.6652453 0.0121892 0.6444020 0.0080646 0.7645472
234.625400 -3.0658090 0.0806264 -0.6435885 0.0109688 0.6462496 0.0094417 0.7629889
234.833700 -2.9756982 0.0782323 -0.6296400 0.0125272 0.6475044 0.0071935 0.7619247
235.041400 -2.8862252 0.0758738 -0.6163263 0.0140389 0.6491011 0.0067158 0.7605429
235.249300 -2.7965136 0.0730826 -0.6025142 0.0130701 0.6514389 0.0046017 0.7585746
235.457500 -2.7050724 0.0706948 -0.5894724 0.0111945 0.6534308 0.0052478 0.7568853
235.665500 -2.6176465 0.0680979 -0.5767627 0.0130701 0.6548800 0.0038417 0.7556100
235.873600 -2.5293744 0.0652936 -0.5651262 0.0150011 0.6564363 0.0041650 0.7542208
236.081600 -2.4417005 0.0621996 -0.5539535 0.0144096 0.6577215 0.0052513 0.7531051
236.290500 -2.3549693 0.0600607 -0.5442441 0.0146502 0.6584113 0.0072143 0.7524812
236.497800 -2.2686758 0.0574300 -0.5339441 0.0159738 0.6595928 0.0075811 0.7514151
236.705900 -2.1851926 0.0546200 -0.5236358 0.0173205 0.6605926 0.0067812 0.7505141
236.809900 -2.1438222 0.0533782 -0.5188063 0.0178786 0.6608061 0.0076072 0.7503052
237.018000 -2.0629580 0.0502592 -0.5085531 0.0162542 0.6618904 0.0082428 0.7493790
237.226100 -1.9848896 0.0472455 -0.4994057 0.0165309 0.6627026 0.0077775 0.7486598
237.434200 -1.9076498 0.0450211 -0.4909036 0.0156730 0.6632193 0.0094700 0.7482010
237.642300 -1.8339587 0.0430084 -0.4822545 0.0127140 0.6639975 0.0137112 0.7475009
237.850500 -1.7627251 0.0413718 -0.4741631 0.0127055 0.6648710 0.0152717 0.7466940
238.058700 -1.6959606 0.0400744 -0.4664545 0.0134725 0.6658155 0.0124489 0.7458909
238.371000 -1.6008763 0.0376677 -0.4563774 0.0160896 0.6665787 0.0102520 0.7451905
238.683400 -1.5129207 0.0351233 -0.4470599 0.0137754 0.6653103 0.0120856 0.7463420
239.100000 -1.4053096 0.0318080 -0.4348827 0.0149648 0.6652448 0.0108476 0.7463965
239.516800 -1.3080658 0.0288872 -0.4245757 0.0175818 0.6682829 0.0128773 0.7435879
239.933700 -1.2235110 0.0262247 -0.4163284 0.0183175 0.6708264 0.0125005 0.7412828
240.246200 -1.1712097 0.0238905 -0.4112440 0.0231276 0.6721387 0.0089069 0.7400104
240.558700 -1.1271895 0.0222934 -0.4072421 0.0243846 0.6717776 0.0076807 0.7403116
240.871000 -1.0909206 0.0204079 -0.4028966 0.0238615 0.6672509 0.0062613 0.7444243
241.183100 -1.0582086 0.0189426 -0.3975089 0.0219491 0.6569143 0.0054335 0.7536261
241.703200 -1.0093088 0.0161869 -0.3845309 0.0184486 0.6263663 0.0031935 0.7793040
242.224200 -0.9796758 0.0154516 -0.3759943 0.0142547 0.6124719 0.0043737 0.7903517
250.248700 -0.9599058 0.0146772 -0.3688013 0.0219701 0.5944843 -0.0042190 0.8037959
250.664600 -0.9326699 0.0134237 -0.3574416 0.0212940 0.5606835 -0.0035789 0.8277486
250.872200 -0.9149692 0.0123530 -0.3465073 0.0186518 0.5361062 -0.0014834 0.8439432
251.080000 -0.8944325 0.0115813 -0.3331714 0.0160186 0.5052184 -0.0012441 0.8628419
251.287600 -0.8720354 0.0103466 -0.3157741 0.0117365 0.4692750 -0.0037590 0.8829661
251.495200 -0.8488492 0.0092235 -0.2941433 0.0087385 0.4286466 -0.0062474 0.9034084
251.702800 -0.8252204 0.0085547 -0.2683992 0.0078223 0.3836597 -0.0069214 0.9234155
251.910600 -0.8016086 0.0074191 -0.2377905 0.0083540 0.3367833 -0.0080595 0.9415106
252.118500 -0.7783588 0.0066517 -0.2011799 0.0042612 0.2898025 -0.0065170 0.9570548
252.326600 -0.7572062 0.0060625 -0.1592553 0.0042725 0.2430379 -0.0065226 0.9699854
252.534700 -0.7374620 0.0047285 -0.1102587 0.0024667 0.1984738 -0.0054634 0.9800879
252.743200 -0.7194791 0.0044452 -0.0545572 0.0016718 0.1597411 -0.0027207 0.9871538
252.847500 -0.7108955 0.0040234 -0.0243662 0.0027350 0.1414935 -0.0005039 0.9899353
253.056000 -0.6957136 0.0031222 0.0399096 0.0043532 0.1057085 0.0076408 0.9943582
253.264300 -0.6855265 0.0023981 0.1101689 0.0045054 0.0721616 0.0085178 0.9973464
254.412300 -0.6851377 -0.0073528 0.5751197 0.0081083 -0.0189589 -0.0031227 0.9997825
255.351000 -0.7057865 -0.0163771 1.0389272 0.0000173 -0.0230959 -0.0023880 0.9997304
257.226000 -0.7608893 -0.0335395 1.9724487 -0.0037938 -0.0303791 0.0009637 0.9995308
260.662500 -0.8668439 -0.0636767 3.5713139 -0.0015201 -0.0309963 -0.0003740 0.9995183
260.975000 -0.8754413 -0.0660455 3.7102768 0.0029743 -0.0285134 -0.0016064 0.9995877
261.287500 -0.8838592 -0.0695851 3.8484831 0.0044690 -0.0253663 -0.0020872 0.9996660
261.600100 -0.8900882 -0.0726615 3.9870398 -0.0016446 -0.0203831 -0.0014592 0.9997898
261.912500 -0.8951349 -0.0761255 4.1222386 0.0106088 -0.0185011 0.0016626 0.9997712
262.225000 -0.9009756 -0.0806659 4.2584839 0.0095391 -0.0179680 -0.0014278 0.9997920
262.537300 -0.9070308 -0.0839550 4.3983727 0.0011520 -0.0191361 -0.0023877 0.9998134
262.849800 -0.9117377 -0.0845116 4.5418458 -0.0052890 -0.0220781 -0.0015941 0.9997410
263.162300 -0.9180593 -0.0859414 4.6886616 0.0023688 -0.0239565 0.0012760 0.9997094
263.475000 -0.9252472 -0.0893224 4.8395762 0.0099286 -0.0248412 0.0033143 0.9996366
263.787300 -0.9329361 -0.0931867 4.9947047 0.0045202 -0.0264935 0.0029680 0.9996344
264.099900 -0.9422939 -0.0973573 5.1521945 0.0053803 -0.0287504 0.0016028 0.9995708
264.308100 -0.9488046 -0.0998691 5.2585177 0.0020929 -0.0306928 0.0013842 0.9995257
264.516300 -0.9558069 -0.1022226 5.3646822 0.0018755 -0.0324845 0.0013567 0.9994696
264.724600 -0.9625736 -0.1041737 5.4697943 0.0021212 -0.0342889 0.0009615 0.9994093
264.932800 -0.9696906 -0.1063315 5.5753317 0.0010576 -0.0350704 0.0003168 0.9993842
265.245300 -0.9808826 -0.1102485 5.7309656 0.0024894 -0.0354450 0.0009700 0.9993681
265.453600 -0.9886917 -0.1117292 5.8349304 -0.0016410 -0.0369216 0.0020003 0.9993148
265.661800 -0.9969956 -0.1138679 5.9365630 -0.0012906 -0.0381513 0.0016118 0.9992698
265.974200 -1.0090487 -0.1171147 6.0883818 0.0016297 -0.0383852 0.0001993 0.9992617
266.078300 -1.0133919 -0.1180478 6.1384845 0.0009867 -0.0374005 0.0006686 0.9992996
266.286700 -1.0206565 -0.1206573 6.2378898 0.0004185 -0.0362373 0.0005712 0.9993430
266.495100 -1.0277723 -0.1227016 6.3360920 0.0005026 -0.0347505 0.0001414 0.9993959
266.703500 -1.0351851 -0.1248498 6.4334111 0.0001680 -0.0331756 -0.0010244 0.9994490
266.911700 -1.0412998 -0.1269579 6.5281739 0.0018759 -0.0318749 -0.0012525 0.9994893
267.120100 -1.0480980 -0.1293675 6.6233854 0.0037644 -0.0300029 -0.0031725 0.9995377
267.432700 -1.0568123 -0.1328877 6.7652669 0.0035210 -0.0272785 0.0003493 0.9996216
267.641100 -1.0627148 -0.1357013 6.8591518 0.0054703 -0.0264200 -0.0024235 0.9996330
267.849300 -1.0693221 -0.1382327 6.9531751 0.0105892 -0.0259862 -0.0082382 0.9995723
267.953500 -1.0725235 -0.1400731 7.0010061 0.0093129 -0.0264822 -0.0092119 0.9995635
268.161700 -1.0790106 -0.1433935 7.0972743 0.0079996 -0.0287120 -0.0093016 0.9995124
268.266000 -1.0819180 -0.1446331 7.1459255 0.0076232 -0.0296020 -0.0061359 0.9995139
268.474200 -1.0877982 -0.1468577 7.2443700 0.0021263 -0.0314590 -0.0037414 0.9994957
268.682600 -1.0940244 -0.1480892 7.3433261 -0.0050667 -0.0331975 0.0003922 0.9994359
268.995100 -1.1043177 -0.1492525 7.4910846 0.0025511 -0.0357454 0.0022307 0.9993552
269.932600 -1.1400267 -0.1613625 7.9639654 0.0054573 -0.0331739 -0.0010658 0.9994341
270.870000 -1.1726587 -0.1748901 8.4455175 0.0045392 -0.0303616 -0.0035832 0.9995223
271.703000 -1.1990969 -0.1846946 8.8589439 -0.0009033 -0.0292159 -0.0027422 0.9995689
272.536200 -1.2211065 -0.1937853 9.2287416 0.0044142 -0.0271818 -0.0030295 0.9996161
272.953000 -1.2306421 -0.1974051 9.4055948 0.0041212 -0.0255678 -0.0004154 0.9996645
273.369900 -1.2367287 -0.2010902 9.5834217 0.0051073 -0.0236271 0.0024009 0.9997049
273.786700 -1.2416071 -0.2054319 9.7602673 0.0149687 -0.0223364 0.0043103 0.9996291
274.203200 -1.2526910 -0.2145879 9.9328012 0.0145708 -0.0321803 0.0047291 0.9993647
274.515600 -1.2647263 -0.2184706 10.0663700 0.0015756 -0.0443285 -0.0004182 0.9990157
274.828200 -1.2771686 -0.2196572 10.1967936 0.0025280 -0.0514057 -0.0039200 0.9986669
275.141200 -1.2916335 -0.2225502 10.3370562 0.0061924 -0.0476350 -0.0011083 0.9988450
275.454100 -1.3042576 -0.2261986 10.4812279 0.0110232 -0.0451947 0.0038895 0.9989098
275.662600 -1.3125048 -0.2291203 10.5798740 0.0115731 -0.0441171 0.0031823 0.9989542
275.871100 -1.3218052 -0.2320018 10.6787214 0.0080627 -0.0430200 0.0014719 0.9990406
276.079600 -1.3306525 -0.2350591 10.7797146 0.0072490 -0.0420537 0.0043648 0.9990795
276.392200 -1.3436298 -0.2399064 10.9331608 0.0126220 -0.0417590 0.0072833 0.9990214
276.600600 -1.3529795 -0.2435945 11.0374603 0.0081544 -0.0410750 0.0048629 0.9991109
276.809000 -1.3617591 -0.2469609 11.1420059 0.0049536 -0.0409445 0.0043807 0.9991395
277.017400 -1.3710222 -0.2496786 11.2453928 0.0047580 -0.0406368 0.0032868 0.9991572
277.121500 -1.3756334 -0.2514368 11.2966423 0.0063695 -0.0405509 0.0024403 0.9991542
277.329900 -1.3841883 -0.2549908 11.3982239 0.0088834 -0.0404103 0.0034461 0.9991378
277.538200 -1.3925616 -0.2582849 11.5001125 0.0085731 -0.0399421 0.0054891 0.9991502
277.746600 -1.4010297 -0.2619348 11.6001091 0.0041221 -0.0397202 0.0050593 0.9991895
277.954900 -1.4090955 -0.2644396 11.6972933 0.0074318 -0.0393290 0.0016543 0.9991973
278.163200 -1.4178936 -0.2673686 11.7968998 0.0075056 -0.0386136 -0.0010660 0.9992254
278.371500 -1.4255837 -0.2708462 11.8932085 0.0054545 -0.0393454 0.0000530 0.9992108
278.684000 -1.4373953 -0.2754895 12.0325994 0.0050353 -0.0412163 0.0008319 0.9991372
278.996200 -1.4500432 -0.2801868 12.1660442 0.0048627 -0.0430151 -0.0001212 0.9990626
279.204500 -1.4579364 -0.2825079 12.2522278 -0.0001259 -0.0443637 -0.0003970 0.9990153
279.621000 -1.4740442 -0.2866125 12.4155312 0.0044710 -0.0453344 -0.0007095 0.9989616
279.829400 -1.4812590 -0.2888142 12.4973736 0.0044856 -0.0459589 0.0000615 0.9989333
280.037700 -1.4889972 -0.2912129 12.5782032 0.0040965 -0.0451831 -0.0010822 0.9989697
280.246100 -1.4964229 -0.2936485 12.6583357 0.0087092 -0.0432087 -0.0040113 0.9990200
280.454600 -1.5038253 -0.2965289 12.7378654 0.0123428 -0.0407934 -0.0063547 0.9990712
280.663000 -1.5110197 -0.2996289 12.8180017 0.0119073 -0.0378036 -0.0090310 0.9991735
280.871400 -1.5165476 -0.3024842 12.8990774 0.0103567 -0.0348910 -0.0072460 0.9993112
281.079700 -1.5224049 -0.3051105 12.9802971 0.0091581 -0.0315152 -0.0066165 0.9994394
281.288100 -1.5276214 -0.3073989 13.0626383 0.0074699 -0.0283334 -0.0061675 0.9995516
281.496600 -1.5325990 -0.3095792 13.1470804 0.0056214 -0.0246027 -0.0077541 0.9996514
281.705000 -1.5363951 -0.3118592 13.2319307 0.0090453 -0.0207916 -0.0081821 0.9997094
281.913400 -1.5393903 -0.3141819 13.3194723 0.0060053 -0.0167194 -0.0060120 0.9998241
282.121900 -1.5420707 -0.3165798 13.4083614 0.0130138 -0.0130855 -0.0043713 0.9998201
282.330200 -1.5442001 -0.3199353 13.4994783 0.0144009 -0.0089141 -0.0041310 0.9998480
282.538600 -1.5457646 -0.3230625 13.5916214 0.0102409 -0.0045998 -0.0044752 0.9999270
282.747000 -1.5464388 -0.3263595 13.6841278 0.0138631 -0.0003909 -0.0043118 0.9998945
282.955500 -1.5463203 -0.3306577 13.7778692 0.0164792 0.0038368 -0.0049605 0.9998446
283.163700 -1.5454361 -0.3348156 13.8740911 0.0134311 0.0081251 -0.0052190 0.9998631
283.372200 -1.5433459 -0.3383755 13.9714317 0.0096669 0.0121779 -0.0040700 0.9998708
283.580600 -1.5405023 -0.3420472 14.0693407 0.0090561 0.0155638 -0.0021041 0.9998357
283.788900 -1.5373943 -0.3452912 14.1687145 0.0133287 0.0169549 -0.0009511 0.9997669
284.101200 -1.5331688 -0.3516730 14.3196859 0.0118971 0.0183744 -0.0015403 0.9997592
284.309500 -1.5297005 -0.3555218 14.4213953 0.0120920 0.0186934 0.0001171 0.9997521
284.621900 -1.5247865 -0.3614546 14.5763426 0.0123778 0.0181218 0.0007332 0.9997589
284.830100 -1.5213902 -0.3656460 14.6806831 0.0079560 0.0174590 0.0024871 0.9998128
285.038200 -1.5181308 -0.3694163 14.7837000 0.0080840 0.0164357 0.0036610 0.9998255
285.246400 -1.5159993 -0.3729900 14.8856583 0.0099739 0.0156960 0.0016153 0.9998258
285.454600 -1.5132966 -0.3769295 14.9875956 0.0100023 0.0142377 0.0012512 0.9998478
285.662700 -1.5110344 -0.3809046 15.0892267 0.0095406 0.0130403 -0.0000730 0.9998695
285.871000 -1.5092009 -0.3849043 15.1894455 0.0102546 0.0117079 -0.0015553 0.9998776
286.079200 -1.5076071 -0.3890440 15.2893381 0.0094057 0.0099155 -0.0011997 0.9999059
286.287400 -1.5067915 -0.3928627 15.3877087 0.0141010 0.0077739 0.0005242 0.9998702
286.495600 -1.5054986 -0.3968292 15.4871531 0.0066349 0.0059089 0.0019626 0.9999586
286.703900 -1.5053028 -0.3994074 15.5851068 0.0015033 0.0051505 0.0007048 0.9999853
286.912200 -1.5057225 -0.4020053 15.6817083 0.0076751 0.0045386 -0.0053665 0.9999458
287.120500 -1.5059224 -0.4056588 15.7775831 0.0095065 0.0041053 -0.0083016 0.9999119
287.328700 -1.5058689 -0.4086994 15.8733339 0.0061288 0.0031740 -0.0110259 0.9999154
287.537000 -1.5058948 -0.4117093 15.9674397 0.0062059 0.0013445 -0.0116061 0.9999125
