0.000000 -0.8451409 0.0170451 -0.7685545 -0.0029809 -0.0088332 -0.0006062 0.9999564
0.208477 -0.8463201 0.0164146 -0.7163249 -0.0017838 -0.0102141 0.0006065 0.9999461
0.312729 -0.8467330 0.0159148 -0.6900982 -0.0011706 -0.0112984 0.0008586 0.9999351
0.416979 -0.8474989 0.0156183 -0.6641595 -0.0002681 -0.0122515 0.0018220 0.9999232
0.521227 -0.8481027 0.0153533 -0.6379979 0.0008445 -0.0130726 0.0029860 0.9999098
0.625476 -0.8489147 0.0149178 -0.6115642 0.0011333 -0.0137777 0.0035348 0.9998982
0.833976 -0.8510238 0.0137735 -0.5571820 0.0009526 -0.0150564 0.0037935 0.9998790
0.938359 -0.8520985 0.0131946 -0.5298077 0.0023050 -0.0156235 0.0035145 0.9998691
1.146853 -0.8543834 0.0120419 -0.4735264 0.0060093 -0.0169870 0.0021234 0.9998354
1.355354 -0.8573681 0.0113318 -0.4143184 0.0026938 -0.0179472 -0.0000349 0.9998353
1.563854 -0.8599393 0.0106757 -0.3519760 -0.0057702 -0.0188200 -0.0008868 0.9998059
1.772352 -0.8633619 0.0099612 -0.2886272 -0.0017248 -0.0196325 -0.0031530 0.9998008
1.980855 -0.8663762 0.0101764 -0.2215866 0.0004432 -0.0208191 -0.0017747 0.9997816
2.189354 -0.8696076 0.0098455 -0.1504947 -0.0079609 -0.0211967 -0.0011119 0.9997430
2.397855 -0.8731077 0.0101247 -0.0766778 -0.0086978 -0.0214522 0.0002881 0.9997320
2.606377 -0.8766817 0.0107850 0.0001998 -0.0055903 -0.0209944 -0.0007189 0.9997637
2.814856 -0.8799286 0.0104429 0.0800084 0.0001633 -0.0200873 0.0025089 0.9997951
3.023358 -0.8836211 0.0097147 0.1628453 0.0034000 -0.0195074 0.0009462 0.9998035
3.231728 -0.8871554 0.0083312 0.2489040 0.0038762 -0.0196669 0.0002524 0.9997990
3.544357 -0.8929307 0.0054208 0.3810502 0.0052858 -0.0198508 -0.0037234 0.9997820
3.856982 -0.8985117 0.0022073 0.5177626 0.0046978 -0.0205215 -0.0046350 0.9997677
4.169606 -0.9045718 -0.0010464 0.6576748 0.0035640 -0.0209376 -0.0052543 0.9997606
4.482232 -0.9112275 -0.0037527 0.8006849 0.0023447 -0.0215287 -0.0054673 0.9997506
4.690605 -0.9157202 -0.0053474 0.8979840 -0.0006338 -0.0221858 -0.0054574 0.9997388
5.003109 -0.9233255 -0.0072999 1.0456673 0.0001421 -0.0229364 -0.0053426 0.9997227
5.315611 -0.9313005 -0.0093935 1.1940908 -0.0027248 -0.0238124 -0.0051697 0.9996994
5.628235 -0.9391354 -0.0114260 1.3418763 0.0012784 -0.0243685 -0.0070384 0.9996775
5.940858 -0.9473943 -0.0140436 1.4907615 -0.0009905 -0.0241030 -0.0076382 0.9996798
6.149354 -0.9522244 -0.0156782 1.5893795 -0.0013026 -0.0240121 -0.0067836 0.9996878
6.357731 -0.9571294 -0.0170879 1.6881855 0.0007719 -0.0237610 -0.0064605 0.9996965
6.566109 -0.9616551 -0.0193395 1.7862676 0.0035831 -0.0237718 -0.0052207 0.9996974
6.774485 -0.9667619 -0.0213124 1.8852154 0.0033961 -0.0234495 -0.0035818 0.9997128
6.982859 -0.9714091 -0.0229132 1.9843637 -0.0024860 -0.0232843 -0.0022492 0.9997233
7.191236 -0.9760004 -0.0243714 2.0829833 -0.0014569 -0.0231435 0.0001232 0.9997311
7.399507 -0.9808656 -0.0264032 2.1812446 0.0019698 -0.0232316 -0.0002607 0.9997281
7.607858 -0.9860148 -0.0284759 2.2797658 0.0045178 -0.0228258 -0.0017186 0.9997278
7.816232 -0.9911355 -0.0306534 2.3783128 0.0017004 -0.0223986 -0.0042820 0.9997385
8.024607 -0.9960244 -0.0329007 2.4773951 0.0007166 -0.0223597 -0.0031905 0.9997447
8.232862 -1.0009013 -0.0343657 2.5764122 -0.0008675 -0.0226676 -0.0018399 0.9997410
8.545359 -1.0082604 -0.0372501 2.7230811 0.0007358 -0.0235021 -0.0012210 0.9997228
8.753612 -1.0133433 -0.0389185 2.8202066 0.0009940 -0.0241984 -0.0023719 0.9997039
8.961860 -1.0186504 -0.0407298 2.9170210 -0.0032044 -0.0248843 -0.0036073 0.9996787
9.170238 -1.0238938 -0.0419718 3.0133910 -0.0024431 -0.0254571 -0.0038421 0.9996656
9.378487 -1.0292758 -0.0431985 3.1086934 -0.0018991 -0.0259092 -0.0035273 0.9996563
9.586735 -1.0343803 -0.0446320 3.2020466 -0.0027376 -0.0266109 -0.0024008 0.9996392
9.794986 -1.0401595 -0.0460341 3.2914953 -0.0045379 -0.0272095 -0.0021353 0.9996172
10.003370 -1.0457230 -0.0472706 3.3773918 -0.0041680 -0.0297638 -0.0013689 0.9995474
10.211610 -1.0514666 -0.0484833 3.4595776 -0.0038879 -0.0331091 -0.0012514 0.9994434
10.419890 -1.0577457 -0.0496245 3.5364919 -0.0048951 -0.0360525 -0.0022114 0.9993355
10.628240 -1.0638764 -0.0505925 3.6088469 -0.0059835 -0.0388669 -0.0035577 0.9992201
10.940860 -1.0732516 -0.0522431 3.7078741 -0.0036935 -0.0428977 -0.0060828 0.9990541
11.253490 -1.0825953 -0.0539473 3.7942150 0.0000825 -0.0454044 -0.0092543 0.9989258
11.670740 -1.0920357 -0.0561545 3.8938737 -0.0025788 -0.0370315 -0.0140865 0.9992115
11.879370 -1.0942044 -0.0568881 3.9382408 -0.0045069 -0.0263191 -0.0138528 0.9995474
12.192740 -1.0938188 -0.0580462 3.9977310 -0.0029104 -0.0032377 -0.0127741 0.9999089
12.401640 -1.0913310 -0.0588707 4.0347371 0.0015220 0.0195648 -0.0114652 0.9997417
12.715240 -1.0830251 -0.0601471 4.0878248 0.0043265 0.0647160 -0.0075884 0.9978655
13.028860 -1.0688884 -0.0620528 4.1367979 0.0058458 0.1229563 -0.0031868 0.9923897
13.237880 -1.0569983 -0.0633559 4.1672025 0.0063190 0.1679512 -0.0041559 0.9857663
13.446740 -1.0414199 -0.0641785 4.1956849 0.0052484 0.2152921 -0.0038381 0.9765280
13.655610 -1.0231718 -0.0655930 4.2218742 0.0066859 0.2639023 -0.0028422 0.9645221
13.864360 -1.0027131 -0.0667964 4.2465515 0.0103123 0.3131857 -0.0048339 0.9496236
14.073120 -0.9793237 -0.0677280 4.2698307 0.0123326 0.3646052 -0.0095317 0.9310317
14.281780 -0.9518081 -0.0691704 4.2898397 0.0127088 0.4150425 -0.0076059 0.9096814
14.490490 -0.9217941 -0.0702142 4.3079333 0.0104899 0.4658162 -0.0063412 0.8847966
14.699110 -0.8888288 -0.0715500 4.3227134 0.0082348 0.5155224 -0.0037077 0.8568285
14.907610 -0.8531073 -0.0728871 4.3350563 0.0070443 0.5628138 -0.0073400 0.8265211
15.116140 -0.8145088 -0.0740265 4.3440914 0.0099658 0.6042647 -0.0094652 0.7966651
15.324240 -0.7724358 -0.0753424 4.3495946 0.0151564 0.6349002 -0.0048499 0.7724302
15.532120 -0.7271055 -0.0770954 4.3546352 0.0152343 0.6575436 -0.0041653 0.7532510
15.739890 -0.6779486 -0.0786074 4.3592234 0.0078474 0.6760386 -0.0057925 0.7368016
15.947760 -0.6249673 -0.0805233 4.3600836 0.0114714 0.6916040 -0.0007962 0.7221854
16.155710 -0.5683129 -0.0820429 4.3602376 0.0157945 0.7031016 -0.0019361 0.7109113
16.363390 -0.5075820 -0.0840344 4.3598886 0.0167269 0.7092388 -0.0038393 0.7047594
16.570990 -0.4427418 -0.0863103 4.3586788 0.0177946 0.7098958 0.0008935 0.7040813
16.778640 -0.3742880 -0.0885167 4.3593111 0.0161659 0.7087481 -0.0008814 0.7052758
16.986490 -0.3025318 -0.0908543 4.3595610 0.0165421 0.7079790 -0.0020086 0.7060369
17.194620 -0.2272007 -0.0934002 4.3598976 0.0152120 0.7075067 -0.0022200 0.7065395
17.402740 -0.1495938 -0.0961599 4.3595037 0.0145257 0.7074027 -0.0003442 0.7066614
17.610870 -0.0712023 -0.0986167 4.3598614 0.0124997 0.7082890 -0.0005515 0.7058117
17.819120 0.0094684 -0.1010277 4.3593140 0.0123210 0.7090701 0.0022877 0.7050266
18.027490 0.0908396 -0.1036780 4.3592925 0.0116013 0.7099631 -0.0011570 0.7041424
18.235760 0.1736952 -0.1063102 4.3589211 0.0142848 0.7107068 -0.0028700 0.7033375
18.444000 0.2581357 -0.1091365 4.3592372 0.0097422 0.7117486 -0.0030382 0.7023602
18.756500 0.3855058 -0.1131030 4.3584352 0.0029135 0.7118738 -0.0013713 0.7023001
18.964900 0.4685977 -0.1158537 4.3573852 0.0111462 0.7110596 -0.0059010 0.7030186
19.173270 0.5518934 -0.1187114 4.3570094 0.0120840 0.7104893 -0.0046732 0.7035887
19.485910 0.6765343 -0.1229633 4.3563395 0.0099232 0.7101240 0.0001789 0.7040067
19.694390 0.7580816 -0.1255216 4.3567047 0.0081874 0.7112878 -0.0024633 0.7028489
20.007130 0.8793471 -0.1297172 4.3557105 0.0072588 0.7135838 -0.0037647 0.7005222
20.319990 0.9977729 -0.1335774 4.3539023 0.0058570 0.7158284 -0.0039263 0.6982406
20.528590 1.0753751 -0.1360039 4.3523207 0.0064395 0.7168975 -0.0043024 0.6971356
20.737490 1.1514238 -0.1386025 4.3498435 0.0065925 0.7176615 -0.0027554 0.6963554
20.945510 1.2264255 -0.1410435 4.3482509 0.0049837 0.7186479 -0.0034202 0.6953479
21.153990 1.2977560 -0.1435669 4.3461232 0.0040254 0.7191114 -0.0031696 0.6948760
21.362520 1.3668981 -0.1456562 4.3443227 0.0062993 0.7192726 -0.0049912 0.6946815
21.571010 1.4353124 -0.1481123 4.3426123 0.0065401 0.7193756 -0.0064552 0.6945606
21.779630 1.5031892 -0.1508210 4.3404250 0.0067352 0.7194847 -0.0055144 0.6944538
21.988560 1.5703825 -0.1533699 4.3390346 0.0046613 0.7196448 -0.0079104 0.6942816
22.196780 1.6367747 -0.1555416 4.3371353 0.0047348 0.7200594 -0.0066298 0.6938646
22.405410 1.7023501 -0.1576643 4.3350239 0.0021137 0.7230848 -0.0088900 0.6906988
22.614140 1.7669599 -0.1599706 4.3310947 0.0064558 0.7273934 -0.0089387 0.6861320
22.822680 1.8327677 -0.1625714 4.3265557 0.0050735 0.7318265 -0.0109717 0.6813838
23.031260 1.8997701 -0.1647253 4.3212976 0.0041211 0.7351339 -0.0119483 0.6778041
23.239660 1.9684741 -0.1667686 4.3159695 0.0025513 0.7375187 -0.0112438 0.6752283
23.448150 2.0388088 -0.1692389 4.3097725 0.0010053 0.7386276 -0.0084090 0.6740605
23.656510 2.1099319 -0.1713115 4.3035259 0.0022780 0.7392356 -0.0094659 0.6733766
23.865000 2.1817935 -0.1737116 4.2959743 0.0100000 0.7394332 -0.0077888 0.6731105
24.073430 2.2553158 -0.1763264 4.2893968 0.0092348 0.7398006 -0.0078259 0.6727172
24.281890 2.3284738 -0.1792240 4.2826858 0.0076145 0.7399664 -0.0042819 0.6725871
24.490410 2.4015567 -0.1818167 4.2759743 0.0075070 0.7408100 -0.0048935 0.6716548
24.698880 2.4743268 -0.1844182 4.2689652 0.0077761 0.7423393 -0.0051931 0.6699589
24.907380 2.5463984 -0.1869946 4.2613182 0.0076887 0.7435608 -0.0050195 0.6686053
25.115970 2.6194141 -0.1893772 4.2542205 0.0074884 0.7445422 -0.0066770 0.6675000
25.428740 2.7299113 -0.1927217 4.2424965 0.0068758 0.7456296 -0.0067589 0.6662908
25.637140 2.8047223 -0.1946231 4.2347670 0.0036647 0.7466031 -0.0072973 0.6652195
25.950030 2.9191601 -0.1983652 4.2212081 0.0048432 0.7486047 -0.0070158 0.6629618
26.262800 3.0350561 -0.2026802 4.2070689 0.0100777 0.7496126 -0.0095559 0.6617312
26.575550 3.1539083 -0.2073814 4.1920910 0.0115405 0.7492419 -0.0066707 0.6621623
26.784000 3.2345912 -0.2105030 4.1827412 0.0096108 0.7483752 -0.0057506 0.6631811
26.992430 3.3163893 -0.2132903 4.1732750 0.0076713 0.7472700 -0.0029866 0.6644695
27.200890 3.3975430 -0.2161695 4.1644011 0.0088606 0.7462451 -0.0047634 0.6655952
27.409410 3.4790359 -0.2191349 4.1556621 0.0117196 0.7450575 -0.0089074 0.6668379
27.617880 3.5599539 -0.2221296 4.1472845 0.0097664 0.7442293 -0.0074268 0.6678116
27.826410 3.6420035 -0.2255244 4.1389346 0.0090899 0.7438334 -0.0065849 0.6682708
28.034970 3.7233646 -0.2286080 4.1305447 0.0091112 0.7433877 -0.0052637 0.6687780
28.243410 3.8043492 -0.2317383 4.1219602 0.0107101 0.7427732 -0.0038625 0.6694463
28.451910 3.8851557 -0.2348469 4.1143599 0.0113833 0.7422771 -0.0059224 0.6699702
28.764800 4.0052228 -0.2394798 4.1035962 0.0049310 0.7425794 -0.0087732 0.6696824
28.973270 4.0837560 -0.2426448 4.0963655 0.0060951 0.7433128 -0.0127977 0.6687937
29.181800 4.1615210 -0.2461589 4.0881748 0.0067070 0.7435710 -0.0120627 0.6685145
29.390270 4.2386165 -0.2497593 4.0801024 0.0088880 0.7438671 -0.0125714 0.6681502
29.598790 4.3147597 -0.2534658 4.0726929 0.0086481 0.7445462 -0.0139833 0.6673685
29.807270 4.3898044 -0.2574482 4.0646496 0.0079092 0.7462795 -0.0146772 0.6654239
30.015910 4.4636965 -0.2611136 4.0563598 0.0087202 0.7484285 -0.0169396 0.6629418
30.224420 4.5366983 -0.2650039 4.0477152 0.0088172 0.7506127 -0.0159036 0.6604921
30.432920 4.6088686 -0.2692361 4.0386267 0.0094559 0.7519585 -0.0190205 0.6588681
30.641400 4.6802645 -0.2733350 4.0293860 0.0134467 0.7533296 -0.0221546 0.6571323
30.850030 4.7518139 -0.2778837 4.0197315 0.0104179 0.7555488 -0.0183479 0.6547525
31.058390 4.8225627 -0.2822768 4.0098066 0.0101808 0.7568058 -0.0191258 0.6532806
31.266890 4.8928404 -0.2865121 3.9999804 0.0110357 0.7584902 -0.0226915 0.6511957
31.475390 4.9623804 -0.2910506 3.9898303 0.0154616 0.7599009 -0.0246084 0.6493890
31.683900 5.0304351 -0.2958338 3.9789839 0.0153785 0.7615252 -0.0245004 0.6474895
31.892590 5.0987563 -0.3007878 3.9673157 0.0158254 0.7647371 -0.0201027 0.6438343
32.101220 5.1660042 -0.3057751 3.9555588 0.0146703 0.7696094 -0.0204062 0.6380202
32.309930 5.2321248 -0.3100247 3.9422297 0.0149989 0.7768734 -0.0214551 0.6291124
32.518590 5.2977767 -0.3148271 3.9270673 0.0163309 0.7846865 -0.0202846 0.6193455
32.727140 5.3624344 -0.3191520 3.9101899 0.0186592 0.7915733 -0.0175461 0.6105371
32.935760 5.4256134 -0.3236472 3.8924737 0.0219393 0.7970080 -0.0134534 0.6034203
33.144180 5.4878492 -0.3278920 3.8738067 0.0226728 0.8003303 -0.0107353 0.5990344
33.248440 5.5185308 -0.3297233 3.8646245 0.0236098 0.8011565 -0.0070962 0.5979469
33.456640 5.5795383 -0.3335606 3.8455474 0.0254632 0.8015476 -0.0020577 0.5973850
33.560850 5.6094022 -0.3354134 3.8365302 0.0278003 0.8014564 -0.0034138 0.5973969
33.769250 5.6686602 -0.3385631 3.8194411 0.0295228 0.8009068 -0.0041323 0.5980465
33.873500 5.6978350 -0.3403848 3.8107867 0.0292623 0.8003758 -0.0029348 0.5987768
34.081820 5.7558684 -0.3439439 3.7937870 0.0294268 0.7993041 -0.0010017 0.6002049
34.185940 5.7842073 -0.3455545 3.7858770 0.0306984 0.7986138 -0.0012907 0.6010591
34.394020 5.8406692 -0.3489976 3.7702456 0.0314265 0.7956538 -0.0007069 0.6049354
34.602300 5.8959651 -0.3522987 3.7556205 0.0310952 0.7924109 0.0016007 0.6091925
34.706380 5.9232931 -0.3539570 3.7485943 0.0308911 0.7911678 0.0019988 0.6108152
34.914790 5.9775238 -0.3566371 3.7345715 0.0315994 0.7885952 0.0048941 0.6140807
35.019540 6.0039320 -0.3579571 3.7276688 0.0317089 0.7872878 0.0063164 0.6157375
35.227510 6.0558987 -0.3608773 3.7157788 0.0299854 0.7851593 0.0045047 0.6185511
35.436220 6.1065145 -0.3637069 3.7039378 0.0331137 0.7818531 0.0031050 0.6225749
35.748270 6.1819410 -0.3676231 3.6892979 0.0310346 0.7736726 0.0019344 0.6328222
36.060640 6.2555966 -0.3717691 3.6774936 0.0304954 0.7602203 0.0030454 0.6489421
36.476890 6.3534279 -0.3775145 3.6700978 0.0268097 0.7322245 -0.0010967 0.6805346
36.685150 6.4015980 -0.3802588 3.6701953 0.0235559 0.7184108 -0.0065526 0.6951893
36.893640 6.4493427 -0.3829286 3.6713586 0.0177284 0.7096804 -0.0111340 0.7042126
36.998010 6.4730330 -0.3843281 3.6720567 0.0140816 0.7088594 -0.0131309 0.7050869
37.207180 6.5200629 -0.3869320 3.6719000 0.0084497 0.7156178 -0.0142789 0.6982950
37.311660 6.5430059 -0.3880722 3.6708179 0.0076352 0.7202361 -0.0138614 0.6935485
37.416200 6.5660634 -0.3892488 3.6692796 0.0080941 0.7245820 -0.0124017 0.6890295
37.520670 6.5888605 -0.3904607 3.6675510 0.0082541 0.7287008 -0.0117777 0.6846811
37.729650 6.6337862 -0.3924299 3.6638870 0.0054714 0.7391018 -0.0134755 0.6734368
37.938540 6.6782188 -0.3942222 3.6583242 0.0062307 0.7501258 -0.0119386 0.6611581
38.043370 6.6994562 -0.3953071 3.6547122 0.0063363 0.7547949 -0.0106262 0.6558442
38.251530 6.7419991 -0.3972118 3.6475582 0.0046598 0.7639711 -0.0105870 0.6451468
38.460120 6.7834187 -0.3990234 3.6388886 0.0063594 0.7714097 -0.0091105 0.6362419
38.668540 6.8241997 -0.4007230 3.6296597 0.0092707 0.7768879 -0.0085039 0.6295133
38.876940 6.8645935 -0.4019769 3.6209617 0.0093614 0.7794799 -0.0078170 0.6263084
39.189420 6.9229727 -0.4046197 3.6076612 0.0101358 0.7806531 -0.0058904 0.6248547
39.502140 6.9814005 -0.4068492 3.5944891 0.0110840 0.7837902 -0.0085353 0.6208682
39.710790 7.0216627 -0.4085661 3.5847387 0.0097446 0.7872205 -0.0083769 0.6165377
39.919470 7.0631652 -0.4102046 3.5736408 0.0119972 0.7906708 -0.0070537 0.6120833
40.128060 7.1056190 -0.4118168 3.5622044 0.0124870 0.7942418 -0.0087685 0.6074101
40.336550 7.1493435 -0.4134974 3.5495691 0.0151154 0.7975568 -0.0073026 0.6030102
40.545050 7.1941214 -0.4153937 3.5365930 0.0154828 0.8002867 -0.0065034 0.5993823
40.753570 7.2393656 -0.4172708 3.5232506 0.0139851 0.8024116 -0.0037402 0.5965954
40.962050 7.2851877 -0.4192014 3.5091076 0.0149076 0.8038907 0.0000640 0.5945902
41.170430 7.3312936 -0.4207497 3.4957116 0.0146705 0.8044556 -0.0005027 0.5938314
41.378780 7.3763189 -0.4223586 3.4819913 0.0162430 0.8038942 -0.0002900 0.5945504
41.691270 7.4438925 -0.4243848 3.4631610 0.0166405 0.8018834 -0.0004868 0.5972486
42.003780 7.5087104 -0.4269184 3.4447858 0.0189116 0.7987476 -0.0018086 0.6013662
42.316180 7.5692124 -0.4296198 3.4289722 0.0175871 0.7949755 0.0000465 0.6063866
42.628660 7.6237869 -0.4319283 3.4152975 0.0158755 0.7881756 0.0047091 0.6152276
42.940920 7.6731720 -0.4338807 3.4055324 0.0152496 0.7751207 0.0029297 0.6316223
43.252900 7.7215085 -0.4356504 3.3995652 0.0184034 0.7530867 0.0001745 0.6576638
43.565080 7.7687678 -0.4374570 3.3990629 0.0122651 0.7221195 -0.0026336 0.6916546
43.877060 7.8150902 -0.4391065 3.4035363 0.0043027 0.6890627 -0.0036429 0.7246798
44.189150 7.8602109 -0.4405219 3.4115736 0.0019619 0.6521459 -0.0021435 0.7580879
44.397150 7.8898859 -0.4410837 3.4200604 0.0029605 0.6236256 -0.0042230 0.7817062
44.709450 7.9341102 -0.4423199 3.4383307 0.0035254 0.5728409 -0.0079905 0.8196201
44.917460 7.9632807 -0.4433344 3.4549415 0.0042882 0.5335311 -0.0127997 0.8456727
45.125340 7.9934473 -0.4446030 3.4746633 0.0084698 0.4917220 -0.0112298 0.8706386
45.333290 8.0237141 -0.4454790 3.4986541 0.0096316 0.4480004 -0.0097260 0.8939286
45.541680 8.0526581 -0.4468463 3.5288064 0.0053704 0.4037120 -0.0132631 0.9147742
45.749840 8.0815125 -0.4481406 3.5628414 0.0050523 0.3592593 -0.0130156 0.9331333
45.958150 8.1100254 -0.4494682 3.6021471 0.0049359 0.3166743 -0.0112301 0.9484550
46.167710 8.1376448 -0.4506561 3.6466827 0.0036862 0.2788418 -0.0116710 0.9602591
46.375430 8.1642141 -0.4518770 3.6967614 0.0012966 0.2476239 -0.0113531 0.9687889
46.584500 8.1903620 -0.4525052 3.7518137 -0.0019468 0.2238656 -0.0104987 0.9745615
46.793320 8.2165909 -0.4531589 3.8104482 -0.0021111 0.2053546 -0.0068488 0.9786614
47.002150 8.2418690 -0.4535792 3.8729835 -0.0017077 0.1876014 -0.0032765 0.9822383
47.210900 8.2650766 -0.4543242 3.9393981 -0.0013376 0.1707118 -0.0031411 0.9853151
47.419800 8.2877293 -0.4548085 4.0092392 -0.0024557 0.1590195 -0.0050332 0.9872596
47.628840 8.3106937 -0.4553562 4.0817156 -0.0039411 0.1561253 -0.0076946 0.9876994
47.837650 8.3343573 -0.4557629 4.1558933 -0.0035347 0.1558618 -0.0057682 0.9877557
48.046420 8.3592072 -0.4566196 4.2329140 -0.0017487 0.1559262 -0.0039564 0.9877592
48.255170 8.3846684 -0.4574372 4.3119688 -0.0028151 0.1565745 -0.0039162 0.9876544
48.463660 8.4107018 -0.4583312 4.3933477 -0.0045829 0.1575448 -0.0021439 0.9874989
48.672200 8.4372997 -0.4591745 4.4747858 -0.0040863 0.1580097 -0.0010951 0.9874285
48.985000 8.4780674 -0.4601265 4.5975504 -0.0068293 0.1582398 0.0012594 0.9873763
49.193280 8.5051842 -0.4601635 4.6798515 -0.0059117 0.1579661 0.0028757 0.9874226
49.407810 8.5319786 -0.4607223 4.7617302 -0.0042381 0.1575801 0.0033568 0.9874914
49.610180 8.5587664 -0.4612163 4.8437619 -0.0040674 0.1563358 0.0036573 0.9876888
49.922840 8.5973778 -0.4628165 4.9657879 -0.0050842 0.1545507 0.0030437 0.9879671
50.131080 8.6231146 -0.4633282 5.0478859 -0.0046934 0.1530690 0.0028045 0.9882004
50.443670 8.6612320 -0.4645208 5.1701326 -0.0062649 0.1505645 0.0041607 0.9885716
50.756210 8.6978455 -0.4653095 5.2904930 -0.0057920 0.1476315 0.0053593 0.9890110
50.964550 8.7213593 -0.4656119 5.3694181 -0.0062026 0.1457482 0.0061743 0.9892830
51.172910 8.7441177 -0.4656761 5.4466820 -0.0093457 0.1432743 0.0059859 0.9896208
51.382890 8.7655983 -0.4661393 5.5207496 -0.0061096 0.1408557 0.0059551 0.9899934
51.589660 8.7851286 -0.4667483 5.5910740 -0.0040114 0.1384486 0.0045893 0.9903508
51.798030 8.8033943 -0.4676116 5.6585207 -0.0062128 0.1354928 0.0050216 0.9907461
52.110910 8.8282261 -0.4686878 5.7531910 -0.0090099 0.1290462 0.0053360 0.9915833
52.319330 8.8424911 -0.4691123 5.8108072 -0.0076411 0.1257237 0.0039553 0.9920280
52.632080 8.8619881 -0.4702619 5.8884950 -0.0053519 0.1235920 0.0015247 0.9923175
52.840660 8.8733530 -0.4706142 5.9352088 -0.0027171 0.1227774 0.0015113 0.9924294
53.049160 8.8838539 -0.4714209 5.9794827 -0.0039310 0.1215221 0.0005734 0.9925808
53.361840 8.8986492 -0.4722745 6.0429344 -0.0031596 0.1144313 0.0026457 0.9934226
53.674060 8.9098911 -0.4732391 6.1044245 -0.0024269 0.0929218 0.0043727 0.9956608
53.985990 8.9148159 -0.4738214 6.1636868 -0.0031140 0.0536783 0.0029864 0.9985489
54.297670 8.9128361 -0.4745788 6.2214074 -0.0063402 -0.0008945 0.0009244 0.9999791
54.609440 8.9028196 -0.4750882 6.2754316 -0.0084025 -0.0669339 -0.0067356 0.9976993
54.817300 8.8916531 -0.4745399 6.3103218 -0.0117162 -0.1158261 -0.0086883 0.9931624
55.025330 8.8772593 -0.4742938 6.3438759 -0.0155939 -0.1689595 -0.0084403 0.9854635
55.233280 8.8591452 -0.4741198 6.3747592 -0.0189024 -0.2235116 -0.0107159 0.9744591
55.441330 8.8375425 -0.4732284 6.4028945 -0.0196228 -0.2798326 -0.0131892 0.9597576
55.649410 8.8127651 -0.4718012 6.4281101 -0.0205513 -0.3354520 -0.0127642 0.9417466
55.857760 8.7857704 -0.4704526 6.4507337 -0.0238634 -0.3906020 -0.0110144 0.9201844
55.961860 8.7712641 -0.4699080 6.4605851 -0.0253129 -0.4174762 -0.0107939 0.9082711
56.066000 8.7557030 -0.4692950 6.4697938 -0.0270793 -0.4437842 -0.0106364 0.8956613
56.170220 8.7397881 -0.4684825 6.4780421 -0.0271157 -0.4695855 -0.0119362 0.8823898
56.274310 8.7232533 -0.4677616 6.4848461 -0.0257167 -0.4940813 -0.0138101 0.8689255
56.482840 8.6895657 -0.4664225 6.4959764 -0.0227008 -0.5416630 -0.0159341 0.8401381
56.587120 8.6720514 -0.4656412 6.5006518 -0.0215958 -0.5634965 -0.0159757 0.8256816
56.691300 8.6542234 -0.4650004 6.5044107 -0.0201451 -0.5834311 -0.0163259 0.8117486
56.795690 8.6359444 -0.4643458 6.5076284 -0.0184977 -0.6013731 -0.0172288 0.7985684
56.900200 8.6175728 -0.4636168 6.5102553 -0.0167866 -0.6171336 -0.0178981 0.7864757
57.004560 8.5988693 -0.4628149 6.5128369 -0.0170889 -0.6306833 -0.0162240 0.7756825
57.109200 8.5796700 -0.4617934 6.5157175 -0.0198259 -0.6424085 -0.0130800 0.7659943
57.213710 8.5598192 -0.4608223 6.5179639 -0.0219860 -0.6518163 -0.0119114 0.7579645
57.631790 8.4716215 -0.4578202 6.5229635 -0.0203570 -0.6782871 -0.0181503 0.7342907
57.840730 8.4231539 -0.4558278 6.5256429 -0.0197432 -0.6903844 -0.0117611 0.7230776
58.049450 8.3690329 -0.4533727 6.5258064 -0.0213434 -0.7025317 -0.0091971 0.7112729
58.258220 8.3106899 -0.4514235 6.5234871 -0.0199839 -0.7127895 -0.0145889 0.7009414
58.467090 8.2484837 -0.4489323 6.5201688 -0.0187799 -0.7195816 -0.0165357 0.6939569
58.676060 8.1822901 -0.4461245 6.5164704 -0.0181220 -0.7224728 -0.0180509 0.6909260
58.884940 8.1123333 -0.4433731 6.5120687 -0.0152707 -0.7236469 -0.0207849 0.6896883
59.093910 8.0382500 -0.4401519 6.5075841 -0.0110372 -0.7209313 -0.0243298 0.6924914
59.407510 7.9211397 -0.4354783 6.5047398 -0.0084085 -0.7113954 -0.0274332 0.7022060
59.720720 7.7954283 -0.4303145 6.5049133 -0.0052916 -0.7005918 -0.0298142 0.7129195
60.033570 7.6623425 -0.4250292 6.5101814 -0.0048456 -0.6892328 -0.0328277 0.7237797
60.242110 7.5717344 -0.4209038 6.5156131 -0.0056949 -0.6824806 -0.0342504 0.7300785
60.450550 7.4804049 -0.4173273 6.5227184 -0.0061340 -0.6764898 -0.0348365 0.7356021
60.763240 7.3437963 -0.4118955 6.5354633 -0.0069569 -0.6719138 -0.0331563 0.7398541
61.075690 7.2067170 -0.4065556 6.5487480 -0.0061187 -0.6705983 -0.0329011 0.7410654
61.388180 7.0702276 -0.4015794 6.5620046 -0.0056998 -0.6696519 -0.0335010 0.7418972
61.700910 6.9333377 -0.3964550 6.5751629 -0.0048561 -0.6698313 -0.0342217 0.7417083
61.909070 6.8427320 -0.3935487 6.5837889 -0.0039548 -0.6704954 -0.0327575 0.7411796
62.117440 6.7524447 -0.3901397 6.5919952 -0.0051741 -0.6708226 -0.0349301 0.7407768
62.325700 6.6626987 -0.3868076 6.6000071 -0.0055942 -0.6709760 -0.0358729 0.7405897
62.534220 6.5739322 -0.3833210 6.6084018 -0.0047819 -0.6711605 -0.0357188 0.7404356
62.742660 6.4862542 -0.3798328 6.6169267 -0.0049847 -0.6702262 -0.0363376 0.7412500
62.951190 6.3997612 -0.3766599 6.6253123 -0.0047839 -0.6688236 -0.0366066 0.7425039
63.159760 6.3146286 -0.3735136 6.6336765 -0.0042873 -0.6680209 -0.0356745 0.7432745
63.368170 6.2292700 -0.3704061 6.6423640 -0.0037871 -0.6675976 -0.0358674 0.7436482
63.576570 6.1454134 -0.3674215 6.6513290 -0.0041973 -0.6671097 -0.0357502 0.7440893
63.889570 6.0199599 -0.3628199 6.6646791 -0.0050610 -0.6665738 -0.0357322 0.7445650
64.202080 5.8949127 -0.3584660 6.6780047 -0.0033290 -0.6660830 -0.0336105 0.7451125
64.410540 5.8110085 -0.3553903 6.6873841 -0.0034701 -0.6654767 -0.0337170 0.7456487
64.723370 5.6847830 -0.3514271 6.7016392 -0.0043362 -0.6643979 -0.0336162 0.7466100
64.931710 5.5990100 -0.3478746 6.7122355 -0.0078911 -0.6634690 -0.0325733 0.7474528
65.140170 5.5133443 -0.3445409 6.7217455 -0.0056891 -0.6627751 -0.0325219 0.7480903
65.349010 5.4274712 -0.3413063 6.7322798 -0.0040362 -0.6627122 -0.0307625 0.7482312
65.557260 5.3410792 -0.3387116 6.7421026 -0.0041998 -0.6636841 -0.0317327 0.7473278
65.765550 5.2540240 -0.3354209 6.7514486 -0.0054358 -0.6661979 -0.0306147 0.7451265
65.973960 5.1658072 -0.3324499 6.7600350 -0.0054628 -0.6697693 -0.0309370 0.7419044
66.182330 5.0773020 -0.3293166 6.7682319 -0.0060276 -0.6738161 -0.0320391 0.7381796
66.390840 4.9880133 -0.3263472 6.7746558 -0.0043438 -0.6764673 -0.0322420 0.7357538
66.599380 4.8979902 -0.3232899 6.7815542 -0.0015575 -0.6775303 -0.0304101 0.7348642
66.807680 4.8071699 -0.3205017 6.7884569 -0.0037903 -0.6781350 -0.0281659 0.7343877
67.017940 4.7169437 -0.3175037 6.7950311 -0.0070162 -0.6786350 -0.0289312 0.7338721
67.224690 4.6262007 -0.3145160 6.8014431 -0.0089420 -0.6791337 -0.0302120 0.7333381
67.433190 4.5365009 -0.3108858 6.8074541 -0.0085124 -0.6794193 -0.0315977 0.7330202
67.641720 4.4460979 -0.3078933 6.8142180 -0.0077680 -0.6798810 -0.0315572 0.7326020
67.850040 4.3572664 -0.3047898 6.8202982 -0.0062521 -0.6802945 -0.0313782 0.7322402
68.058600 4.2686553 -0.3017856 6.8260341 -0.0056988 -0.6804910 -0.0312242 0.7320688
68.266970 4.1798115 -0.2987867 6.8319879 -0.0052744 -0.6805546 -0.0315623 0.7319983
68.475450 4.0912247 -0.2957011 6.8379359 -0.0049771 -0.6802946 -0.0313044 0.7322530
68.683820 4.0026989 -0.2930503 6.8442497 -0.0054700 -0.6803188 -0.0320189 0.7321962
68.996320 3.8693438 -0.2887234 6.8532710 -0.0042986 -0.6801940 -0.0321853 0.7323126
69.204680 3.7810800 -0.2855422 6.8592534 -0.0052254 -0.6802586 -0.0333062 0.7321964
69.413100 3.6926320 -0.2824261 6.8651767 -0.0055697 -0.6803477 -0.0341762 0.7320710
69.621360 3.6044455 -0.2792866 6.8707714 -0.0051339 -0.6805863 -0.0340512 0.7318582
69.829670 3.5168943 -0.2760529 6.8761659 -0.0039730 -0.6808510 -0.0361082 0.7315206
70.038070 3.4305084 -0.2727716 6.8815703 0.0006856 -0.6807622 -0.0353381 0.7316512
70.246450 3.3431323 -0.2698604 6.8874803 0.0028166 -0.6792328 -0.0366709 0.7330008
70.454920 3.2561862 -0.2672967 6.8940163 0.0000527 -0.6775363 -0.0372111 0.7345474
70.767540 3.1265147 -0.2630017 6.9046836 -0.0022176 -0.6749673 -0.0374902 0.7368913
70.976260 3.0398571 -0.2599669 6.9118824 -0.0014355 -0.6733371 -0.0383514 0.7383388
71.288550 2.9101748 -0.2555888 6.9237685 0.0020688 -0.6719884 -0.0352482 0.7397195
71.601510 2.7787533 -0.2514543 6.9357524 -0.0007335 -0.6715072 -0.0349694 0.7401721
71.913580 2.6480772 -0.2472902 6.9478827 -0.0020889 -0.6723409 -0.0339166 0.7394613
72.226050 2.5161371 -0.2427366 6.9593725 -0.0057526 -0.6725648 -0.0368524 0.7390977
72.538690 2.3854783 -0.2383042 6.9715099 -0.0014578 -0.6721943 -0.0303714 0.7397501
72.851340 2.2538424 -0.2339044 6.9830642 -0.0055643 -0.6722513 -0.0324524 0.7395904
73.163840 2.1217566 -0.2292583 6.9947381 -0.0062146 -0.6742082 -0.0319801 0.7378225
73.476280 1.9894891 -0.2245105 7.0050712 -0.0078575 -0.6777393 -0.0302525 0.7346377
73.788870 1.8574512 -0.2198240 7.0143094 -0.0069475 -0.6803452 -0.0300770 0.7322414
74.101330 1.7243266 -0.2149146 7.0227742 -0.0072479 -0.6821624 -0.0318300 0.7304716
74.414060 1.5911100 -0.2101403 7.0311108 -0.0058997 -0.6827431 -0.0319748 0.7299347
74.622500 1.5025823 -0.2069220 7.0366769 -0.0060733 -0.6831936 -0.0312119 0.7295446
74.830870 1.4141111 -0.2040018 7.0420647 -0.0069487 -0.6841089 -0.0319136 0.7286482
75.039180 1.3263767 -0.2010681 7.0470481 -0.0075970 -0.6851318 -0.0308497 0.7277259
75.247560 1.2386372 -0.1980973 7.0517817 -0.0074385 -0.6862894 -0.0307457 0.7266403
75.456060 1.1520979 -0.1956277 7.0558233 -0.0066580 -0.6878531 -0.0285391 0.7252581
75.664210 1.0660298 -0.1932136 7.0596657 -0.0048051 -0.6897029 -0.0253496 0.7236326
75.872440 0.9797060 -0.1909811 7.0634904 -0.0074884 -0.6913294 -0.0257371 0.7220423
76.080700 0.8940133 -0.1885815 7.0662684 -0.0088993 -0.6922962 -0.0272839 0.7210426
76.289060 0.8089060 -0.1858455 7.0691037 -0.0079964 -0.6923925 -0.0274361 0.7209549
76.497460 0.7239660 -0.1830713 7.0718904 -0.0085713 -0.6922093 -0.0298865 0.7210268
76.706270 0.6399705 -0.1802759 7.0747786 -0.0081646 -0.6921681 -0.0304838 0.7210460
76.914470 0.5574893 -0.1772043 7.0770435 -0.0075631 -0.6927681 -0.0305667 0.7204726
77.122590 0.4753543 -0.1743629 7.0796041 -0.0076019 -0.6939533 -0.0318904 0.7192732
77.330800 0.3960512 -0.1717467 7.0814834 -0.0072349 -0.6953025 -0.0326304 0.7179397
77.539210 0.3168625 -0.1687305 7.0833230 -0.0065642 -0.6970366 -0.0323368 0.7162759
77.747630 0.2395071 -0.1662688 7.0847659 -0.0063989 -0.6982734 -0.0323592 0.7150708
77.955810 0.1635290 -0.1636917 7.0859919 -0.0064716 -0.6994046 -0.0325708 0.7139541
78.164320 0.0896134 -0.1610308 7.0868821 -0.0064125 -0.7002386 -0.0338795 0.7130756
78.372790 0.0184709 -0.1584668 7.0878139 -0.0052489 -0.6996254 -0.0345113 0.7136565
78.581420 -0.0503603 -0.1561398 7.0891666 -0.0040162 -0.6978220 -0.0341540 0.7154453
78.685710 -0.0842336 -0.1549838 7.0898008 -0.0034085 -0.6968324 -0.0341885 0.7164106
78.894170 -0.1499532 -0.1530205 7.0919318 -0.0034735 -0.6949766 -0.0333485 0.7182502
79.102740 -0.2153901 -0.1508594 7.0942559 -0.0033436 -0.6931267 -0.0320983 0.7200930
79.311290 -0.2789013 -0.1491238 7.0964947 -0.0044724 -0.6915329 -0.0320957 0.7216178
79.521320 -0.3417382 -0.1469652 7.0993257 -0.0052546 -0.6907272 -0.0321565 0.7223810
79.728360 -0.4034762 -0.1448505 7.1022859 -0.0051721 -0.6899025 -0.0318413 0.7231832
79.936810 -0.4625605 -0.1430780 7.1049314 -0.0056106 -0.6888086 -0.0321872 0.7242066
80.145310 -0.5201792 -0.1410298 7.1076732 -0.0071504 -0.6872467 -0.0324994 0.7256615
80.353800 -0.5741129 -0.1393942 7.1108170 -0.0074354 -0.6852790 -0.0322693 0.7275274
80.562510 -0.6261603 -0.1374097 7.1142082 -0.0080716 -0.6827469 -0.0316195 0.7299259
80.770930 -0.6749869 -0.1358584 7.1180553 -0.0094652 -0.6800938 -0.0315829 0.7323834
81.083960 -0.7429193 -0.1336182 7.1238832 -0.0100176 -0.6735740 -0.0314765 0.7383813
81.501230 -0.8263402 -0.1309862 7.1345611 -0.0080743 -0.6587169 -0.0283154 0.7518145
81.709820 -0.8641056 -0.1299853 7.1411366 -0.0084087 -0.6487608 -0.0264744 0.7604853
82.336010 -0.9635849 -0.1278275 7.1661458 -0.0097681 -0.6068137 -0.0212903 0.7944989
82.962170 -1.0441568 -0.1264795 7.2019076 -0.0129933 -0.5411742 -0.0185416 0.8406057
83.588800 -1.1141431 -0.1257744 7.2522602 -0.0067439 -0.4462482 -0.0129037 0.8947908
83.901950 -1.1460660 -0.1244887 7.2861767 -0.0011220 -0.3894803 -0.0101651 0.9209780
84.110770 -1.1657374 -0.1245392 7.3124714 -0.0036588 -0.3484686 -0.0073046 0.9372848
84.319310 -1.1857512 -0.1246197 7.3432045 -0.0035604 -0.3062865 -0.0077095 0.9519015
84.527960 -1.2032392 -0.1249360 7.3767023 -0.0025072 -0.2637253 -0.0069396 0.9645696
84.737260 -1.2196394 -0.1252819 7.4137073 0.0016313 -0.2222323 -0.0078412 0.9749609
84.944930 -1.2348614 -0.1252953 7.4557886 0.0029541 -0.1809268 -0.0111700 0.9834287
85.154250 -1.2468570 -0.1260161 7.5013890 0.0023465 -0.1379405 -0.0117474 0.9903681
85.361980 -1.2559806 -0.1268095 7.5517793 0.0040487 -0.0973800 -0.0129796 0.9951544
85.570070 -1.2624080 -0.1275724 7.6061397 0.0068754 -0.0624919 -0.0118354 0.9979516
85.778090 -1.2658565 -0.1291112 7.6639295 0.0072276 -0.0360996 -0.0095479 0.9992765
85.985830 -1.2674768 -0.1306803 7.7250485 0.0075961 -0.0208524 -0.0058126 0.9997368
86.193550 -1.2687403 -0.1322321 7.7895041 0.0069541 -0.0105332 -0.0034264 0.9999145
86.401450 -1.2688303 -0.1337819 7.8576550 0.0062048 -0.0062239 -0.0007233 0.9999611
86.608970 -1.2694582 -0.1352331 7.9276195 0.0063289 -0.0064929 0.0018920 0.9999571
86.816720 -1.2707353 -0.1367286 8.0009689 0.0054680 -0.0091700 0.0013401 0.9999421
87.024550 -1.2731236 -0.1386308 8.0751104 0.0072426 -0.0122267 0.0032806 0.9998937
87.232860 -1.2757801 -0.1407614 8.1511507 0.0086630 -0.0144335 0.0019382 0.9998564
87.544840 -1.2796476 -0.1438494 8.2669868 0.0031397 -0.0164086 0.0008506 0.9998600
87.857180 -1.2843037 -0.1464800 8.3827772 0.0052542 -0.0177508 -0.0023171 0.9998260
88.169700 -1.2892525 -0.1496045 8.5003653 0.0032768 -0.0187798 -0.0022489 0.9998158
88.482060 -1.2942908 -0.1522872 8.6180639 0.0018409 -0.0214414 -0.0011927 0.9997677
88.690450 -1.2979959 -0.1537134 8.6957874 -0.0000414 -0.0232742 -0.0009513 0.9997287
89.003140 -1.3039749 -0.1557848 8.8117533 -0.0006169 -0.0263929 -0.0000565 0.9996514
89.211590 -1.3082962 -0.1571428 8.8880310 0.0006571 -0.0280284 -0.0003904 0.9996068
89.524190 -1.3152061 -0.1592770 8.9995670 0.0017919 -0.0288320 -0.0015756 0.9995814
89.732690 -1.3198414 -0.1607786 9.0713987 -0.0004576 -0.0282875 -0.0017427 0.9995982
90.045560 -1.3259001 -0.1630663 9.1740236 0.0017137 -0.0284967 -0.0026885 0.9995888
90.357970 -1.3323835 -0.1650081 9.2690411 0.0000526 -0.0310727 -0.0031414 0.9995122
90.566320 -1.3367157 -0.1661710 9.3274345 -0.0005644 -0.0340143 -0.0031834 0.9994161
90.879050 -1.3430145 -0.1673753 9.4076977 0.0009211 -0.0385779 -0.0030178 0.9992506
91.087510 -1.3471609 -0.1688187 9.4560251 0.0007193 -0.0403454 -0.0031269 0.9991806
91.400350 -1.3521945 -0.1701444 9.5220861 0.0007992 -0.0345364 -0.0043745 0.9993935
91.713820 -1.3543603 -0.1717624 9.5847158 0.0017411 -0.0160422 -0.0064229 0.9998491
91.922450 -1.3532976 -0.1728146 9.6257372 0.0020533 0.0031046 -0.0055438 0.9999777
92.131240 -1.3501890 -0.1742040 9.6652288 0.0060968 0.0273190 -0.0066309 0.9995862
92.444850 -1.3399867 -0.1760989 9.7226477 0.0088541 0.0759301 -0.0057480 0.9970573
92.654030 -1.3292334 -0.1773247 9.7588320 0.0088597 0.1136550 0.0007829 0.9934804
92.862950 -1.3158007 -0.1788978 9.7929688 0.0082441 0.1532045 0.0079557 0.9881281
93.072030 -1.3005934 -0.1805797 9.8249311 0.0076261 0.1952295 0.0097934 0.9806790
93.280830 -1.2831600 -0.1818435 9.8560801 0.0107734 0.2398337 0.0055109 0.9707386
93.489710 -1.2616539 -0.1830880 9.8850307 0.0162174 0.2853373 0.0070193 0.9582642
93.698450 -1.2365294 -0.1839460 9.9126244 0.0206130 0.3309388 0.0092330 0.9433819
93.907230 -1.2100320 -0.1854661 9.9403057 0.0159224 0.3791337 -0.0035110 0.9251983
94.115820 -1.1790357 -0.1877995 9.9647255 0.0144927 0.4247890 -0.0044493 0.9051654
94.324500 -1.1441317 -0.1890395 9.9843607 0.0212629 0.4710528 -0.0002949 0.8818487
94.533080 -1.1061401 -0.1906565 10.0039854 0.0183185 0.5173043 -0.0088501 0.8555597
94.741610 -1.0635316 -0.1932744 10.0211697 0.0113913 0.5601759 -0.0114270 0.8282166
94.949970 -1.0178335 -0.1955856 10.0330935 0.0138921 0.5962068 -0.0090679 0.8026595
95.262120 -0.9423128 -0.1981211 10.0474367 0.0172649 0.6364140 -0.0083091 0.7711096
95.469850 -0.8873720 -0.2007672 10.0548344 0.0130247 0.6569750 -0.0063594 0.7537730
95.677890 -0.8290212 -0.2027030 10.0601654 0.0118740 0.6754646 -0.0083713 0.7372493
95.885910 -0.7673752 -0.2048589 10.0621319 0.0164993 0.6903984 -0.0061986 0.7232146
96.093730 -0.7023782 -0.2072317 10.0631094 0.0134466 0.7026671 -0.0042243 0.7113792
96.301480 -0.6335783 -0.2098035 10.0625334 0.0121411 0.7113393 -0.0029119 0.7027379
96.509210 -0.5635118 -0.2117273 10.0596819 0.0172658 0.7151862 -0.0005531 0.6987205
96.717080 -0.4887616 -0.2144259 10.0582142 0.0146996 0.7172756 0.0005480 0.6966343
96.924880 -0.4122818 -0.2169045 10.0561600 0.0141050 0.7181522 0.0001006 0.6957431
97.132730 -0.3337568 -0.2191338 10.0534220 0.0140667 0.7187572 0.0030466 0.6951122
97.340580 -0.2557384 -0.2214846 10.0511217 0.0135212 0.7169985 0.0051413 0.6969246
97.548460 -0.1774491 -0.2238260 10.0495815 0.0153769 0.7145705 0.0047352 0.6993783
97.756480 -0.0984393 -0.2258923 10.0489550 0.0145187 0.7122796 0.0053312 0.7017254
97.964520 -0.0196083 -0.2283320 10.0486631 0.0156231 0.7101315 0.0041970 0.7038832
98.173950 0.0603381 -0.2304688 10.0486650 0.0147500 0.7084570 0.0026100 0.7055950
98.380720 0.1410381 -0.2330641 10.0497904 0.0105155 0.7072253 0.0016171 0.7069082
98.693070 0.2625815 -0.2365735 10.0512390 0.0103329 0.7060030 -0.0015141 0.7081318
98.901370 0.3430599 -0.2395310 10.0519142 0.0089707 0.7059650 -0.0015759 0.7081881
99.109590 0.4235716 -0.2420930 10.0521326 0.0090841 0.7061284 -0.0004108 0.7080255
99.317990 0.5038525 -0.2445222 10.0523424 0.0088581 0.7064785 -0.0004840 0.7076789
99.526340 0.5830318 -0.2471347 10.0530243 0.0066141 0.7076139 -0.0020052 0.7065655
99.734760 0.6623125 -0.2493517 10.0533485 0.0054766 0.7093405 -0.0030955 0.7048380
99.943090 0.7413183 -0.2514514 10.0534868 0.0018267 0.7108780 -0.0025865 0.7033082
100.151300 0.8191653 -0.2536761 10.0526733 -0.0003554 0.7116723 -0.0013388 0.7025102
100.359800 0.8959443 -0.2554436 10.0518408 0.0033131 0.7118665 -0.0029718 0.7023007
100.568000 0.9720300 -0.2575907 10.0511055 0.0051197 0.7117999 -0.0036349 0.7023543
100.776300 1.0472187 -0.2598775 10.0502529 0.0042575 0.7124386 -0.0045166 0.7017070
100.985100 1.1226218 -0.2619746 10.0495653 0.0024407 0.7134926 -0.0037882 0.7006482
101.193100 1.1971568 -0.2641703 10.0486069 0.0006245 0.7146953 -0.0035347 0.6994267
101.401500 1.2707845 -0.2659696 10.0474501 0.0021625 0.7150415 -0.0045965 0.6990637
101.609900 1.3440634 -0.2677959 10.0462246 0.0023521 0.7148012 -0.0035281 0.6993148
101.818100 1.4169540 -0.2699526 10.0453815 -0.0003748 0.7142677 -0.0035094 0.6998637
102.026500 1.4887950 -0.2716196 10.0445986 -0.0003907 0.7139537 -0.0031279 0.7001858
102.234900 1.5598586 -0.2731364 10.0437059 0.0008319 0.7139592 -0.0065081 0.7001566
102.444200 1.6308124 -0.2748922 10.0423813 0.0007596 0.7140667 -0.0030265 0.7000706
102.651500 1.7007316 -0.2774155 10.0419312 0.0022730 0.7146423 -0.0075218 0.6994460
102.859900 1.7687881 -0.2796129 10.0400009 0.0123020 0.7136166 -0.0108767 0.7003440
103.068200 1.8374839 -0.2826015 10.0392532 0.0076196 0.7129040 -0.0073142 0.7011820
103.276500 1.9050696 -0.2852548 10.0385532 0.0053566 0.7112958 -0.0048270 0.7028558
103.484800 1.9719766 -0.2874663 10.0385990 0.0027626 0.7106085 -0.0062428 0.7035545
103.693400 2.0385439 -0.2896610 10.0389175 0.0008409 0.7108389 -0.0093578 0.7032921
103.901800 2.1041164 -0.2918161 10.0385685 -0.0000662 0.7119069 -0.0104916 0.7021955
104.110100 2.1690772 -0.2939103 10.0380459 -0.0003576 0.7128696 -0.0091262 0.7012371
104.318500 2.2326262 -0.2960242 10.0370302 -0.0000152 0.7135564 -0.0080255 0.7005518
104.526700 2.2946577 -0.2979320 10.0365343 -0.0008340 0.7129202 -0.0090298 0.7011865
104.735000 2.3560760 -0.2998013 10.0363894 0.0000303 0.7123861 -0.0117316 0.7016897
104.943400 2.4167240 -0.3019464 10.0356445 0.0015807 0.7120293 -0.0117282 0.7020500
105.151800 2.4772758 -0.3041817 10.0356388 -0.0008558 0.7119349 -0.0120588 0.7021413
105.360200 2.5371909 -0.3061461 10.0351181 -0.0006421 0.7122054 -0.0105054 0.7018923
105.568600 2.5961771 -0.3081399 10.0340834 -0.0003568 0.7140501 -0.0101462 0.7000210
105.777200 2.6553032 -0.3102139 10.0333185 -0.0022663 0.7158846 -0.0103657 0.6981381
105.985600 2.7140162 -0.3121610 10.0313587 0.0015305 0.7188218 -0.0108813 0.6951075
106.194200 2.7749100 -0.3140411 10.0291510 0.0020107 0.7232748 -0.0137300 0.6904209
106.402800 2.8366861 -0.3163689 10.0258780 0.0014800 0.7269472 -0.0128224 0.6865720
106.611300 2.9006367 -0.3183815 10.0213833 0.0030382 0.7310383 -0.0124430 0.6822162
106.924000 2.9997857 -0.3215330 10.0138960 0.0003157 0.7368738 -0.0110022 0.6759408
107.132400 3.0681090 -0.3236053 10.0072927 0.0024111 0.7406849 -0.0113934 0.6717517
107.340700 3.1392694 -0.3258428 9.9999094 0.0056091 0.7438104 -0.0113993 0.6682699
107.549200 3.2117865 -0.3280965 9.9912004 0.0055437 0.7466331 -0.0083906 0.6651601
107.757500 3.2886095 -0.3306322 9.9821053 0.0052433 0.7483370 -0.0045909 0.6632821
107.965800 3.3669639 -0.3324907 9.9729834 0.0060832 0.7491040 -0.0026414 0.6624192
108.278200 3.4899082 -0.3359465 9.9581337 0.0115762 0.7483030 -0.0022013 0.6632525
108.486300 3.5751810 -0.3384695 9.9478197 0.0145593 0.7466762 0.0019997 0.6650253
108.798500 3.7069511 -0.3416803 9.9338980 0.0154013 0.7419940 0.0058501 0.6702040
109.006700 3.7975724 -0.3439768 9.9259977 0.0162314 0.7388149 0.0046715 0.6736967
109.214800 3.8897231 -0.3464617 9.9185133 0.0159176 0.7352850 0.0060256 0.6775443
109.423000 3.9830308 -0.3493565 9.9119272 0.0169025 0.7325245 0.0035661 0.6805215
109.631400 4.0764146 -0.3526347 9.9063063 0.0204808 0.7314363 -0.0003411 0.6816021
109.839600 4.1714802 -0.3563468 9.8996105 0.0181564 0.7304568 0.0040467 0.6827055
110.047800 4.2666321 -0.3593974 9.8935652 0.0171409 0.7297710 0.0080442 0.6834295
110.256100 4.3606396 -0.3621989 9.8878765 0.0163525 0.7293140 0.0079081 0.6839379
110.465500 4.4542751 -0.3648862 9.8822088 0.0186548 0.7285261 0.0055172 0.6847417
110.672600 4.5479517 -0.3680059 9.8772440 0.0178362 0.7278429 0.0064509 0.6854816
110.881000 4.6414986 -0.3713268 9.8726549 0.0188278 0.7266278 0.0037266 0.6867632
111.089200 4.7343817 -0.3744795 9.8681850 0.0179325 0.7248407 0.0046329 0.6886675
111.297500 4.8266277 -0.3776934 9.8649492 0.0152599 0.7230737 0.0063201 0.6905734
111.505700 4.9187360 -0.3802269 9.8615770 0.0149318 0.7214739 0.0046141 0.6922653
111.714100 5.0098104 -0.3835099 9.8590574 0.0101449 0.7203113 0.0031427 0.6935696
111.922300 5.1007485 -0.3860912 9.8567333 0.0085024 0.7202269 0.0002496 0.6936864
112.130600 5.1901641 -0.3894102 9.8539019 0.0102424 0.7204702 -0.0028126 0.6934046
112.338800 5.2790608 -0.3924140 9.8506889 0.0130691 0.7204785 -0.0033360 0.6933460
112.547100 5.3677058 -0.3957505 9.8478346 0.0091691 0.7213647 -0.0014426 0.6924931
112.859700 5.4982710 -0.4003556 9.8431845 0.0060394 0.7240235 -0.0034773 0.6897401
113.068100 5.5850344 -0.4032327 9.8389845 0.0051792 0.7267529 -0.0034068 0.6868711
113.276200 5.6712065 -0.4058681 9.8343782 0.0043391 0.7295966 -0.0044731 0.6838495
113.484600 5.7556829 -0.4083292 9.8287926 0.0058630 0.7327402 -0.0057120 0.6804592
113.797100 5.8828678 -0.4127100 9.8182058 0.0049962 0.7399557 -0.0051966 0.6726170
114.005500 5.9676533 -0.4151863 9.8090429 0.0034572 0.7460425 -0.0026938 0.6658839
114.213900 6.0527768 -0.4171661 9.7986183 0.0024080 0.7522217 -0.0032667 0.6588976
114.423500 6.1374922 -0.4189391 9.7862558 0.0031610 0.7582753 -0.0023509 0.6519226
114.735000 6.2645340 -0.4225696 9.7642450 0.0056809 0.7682315 -0.0016424 0.6401449
115.047500 6.3907623 -0.4259392 9.7379398 0.0106906 0.7777833 0.0013138 0.6284402
115.359900 6.5169115 -0.4294713 9.7083530 0.0161837 0.7817137 0.0070408 0.6233877
115.568000 6.6006002 -0.4318606 9.6892929 0.0213730 0.7812241 0.0084734 0.6238271
115.775900 6.6842327 -0.4341912 9.6708603 0.0245036 0.7781062 0.0113095 0.6275527
115.983800 6.7683883 -0.4366332 9.6531534 0.0241098 0.7738342 0.0179974 0.6326733
116.191900 6.8521066 -0.4386935 9.6370869 0.0267108 0.7704591 0.0183467 0.6366653
116.295900 6.8939648 -0.4397877 9.6292620 0.0290228 0.7685269 0.0165867 0.6389436
116.504000 6.9773970 -0.4426670 9.6148815 0.0304670 0.7647473 0.0150873 0.6434327
116.712100 7.0612793 -0.4453880 9.6017208 0.0273566 0.7602305 0.0169508 0.6488559
116.920200 7.1445565 -0.4478297 9.5896015 0.0274042 0.7562435 0.0171826 0.6534903
117.232900 7.2663774 -0.4518743 9.5729504 0.0295855 0.7543064 0.0146081 0.6556929
117.441200 7.3452573 -0.4543617 9.5618658 0.0272154 0.7538246 0.0193165 0.6562276
117.649600 7.4202404 -0.4565617 9.5516644 0.0251725 0.7533567 0.0218545 0.6567667
117.858100 7.4929848 -0.4582035 9.5418072 0.0292133 0.7530738 0.0185971 0.6570240
118.066500 7.5663862 -0.4602431 9.5321436 0.0296015 0.7531191 0.0162852 0.6570162
118.275000 7.6396022 -0.4626611 9.5223608 0.0287155 0.7538286 0.0179701 0.6561973
118.483500 7.7127366 -0.4644736 9.5122156 0.0267118 0.7548857 0.0223662 0.6549304
118.692000 7.7848186 -0.4659428 9.5014772 0.0289955 0.7556245 0.0244229 0.6539071
118.900700 7.8564262 -0.4677506 9.4912291 0.0340620 0.7553014 0.0202057 0.6541799
119.109400 7.9269705 -0.4698656 9.4812689 0.0343981 0.7534888 0.0210810 0.6562217
119.317100 7.9972548 -0.4719107 9.4726534 0.0309607 0.7505813 0.0227321 0.6596609
119.525400 8.0669098 -0.4738241 9.4646082 0.0298977 0.7479532 0.0216229 0.6627252
119.733800 8.1353331 -0.4760732 9.4567814 0.0318427 0.7455810 0.0204526 0.6653396
119.942000 8.2045641 -0.4779246 9.4499788 0.0298434 0.7440383 0.0223229 0.6670967
120.150300 8.2715797 -0.4798472 9.4425430 0.0283053 0.7427545 0.0237747 0.6685427
120.463100 8.3681126 -0.4826598 9.4334126 0.0286096 0.7425686 0.0169313 0.6689445
120.671400 8.4300709 -0.4844068 9.4274960 0.0251340 0.7428107 0.0169104 0.6688158
120.879900 8.4878664 -0.4860313 9.4215822 0.0228335 0.7430000 0.0196839 0.6686121
121.088200 8.5411224 -0.4878728 9.4162254 0.0223354 0.7430125 0.0173624 0.6686794
121.400800 8.6125708 -0.4898742 9.4089222 0.0255416 0.7422156 0.0150711 0.6695046
121.609400 8.6554422 -0.4913399 9.4050732 0.0238701 0.7418724 0.0131984 0.6699861
121.922200 8.7155228 -0.4937544 9.3987045 0.0259535 0.7437764 0.0106312 0.6678399
122.238500 8.7727022 -0.4961755 9.3921175 0.0264755 0.7487087 0.0101223 0.6622929
122.443800 8.8089228 -0.4976177 9.3867741 0.0272902 0.7520424 0.0113101 0.6584524
122.757700 8.8555698 -0.4993567 9.3794889 0.0267634 0.7563210 0.0127795 0.6535280
123.069400 8.8967266 -0.5009883 9.3728275 0.0289627 0.7602242 0.0113485 0.6489157
123.382300 8.9370899 -0.5023945 9.3654060 0.0290392 0.7652631 0.0135177 0.6429202
123.695100 8.9759789 -0.5036594 9.3577452 0.0281795 0.7710298 0.0124275 0.6360538
124.008300 9.0142908 -0.5049280 9.3486862 0.0297618 0.7797744 0.0101178 0.6252710
124.321000 9.0538902 -0.5065037 9.3375702 0.0292898 0.7934081 0.0078037 0.6079349
124.634000 9.0955620 -0.5077958 9.3241959 0.0266414 0.8085658 0.0056487 0.5877752
124.947000 9.1380482 -0.5096462 9.3070850 0.0274761 0.8270225 0.0040617 0.5614823
125.260000 9.1838045 -0.5113609 9.2849522 0.0228844 0.8489699 0.0003878 0.5279452
125.573000 9.2312679 -0.5126825 9.2551775 0.0220148 0.8728529 0.0017450 0.4874834
125.886700 9.2795372 -0.5143605 9.2183456 0.0202660 0.8971834 0.0033548 0.4411802
126.094600 9.3113556 -0.5149446 9.1888046 0.0205285 0.9128450 0.0046407 0.4077635
126.303100 9.3422489 -0.5155194 9.1555319 0.0184450 0.9275336 0.0057097 0.3732408
126.616000 9.3864698 -0.5161799 9.0987301 0.0173805 0.9474543 0.0056544 0.3193686
126.824500 9.4130592 -0.5168121 9.0563288 0.0183297 0.9585661 0.0053863 0.2842289
127.032900 9.4385710 -0.5172290 9.0094090 0.0186800 0.9679406 0.0057515 0.2504176
127.241400 9.4617949 -0.5174543 8.9590187 0.0163017 0.9764452 0.0068653 0.2150392
127.449800 9.4816418 -0.5175275 8.9048615 0.0176984 0.9838080 0.0121863 0.1779329
127.658400 9.4988079 -0.5173292 8.8469677 0.0155326 0.9900475 0.0154352 0.1390196
127.867100 9.5107279 -0.5163566 8.7869015 0.0176006 0.9947589 0.0152627 0.0995588
128.075400 9.5177641 -0.5151857 8.7243147 0.0214011 0.9978997 0.0137981 0.0595632
128.283700 9.5206976 -0.5145329 8.6604443 0.0222625 0.9994652 0.0088798 0.0222465
128.492100 9.5188560 -0.5138169 8.5945263 0.0251962 0.9996154 0.0068615 -0.0093318
128.700300 9.5139208 -0.5136076 8.5264101 0.0258411 0.9989389 0.0096149 -0.0368904
128.908300 9.5060835 -0.5129731 8.4571304 0.0255448 0.9978378 0.0110914 -0.0595319
129.116400 9.4953365 -0.5118856 8.3865795 0.0237654 0.9964788 0.0138966 -0.0791962
129.324500 9.4814434 -0.5101236 8.3147125 0.0221216 0.9946253 0.0190951 -0.0993306
129.532700 9.4644518 -0.5078669 8.2414093 0.0183688 0.9925326 0.0228332 -0.1184071
129.844800 9.4338322 -0.5043210 8.1318855 0.0156957 0.9898400 0.0155673 -0.1404563
130.156900 9.3984232 -0.5012513 8.0189266 0.0177292 0.9877083 0.0152050 -0.1545534
130.365000 9.3726349 -0.4995662 7.9425831 0.0220534 0.9867335 0.0141333 -0.1602212
130.573100 9.3470411 -0.4979847 7.8654709 0.0223821 0.9860862 0.0132186 -0.1641900
130.784300 9.3205700 -0.4964988 7.7887316 0.0242484 0.9857781 0.0124648 -0.1658258
130.989400 9.2933617 -0.4952461 7.7101917 0.0265367 0.9860017 0.0128381 -0.1641084
131.197300 9.2673683 -0.4939475 7.6319752 0.0295560 0.9865890 0.0132355 -0.1599795
131.405400 9.2426968 -0.4923627 7.5539503 0.0304739 0.9875412 0.0142337 -0.1537240
131.717500 9.2082090 -0.4904577 7.4372144 0.0309609 0.9889705 0.0143974 -0.1441232
132.029800 9.1769495 -0.4879929 7.3228803 0.0311788 0.9902141 0.0151302 -0.1351850
132.342200 9.1484356 -0.4855499 7.2144370 0.0304957 0.9909804 0.0166423 -0.1294254
132.654900 9.1225138 -0.4838694 7.1141038 0.0288636 0.9911233 0.0159060 -0.1287966
132.967600 9.0981007 -0.4821477 7.0212202 0.0285287 0.9908231 0.0162155 -0.1311209
133.178000 9.0820799 -0.4811016 6.9628706 0.0284486 0.9903418 0.0159970 -0.1347511
133.489200 9.0578747 -0.4807350 6.8816814 0.0272738 0.9889437 0.0159478 -0.1448867
133.906600 9.0218372 -0.4786865 6.7783518 0.0264798 0.9840206 0.0163995 -0.1753093
134.220100 8.9901705 -0.4771050 6.7087336 0.0254063 0.9761667 0.0160290 -0.2149327
134.533600 8.9528809 -0.4754708 6.6465902 0.0230225 0.9614842 0.0138043 -0.2735463
134.847300 8.9071236 -0.4738907 6.5921779 0.0234501 0.9397589 0.0111782 -0.3408494
135.160700 8.8541536 -0.4724256 6.5465951 0.0203475 0.9101027 0.0150159 -0.4136104
135.369500 8.8158360 -0.4712513 6.5219879 0.0202644 0.8872021 0.0154513 -0.4606767
135.578300 8.7739506 -0.4694697 6.5010080 -0.0194079 -0.8615643 -0.0167780 0.5069997
135.787000 8.7293873 -0.4678072 6.4834881 -0.0163837 -0.8340853 -0.0208072 0.5509995
135.891300 8.7062588 -0.4669502 6.4767594 -0.0162721 -0.8198083 -0.0211022 0.5720177
135.995500 8.6825571 -0.4661554 6.4705186 -0.0158297 -0.8052019 -0.0207902 0.5924248
136.204000 8.6332607 -0.4642665 6.4614987 -0.0146187 -0.7775060 -0.0226924 0.6282960
136.308100 8.6077080 -0.4630981 6.4582038 -0.0153671 -0.7648793 -0.0238992 0.6435468
136.517700 8.5542450 -0.4612847 6.4532876 -0.0181126 -0.7430022 -0.0261448 0.6685328
136.726800 8.4981289 -0.4588259 6.4506965 -0.0154246 -0.7251945 -0.0267900 0.6878498
137.035900 8.4083462 -0.4547227 6.4500599 -0.0094699 -0.7060288 -0.0263877 0.7076280
138.283500 7.9763179 -0.4369184 6.4772539 -0.0070976 -0.6785569 -0.0298767 0.7339056
151.096000 2.1870730 -0.2322277 7.0027151 -0.0083588 -0.6766301 -0.0276065 0.7357579
157.658800 -0.5610697 -0.1409235 7.1460056 -0.0168027 -0.6508217 -0.0220627 0.7587239
158.075300 -0.6673906 -0.1372297 7.1616583 -0.0214859 -0.6569235 -0.0195235 0.7533981
158.596100 -0.7804500 -0.1331512 7.1749201 -0.0234322 -0.6654611 -0.0174241 0.7458612
159.534000 -0.9158673 -0.1291757 7.1861587 -0.0177056 -0.6767058 -0.0166379 0.7358525
159.950900 -0.9551766 -0.1283187 7.1886578 -0.0155267 -0.6796500 -0.0144915 0.7332290
160.472200 -0.9996788 -0.1272731 7.1911063 -0.0142530 -0.6833260 -0.0128206 0.7298617
160.889200 -1.0349689 -0.1262927 7.1931987 -0.0165128 -0.6863733 -0.0119780 0.7269632
161.306000 -1.0708592 -0.1255075 7.1937838 -0.0120172 -0.6904127 -0.0143631 0.7231733
161.722800 -1.1166985 -0.1247690 7.1948600 -0.0083816 -0.6954890 -0.0131676 0.7183671
162.244000 -1.1929795 -0.1230260 7.1951365 -0.0018000 -0.6993150 -0.0129141 0.7146947
162.660800 -1.2737993 -0.1215094 7.1962786 -0.0037513 -0.6976175 -0.0186630 0.7162175
163.077900 -1.3681945 -0.1184105 7.1997886 -0.0145992 -0.6961747 -0.0180772 0.7174962
163.494700 -1.4752733 -0.1145062 7.2024736 -0.0158091 -0.6980746 -0.0143023 0.7157076
163.807300 -1.5659367 -0.1111115 7.2041402 -0.0200069 -0.7007807 -0.0112352 0.7130077
164.224100 -1.6969085 -0.1075621 7.2043495 -0.0104968 -0.7034101 -0.0065233 0.7106768
164.536900 -1.8036815 -0.1056450 7.2044239 -0.0132590 -0.7046456 -0.0103177 0.7093605
164.849700 -1.9173739 -0.1028367 7.2035956 -0.0102171 -0.7054693 -0.0093283 0.7086055
165.058000 -1.9949867 -0.1012871 7.2032180 -0.0121505 -0.7058671 -0.0122356 0.7081345
165.266500 -2.0754149 -0.0991546 7.2030272 -0.0134314 -0.7061316 -0.0141080 0.7078125
165.475000 -2.1569090 -0.0973010 7.2026892 -0.0122085 -0.7056477 -0.0144465 0.7083104
165.683600 -2.2417567 -0.0952339 7.2026663 -0.0106833 -0.7044432 -0.0138951 0.7095439
165.892000 -2.3282876 -0.0932908 7.2030492 -0.0121352 -0.7031463 -0.0153782 0.7107753
166.100600 -2.4158874 -0.0911643 7.2034025 -0.0129353 -0.7018527 -0.0151927 0.7120426
166.308900 -2.5050299 -0.0890924 7.2038727 -0.0133790 -0.7011179 -0.0141393 0.7127797
166.517400 -2.5952377 -0.0870272 7.2047076 -0.0133429 -0.7013096 -0.0139059 0.7125962
166.725700 -2.6864507 -0.0848463 7.2047310 -0.0131643 -0.7015125 -0.0154941 0.7123671
166.934000 -2.7782509 -0.0825713 7.2055507 -0.0112491 -0.7022755 -0.0144058 0.7116706
167.142500 -2.8701982 -0.0808569 7.2056112 -0.0117408 -0.7024958 -0.0173057 0.7113807
167.351000 -2.9637249 -0.0786320 7.2057505 -0.0133685 -0.7022598 -0.0170121 0.7115918
167.559000 -3.0571167 -0.0761689 7.2059383 -0.0151971 -0.7017819 -0.0172983 0.7120196
167.767400 -3.1506159 -0.0736640 7.2059555 -0.0145520 -0.7015380 -0.0178270 0.7122604
167.975600 -3.2426822 -0.0720781 7.2050300 -0.0116892 -0.7007607 -0.0182747 0.7130666
168.183900 -3.3364282 -0.0695930 7.2051539 -0.0102400 -0.7007372 -0.0218450 0.7130114
168.392100 -3.4309585 -0.0665004 7.2058811 -0.0154466 -0.7006112 -0.0270821 0.7128617
168.600500 -3.5246694 -0.0626263 7.2060018 -0.0117143 -0.7006093 -0.0257773 0.7129831
168.808900 -3.6178136 -0.0599189 7.2070379 -0.0074669 -0.7003318 -0.0211908 0.7134637
169.017300 -3.7115858 -0.0575411 7.2085557 -0.0089352 -0.7001798 -0.0212201 0.7135952
169.225900 -3.8052595 -0.0548777 7.2104073 -0.0111525 -0.7002455 -0.0200537 0.7135333
169.434000 -3.8981521 -0.0525756 7.2110205 -0.0109527 -0.7004121 -0.0179175 0.7134296
169.642300 -3.9919529 -0.0499552 7.2126660 -0.0122036 -0.7012384 -0.0176747 0.7126032
169.850700 -4.0852618 -0.0474227 7.2134891 -0.0155926 -0.7016064 -0.0198417 0.7121177
170.059000 -4.1788015 -0.0440482 7.2138972 -0.0115804 -0.7021498 -0.0179411 0.7117090
170.267400 -4.2720151 -0.0415053 7.2147956 -0.0100718 -0.7026970 -0.0182127 0.7111848
170.580000 -4.4119797 -0.0378494 7.2154150 -0.0127504 -0.7031509 -0.0210177 0.7106156
170.788300 -4.5050120 -0.0349333 7.2155857 -0.0096829 -0.7041060 -0.0213723 0.7097071
171.100700 -4.6452842 -0.0308957 7.2149448 -0.0066635 -0.7063785 -0.0217195 0.7074696
171.413200 -4.7858658 -0.0277985 7.2141690 -0.0077800 -0.7092775 -0.0178690 0.7046599
171.621400 -4.8795285 -0.0258423 7.2124257 -0.0057480 -0.7108294 -0.0162134 0.7031541
171.829800 -4.9732485 -0.0240224 7.2104239 -0.0079087 -0.7122843 -0.0194080 0.7015781
172.038000 -5.0673642 -0.0216145 7.2080297 -0.0095284 -0.7137361 -0.0216109 0.7000164
172.247200 -5.1607046 -0.0193008 7.2055087 -0.0075565 -0.7155342 -0.0176680 0.6983134
172.454600 -5.2543936 -0.0174771 7.2024503 -0.0069491 -0.7174487 -0.0162601 0.6963869
172.662800 -5.3484001 -0.0158698 7.1986279 -0.0082094 -0.7191982 -0.0186733 0.6945055
172.871000 -5.4427915 -0.0139151 7.1942549 -0.0080124 -0.7208467 -0.0187410 0.6927948
173.079300 -5.5369334 -0.0118786 7.1898689 -0.0085534 -0.7227611 -0.0175576 0.6908219
173.287500 -5.6317720 -0.0097128 7.1846652 -0.0080678 -0.7245223 -0.0160635 0.6890169
173.495800 -5.7256017 -0.0081310 7.1789985 -0.0086275 -0.7257626 -0.0157117 0.6877117
173.808100 -5.8673339 -0.0054798 7.1702137 -0.0116041 -0.7274674 -0.0145938 0.6858889
174.120500 -6.0087132 -0.0022909 7.1611395 -0.0110156 -0.7292519 -0.0138115 0.6840172
174.329000 -6.1031618 -0.0007148 7.1541104 -0.0113598 -0.7299134 -0.0127860 0.6833256
174.641400 -6.2456532 0.0020792 7.1440072 -0.0131575 -0.7307370 -0.0116960 0.6824321
174.849700 -6.3406162 0.0037724 7.1374402 -0.0158023 -0.7306706 -0.0103475 0.6824688
175.058000 -6.4352531 0.0054676 7.1304913 -0.0129977 -0.7307779 -0.0084126 0.6824397
175.266300 -6.5302672 0.0068928 7.1231441 -0.0104810 -0.7305703 -0.0112697 0.6826640
175.474500 -6.6260490 0.0087346 7.1160874 -0.0126641 -0.7308646 -0.0127020 0.6822867
175.682800 -6.7218728 0.0109765 7.1086111 -0.0127333 -0.7311878 -0.0136381 0.6819209
175.891100 -6.8173704 0.0127535 7.1017714 -0.0107165 -0.7317890 -0.0129882 0.6813232
176.203400 -6.9609108 0.0152554 7.0902104 -0.0091535 -0.7317851 -0.0144331 0.6813211
176.515700 -7.1042047 0.0186060 7.0789628 -0.0099720 -0.7315468 -0.0139692 0.6815751
176.723900 -7.1995301 0.0203369 7.0717316 -0.0103764 -0.7315410 -0.0133553 0.6815876
177.036200 -7.3424845 0.0226299 7.0607524 -0.0091281 -0.7315734 -0.0135853 0.6815662
177.244500 -7.4372735 0.0243666 7.0536532 -0.0106272 -0.7316734 -0.0130106 0.6814483
177.556900 -7.5791817 0.0267123 7.0430198 -0.0132354 -0.7323630 -0.0109991 0.6806968
177.764900 -7.6733193 0.0281929 7.0351496 -0.0122200 -0.7324008 -0.0102804 0.6806864
177.973600 -7.7673178 0.0298501 7.0276680 -0.0147480 -0.7324710 -0.0129149 0.6805159
178.181400 -7.8609018 0.0318143 7.0204000 -0.0161287 -0.7323584 -0.0113665 0.6806334
178.389700 -7.9522667 0.0330253 7.0129013 -0.0086555 -0.7319523 -0.0066613 0.6812683
178.598000 -8.0447531 0.0341358 7.0059767 -0.0129813 -0.7317944 -0.0098385 0.6813308
178.806200 -8.1366243 0.0359948 6.9989543 -0.0171986 -0.7315869 -0.0132038 0.6814033
179.014500 -8.2266407 0.0377837 6.9923553 -0.0143232 -0.7314988 -0.0081361 0.6816437
179.222700 -8.3157587 0.0387028 6.9854870 -0.0137736 -0.7320816 -0.0024670 0.6810732
179.430800 -8.4058304 0.0404430 6.9791746 -0.0270722 -0.7323054 -0.0100636 0.6803636
179.638900 -8.4930964 0.0432104 6.9721642 -0.0243616 -0.7322401 -0.0113634 0.6805158
179.847200 -8.5779390 0.0444199 6.9648738 -0.0142253 -0.7325056 -0.0051665 0.6805927
180.055500 -8.6623621 0.0453640 6.9578419 -0.0149386 -0.7327622 -0.0077682 0.6802765
180.263700 -8.7467909 0.0471289 6.9506316 -0.0192955 -0.7328502 -0.0152612 0.6799451
180.471900 -8.8290806 0.0493309 6.9440308 -0.0187666 -0.7335401 -0.0146050 0.6792300
180.680200 -8.9099350 0.0511330 6.9373875 -0.0183244 -0.7337368 -0.0119746 0.6790811
180.888400 -8.9896173 0.0531216 6.9306812 -0.0164223 -0.7334663 -0.0091803 0.6794654
181.097200 -9.0686493 0.0544738 6.9243431 -0.0161777 -0.7323391 -0.0100148 0.6806742
181.305100 -9.1463060 0.0558326 6.9184232 -0.0129700 -0.7317021 -0.0084686 0.6814486
181.513300 -9.2226419 0.0567655 6.9124279 -0.0139276 -0.7318078 -0.0103815 0.6812896
181.721500 -9.2983847 0.0571230 6.9065099 -0.0153117 -0.7325863 -0.0109234 0.6804142
181.929700 -9.3733187 0.0585552 6.8997006 -0.0120121 -0.7346669 -0.0115090 0.6782240
182.137800 -9.4476290 0.0597505 6.8929167 -0.0123495 -0.7373189 -0.0137518 0.6752919
182.345900 -9.5204744 0.0612307 6.8854914 -0.0167572 -0.7402704 -0.0121063 0.6719913
182.554000 -9.5927658 0.0625869 6.8776889 -0.0143867 -0.7441207 -0.0087756 0.6678326
182.762300 -9.6629496 0.0637882 6.8684731 -0.0157812 -0.7481536 -0.0079183 0.6632906
182.970500 -9.7339153 0.0654863 6.8585825 -0.0180687 -0.7528588 -0.0112503 0.6578377
183.283100 -9.8373222 0.0674706 6.8420458 -0.0141289 -0.7583618 -0.0090291 0.6516181
183.491500 -9.9057674 0.0686392 6.8301930 -0.0109009 -0.7596406 -0.0141465 0.6500978
183.700300 -9.9729567 0.0696241 6.8186669 -0.0088940 -0.7593398 -0.0182518 0.6503774
183.908700 -10.0398531 0.0712432 6.8076720 -0.0090899 -0.7585214 -0.0202074 0.6512713
184.117400 -10.1051407 0.0728626 6.7968936 -0.0054733 -0.7569726 -0.0229074 0.6530221
184.326100 -10.1675844 0.0740941 6.7870893 -0.0015761 -0.7524263 -0.0251982 0.6581923
184.534700 -10.2289085 0.0752459 6.7791848 0.0005622 -0.7439833 -0.0285355 0.6675884
184.743300 -10.2879457 0.0766273 6.7735620 0.0002273 -0.7355159 -0.0277573 0.6769386
184.951900 -10.3456020 0.0776500 6.7695189 -0.0002103 -0.7268335 -0.0284628 0.6862237
185.369100 -10.4544783 0.0799679 6.7666349 -0.0004731 -0.7070835 -0.0296307 0.7065088
185.681900 -10.5320530 0.0819334 6.7685723 -0.0012343 -0.6911556 -0.0274020 0.7221852
186.307200 -10.6736355 0.0843946 6.7821350 -0.0017445 -0.6589929 -0.0229167 0.7517980
186.619800 -10.7379351 0.0852572 6.7922111 -0.0034741 -0.6450210 -0.0231330 0.7638068
187.036100 -10.8168449 0.0862305 6.8065724 -0.0075354 -0.6379332 -0.0187968 0.7698254
187.452300 -10.8893833 0.0876605 6.8183656 -0.0099488 -0.6451946 -0.0174948 0.7637532
188.179900 -10.9953032 0.0892949 6.8251657 -0.0153982 -0.6966037 -0.0148857 0.7171364
188.803700 -11.0689716 0.0904996 6.8112822 -0.0092128 -0.7682367 -0.0151858 0.6399194
189.219900 -11.1131058 0.0919170 6.7938805 -0.0057362 -0.8127216 -0.0173789 0.5823647
189.532400 -11.1430092 0.0926490 6.7767086 0.0007664 -0.8418117 -0.0207786 0.5393707
190.157500 -11.1990767 0.0944923 6.7361073 -0.0040994 0.8870840 0.0277928 -0.4607523
190.470300 -11.2255001 0.0956571 6.7123680 -0.0086947 0.9010875 0.0267508 -0.4327240
190.887500 -11.2609310 0.0965744 6.6796455 -0.0032434 0.9160163 0.0190051 -0.4006774
191.200200 -11.2863617 0.0980730 6.6520252 -0.0023772 0.9267070 0.0133648 -0.3755394
191.304400 -11.2948437 0.0981849 6.6419201 -0.0010950 0.9307413 0.0149880 -0.3653693
191.512700 -11.3115406 0.0986226 6.6206107 0.0024793 0.9396778 0.0174063 -0.3416088
191.723100 -11.3271761 0.0991043 6.5971713 0.0044264 0.9485620 0.0173517 -0.3160845
191.929600 -11.3421555 0.0994187 6.5716896 0.0048432 0.9574078 0.0186968 -0.2880923
192.137900 -11.3566961 0.1002330 6.5439243 0.0075197 0.9660857 0.0167198 -0.2575698
192.345600 -11.3697796 0.1014389 6.5132289 0.0060892 0.9742172 0.0136610 -0.2251156
192.553800 -11.3818274 0.1024067 6.4787755 0.0041553 0.9813736 0.0139505 -0.1915566
192.762500 -11.3941441 0.1031691 6.4405179 0.0091649 0.9865485 0.0143924 -0.1625760
192.970700 -11.4050150 0.1041057 6.3981638 0.0060260 0.9898465 0.0155165 -0.1411627
193.179500 -11.4169502 0.1055614 6.3516517 0.0060689 0.9913971 0.0163863 -0.1297166
193.388000 -11.4296732 0.1068698 6.3008709 0.0133072 0.9929774 0.0154256 -0.1165364
193.596300 -11.4408131 0.1080788 6.2453279 0.0146563 0.9947339 0.0126764 -0.1006433
193.804800 -11.4509153 0.1102245 6.1846066 0.0171566 0.9961663 0.0135093 -0.0847108
194.013300 -11.4600077 0.1117005 6.1185760 0.0188887 0.9972650 0.0156296 -0.0697237
194.221800 -11.4678516 0.1140215 6.0481100 0.0187196 0.9980569 0.0130109 -0.0579889
194.430500 -11.4750271 0.1158578 5.9738011 0.0189356 0.9984473 0.0129605 -0.0507593
194.639200 -11.4820356 0.1175024 5.8948035 0.0193205 0.9986288 0.0137641 -0.0466667
194.847700 -11.4890442 0.1193933 5.8127193 0.0196053 0.9987292 0.0132790 -0.0444884
195.056300 -11.4959345 0.1212539 5.7266870 0.0214693 0.9987479 0.0142705 -0.0428709
195.264800 -11.5031433 0.1238212 5.6356230 0.0237488 0.9987401 0.0154805 -0.0414067
195.473300 -11.5099173 0.1261791 5.5415792 0.0239908 0.9988329 0.0127793 -0.0399255
195.786100 -11.5200891 0.1290765 5.3903036 0.0211871 0.9989775 0.0129180 -0.0377900
195.994400 -11.5279808 0.1316518 5.2869635 0.0225438 0.9989230 0.0184109 -0.0361334
196.202800 -11.5349274 0.1346109 5.1839666 0.0259872 0.9988630 0.0208553 -0.0340940
196.411200 -11.5413141 0.1370277 5.0807471 0.0251853 0.9990069 0.0180497 -0.0320172
196.619500 -11.5469379 0.1391729 4.9770956 0.0227242 0.9991440 0.0182214 -0.0293761
196.932000 -11.5543098 0.1421674 4.8224921 0.0214317 0.9992442 0.0194667 -0.0259385
197.244800 -11.5614166 0.1456473 4.6678452 0.0231512 0.9992853 0.0197834 -0.0223970
197.557200 -11.5666122 0.1486143 4.5150824 0.0203869 0.9993835 0.0202545 -0.0201675
197.869800 -11.5719223 0.1518805 4.3636217 0.0195700 0.9994354 0.0197952 -0.0188154
198.182200 -11.5767803 0.1554110 4.2128234 0.0208660 0.9994200 0.0204484 -0.0174942
198.494500 -11.5810328 0.1583162 4.0643306 0.0200948 0.9994753 0.0204410 -0.0150812
198.806900 -11.5838566 0.1615500 3.9166348 0.0183053 0.9995403 0.0206818 -0.0125083
199.119200 -11.5857897 0.1642522 3.7696986 0.0175108 0.9996178 0.0184917 -0.0107543
199.431800 -11.5880356 0.1673762 3.6236985 0.0168938 0.9995946 0.0206064 -0.0100279
199.744000 -11.5894985 0.1701704 3.4783347 0.0152369 0.9996597 0.0172221 -0.0123236
200.160900 -11.5952864 0.1738017 3.2872908 0.0167453 0.9995171 0.0167941 -0.0200762
200.473300 -11.6023741 0.1775307 3.1430559 0.0175252 0.9993235 0.0221427 -0.0235611
200.785700 -11.6070900 0.1813961 3.0016506 0.0101705 0.9992953 0.0244367 -0.0266139
201.098000 -11.6149187 0.1847275 2.8613505 0.0133347 0.9994094 0.0176455 -0.0263005
201.410600 -11.6213875 0.1885528 2.7191548 0.0130559 0.9992942 0.0231860 -0.0265166
201.723300 -11.6274452 0.1926586 2.5782492 0.0119336 0.9992797 0.0230268 -0.0277010
202.035500 -11.6342430 0.1958845 2.4406238 0.0129131 0.9993244 0.0223610 -0.0261549
202.347900 -11.6401014 0.1992676 2.2998960 0.0126333 0.9993670 0.0235448 -0.0234862
202.660400 -11.6453342 0.2034792 2.1586480 0.0122126 0.9994419 0.0232266 -0.0206734
203.077100 -11.6500463 0.2082158 1.9735103 0.0100332 0.9995294 0.0228578 -0.0178266
203.285500 -11.6528463 0.2103729 1.8818665 0.0092970 0.9995398 0.0234497 -0.0168481
203.598100 -11.6565390 0.2139229 1.7447621 0.0078569 0.9995574 0.0229435 -0.0172285
203.806500 -11.6589212 0.2165802 1.6535852 0.0064675 0.9995617 0.0224219 -0.0182143
204.015000 -11.6620226 0.2187715 1.5628711 0.0050054 0.9995047 0.0230918 -0.0207842
204.223400 -11.6654882 0.2211769 1.4711461 0.0054730 0.9994195 0.0236334 -0.0239189
204.431900 -11.6694889 0.2236622 1.3806013 0.0054784 0.9993596 0.0231332 -0.0267442
204.640500 -11.6739416 0.2262746 1.2911273 0.0051979 0.9993150 0.0227695 -0.0287047
204.848800 -11.6783867 0.2286551 1.2033854 0.0052324 0.9992678 0.0228099 -0.0302698
205.057100 -11.6836681 0.2305740 1.1142056 0.0055266 0.9992269 0.0229466 -0.0314390
205.265300 -11.6889029 0.2328781 1.0265694 0.0061502 0.9992080 0.0221146 -0.0325026
205.473600 -11.6938248 0.2354541 0.9389706 0.0067975 0.9991934 0.0231201 -0.0321229
205.681700 -11.6981030 0.2379614 0.8517182 0.0080595 0.9992922 0.0229660 -0.0286841
205.889700 -11.7016039 0.2403767 0.7645936 0.0087825 0.9994717 0.0229527 -0.0212706
206.097700 -11.7038536 0.2426576 0.6779498 0.0090414 0.9996166 0.0234992 -0.0115229
206.305800 -11.7036161 0.2452813 0.5912698 0.0090040 0.9996631 0.0243218 -0.0010499
206.513700 -11.7015734 0.2475972 0.5056782 0.0101917 0.9996294 0.0231145 0.0101435
206.722100 -11.6974058 0.2499213 0.4207855 0.0114960 0.9994414 0.0213702 0.0229790
206.929800 -11.6906853 0.2521770 0.3350700 0.0134157 0.9988693 0.0228058 0.0394972
207.137600 -11.6807308 0.2542079 0.2504687 0.0146067 0.9979482 0.0208813 0.0587374
207.345600 -11.6674423 0.2561500 0.1659276 0.0138891 0.9965471 0.0210382 0.0791100
207.553700 -11.6504517 0.2580576 0.0810940 0.0140987 0.9946343 0.0211669 0.1002784
207.761600 -11.6298103 0.2596783 -0.0027180 0.0145564 0.9921318 0.0202797 0.1226835
207.969500 -11.6048546 0.2612328 -0.0859313 0.0144568 0.9890519 0.0181427 0.1457335
208.177600 -11.5763550 0.2626759 -0.1697476 0.0142772 0.9852932 0.0182096 0.1692982
208.385700 -11.5429354 0.2643713 -0.2526963 0.0143959 0.9809455 0.0193569 0.1927799
208.593700 -11.5056248 0.2655472 -0.3349829 0.0165174 0.9759452 0.0190719 0.2165512
208.802200 -11.4631643 0.2668007 -0.4166579 0.0158626 0.9705759 0.0192650 0.2394987
209.010200 -11.4161320 0.2682065 -0.4966364 0.0149506 0.9653287 0.0169238 0.2600588
209.218200 -11.3656158 0.2690148 -0.5766988 0.0142126 0.9598373 0.0150746 0.2797913
209.426600 -11.3112164 0.2696211 -0.6559544 0.0130997 0.9551094 0.0142803 0.2956188
209.635200 -11.2534199 0.2700873 -0.7353706 0.0099338 0.9518219 0.0137462 0.3061820
209.843700 -11.1935539 0.2706847 -0.8154254 0.0084221 0.9498993 0.0127962 0.3121804
210.052200 -11.1325006 0.2710233 -0.8958421 0.0090253 0.9488355 0.0111099 0.3154462
210.260700 -11.0699930 0.2709897 -0.9776859 0.0091984 0.9482093 0.0106098 0.3173357
210.469100 -11.0066042 0.2710536 -1.0603561 0.0077668 0.9478987 0.0109984 0.3182872
210.677500 -10.9436760 0.2706860 -1.1425548 0.0066551 0.9481163 0.0106497 0.3176755
210.886000 -10.8808289 0.2705912 -1.2249932 0.0052506 0.9492536 0.0104275 0.3142949
211.094400 -10.8186207 0.2704819 -1.3087711 0.0041953 0.9510760 0.0111464 0.3087275
211.406900 -10.7277308 0.2706515 -1.4354448 0.0032199 0.9544152 0.0107101 0.2982725
211.719600 -10.6407776 0.2705762 -1.5633547 0.0038110 0.9582117 0.0121556 0.2857762
212.031900 -10.5580940 0.2708864 -1.6939023 0.0097045 0.9604954 0.0136924 0.2777892
212.344200 -10.4765997 0.2718861 -1.8223364 0.0118102 0.9613141 0.0149380 0.2747955
212.656400 -10.3982935 0.2715909 -1.9478264 0.0161472 0.9617647 0.0163955 0.2729086
212.968600 -10.3219204 0.2720904 -2.0714028 0.0198015 0.9619324 0.0167597 0.2720536
213.280800 -10.2462826 0.2730951 -2.1931686 0.0218868 0.9621157 0.0183730 0.2711397
213.593100 -10.1726112 0.2735202 -2.3148046 0.0234506 0.9621716 0.0194589 0.2707346
213.905100 -10.1036959 0.2739867 -2.4254780 0.0243859 0.9610512 0.0211433 0.2744793
214.217100 -10.0393648 0.2749473 -2.5246480 0.0258557 0.9583597 0.0214815 0.2835785
214.633200 -9.9601822 0.2753261 -2.6400428 0.0241921 0.9543229 0.0219520 0.2969859
214.841300 -9.9240780 0.2754147 -2.6901472 0.0231689 0.9524764 0.0205538 0.3030336
215.052500 -9.8904514 0.2758467 -2.7359440 0.0227298 0.9506174 0.0203529 0.3088619
215.257800 -9.8591995 0.2761178 -2.7774897 0.0226982 0.9484785 0.0207662 0.3153444
215.466200 -9.8289528 0.2761510 -2.8154542 0.0235138 0.9455220 0.0208318 0.3240390
215.674000 -9.7995129 0.2758708 -2.8503568 0.0241402 0.9413854 0.0198503 0.3358819
215.882200 -9.7703724 0.2755819 -2.8826268 0.0243120 0.9367321 0.0182420 0.3487250
216.090300 -9.7417440 0.2755219 -2.9130220 0.0254386 0.9311840 0.0176606 0.3632318
216.402400 -9.7002335 0.2747679 -2.9524164 0.0269565 0.9202366 0.0177923 0.3900274
216.610300 -9.6736069 0.2742660 -2.9744084 0.0265542 0.9102833 0.0176411 0.4127565
216.923100 -9.6371202 0.2732166 -2.9989440 0.0213079 0.8933646 0.0134190 0.4486263
217.234800 -9.6050262 0.2723286 -3.0171461 0.0198149 0.8772343 0.0071346 0.4796004
217.443100 -9.5839796 0.2716666 -3.0274785 0.0193600 0.8648443 0.0061031 0.5016295
217.651400 -9.5624170 0.2709634 -3.0359077 0.0152190 0.8504584 0.0057879 0.5257903
217.859600 -9.5406590 0.2702472 -3.0431163 0.0124206 0.8346817 0.0049105 0.5505708
218.067900 -9.5191288 0.2697117 -3.0490913 0.0107705 0.8186920 0.0033287 0.5741223
218.276100 -9.4961205 0.2691962 -3.0538571 0.0094988 0.8015417 0.0007767 0.5978629
218.484300 -9.4716873 0.2684748 -3.0578933 0.0104289 0.7828428 0.0003912 0.6221321
218.692600 -9.4449034 0.2677819 -3.0611358 0.0120207 0.7632834 -0.0000603 0.6459519
218.900800 -9.4148722 0.2670762 -3.0630579 0.0138821 0.7427517 -0.0016930 0.6694209
219.317300 -9.3472223 0.2651353 -3.0610332 0.0146814 0.6992415 -0.0046960 0.7147193
219.525600 -9.3088636 0.2639226 -3.0569620 0.0123161 0.6776105 -0.0045663 0.7353037
219.735500 -9.2661562 0.2628169 -3.0508833 0.0119084 0.6579603 -0.0019891 0.7529559
219.942400 -9.2204456 0.2614996 -3.0419757 0.0114808 0.6411118 -0.0004582 0.7673615
220.151400 -9.1712542 0.2603860 -3.0300224 0.0115765 0.6232194 -0.0010890 0.7819605
220.359200 -9.1187983 0.2593482 -3.0149179 0.0114173 0.6032951 0.0026765 0.7974318
220.567600 -9.0630512 0.2579939 -2.9958484 0.0110204 0.5818823 0.0095693 0.8131421
220.880200 -8.9753256 0.2564245 -2.9596348 0.0168572 0.5458924 0.0160025 0.8375329
221.088500 -8.9149961 0.2552058 -2.9300122 0.0234537 0.5218887 0.0171271 0.8525191
221.296900 -8.8526449 0.2528514 -2.8940935 0.0208833 0.5017077 0.0175258 0.8646075
221.505700 -8.7878628 0.2505092 -2.8536007 0.0180268 0.4857540 0.0169726 0.8737448
221.714400 -8.7214909 0.2484131 -2.8094721 0.0173541 0.4754777 0.0138634 0.8794473
221.923300 -8.6525126 0.2464379 -2.7616785 0.0153092 0.4711112 0.0098945 0.8818855
222.132200 -8.5811338 0.2436889 -2.7135127 0.0131858 0.4711736 0.0083210 0.8819026
222.341000 -8.5075998 0.2413831 -2.6635857 0.0155508 0.4720841 0.0068576 0.8813897
222.549900 -8.4317045 0.2385240 -2.6128540 0.0137272 0.4730538 0.0070386 0.8808985
222.758100 -8.3536997 0.2365751 -2.5610921 0.0115125 0.4744658 0.0070847 0.8801701
222.966600 -8.2738314 0.2340031 -2.5084522 0.0117180 0.4764114 0.0052675 0.8791286
223.175200 -8.1926384 0.2312212 -2.4556947 0.0129325 0.4789569 0.0025230 0.8777395
223.383700 -8.1085730 0.2287397 -2.4014926 0.0089702 0.4824627 0.0026682 0.8758665
223.592100 -8.0227928 0.2261568 -2.3470798 0.0064149 0.4877012 0.0014866 0.8729858
223.800700 -7.9365597 0.2232946 -2.2954261 0.0067426 0.4929556 0.0021673 0.8700256
224.113300 -7.8013935 0.2202080 -2.2164993 0.0063444 0.5010214 0.0062552 0.8653890
224.321300 -7.7106385 0.2177080 -2.1647029 0.0074924 0.5073658 0.0046859 0.8616855
224.529600 -7.6188111 0.2153335 -2.1143799 0.0073353 0.5143252 0.0042371 0.8575534
224.737700 -7.5268965 0.2129366 -2.0661654 0.0061890 0.5208078 0.0050496 0.8536366
224.945800 -7.4346204 0.2108725 -2.0185332 0.0037967 0.5264311 0.0049052 0.8501952
225.153800 -7.3419952 0.2089977 -1.9725727 0.0019455 0.5298771 0.0053624 0.8480552
225.361700 -7.2510128 0.2070482 -1.9285607 0.0099547 0.5308889 0.0059011 0.8473624
225.569800 -7.1600547 0.2046871 -1.8837218 0.0094839 0.5311607 0.0075517 0.8471844
225.673700 -7.1146307 0.2030502 -1.8615998 0.0080445 0.5315471 0.0071927 0.8469600
225.881700 -7.0242248 0.2014236 -1.8175046 0.0072903 0.5324230 0.0066468 0.8464209
225.986100 -6.9783092 0.2004518 -1.7953349 0.0091804 0.5324041 0.0063265 0.8464169
226.089900 -6.9336505 0.1990137 -1.7741334 0.0119024 0.5323121 0.0062661 0.8464413
226.193900 -6.8882365 0.1975228 -1.7519879 0.0138854 0.5326717 0.0061429 0.8461857
226.401900 -6.7978492 0.1942562 -1.7083743 0.0135610 0.5332627 0.0067438 0.8458141
226.505900 -6.7522702 0.1929918 -1.6869737 0.0130374 0.5333048 0.0075603 0.8457889
226.714100 -6.6613169 0.1899900 -1.6437180 0.0133822 0.5338635 0.0085140 0.8454219
226.922100 -6.5713301 0.1865878 -1.6004369 0.0148101 0.5342540 0.0077834 0.8451584
227.130200 -6.4813919 0.1833887 -1.5576646 0.0124757 0.5347618 0.0086037 0.8448670
227.338400 -6.3929319 0.1806524 -1.5157579 0.0113444 0.5345686 0.0095173 0.8449953
227.546300 -6.3052187 0.1779131 -1.4744438 0.0139935 0.5327481 0.0094987 0.8461049
227.858600 -6.1763849 0.1731646 -1.4114261 0.0127506 0.5306816 0.0098032 0.8474187
228.066700 -6.0917797 0.1699016 -1.3700098 0.0134173 0.5297542 0.0077082 0.8480101
228.379100 -5.9646215 0.1660345 -1.3071719 0.0036422 0.5347593 0.0046974 0.8449836
228.691700 -5.8392544 0.1624583 -1.2494789 0.0063458 0.5460025 -0.0041663 0.8377492
228.900100 -5.7544069 0.1599504 -1.2126592 0.0027050 0.5552298 -0.0040976 0.8316824
229.212500 -5.6265125 0.1563565 -1.1625084 0.0051257 0.5666387 -0.0032969 0.8239438
229.524700 -5.4973774 0.1524224 -1.1143904 0.0040915 0.5726001 0.0019565 0.8198223
229.733000 -5.4116387 0.1501797 -1.0828302 0.0079436 0.5767508 -0.0020077 0.8168790
229.941100 -5.3249388 0.1471333 -1.0520176 0.0069737 0.5799537 -0.0047847 0.8146055
230.149200 -5.2382202 0.1439753 -1.0216786 0.0047609 0.5813838 -0.0022219 0.8136125
230.357400 -5.1512833 0.1416609 -0.9915112 0.0006204 0.5822740 -0.0033003 0.8129857
230.565700 -5.0651426 0.1396392 -0.9619291 -0.0011623 0.5855727 -0.0085739 0.8105738
230.878200 -4.9347906 0.1353839 -0.9204021 0.0057917 0.5928707 -0.0121373 0.8051854
231.086700 -4.8463521 0.1317632 -0.8937925 0.0044385 0.5992325 -0.0085655 0.8005170
231.295200 -4.7575469 0.1284502 -0.8684131 0.0036302 0.6061206 -0.0076224 0.7953279
231.503300 -4.6681838 0.1255457 -0.8446075 0.0049390 0.6130521 -0.0071909 0.7899944
231.711800 -4.5780540 0.1225196 -0.8225685 0.0050238 0.6188137 -0.0056173 0.7855017
231.920100 -4.4861565 0.1198531 -0.8009065 0.0048676 0.6241695 -0.0040427 0.7812633
232.128200 -4.3947172 0.1171181 -0.7808169 0.0062115 0.6282096 -0.0019166 0.7780170
232.336500 -4.3038158 0.1139110 -0.7613239 0.0096714 0.6303547 -0.0012839 0.7762459
232.440500 -4.2585015 0.1124770 -0.7522168 0.0096899 0.6312258 -0.0004440 0.7755384
232.651700 -4.1676283 0.1096206 -0.7338260 0.0068096 0.6333462 0.0024967 0.7738346
232.856900 -4.0771050 0.1069181 -0.7160683 0.0078142 0.6356304 0.0032801 0.7719470
233.065000 -3.9875748 0.1043011 -0.6988221 0.0079466 0.6377304 0.0043818 0.7702062
233.273100 -3.8962622 0.1023996 -0.6813124 0.0083907 0.6394256 0.0050572 0.7687905
233.585300 -3.7612131 0.0984766 -0.6564857 0.0080917 0.6415461 0.0030151 0.7670358
233.793200 -3.6702497 0.0960116 -0.6407139 0.0073847 0.6429000 0.0056934 0.7658934
234.105200 -3.5332553 0.0937564 -0.6182853 0.0113202 0.6444900 0.0061578 0.7645041
234.417200 -3.3951118 0.0905673 -0.5958220 0.0106911 0.6465679 0.0081957 0.7627375
234.729300 -3.2574742 0.0877511 -0.5752578 0.0116815 0.6481115 0.0075278 0.7614186
234.937900 -3.1665859 0.0853850 -0.5604522 0.0133318 0.6499208 0.0067453 0.7598551
235.145400 -3.0765266 0.0822687 -0.5466077 0.0142020 0.6522940 0.0050344 0.7578163
235.353500 -2.9865580 0.0797199 -0.5328077 0.0117009 0.6547222 0.0042207 0.7557672
235.457500 -2.9417117 0.0783693 -0.5266414 0.0106610 0.6554872 0.0046484 0.7551166
235.665500 -2.8534105 0.0754840 -0.5142324 0.0131245 0.6570567 0.0037723 0.7537175
235.769400 -2.8098190 0.0736810 -0.5084239 0.0139660 0.6578436 0.0035112 0.7530169
235.977600 -2.7226710 0.0709336 -0.4971219 0.0144911 0.6592057 0.0045357 0.7518094
236.081600 -2.6791153 0.0694811 -0.4912033 0.0146511 0.6600679 0.0055584 0.7510425
236.290500 -2.5925803 0.0665140 -0.4807308 0.0141724 0.6613120 0.0073738 0.7499408
236.394600 -2.5492465 0.0654064 -0.4753382 0.0143224 0.6620516 0.0074490 0.7492844
236.601800 -2.4633915 0.0629821 -0.4650027 0.0163949 0.6633702 0.0072696 0.7480764
236.705900 -2.4211690 0.0614865 -0.4598660 0.0170807 0.6637583 0.0069994 0.7477193
236.809900 -2.3793552 0.0603052 -0.4547657 0.0173484 0.6642094 0.0073860 0.7473087
236.914000 -2.3380148 0.0588928 -0.4499296 0.0169184 0.6646817 0.0079560 0.7468927
237.018000 -2.2977238 0.0576957 -0.4449066 0.0162189 0.6653080 0.0082666 0.7463470
237.226100 -2.2190118 0.0549494 -0.4362134 0.0165674 0.6661571 0.0077062 0.7455876
237.434200 -2.1417654 0.0522767 -0.4280136 0.0153234 0.6667944 0.0093502 0.7450255
237.642300 -2.0664752 0.0503355 -0.4203865 0.0126399 0.6674216 0.0136883 0.7444470
237.850500 -1.9939158 0.0486992 -0.4126066 0.0123539 0.6683673 0.0149696 0.7435782
238.058700 -1.9255731 0.0477102 -0.4052723 0.0130379 0.6693635 0.0118759 0.7427257
238.266900 -1.8605775 0.0461375 -0.3986377 0.0148679 0.6701120 0.0096933 0.7420477
238.475100 -1.7983131 0.0443004 -0.3925676 0.0152060 0.6699072 0.0108611 0.7422097
238.683400 -1.7386547 0.0421703 -0.3861692 0.0133958 0.6690473 0.0117121 0.7430068
238.891600 -1.6824665 0.0407019 -0.3800149 0.0137868 0.6685819 0.0123929 0.7434074
239.100000 -1.6286602 0.0391037 -0.3741362 0.0147718 0.6690590 0.0105163 0.7429880
239.412800 -1.5538312 0.0370095 -0.3667893 0.0167239 0.6713103 0.0109009 0.7409075
239.725300 -1.4853470 0.0347388 -0.3608625 0.0182871 0.6732439 0.0133718 0.7390734
239.933700 -1.4442170 0.0334431 -0.3571349 0.0180486 0.6746593 0.0119877 0.7378112
240.246200 -1.3908689 0.0310633 -0.3525898 0.0229470 0.6758869 0.0084911 0.7365991
240.558700 -1.3457193 0.0293977 -0.3489709 0.0241642 0.6754106 0.0072515 0.7370102
240.871000 -1.3085430 0.0275431 -0.3448061 0.0236349 0.6709341 0.0057279 0.7411180
241.495100 -1.2444775 0.0246274 -0.3333750 0.0222965 0.6430115 0.0047189 0.7655174
242.120000 -1.1978561 0.0225722 -0.3197486 0.0136529 0.6170877 0.0050189 0.7867599
250.248700 -1.1754954 0.0213252 -0.3111026 0.0214559 0.5985574 -0.0045948 0.8007794
250.560600 -1.1565142 0.0203476 -0.3025357 0.0209274 0.5760501 -0.0052744 0.8171294
250.872200 -1.1300051 0.0194017 -0.2887317 0.0182731 0.5405642 -0.0021774 0.8411015
251.183700 -1.0980388 0.0179816 -0.2669790 0.0133698 0.4926591 -0.0027323 0.8701154
251.495200 -1.0624299 0.0162646 -0.2368469 0.0082291 0.4332183 -0.0067203 0.9012264
251.910600 -1.0139859 0.0143336 -0.1807335 0.0077202 0.3413284 -0.0084168 0.9398747
252.222500 -0.9784125 0.0132049 -0.1242540 0.0026816 0.2702969 -0.0058752 0.9627553
252.534700 -0.9475034 0.0121673 -0.0519232 0.0021709 0.2028979 -0.0059731 0.9791793
252.743200 -0.9291545 0.0115865 0.0028663 0.0011220 0.1639107 -0.0027348 0.9864708
252.951700 -0.9128309 0.0109120 0.0627003 0.0031989 0.1278802 0.0041987 0.9917756
253.368700 -0.8914598 0.0091558 0.1987890 0.0047435 0.0610417 0.0091497 0.9980820
254.307900 -0.8900917 0.0010290 0.5728731 0.0074818 -0.0130509 -0.0024466 0.9998838
255.351000 -0.9080331 -0.0079572 1.0820709 -0.0007192 -0.0179617 -0.0026950 0.9998348
257.226000 -0.9549251 -0.0235050 2.0187931 -0.0046261 -0.0249390 0.0008495 0.9996779
258.267200 -0.9818885 -0.0335564 2.5184400 -0.0005090 -0.0241487 -0.0004111 0.9997082
259.933500 -1.0263562 -0.0463635 3.2903981 -0.0022138 -0.0283849 -0.0003933 0.9995945
260.662500 -1.0456908 -0.0510721 3.6207273 -0.0024644 -0.0245960 -0.0005998 0.9996942
261.183300 -1.0571465 -0.0559447 3.8512571 0.0049625 -0.0204491 -0.0014316 0.9997776
261.704200 -1.0651999 -0.0601806 4.0812225 0.0012449 -0.0130952 -0.0004433 0.9999134
262.120700 -1.0711854 -0.0655602 4.2616391 0.0100425 -0.0115323 -0.0008970 0.9998826
262.537300 -1.0772051 -0.0697169 4.4463716 0.0002358 -0.0122429 -0.0030193 0.9999205
262.954000 -1.0827512 -0.0706425 4.6361413 -0.0048138 -0.0155260 -0.0013797 0.9998669
263.370700 -1.0892544 -0.0734820 4.8320036 0.0102109 -0.0170842 0.0025036 0.9997988
263.787300 -1.0974009 -0.0788126 5.0355968 0.0032487 -0.0186042 0.0019140 0.9998198
264.099900 -1.1051457 -0.0825558 5.1915050 0.0039825 -0.0206162 0.0012093 0.9997788
264.412200 -1.1129861 -0.0857769 5.3478236 0.0002694 -0.0231370 0.0010330 0.9997317
264.620500 -1.1183937 -0.0877547 5.4521189 0.0008012 -0.0248132 0.0013563 0.9996909
264.932800 -1.1267411 -0.0903791 5.6080260 -0.0004889 -0.0263645 0.0002623 0.9996523
265.141200 -1.1331223 -0.0925033 5.7114930 0.0017923 -0.0261599 -0.0004529 0.9996561
265.349500 -1.1390889 -0.0944450 5.8140817 -0.0010068 -0.0268814 0.0003230 0.9996381
265.557700 -1.1448318 -0.0953982 5.9173527 -0.0026845 -0.0288397 0.0002954 0.9995804
265.766000 -1.1511393 -0.0981841 6.0164042 -0.0010281 -0.0296985 0.0004975 0.9995583
266.078300 -1.1603572 -0.1009971 6.1645823 -0.0008769 -0.0282792 0.0002266 0.9995996
266.286700 -1.1656928 -0.1028439 6.2618318 -0.0013272 -0.0269392 0.0002226 0.9996362
266.495100 -1.1708071 -0.1043986 6.3585835 -0.0012311 -0.0254127 -0.0001405 0.9996763
266.703500 -1.1760725 -0.1063386 6.4546995 -0.0016579 -0.0239455 -0.0012130 0.9997112
266.911700 -1.1803056 -0.1080824 6.5483899 0.0000473 -0.0225788 -0.0015448 0.9997439
267.120100 -1.1853917 -0.1101986 6.6421199 0.0018514 -0.0206666 -0.0034590 0.9997787
267.328500 -1.1894130 -0.1119396 6.7349715 0.0030312 -0.0186991 -0.0006376 0.9998204
267.432700 -1.1909696 -0.1132008 6.7814193 0.0017253 -0.0179855 0.0001725 0.9998367
267.641100 -1.1945474 -0.1156076 6.8736596 0.0035922 -0.0172399 -0.0024589 0.9998419
267.849300 -1.1991459 -0.1178834 6.9666562 0.0086278 -0.0167787 -0.0081867 0.9997885
268.057600 -1.2028012 -0.1206341 7.0608468 0.0071384 -0.0186786 -0.0101002 0.9997490
268.266000 -1.2064804 -0.1228073 7.1569557 0.0059529 -0.0207647 -0.0060728 0.9997482
268.474200 -1.2106216 -0.1247350 7.2538385 0.0004002 -0.0223962 -0.0034876 0.9997430
268.682600 -1.2142496 -0.1254135 7.3518758 -0.0067897 -0.0244790 0.0008473 0.9996769
268.890800 -1.2191970 -0.1257449 7.4497275 -0.0027452 -0.0261330 0.0020991 0.9996525
269.099200 -1.2251272 -0.1269474 7.5492473 0.0026826 -0.0267784 0.0013652 0.9996369
269.932600 -1.2482108 -0.1363187 7.9708471 0.0037967 -0.0247156 -0.0003724 0.9996873
270.870000 -1.2718358 -0.1478202 8.4488192 0.0030192 -0.0222308 -0.0029795 0.9997439
271.703000 -1.2907934 -0.1564143 8.8588371 -0.0023644 -0.0213701 -0.0019652 0.9997669
272.327900 -1.3025366 -0.1628715 9.1366405 0.0010816 -0.0193039 -0.0035116 0.9998069
272.953000 -1.3134940 -0.1678005 9.4010477 0.0024435 -0.0176363 0.0002306 0.9998415
273.474100 -1.3200108 -0.1732603 9.6182041 0.0031721 -0.0140434 0.0023438 0.9998936
273.995000 -1.3243109 -0.1789624 9.8371687 0.0171807 -0.0156783 0.0060490 0.9997112
274.515600 -1.3377026 -0.1867333 10.0549593 -0.0008983 -0.0352295 -0.0005003 0.9993787
274.932600 -1.3520920 -0.1883588 10.2298250 0.0024679 -0.0415462 -0.0041696 0.9991248
275.245600 -1.3633192 -0.1907536 10.3688374 0.0038645 -0.0376000 0.0004144 0.9992853
275.558400 -1.3739374 -0.1939043 10.5131416 0.0095191 -0.0349323 0.0039360 0.9993366
275.871100 -1.3854955 -0.1978032 10.6615152 0.0050250 -0.0332603 0.0021721 0.9994317
276.183900 -1.3952298 -0.2009426 10.8136721 0.0059594 -0.0320991 0.0064547 0.9994461
276.496500 -1.4054559 -0.2056020 10.9666948 0.0080166 -0.0319509 0.0063834 0.9994369
276.704900 -1.4126146 -0.2082595 11.0696535 0.0031812 -0.0313190 0.0052953 0.9994904
276.913100 -1.4196627 -0.2104455 11.1724558 0.0019542 -0.0309247 0.0040566 0.9995116
277.121500 -1.4264182 -0.2130445 11.2739439 0.0032825 -0.0307300 0.0026961 0.9995187
277.329900 -1.4332020 -0.2155695 11.3744211 0.0060212 -0.0304697 0.0038320 0.9995102
277.538200 -1.4395307 -0.2182930 11.4751482 0.0055847 -0.0299988 0.0059633 0.9995165
277.746600 -1.4459249 -0.2209149 11.5754232 0.0013763 -0.0297572 0.0055118 0.9995410
277.954900 -1.4521410 -0.2235109 11.6735220 0.0044626 -0.0294067 0.0021769 0.9995552
278.163200 -1.4586751 -0.2262331 11.7715845 0.0043957 -0.0287565 -0.0006145 0.9995766
278.371500 -1.4641585 -0.2289848 11.8685665 0.0022314 -0.0295805 0.0009649 0.9995595
278.579900 -1.4701598 -0.2311614 11.9620943 0.0007621 -0.0307587 0.0018165 0.9995249
278.788100 -1.4764650 -0.2335072 12.0529099 0.0028368 -0.0320514 0.0012067 0.9994814
278.996200 -1.4829562 -0.2359815 12.1418848 0.0019557 -0.0334424 0.0006601 0.9994385
279.204500 -1.4891372 -0.2377649 12.2282486 -0.0030892 -0.0348017 0.0006202 0.9993893
279.516900 -1.4987638 -0.2399242 12.3520041 -0.0003661 -0.0357153 0.0000760 0.9993619
279.725100 -1.5048426 -0.2416483 12.4333019 0.0018644 -0.0362750 0.0010988 0.9993395
279.933500 -1.5108733 -0.2433220 12.5145283 0.0012319 -0.0364304 0.0010625 0.9993349
280.142000 -1.5172060 -0.2455010 12.5947542 0.0026833 -0.0346181 -0.0012019 0.9993963
280.350400 -1.5234056 -0.2476473 12.6742611 0.0080775 -0.0324256 -0.0042913 0.9994323
280.558800 -1.5287433 -0.2502809 12.7542152 0.0092622 -0.0299495 -0.0068460 0.9994851
280.767200 -1.5336889 -0.2530268 12.8347874 0.0076741 -0.0269275 -0.0079251 0.9995765
280.975600 -1.5375496 -0.2555240 12.9155188 0.0060662 -0.0237448 -0.0059606 0.9996819
281.184000 -1.5414008 -0.2574871 12.9974213 0.0055033 -0.0205392 -0.0050895 0.9997610
281.496600 -1.5466812 -0.2599934 13.1227398 0.0024971 -0.0149877 -0.0070134 0.9998599
281.809300 -1.5496242 -0.2625014 13.2507133 0.0048241 -0.0091777 -0.0061646 0.9999272
282.121900 -1.5512981 -0.2653996 13.3828249 0.0100654 -0.0033737 -0.0039989 0.9999357
282.434500 -1.5513495 -0.2697882 13.5198317 0.0076316 0.0028057 -0.0041884 0.9999582
282.747000 -1.5498605 -0.2738804 13.6584167 0.0107276 0.0091798 -0.0041421 0.9998918
282.955500 -1.5481610 -0.2778853 13.7524586 0.0132062 0.0134612 -0.0048523 0.9998104
283.163700 -1.5456022 -0.2810331 13.8478851 0.0103660 0.0179062 -0.0051676 0.9997725
283.372200 -1.5415342 -0.2838903 13.9448576 0.0065790 0.0218774 -0.0041017 0.9997306
283.580600 -1.5368211 -0.2868667 14.0419693 0.0060140 0.0252955 -0.0023989 0.9996591
283.788900 -1.5320039 -0.2895068 14.1404409 0.0102385 0.0267793 -0.0012615 0.9995881
283.997100 -1.5270448 -0.2931634 14.2402363 0.0105208 0.0277334 -0.0012942 0.9995592
284.205400 -1.5221941 -0.2964565 14.3418970 0.0083104 0.0285292 -0.0010704 0.9995579
284.413600 -1.5161008 -0.2995304 14.4448423 0.0098910 0.0281416 0.0003689 0.9995549
284.621900 -1.5110748 -0.3028636 14.5481024 0.0094147 0.0278170 0.0006258 0.9995685
284.830100 -1.5053431 -0.3063498 14.6522512 0.0050435 0.0270882 0.0021862 0.9996179
285.038200 -1.5002677 -0.3095634 14.7545938 0.0051475 0.0261869 0.0033513 0.9996382
285.246400 -1.4958630 -0.3124820 14.8563852 0.0070946 0.0252805 0.0012836 0.9996544
285.454600 -1.4915283 -0.3156255 14.9579620 0.0071958 0.0240090 0.0009273 0.9996854
285.766900 -1.4850380 -0.3206664 15.1095428 0.0072069 0.0220450 -0.0011695 0.9997303
286.079200 -1.4796605 -0.3262334 15.2590971 0.0064107 0.0195027 -0.0014281 0.9997882
286.287400 -1.4767029 -0.3296745 15.3577404 0.0110859 0.0173812 0.0005558 0.9997873
286.495600 -1.4735975 -0.3328398 15.4574013 0.0036975 0.0154960 0.0019307 0.9998713
286.703900 -1.4714892 -0.3348891 15.5552616 -0.0014755 0.0147362 0.0006986 0.9998901
286.912200 -1.4701167 -0.3369392 15.6516838 0.0046244 0.0141552 -0.0055743 0.9998736
287.120500 -1.4684117 -0.3397171 15.7471914 0.0065621 0.0137580 -0.0084618 0.9998480
287.328700 -1.4667101 -0.3423838 15.8426905 0.0030480 0.0128764 -0.0113130 0.9998484
287.537000 -1.4649110 -0.3447407 15.9365263 0.0031727 0.0111051 -0.0120583 0.9998606
