0.000000 0.0000000 0.0000000 0.0000000 0.0000000 0.0000000 0.0000000 1.0000000
0.310908 0.0013551 -0.0004208 0.0435193 0.0002112 0.0102801 0.0037125 0.9999402
0.414483 0.0016271 -0.0005319 0.0586008 0.0009601 0.0092509 0.0044684 0.9999468
0.518120 0.0017624 -0.0006650 0.0741217 0.0016712 0.0058929 0.0057828 0.9999645
0.725215 0.0006367 -0.0011619 0.1058342 0.0026680 -0.0085281 0.0062295 0.9999407
0.828918 -0.0009584 -0.0013819 0.1227022 0.0026399 -0.0181823 0.0039611 0.9998233
1.036104 -0.0046742 -0.0019862 0.1571914 0.0033993 -0.0383063 0.0020354 0.9992582
1.139865 -0.0068592 -0.0022514 0.1753367 0.0029952 -0.0489380 0.0028506 0.9987932
1.243510 -0.0097764 -0.0023191 0.1941599 0.0026632 -0.0587479 0.0035256 0.9982631
1.347350 -0.0131557 -0.0026745 0.2132132 0.0022897 -0.0676266 0.0030021 0.9977036
1.555101 -0.0209289 -0.0034569 0.2533330 0.0019766 -0.0823648 0.0019756 0.9965983
1.762893 -0.0294317 -0.0041272 0.2959202 0.0033271 -0.0933556 0.0045740 0.9956168
1.970961 -0.0392721 -0.0046777 0.3414187 0.0053457 -0.1011990 0.0034495 0.9948459
2.179116 -0.0499856 -0.0056090 0.3898877 0.0072150 -0.1093436 0.0057809 0.9939610
2.387073 -0.0616655 -0.0069129 0.4405810 0.0087149 -0.1179083 0.0090345 0.9929451
2.595229 -0.0764041 -0.0083941 0.4928059 0.0127902 -0.1267429 0.0050900 0.9918401
2.803189 -0.0914532 -0.0102714 0.5479253 0.0145927 -0.1355557 0.0074301 0.9906344
3.011247 -0.1090940 -0.0126456 0.6050684 0.0177027 -0.1437940 0.0061666 0.9894301
3.219570 -0.1276511 -0.0157269 0.6641274 0.0239842 -0.1508400 0.0064762 0.9882460
3.427467 -0.1479844 -0.0194934 0.7249469 0.0325629 -0.1550300 0.0054948 0.9873577
3.635476 -0.1698657 -0.0241886 0.7878650 0.0411329 -0.1592973 0.0031799 0.9863682
3.843522 -0.1931249 -0.0304510 0.8527228 0.0479380 -0.1643559 0.0003059 0.9852355
4.051384 -0.2179159 -0.0377633 0.9188982 0.0526509 -0.1692796 -0.0030947 0.9841558
4.259272 -0.2441512 -0.0452249 0.9874232 0.0533407 -0.1748130 -0.0040757 0.9831473
4.467802 -0.2717703 -0.0533646 1.0575683 0.0516529 -0.1815453 -0.0043150 0.9820156
4.676366 -0.3013952 -0.0611399 1.1292818 0.0475426 -0.1902690 -0.0054436 0.9805650
4.882642 -0.3338111 -0.0686674 1.2024014 0.0437540 -0.1991006 -0.0088573 0.9789618
5.090371 -0.3667227 -0.0759308 1.2749609 0.0426373 -0.2088225 -0.0092472 0.9769799
5.298151 -0.4018950 -0.0828841 1.3491330 0.0413165 -0.2179522 -0.0099164 0.9750341
5.505885 -0.4401364 -0.0895604 1.4265169 0.0380031 -0.2267145 -0.0090442 0.9731775
5.713619 -0.4801901 -0.0954422 1.5040934 0.0332936 -0.2349866 -0.0094604 0.9713822
5.921350 -0.5223554 -0.1015617 1.5822204 0.0317193 -0.2421792 -0.0087934 0.9696730
6.129103 -0.5664098 -0.1069872 1.6611036 0.0300350 -0.2484597 -0.0080665 0.9681429
6.336918 -0.6122638 -0.1127906 1.7433515 0.0296277 -0.2534926 -0.0059701 0.9668651
6.545512 -0.6611502 -0.1186355 1.8271332 0.0296416 -0.2551876 -0.0068881 0.9664125
6.752638 -0.7105470 -0.1246390 1.9118024 0.0282673 -0.2554731 -0.0061571 0.9663832
6.960403 -0.7612242 -0.1302687 1.9993881 0.0282120 -0.2572787 -0.0038162 0.9659178
7.168161 -0.8131003 -0.1363302 2.0867839 0.0250411 -0.2606619 -0.0031732 0.9651001
7.375748 -0.8659623 -0.1420709 2.1753490 0.0215657 -0.2671948 -0.0018599 0.9633994
7.583886 -0.9198964 -0.1485084 2.2623682 0.0234022 -0.2778448 0.0013267 0.9603400
7.790766 -0.9777941 -0.1539579 2.3495255 0.0210730 -0.2883429 -0.0002930 0.9572952
7.998481 -1.0380867 -0.1590445 2.4359355 0.0204463 -0.2960258 -0.0027175 0.9549572
8.310112 -1.1280748 -0.1676605 2.5625908 0.0269890 -0.3043094 -0.0019203 0.9521889
8.517862 -1.1899068 -0.1734797 2.6453085 0.0226163 -0.3092066 -0.0029624 0.9507213
8.829907 -1.2842984 -0.1817577 2.7713091 0.0221622 -0.3172720 -0.0030740 0.9480706
9.038033 -1.3488390 -0.1875827 2.8548722 0.0232779 -0.3237811 -0.0013936 0.9458446
9.244879 -1.4159423 -0.1934336 2.9385934 0.0223862 -0.3310062 -0.0015067 0.9433618
9.452542 -1.4843495 -0.1989260 3.0210218 0.0232583 -0.3390381 -0.0004168 0.9404850
9.659968 -1.5542929 -0.2049518 3.1025901 0.0236970 -0.3473317 0.0013605 0.9374419
9.869005 -1.6256992 -0.2110962 3.1838508 0.0241587 -0.3562107 0.0023131 0.9340904
10.074930 -1.7008841 -0.2177621 3.2641811 0.0223632 -0.3649350 0.0030768 0.9307593
10.282360 -1.7763220 -0.2236281 3.3444083 0.0233208 -0.3740959 0.0046216 0.9270852
10.489860 -1.8554344 -0.2295515 3.4229772 0.0232698 -0.3816381 0.0038945 0.9240106
10.697400 -1.9353547 -0.2361787 3.5002260 0.0238439 -0.3880400 0.0036294 0.9213269
10.904980 -2.0172763 -0.2426194 3.5769863 0.0261334 -0.3944455 0.0051536 0.9185332
11.112480 -2.1001308 -0.2496050 3.6529315 0.0259753 -0.4006092 0.0047066 0.9158687
11.320040 -2.1845720 -0.2563378 3.7290115 0.0254661 -0.4069039 0.0055062 0.9130993
11.423780 -2.2291226 -0.2597280 3.7673433 0.0255014 -0.4097068 0.0059021 0.9118416
11.631420 -2.3163328 -0.2670479 3.8432622 0.0245765 -0.4148899 0.0072652 0.9095106
11.839050 -2.4038277 -0.2740460 3.9170241 0.0256870 -0.4194889 0.0105558 0.9073355
12.149860 -2.5376415 -0.2857380 4.0282812 0.0234723 -0.4311567 0.0177541 0.9017969
12.357360 -2.6305161 -0.2939013 4.0993624 0.0206050 -0.4412873 0.0186381 0.8969356
12.668390 -2.7722516 -0.3047439 4.2023911 0.0225126 -0.4570431 0.0193575 0.8889489
12.875730 -2.8699541 -0.3125889 4.2685866 0.0215462 -0.4674891 0.0211599 0.8834829
13.083110 -2.9696312 -0.3207639 4.3331223 0.0207457 -0.4782892 0.0218373 0.8776857
13.290730 -3.0714674 -0.3289486 4.3965592 0.0219731 -0.4889823 0.0219264 0.8717412
13.498010 -3.1742120 -0.3375344 4.4564905 0.0229874 -0.4987455 0.0217180 0.8661714
13.705510 -3.2801232 -0.3459455 4.5159955 0.0211516 -0.5072776 0.0203983 0.8612816
13.912900 -3.3859744 -0.3544853 4.5719118 0.0213556 -0.5144875 0.0221424 0.8569459
14.120270 -3.4932590 -0.3629257 4.6283493 0.0221908 -0.5209301 0.0254210 0.8529321
14.327630 -3.6009061 -0.3725994 4.6818972 0.0218796 -0.5255290 0.0281556 0.8500282
14.538380 -3.7086306 -0.3816751 4.7357883 0.0174056 -0.5295335 0.0283698 0.8476358
14.742390 -3.8177581 -0.3907295 4.7877502 0.0156134 -0.5322815 0.0290051 0.8459263
14.950000 -3.9265537 -0.3992149 4.8391666 0.0131970 -0.5345565 0.0296256 0.8445102
15.157490 -4.0326238 -0.4066052 4.8888650 0.0115663 -0.5366228 0.0318424 0.8431419
15.365030 -4.1357374 -0.4150502 4.9369106 0.0085831 -0.5386194 0.0321922 0.8418902
15.572680 -4.2390723 -0.4221096 4.9842882 0.0075984 -0.5400338 0.0349727 0.8408821
15.780370 -4.3409443 -0.4295843 5.0292516 0.0089470 -0.5396444 0.0353739 0.8411019
15.988000 -4.4380293 -0.4376692 5.0738354 0.0107760 -0.5368034 0.0337040 0.8429651
16.195700 -4.5342956 -0.4448130 5.1195617 0.0117671 -0.5318775 0.0338523 0.8460625
16.403370 -4.6288977 -0.4525877 5.1659565 0.0120634 -0.5248709 0.0315057 0.8505130
16.611110 -4.7222171 -0.4597024 5.2133179 0.0125348 -0.5158507 0.0304157 0.8560467
16.818850 -4.8130341 -0.4668077 5.2628746 0.0151559 -0.5060404 0.0301737 0.8618486
16.922750 -4.8576612 -0.4705581 5.2882299 0.0165930 -0.5003085 0.0295857 0.8651825
17.026730 -4.9023829 -0.4741012 5.3143387 0.0169302 -0.4941257 0.0286483 0.8687534
17.130540 -4.9458351 -0.4777449 5.3402376 0.0166154 -0.4875322 0.0273070 0.8725197
17.234250 -4.9882288 -0.4812860 5.3666019 0.0160069 -0.4810654 0.0263824 0.8761415
17.338110 -5.0302358 -0.4848368 5.3936315 0.0158649 -0.4748607 0.0258943 0.8795369
17.545790 -5.1126657 -0.4920041 5.4498672 0.0166524 -0.4627889 0.0262651 0.8859228
17.649360 -5.1528769 -0.4953519 5.4777398 0.0167254 -0.4564645 0.0270171 0.8891740
17.753120 -5.1923733 -0.4986941 5.5069628 0.0167703 -0.4505806 0.0270434 0.8921685
17.857050 -5.2312231 -0.5022877 5.5359478 0.0160164 -0.4447403 0.0259614 0.8951399
17.960530 -5.2692308 -0.5055672 5.5650811 0.0144917 -0.4390121 0.0251687 0.8980116
18.064140 -5.3063745 -0.5085155 5.5943727 0.0144988 -0.4333436 0.0245375 0.9007780
18.167890 -5.3429990 -0.5115106 5.6237311 0.0155572 -0.4274649 0.0236210 0.9035894
18.271640 -5.3787365 -0.5144765 5.6533966 0.0165422 -0.4218938 0.0231107 0.9061997
18.479100 -5.4487000 -0.5205932 5.7137489 0.0156787 -0.4108170 0.0219078 0.9113197
18.582900 -5.4828401 -0.5234315 5.7446184 0.0146880 -0.4056090 0.0216036 0.9136733
18.790260 -5.5483894 -0.5287974 5.8055611 0.0147319 -0.3957061 0.0210118 0.9180186
18.894080 -5.5806670 -0.5315394 5.8365054 0.0145835 -0.3909435 0.0206135 0.9200683
19.101510 -5.6433091 -0.5366971 5.8983698 0.0126582 -0.3816859 0.0183051 0.9240241
19.205270 -5.6737332 -0.5389881 5.9291973 0.0124603 -0.3767860 0.0175123 0.9260510
19.412890 -5.7322063 -0.5436816 5.9905062 0.0124007 -0.3665219 0.0155503 0.9301968
19.620500 -5.7878313 -0.5480122 6.0520244 0.0099358 -0.3538212 0.0129173 0.9351711
19.828250 -5.8406401 -0.5519240 6.1138887 0.0106114 -0.3393980 0.0110069 0.9405186
20.035950 -5.8903527 -0.5552534 6.1765637 0.0114657 -0.3245634 0.0111906 0.9457282
20.243550 -5.9383574 -0.5587710 6.2403069 0.0094515 -0.3084595 0.0097973 0.9511400
20.451300 -5.9835286 -0.5616503 6.3050675 0.0068844 -0.2929025 0.0093260 0.9560720
20.658750 -6.0266142 -0.5641996 6.3719168 0.0048919 -0.2795209 0.0098145 0.9600770
20.868590 -6.0684757 -0.5663979 6.4400029 0.0049776 -0.2673470 0.0092548 0.9635430
21.074000 -6.1092081 -0.5686098 6.5095086 0.0046177 -0.2548704 0.0077023 0.9669335
21.281800 -6.1479878 -0.5709063 6.5813036 0.0049683 -0.2441195 0.0085039 0.9696952
21.488760 -6.1867876 -0.5728523 6.6543560 0.0048735 -0.2358517 0.0085012 0.9717396
21.696840 -6.2250175 -0.5748966 6.7296438 0.0015139 -0.2291491 0.0058649 0.9733725
22.007420 -6.2819710 -0.5761884 6.8470097 -0.0014902 -0.2182861 0.0032834 0.9758782
22.318740 -6.3382673 -0.5776942 6.9707508 -0.0046463 -0.2062392 0.0029001 0.9784863
22.526370 -6.3743105 -0.5775835 7.0564842 -0.0045688 -0.1971185 0.0046373 0.9803581
22.735920 -6.4102745 -0.5777524 7.1452985 -0.0030264 -0.1861303 0.0058150 0.9825032
22.941740 -6.4440494 -0.5782907 7.2363586 -0.0027726 -0.1706564 0.0026840 0.9853230
23.149820 -6.4753051 -0.5783224 7.3298321 -0.0045517 -0.1505919 -0.0005533 0.9885854
23.357620 -6.5029550 -0.5788127 7.4271822 -0.0057372 -0.1286577 -0.0020833 0.9916703
23.669490 -6.5377989 -0.5778280 7.5817447 -0.0107972 -0.0948476 -0.0046683 0.9954223
23.981240 -6.5630503 -0.5761581 7.7427535 -0.0115026 -0.0609818 -0.0066477 0.9980505
24.292870 -6.5779662 -0.5732709 7.9119091 -0.0130619 -0.0302311 -0.0065242 0.9994363
24.604240 -6.5835857 -0.5713080 8.0857286 -0.0145678 0.0006825 -0.0083897 0.9998584
24.915620 -6.5792341 -0.5680548 8.2680597 -0.0126487 0.0310251 -0.0107806 0.9993804
25.226870 -6.5628204 -0.5659564 8.4503727 -0.0093394 0.0595489 -0.0121322 0.9981080
25.537870 -6.5346212 -0.5669565 8.6394129 -0.0013621 0.0868635 -0.0142770 0.9961170
25.848990 -6.4955249 -0.5707339 8.8339338 0.0013285 0.1135752 -0.0157494 0.9934037
26.056490 -6.4627109 -0.5731565 8.9666719 0.0041411 0.1309714 -0.0151457 0.9912618
26.264020 -6.4254265 -0.5766611 9.0996542 0.0058838 0.1482103 -0.0168178 0.9887953
26.575260 -6.3596525 -0.5825353 9.2997980 0.0090478 0.1755209 -0.0195143 0.9842407
26.886640 -6.2804050 -0.5922740 9.5004749 0.0152619 0.2039027 -0.0206369 0.9786546
27.198240 -6.1863270 -0.6036290 9.6999035 0.0172428 0.2416772 -0.0255322 0.9698675
27.405990 -6.1158476 -0.6122245 9.8295135 0.0193132 0.2692856 -0.0287980 0.9624360
27.717500 -5.9939556 -0.6282687 10.0182152 0.0230774 0.3094485 -0.0299719 0.9501635
28.028750 -5.8571930 -0.6457657 10.1958952 0.0285058 0.3462133 -0.0306374 0.9372220
28.340050 -5.7046509 -0.6660814 10.3643227 0.0313244 0.3780306 -0.0300608 0.9247746
28.547500 -5.5961914 -0.6810724 10.4712477 0.0351423 0.3969377 -0.0302574 0.9166734
28.754980 -5.4820471 -0.6961747 10.5754662 0.0371089 0.4154559 -0.0304866 0.9083446
28.962310 -5.3636627 -0.7126492 10.6753187 0.0354119 0.4350882 -0.0316064 0.8991358
29.169630 -5.2441635 -0.7287250 10.7678928 0.0328552 0.4548903 -0.0341983 0.8892839
29.376900 -5.1221485 -0.7450709 10.8537464 0.0335892 0.4738907 -0.0371283 0.8791592
29.584410 -4.9974604 -0.7614704 10.9329290 0.0312905 0.4944653 -0.0377237 0.8678144
29.791760 -4.8710423 -0.7776297 11.0048552 0.0281241 0.5154703 -0.0376861 0.8556163
29.999280 -4.7435675 -0.7931429 11.0693989 0.0271007 0.5358675 -0.0374343 0.8430364
30.206740 -4.6148620 -0.8084553 11.1265135 0.0278645 0.5549176 -0.0367424 0.8306262
30.414180 -4.4851174 -0.8231475 11.1772909 0.0284362 0.5734659 -0.0349248 0.8179905
30.621900 -4.3551340 -0.8380910 11.2213058 0.0298348 0.5907383 -0.0368714 0.8054680
30.829180 -4.2269917 -0.8533725 11.2594690 0.0347387 0.6063954 -0.0439149 0.7931893
31.036690 -4.1023540 -0.8703934 11.2917242 0.0338802 0.6221927 -0.0476922 0.7806752
31.244130 -3.9770164 -0.8874621 11.3186140 0.0308973 0.6375478 -0.0505509 0.7681294
31.451710 -3.8531246 -0.9042665 11.3399734 0.0294466 0.6520269 -0.0508835 0.7559131
31.659170 -3.7302399 -0.9211618 11.3565216 0.0294575 0.6659598 -0.0534919 0.7434840
31.866620 -3.6084251 -0.9370225 11.3686295 0.0285882 0.6792948 -0.0540090 0.7313169
32.075790 -3.4888363 -0.9525973 11.3756332 0.0262261 0.6902260 -0.0507250 0.7213371
32.281410 -3.3718505 -0.9676207 11.3791952 0.0256123 0.6985328 -0.0492921 0.7134187
32.488780 -3.2570553 -0.9820613 11.3811150 0.0265637 0.7037538 -0.0515599 0.7080725
32.696160 -3.1453514 -0.9971438 11.3821268 0.0309798 0.7073838 -0.0562871 0.7039036
32.903550 -3.0353272 -1.0120901 11.3821249 0.0284394 0.7105339 -0.0548050 0.7009488
33.110900 -2.9263628 -1.0257750 11.3809586 0.0246584 0.7122041 -0.0494149 0.6997967
33.318440 -2.8200181 -1.0387774 11.3800821 0.0261971 0.7118748 -0.0516239 0.6999163
33.525770 -2.7151101 -1.0523816 11.3794479 0.0259632 0.7102892 -0.0541823 0.7013412
33.733120 -2.6114547 -1.0660573 11.3794956 0.0255869 0.7076133 -0.0561804 0.7038981
33.940910 -2.5093901 -1.0791034 11.3811369 0.0249724 0.7037737 -0.0570162 0.7076920
34.147880 -2.4102354 -1.0921663 11.3838329 0.0251711 0.6989613 -0.0550307 0.7125947
34.355380 -2.3107367 -1.1048570 11.3876791 0.0254293 0.6939672 -0.0552648 0.7174321
34.563020 -2.2109408 -1.1177133 11.3934193 0.0235666 0.6892378 -0.0544872 0.7220991
34.770400 -2.1120129 -1.1299320 11.3999987 0.0231285 0.6843262 -0.0541326 0.7267960
34.977900 -2.0145774 -1.1420921 11.4077444 0.0247578 0.6793150 -0.0548996 0.7313715
35.185510 -1.9168074 -1.1547177 11.4167814 0.0241096 0.6742360 -0.0568002 0.7359336
35.393080 -1.8197935 -1.1666772 11.4273691 0.0227532 0.6693779 -0.0563249 0.7404344
35.600660 -1.7233878 -1.1790088 11.4394722 0.0220784 0.6647223 -0.0549421 0.7447404
35.808130 -1.6271285 -1.1905255 11.4517536 0.0238309 0.6591800 -0.0541970 0.7496510
36.015630 -1.5324248 -1.2027582 11.4667568 0.0260551 0.6523594 -0.0543248 0.7555112
36.223240 -1.4375134 -1.2144871 11.4827795 0.0257099 0.6456395 -0.0545653 0.7612564
36.430690 -1.3425235 -1.2262106 11.5006475 0.0238237 0.6422157 -0.0553278 0.7641533
36.638140 -1.2454090 -1.2378910 11.5188799 0.0249945 0.6399752 -0.0564693 0.7659100
36.845830 -1.1476241 -1.2500362 11.5377569 0.0258634 0.6377106 -0.0552276 0.7678582
37.053350 -1.0483782 -1.2624246 11.5578518 0.0267659 0.6350857 -0.0552920 0.7699952
37.260770 -0.9486995 -1.2746285 11.5784111 0.0258373 0.6324197 -0.0522631 0.7724289
37.468260 -0.8493369 -1.2862775 11.6001377 0.0266462 0.6286717 -0.0520555 0.7754689
37.675750 -0.7519068 -1.2984115 11.6224508 0.0276227 0.6236058 -0.0516249 0.7795433
37.884310 -0.6541123 -1.3100334 11.6468849 0.0276365 0.6175696 -0.0502614 0.7844220
38.090970 -0.5572231 -1.3220332 11.6725464 0.0303124 0.6094010 -0.0484412 0.7908002
38.298280 -0.4603019 -1.3335741 11.7009535 0.0294239 0.6004663 -0.0472112 0.7977127
38.505750 -0.3643732 -1.3452715 11.7314215 0.0291422 0.5914472 -0.0481069 0.8043797
38.713300 -0.2693267 -1.3573539 11.7638884 0.0291671 0.5824935 -0.0496014 0.8107961
38.920770 -0.1747429 -1.3687925 11.7985992 0.0271772 0.5743575 -0.0502502 0.8166087
39.128410 -0.0822077 -1.3801718 11.8339901 0.0260632 0.5675727 -0.0493125 0.8214318
39.335930 0.0104403 -1.3911599 11.8714952 0.0244447 0.5605062 -0.0500018 0.8262779
39.543570 0.1005311 -1.4015914 11.9103088 0.0256634 0.5534524 -0.0511019 0.8309155
39.751160 0.1904092 -1.4125824 11.9502964 0.0249361 0.5459885 -0.0499854 0.8359283
39.958670 0.2779541 -1.4232502 11.9913883 0.0224271 0.5383259 -0.0484665 0.8410429
40.166160 0.3637300 -1.4327626 12.0339279 0.0200152 0.5303449 -0.0485982 0.8461512
40.373770 0.4482207 -1.4419700 12.0785456 0.0185770 0.5228199 -0.0484893 0.8508601
40.581350 0.5327153 -1.4513798 12.1243200 0.0176008 0.5148191 -0.0488640 0.8557242
40.788800 0.6154633 -1.4599634 12.1711426 0.0182096 0.5066833 -0.0487260 0.8605615
40.996290 0.6981640 -1.4681386 12.2197418 0.0170415 0.4989933 -0.0476777 0.8651255
41.203950 0.7802844 -1.4766414 12.2693253 0.0144929 0.4934202 -0.0464480 0.8684291
41.411540 0.8618813 -1.4845409 12.3198624 0.0113693 0.4898206 -0.0453099 0.8705708
41.619170 0.9443030 -1.4917018 12.3710842 0.0092432 0.4875842 -0.0439352 0.8719208
41.826800 1.0260134 -1.4989448 12.4225225 0.0102400 0.4859305 -0.0450118 0.8727775
42.034430 1.1093259 -1.5058863 12.4747849 0.0106844 0.4840755 -0.0439659 0.8738557
42.241880 1.1917043 -1.5128489 12.5277767 0.0090688 0.4831109 -0.0414077 0.8745325
42.449700 1.2741408 -1.5189377 12.5801535 0.0067231 0.4816343 -0.0393440 0.8754629
42.657050 1.3568058 -1.5252763 12.6336222 0.0057345 0.4809888 -0.0393140 0.8758261
42.968420 1.4810486 -1.5337914 12.7149839 0.0033039 0.4804275 -0.0382662 0.8761930
43.176100 1.5639987 -1.5390770 12.7691040 0.0018041 0.4799216 -0.0367546 0.8765393
43.383520 1.6464696 -1.5443971 12.8233089 0.0002844 0.4788727 -0.0357271 0.8771570
43.694790 1.7694292 -1.5515789 12.9050541 -0.0018012 0.4758508 -0.0341174 0.8788622
43.902170 1.8511581 -1.5554837 12.9601402 -0.0035560 0.4730768 -0.0324691 0.8804156
44.109610 1.9329453 -1.5594666 13.0159492 -0.0049880 0.4675010 -0.0300841 0.8834664
44.316920 2.0130210 -1.5628295 13.0726528 -0.0049060 0.4610060 -0.0299308 0.8868786
44.524290 2.0925450 -1.5656263 13.1311398 -0.0066498 0.4542017 -0.0292510 0.8903937
44.731960 2.1715469 -1.5686462 13.1906242 -0.0083242 0.4464028 -0.0264469 0.8944025
44.940270 2.2490430 -1.5707648 13.2521229 -0.0070652 0.4367075 -0.0252462 0.8992215
45.148480 2.3268733 -1.5728740 13.3163967 -0.0073299 0.4260201 -0.0239090 0.9043680
45.354340 2.4024816 -1.5753452 13.3822508 -0.0101511 0.4153067 -0.0232176 0.9093285
45.561770 2.4773946 -1.5768600 13.4504318 -0.0118375 0.4042872 -0.0222894 0.9142838
45.769260 2.5519032 -1.5770555 13.5220976 -0.0157919 0.3936998 -0.0188931 0.9189092
45.976640 2.6252966 -1.5768473 13.5946274 -0.0153628 0.3818713 -0.0143821 0.9239759
46.287790 2.7332311 -1.5753528 13.7092991 -0.0170471 0.3621849 -0.0099160 0.9318976
46.495210 2.8017631 -1.5739719 13.7890425 -0.0186131 0.3492749 -0.0087103 0.9367949
46.702650 2.8697982 -1.5718256 13.8714714 -0.0199204 0.3360495 -0.0074485 0.9416042
46.910140 2.9347296 -1.5696390 13.9562244 -0.0210832 0.3250556 -0.0087774 0.9454191
47.117660 2.9989982 -1.5679929 14.0433369 -0.0221460 0.3159769 -0.0110723 0.9484438
47.325510 3.0622759 -1.5658565 14.1322384 -0.0235869 0.3069731 -0.0128559 0.9513390
47.532920 3.1248384 -1.5627460 14.2241077 -0.0276461 0.2989635 -0.0160186 0.9537295
47.740580 3.1864805 -1.5591146 14.3182983 -0.0305312 0.2922671 -0.0199022 0.9556420
47.948270 3.2475729 -1.5559962 14.4128208 -0.0299985 0.2882279 -0.0230708 0.9568138
48.156010 3.3085847 -1.5526021 14.5079403 -0.0256000 0.2862596 -0.0271068 0.9574264
48.364330 3.3704767 -1.5500847 14.6035147 -0.0259445 0.2852393 -0.0268001 0.9577302
48.571420 3.4322853 -1.5483794 14.7005844 -0.0262281 0.2847106 -0.0262242 0.9578958
48.882650 3.5260353 -1.5449448 14.8471613 -0.0243577 0.2825337 -0.0255734 0.9586070
49.090150 3.5888462 -1.5429689 14.9462576 -0.0249450 0.2789158 -0.0239869 0.9596918
49.401170 3.6804702 -1.5395728 15.0964079 -0.0246616 0.2660139 -0.0217747 0.9634076
49.608640 3.7378402 -1.5369084 15.1989899 -0.0250035 0.2539494 -0.0222200 0.9666389
49.919640 3.8185399 -1.5335884 15.3546448 -0.0277641 0.2351117 -0.0220528 0.9713215
50.127010 3.8694074 -1.5306163 15.4594793 -0.0278630 0.2216578 -0.0212609 0.9744945
50.334510 3.9160082 -1.5271516 15.5650120 -0.0287393 0.2083950 -0.0237466 0.9773340
50.542010 3.9598925 -1.5237772 15.6715813 -0.0287224 0.1961437 -0.0272000 0.9797769
50.749770 4.0015512 -1.5202943 15.7800732 -0.0297798 0.1881483 -0.0304916 0.9812154
50.957390 4.0429258 -1.5165021 15.8876276 -0.0288948 0.1829407 -0.0296375 0.9822522
51.165140 4.0831761 -1.5134581 15.9957666 -0.0285108 0.1780913 -0.0280893 0.9831997
51.268910 4.1030235 -1.5118248 16.0495987 -0.0275812 0.1751976 -0.0272623 0.9837692
51.372640 4.1226196 -1.5102592 16.1037922 -0.0264939 0.1725098 -0.0268156 0.9842862
51.580140 4.1598511 -1.5078499 16.2126369 -0.0256841 0.1666084 -0.0275495 0.9853035
51.787640 4.1956449 -1.5044506 16.3220463 -0.0284684 0.1595331 -0.0284694 0.9863713
51.891290 4.2125611 -1.5025764 16.3765831 -0.0293626 0.1564648 -0.0283420 0.9868401
52.098770 4.2461300 -1.4990103 16.4856815 -0.0268220 0.1514162 -0.0273326 0.9877280
52.306140 4.2785993 -1.4955732 16.5924492 -0.0255832 0.1484022 -0.0251246 0.9882768
52.513900 4.3096180 -1.4928261 16.6985703 -0.0275061 0.1517214 -0.0283827 0.9876328
52.721640 4.3435326 -1.4900718 16.8025475 -0.0285393 0.1625148 -0.0322248 0.9857667
52.929520 4.3776274 -1.4870329 16.9015198 -0.0289038 0.1734956 -0.0322841 0.9838809
53.137020 4.4133034 -1.4848382 16.9963531 -0.0283222 0.1800877 -0.0305657 0.9827675
53.344390 4.4485602 -1.4826056 17.0890007 -0.0258480 0.1815368 -0.0293537 0.9826061
53.551780 4.4822807 -1.4803450 17.1814976 -0.0248802 0.1767602 -0.0268490 0.9835731
53.759020 4.5143137 -1.4784703 17.2718906 -0.0238884 0.1660800 -0.0234855 0.9855431
53.966270 4.5428729 -1.4765133 17.3635559 -0.0237368 0.1505291 -0.0204918 0.9881081
54.173520 4.5681896 -1.4745524 17.4540234 -0.0228340 0.1296406 -0.0164652 0.9911613
54.380770 4.5885582 -1.4722567 17.5468483 -0.0219748 0.1055293 -0.0156119 0.9940508
54.484400 4.5967731 -1.4711574 17.5931206 -0.0210968 0.0921623 -0.0152715 0.9954033
54.691640 4.6089506 -1.4686785 17.6874123 -0.0191609 0.0637182 -0.0162996 0.9976508
54.795390 4.6127133 -1.4680052 17.7341213 -0.0191091 0.0488288 -0.0161540 0.9984937
55.002770 4.6165004 -1.4656738 17.8285694 -0.0188972 0.0177163 -0.0159426 0.9995373
55.106520 4.6163244 -1.4647334 17.8752155 -0.0182831 0.0023408 -0.0153963 0.9997116
55.314140 4.6112466 -1.4625146 17.9703960 -0.0163400 -0.0250995 -0.0170062 0.9994068
55.522020 4.6020188 -1.4605247 18.0670528 -0.0181751 -0.0443375 -0.0204824 0.9986413
55.730050 4.5905390 -1.4584298 18.1648235 -0.0207327 -0.0527065 -0.0255031 0.9980690
55.938270 4.5785017 -1.4552958 18.2645283 -0.0146645 -0.0542195 -0.0277551 0.9980355
56.146400 4.5674133 -1.4534532 18.3669739 -0.0141159 -0.0518030 -0.0287812 0.9981427
56.354520 4.5570188 -1.4514265 18.4703617 -0.0133558 -0.0489618 -0.0270531 0.9983449
56.562530 4.5466113 -1.4498844 18.5758667 -0.0085729 -0.0467157 -0.0251793 0.9985541
56.770390 4.5360212 -1.4490253 18.6846581 -0.0082826 -0.0448599 -0.0247278 0.9986529
56.978150 4.5251260 -1.4477236 18.7960167 -0.0099334 -0.0443228 -0.0265453 0.9986151
57.185780 4.5140553 -1.4463835 18.9095268 -0.0096504 -0.0444691 -0.0288580 0.9985473
57.393270 4.5026875 -1.4452808 19.0238857 -0.0085357 -0.0451598 -0.0297379 0.9985006
57.600640 4.4908829 -1.4448118 19.1401138 -0.0061224 -0.0472810 -0.0281968 0.9984648
57.808020 4.4786210 -1.4446369 19.2579994 -0.0073161 -0.0533106 -0.0231014 0.9982839
58.015420 4.4635906 -1.4446344 19.3754845 -0.0068643 -0.0627908 -0.0190974 0.9978204
58.222770 4.4477158 -1.4446394 19.4905663 -0.0057417 -0.0725698 -0.0171891 0.9971987
58.534020 4.4174795 -1.4452237 19.6650200 -0.0063518 -0.0864392 -0.0156119 0.9961146
58.845400 4.3834915 -1.4458783 19.8367901 -0.0042424 -0.0994475 -0.0159801 0.9949055
59.052900 4.3585744 -1.4466574 19.9502335 -0.0038459 -0.1069346 -0.0160229 0.9941295
59.260530 4.3325930 -1.4473898 20.0626106 -0.0029133 -0.1129699 -0.0131469 0.9935071
59.468030 4.3051052 -1.4477944 20.1748638 0.0017603 -0.1185395 -0.0083542 0.9929127
59.779400 4.2622938 -1.4500262 20.3424892 0.0001595 -0.1265665 -0.0059476 0.9919403
59.987020 4.2318306 -1.4515048 20.4548378 -0.0001439 -0.1299345 -0.0069800 0.9914980
60.194660 4.2009759 -1.4525769 20.5669632 -0.0031773 -0.1320724 -0.0055135 0.9912196
60.298400 4.1854806 -1.4528830 20.6233253 -0.0044186 -0.1324512 -0.0038778 0.9911721
60.402270 4.1700096 -1.4529673 20.6795673 -0.0046845 -0.1329257 -0.0016392 0.9911136
60.506060 4.1542592 -1.4530116 20.7362404 -0.0056123 -0.1332580 0.0008931 0.9910651
60.609930 4.1388941 -1.4529529 20.7925663 -0.0052294 -0.1338657 0.0028423 0.9909816
60.817540 4.1077948 -1.4536108 20.9051952 -0.0055004 -0.1350662 0.0049093 0.9908091
61.025270 4.0753460 -1.4540676 21.0186024 -0.0070558 -0.1362404 0.0050665 0.9906377
61.232720 4.0425839 -1.4540690 21.1319218 -0.0091988 -0.1373426 0.0030039 0.9904764
61.440150 4.0098023 -1.4538246 21.2453804 -0.0109595 -0.1375120 0.0008047 0.9904391
61.647800 3.9778032 -1.4528208 21.3574390 -0.0122856 -0.1359990 -0.0002772 0.9906328
61.855290 3.9459715 -1.4515951 21.4697742 -0.0145097 -0.1344271 -0.0007338 0.9908170
62.062800 3.9146051 -1.4501069 21.5814991 -0.0161791 -0.1328865 -0.0034505 0.9909932
62.270350 3.8835173 -1.4479542 21.6928520 -0.0158200 -0.1313974 -0.0026801 0.9911999
62.477810 3.8534017 -1.4461664 21.8033981 -0.0183788 -0.1302567 -0.0017369 0.9913085
62.789040 3.8092470 -1.4428749 21.9684353 -0.0212467 -0.1286580 0.0007025 0.9914612
62.996620 3.7809458 -1.4399834 22.0771732 -0.0217877 -0.1281345 0.0035340 0.9915112
63.203960 3.7527037 -1.4372851 22.1838837 -0.0215714 -0.1281033 0.0069289 0.9915020
63.411420 3.7246156 -1.4348922 22.2899418 -0.0230404 -0.1282150 0.0080276 0.9914462
63.618820 3.6963711 -1.4322174 22.3947945 -0.0247991 -0.1284983 0.0077896 0.9913690
63.826160 3.6684103 -1.4294816 22.4981689 -0.0244867 -0.1287275 0.0078200 0.9913468
64.033590 3.6412830 -1.4262589 22.6006527 -0.0258402 -0.1293497 0.0083796 0.9912269
64.241030 3.6140528 -1.4232447 22.7018394 -0.0266119 -0.1300716 0.0088233 0.9911082
64.448610 3.5870094 -1.4199318 22.8016548 -0.0268752 -0.1303412 0.0071899 0.9910788
64.656230 3.5599360 -1.4166597 22.9001236 -0.0285047 -0.1301975 0.0059571 0.9910603
64.863720 3.5331383 -1.4128970 22.9977913 -0.0306467 -0.1301692 0.0047924 0.9910064
65.071210 3.5066686 -1.4084684 23.0950871 -0.0346890 -0.1312328 0.0050621 0.9907315
65.278910 3.4804482 -1.4037757 23.1907368 -0.0377400 -0.1332172 0.0064282 0.9903472
65.486120 3.4543548 -1.3982587 23.2853203 -0.0392182 -0.1350885 0.0076478 0.9900275
65.589790 3.4407020 -1.3955697 23.3324871 -0.0395289 -0.1359555 0.0074851 0.9898977
65.693560 3.4273777 -1.3926960 23.3790035 -0.0397302 -0.1364567 0.0080957 0.9898159
65.797310 3.4144678 -1.3898660 23.4248486 -0.0402518 -0.1364993 0.0085030 0.9897856
65.901040 3.4014068 -1.3870443 23.4707642 -0.0402465 -0.1363040 0.0080869 0.9898162
66.108530 3.3761187 -1.3815458 23.5614872 -0.0405104 -0.1354212 0.0115490 0.9898922
66.315950 3.3513012 -1.3762035 23.6501865 -0.0415227 -0.1347734 0.0123915 0.9899285
66.523350 3.3274922 -1.3713748 23.7358646 -0.0400603 -0.1343776 0.0129601 0.9900353
66.730790 3.3039951 -1.3665613 23.8189163 -0.0387721 -0.1334293 0.0126203 0.9902192
66.938300 3.2814927 -1.3620216 23.9000397 -0.0380126 -0.1326225 0.0132791 0.9903484
67.145890 3.2598276 -1.3575715 23.9803772 -0.0372784 -0.1310430 0.0147607 0.9905656
67.353460 3.2388101 -1.3531504 24.0604820 -0.0363232 -0.1268515 0.0152512 0.9911391
67.561050 3.2192435 -1.3491993 24.1404800 -0.0363342 -0.1183394 0.0133573 0.9922183
67.872840 3.1928864 -1.3431807 24.2622032 -0.0437308 -0.0969410 0.0092334 0.9942861
68.080710 3.1796622 -1.3376954 24.3433418 -0.0449676 -0.0769463 0.0073002 0.9959939
68.288670 3.1700819 -1.3319287 24.4245205 -0.0473626 -0.0526498 0.0050500 0.9974765
68.496670 3.1654601 -1.3255215 24.5060863 -0.0461336 -0.0257970 0.0056043 0.9985864
68.704540 3.1652954 -1.3194227 24.5875912 -0.0444338 0.0009768 0.0057159 0.9989955
68.912190 3.1693859 -1.3137579 24.6703644 -0.0451830 0.0278388 0.0066907 0.9985684
69.119820 3.1776147 -1.3070459 24.7533989 -0.0459810 0.0536034 0.0085058 0.9974669
69.431290 3.1980171 -1.2972143 24.8780270 -0.0454571 0.0918248 0.0100807 0.9946860
69.638910 3.2172983 -1.2909589 24.9605408 -0.0438317 0.1157670 0.0112023 0.9922456
69.950110 3.2531736 -1.2815402 25.0854130 -0.0421618 0.1460338 0.0118776 0.9883094
70.157430 3.2807322 -1.2753267 25.1690121 -0.0412205 0.1644897 0.0113652 0.9854516
70.364970 3.3122997 -1.2689788 25.2522507 -0.0403794 0.1827777 0.0118254 0.9822535
70.572360 3.3472428 -1.2633672 25.3351936 -0.0412409 0.2013178 0.0129054 0.9785723
70.779670 3.3857498 -1.2569041 25.4178600 -0.0414743 0.2190690 0.0126728 0.9747452
70.987040 3.4271793 -1.2508007 25.4990387 -0.0388355 0.2363135 0.0126319 0.9708183
71.194400 3.4713793 -1.2446980 25.5793724 -0.0371993 0.2544556 0.0090183 0.9663267
71.401990 3.5195484 -1.2390822 25.6586456 -0.0386008 0.2753128 0.0081100 0.9605452
71.609450 3.5720339 -1.2335919 25.7356205 -0.0404356 0.2978597 0.0080259 0.9537191
71.817050 3.6285276 -1.2277672 25.8102608 -0.0406383 0.3237298 0.0081169 0.9452416
72.024670 3.6890764 -1.2221253 25.8804989 -0.0398732 0.3493785 0.0093526 0.9360862
72.232060 3.7528524 -1.2165215 25.9471207 -0.0397629 0.3739738 0.0117967 0.9265114
72.439440 3.8194036 -1.2112535 26.0105972 -0.0390041 0.3960393 0.0124043 0.9173209
72.646700 3.8890457 -1.2054112 26.0716629 -0.0386025 0.4144954 0.0142471 0.9091207
72.854050 3.9621449 -1.1995182 26.1318455 -0.0399946 0.4320003 0.0145864 0.9008681
73.061450 4.0380468 -1.1933137 26.1884689 -0.0383464 0.4490890 0.0139382 0.8925549
73.268930 4.1182842 -1.1862267 26.2449646 -0.0426403 0.4669893 0.0156021 0.8830965
73.580270 4.2423878 -1.1756294 26.3212509 -0.0429596 0.4970049 0.0156999 0.8665414
73.787750 4.3287115 -1.1687402 26.3668556 -0.0414704 0.5178202 0.0174945 0.8543046
73.995310 4.4186516 -1.1616548 26.4084625 -0.0394714 0.5391430 0.0208523 0.8410304
74.202790 4.5115871 -1.1547990 26.4457798 -0.0392488 0.5602784 0.0218160 0.8270863
74.410370 4.6080761 -1.1478235 26.4798717 -0.0381985 0.5816459 0.0201448 0.8122950
74.617850 4.7074761 -1.1411644 26.5091171 -0.0385662 0.6028495 0.0181011 0.7967167
74.825180 4.8099880 -1.1347141 26.5339661 -0.0392619 0.6242602 0.0178733 0.7800245
75.032640 4.9156985 -1.1277258 26.5526962 -0.0374399 0.6451156 0.0195803 0.7629160
75.240090 5.0230322 -1.1217209 26.5659428 -0.0369369 0.6649209 0.0214605 0.7456911
75.447460 5.1332541 -1.1146311 26.5745754 -0.0351338 0.6837503 0.0212622 0.7285596
75.654690 5.2454357 -1.1072758 26.5780830 -0.0357716 0.7019283 0.0216283 0.7110198
75.862200 5.3596649 -1.0999855 26.5756931 -0.0371708 0.7189648 0.0228722 0.6936748
76.069540 5.4747124 -1.0927258 26.5677452 -0.0373929 0.7360468 0.0210597 0.6755689
76.276990 5.5908046 -1.0853302 26.5538120 -0.0359793 0.7528444 0.0202556 0.6569022
76.484350 5.7074785 -1.0779734 26.5340252 -0.0356599 0.7684862 0.0213628 0.6385146
76.691750 5.8231950 -1.0705807 26.5089512 -0.0316803 0.7824131 0.0215790 0.6215790
76.899070 5.9394455 -1.0636386 26.4778175 -0.0317246 0.7949297 0.0207549 0.6055160
77.210160 6.1125026 -1.0543497 26.4217491 -0.0304077 0.8135983 0.0156971 0.5804194
77.417440 6.2287450 -1.0488952 26.3783131 -0.0318532 0.8255473 0.0156543 0.5632157
77.624880 6.3432770 -1.0432233 26.3304176 -0.0325983 0.8362224 0.0156474 0.5471972
77.832140 6.4573483 -1.0383914 26.2780170 -0.0309465 0.8436037 0.0174811 0.5357886
77.935700 6.5145679 -1.0350813 26.2510223 -0.0286709 0.8463015 0.0173403 0.5316494
78.142930 6.6290150 -1.0302587 26.1946297 -0.0245709 0.8496488 0.0210139 0.5263569
78.350300 6.7441955 -1.0251215 26.1375751 -0.0230290 0.8513514 0.0244557 0.5235193
78.557850 6.8608956 -1.0194831 26.0790253 -0.0246362 0.8519838 0.0262328 0.5223298
78.661450 6.9195814 -1.0161703 26.0499992 -0.0265251 0.8524039 0.0271965 0.5215020
78.765630 6.9761100 -1.0120090 26.0210590 -0.0270768 0.8526255 0.0285882 0.5210367
78.868800 7.0345845 -1.0090141 25.9902382 -0.0271835 0.8528060 0.0291304 0.5207057
78.972430 7.0933962 -1.0047538 25.9603920 -0.0266707 0.8531537 0.0277533 0.5202376
79.081780 7.1522226 -1.0010438 25.9298973 -0.0255773 0.8534288 0.0274416 0.5198577
79.179920 7.2110710 -0.9971647 25.8994083 -0.0241565 0.8536772 0.0275414 0.5195125
79.283570 7.2698874 -0.9937247 25.8693371 -0.0236852 0.8540380 0.0279489 0.5189191
79.387330 7.3286419 -0.9905418 25.8386726 -0.0242956 0.8541860 0.0289576 0.5185918
79.491080 7.3876762 -0.9866614 25.8082085 -0.0249040 0.8543569 0.0300702 0.5182180
79.594920 7.4467115 -0.9825169 25.7782593 -0.0257387 0.8548148 0.0306556 0.5173872
79.802330 7.5644145 -0.9743857 25.7168255 -0.0265191 0.8553808 0.0311908 0.5163792
79.906130 7.6237946 -0.9712100 25.6861534 -0.0267818 0.8556734 0.0315764 0.5158573
80.113430 7.7424750 -0.9625549 25.6230469 -0.0232509 0.8560089 0.0315015 0.5154763
80.321020 7.8643241 -0.9541977 25.5593987 -0.0242593 0.8558568 0.0326480 0.5156111
80.528440 7.9859352 -0.9454600 25.4955921 -0.0243630 0.8557798 0.0301357 0.5158868
80.632230 8.0471716 -0.9417598 25.4637756 -0.0233019 0.8555909 0.0285959 0.5163367
80.943530 8.2350311 -0.9301023 25.3658009 -0.0234096 0.8556859 0.0310516 0.5160324
81.150830 8.3618526 -0.9207265 25.2994537 -0.0238831 0.8557800 0.0297969 0.5159286
81.358350 8.4899540 -0.9126525 25.2328300 -0.0249543 0.8558969 0.0299289 0.5156763
81.462060 8.5549183 -0.9083571 25.1989098 -0.0246831 0.8559834 0.0298567 0.5155498
81.669620 8.6856613 -0.9000847 25.1306057 -0.0240875 0.8562382 0.0295843 0.5151706
81.773370 8.7514591 -0.8960434 25.0963516 -0.0235451 0.8564376 0.0298290 0.5148500
81.876950 8.8171978 -0.8919545 25.0618725 -0.0237611 0.8565191 0.0307061 0.5146528
81.980680 8.8835106 -0.8873700 25.0270081 -0.0245650 0.8565723 0.0308722 0.5145166
82.084440 8.9501905 -0.8827596 24.9919243 -0.0251025 0.8566518 0.0299599 0.5144123
82.188180 9.0173779 -0.8777597 24.9566441 -0.0267229 0.8567328 0.0271764 0.5143504
82.291790 9.0844898 -0.8731262 24.9215927 -0.0286410 0.8569127 0.0258046 0.5140179
82.499340 9.2188320 -0.8646123 24.8514061 -0.0301304 0.8570834 0.0250496 0.5136855
82.603060 9.2862349 -0.8605567 24.8157654 -0.0288960 0.8570511 0.0255260 0.5137868
82.810450 9.4219332 -0.8523204 24.7437248 -0.0258964 0.8569122 0.0280031 0.5140494
82.914210 9.4897766 -0.8480580 24.7082748 -0.0254692 0.8569340 0.0291741 0.5139691
83.121720 9.6241808 -0.8399886 24.6369190 -0.0267188 0.8567591 0.0296586 0.5141696
83.329210 9.7586269 -0.8316392 24.5661716 -0.0256058 0.8568349 0.0291392 0.5141295
83.432930 9.8258314 -0.8271358 24.5303574 -0.0243276 0.8568109 0.0294026 0.5142165
83.640430 9.9605770 -0.8190848 24.4589710 -0.0216227 0.8561897 0.0292137 0.5153817
83.744180 10.0287104 -0.8146150 24.4241428 -0.0256711 0.8559569 0.0296767 0.5155562
83.847930 10.0967960 -0.8100231 24.3885822 -0.0278538 0.8555300 0.0314862 0.5160438
83.951670 10.1642151 -0.8048803 24.3539486 -0.0292066 0.8549937 0.0297214 0.5169618
84.055580 10.2315731 -0.8002518 24.3192539 -0.0281739 0.8545023 0.0289179 0.5178763
84.159190 10.2990103 -0.7959646 24.2848988 -0.0280699 0.8539038 0.0279160 0.5189230
84.262850 10.3660240 -0.7923692 24.2509556 -0.0275752 0.8535445 0.0270262 0.5195872
84.470300 10.4999294 -0.7840459 24.1827774 -0.0284461 0.8529950 0.0267291 0.5204574
84.677950 10.6342840 -0.7758418 24.1150017 -0.0287674 0.8528540 0.0277443 0.5206178
84.781780 10.7010002 -0.7715515 24.0814400 -0.0292471 0.8530218 0.0267360 0.5203688
84.885450 10.7672310 -0.7672802 24.0478630 -0.0281613 0.8535438 0.0260887 0.5196050
84.989500 10.8339500 -0.7633360 24.0131111 -0.0269544 0.8538991 0.0256432 0.5191072
85.196770 10.9658260 -0.7556695 23.9452515 -0.0254943 0.8551995 0.0266087 0.5169873
85.404100 11.0964174 -0.7477027 23.8769836 -0.0263414 0.8568492 0.0283156 0.5141146
85.507850 11.1610031 -0.7435558 23.8424854 -0.0257222 0.8576630 0.0291413 0.5127410
85.715200 11.2894316 -0.7356572 23.7729492 -0.0232166 0.8591172 0.0284553 0.5104595
85.922700 11.4170303 -0.7283158 23.7034664 -0.0232137 0.8608189 0.0273328 0.5076465
86.130110 11.5442867 -0.7207255 23.6345806 -0.0259650 0.8624902 0.0273232 0.5046680
86.337580 11.6674433 -0.7130595 23.5656490 -0.0280951 0.8638487 0.0267585 0.5022548
86.545010 11.7877712 -0.7061021 23.4988670 -0.0297105 0.8650171 0.0278807 0.5000855
86.752310 11.9040909 -0.6992168 23.4326057 -0.0312194 0.8659306 0.0265238 0.4984838
87.063460 12.0721445 -0.6894814 23.3367329 -0.0344327 0.8663161 0.0243581 0.4977122
87.270810 12.1795006 -0.6835200 23.2752934 -0.0356280 0.8649560 0.0238343 0.5000137
87.374560 12.2314615 -0.6803471 23.2461433 -0.0358238 0.8636153 0.0231803 0.5023425
87.581810 12.3348522 -0.6737451 23.1901169 -0.0360141 0.8590323 0.0231031 0.5101300
87.685550 12.3859501 -0.6706005 23.1632252 -0.0361670 0.8555033 0.0227681 0.5160306
87.789170 12.4371786 -0.6672662 23.1375847 -0.0359855 0.8514480 0.0221857 0.5227324
87.996680 12.5384073 -0.6599852 23.0902462 -0.0378674 0.8420647 0.0185323 0.5377264
88.204050 12.6403131 -0.6551958 23.0475674 -0.0374314 0.8321413 0.0156205 0.5530785
88.411430 12.7433109 -0.6498239 23.0088825 -0.0383215 0.8208743 0.0141075 0.5696471
88.618820 12.8470688 -0.6438627 22.9746361 -0.0399342 0.8090039 0.0142838 0.5862712
88.826180 12.9525003 -0.6379415 22.9451599 -0.0439550 0.7966556 0.0156272 0.6026306
89.033680 13.0589046 -0.6309412 22.9203644 -0.0481945 0.7841754 0.0133956 0.6185199
89.241050 13.1656332 -0.6234682 22.8997746 -0.0509331 0.7711030 0.0106738 0.6345802
89.344810 13.2197819 -0.6201411 22.8910351 -0.0506060 0.7640843 0.0111987 0.6430309
89.552220 13.3281260 -0.6137837 22.8771248 -0.0469689 0.7480958 0.0111101 0.6618332
89.759570 13.4383020 -0.6064942 22.8684177 -0.0424966 0.7299825 0.0107200 0.6820592
89.966950 13.5486526 -0.6001934 22.8666973 -0.0424147 0.7106130 0.0111280 0.7022153
90.070690 13.6052332 -0.5968899 22.8677273 -0.0428062 0.7001562 0.0110531 0.7126197
90.278050 13.7180080 -0.5902401 22.8761940 -0.0464888 0.6782981 0.0100649 0.7332456
90.485550 13.8315258 -0.5823773 22.8914738 -0.0497216 0.6559104 0.0059078 0.7531762
90.693070 13.9450731 -0.5747584 22.9137383 -0.0505509 0.6339428 0.0023236 0.7717226
90.900550 14.0596485 -0.5671853 22.9425125 -0.0512930 0.6115128 -0.0010046 0.7895696
91.108060 14.1740294 -0.5596434 22.9787941 -0.0540176 0.5885973 -0.0000851 0.8066197
91.315450 14.2859640 -0.5512553 23.0210075 -0.0541680 0.5648555 -0.0010923 0.8234093
91.522930 14.3978033 -0.5421771 23.0709229 -0.0525090 0.5421394 -0.0014854 0.8386450
91.730300 14.5081310 -0.5335379 23.1274414 -0.0571470 0.5201034 -0.0007458 0.8521890
91.937810 14.6186571 -0.5232182 23.1899529 -0.0590263 0.4987155 0.0023198 0.8647504
92.145310 14.7269068 -0.5119410 23.2588577 -0.0599692 0.4786617 0.0015495 0.8759476
92.352950 14.8340454 -0.5000150 23.3333664 -0.0617125 0.4615847 -0.0010373 0.8849463
92.664430 14.9935284 -0.4818718 23.4540234 -0.0641032 0.4414195 -0.0045756 0.8949965
92.768320 15.0462627 -0.4758835 23.4957008 -0.0643521 0.4355196 -0.0048165 0.8978632
92.975930 15.1495800 -0.4633877 23.5816631 -0.0620924 0.4248916 -0.0059195 0.9030928
93.079680 15.2003956 -0.4575348 23.6251144 -0.0607564 0.4202097 -0.0060406 0.9053707
93.287430 15.3019514 -0.4459674 23.7125206 -0.0613735 0.4135039 -0.0055391 0.9084146
93.495180 15.4021301 -0.4339039 23.8009338 -0.0632588 0.4097561 -0.0055888 0.9099818
93.806680 15.5533991 -0.4150155 23.9368439 -0.0643457 0.4055450 -0.0063390 0.9117855
93.910430 15.6038628 -0.4082205 23.9833012 -0.0632275 0.4045137 -0.0071495 0.9123156
94.221930 15.7513809 -0.3909912 24.1187687 -0.0598131 0.4032051 -0.0055448 0.9131359
94.429560 15.8485718 -0.3798108 24.2054596 -0.0611954 0.4043233 -0.0049654 0.9125531
94.844930 16.0361767 -0.3582640 24.3752575 -0.0639878 0.4161109 -0.0075987 0.9070278
95.156550 16.1759453 -0.3430245 24.4899578 -0.0602127 0.4312720 -0.0092466 0.9001630
95.572310 16.3556309 -0.3277435 24.6236382 -0.0541452 0.4567527 -0.0056010 0.8879267
95.988060 16.5261993 -0.3179299 24.7348213 -0.0348943 0.4856620 -0.0109367 0.8733814
96.300060 16.6510334 -0.3141249 24.8056889 -0.0313254 0.5144328 -0.0161131 0.8568068
96.612440 16.7754288 -0.3113660 24.8609772 -0.0325287 0.5527460 -0.0117506 0.8326318
96.924940 16.9001503 -0.3114018 24.8999310 -0.0204047 0.6010540 -0.0109560 0.7988728
97.237310 17.0296211 -0.3125504 24.9240074 -0.0129281 0.6498089 -0.0142829 0.7598534
97.445440 17.1202717 -0.3141873 24.9324493 -0.0163198 0.6812686 -0.0110801 0.7317677
97.653560 17.2073517 -0.3150399 24.9306240 -0.0145005 0.7126238 -0.0068492 0.7013630
97.861590 17.2962303 -0.3158852 24.9225426 -0.0125086 0.7423957 -0.0076405 0.6698013
98.069330 17.3819790 -0.3175682 24.9068508 -0.0053406 0.7678941 -0.0062068 0.6405244
98.276830 17.4682961 -0.3190815 24.8862972 -0.0036637 0.7876839 -0.0053612 0.6160454
98.484190 17.5535603 -0.3210216 24.8609085 -0.0036726 0.8019986 -0.0029960 0.5973071
98.691560 17.6383476 -0.3226424 24.8321438 -0.0019168 0.8128209 -0.0013746 0.5825089
98.899080 17.7231255 -0.3240401 24.7993336 -0.0005695 0.8231124 0.0005216 0.5678779
99.106560 17.8074226 -0.3257813 24.7635002 0.0010764 0.8338169 0.0020237 0.5520363
99.314190 17.8914604 -0.3273366 24.7244377 -0.0006643 0.8472210 0.0010378 0.5312393
99.522160 17.9714336 -0.3294875 24.6804657 0.0009448 0.8620932 -0.0006577 0.5067484
99.730070 18.0486012 -0.3305576 24.6304035 0.0007287 0.8791745 -0.0009712 0.4764984
99.938070 18.1228886 -0.3325376 24.5736713 0.0026902 0.8976669 0.0034716 0.4406528
100.146100 18.1921654 -0.3340715 24.5109081 0.0049951 0.9154449 0.0036036 0.4023962
100.250100 18.2257652 -0.3347671 24.4777184 0.0053468 0.9238906 0.0035787 0.3826027
100.458100 18.2842789 -0.3360987 24.4076977 0.0078201 0.9392848 0.0057941 0.3430005
100.666000 18.3361244 -0.3378023 24.3357220 0.0103624 0.9527068 0.0085444 0.3035940
100.977600 18.4010525 -0.3386251 24.2222862 0.0151393 0.9673470 0.0066574 0.2529155
101.184900 18.4400463 -0.3399212 24.1422539 0.0180653 0.9743954 0.0058505 0.2240381
101.392300 18.4749355 -0.3403616 24.0594444 0.0196119 0.9804472 0.0073976 0.1956631
101.599800 18.5047684 -0.3407996 23.9745903 0.0216430 0.9856499 0.0095589 0.1671361
101.807200 18.5287609 -0.3415338 23.8882160 0.0232735 0.9902615 0.0111019 0.1368110
102.014700 18.5477352 -0.3422653 23.8003044 0.0254218 0.9942108 0.0081674 0.1040769
102.222200 18.5605659 -0.3417172 23.7103653 0.0280349 0.9970554 0.0104055 0.0706138
102.429800 18.5678329 -0.3415700 23.6184387 0.0277192 0.9988342 0.0146660 0.0366982
102.637400 18.5689163 -0.3404954 23.5257797 0.0278567 0.9995238 0.0129705 0.0028106
102.845000 18.5633640 -0.3394943 23.4306450 0.0290838 0.9990516 0.0123567 -0.0299545
103.052400 18.5514660 -0.3379864 23.3335133 0.0314821 0.9976784 0.0114691 -0.0592887
103.259900 18.5349236 -0.3368738 23.2347565 0.0328498 0.9958333 0.0107608 -0.0843862
103.467300 18.5136299 -0.3356279 23.1340523 0.0322785 0.9940461 0.0090395 -0.1036760
103.778400 18.4757729 -0.3338309 22.9787636 0.0303794 0.9914579 0.0081466 -0.1265778
103.985900 18.4460335 -0.3329906 22.8725185 0.0299866 0.9898871 0.0097735 -0.1383074
104.193200 18.4136353 -0.3312669 22.7637615 0.0324240 0.9889013 0.0102671 -0.1446285
104.400600 18.3802948 -0.3295658 22.6533165 0.0325904 0.9885039 0.0068778 -0.1474807
104.608100 18.3452644 -0.3284910 22.5400391 0.0343101 0.9881927 0.0068926 -0.1491663
104.919200 18.2910824 -0.3256758 22.3642559 0.0363543 0.9877870 0.0096152 -0.1512045
105.230400 18.2348766 -0.3233000 22.1829815 0.0351584 0.9874338 0.0079451 -0.1538676
105.541700 18.1741219 -0.3212042 21.9958611 0.0369186 0.9870120 0.0084020 -0.1561206
105.853200 18.1134777 -0.3183027 21.8049183 0.0378983 0.9865097 0.0086008 -0.1590229
106.164200 18.0511894 -0.3160931 21.6150970 0.0380772 0.9860813 0.0095653 -0.1615622
106.475500 17.9862175 -0.3132381 21.4207630 0.0366475 0.9857314 0.0092157 -0.1640293
106.786800 17.9199944 -0.3106549 21.2253017 0.0371619 0.9856277 0.0106468 -0.1644498
107.098100 17.8559036 -0.3083887 21.0287132 0.0328081 0.9864916 0.0094206 -0.1602164
107.409200 17.7950649 -0.3071333 20.8315659 0.0280096 0.9877579 0.0050462 -0.1533767
107.720700 17.7378998 -0.3077841 20.6321850 0.0210001 0.9893518 0.0039438 -0.1439668
108.031600 17.6845379 -0.3082447 20.4316101 0.0197909 0.9915212 0.0086124 -0.1281402
108.238900 17.6537666 -0.3080921 20.2976646 0.0210270 0.9933301 0.0083045 -0.1130677
108.550200 17.6149693 -0.3082445 20.0961189 0.0186218 0.9956395 0.0033718 -0.0913448
108.757800 17.5937138 -0.3092983 19.9608402 0.0192894 0.9967554 0.0050600 -0.0779804
108.965300 17.5756168 -0.3099362 19.8251038 0.0200029 0.9977519 0.0052394 -0.0637460
109.173100 17.5621948 -0.3108358 19.6883965 0.0166385 0.9985583 0.0073480 -0.0505021
109.380500 17.5528374 -0.3117412 19.5521221 0.0146105 0.9991351 0.0091074 -0.0378496
109.588000 17.5464153 -0.3113782 19.4154663 0.0125045 0.9995748 0.0085953 -0.0248983
109.795400 17.5436459 -0.3111910 19.2783470 0.0125151 0.9997955 0.0101827 -0.0121906
109.900300 17.5436668 -0.3110592 19.2101440 0.0114326 0.9998490 0.0117395 -0.0057956
110.106700 17.5452023 -0.3106757 19.0735722 0.0128393 0.9998229 0.0120030 0.0067302
110.418100 17.5550404 -0.3102460 18.8697624 0.0140607 0.9995659 0.0085704 0.0244311
110.729500 17.5704937 -0.3114507 18.6648884 0.0123937 0.9990617 0.0074564 0.0408227
110.937100 17.5850563 -0.3120781 18.5277557 0.0118203 0.9986616 0.0056399 0.0500353
111.144800 17.6010170 -0.3130108 18.3920670 0.0113707 0.9981616 0.0056826 0.0592604
111.456200 17.6310120 -0.3151498 18.1901779 0.0092022 0.9973544 0.0080070 0.0716617
111.663700 17.6531677 -0.3159397 18.0574112 0.0081077 0.9967567 0.0079367 0.0796707
111.871200 17.6775455 -0.3163231 17.9247551 0.0065547 0.9961691 0.0088665 0.0867496
112.078600 17.7033348 -0.3167177 17.7927170 0.0057879 0.9955243 0.0109113 0.0936951
112.288100 17.7307186 -0.3165103 17.6637917 0.0051298 0.9948785 0.0099933 0.1004516
112.493600 17.7593899 -0.3171003 17.5368462 0.0046028 0.9941732 0.0066393 0.1074911
112.701100 17.7891369 -0.3184216 17.4135036 0.0051533 0.9934068 0.0044184 0.1144410
112.908600 17.8193970 -0.3204387 17.2942257 0.0066353 0.9925102 0.0016354 0.1219704
113.116300 17.8500957 -0.3242335 17.1818390 0.0064735 0.9915690 -0.0058959 0.1292838
113.323800 17.8804359 -0.3280488 17.0760231 0.0050422 0.9906647 -0.0160605 0.1352777
113.635300 17.9232788 -0.3384076 16.9306602 0.0049063 0.9896769 -0.0262828 0.1408004
113.843000 17.9501133 -0.3455012 16.8389568 0.0064889 0.9893647 -0.0315379 0.1418472
114.154700 17.9888306 -0.3557379 16.7020779 0.0123157 0.9902520 -0.0268237 0.1361244
114.571200 18.0301590 -0.3684314 16.5217857 0.0174613 0.9945077 -0.0228666 0.1006308
114.779700 18.0423756 -0.3738182 16.4318485 0.0201273 0.9973266 -0.0146854 0.0686942
114.988100 18.0478668 -0.3774451 16.3427849 0.0216935 0.9992765 -0.0100779 0.0295677
115.196500 18.0445518 -0.3802262 16.2546883 0.0243886 0.9996102 -0.0051720 -0.0125647
115.404800 18.0343533 -0.3825777 16.1677494 0.0248564 0.9980417 -0.0023883 -0.0573521
115.613100 18.0163956 -0.3833251 16.0806904 0.0238361 0.9944016 0.0010720 -0.1029374
115.821100 17.9894943 -0.3844009 15.9940453 0.0253343 0.9886023 0.0073051 -0.1482240
116.029400 17.9556885 -0.3836890 15.9081974 0.0219636 0.9806784 0.0098429 -0.1941405
116.238300 17.9119682 -0.3824954 15.8255386 0.0239619 0.9709070 0.0099264 -0.2380483
116.444900 17.8604317 -0.3806431 15.7457123 0.0278786 0.9599987 0.0109022 -0.2783998
116.652400 17.8013802 -0.3787622 15.6671095 0.0305452 0.9491009 0.0105300 -0.3133107
116.859700 17.7357006 -0.3759422 15.5900822 0.0341308 0.9390141 0.0072144 -0.3421045
117.067000 17.6640987 -0.3730134 15.5141850 0.0383066 0.9308356 0.0041149 -0.3634016
117.274300 17.5870972 -0.3704438 15.4364529 0.0398194 0.9244167 0.0034413 -0.3792839
117.481600 17.5043869 -0.3671629 15.3571215 0.0401788 0.9187492 0.0026853 -0.3927830
117.689000 17.4169827 -0.3640992 15.2766285 0.0415180 0.9142153 0.0015797 -0.4030931
117.896100 17.3240986 -0.3605211 15.1932020 0.0443136 0.9130424 0.0006080 -0.4054497
118.103200 17.2291431 -0.3569720 15.1043396 0.0441768 0.9148943 0.0022897 -0.4012624
118.310600 17.1322289 -0.3533195 15.0120850 0.0405755 0.9160555 0.0031207 -0.3989815
118.518000 17.0329609 -0.3498356 14.9172506 0.0395470 0.9165528 0.0034839 -0.3979383
118.829100 16.8794308 -0.3445060 14.7700176 0.0388933 0.9175595 0.0026582 -0.3956827
119.140500 16.7198753 -0.3399532 14.6161156 0.0378907 0.9186389 0.0006711 -0.3932764
119.451600 16.5582199 -0.3368846 14.4577932 0.0352740 0.9200220 -0.0022744 -0.3902694
119.762700 16.3922462 -0.3359107 14.2927475 0.0345726 0.9214634 -0.0007861 -0.3869230
120.073700 16.2269421 -0.3331058 14.1245861 0.0357706 0.9240084 0.0015912 -0.3806920
120.384800 16.0640869 -0.3297283 13.9538479 0.0349066 0.9277772 0.0022404 -0.3714916
120.695800 15.9028387 -0.3277150 13.7765694 0.0374781 0.9337348 -0.0004965 -0.3559977
121.006700 15.7500439 -0.3267270 13.5935411 0.0387462 0.9418111 -0.0027707 -0.3338905
121.214100 15.6532888 -0.3268783 13.4669180 0.0363947 0.9471757 -0.0031121 -0.3186281
121.421600 15.5602140 -0.3263881 13.3353138 0.0350845 0.9513385 -0.0006751 -0.3061434
121.629100 15.4687977 -0.3256359 13.2011662 0.0338820 0.9553735 0.0004635 -0.2934507
121.836600 15.3803501 -0.3253693 13.0635414 0.0337532 0.9590186 -0.0009882 -0.2813238
122.044100 15.2949486 -0.3258857 12.9230442 0.0332666 0.9625437 -0.0027234 -0.2690642
122.251600 15.2123747 -0.3271460 12.7794895 0.0341543 0.9656348 -0.0043536 -0.2576121
122.459200 15.1318169 -0.3282212 12.6333427 0.0367997 0.9678273 -0.0030549 -0.2488911
122.666800 15.0520782 -0.3285140 12.4849072 0.0371598 0.9692673 -0.0035256 -0.2431616
122.874600 14.9738789 -0.3294370 12.3332253 0.0359134 0.9698226 -0.0021192 -0.2411427
123.082400 14.8939209 -0.3297873 12.1813946 0.0345657 0.9702378 -0.0033320 -0.2396512
123.290000 14.8143349 -0.3298420 12.0275002 0.0350878 0.9708576 -0.0041272 -0.2370387
123.497600 14.7342415 -0.3310994 11.8712177 0.0386966 0.9715700 -0.0025382 -0.2335550
123.705300 14.6542053 -0.3319738 11.7134447 0.0399277 0.9721370 -0.0064854 -0.2308969
123.913000 14.5742884 -0.3330378 11.5536528 0.0409116 0.9723215 -0.0060479 -0.2299580
124.016700 14.5334530 -0.3333610 11.4719248 0.0409525 0.9724331 -0.0035702 -0.2295299
124.224400 14.4502993 -0.3323484 11.3087435 0.0456969 0.9723290 -0.0022941 -0.2290912
124.328100 14.4097691 -0.3323723 11.2271700 0.0479669 0.9721047 -0.0038479 -0.2295577
124.431900 14.3686085 -0.3325506 11.1453476 0.0492770 0.9719664 -0.0053919 -0.2298345
124.639300 14.2863836 -0.3329104 10.9791250 0.0489892 0.9716419 -0.0044978 -0.2312829
124.846800 14.2014542 -0.3332320 10.8103065 0.0437531 0.9712093 -0.0025597 -0.2341615
125.054300 14.1144333 -0.3332294 10.6403770 0.0376527 0.9701292 0.0005612 -0.2396484
125.262000 14.0259485 -0.3329758 10.4717340 0.0341384 0.9684612 -0.0008158 -0.2468134
125.469400 13.9318161 -0.3328945 10.3031797 0.0345911 0.9665118 -0.0002397 -0.2542800
125.676800 13.8341255 -0.3319327 10.1345673 0.0393717 0.9641032 0.0006767 -0.2625917
125.884200 13.7330227 -0.3305948 9.9677744 0.0438919 0.9616631 -0.0036170 -0.2706740
126.195500 13.5756931 -0.3293742 9.7165852 0.0451558 0.9584827 0.0000478 -0.2815525
126.403000 13.4665899 -0.3264641 9.5493011 0.0504836 0.9566016 0.0015127 -0.2869889
126.714100 13.3037701 -0.3236445 9.3009033 0.0485088 0.9555091 -0.0014142 -0.2909422
126.921600 13.1950903 -0.3220662 9.1351156 0.0446451 0.9550980 0.0004555 -0.2929069
127.232700 13.0264492 -0.3180751 8.8870049 0.0456673 0.9548584 0.0025379 -0.2935193
127.440100 12.9139967 -0.3156428 8.7206516 0.0447542 0.9549509 0.0024224 -0.2933600
127.647600 12.7994070 -0.3125034 8.5523558 0.0423978 0.9550843 0.0033730 -0.2932661
127.855000 12.6855774 -0.3098600 8.3834467 0.0426811 0.9544502 0.0053622 -0.2952530
128.166000 12.5135794 -0.3046940 8.1294556 0.0432306 0.9536427 0.0039356 -0.2977941
128.269700 12.4555759 -0.3036711 8.0447712 0.0424185 0.9535887 0.0047397 -0.2980717
128.477100 12.3382645 -0.2998492 7.8751440 0.0431083 0.9536806 0.0055228 -0.2976649
128.580700 12.2802963 -0.2984082 7.7903676 0.0440191 0.9537010 0.0051509 -0.2974729
128.684500 12.2211275 -0.2966715 7.7027607 0.0441159 0.9536884 0.0042972 -0.2975124
128.788200 12.1631231 -0.2951675 7.6179700 0.0437829 0.9538209 0.0042998 -0.2971367
128.891800 12.1033154 -0.2925749 7.5305796 0.0431961 0.9538885 0.0043405 -0.2970049
128.995500 12.0430470 -0.2907837 7.4424725 0.0428410 0.9539438 0.0049117 -0.2968699
129.099100 11.9842329 -0.2894860 7.3553839 0.0430306 0.9539388 0.0051518 -0.2968543
129.202800 11.9253063 -0.2873954 7.2674489 0.0429626 0.9539173 0.0048213 -0.2969392
129.306600 11.8658772 -0.2854197 7.1802263 0.0431347 0.9539064 0.0041558 -0.2969591
129.410300 11.8061285 -0.2838277 7.0928769 0.0429744 0.9539712 0.0037127 -0.2967800
129.514100 11.7460661 -0.2823048 7.0045404 0.0434664 0.9538945 0.0036482 -0.2969556
129.617800 11.6854210 -0.2810175 6.9165010 0.0441947 0.9539827 0.0040968 -0.2965586
129.721600 11.6249008 -0.2789184 6.8271537 0.0445580 0.9538803 0.0043217 -0.2968306
129.825300 11.5645790 -0.2771598 6.7388239 0.0453321 0.9538093 0.0043520 -0.2969408
129.929100 11.5030708 -0.2752425 6.6496038 0.0462556 0.9537270 0.0040586 -0.2970669
130.032700 11.4415989 -0.2732099 6.5606222 0.0476628 0.9536195 0.0024849 -0.2972070
130.136500 11.3806734 -0.2715664 6.4709320 0.0480975 0.9534274 0.0011733 -0.2977608
130.240200 11.3186016 -0.2698938 6.3823247 0.0485210 0.9533154 0.0012257 -0.2980503
130.343800 11.2580566 -0.2685705 6.2931376 0.0473929 0.9530338 0.0020946 -0.2991256
130.447600 11.1965895 -0.2663383 6.2035999 0.0458865 0.9526560 0.0027844 -0.3005550
130.551300 11.1340351 -0.2643409 6.1136723 0.0446185 0.9523367 0.0041700 -0.3017394
130.655000 11.0715466 -0.2624012 6.0246277 0.0453563 0.9518392 0.0052503 -0.3031787
130.758700 11.0089827 -0.2604119 5.9352884 0.0449220 0.9515488 0.0049703 -0.3041581
130.862500 10.9460220 -0.2584952 5.8468380 0.0448330 0.9511684 0.0038381 -0.3053750
130.966100 10.8833647 -0.2567831 5.7580118 0.0440646 0.9509444 0.0035576 -0.3061870
131.070000 10.8199577 -0.2550473 5.6692872 0.0435546 0.9507657 0.0033254 -0.3068168
131.173700 10.7554483 -0.2530147 5.5800595 0.0443365 0.9505932 0.0036611 -0.3072353
131.277500 10.6912308 -0.2502642 5.4908752 0.0456147 0.9503834 0.0046593 -0.3076832
131.381100 10.6264744 -0.2481492 5.4019613 0.0467655 0.9502794 0.0050610 -0.3078253
131.484800 10.5626850 -0.2460505 5.3136358 0.0477945 0.9501107 0.0044791 -0.3081967
131.588500 10.4985142 -0.2435599 5.2248783 0.0486367 0.9499568 0.0043885 -0.3085405
131.796000 10.3686600 -0.2383906 5.0466337 0.0509991 0.9498153 0.0050974 -0.3085839
131.899600 10.3052778 -0.2355973 4.9577489 0.0514465 0.9497881 0.0045174 -0.3086024
132.107000 10.1775875 -0.2310915 4.7809629 0.0502256 0.9500833 0.0043111 -0.3078970
132.314400 10.0494823 -0.2263647 4.6011782 0.0492452 0.9505475 0.0045899 -0.3066159
132.521700 9.9222431 -0.2213827 4.4222445 0.0485864 0.9511015 0.0058712 -0.3049768
132.729100 9.7970905 -0.2172025 4.2427588 0.0459513 0.9517431 0.0041987 -0.3034073
132.936500 9.6726589 -0.2138911 4.0628910 0.0420332 0.9525968 0.0036622 -0.3012957
133.143700 9.5487938 -0.2098847 3.8822675 0.0407373 0.9534085 0.0061792 -0.2988552
133.351100 9.4269409 -0.2067792 3.7032523 0.0420121 0.9541691 0.0067231 -0.2962281
133.558600 9.3058109 -0.2024401 3.5225496 0.0443860 0.9550014 0.0068920 -0.2931804
133.766000 9.1847458 -0.1978231 3.3411527 0.0460476 0.9563271 0.0057238 -0.2885920
133.973300 9.0663939 -0.1943785 3.1575379 0.0458308 0.9583091 0.0038998 -0.2820069
134.180800 8.9513416 -0.1915732 2.9716833 0.0426139 0.9603446 0.0045710 -0.2755022
134.284500 8.8945494 -0.1899254 2.8782973 0.0415890 0.9613410 0.0050513 -0.2721549
134.388200 8.8384876 -0.1881669 2.7849863 0.0402959 0.9623884 0.0057991 -0.2686097
134.491900 8.7829208 -0.1869422 2.6915081 0.0414846 0.9632067 0.0070401 -0.2654473
134.595600 8.7284937 -0.1850883 2.5984371 0.0403402 0.9641740 0.0054681 -0.2621282
134.699300 8.6749868 -0.1838418 2.5054338 0.0401131 0.9649867 0.0042351 -0.2591790
134.803100 8.6218119 -0.1822869 2.4117815 0.0405775 0.9656213 0.0035163 -0.2567422
134.906900 8.5694122 -0.1808979 2.3180344 0.0408895 0.9661469 0.0043083 -0.2546953
135.010600 8.5175619 -0.1803176 2.2243040 0.0424004 0.9665155 0.0047333 -0.2530366
135.114300 8.4650888 -0.1789024 2.1301756 0.0430371 0.9668538 0.0053382 -0.2516208
135.322000 8.3606224 -0.1762240 1.9405706 0.0432136 0.9674440 0.0025149 -0.2493559
135.529500 8.2570620 -0.1743982 1.7503998 0.0419403 0.9681712 0.0030086 -0.2467317
135.736900 8.1559896 -0.1725421 1.5594666 0.0413999 0.9688251 0.0041700 -0.2442265
135.944200 8.0562172 -0.1704433 1.3690445 0.0413938 0.9694484 0.0035703 -0.2417509
136.151600 7.9552908 -0.1679406 1.1765287 0.0439778 0.9699989 0.0029755 -0.2390801
136.359000 7.8564453 -0.1680070 0.9855700 0.0440505 0.9705003 0.0017203 -0.2370351
136.670200 7.7076778 -0.1650777 0.6928024 0.0388792 0.9712054 0.0060916 -0.2349712
136.981400 7.5601821 -0.1610210 0.4006252 0.0387962 0.9715575 0.0063110 -0.2335188
137.292500 7.4162755 -0.1585213 0.1097949 0.0385615 0.9717605 0.0037423 -0.2327673
137.500000 7.3194456 -0.1579897 -0.0844548 0.0377663 0.9720343 0.0041824 -0.2317444
137.811000 7.1752281 -0.1545110 -0.3758371 0.0373127 0.9726229 0.0039236 -0.2293406
138.018400 7.0784688 -0.1533169 -0.5711713 0.0388048 0.9729240 0.0029102 -0.2278259
138.122100 7.0302801 -0.1524203 -0.6685646 0.0395638 0.9730435 0.0016587 -0.2271965
138.329600 6.9340973 -0.1519373 -0.8643510 0.0403579 0.9729590 0.0012219 -0.2274216
138.537100 6.8378692 -0.1517979 -1.0597589 0.0387982 0.9723190 0.0018278 -0.2304063
138.744700 6.7390690 -0.1502229 -1.2556356 0.0366537 0.9711936 0.0042379 -0.2354176
138.952200 6.6386485 -0.1490174 -1.4501990 0.0359798 0.9694293 0.0069079 -0.2426205
139.159700 6.5350633 -0.1473795 -1.6429423 0.0342048 0.9671471 0.0074377 -0.2517960
139.367400 6.4274368 -0.1447629 -1.8330084 0.0317619 0.9645866 0.0070379 -0.2617524
139.574900 6.3155437 -0.1420147 -2.0215123 0.0308597 0.9617742 0.0073735 -0.2719996
139.782200 6.2000051 -0.1389547 -2.2075386 0.0318845 0.9587314 0.0074417 -0.2824218
139.886000 6.1414957 -0.1373597 -2.2991757 0.0324280 0.9571040 0.0075543 -0.2878250
140.093500 6.0200968 -0.1343280 -2.4770710 0.0345417 0.9535762 0.0064515 -0.2990948
140.197100 5.9580016 -0.1330623 -2.5644369 0.0365142 0.9517068 0.0061910 -0.3047665
140.404600 5.8306251 -0.1292299 -2.7386096 0.0398041 0.9477370 0.0073627 -0.3164744
140.508200 5.7656946 -0.1270253 -2.8242500 0.0409191 0.9458156 0.0072136 -0.3220349
140.612000 5.6993008 -0.1248296 -2.9091015 0.0414296 0.9441217 0.0056814 -0.3269335
140.715600 5.6324720 -0.1229156 -2.9923306 0.0419217 0.9425886 0.0043847 -0.3312855
140.819400 5.5653067 -0.1211192 -3.0755405 0.0422795 0.9413152 0.0038453 -0.3348482
140.923100 5.4965749 -0.1189734 -3.1589193 0.0441097 0.9400520 0.0022370 -0.3381592
141.026700 5.4278803 -0.1165453 -3.2411828 0.0467337 0.9388013 0.0016928 -0.3412701
141.130500 5.3587060 -0.1142375 -3.3239033 0.0470216 0.9377511 0.0017654 -0.3441057
141.234200 5.2897649 -0.1125059 -3.4058423 0.0484090 0.9363270 0.0003217 -0.3477762
141.338000 5.2198620 -0.1106263 -3.4875309 0.0476822 0.9352853 0.0006510 -0.3506670
141.441700 5.1498566 -0.1093772 -3.5686417 0.0452521 0.9344733 0.0013489 -0.3531431
141.545500 5.0782590 -0.1071324 -3.6494546 0.0466896 0.9334496 0.0009170 -0.3556557
141.649100 5.0071898 -0.1049925 -3.7305179 0.0465774 0.9325054 0.0026051 -0.3581306
141.752900 4.9343123 -0.1031508 -3.8113952 0.0472146 0.9316501 0.0038875 -0.3602551
141.856600 4.8615389 -0.1005792 -3.8918345 0.0460879 0.9311157 0.0036473 -0.3617819
141.960200 4.7878699 -0.0976757 -3.9722245 0.0445579 0.9305449 0.0029207 -0.3634449
142.064000 4.7140269 -0.0955332 -4.0526500 0.0443986 0.9297477 0.0045511 -0.3654823
142.167700 4.6396585 -0.0928156 -4.1328039 0.0445780 0.9286684 0.0061143 -0.3681717
142.271500 4.5652642 -0.0899133 -4.2115312 0.0453570 0.9272690 0.0054067 -0.3715988
142.375400 4.4894195 -0.0869871 -4.2907419 0.0448455 0.9257221 0.0047719 -0.3755060
142.479100 4.4113159 -0.0843179 -4.3700600 0.0448424 0.9241043 0.0039133 -0.3794801
142.582700 4.3329744 -0.0817689 -4.4481792 0.0458773 0.9226508 0.0029376 -0.3828866
142.686500 4.2545600 -0.0793389 -4.5265946 0.0460237 0.9216554 0.0030625 -0.3852581
142.790100 4.1744785 -0.0764126 -4.6048813 0.0465675 0.9209860 0.0032830 -0.3867886
142.893700 4.0959201 -0.0735771 -4.6832104 0.0461064 0.9203886 0.0044797 -0.3882511
143.101100 3.9363663 -0.0677435 -4.8387451 0.0458678 0.9200965 0.0055163 -0.3889576
143.204700 3.8573153 -0.0642448 -4.9166160 0.0460388 0.9203655 0.0060705 -0.3882923
143.308500 3.7786994 -0.0614511 -4.9952478 0.0453954 0.9207386 0.0067092 -0.3874722
143.515900 3.6241834 -0.0551449 -5.1492023 0.0423827 0.9215561 0.0056240 -0.3858840
143.619600 3.5454178 -0.0526161 -5.2269382 0.0413929 0.9218067 0.0030252 -0.3854218
143.827000 3.3889565 -0.0483536 -5.3824315 0.0432102 0.9220866 0.0019296 -0.3845588
143.930600 3.3097918 -0.0460129 -5.4602780 0.0455662 0.9222389 0.0021753 -0.3839199
144.138000 3.1524925 -0.0410022 -5.6174836 0.0464121 0.9221988 0.0025831 -0.3839123
144.241700 3.0742435 -0.0392210 -5.6957369 0.0457834 0.9221597 0.0020469 -0.3840849
144.345400 2.9964094 -0.0369916 -5.7740026 0.0449113 0.9219872 0.0015327 -0.3846039
144.449100 2.9178774 -0.0343762 -5.8526545 0.0441887 0.9218630 0.0020365 -0.3849828
144.552700 2.8386626 -0.0319303 -5.9311948 0.0439188 0.9216658 0.0027683 -0.3854809
144.656500 2.7596304 -0.0293344 -6.0101223 0.0441109 0.9214094 0.0036668 -0.3860640
144.760200 2.6805882 -0.0264665 -6.0890036 0.0436055 0.9211506 0.0045608 -0.3867291
144.864000 2.6003036 -0.0237369 -6.1680465 0.0435434 0.9207123 0.0042109 -0.3877822
144.967900 2.5204306 -0.0216095 -6.2467713 0.0432153 0.9201260 0.0035544 -0.3892144
145.071600 2.4388752 -0.0185764 -6.3259439 0.0431789 0.9195739 0.0034061 -0.3905225
145.279100 2.2777212 -0.0132534 -6.4816518 0.0432363 0.9185131 0.0049531 -0.3929884
145.486600 2.1138518 -0.0069982 -6.6381950 0.0425110 0.9176506 0.0062550 -0.3950582
145.694000 1.9486783 -0.0003019 -6.7951660 0.0433373 0.9168382 0.0062005 -0.3968515
146.005100 1.7023752 0.0079846 -7.0271997 0.0441432 0.9160911 0.0055264 -0.3984944
146.212500 1.5355144 0.0136629 -7.1836619 0.0423996 0.9160274 0.0073990 -0.3987997
146.419900 1.3693321 0.0207399 -7.3392925 0.0412526 0.9158740 0.0086511 -0.3992470
146.627200 1.2050591 0.0270382 -7.4942088 0.0436209 0.9157999 0.0054620 -0.3992218
146.730900 1.1221464 0.0297800 -7.5709424 0.0421634 0.9160691 0.0016796 -0.3987943
146.938400 0.9556890 0.0344346 -7.7281079 0.0407973 0.9162507 0.0049722 -0.3984916
147.145700 0.7890623 0.0402121 -7.8849635 0.0428300 0.9164713 0.0046480 -0.3977743
147.456900 0.5409887 0.0464442 -8.1164513 0.0458198 0.9164373 0.0036921 -0.3975294
147.664300 0.3758900 0.0513854 -8.2698631 0.0460591 0.9167927 0.0026238 -0.3966899
147.871800 0.2108245 0.0563607 -8.4253902 0.0453181 0.9171852 0.0042575 -0.3958528
148.079200 0.0478516 0.0620451 -8.5801764 0.0429255 0.9176021 0.0054723 -0.3951377
148.286700 -0.1144891 0.0675952 -8.7345238 0.0430348 0.9179590 0.0062093 -0.3942850
148.494100 -0.2757716 0.0732739 -8.8884268 0.0421202 0.9184429 0.0045978 -0.3932777
148.701600 -0.4361959 0.0781450 -9.0418053 0.0405047 0.9189244 0.0039437 -0.3923286
148.909000 -0.5940790 0.0820674 -9.1972609 0.0403559 0.9189907 0.0053752 -0.3921718
149.116400 -0.7526207 0.0872401 -9.3522062 0.0413971 0.9189763 0.0056102 -0.3920936
149.220100 -0.8328018 0.0900411 -9.4291220 0.0384003 0.9194053 0.0064348 -0.3913795
149.427500 -0.9901156 0.0940644 -9.5830002 0.0348797 0.9196330 0.0061237 -0.3911790
149.634900 -1.1495318 0.0994409 -9.7395878 0.0353396 0.9195944 0.0089804 -0.3911734
149.842400 -1.3102098 0.1049204 -9.8953609 0.0353989 0.9199039 0.0065670 -0.3904877
150.049700 -1.4702411 0.1093933 -10.0519829 0.0337156 0.9199890 0.0086349 -0.3903958
150.257200 -1.6307278 0.1140641 -10.2083025 0.0336275 0.9202250 0.0069524 -0.3898805
150.361000 -1.7104211 0.1162331 -10.2859612 0.0342323 0.9203275 0.0060140 -0.3896014
150.464700 -1.7902021 0.1182113 -10.3639851 0.0352867 0.9203894 0.0060790 -0.3893600
150.568400 -1.8700476 0.1204131 -10.4425116 0.0349499 0.9205978 0.0070130 -0.3888817
150.672100 -1.9487762 0.1227322 -10.5199509 0.0350379 0.9206801 0.0067850 -0.3886830
150.775700 -2.0264215 0.1246510 -10.5974674 0.0334198 0.9209252 0.0071603 -0.3882378
150.879500 -2.1052947 0.1264920 -10.6750679 0.0325237 0.9210746 0.0062203 -0.3879756
150.983100 -2.1838865 0.1285466 -10.7532129 0.0301355 0.9211594 0.0066805 -0.3879594
151.190500 -2.3400779 0.1317261 -10.9079742 0.0280257 0.9213144 0.0065208 -0.3877522
151.294200 -2.4180140 0.1330313 -10.9845734 0.0282850 0.9213757 0.0065987 -0.3875865
151.398000 -2.4959936 0.1348163 -11.0621567 0.0276825 0.9215060 0.0057007 -0.3873341
151.501800 -2.5735865 0.1360194 -11.1389618 0.0271025 0.9216321 0.0046688 -0.3870890
151.605500 -2.6517682 0.1372002 -11.2157898 0.0270051 0.9216973 0.0036177 -0.3869518
151.709100 -2.7287502 0.1381484 -11.2923012 0.0271113 0.9217361 0.0035484 -0.3868527
151.916600 -2.8806233 0.1399294 -11.4438763 0.0241434 0.9218226 0.0017394 -0.3868554
152.124100 -3.0322175 0.1412417 -11.5962915 0.0186015 0.9217450 0.0006534 -0.3873497
152.331500 -3.1817560 0.1403597 -11.7463760 0.0161518 0.9217339 0.0031416 -0.3874737
152.538900 -3.3300929 0.1402715 -11.8937654 0.0168591 0.9223951 0.0042267 -0.3858564
152.746200 -3.4748821 0.1391295 -12.0390358 0.0169321 0.9233003 -0.0023460 -0.3836983
152.953500 -3.6197319 0.1371633 -12.1840477 0.0242068 0.9243260 -0.0039315 -0.3808149
153.160900 -3.7638273 0.1361287 -12.3323908 0.0254901 0.9258522 -0.0019800 -0.3770200
153.368200 -3.9002957 0.1352220 -12.4761448 0.0229873 0.9270500 -0.0011530 -0.3742307
153.575600 -4.0339141 0.1319759 -12.6156263 0.0243037 0.9282804 -0.0067144 -0.3710254
153.783100 -4.1640787 0.1291464 -12.7556286 0.0232804 0.9291772 -0.0066448 -0.3688408
154.094200 -4.3475537 0.1247837 -12.9582367 0.0119458 0.9300465 -0.0029622 -0.3672356
154.405500 -4.5181918 0.1189277 -13.1470737 0.0015366 0.9309192 0.0003730 -0.3652218
154.613000 -4.6224914 0.1151285 -13.2645712 -0.0092181 0.9301549 0.0046492 -0.3670222
155.028600 -4.8173203 0.1099394 -13.4743900 -0.0269121 0.9225448 0.0120341 -0.3847622
155.340600 -4.9530272 0.1047554 -13.6028366 -0.0374763 0.9113274 0.0136398 -0.4097462
155.757200 -5.1234317 0.0955958 -13.7382488 -0.0430511 0.8823312 0.0175408 -0.4683274
156.069600 -5.2482285 0.0899767 -13.8090878 0.0441719 -0.8518507 -0.0158096 0.5216793
156.382000 -5.3715229 0.0834271 -13.8570042 0.0335790 -0.8153488 -0.0147600 0.5778070
156.590200 -5.4564371 0.0808372 -13.8781605 0.0278734 -0.7833720 -0.0202270 0.6205984
156.902800 -5.5794787 0.0772636 -13.8862333 0.0163603 -0.7251674 -0.0244346 0.6879444
157.214900 -5.6993265 0.0760966 -13.8736448 0.0145319 -0.6620341 -0.0268708 0.7488509
157.526600 -5.8123636 0.0737261 -13.8407965 0.0140571 -0.5951474 -0.0259695 0.8030738
157.734500 -5.8854284 0.0724650 -13.8091593 0.0177206 -0.5481375 -0.0263477 0.8357853
157.942100 -5.9545422 0.0713767 -13.7676792 0.0187951 -0.5001443 -0.0263448 0.8653371
158.045900 -5.9881973 0.0709112 -13.7436304 0.0180858 -0.4753193 -0.0272845 0.8792042
158.253500 -6.0521531 0.0679523 -13.6885710 0.0143860 -0.4253639 -0.0289702 0.9044442
158.461100 -6.1130028 0.0664550 -13.6254206 0.0136411 -0.3752185 -0.0304989 0.9263341
158.668600 -6.1679993 0.0650686 -13.5534649 0.0155343 -0.3263620 -0.0295916 0.9446538
158.876100 -6.2169309 0.0628234 -13.4730024 0.0157864 -0.2786724 -0.0266980 0.9598852
159.083500 -6.2601786 0.0601499 -13.3844538 0.0152451 -0.2321618 -0.0235555 0.9722724
159.290900 -6.2968130 0.0565804 -13.2896881 0.0141624 -0.1890543 -0.0207914 0.9816443
159.394500 -6.3130569 0.0546238 -13.2404938 0.0144207 -0.1694732 -0.0202777 0.9852206
159.498100 -6.3277702 0.0530531 -13.1896324 0.0152925 -0.1518828 -0.0191718 0.9880942
159.705200 -6.3532872 0.0485936 -13.0830383 0.0174398 -0.1219699 -0.0149383 0.9922681
159.912500 -6.3759208 0.0434789 -12.9709282 0.0199452 -0.0981192 -0.0136622 0.9948810
160.119800 -6.3940606 0.0379966 -12.8538485 0.0196813 -0.0809255 -0.0104838 0.9964707
160.327000 -6.4108610 0.0323048 -12.7317371 0.0178378 -0.0705242 -0.0077121 0.9973208
160.534100 -6.4261169 0.0272782 -12.6073208 0.0146777 -0.0652989 -0.0037104 0.9977509
160.741500 -6.4434977 0.0223784 -12.4779015 0.0133721 -0.0632812 -0.0045819 0.9978957
160.948900 -6.4597549 0.0180920 -12.3457174 0.0135139 -0.0622230 -0.0028411 0.9979667
161.156400 -6.4774103 0.0135132 -12.2102671 0.0119513 -0.0604710 -0.0029348 0.9980941
161.363700 -6.4932480 0.0090444 -12.0708179 0.0113147 -0.0596290 -0.0014077 0.9981555
161.571300 -6.5098348 0.0043284 -11.9281416 0.0095453 -0.0580471 0.0007706 0.9982679
161.882500 -6.5342865 -0.0014814 -11.7106371 0.0062821 -0.0558808 0.0042444 0.9984087
162.089900 -6.5502844 -0.0057198 -11.5685997 0.0056110 -0.0545261 0.0074486 0.9984688
162.297200 -6.5648756 -0.0096424 -11.4283190 0.0013773 -0.0533646 0.0095727 0.9985282
162.504600 -6.5801082 -0.0126991 -11.2905703 -0.0007222 -0.0535272 0.0104366 0.9985116
162.712100 -6.5957365 -0.0152617 -11.1561699 0.0009891 -0.0551128 0.0113464 0.9984152
162.919500 -6.6112266 -0.0183269 -11.0253887 0.0034125 -0.0574843 0.0080972 0.9983078
163.127000 -6.6277704 -0.0210485 -10.8958130 -0.0014172 -0.0602508 0.0070304 0.9981575
163.334500 -6.6444874 -0.0237550 -10.7693310 -0.0040424 -0.0633857 0.0062967 0.9979610
163.542000 -6.6619291 -0.0246010 -10.6466961 -0.0029999 -0.0681287 0.0024724 0.9976690
163.749500 -6.6801624 -0.0254411 -10.5266752 -0.0081875 -0.0740788 0.0036451 0.9972121
163.956900 -6.7006445 -0.0254426 -10.4089813 -0.0062635 -0.0819253 0.0041031 0.9966103
164.164400 -6.7228603 -0.0264342 -10.2919025 -0.0023544 -0.0924378 0.0058052 0.9956988
164.371900 -6.7477422 -0.0271717 -10.1734257 -0.0041603 -0.1040508 0.0064372 0.9945425
164.579300 -6.7755766 -0.0286093 -10.0543938 -0.0063338 -0.1153029 0.0070617 0.9932851
164.786700 -6.8066182 -0.0288710 -9.9369421 -0.0026998 -0.1263200 0.0062477 0.9919662
164.994400 -6.8397346 -0.0299803 -9.8184776 0.0009082 -0.1364522 0.0084703 0.9906100
