3.941290 0.0000000 0.0000000 0.0000000 0.0000000 0.0000000 0.0000000 1.0000000
4.148625 0.0022576 -0.0003792 0.0561060 -0.0003755 0.0189401 0.0051135 0.9998075
4.252293 0.0040544 -0.0005556 0.0844910 -0.0003321 0.0266818 0.0067297 0.9996213
4.355974 0.0059398 -0.0005645 0.1132373 -0.0005762 0.0339988 0.0079629 0.9993900
4.459609 0.0083410 -0.0008160 0.1419552 -0.0012321 0.0406149 0.0080573 0.9991416
4.563217 0.0109947 -0.0010038 0.1711020 -0.0011541 0.0468220 0.0079079 0.9988713
4.666947 0.0140931 -0.0012688 0.2003383 0.0001880 0.0524157 0.0080538 0.9985929
4.770559 0.0176158 -0.0014721 0.2299880 0.0018949 0.0574942 0.0082206 0.9983102
4.874319 0.0215144 -0.0016697 0.2603953 0.0031688 0.0621991 0.0088189 0.9980198
4.977967 0.0255909 -0.0017634 0.2912246 0.0037813 0.0659790 0.0087883 0.9977751
5.081656 0.0299315 -0.0020894 0.3225484 0.0041114 0.0688487 0.0086851 0.9975808
5.288943 0.0392112 -0.0028283 0.3868454 0.0056444 0.0737896 0.0085479 0.9972212
5.496314 0.0495504 -0.0035571 0.4531561 0.0057345 0.0771773 0.0087147 0.9969628
5.703641 0.0603831 -0.0043948 0.5220179 0.0040990 0.0796121 0.0091585 0.9967754
5.910955 0.0722635 -0.0049537 0.5931226 0.0044438 0.0810730 0.0103767 0.9966443
6.118447 0.0840511 -0.0055891 0.6658507 0.0052784 0.0815716 0.0110172 0.9965926
6.325669 0.0962156 -0.0065116 0.7401979 0.0060178 0.0806641 0.0112989 0.9966592
6.533021 0.1084110 -0.0075231 0.8163142 0.0059223 0.0793866 0.0114737 0.9967602
6.740399 0.1210367 -0.0085423 0.8951265 0.0065081 0.0783431 0.0118715 0.9968345
6.947755 0.1331933 -0.0090029 0.9754086 0.0058746 0.0776145 0.0121316 0.9968923
7.155209 0.1460034 -0.0103066 1.0571542 0.0053099 0.0770306 0.0138511 0.9969184
7.362568 0.1589797 -0.0116168 1.1395212 0.0060333 0.0761295 0.0143533 0.9969764
7.569925 0.1712841 -0.0127093 1.2231615 0.0055020 0.0761589 0.0146646 0.9969727
7.777286 0.1847725 -0.0137044 1.3093213 0.0054584 0.0761646 0.0156939 0.9969568
7.984696 0.1975508 -0.0147553 1.3955725 0.0065123 0.0766012 0.0156256 0.9969181
8.295863 0.2185862 -0.0171810 1.5275731 0.0066773 0.0782190 0.0142779 0.9968116
8.503235 0.2315622 -0.0185728 1.6167845 0.0059901 0.0793038 0.0129870 0.9967479
8.814436 0.2543693 -0.0207904 1.7547178 0.0072218 0.0835079 0.0125991 0.9964013
9.021867 0.2718890 -0.0225074 1.8481933 0.0064825 0.0874424 0.0110997 0.9960867
9.229148 0.2874631 -0.0244838 1.9415892 0.0076257 0.0927676 0.0105910 0.9956023
9.436507 0.3052029 -0.0263535 2.0357327 0.0086888 0.0975240 0.0095484 0.9951494
9.643856 0.3242480 -0.0289233 2.1310699 0.0079746 0.1028272 0.0075199 0.9946389
9.747566 0.3339779 -0.0297307 2.1791186 0.0078062 0.1059459 0.0071176 0.9943158
9.954854 0.3550349 -0.0316403 2.2754843 0.0085057 0.1116166 0.0075575 0.9936862
10.058450 0.3658932 -0.0325992 2.3240669 0.0091224 0.1146808 0.0072844 0.9933338
10.265950 0.3885962 -0.0347055 2.4213247 0.0090895 0.1210322 0.0070177 0.9925821
10.473330 0.4121532 -0.0374763 2.5183299 0.0095488 0.1267821 0.0064001 0.9918640
10.680800 0.4388891 -0.0395690 2.6162636 0.0093341 0.1308450 0.0085318 0.9913222
10.784490 0.4529215 -0.0395132 2.6640589 0.0104368 0.1317759 0.0083371 0.9911895
10.992100 0.4796801 -0.0425430 2.7618711 0.0103086 0.1350186 0.0082472 0.9907551
11.096280 0.4934259 -0.0436964 2.8108389 0.0108366 0.1367041 0.0074876 0.9905244
11.199650 0.5070190 -0.0451281 2.8606701 0.0110060 0.1392897 0.0067670 0.9901674
11.303360 0.5208974 -0.0464573 2.9101269 0.0108957 0.1416371 0.0067016 0.9898360
11.407080 0.5349773 -0.0478231 2.9591317 0.0112056 0.1439789 0.0069862 0.9894927
11.510570 0.5493878 -0.0492525 3.0085483 0.0114357 0.1462651 0.0066977 0.9891567
11.614180 0.5642108 -0.0508405 3.0576322 0.0113828 0.1485631 0.0064389 0.9888164
11.821430 0.5940593 -0.0539750 3.1553698 0.0108635 0.1529421 0.0066019 0.9881534
11.925060 0.6095227 -0.0554290 3.2046483 0.0110934 0.1550321 0.0070555 0.9878219
12.028650 0.6253800 -0.0567534 3.2537510 0.0117897 0.1568061 0.0072985 0.9875321
12.132140 0.6415533 -0.0584527 3.3035724 0.0124368 0.1586965 0.0070920 0.9872236
12.235950 0.6580144 -0.0599799 3.3534489 0.0129835 0.1604918 0.0073633 0.9869243
12.339620 0.6743034 -0.0616877 3.4030082 0.0133083 0.1622773 0.0072067 0.9866291
12.546850 0.7080930 -0.0652420 3.5024176 0.0132102 0.1660641 0.0072461 0.9859999
12.754210 0.7434801 -0.0683474 3.6029377 0.0134588 0.1696968 0.0093077 0.9853604
12.961450 0.7791915 -0.0716029 3.7030463 0.0129329 0.1725622 0.0096778 0.9848662
13.168790 0.8159586 -0.0748332 3.8036039 0.0145341 0.1754486 0.0087444 0.9843425
13.376170 0.8529937 -0.0785392 3.9041653 0.0158620 0.1787727 0.0076186 0.9837331
13.583380 0.8906062 -0.0823903 4.0055122 0.0165303 0.1826497 0.0071319 0.9830132
13.790730 0.9294861 -0.0863725 4.1067190 0.0156481 0.1865074 0.0069505 0.9823043
13.998450 0.9694343 -0.0900950 4.2075644 0.0156598 0.1905365 0.0065061 0.9815336
14.205920 1.0105207 -0.0941347 4.3083181 0.0163232 0.1941103 0.0057144 0.9808273
14.412870 1.0522630 -0.0982541 4.4093466 0.0162797 0.1968881 0.0067418 0.9802676
14.620330 1.0943575 -0.1021819 4.5095897 0.0162258 0.1996363 0.0082843 0.9797007
14.827390 1.1366911 -0.1059701 4.6095300 0.0168271 0.2024959 0.0077591 0.9791078
15.034850 1.1789412 -0.1100862 4.7103143 0.0182338 0.2057283 0.0074426 0.9784110
15.242180 1.2246704 -0.1147854 4.8101339 0.0188814 0.2082612 0.0068057 0.9778673
15.449500 1.2681782 -0.1181308 4.9115262 0.0183155 0.2113333 0.0078930 0.9772105
15.656680 1.3140445 -0.1233904 5.0129919 0.0182519 0.2146468 0.0067188 0.9764981
15.967780 1.3836781 -0.1304297 5.1633315 0.0178951 0.2203448 0.0053417 0.9752433
16.175170 1.4305511 -0.1351794 5.2638626 0.0175889 0.2246803 0.0046174 0.9742628
16.382370 1.4786091 -0.1404284 5.3627281 0.0179620 0.2287686 0.0046137 0.9733042
16.589730 1.5286763 -0.1452113 5.4619036 0.0181398 0.2325559 0.0045514 0.9724032
16.900690 1.6034570 -0.1525495 5.6095457 0.0187423 0.2384872 0.0044811 0.9709544
17.107930 1.6557301 -0.1576957 5.7089510 0.0200583 0.2421290 0.0062552 0.9700165
17.315330 1.7069116 -0.1619141 5.8095455 0.0214669 0.2456366 0.0078790 0.9690922
17.626280 1.7878029 -0.1699023 5.9599152 0.0233498 0.2506265 0.0093633 0.9677569
17.833610 1.8437173 -0.1753438 6.0597200 0.0239921 0.2540317 0.0095891 0.9668507
18.041020 1.9010034 -0.1807032 6.1600103 0.0242724 0.2571452 0.0080036 0.9660348
18.248220 1.9576890 -0.1868887 6.2609987 0.0240469 0.2598892 0.0103218 0.9652838
18.455670 2.0169935 -0.1925211 6.3630543 0.0237993 0.2620504 0.0108321 0.9646999
18.663050 2.0748901 -0.1972347 6.4644356 0.0236127 0.2649058 0.0116282 0.9639150
18.766280 2.1031179 -0.1996627 6.5146976 0.0234771 0.2663495 0.0119921 0.9635159
18.973530 2.1544657 -0.2036471 6.6166101 0.0257862 0.2714395 0.0111539 0.9620454
19.180870 2.2220964 -0.2091571 6.7226973 0.0249308 0.2750481 0.0083728 0.9610707
19.284530 2.2548962 -0.2123899 6.7753968 0.0238000 0.2777157 0.0076948 0.9603376
19.491840 2.3215883 -0.2179667 6.8800859 0.0235788 0.2823351 0.0078562 0.9589939
19.699070 2.3894124 -0.2240683 6.9843860 0.0240944 0.2868626 0.0097005 0.9576195
19.802840 2.4233413 -0.2265829 7.0361142 0.0239874 0.2888688 0.0096660 0.9570193
20.010030 2.4920444 -0.2329296 7.1394897 0.0223935 0.2936763 0.0101496 0.9555887
20.113650 2.5266600 -0.2354245 7.1908541 0.0223029 0.2958668 0.0091691 0.9549248
20.320880 2.5972290 -0.2416078 7.2944098 0.0218072 0.3007435 0.0102929 0.9534002
20.424500 2.6336637 -0.2443187 7.3461623 0.0212736 0.3029047 0.0104456 0.9527261
20.528120 2.6705403 -0.2468654 7.3988314 0.0212179 0.3049939 0.0098937 0.9520665
20.631730 2.7081203 -0.2497042 7.4507513 0.0208125 0.3065249 0.0102407 0.9515800
20.735350 2.7464542 -0.2524921 7.5037694 0.0204117 0.3079427 0.0105311 0.9511276
20.838960 2.7849936 -0.2551400 7.5568576 0.0204830 0.3093389 0.0092909 0.9506859
20.942580 2.8236609 -0.2580400 7.6103897 0.0206424 0.3111027 0.0072031 0.9501248
21.046320 2.8628895 -0.2608601 7.6634827 0.0209668 0.3124614 0.0054992 0.9496831
21.149940 2.9028950 -0.2638625 7.7163358 0.0199293 0.3134344 0.0052573 0.9493862
21.253550 2.9421303 -0.2669366 7.7686615 0.0193506 0.3147457 0.0065091 0.9489564
21.357170 2.9810898 -0.2696193 7.8205948 0.0197693 0.3160306 0.0060816 0.9485235
21.564620 3.0595555 -0.2753983 7.9245586 0.0178823 0.3187197 0.0052435 0.9476658
21.668140 3.0990684 -0.2781256 7.9761324 0.0168338 0.3200316 0.0047943 0.9472452
21.875360 3.1743813 -0.2827562 8.0753975 0.0168814 0.3237627 0.0040587 0.9459790
22.082650 3.2454190 -0.2875817 8.1690617 0.0159011 0.3279688 0.0038248 0.9445470
22.186210 3.2803416 -0.2899128 8.2143774 0.0154266 0.3302347 0.0021005 0.9437704
22.393570 3.3517146 -0.2949739 8.3060122 0.0184535 0.3347794 -0.0080659 0.9420813
22.600850 3.4228039 -0.3008538 8.3939772 0.0217236 0.3377313 0.0000103 0.9409919
22.704440 3.4588003 -0.3032965 8.4387684 0.0165848 0.3396211 0.0014163 0.9404150
22.911770 3.5315621 -0.3068846 8.5271244 0.0086701 0.3442152 -0.0021735 0.9388483
23.119010 3.6026409 -0.3105011 8.6119566 0.0104345 0.3480408 0.0000300 0.9374213
23.326370 3.6739902 -0.3142548 8.6954641 0.0146192 0.3519165 0.0011239 0.9359165
23.533710 3.7471471 -0.3182462 8.7796364 0.0142511 0.3564781 0.0016921 0.9341934
23.741080 3.8216991 -0.3220179 8.8632889 0.0138533 0.3603419 0.0019366 0.9327154
23.948430 3.8961990 -0.3256072 8.9453344 0.0139816 0.3629955 0.0023904 0.9316829
24.155650 3.9630270 -0.3274418 9.0124826 0.0126248 0.3657902 0.0034382 0.9306054
24.363000 3.9778740 -0.3288580 9.0387573 0.0115327 0.3727063 0.0024304 0.9278745
24.570240 3.9869473 -0.3272362 9.0605497 0.0131784 0.3802932 -0.0029451 0.9247674
24.777590 3.9918182 -0.3266093 9.0788498 0.0130731 0.3884589 -0.0066074 0.9213496
24.984880 3.9980664 -0.3252512 9.1019917 0.0138584 0.3986769 -0.0107872 0.9169233
25.191950 4.0045309 -0.3251846 9.1231461 0.0125442 0.4071627 -0.0077787 0.9132364
25.399160 4.0111074 -0.3278127 9.1409321 0.0083964 0.4128046 -0.0007802 0.9107805
25.606390 4.0210228 -0.3285893 9.1508207 0.0094084 0.4120676 -0.0070794 0.9110772
25.813620 4.0236650 -0.3294686 9.1590939 0.0084472 0.4131827 -0.0106369 0.9105468
26.020850 4.0276504 -0.3291862 9.1656208 0.0094178 0.4115429 -0.0088100 0.9112992
26.435440 4.0316868 -0.3299380 9.1669083 0.0047797 0.4070479 -0.0214089 0.9131434
26.642670 4.0337715 -0.3297766 9.1652021 0.0048343 0.4036961 -0.0205325 0.9146500
26.849920 4.0357985 -0.3298100 9.1667118 0.0032162 0.4020727 -0.0195223 0.9153939
27.057260 4.0379934 -0.3299514 9.1687317 0.0035681 0.4010930 -0.0225834 0.9157520
27.368230 4.0410366 -0.3298406 9.1700630 0.0045578 0.3979537 -0.0202228 0.9171712
27.679200 4.0442619 -0.3299118 9.1720934 0.0038917 0.3955227 -0.0197422 0.9182358
28.301020 4.0493565 -0.3300456 9.1756630 0.0032562 0.3931319 -0.0204046 0.9192499
28.611870 4.0520902 -0.3300582 9.1774454 0.0036435 0.3928922 -0.0205084 0.9193486
28.922840 4.0544987 -0.3300868 9.1791267 0.0019562 0.3930041 -0.0208309 0.9192986
29.233840 4.0571928 -0.3301181 9.1807814 0.0026175 0.3922094 -0.0203620 0.9196469
29.855620 4.0625815 -0.3301523 9.1838503 0.0016285 0.3901067 -0.0199486 0.9205521
31.513850 4.0779400 -0.3299180 9.1909380 0.0025476 0.3851146 -0.0178612 0.9226924
31.928570 4.0821047 -0.3302510 9.1940975 0.0012609 0.3840484 -0.0177500 0.9231415
32.239540 4.0853853 -0.3303718 9.1961975 0.0008176 0.3825395 -0.0173354 0.9237761
32.654370 4.0896144 -0.3305414 9.1987972 0.0003296 0.3806537 -0.0188685 0.9245251
32.965700 4.0929246 -0.3306611 9.2006388 -0.0002031 0.3782177 -0.0178596 0.9255443
33.276450 4.0961227 -0.3308111 9.2024403 0.0001061 0.3762132 -0.0183316 0.9263518
33.587620 4.0991869 -0.3309400 9.2040033 -0.0007627 0.3739690 -0.0181596 0.9272631
34.002380 4.1032858 -0.3312571 9.2103996 -0.0014615 0.3751631 -0.0195510 0.9267514
34.417100 4.1070538 -0.3313462 9.2134981 0.0001626 0.3747928 -0.0197833 0.9268975
34.831800 4.1109738 -0.3314209 9.2166023 -0.0009775 0.3737946 -0.0183047 0.9273304
35.142780 4.1135602 -0.3314440 9.2187462 -0.0003307 0.3730074 -0.0189310 0.9276351
35.557430 4.1170573 -0.3314792 9.2215052 -0.0003531 0.3720348 -0.0188400 0.9280275
35.972070 4.1200380 -0.3314897 9.2239361 -0.0000681 0.3703831 -0.0184509 0.9286958
36.386840 4.1220517 -0.3315863 9.2259150 -0.0004684 0.3689853 -0.0181036 0.9292588
36.801500 4.1231251 -0.3315986 9.2275877 -0.0001796 0.3683052 -0.0191798 0.9295071
37.216330 4.1246705 -0.3316955 9.2293692 -0.0004427 0.3682424 -0.0200984 0.9295124
37.631050 4.1261358 -0.3317723 9.2310047 -0.0008356 0.3690079 -0.0211900 0.9291843
38.045630 4.1276045 -0.3318344 9.2324171 -0.0011566 0.3696365 -0.0210544 0.9289371
38.460100 4.1289797 -0.3318866 9.2337580 -0.0002821 0.3688076 -0.0192935 0.9293054
38.874760 4.1304412 -0.3319494 9.2351637 0.0002317 0.3678806 -0.0202901 0.9296516
39.392880 4.1322813 -0.3319737 9.2369232 -0.0002394 0.3660384 -0.0186628 0.9304125
39.807600 4.1336031 -0.3319964 9.2382841 0.0011144 0.3645946 -0.0193338 0.9309649
40.222330 4.1349902 -0.3320469 9.2396927 0.0006921 0.3629990 -0.0208536 0.9315559
40.637020 4.1363611 -0.3320974 9.2411270 0.0012114 0.3623067 -0.0197978 0.9318479
41.155220 4.1381130 -0.3321616 9.2428446 0.0011123 0.3617653 -0.0192655 0.9320695
41.673550 4.1398220 -0.3322017 9.2445345 0.0041561 0.3595439 -0.0184534 0.9329364
42.088380 4.1409016 -0.3322445 9.2457733 0.0030450 0.3576939 -0.0190978 0.9336386
42.502970 4.1419020 -0.3322899 9.2469978 0.0035528 0.3562455 -0.0202857 0.9341654
42.917430 4.1430235 -0.3323428 9.2482615 0.0021112 0.3565315 -0.0215787 0.9340317
43.435640 4.1442537 -0.3323920 9.2497511 0.0026429 0.3580990 -0.0211041 0.9334413
43.850090 4.1446218 -0.3323498 9.2506037 0.0039971 0.3595742 -0.0232837 0.9328174
44.368290 4.1455011 -0.3323719 9.2517643 0.0038895 0.3583420 -0.0222136 0.9333180
44.886500 4.1459494 -0.3323480 9.2527142 0.0035816 0.3557134 -0.0215621 0.9343395
45.300980 4.1465483 -0.3323799 9.2535963 0.0027078 0.3542523 -0.0226384 0.9348719
45.715670 4.1470513 -0.3324163 9.2544384 0.0011889 0.3541173 -0.0218210 0.9349456
46.130280 4.1475263 -0.3324371 9.2553177 0.0009374 0.3550238 -0.0240474 0.9345474
46.648340 4.1483116 -0.3325003 9.2564268 0.0002424 0.3542201 -0.0227809 0.9348845
47.166550 4.1484833 -0.3325469 9.2575645 -0.0006517 0.3550054 -0.0212267 0.9346230
47.684770 4.1485624 -0.3325973 9.2587738 -0.0020819 0.3547127 -0.0181607 0.9347966
48.514170 4.1493349 -0.3327045 9.2607479 -0.0032586 0.3527358 -0.0172688 0.9355579
49.032370 4.1500130 -0.3327842 9.2620564 -0.0040173 0.3523585 -0.0177345 0.9356884
52.141830 4.1520777 -0.3331097 9.2704439 -0.0092976 0.3602205 -0.0109092 0.9327571
52.556660 4.1516047 -0.3331336 9.2717457 -0.0095219 0.3658554 -0.0125126 0.9305389
53.074870 4.1505637 -0.3331576 9.2736712 -0.0087050 0.3747375 -0.0081870 0.9270539
53.593090 4.1512070 -0.3332521 9.2753048 -0.0096610 0.3756718 -0.0072360 0.9266741
54.629720 4.1532335 -0.3333916 9.2786636 -0.0086098 0.3756657 -0.0036210 0.9267082
55.044310 4.1539049 -0.3334737 9.2801313 -0.0107495 0.3762423 -0.0061202 0.9264387
55.562540 4.1545014 -0.3335622 9.2820005 -0.0110544 0.3766972 -0.0057342 0.9262528
55.977290 4.1558132 -0.3336328 9.2833424 -0.0092934 0.3728848 -0.0050342 0.9278175
56.391700 4.1566687 -0.3336943 9.2847862 -0.0167805 0.3720647 -0.0064925 0.9280324
57.013380 4.1591387 -0.3336646 9.2865658 -0.0150676 0.3639379 -0.0077704 0.9312689
57.324230 4.1603451 -0.3337649 9.2874050 -0.0174034 0.3591719 -0.0058695 0.9330907
57.945800 4.1627855 -0.3338123 9.2892580 -0.0161169 0.3471051 -0.0030392 0.9376828
58.464000 4.1648216 -0.3339100 9.2909222 -0.0159239 0.3370526 -0.0000075 0.9413511
58.774970 4.1660290 -0.3338876 9.2919445 -0.0169540 0.3308750 0.0008969 0.9435219
58.982460 4.1668448 -0.3339071 9.2926331 -0.0178652 0.3265140 0.0012131 0.9450227
59.397170 4.1684308 -0.3339099 9.2940865 -0.0172218 0.3184045 0.0016129 0.9477971
59.604650 4.1692657 -0.3339053 9.2947741 -0.0155556 0.3128704 0.0014757 0.9496673
59.812000 4.1700439 -0.3339271 9.2955055 -0.0152579 0.3082635 0.0017046 0.9511771
60.123100 4.1711788 -0.3338473 9.2966156 -0.0141865 0.3015139 0.0015280 0.9533550
60.434070 4.1722746 -0.3337859 9.2977686 -0.0143042 0.2957946 -0.0004249 0.9551443
60.641430 4.1729369 -0.3337478 9.2985487 -0.0144347 0.2933067 -0.0012340 0.9559086
60.952400 4.1739435 -0.3337041 9.2997150 -0.0137165 0.2888544 -0.0005983 0.9572746
61.159760 4.1746106 -0.3337133 9.3005104 -0.0124993 0.2858544 0.0005645 0.9581914
61.366980 4.1753025 -0.3337213 9.3013105 -0.0137673 0.2823131 0.0017463 0.9592219
61.677850 4.1764169 -0.3336840 9.3024778 -0.0106233 0.2740422 0.0019515 0.9616570
61.885240 4.1770010 -0.3336548 9.3033037 -0.0113941 0.2707547 0.0026050 0.9625774
62.092420 4.1775846 -0.3336347 9.3041401 -0.0134761 0.2674784 0.0030766 0.9634647
62.300010 4.1781578 -0.3336221 9.3049793 -0.0123248 0.2641434 0.0026921 0.9644009
62.507020 4.1787486 -0.3336191 9.3058538 -0.0117567 0.2601384 0.0032045 0.9654945
62.714120 4.1793232 -0.3336276 9.3067064 -0.0111956 0.2554268 0.0041484 0.9667547
63.024960 4.1801844 -0.3336036 9.3080330 -0.0105646 0.2481968 0.0046608 0.9686408
63.232210 4.1804037 -0.3335807 9.3084154 -0.0100215 0.2470372 0.0033040 0.9689485
63.542910 4.1805124 -0.3335701 9.3086910 -0.0108227 0.2473236 0.0031184 0.9688675
63.750030 4.1807070 -0.3335754 9.3089762 -0.0096753 0.2448549 0.0039525 0.9695034
64.060730 4.1808991 -0.3335750 9.3093567 -0.0077036 0.2424656 0.0039634 0.9701213
64.371580 4.1811051 -0.3335723 9.3097534 -0.0077879 0.2413917 0.0026268 0.9703929
64.682580 4.1813130 -0.3335704 9.3101482 -0.0061979 0.2407613 0.0017994 0.9705629
64.993150 4.1815176 -0.3335688 9.3105421 -0.0065152 0.2399969 0.0023140 0.9707490
65.407740 4.1817837 -0.3335657 9.3110561 -0.0089022 0.2391611 0.0024087 0.9709361
65.822450 4.1820326 -0.3335614 9.3115549 -0.0015459 0.2384811 -0.0000428 0.9711459
66.444520 4.1823988 -0.3335794 9.3122959 -0.0063017 0.2376589 0.0030520 0.9713234
66.755490 4.1825819 -0.3335806 9.3126736 -0.0054559 0.2374939 0.0029748 0.9713691
67.066340 4.1827683 -0.3335830 9.3130522 -0.0047634 0.2371750 0.0038741 0.9714475
67.377190 4.1829739 -0.3335842 9.3134441 -0.0047961 0.2365339 0.0044931 0.9716010
67.687910 4.1831646 -0.3335834 9.3138294 -0.0027155 0.2365151 0.0036108 0.9716173
67.998740 4.1833563 -0.3335877 9.3142109 -0.0038790 0.2362585 0.0040181 0.9716742
68.309500 4.1835485 -0.3335889 9.3145943 -0.0029398 0.2358441 0.0043945 0.9717765
68.723700 4.1838074 -0.3335927 9.3151112 -0.0003072 0.2357930 0.0021922 0.9718008
69.034420 4.1840048 -0.3335967 9.3154964 -0.0018173 0.2354165 0.0033323 0.9718872
69.345250 4.1842079 -0.3336034 9.3159065 -0.0001222 0.2356337 0.0019319 0.9718400
69.656100 4.1844039 -0.3336078 9.3162947 0.0002382 0.2360602 0.0014005 0.9717374
69.863330 4.1843762 -0.3336090 9.3162689 -0.0003903 0.2362704 0.0017813 0.9716856
70.277680 4.1844778 -0.3336160 9.3165169 -0.0003392 0.2376618 0.0012203 0.9713472
70.588760 4.1844072 -0.3336272 9.3165102 0.0001385 0.2407762 0.0025379 0.9705774
70.899760 4.1844702 -0.3336304 9.3166485 0.0016530 0.2417888 0.0025923 0.9703240
71.314340 4.1845393 -0.3336347 9.3167982 0.0011960 0.2428809 0.0008073 0.9700550
71.625410 4.1845951 -0.3336361 9.3169184 0.0011298 0.2437518 0.0006799 0.9698368
71.936530 4.1846614 -0.3336390 9.3170528 0.0015963 0.2453790 0.0015221 0.9694247
72.247600 4.1847215 -0.3336409 9.3171740 0.0032321 0.2459184 0.0006851 0.9692849
72.558610 4.1847844 -0.3336439 9.3172979 0.0036680 0.2471825 0.0004833 0.9689619
72.869690 4.1848459 -0.3336458 9.3174200 0.0050486 0.2487632 -0.0004527 0.9685511
73.180810 4.1849074 -0.3336493 9.3175430 0.0063435 0.2505359 -0.0000900 0.9680865
73.491740 4.1849685 -0.3336516 9.3176460 0.0054915 0.2507293 -0.0014140 0.9680406
73.802720 4.1850338 -0.3336535 9.3177738 0.0072342 0.2530231 -0.0001261 0.9674332
74.217430 4.1851244 -0.3336571 9.3179502 0.0082773 0.2565171 0.0025231 0.9665009
74.424700 4.1851625 -0.3336591 9.3180199 0.0085467 0.2574789 0.0028830 0.9662418
74.735780 4.1852164 -0.3336613 9.3181124 0.0095530 0.2576440 0.0026535 0.9661890
74.942980 4.1852541 -0.3336640 9.3181839 0.0093195 0.2589312 0.0026290 0.9658472
75.253960 4.1853118 -0.3336681 9.3182907 0.0080053 0.2615142 0.0021751 0.9651640
75.461430 4.1853509 -0.3336702 9.3183603 0.0074811 0.2631771 0.0025644 0.9647151
75.668790 4.1853895 -0.3336722 9.3184299 0.0078711 0.2650219 0.0021886 0.9642078
75.876160 4.1854291 -0.3336738 9.3184977 0.0076640 0.2666106 0.0025308 0.9637705
76.083250 4.1854696 -0.3336743 9.3185635 0.0099460 0.2676021 0.0033709 0.9634722
76.290480 4.1855125 -0.3336742 9.3186245 0.0106826 0.2674264 0.0057113 0.9635021
77.015550 4.1855216 -0.3336825 9.3185797 0.0057023 0.2536782 0.0041235 0.9672631
77.637240 4.1855550 -0.3336847 9.3186369 0.0061071 0.2509343 0.0038003 0.9679774
78.259190 4.1855893 -0.3336866 9.3186998 0.0057861 0.2487021 0.0042609 0.9685534
78.570050 4.1856041 -0.3336871 9.3187227 0.0040048 0.2483373 0.0030919 0.9686604
78.984610 4.1856251 -0.3336884 9.3187647 0.0037058 0.2500258 0.0028386 0.9682279
79.295580 4.1856403 -0.3336887 9.3187914 0.0032865 0.2508668 0.0026810 0.9680123
79.710070 4.1856613 -0.3336894 9.3188267 0.0039521 0.2518425 0.0033025 0.9677545
80.124630 4.1856837 -0.3336901 9.3188648 0.0022912 0.2556843 0.0023646 0.9667547
82.715890 4.1858330 -0.3336923 9.3190842 0.0034288 0.2695376 0.0030610 0.9629789
83.026880 4.1858449 -0.3336923 9.3191128 0.0004635 0.2683417 0.0050070 0.9633107
83.337860 4.1858611 -0.3336926 9.3191385 0.0011516 0.2651622 0.0040832 0.9641945
83.648840 4.1858768 -0.3336932 9.3191633 0.0043806 0.2604141 0.0064825 0.9654653
83.960030 4.1858921 -0.3336934 9.3191891 0.0009524 0.2560952 0.0060230 0.9666323
84.271000 4.1859069 -0.3336939 9.3192139 0.0010279 0.2530356 0.0075439 0.9674270
84.582130 4.1859207 -0.3336942 9.3192406 0.0005313 0.2519661 0.0045561 0.9677252
84.893170 4.1859355 -0.3336945 9.3192673 -0.0003125 0.2513319 0.0035410 0.9678944
85.204070 4.1859498 -0.3336950 9.3192921 -0.0001767 0.2511316 0.0037642 0.9679456
85.515020 4.1859636 -0.3336954 9.3193169 -0.0002549 0.2506249 0.0047015 0.9680728
85.826500 4.1859784 -0.3336958 9.3193436 -0.0011513 0.2494035 0.0058211 0.9683815
86.137390 4.1859927 -0.3336960 9.3193684 -0.0021645 0.2474330 0.0059079 0.9688846
87.278320 4.1860428 -0.3336964 9.3194609 -0.0041978 0.2382315 0.0050669 0.9711861
87.588960 4.1860552 -0.3336970 9.3194876 -0.0030586 0.2374717 0.0067690 0.9713660
89.144560 4.1861181 -0.3336974 9.3196058 -0.0080018 0.2418568 0.0078171 0.9702474
89.455530 4.1861305 -0.3336972 9.3196287 -0.0066904 0.2430710 0.0127755 0.9699013
89.766510 4.1861420 -0.3336970 9.3196507 -0.0051122 0.2449307 0.0173767 0.9693714
90.077600 4.1861534 -0.3336968 9.3196716 -0.0039755 0.2477994 0.0211920 0.9685714
90.388820 4.1861634 -0.3336965 9.3196926 -0.0029220 0.2515347 0.0255523 0.9675065
90.699910 4.1861739 -0.3336963 9.3197136 -0.0028717 0.2588721 0.0274685 0.9655167
91.011010 4.1861839 -0.3336957 9.3197308 -0.0026750 0.2707493 0.0280317 0.9622380
91.322130 4.1861963 -0.3336946 9.3197498 -0.0013985 0.2898788 0.0267337 0.9566889
91.633230 4.1862073 -0.3336938 9.3197670 -0.0006173 0.3136247 0.0297800 0.9490797
91.944420 4.1862211 -0.3336927 9.3197832 0.0010232 0.3391712 0.0316107 0.9401929
93.189210 4.1862793 -0.3336920 9.3198366 -0.0031717 0.4702082 0.0372273 0.8817644
93.500280 4.1862969 -0.3336920 9.3198471 -0.0019342 0.5052060 0.0364375 0.8622271
93.811380 4.1863155 -0.3336914 9.3198566 -0.0026458 0.5410923 0.0376820 0.8401144
94.122480 4.1863346 -0.3336907 9.3198643 -0.0010929 0.5769207 0.0377671 0.8159258
94.329830 4.1863470 -0.3336905 9.3198690 -0.0028030 0.6001195 0.0385831 0.7989744
94.640800 4.1863675 -0.3336898 9.3198738 -0.0031963 0.6334911 0.0372911 0.7728443
94.848290 4.1863799 -0.3336894 9.3198757 -0.0034393 0.6544620 0.0380721 0.7551279
96.092540 4.1864600 -0.3336857 9.3198757 -0.0000212 0.7655176 0.0368750 0.6423574
96.299770 4.1864767 -0.3336839 9.3198786 0.0009158 0.7856113 0.0352020 0.6177174
97.129320 4.1865330 -0.3336796 9.3198633 0.0013117 0.8516598 0.0347422 0.5229406
97.440420 4.1865520 -0.3336785 9.3198528 0.0012924 0.8742718 0.0335582 0.4842737
97.751640 4.1865702 -0.3336772 9.3198395 0.0017478 0.8950505 0.0331594 0.4447269
98.373830 4.1866026 -0.3336751 9.3198109 0.0020749 0.9310197 0.0322928 0.3635317
98.788420 4.1866217 -0.3336738 9.3197870 0.0027828 0.9511360 0.0308193 0.3072177
98.892150 4.1866255 -0.3336735 9.3197803 0.0032084 0.9555634 0.0300598 0.2932314
98.995770 4.1866302 -0.3336732 9.3197746 0.0031715 0.9597193 0.0299070 0.2793463
99.825070 4.1866570 -0.3336705 9.3197193 0.0050250 0.9841987 0.0290806 0.1745908
99.928690 4.1866598 -0.3336703 9.3197126 0.0043681 0.9862734 0.0287228 0.1625446
100.032400 4.1866627 -0.3336699 9.3197050 0.0045132 0.9881291 0.0296688 0.1506663
100.136200 4.1866646 -0.3336695 9.3196964 0.0033414 0.9898324 0.0296952 0.1390644
100.447100 4.1866703 -0.3336684 9.3196745 0.0041394 0.9938517 0.0284750 0.1069146
100.550800 4.1866722 -0.3336681 9.3196659 0.0052105 0.9947946 0.0288282 0.0975983
100.654400 4.1866736 -0.3336677 9.3196583 0.0055888 0.9955984 0.0288135 0.0890081
100.758000 4.1866751 -0.3336673 9.3196497 0.0063888 0.9962812 0.0281245 0.0811910
100.965200 4.1866779 -0.3336665 9.3196325 0.0084768 0.9973677 0.0266580 0.0668959
101.068800 4.1866789 -0.3336661 9.3196239 0.0091690 0.9977804 0.0266838 0.0603168
101.172400 4.1866798 -0.3336658 9.3196173 0.0094984 0.9981349 0.0264761 0.0541803
101.379800 4.1866813 -0.3336651 9.3196011 0.0092272 0.9986909 0.0261851 0.0429619
101.587000 4.1866827 -0.3336644 9.3195848 0.0091164 0.9990199 0.0271979 0.0337099
101.794300 4.1866832 -0.3336637 9.3195677 0.0102626 0.9991860 0.0274222 0.0277493
102.001600 4.1866846 -0.3336632 9.3195524 0.0102831 0.9993023 0.0280148 0.0224576
102.208900 4.1866846 -0.3336623 9.3195362 0.0100145 0.9993901 0.0281404 0.0180888
102.416200 4.1866865 -0.3336618 9.3195162 0.0093704 0.9994426 0.0286292 0.0143884
102.623600 4.1866879 -0.3336608 9.3194990 0.0097996 0.9994905 0.0279103 0.0119903
102.830900 4.1866889 -0.3336599 9.3194818 0.0102289 0.9995145 0.0277125 0.0099037
103.038300 4.1866889 -0.3336594 9.3194628 0.0104697 0.9995193 0.0277693 0.0089692
103.245700 4.1866894 -0.3336586 9.3194447 0.0102861 0.9995047 0.0286913 0.0078328
103.453000 4.1866894 -0.3336577 9.3194275 0.0101567 0.9994993 0.0292312 0.0066052
103.660300 4.1866899 -0.3336569 9.3194103 0.0097395 0.9995291 0.0286115 0.0053042
103.867700 4.1866903 -0.3336560 9.3193913 0.0092296 0.9995131 0.0295232 0.0040981
104.075100 4.1866908 -0.3336553 9.3193741 0.0085109 0.9995500 0.0286364 0.0027007
104.282300 4.1866908 -0.3336546 9.3193569 0.0084201 0.9996098 0.0266110 0.0010683
104.489800 4.1866918 -0.3336539 9.3193398 0.0090205 0.9996228 0.0259169 -0.0011179
104.697300 4.1866913 -0.3336532 9.3193226 0.0087269 0.9995909 0.0266360 -0.0056949
105.008400 4.1866913 -0.3336525 9.3192978 0.0068392 0.9994647 0.0265845 -0.0178004
105.215900 4.1866913 -0.3336520 9.3192816 0.0066973 0.9991904 0.0269728 -0.0290898
105.423200 4.1866899 -0.3336514 9.3192644 0.0053794 0.9986576 0.0271710 -0.0437703
105.630700 4.1866884 -0.3336508 9.3192492 0.0051965 0.9977871 0.0254913 -0.0611883
105.941900 4.1866851 -0.3336501 9.3192253 0.0053315 0.9954230 0.0236497 -0.0924416
106.253100 4.1866798 -0.3336495 9.3192034 0.0054221 0.9912928 0.0229208 -0.1295520
106.460800 4.1866755 -0.3336491 9.3191881 0.0064804 0.9872413 0.0212332 -0.1576765
106.771900 4.1866674 -0.3336486 9.3191671 0.0091747 0.9792127 0.0187468 -0.2017595
107.083200 4.1866570 -0.3336479 9.3191452 0.0102405 0.9679660 0.0192198 -0.2501352
107.498000 4.1866412 -0.3336473 9.3191204 0.0095299 0.9480266 0.0159405 -0.3176486
107.912800 4.1866217 -0.3336469 9.3190975 0.0097915 0.9226899 0.0153561 -0.3851125
108.223900 4.1866050 -0.3336462 9.3190832 0.0084207 0.9008251 0.0111787 -0.4339565
108.534900 4.1865931 -0.3336452 9.3190708 0.0083995 0.8755684 0.0077055 -0.4829597
108.845900 4.1865683 -0.3336449 9.3190584 -0.0073293 -0.8498802 -0.0016794 0.5269224
109.364400 4.1865311 -0.3336454 9.3190432 -0.0093272 -0.8068168 0.0028372 0.5907214
109.467900 4.1865225 -0.3336454 9.3190413 -0.0088970 -0.7977032 0.0054409 0.6029601
109.571600 4.1865158 -0.3336454 9.3190393 -0.0084063 -0.7880772 0.0050288 0.6154984
109.675300 4.1865082 -0.3336454 9.3190374 -0.0092019 -0.7782111 0.0038265 0.6279237
109.779100 4.1865001 -0.3336454 9.3190355 -0.0081899 -0.7672727 0.0015918 0.6412667
109.882700 4.1864929 -0.3336454 9.3190346 -0.0055080 -0.7558650 0.0047876 0.6546869
109.986400 4.1864853 -0.3336456 9.3190336 -0.0003814 -0.7444190 0.0081234 0.6676632
110.193900 4.1864696 -0.3336459 9.3190317 -0.0007749 -0.7219241 0.0084503 0.6919203
110.816200 4.1864228 -0.3336470 9.3190355 0.0006261 -0.6495223 0.0136819 0.7602192
111.023600 4.1864080 -0.3336473 9.3190384 0.0022646 -0.6242776 0.0126196 0.7810974
111.334700 4.1863918 -0.3336489 9.3190451 0.0043200 -0.5860839 0.0110535 0.8101634
111.542000 4.1863761 -0.3336495 9.3190517 0.0042620 -0.5631618 0.0109693 0.8262628
111.749400 4.1863670 -0.3336506 9.3190622 0.0028995 -0.5440001 0.0095128 0.8390263
111.956600 4.1863565 -0.3336516 9.3190699 0.0034449 -0.5259045 0.0100514 0.8504773
112.163800 4.1863494 -0.3336529 9.3190832 0.0033087 -0.5148574 0.0112427 0.8571957
112.370900 4.1863432 -0.3336543 9.3190947 0.0005467 -0.5048806 0.0091319 0.8631407
112.578200 4.1863422 -0.3336539 9.3190918 0.0018500 -0.4909197 0.0087972 0.8711584
112.785600 4.1863413 -0.3336540 9.3190956 0.0012694 -0.4833286 0.0090186 0.8753917
112.992400 4.1863389 -0.3336548 9.3190985 0.0000690 -0.4802179 0.0061769 0.8771275
113.199600 4.1863365 -0.3336555 9.3191013 -0.0011538 -0.4788753 0.0031760 0.8778764
113.407300 4.1863337 -0.3336562 9.3191061 -0.0042324 -0.4779071 0.0003449 0.8784001
113.614200 4.1863322 -0.3336568 9.3191099 -0.0049776 -0.4766495 -0.0006988 0.8790790
113.823800 4.1863294 -0.3336578 9.3191137 -0.0052310 -0.4761503 -0.0029255 0.8793435
114.028800 4.1863260 -0.3336585 9.3191175 -0.0085313 -0.4757376 -0.0055061 0.8795286
