0.000000 0.0000000 0.0000000 0.0000000 0.0000000 0.0000000 0.0000000 1.0000000
0.104128 -0.0001718 -0.0008382 0.0497564 -0.0008685 -0.0001099 0.0003320 0.9999996
0.208254 -0.0002412 -0.0015726 0.0994454 -0.0008809 -0.0003435 0.0008523 0.9999992
0.312504 -0.0004487 -0.0023454 0.1490481 -0.0004041 -0.0003536 0.0016390 0.9999985
0.416625 -0.0005678 -0.0031469 0.1982949 -0.0004794 -0.0003563 0.0018812 0.9999980
0.520755 -0.0005969 -0.0039961 0.2484488 -0.0009363 -0.0004126 0.0020335 0.9999974
0.625004 -0.0010170 -0.0047218 0.2985371 -0.0015719 -0.0001790 0.0027518 0.9999949
0.729128 -0.0012909 -0.0053360 0.3487529 -0.0017139 -0.0002679 0.0024286 0.9999955
0.833252 -0.0015724 -0.0061549 0.3990499 -0.0009059 -0.0003939 0.0020818 0.9999973
0.937506 -0.0019683 -0.0068653 0.4491666 0.0002108 -0.0004189 0.0007131 0.9999996
1.041630 -0.0024315 -0.0076924 0.4993672 0.0006826 -0.0003567 -0.0009512 0.9999992
1.250003 -0.0030883 -0.0092470 0.6011530 0.0003853 -0.0002407 -0.0029140 0.9999956
1.458401 -0.0029294 -0.0107814 0.7034996 -0.0019235 -0.0001025 0.0005790 0.9999980
1.666754 -0.0030690 -0.0123193 0.8056294 0.0001927 -0.0003136 0.0021895 0.9999976
1.875129 -0.0038848 -0.0139466 0.9081680 0.0000138 0.0004124 -0.0001476 0.9999999
2.083502 -0.0039753 -0.0152982 1.0121154 -0.0028645 0.0008158 0.0008949 0.9999952
2.291881 -0.0037343 -0.0166826 1.1164706 -0.0008731 0.0004807 0.0033725 0.9999938
2.500257 -0.0044094 -0.0181192 1.2203984 0.0008663 0.0011650 0.0018776 0.9999972
2.812757 -0.0045128 -0.0209994 1.3777239 0.0011374 0.0012419 0.0007698 0.9999983
3.021006 -0.0054059 -0.0228774 1.4831221 0.0001490 0.0012390 -0.0011154 0.9999986
3.229379 -0.0062388 -0.0243481 1.5895357 0.0002426 0.0013950 -0.0034468 0.9999930
3.437629 -0.0067361 -0.0264007 1.6956571 0.0000960 0.0011074 -0.0035415 0.9999931
3.645880 -0.0064113 -0.0280977 1.8018444 0.0002645 0.0000477 -0.0025302 0.9999968
3.854131 -0.0072629 -0.0298365 1.9090321 -0.0000829 -0.0009221 -0.0028775 0.9999954
4.062383 -0.0082871 -0.0312458 2.0168428 -0.0005383 -0.0018677 -0.0031239 0.9999932
4.270633 -0.0092835 -0.0330448 2.1250393 -0.0011843 -0.0026048 -0.0015325 0.9999948
4.478884 -0.0102551 -0.0346323 2.2321174 -0.0010543 -0.0028610 0.0005350 0.9999952
4.687259 -0.0111634 -0.0358279 2.3404076 -0.0016077 -0.0024387 0.0017563 0.9999942
4.895505 -0.0118727 -0.0375835 2.4471958 -0.0010526 -0.0020462 0.0038325 0.9999900
5.103758 -0.0126264 -0.0391699 2.5534141 -0.0007008 -0.0014511 0.0027619 0.9999949
5.311998 -0.0138054 -0.0408136 2.6598225 -0.0020095 -0.0008772 -0.0005924 0.9999974
5.520244 -0.0160004 -0.0428186 2.7646348 -0.0021357 0.0000177 -0.0049981 0.9999852
5.728633 -0.0155244 -0.0442520 2.8666277 -0.0017047 0.0006016 -0.0075846 0.9999696
5.936757 -0.0173110 -0.0461866 2.9720798 -0.0017471 0.0010516 -0.0071848 0.9999721
6.145012 -0.0168348 -0.0476969 3.0750732 -0.0013675 0.0005399 -0.0060385 0.9999807
6.353135 -0.0177398 -0.0493345 3.1788878 -0.0012470 0.0001620 -0.0057080 0.9999829
6.561386 -0.0186949 -0.0506104 3.2810154 -0.0016830 -0.0005819 -0.0054836 0.9999834
6.769636 -0.0188939 -0.0522697 3.3839078 -0.0023865 -0.0019066 -0.0034655 0.9999893
6.977759 -0.0198260 -0.0541441 3.4854968 -0.0023958 -0.0025441 -0.0015170 0.9999927
7.186013 -0.0203992 -0.0553167 3.5870438 -0.0017460 -0.0028683 -0.0010946 0.9999937
7.394135 -0.0214878 -0.0571873 3.6880877 -0.0013250 -0.0027825 -0.0010821 0.9999946
7.602386 -0.0227216 -0.0586637 3.7879615 -0.0022068 -0.0025047 -0.0016278 0.9999931
7.810511 -0.0239652 -0.0601378 3.8872452 -0.0021196 -0.0023789 -0.0020852 0.9999927
8.018763 -0.0248954 -0.0616559 3.9866123 -0.0001568 -0.0024696 -0.0020752 0.9999948
8.226883 -0.0256025 -0.0634296 4.0854263 -0.0018571 -0.0020440 0.0002359 0.9999961
8.435138 -0.0262933 -0.0649500 4.1840091 -0.0014134 -0.0012340 0.0015017 0.9999971
8.747509 -0.0277285 -0.0673808 4.3305736 0.0006550 0.0004779 -0.0018012 0.9999980
8.955763 -0.0280053 -0.0688367 4.4292850 -0.0012670 0.0016128 -0.0025348 0.9999947
9.268135 -0.0282400 -0.0709069 4.5775256 -0.0009956 0.0031395 -0.0035284 0.9999884
9.476392 -0.0275617 -0.0727116 4.6754303 -0.0003604 0.0042523 -0.0051551 0.9999776
9.788784 -0.0273685 -0.0751095 4.8239818 -0.0004662 0.0057393 -0.0052351 0.9999697
10.101140 -0.0261967 -0.0775519 4.9712176 -0.0009700 0.0064681 -0.0032521 0.9999733
10.309390 -0.0255625 -0.0788188 5.0694723 -0.0011066 0.0060924 -0.0019607 0.9999789
10.517510 -0.0248281 -0.0807663 5.1678391 -0.0016262 0.0049985 -0.0006519 0.9999860
10.725760 -0.0239158 -0.0822949 5.2658925 -0.0017754 0.0037506 0.0005617 0.9999912
10.934020 -0.0236221 -0.0837536 5.3639898 -0.0013502 0.0026980 0.0005133 0.9999953
11.142270 -0.0234011 -0.0852143 5.4621115 0.0001675 0.0016248 0.0044362 0.9999888
11.350520 -0.0228343 -0.0868131 5.5611620 -0.0017152 0.0004002 0.0113961 0.9999335
11.663020 -0.0229098 -0.0895477 5.7090921 0.0025697 0.0004661 0.0111865 0.9999340
11.975390 -0.0227674 -0.0925497 5.8571754 -0.0004903 0.0015124 0.0154884 0.9998788
12.287890 -0.0222030 -0.0946333 6.0064425 -0.0014208 0.0019032 0.0170515 0.9998518
12.600390 -0.0225845 -0.0974780 6.1568017 0.0002669 0.0033198 0.0117899 0.9999250
12.912790 -0.0226795 -0.1000165 6.3074017 0.0010892 0.0031892 0.0089642 0.9999542
13.225270 -0.0229725 -0.1033638 6.4581647 0.0023970 0.0029439 0.0024388 0.9999898
13.537640 -0.0223477 -0.1058036 6.6101923 0.0000784 0.0027768 0.0021790 0.9999937
13.850020 -0.0223997 -0.1089572 6.7645259 0.0040699 0.0000403 0.0029613 0.9999873
14.162520 -0.0249452 -0.1124839 6.9196410 0.0023451 -0.0000466 -0.0025741 0.9999939
14.474890 -0.0256521 -0.1149340 7.0738897 0.0007512 0.0001185 -0.0016682 0.9999983
14.787290 -0.0251122 -0.1178034 7.2293301 -0.0001591 0.0002936 0.0028418 0.9999959
15.099640 -0.0247472 -0.1203952 7.3845868 0.0012599 0.0007098 0.0053598 0.9999846
15.412140 -0.0261575 -0.1236155 7.5431328 0.0019559 0.0021376 -0.0065889 0.9999741
15.620390 -0.0268647 -0.1252614 7.6490560 0.0007985 0.0025839 -0.0066866 0.9999740
15.932650 -0.0266133 -0.1281880 7.8098950 0.0013294 0.0012252 -0.0040999 0.9999900
16.140900 -0.0270977 -0.1299956 7.9168568 0.0008587 0.0010631 -0.0051584 0.9999858
16.349140 -0.0272480 -0.1321011 8.0249863 0.0015489 0.0006288 -0.0047721 0.9999872
16.557390 -0.0274080 -0.1342916 8.1329279 0.0017024 0.0002949 -0.0043462 0.9999890
16.765650 -0.0281292 -0.1363296 8.2414646 0.0019411 0.0000186 -0.0046406 0.9999874
16.973770 -0.0283157 -0.1387181 8.3516951 0.0021466 -0.0005374 -0.0049335 0.9999854
17.182030 -0.0289451 -0.1409187 8.4613075 0.0021373 -0.0007103 -0.0047991 0.9999859
17.390270 -0.0298883 -0.1432022 8.5712328 0.0021295 -0.0005462 -0.0034451 0.9999917
17.598420 -0.0304697 -0.1454735 8.6816559 0.0017509 -0.0004548 -0.0027253 0.9999946
17.806640 -0.0305590 -0.1482365 8.7918863 0.0018689 -0.0006029 -0.0030780 0.9999933
18.014770 -0.0314791 -0.1498807 8.9037142 0.0007827 0.0000288 -0.0040639 0.9999914
18.223020 -0.0321836 -0.1518425 9.0146265 0.0014081 0.0006567 -0.0040404 0.9999906
18.431150 -0.0325027 -0.1539719 9.1255312 0.0017779 0.0010628 -0.0041930 0.9999890
18.743480 -0.0331604 -0.1571822 9.2939119 0.0010831 0.0007127 -0.0045692 0.9999887
18.951650 -0.0341231 -0.1593334 9.4053307 0.0009445 0.0010777 -0.0057056 0.9999827
19.159650 -0.0349306 -0.1613723 9.5183945 0.0006810 0.0011055 -0.0049418 0.9999869
19.367870 -0.0349633 -0.1630544 9.6316471 0.0000601 0.0009097 -0.0028538 0.9999955
19.575900 -0.0352135 -0.1650013 9.7444191 0.0008767 0.0006060 -0.0012226 0.9999987
19.784020 -0.0352293 -0.1669610 9.8573418 -0.0009325 0.0010662 0.0001103 0.9999990
19.992130 -0.0353936 -0.1687218 9.9704485 -0.0000232 0.0013938 0.0006635 0.9999988
20.200150 -0.0356007 -0.1703357 10.0829735 0.0002002 0.0021226 -0.0006360 0.9999975
20.512310 -0.0367192 -0.1741070 10.2512569 0.0004357 0.0039537 -0.0032882 0.9999867
20.824520 -0.0358392 -0.1762999 10.4195690 0.0010073 0.0051964 -0.0027688 0.9999822
21.032780 -0.0349157 -0.1779130 10.5335426 0.0007600 0.0057336 -0.0026385 0.9999798
21.344920 -0.0334225 -0.1819190 10.7044115 0.0029281 0.0049858 -0.0019811 0.9999813
21.552900 -0.0325949 -0.1843758 10.8180733 0.0033637 0.0042593 -0.0014920 0.9999841
21.761020 -0.0329137 -0.1873744 10.9204302 0.0029379 0.0036609 -0.0016398 0.9999877
21.969150 -0.0321214 -0.1900081 11.0294323 0.0021128 0.0024985 -0.0010674 0.9999941
22.177150 -0.0329833 -0.1919686 11.1379147 0.0014880 0.0029545 -0.0023459 0.9999918
22.385270 -0.0326452 -0.1938392 11.2458172 0.0016708 0.0035847 -0.0018622 0.9999905
22.593280 -0.0326309 -0.1965311 11.3554573 0.0029894 0.0039242 -0.0000711 0.9999878
22.801400 -0.0323367 -0.1991138 11.4667273 0.0038929 0.0027944 -0.0001795 0.9999885
23.009400 -0.0327836 -0.2015952 11.5779915 0.0019096 0.0016008 -0.0011413 0.9999962
23.217420 -0.0323348 -0.2038882 11.6909084 -0.0000406 0.0018004 0.0000657 0.9999984
23.425400 -0.0324719 -0.2055970 11.8026791 0.0006432 0.0020686 0.0011042 0.9999970
23.633550 -0.0327722 -0.2077643 11.9144249 0.0006789 0.0026440 0.0004945 0.9999961
23.841660 -0.0329379 -0.2100188 12.0265188 0.0013261 0.0032334 -0.0004042 0.9999938
24.049650 -0.0325772 -0.2122871 12.1382446 -0.0002502 0.0037245 0.0009947 0.9999925
24.257780 -0.0319693 -0.2143912 12.2500811 0.0004759 0.0036336 0.0005762 0.9999931
24.465780 -0.0316953 -0.2166707 12.3608255 0.0029192 0.0031304 -0.0012317 0.9999900
24.673900 -0.0315062 -0.2191932 12.4721241 0.0008482 0.0022352 -0.0021688 0.9999948
24.882030 -0.0313933 -0.2212788 12.5839157 0.0000884 0.0008973 -0.0028944 0.9999954
25.090170 -0.0319769 -0.2234782 12.6940660 0.0001392 -0.0007660 -0.0018669 0.9999980
25.298280 -0.0326847 -0.2253871 12.8042593 0.0002854 -0.0014399 -0.0011161 0.9999983
25.506530 -0.0333252 -0.2272417 12.9145679 0.0009224 -0.0017159 -0.0007564 0.9999978
25.714650 -0.0344147 -0.2293994 13.0251732 0.0012870 -0.0015469 -0.0001784 0.9999980
25.922780 -0.0352745 -0.2315910 13.1349230 0.0015993 -0.0014426 -0.0000002 0.9999977
26.130900 -0.0358927 -0.2339322 13.2458973 0.0027462 -0.0015942 0.0006290 0.9999948
26.339150 -0.0363141 -0.2362180 13.3556004 0.0013584 -0.0016344 0.0022667 0.9999952
26.547800 -0.0372413 -0.2383734 13.4658279 0.0021342 -0.0014048 0.0019502 0.9999948
26.757930 -0.0382146 -0.2408639 13.5761948 0.0010357 -0.0011634 0.0008597 0.9999984
26.963660 -0.0390676 -0.2429651 13.6879597 0.0016330 -0.0008664 0.0009604 0.9999979
27.171920 -0.0397673 -0.2453566 13.8004398 0.0016857 -0.0007519 0.0005531 0.9999982
27.380140 -0.0405930 -0.2472166 13.9133949 0.0016376 -0.0006578 -0.0010537 0.9999979
27.588410 -0.0413387 -0.2495178 14.0249376 0.0024596 -0.0000353 -0.0024694 0.9999939
27.692530 -0.0413361 -0.2503929 14.0809908 0.0026680 -0.0001240 -0.0030171 0.9999919
27.900670 -0.0421387 -0.2526067 14.1921053 0.0018929 0.0002268 -0.0036574 0.9999915
28.108940 -0.0423450 -0.2548679 14.3023062 0.0020678 0.0004966 -0.0046422 0.9999869
