0.000000 0.0000000 0.0000000 0.0000000 0.0000000 0.0000000 0.0000000 1.0000000
0.103391 -0.0003791 -0.0002872 0.0802614 0.0022204 0.0007597 -0.0003904 0.9999971
0.207106 -0.0001630 -0.0001153 0.1598807 0.0026811 0.0010623 0.0007075 0.9999956
0.310262 -0.0003228 -0.0002421 0.2397072 0.0006142 0.0012181 0.0015275 0.9999979
0.413621 -0.0000325 -0.0003890 0.3194230 -0.0024296 0.0008112 0.0027430 0.9999930
0.517929 -0.0000244 -0.0002834 0.3981118 -0.0024723 0.0001614 0.0044694 0.9999869
0.620389 -0.0001536 0.0001438 0.4761711 -0.0009642 -0.0002130 0.0057081 0.9999832
0.724219 -0.0003158 0.0004744 0.5537309 0.0007871 -0.0006218 0.0060265 0.9999813
0.827211 -0.0006238 0.0003315 0.6316667 0.0010156 -0.0010617 0.0058640 0.9999817
0.930557 -0.0015138 0.0003583 0.7091047 0.0001266 -0.0014478 0.0056448 0.9999830
1.034070 -0.0016918 0.0005911 0.7862937 -0.0012487 -0.0019524 0.0056699 0.9999812
1.137438 -0.0021198 0.0004347 0.8629770 -0.0021438 -0.0024118 0.0057501 0.9999782
1.244258 -0.0026311 0.0010156 0.9394660 -0.0024593 -0.0027340 0.0063011 0.9999734
1.447568 -0.0040396 0.0018932 1.0916049 -0.0016242 -0.0035239 0.0066982 0.9999700
1.654521 -0.0066118 0.0023791 1.2416519 0.0000108 -0.0047817 0.0073751 0.9999614
1.861353 -0.0089092 0.0018517 1.3917204 0.0006238 -0.0064649 0.0066515 0.9999568
2.068236 -0.0117627 0.0018164 1.5413002 0.0001510 -0.0081278 0.0061492 0.9999480
2.275131 -0.0156713 0.0019879 1.6893132 -0.0007611 -0.0093908 0.0057444 0.9999391
2.482010 -0.0189156 0.0022819 1.8350517 -0.0003050 -0.0111269 0.0065186 0.9999168
2.689023 -0.0230930 0.0023114 1.9789439 -0.0016330 -0.0121399 0.0065095 0.9999038
2.896139 -0.0268432 0.0025012 2.1202970 -0.0038591 -0.0128280 0.0069623 0.9998860
3.103545 -0.0311700 0.0030360 2.2567770 -0.0018915 -0.0137462 0.0057273 0.9998873
3.310078 -0.0355249 0.0032581 2.3904097 -0.0009050 -0.0146085 0.0052253 0.9998792
3.517076 -0.0397935 0.0030154 2.5215921 -0.0003132 -0.0164033 0.0052327 0.9998517
3.827725 -0.0478736 0.0036966 2.7134748 -0.0019184 -0.0192586 0.0053825 0.9997982
4.034871 -0.0543516 0.0042492 2.8363988 -0.0026689 -0.0211004 0.0042238 0.9997649
4.243437 -0.0606147 0.0046853 2.9566543 -0.0018674 -0.0230214 0.0022235 0.9997308
4.449183 -0.0675374 0.0047683 3.0745122 -0.0034831 -0.0242940 0.0013182 0.9996979
4.760815 -0.0769992 0.0044393 3.2415786 -0.0011734 -0.0228710 -0.0025805 0.9997344
4.966824 -0.0818713 0.0055298 3.3500099 -0.0004951 -0.0203022 -0.0033118 0.9997883
5.277498 -0.0886056 0.0053860 3.5054433 -0.0040796 -0.0147137 -0.0103804 0.9998295
5.484644 -0.0915122 0.0059677 3.6029575 -0.0052864 -0.0091901 -0.0141865 0.9998432
5.691619 -0.0933660 0.0061888 3.6936276 -0.0058170 -0.0023155 -0.0181501 0.9998156
5.898736 -0.0934399 0.0066273 3.7774866 -0.0057964 0.0050214 -0.0221288 0.9997257
6.105870 -0.0929994 0.0066642 3.8533082 -0.0032200 0.0130785 -0.0254594 0.9995851
6.313021 -0.0896770 0.0073190 3.9218805 -0.0038435 0.0208460 -0.0252354 0.9994568
6.524037 -0.0862953 0.0076442 3.9829197 -0.0045001 0.0292402 -0.0276330 0.9991803
6.934429 -0.0783008 0.0066718 4.0802941 -0.0045356 0.0483421 -0.0312074 0.9983329
7.141701 -0.0717526 0.0068128 4.1244373 -0.0005812 0.0610386 -0.0308674 0.9976578
7.353300 -0.0641373 0.0063315 4.1657844 0.0005377 0.0769396 -0.0325182 0.9965052
7.866988 -0.0369693 0.0053006 4.2673302 0.0019856 0.1254878 -0.0330818 0.9915414
8.074250 -0.0228101 0.0044307 4.3068953 0.0025984 0.1498144 -0.0342014 0.9881190
8.283921 -0.0058398 0.0031539 4.3466163 0.0022490 0.1773129 -0.0367753 0.9834646
8.488779 0.0151683 0.0018805 4.3855448 0.0029930 0.2083342 -0.0364044 0.9773754
8.696029 0.0401626 0.0006158 4.4222631 0.0058990 0.2442005 -0.0339324 0.9691129
9.008027 0.0851288 -0.0017393 4.4784651 0.0101273 0.3039829 -0.0363984 0.9519280
9.317832 0.1432521 -0.0051960 4.5368290 0.0104313 0.3703996 -0.0415889 0.9278824
9.630085 0.2224200 -0.0099971 4.5941553 0.0110478 0.4432417 -0.0395846 0.8954596
9.939685 0.3218272 -0.0157645 4.6440935 0.0121326 0.5175969 -0.0379030 0.8546985
10.146770 0.3978837 -0.0191874 4.6724215 0.0089444 0.5637803 -0.0395074 0.8249308
10.353670 0.4792027 -0.0243001 4.6910496 0.0123271 0.6051385 -0.0358653 0.7952164
10.562990 0.5684931 -0.0286443 4.7028980 0.0180153 0.6402997 -0.0275802 0.7674184
10.767050 0.6625613 -0.0338481 4.7104774 0.0226369 0.6675622 -0.0250738 0.7437873
10.973420 0.7629462 -0.0400049 4.7137384 0.0258820 0.6877108 -0.0197621 0.7252541
11.180190 0.8673159 -0.0449582 4.7138896 0.0283665 0.7006575 -0.0178580 0.7127099
11.385900 0.9761610 -0.0516086 4.7131119 0.0287939 0.7096177 -0.0176694 0.7037766
11.592550 1.0897229 -0.0577301 4.7089911 0.0334473 0.7150025 -0.0163607 0.6981297
11.799490 1.2088554 -0.0640561 4.7057834 0.0314845 0.7179547 -0.0159509 0.6951944
12.004820 1.3324142 -0.0708500 4.7015705 0.0267818 0.7193205 -0.0117740 0.6940621
12.211190 1.4594233 -0.0776767 4.6964035 0.0285742 0.7194561 -0.0095810 0.6938837
12.417650 1.5887277 -0.0832742 4.6923776 0.0348223 0.7183086 -0.0144621 0.6947021
12.624550 1.7224889 -0.0903779 4.6885962 0.0335728 0.7168380 -0.0131756 0.6963064
12.830730 1.8587093 -0.0991241 4.6863341 0.0298291 0.7150960 -0.0110290 0.6983024
13.037710 1.9930464 -0.1066586 4.6828671 0.0371115 0.7127448 -0.0115615 0.7003456
13.244210 2.1293626 -0.1147831 4.6832657 0.0324178 0.7107071 -0.0142405 0.7025964
13.452770 2.2664218 -0.1239560 4.6817503 0.0346271 0.7078558 -0.0101980 0.7054340
13.657960 2.4027569 -0.1320447 4.6834512 0.0352562 0.7055867 -0.0134410 0.7076184
13.864670 2.5405829 -0.1411595 4.6847806 0.0352601 0.7030253 -0.0108652 0.7102070
14.071640 2.6779795 -0.1498337 4.6863098 0.0384508 0.7005133 -0.0088656 0.7125476
14.382120 2.8850899 -0.1633739 4.6909184 0.0391508 0.6969862 -0.0062724 0.7159875
14.692450 3.0929420 -0.1753235 4.6991668 0.0391193 0.6939369 -0.0081287 0.7189264
15.002870 3.3025091 -0.1886426 4.7095518 0.0367710 0.6911090 -0.0104645 0.7217387
15.313360 3.5151904 -0.2025813 4.7220378 0.0388265 0.6875382 -0.0137886 0.7249783
15.623920 3.7300584 -0.2173539 4.7365265 0.0369398 0.6840191 -0.0170410 0.7283288
15.934250 3.9498987 -0.2327550 4.7544079 0.0350712 0.6796957 -0.0191323 0.7324054
16.140910 4.0986104 -0.2436425 4.7680244 0.0353632 0.6761057 -0.0215052 0.7356413
16.348280 4.2471247 -0.2552686 4.7832360 0.0392125 0.6709250 -0.0272186 0.7399873
16.658020 4.4726491 -0.2752597 4.8113337 0.0363599 0.6626372 -0.0294944 0.7474757
16.864710 4.6242814 -0.2884703 4.8317585 0.0320321 0.6570585 -0.0272755 0.7526646
17.073430 4.7757730 -0.2998744 4.8556581 0.0276995 0.6515551 -0.0245914 0.7576964
17.383340 4.9965272 -0.3162053 4.8937230 0.0320938 0.6445013 -0.0290811 0.7633756
17.693880 5.2130175 -0.3353891 4.9344873 0.0323621 0.6384571 -0.0285151 0.7684479
18.003090 5.4245496 -0.3518691 4.9776754 0.0243502 0.6343126 -0.0245753 0.7723022
18.417190 5.6898651 -0.3715678 5.0353742 0.0251075 0.6305824 -0.0308556 0.7751022
18.830950 5.9434347 -0.3914773 5.0927143 0.0263707 0.6284441 -0.0327382 0.7767180
19.141510 6.1237211 -0.4064631 5.1314621 0.0247339 0.6288338 -0.0311102 0.7765233
19.557750 6.3506136 -0.4249835 5.1793633 0.0287309 0.6318396 -0.0331220 0.7738580
19.866980 6.5135107 -0.4383797 5.2116842 0.0252868 0.6345373 -0.0306912 0.7718685
20.073350 6.6166596 -0.4469174 5.2310472 0.0282334 0.6360428 -0.0285829 0.7706072
20.383850 6.7675200 -0.4587872 5.2589774 0.0319731 0.6380875 -0.0296735 0.7687272
20.590890 6.8691883 -0.4672517 5.2768021 0.0338699 0.6382906 -0.0259340 0.7686126
20.902080 7.0225821 -0.4789340 5.3063741 0.0348753 0.6355728 -0.0236505 0.7708901
21.108200 7.1264420 -0.4869090 5.3287306 0.0349936 0.6308484 -0.0233537 0.7747647
21.417970 7.2858033 -0.4992980 5.3675666 0.0325783 0.6210355 -0.0241565 0.7827324
21.730330 7.4489956 -0.5120022 5.4127607 0.0314339 0.6092163 -0.0286780 0.7918618
22.038410 7.6195812 -0.5252395 5.4649887 0.0307609 0.5961463 -0.0328447 0.8016137
22.245290 7.7367997 -0.5341285 5.5046453 0.0296972 0.5873793 -0.0346321 0.8080249
22.452170 7.8578324 -0.5431999 5.5467825 0.0267694 0.5786549 -0.0294908 0.8145993
22.659440 7.9839835 -0.5525119 5.5941982 0.0241664 0.5694412 -0.0266640 0.8212440
22.865960 8.1135616 -0.5596417 5.6444378 0.0268339 0.5616727 -0.0202762 0.8266756
23.072970 8.2473221 -0.5677667 5.6973820 0.0274718 0.5555292 -0.0114697 0.8309640
23.280040 8.3794050 -0.5759352 5.7543411 0.0326378 0.5489177 -0.0120123 0.8351526
23.487620 8.5103531 -0.5847660 5.8128242 0.0368323 0.5430990 -0.0131237 0.8387578
23.694540 8.6395636 -0.5951532 5.8752332 0.0331237 0.5392312 -0.0188687 0.8412946
23.903510 8.7655630 -0.6060037 5.9358168 0.0348783 0.5353268 -0.0221802 0.8436331
24.108220 8.8886738 -0.6169870 5.9961939 0.0338124 0.5317976 -0.0236210 0.8458664
24.315110 9.0094471 -0.6272762 6.0551853 0.0316958 0.5281361 -0.0215430 0.8482945
24.522420 9.1252384 -0.6371573 6.1143169 0.0307515 0.5248008 -0.0227566 0.8503650
24.728750 9.2380810 -0.6462386 6.1716232 0.0318738 0.5224593 -0.0213782 0.8518001
25.039090 9.4011002 -0.6600274 6.2560663 0.0320981 0.5198291 -0.0202379 0.8534271
25.349360 9.5552464 -0.6732491 6.3368788 0.0348858 0.5157270 -0.0193060 0.8558247
25.659630 9.7009897 -0.6859118 6.4141283 0.0363348 0.5109168 -0.0165567 0.8587024
25.970230 9.8413029 -0.6978939 6.4917598 0.0377869 0.5054927 -0.0158052 0.8618581
26.280040 9.9782801 -0.7110226 6.5724201 0.0412210 0.4982242 -0.0195921 0.8658462
26.590190 10.1123343 -0.7246993 6.6578612 0.0438569 0.4887141 -0.0288089 0.8708646
26.900360 10.2501688 -0.7387398 6.7491159 0.0345684 0.4797813 -0.0325180 0.8761036
27.210600 10.3915234 -0.7528168 6.8486495 0.0276856 0.4701262 -0.0363215 0.8814168
27.520750 10.5378819 -0.7662848 6.9536119 0.0285615 0.4596525 -0.0412711 0.8866795
27.831080 10.6912632 -0.7807865 7.0697346 0.0244662 0.4485482 -0.0441049 0.8923344
28.141050 10.8491468 -0.7949392 7.1979480 0.0222556 0.4359692 -0.0454145 0.8985394
28.451340 11.0154953 -0.8093005 7.3369703 0.0212774 0.4243163 -0.0460625 0.9040914
28.761830 11.1868696 -0.8252258 7.4834590 0.0229280 0.4182855 -0.0406045 0.9071179
28.970690 11.3055925 -0.8346372 7.5843306 0.0241016 0.4141920 -0.0335966 0.9092499
29.176740 11.4251661 -0.8442356 7.6900516 0.0237087 0.4104977 -0.0301172 0.9110557
29.384830 11.5433598 -0.8539388 7.7984929 0.0238474 0.4064971 -0.0335894 0.9127229
29.589380 11.6623755 -0.8631110 7.9099817 0.0204241 0.4028510 -0.0354057 0.9143524
29.692890 11.7227421 -0.8678222 7.9669662 0.0167848 0.4006843 -0.0355716 0.9153715
29.899820 11.8432980 -0.8756791 8.0816231 0.0128021 0.3958961 -0.0320653 0.9176460
30.106560 11.9640751 -0.8833045 8.1962252 0.0193519 0.3899952 -0.0260655 0.9202445
30.313330 12.0840168 -0.8922310 8.3139620 0.0266400 0.3829736 -0.0240057 0.9230630
30.520070 12.2037430 -0.9018199 8.4367046 0.0252396 0.3755414 -0.0193995 0.9262587
30.726980 12.3219109 -0.9121872 8.5610590 0.0293269 0.3689285 -0.0171948 0.9288359
30.933840 12.4386282 -0.9219921 8.6879568 0.0298860 0.3643535 -0.0164209 0.9306362
31.142770 12.5567932 -0.9323295 8.8158588 0.0278439 0.3617409 -0.0117634 0.9317885
31.347740 12.6743059 -0.9410570 8.9457359 0.0267709 0.3611953 -0.0092869 0.9320596
31.555590 12.7907639 -0.9505920 9.0746632 0.0263778 0.3616582 -0.0109501 0.9318732
31.763200 12.9070721 -0.9594603 9.2035370 0.0265662 0.3636399 -0.0148135 0.9310429
31.970850 13.0236034 -0.9693912 9.3320169 0.0247115 0.3666321 -0.0178480 0.9298665
32.176640 13.1412954 -0.9783422 9.4583578 0.0219876 0.3698016 -0.0177956 0.9286801
32.382560 13.2586412 -0.9878706 9.5821037 0.0241145 0.3735444 -0.0169677 0.9271435
32.589890 13.3750124 -0.9968950 9.7048159 0.0297774 0.3779407 -0.0241069 0.9250367
32.796560 13.4937220 -1.0078226 9.8264904 0.0243191 0.3827659 -0.0245949 0.9231977
33.003430 13.6116323 -1.0179025 9.9457874 0.0219254 0.3873708 -0.0241762 0.9213461
33.314720 13.7919254 -1.0321341 10.1192122 0.0254057 0.3935798 -0.0211224 0.9186966
33.520520 13.9129286 -1.0418830 10.2336464 0.0272944 0.3984859 -0.0209788 0.9165282
33.727760 14.0346317 -1.0522196 10.3464088 0.0268417 0.4040043 -0.0215664 0.9141088
33.934650 14.1572285 -1.0623221 10.4594603 0.0284730 0.4112091 -0.0262266 0.9107187
34.142230 14.2838707 -1.0729405 10.5689697 0.0314785 0.4183785 -0.0291935 0.9072576
34.348070 14.4138288 -1.0849247 10.6783142 0.0213784 0.4264118 -0.0282377 0.9038355
34.555090 14.5468636 -1.0940391 10.7868090 0.0164243 0.4346860 -0.0286773 0.8999755
34.764710 14.6818333 -1.1026127 10.8919477 0.0210341 0.4431119 -0.0271749 0.8958074
34.969030 14.8188524 -1.1128430 10.9937506 0.0287097 0.4509777 -0.0285185 0.8916174
35.176790 14.9590836 -1.1243520 11.0934229 0.0265287 0.4590115 -0.0238995 0.8877125
35.382770 15.1000576 -1.1348846 11.1903791 0.0262108 0.4663272 -0.0245647 0.8838826
35.589680 15.2398043 -1.1463304 11.2825041 0.0265397 0.4723985 -0.0195405 0.8807687
35.796540 15.3775425 -1.1571106 11.3735933 0.0236424 0.4773939 -0.0189164 0.8781676
36.006010 15.5132771 -1.1672161 11.4607401 0.0263073 0.4816170 -0.0202203 0.8757535
36.210300 15.6444969 -1.1772280 11.5441399 0.0290280 0.4849282 -0.0235904 0.8737537
36.417070 15.7774153 -1.1876215 11.6265697 0.0243505 0.4876057 -0.0186011 0.8725260
36.623970 15.9072762 -1.1971804 11.7058182 0.0257094 0.4904968 -0.0137036 0.8709559
36.830740 16.0336399 -1.2062509 11.7817583 0.0299947 0.4924447 -0.0169367 0.8696619
37.040370 16.1574059 -1.2160326 11.8560343 0.0359577 0.4944922 -0.0190248 0.8682296
37.244700 16.2810497 -1.2260320 11.9293175 0.0247301 0.4974468 -0.0173809 0.8669677
37.451400 16.4017658 -1.2345693 12.0018768 0.0195990 0.4999172 -0.0195130 0.8656315
37.658150 16.5201969 -1.2414613 12.0698214 0.0239794 0.5023706 -0.0196335 0.8640968
37.865070 16.6361103 -1.2495970 12.1362000 0.0223706 0.5049086 -0.0194028 0.8626647
38.072390 16.7492561 -1.2572464 12.1995373 0.0229304 0.5075079 -0.0188530 0.8611356
38.278810 16.8609524 -1.2656726 12.2601023 0.0248500 0.5111590 -0.0194310 0.8589071
38.485830 16.9700432 -1.2731808 12.3187695 0.0267378 0.5158473 -0.0207177 0.8560125
38.692720 17.0791111 -1.2810903 12.3756123 0.0305415 0.5217095 -0.0217676 0.8522984
38.899920 17.1909542 -1.2893505 12.4321833 0.0294058 0.5278409 -0.0249744 0.8484666
39.106870 17.3047543 -1.2979656 12.4873104 0.0284145 0.5337587 -0.0270478 0.8447264
39.313880 17.4204311 -1.3075103 12.5412550 0.0298368 0.5403573 -0.0306227 0.8403487
39.520900 17.5400543 -1.3171347 12.5949230 0.0309082 0.5469283 -0.0336608 0.8359313
39.727990 17.6636162 -1.3281033 12.6480293 0.0318032 0.5536426 -0.0358899 0.8313726
39.934800 17.7919922 -1.3392215 12.6993837 0.0338089 0.5600629 -0.0342750 0.8270500
40.141680 17.9244595 -1.3510194 12.7514143 0.0311231 0.5668347 -0.0328995 0.8225858
40.350540 18.0631561 -1.3619921 12.8024998 0.0295110 0.5724367 -0.0293807 0.8188908
40.660160 18.2792015 -1.3775167 12.8779602 0.0263852 0.5795054 -0.0241805 0.8141822
40.969360 18.4967785 -1.3939233 12.9498138 0.0432259 0.5849560 -0.0278031 0.8094350
41.282760 18.7327480 -1.4146118 13.0231266 0.0417800 0.5910062 -0.0175586 0.8053929
41.592690 18.9662170 -1.4351146 13.0964298 0.0445064 0.5967239 -0.0272499 0.8007479
41.900180 19.2114239 -1.4585700 13.1672115 0.0385551 0.6035965 -0.0273819 0.7958863
42.210320 19.4533958 -1.4812176 13.2340870 0.0420755 0.6094437 -0.0266640 0.7912630
42.520590 19.7017593 -1.5019464 13.2984333 0.0424215 0.6139272 -0.0251867 0.7878193
42.830730 19.9542332 -1.5250160 13.3631725 0.0387708 0.6171800 -0.0258317 0.7854415
43.140760 20.2092876 -1.5483496 13.4263573 0.0393448 0.6194211 -0.0277317 0.7835818
43.450910 20.4650383 -1.5711368 13.4869175 0.0377773 0.6211001 -0.0244756 0.7824376
43.762280 20.7138519 -1.5934478 13.5471020 0.0410966 0.6233655 -0.0285368 0.7803282
44.071640 20.9682922 -1.6183957 13.6042538 0.0365457 0.6268132 -0.0264584 0.7778622
44.382090 21.2233028 -1.6404229 13.6598034 0.0351411 0.6317160 -0.0262028 0.7739596
44.692960 21.4768581 -1.6621840 13.7091637 0.0349999 0.6364631 -0.0254105 0.7700935
45.003060 21.7299709 -1.6834636 13.7566605 0.0332688 0.6412257 -0.0275874 0.7661343
45.209900 21.8975677 -1.6978129 13.7866497 0.0307854 0.6440967 -0.0295985 0.7637510
45.416890 22.0648918 -1.7111776 13.8170309 0.0315039 0.6466190 -0.0356218 0.7613294
45.623680 22.2319660 -1.7259990 13.8445559 0.0302697 0.6491341 -0.0363812 0.7592003
45.830550 22.3975391 -1.7406955 13.8711872 0.0279762 0.6517802 -0.0339005 0.7571332
46.037440 22.5636940 -1.7542233 13.8960829 0.0282556 0.6543952 -0.0329585 0.7549055
46.244200 22.7310829 -1.7677422 13.9198122 0.0296734 0.6576582 -0.0352250 0.7519072
46.451100 22.8975773 -1.7811358 13.9402409 0.0291707 0.6614899 -0.0289445 0.7488273
46.657980 23.0623207 -1.7948818 13.9601727 0.0353522 0.6649413 -0.0323876 0.7453552
46.864950 23.2246113 -1.8101435 13.9779196 0.0411670 0.6687739 -0.0380966 0.7413470
47.175200 23.4692726 -1.8342218 14.0019093 0.0321950 0.6747442 -0.0352736 0.7365049
47.278520 23.5500679 -1.8426361 14.0083437 0.0308043 0.6767586 -0.0363301 0.7346625
47.588920 23.7910309 -1.8633244 14.0273962 0.0233678 0.6848684 -0.0367298 0.7273652
48.002630 24.1070080 -1.8889563 14.0423384 0.0285307 0.6943439 -0.0361955 0.7181660
48.312780 24.3432617 -1.9087782 14.0482521 0.0290592 0.7006515 -0.0348591 0.7120588
48.622870 24.5809155 -1.9294622 14.0502653 0.0331433 0.7043792 -0.0333805 0.7082635
48.932760 24.8163929 -1.9501309 14.0502405 0.0333211 0.7064394 -0.0295307 0.7063718
49.242780 25.0483742 -1.9703076 14.0500946 0.0376836 0.7068588 -0.0284602 0.7057766
49.452210 25.1994953 -1.9845216 14.0502977 0.0392746 0.7061101 -0.0276241 0.7064723
49.656580 25.3491077 -1.9983544 14.0505829 0.0399144 0.7045988 -0.0259858 0.7080057
49.863540 25.4952946 -2.0112772 14.0525532 0.0385126 0.7027153 -0.0239320 0.7100248
50.069330 25.6374683 -2.0242276 14.0555763 0.0358263 0.7002761 -0.0229012 0.7126046
50.172720 25.7068748 -2.0302548 14.0577822 0.0343992 0.6988337 -0.0244658 0.7140375
50.276120 25.7751141 -2.0358176 14.0602102 0.0339800 0.6974542 -0.0258427 0.7153566
50.483680 25.9102211 -2.0465436 14.0649586 0.0330807 0.6946074 -0.0251881 0.7181864
50.691000 26.0412178 -2.0576603 14.0714283 0.0297444 0.6921496 -0.0247866 0.7207147
50.896200 26.1670647 -2.0671589 14.0776567 0.0310674 0.6892044 -0.0252792 0.7234591
51.103000 26.2862606 -2.0771592 14.0852013 0.0324137 0.6867687 -0.0273067 0.7256394
51.309660 26.4013596 -2.0864968 14.0932674 0.0309892 0.6843370 -0.0294405 0.7279120
51.516920 26.5119267 -2.0958853 14.1017494 0.0299844 0.6818640 -0.0301454 0.7302422
51.723400 26.6173420 -2.1047428 14.1107836 0.0299431 0.6795717 -0.0332318 0.7322440
51.930130 26.7202034 -2.1141238 14.1203623 0.0289225 0.6774500 -0.0336630 0.7342287
52.136910 26.8191109 -2.1226764 14.1295776 0.0285212 0.6752478 -0.0341866 0.7362460
52.343730 26.9142113 -2.1310794 14.1394129 0.0287500 0.6731511 -0.0354341 0.7380958
52.550540 27.0052071 -2.1392298 14.1490040 0.0297260 0.6713822 -0.0364615 0.7396167
52.757460 27.0936470 -2.1467540 14.1582890 0.0302882 0.6701487 -0.0378609 0.7406415
53.067800 27.2254333 -2.1591942 14.1726198 0.0309944 0.6700325 -0.0385826 0.7406802
53.378120 27.3613396 -2.1713226 14.1868534 0.0303816 0.6716632 -0.0383818 0.7392377
53.688500 27.5025520 -2.1846547 14.1988068 0.0387727 0.6737413 -0.0386156 0.7369384
53.999020 27.6522999 -2.1983948 14.2115908 0.0401374 0.6761594 -0.0377652 0.7346913
54.309430 27.8122826 -2.2144132 14.2233944 0.0412070 0.6785888 -0.0348207 0.7325344
54.619690 27.9827194 -2.2302282 14.2346611 0.0432260 0.6801528 -0.0320111 0.7310944
54.930030 28.1615047 -2.2476139 14.2483616 0.0426301 0.6823846 -0.0350624 0.7289065
55.240380 28.3496246 -2.2656968 14.2608185 0.0430357 0.6839443 -0.0373830 0.7273037
55.550620 28.5456219 -2.2861557 14.2726574 0.0445752 0.6859422 -0.0396649 0.7252055
55.860740 28.7461681 -2.3081903 14.2833023 0.0491123 0.6871849 -0.0400863 0.7237113
56.170950 28.9558678 -2.3312521 14.2915010 0.0502425 0.6884674 -0.0336519 0.7227419
56.481050 29.1726780 -2.3543532 14.3023386 0.0516049 0.6889101 -0.0337791 0.7222180
56.791050 29.3954601 -2.3788364 14.3132534 0.0510426 0.6877142 -0.0316352 0.7234937
57.100960 29.6216888 -2.4028721 14.3273354 0.0498272 0.6862278 -0.0297500 0.7250680
57.410890 29.8576050 -2.4265742 14.3415480 0.0511062 0.6835369 -0.0276619 0.7275990
57.720780 30.0980682 -2.4511328 14.3584127 0.0520429 0.6804516 -0.0260459 0.7304784
58.030610 30.3432293 -2.4768488 14.3785019 0.0520810 0.6772922 -0.0278753 0.7333388
58.443830 30.6750755 -2.5121975 14.4079456 0.0498152 0.6741431 -0.0283833 0.7363721
58.753660 30.9298134 -2.5372584 14.4329052 0.0502292 0.6731936 -0.0281612 0.7372208
59.063680 31.1818466 -2.5639296 14.4570465 0.0468609 0.6728104 -0.0278541 0.7378038
59.373860 31.4333591 -2.5900080 14.4811611 0.0470448 0.6723682 -0.0294879 0.7381316
59.683780 31.6805706 -2.6164110 14.5063744 0.0464651 0.6722325 -0.0307986 0.7382383
59.993680 31.9248734 -2.6424041 14.5304308 0.0468612 0.6719805 -0.0314061 0.7384171
60.303580 32.1715012 -2.6674764 14.5546589 0.0476002 0.6707898 -0.0274248 0.7396101
60.613290 32.4155807 -2.6929002 14.5791206 0.0563520 0.6674225 -0.0263899 0.7420749
60.923310 32.6593399 -2.7202511 14.6067114 0.0592665 0.6636421 -0.0245999 0.7452929
61.336450 32.9831429 -2.7557511 14.6482868 0.0542960 0.6575488 -0.0231000 0.7510978
61.646430 33.2233124 -2.7807827 14.6838150 0.0522950 0.6510731 -0.0241646 0.7568257
61.956290 33.4569168 -2.8057039 14.7252884 0.0516851 0.6416644 -0.0273781 0.7647521
62.266190 33.6902924 -2.8321760 14.7721968 0.0505485 0.6306944 -0.0285747 0.7738558
62.576200 33.9250679 -2.8577628 14.8260174 0.0486387 0.6211370 -0.0301959 0.7816082
62.886160 34.1611443 -2.8834934 14.8856983 0.0479111 0.6149120 -0.0313111 0.7865160
63.092920 34.3202019 -2.9006248 14.9271336 0.0475822 0.6112618 -0.0317549 0.7893583
63.299560 34.4779968 -2.9183474 14.9698963 0.0476453 0.6076499 -0.0315926 0.7921449
63.506200 34.6371040 -2.9360158 15.0143528 0.0461024 0.6040068 -0.0310599 0.7950382
63.712840 34.7954559 -2.9528508 15.0602932 0.0446357 0.6002974 -0.0295117 0.7979848
63.919450 34.9520683 -2.9696765 15.1080666 0.0436832 0.5967304 -0.0293247 0.8007151
64.125870 35.1052971 -2.9867120 15.1561317 0.0447171 0.5927993 -0.0325951 0.8034469
64.435680 35.3343277 -3.0116704 15.2306747 0.0395821 0.5887464 -0.0325927 0.8066899
64.642350 35.4835358 -3.0281017 15.2809610 0.0393496 0.5875418 -0.0370168 0.8073884
64.952280 35.7057648 -3.0516062 15.3556967 0.0374292 0.5868400 -0.0390726 0.8078931
65.262120 35.9250946 -3.0744457 15.4293232 0.0332162 0.5870538 -0.0381493 0.8079661
65.571960 36.1416512 -3.0960140 15.5006466 0.0349967 0.5876923 -0.0354093 0.8075514
65.881970 36.3583870 -3.1187081 15.5709543 0.0384883 0.5878773 -0.0358911 0.8072365
66.191750 36.5770569 -3.1411836 15.6423979 0.0385845 0.5882688 -0.0355849 0.8069602
66.503710 36.7986450 -3.1626480 15.7151566 0.0407839 0.5882223 -0.0367252 0.8068348
66.811530 37.0306435 -3.1864681 15.7898502 0.0401536 0.5879892 -0.0351580 0.8071062
67.122370 37.2647514 -3.2111034 15.8661318 0.0445943 0.5873442 -0.0312865 0.8075019
67.431360 37.5027695 -3.2368965 15.9415379 0.0480646 0.5855362 -0.0257187 0.8088113
67.741230 37.7380753 -3.2605295 16.0204353 0.0412581 0.5850686 -0.0231592 0.8096025
68.051170 37.9709854 -3.2838449 16.0977249 0.0446978 0.5842334 -0.0239975 0.8099985
68.361010 38.2012978 -3.3063312 16.1757240 0.0435172 0.5836285 -0.0214200 0.8105709
68.774690 38.4976425 -3.3357499 16.2761440 0.0420636 0.5844938 -0.0198757 0.8100633
69.187640 38.7786102 -3.3626540 16.3692570 0.0444026 0.5864053 -0.0205382 0.8085391
69.497520 38.9839516 -3.3833046 16.4367504 0.0478953 0.5878147 -0.0247888 0.8071960
69.808000 39.1846924 -3.4038620 16.5019836 0.0439176 0.5894646 -0.0214248 0.8063149
70.221570 39.4484024 -3.4302123 16.5850029 0.0469981 0.5898300 -0.0212679 0.8058780
70.634290 39.7126923 -3.4557400 16.6689892 0.0492142 0.5897678 -0.0221357 0.8057680
71.049300 39.9776878 -3.4829648 16.7538300 0.0472052 0.5880661 -0.0194814 0.8071991
71.359740 40.1686707 -3.5027320 16.8174076 0.0462957 0.5857562 -0.0208111 0.8088964
71.668000 40.3506088 -3.5207765 16.8792496 0.0451318 0.5835664 -0.0216413 0.8105215
72.084410 40.5800133 -3.5447037 16.9582767 0.0438862 0.5818155 -0.0213312 0.8118557
72.601510 40.8454933 -3.5717835 17.0500736 0.0440902 0.5792372 -0.0212192 0.8136892
73.114920 41.0870323 -3.5959289 17.1375237 0.0418492 0.5776926 -0.0219140 0.8148863
73.528470 41.2617760 -3.6136746 17.2011108 0.0443417 0.5766113 -0.0242571 0.8154537
73.838630 41.3832703 -3.6258383 17.2442245 0.0464969 0.5755218 -0.0241595 0.8161060
74.150730 41.4943428 -3.6387005 17.2854233 0.0441449 0.5770668 -0.0236460 0.8151602
74.459100 41.5973015 -3.6488528 17.3217449 0.0434654 0.5785657 -0.0234452 0.8141393
74.769280 41.6908607 -3.6584530 17.3544540 0.0430092 0.5798741 -0.0222071 0.8132669
75.079510 41.7752380 -3.6668973 17.3845367 0.0415903 0.5813025 -0.0233405 0.8122886
75.699680 41.9271240 -3.6816373 17.4361439 0.0425993 0.5826064 -0.0233678 0.8113008
76.009520 41.9982376 -3.6881528 17.4612312 0.0414019 0.5809222 -0.0244744 0.8125370
76.319510 42.0694084 -3.6949522 17.4870396 0.0417321 0.5755101 -0.0243515 0.8163661
76.628920 42.1415062 -3.7024004 17.5171432 0.0418010 0.5635664 -0.0262311 0.8245954
76.938900 42.2167358 -3.7097056 17.5524483 0.0417982 0.5446167 -0.0279849 0.8371753
77.248120 42.2912788 -3.7178249 17.5918732 0.0430156 0.5182639 -0.0314415 0.8535594
77.661290 42.3824577 -3.7281787 17.6513214 0.0422818 0.4887244 -0.0404036 0.8704759
77.972190 42.4472733 -3.7357531 17.6911888 0.0419875 0.4961540 -0.0423718 0.8661829
78.386780 42.5311317 -3.7467999 17.7313347 0.0453447 0.5288728 -0.0375108 0.8466583
78.697630 42.5979347 -3.7541983 17.7564735 0.0451721 0.5575762 -0.0365505 0.8280895
79.007710 42.6685677 -3.7633965 17.7773209 0.0481262 0.5799044 -0.0317582 0.8126415
79.733660 42.8226700 -3.7809312 17.8221092 0.0470907 0.5940761 -0.0278873 0.8025450
80.044830 42.8763618 -3.7868023 17.8430729 0.0455560 0.5791201 -0.0293420 0.8134394
80.350710 42.9199944 -3.7923026 17.8643665 0.0417448 0.5604418 -0.0327708 0.8264917
80.763430 42.9648247 -3.7977915 17.8861752 0.0504509 0.5318933 -0.0291563 0.8448042
81.174860 42.9991989 -3.8016837 17.9123249 0.0435824 0.5066594 -0.0343599 0.8603582
81.588120 43.0270500 -3.8045142 17.9330921 0.0424398 0.4849897 -0.0332057 0.8728581
82.001790 43.0436058 -3.8076367 17.9515228 0.0385561 0.4688052 -0.0448467 0.8813194
82.415420 43.0595856 -3.8092828 17.9634666 0.0376882 0.4584011 -0.0383714 0.8871165
