0.000000 0.0000000 0.0000000 0.0000000 0.0000000 0.0000000 0.0000000 1.0000000
0.207866 -0.0004466 -0.0012260 0.0551173 -0.0010483 0.0001791 -0.0025910 0.9999961
0.311727 -0.0008168 -0.0018044 0.0814742 -0.0009162 0.0004665 -0.0032459 0.9999942
0.415728 -0.0009773 -0.0023008 0.1078576 -0.0007791 0.0004573 -0.0042593 0.9999905
0.519601 -0.0009488 -0.0027339 0.1334380 -0.0006365 0.0006507 -0.0042363 0.9999906
0.623604 -0.0009116 -0.0033905 0.1583585 -0.0011875 0.0007479 -0.0043225 0.9999897
0.727601 -0.0013366 -0.0037644 0.1825380 -0.0026130 0.0012435 -0.0047678 0.9999844
0.935478 -0.0011239 -0.0045305 0.2281419 -0.0064260 0.0025781 -0.0042724 0.9999669
1.039479 -0.0009889 -0.0048157 0.2495694 -0.0075910 0.0030694 -0.0039671 0.9999586
1.143476 -0.0007898 -0.0049691 0.2702556 -0.0073621 0.0036071 -0.0041347 0.9999579
1.351354 -0.0007365 -0.0054469 0.3085373 -0.0046612 0.0047391 -0.0045756 0.9999675
1.559353 -0.0002064 -0.0059819 0.3426922 -0.0028088 0.0065433 -0.0017180 0.9999732
1.663351 0.0002815 -0.0062184 0.3585588 -0.0021877 0.0074233 -0.0007988 0.9999697
1.871356 0.0003340 -0.0070235 0.3863839 -0.0009737 0.0099230 -0.0051722 0.9999369
2.079357 0.0013516 -0.0073064 0.4103612 -0.0015862 0.0131016 -0.0033035 0.9999074
2.287229 0.0024930 -0.0075534 0.4298746 -0.0020192 0.0154639 0.0007998 0.9998780
2.703101 0.0034376 -0.0083616 0.4579486 -0.0011315 0.0202953 -0.0008995 0.9997930
2.910979 0.0037533 -0.0089286 0.4693676 -0.0002417 0.0218208 -0.0029849 0.9997574
3.326977 0.0050292 -0.0094250 0.4892472 0.0025523 0.0249488 -0.0019142 0.9996836
3.950602 0.0063770 -0.0098890 0.5158617 0.0080085 0.0235609 -0.0010850 0.9996898
4.366232 0.0059586 -0.0104524 0.5331658 0.0098337 0.0117534 -0.0016040 0.9998813
5.196627 -0.0006746 -0.0116577 0.5800880 0.0117259 -0.0577994 -0.0019014 0.9982575
5.403733 -0.0053554 -0.0122153 0.5964635 0.0089806 -0.0896953 -0.0024698 0.9959257
5.818230 -0.0203160 -0.0128295 0.6329260 0.0006305 -0.1722913 -0.0067502 0.9850227
6.025500 -0.0315870 -0.0130523 0.6525128 -0.0053332 -0.2182951 -0.0085876 0.9758304
6.232877 -0.0457611 -0.0130353 0.6719568 -0.0097453 -0.2662945 -0.0119594 0.9637682
6.440381 -0.0628099 -0.0126840 0.6913300 -0.0108061 -0.3166533 -0.0147645 0.9483649
6.647753 -0.0836164 -0.0116501 0.7107890 -0.0126772 -0.3681873 -0.0167799 0.9295138
6.855255 -0.1086793 -0.0106308 0.7298505 -0.0144432 -0.4188855 -0.0162143 0.9077794
7.062878 -0.1373132 -0.0096392 0.7479693 -0.0177249 -0.4681500 -0.0133322 0.8833706
7.270484 -0.1704042 -0.0080739 0.7638142 -0.0178106 -0.5171269 -0.0133084 0.8556199
7.478107 -0.2071038 -0.0068889 0.7768332 -0.0202671 -0.5660523 -0.0099154 0.8240606
7.685730 -0.2481808 -0.0049680 0.7859192 -0.0220379 -0.6112401 -0.0106883 0.7910661
7.789732 -0.2702233 -0.0041823 0.7893649 -0.0245125 -0.6318745 -0.0116942 0.7745947
7.893780 -0.2930271 -0.0031819 0.7920967 -0.0262947 -0.6507754 -0.0105332 0.7587417
7.997735 -0.3167670 -0.0025121 0.7939701 -0.0272549 -0.6677114 -0.0103585 0.7438490
8.101860 -0.3415155 -0.0014357 0.7948193 -0.0260063 -0.6827386 -0.0099253 0.7301323
8.206103 -0.3670290 -0.0000849 0.7947919 -0.0230030 -0.6957185 -0.0094626 0.7178837
8.310360 -0.3931497 0.0012085 0.7940820 -0.0218758 -0.7059346 -0.0103369 0.7078637
8.414610 -0.4202881 0.0023079 0.7928783 -0.0227131 -0.7133040 -0.0123609 0.7003775
8.519107 -0.4487099 0.0034921 0.7917302 -0.0252094 -0.7177553 -0.0140546 0.6956969
8.623503 -0.4779482 0.0047375 0.7905789 -0.0259382 -0.7205880 -0.0151842 0.6927117
8.728004 -0.5077695 0.0060037 0.7891471 -0.0253381 -0.7219623 -0.0137432 0.6913316
8.832360 -0.5384101 0.0074346 0.7881640 -0.0265598 -0.7217861 -0.0096613 0.6915389
8.936856 -0.5701668 0.0092098 0.7876309 -0.0301181 -0.7204129 -0.0046535 0.6928755
9.145624 -0.6355485 0.0116164 0.7854785 -0.0292731 -0.7165686 -0.0048989 0.6968848
9.354110 -0.7044259 0.0141556 0.7838567 -0.0238255 -0.7147284 0.0017382 0.6989940
9.562484 -0.7758847 0.0158697 0.7811822 -0.0152258 -0.7149401 0.0009679 0.6990193
9.770607 -0.8523486 0.0173046 0.7777140 -0.0153398 -0.7177590 -0.0091995 0.6960618
9.978746 -0.9317768 0.0202025 0.7743870 -0.0211590 -0.7197731 -0.0171438 0.6936751
10.186860 -1.0125762 0.0238630 0.7708752 -0.0249917 -0.7205338 -0.0193077 0.6927003
10.394860 -1.0936514 0.0275116 0.7670496 -0.0217198 -0.7222312 -0.0172123 0.6910963
10.602610 -1.1752104 0.0306265 0.7625070 -0.0183761 -0.7259084 -0.0136423 0.6874105
10.810480 -1.2593940 0.0336142 0.7566040 -0.0180488 -0.7304226 -0.0142517 0.6826082
11.018230 -1.3446339 0.0368728 0.7494331 -0.0191793 -0.7345759 -0.0187279 0.6779969
11.226110 -1.4293507 0.0407703 0.7413557 -0.0175982 -0.7369927 -0.0228516 0.6752850
11.434110 -1.5148113 0.0448126 0.7330098 -0.0158409 -0.7379767 -0.0252289 0.6741683
11.642000 -1.6008728 0.0482924 0.7244821 -0.0150275 -0.7387854 -0.0251738 0.6733027
11.849860 -1.6877561 0.0521803 0.7156360 -0.0114539 -0.7393826 -0.0264496 0.6726683
12.057860 -1.7756728 0.0555045 0.7065012 -0.0073160 -0.7391569 -0.0268206 0.6729593
12.369860 -1.9092523 0.0611286 0.6936723 -0.0098662 -0.7373796 -0.0289986 0.6747838
12.577880 -1.9995054 0.0651176 0.6856732 -0.0083116 -0.7351046 -0.0302771 0.6772263
12.785860 -2.0896354 0.0693010 0.6778781 -0.0054460 -0.7310100 -0.0334027 0.6815270
12.993730 -2.1807570 0.0736073 0.6712975 -0.0044125 -0.7270240 -0.0328189 0.6858130
13.201610 -2.2724774 0.0772889 0.6661022 -0.0054051 -0.7232479 -0.0318416 0.6898329
13.409480 -2.3645716 0.0815456 0.6617616 -0.0060687 -0.7192708 -0.0325876 0.6939386
13.617240 -2.4572773 0.0849806 0.6585295 -0.0043570 -0.7158157 -0.0304890 0.6976097
13.825130 -2.5501080 0.0878308 0.6563852 -0.0026823 -0.7131253 -0.0281410 0.7004665
14.032740 -2.6437905 0.0904656 0.6544284 -0.0038043 -0.7111731 -0.0286522 0.7024226
14.240240 -2.7381780 0.0935815 0.6525814 -0.0030146 -0.7104515 -0.0299620 0.7031016
14.447760 -2.8330159 0.0963713 0.6512758 -0.0018252 -0.7098360 -0.0295015 0.7037465
14.551490 -2.8809404 0.0982594 0.6507123 -0.0017679 -0.7096794 -0.0282386 0.7039564
14.758990 -2.9764345 0.1009589 0.6496244 -0.0039105 -0.7094939 -0.0264519 0.7042041
14.862740 -3.0244491 0.1020009 0.6489558 -0.0051819 -0.7094160 -0.0273968 0.7042382
15.070240 -3.1197519 0.1054492 0.6476379 -0.0047751 -0.7090122 -0.0300442 0.7045397
15.277740 -3.2144692 0.1084105 0.6466271 -0.0031745 -0.7088892 -0.0286819 0.7047293
15.381490 -3.2621131 0.1103641 0.6461102 -0.0038373 -0.7089855 -0.0270940 0.7046919
15.485240 -3.3097737 0.1120501 0.6459699 -0.0048868 -0.7090964 -0.0268857 0.7045819
15.588990 -3.3574069 0.1132824 0.6451518 -0.0059830 -0.7088862 -0.0278716 0.7047466
15.692760 -3.4047072 0.1145693 0.6447249 -0.0068689 -0.7086892 -0.0288258 0.7048983
15.900370 -3.4989278 0.1180489 0.6431888 -0.0058232 -0.7083591 -0.0282097 0.7052642
16.004120 -3.5450728 0.1194443 0.6427063 -0.0058688 -0.7083196 -0.0272614 0.7053409
16.107990 -3.5919340 0.1207954 0.6423710 -0.0068778 -0.7082857 -0.0271414 0.7053704
16.211750 -3.6388366 0.1221665 0.6421172 -0.0088360 -0.7082146 -0.0273060 0.7054136
16.315610 -3.6853230 0.1239360 0.6420493 -0.0101028 -0.7082772 -0.0276318 0.7053210
16.419500 -3.7320337 0.1261653 0.6414877 -0.0102102 -0.7080377 -0.0283890 0.7055298
16.523240 -3.7787595 0.1276928 0.6406781 -0.0099721 -0.7076635 -0.0302252 0.7058324
16.627120 -3.8254027 0.1291865 0.6403111 -0.0093290 -0.7076026 -0.0304131 0.7058942
16.834740 -3.9180775 0.1324002 0.6394057 -0.0060695 -0.7075216 -0.0297332 0.7060398
16.938510 -3.9647112 0.1342665 0.6389102 -0.0051906 -0.7073828 -0.0291230 0.7062113
17.042360 -4.0109215 0.1356837 0.6388471 -0.0058955 -0.7074193 -0.0288157 0.7061819
17.146160 -4.0569062 0.1370984 0.6385385 -0.0065297 -0.7073631 -0.0297377 0.7061943
17.353750 -4.1499176 0.1405653 0.6378648 -0.0060224 -0.7074825 -0.0309910 0.7060254
17.457660 -4.1963463 0.1422321 0.6370777 -0.0052913 -0.7074858 -0.0326502 0.7059532
17.665390 -4.2910624 0.1458546 0.6363542 -0.0020604 -0.7076752 -0.0326863 0.7057784
17.873090 -4.3857627 0.1489147 0.6350506 -0.0016922 -0.7081947 -0.0296512 0.7053923
18.080740 -4.4821758 0.1521641 0.6342043 -0.0039450 -0.7085573 -0.0282314 0.7050773
18.288360 -4.5800219 0.1553887 0.6334615 -0.0062440 -0.7089357 -0.0287552 0.7046590
18.495870 -4.6781077 0.1584901 0.6319125 -0.0033553 -0.7094356 -0.0261979 0.7042751
18.703510 -4.7769914 0.1610286 0.6302435 -0.0030012 -0.7098424 -0.0266069 0.7038514
18.910990 -4.8783779 0.1644731 0.6275519 -0.0022546 -0.7096055 -0.0328358 0.7038301
19.118620 -4.9794316 0.1681089 0.6248426 0.0022563 -0.7092130 -0.0358672 0.7040777
19.326140 -5.0803900 0.1707579 0.6230717 0.0035326 -0.7095488 -0.0362414 0.7037149
19.533490 -5.1812720 0.1740979 0.6216844 0.0030056 -0.7098858 -0.0351020 0.7034351
19.844740 -5.3337812 0.1793611 0.6191735 -0.0000154 -0.7100730 -0.0378523 0.7031099
20.052370 -5.4342165 0.1828429 0.6180104 0.0001665 -0.7095168 -0.0366565 0.7037345
20.259990 -5.5348759 0.1862926 0.6166674 -0.0002172 -0.7088580 -0.0372828 0.7043652
20.467490 -5.6358228 0.1904256 0.6152915 -0.0007631 -0.7078175 -0.0397304 0.7052768
20.675130 -5.7358279 0.1940676 0.6143321 0.0015557 -0.7075438 -0.0380255 0.7056440
20.882620 -5.8351421 0.1968883 0.6133830 0.0005841 -0.7075989 -0.0357909 0.7057071
21.089990 -5.9343047 0.2005776 0.6128585 -0.0003316 -0.7078024 -0.0338705 0.7055980
21.297510 -6.0333180 0.2040952 0.6119564 -0.0022956 -0.7077691 -0.0337369 0.7056341
21.504990 -6.1319890 0.2075725 0.6113682 -0.0040116 -0.7079465 -0.0319967 0.7055295
21.712490 -6.2308950 0.2116759 0.6106319 -0.0047867 -0.7079942 -0.0344983 0.7053590
21.816370 -6.2804322 0.2135407 0.6099960 -0.0053365 -0.7077443 -0.0387863 0.7053830
22.023870 -6.3789692 0.2179170 0.6082178 -0.0009367 -0.7065346 -0.0403259 0.7065281
22.127740 -6.4282770 0.2196558 0.6076868 0.0014952 -0.7059111 -0.0389633 0.7072263
22.231490 -6.4771805 0.2212498 0.6072869 0.0028931 -0.7056246 -0.0393170 0.7074884
22.335250 -6.5258336 0.2228875 0.6073264 0.0021962 -0.7053499 -0.0363601 0.7079228
22.439020 -6.5748682 0.2243173 0.6071849 0.0025932 -0.7054061 -0.0336048 0.7080016
22.646620 -6.6729622 0.2271530 0.6072912 -0.0001452 -0.7059397 -0.0305290 0.7076137
22.750370 -6.7222962 0.2282629 0.6071433 -0.0023916 -0.7056273 -0.0330885 0.7078061
22.957990 -6.8209214 0.2317738 0.6068336 -0.0012887 -0.7043511 -0.0338833 0.7090414
23.061870 -6.8699803 0.2335017 0.6067330 -0.0005811 -0.7040073 -0.0346514 0.7093467
23.165620 -6.9192123 0.2350408 0.6066257 -0.0015738 -0.7036269 -0.0344508 0.7097322
23.373250 -7.0145874 0.2380371 0.6067426 -0.0000543 -0.7027914 -0.0335072 0.7106065
23.580990 -7.1062984 0.2406214 0.6074275 -0.0009632 -0.7016682 -0.0351172 0.7116373
23.684740 -7.1506829 0.2417493 0.6076078 -0.0011035 -0.7013867 -0.0359823 0.7118712
23.892370 -7.2362838 0.2439896 0.6084334 -0.0020131 -0.7012682 -0.0366873 0.7119501
23.996270 -7.2778130 0.2453169 0.6084607 -0.0015839 -0.7010182 -0.0363879 0.7122127
24.100000 -7.3174334 0.2464564 0.6089547 -0.0012785 -0.7004865 -0.0367022 0.7127201
24.307750 -7.3946638 0.2488490 0.6098031 -0.0011235 -0.7002075 -0.0361298 0.7130237
24.515240 -7.4694309 0.2508932 0.6105750 0.0002151 -0.7032779 -0.0329456 0.7101512
24.722870 -7.5442042 0.2528150 0.6102118 0.0027458 -0.7063821 -0.0330660 0.7070526
24.930500 -7.6187258 0.2546317 0.6094265 0.0020621 -0.7080478 -0.0342682 0.7053295
25.138140 -7.6932178 0.2568679 0.6087011 -0.0002197 -0.7090676 -0.0333177 0.7043529
25.345870 -7.7663589 0.2588671 0.6075488 0.0013636 -0.7095634 -0.0334315 0.7038468
25.553620 -7.8398390 0.2607118 0.6062249 0.0043085 -0.7091793 -0.0349822 0.7041466
25.761490 -7.9138298 0.2625319 0.6051531 0.0059532 -0.7086635 -0.0331271 0.7047434
25.969250 -7.9892058 0.2640723 0.6043243 0.0039927 -0.7081082 -0.0330901 0.7053168
26.073140 -8.0272264 0.2649920 0.6039323 0.0032492 -0.7080362 -0.0333378 0.7053813
26.177120 -8.0652838 0.2659067 0.6036726 0.0027532 -0.7077606 -0.0302539 0.7057989
26.281000 -8.1035681 0.2669480 0.6035045 0.0033871 -0.7078500 -0.0285784 0.7057763
26.488870 -8.1816158 0.2690210 0.6025306 0.0039025 -0.7069066 -0.0321855 0.7065635
26.592750 -8.2206097 0.2699677 0.6023437 0.0031660 -0.7062778 -0.0311675 0.7072413
26.696750 -8.2601862 0.2715228 0.6022542 0.0024513 -0.7053983 -0.0308629 0.7081347
26.800630 -8.3000231 0.2723734 0.6024578 0.0008172 -0.7048881 -0.0330129 0.7085494
26.904610 -8.3407078 0.2739409 0.6025083 -0.0013670 -0.7041526 -0.0332440 0.7092686
27.112500 -8.4222612 0.2771724 0.6027167 -0.0008014 -0.7028233 -0.0345182 0.7105260
27.216490 -8.4637346 0.2787291 0.6024998 -0.0004112 -0.7014650 -0.0363269 0.7117774
27.424600 -8.5473289 0.2818546 0.6032926 0.0019747 -0.6990529 -0.0368798 0.7141155
27.528600 -8.5894222 0.2834615 0.6038584 0.0031461 -0.6979810 -0.0356682 0.7152205
27.632500 -8.6318445 0.2848119 0.6048161 0.0030747 -0.6973965 -0.0350321 0.7158222
27.736480 -8.6745043 0.2862235 0.6057279 0.0025356 -0.6968489 -0.0360823 0.7163053
27.840470 -8.7174730 0.2876531 0.6067970 0.0019091 -0.6963349 -0.0377018 0.7167236
27.944280 -8.7609835 0.2892539 0.6078539 0.0019193 -0.6958005 -0.0374912 0.7172533
28.048120 -8.8047409 0.2909143 0.6091020 0.0025893 -0.6955426 -0.0361093 0.7175723
28.152000 -8.8484259 0.2923898 0.6106135 0.0024030 -0.6956894 -0.0337963 0.7175432
28.255750 -8.8930979 0.2936915 0.6116855 0.0021981 -0.6956103 -0.0327658 0.7176683
28.359620 -8.9375162 0.2951070 0.6127932 0.0027025 -0.6955343 -0.0325013 0.7177523
28.463500 -8.9822206 0.2962294 0.6144805 0.0024251 -0.6955879 -0.0323322 0.7177091
28.567240 -9.0267868 0.2976911 0.6150155 0.0031055 -0.6954187 -0.0335278 0.7178155
28.774870 -9.1192608 0.3009067 0.6168885 0.0023140 -0.6953820 -0.0352463 0.7177717
28.878620 -9.1654177 0.3026524 0.6180302 0.0022979 -0.6955416 -0.0364445 0.7175573
28.982390 -9.2116899 0.3039705 0.6187714 0.0024817 -0.6956453 -0.0375635 0.7173984
29.189620 -9.3057795 0.3068771 0.6205809 0.0046498 -0.6964046 -0.0359006 0.7167357
29.397000 -9.4009991 0.3094431 0.6229051 0.0057468 -0.6978555 -0.0294543 0.7156097
29.500870 -9.4483318 0.3107048 0.6239107 0.0036885 -0.6986324 -0.0273383 0.7149488
29.707990 -9.5461044 0.3127847 0.6260708 -0.0010856 -0.7003024 -0.0271707 0.7133282
29.811770 -9.5954638 0.3138576 0.6268292 -0.0016441 -0.7011311 -0.0263874 0.7125421
29.915440 -9.6445055 0.3152104 0.6270256 -0.0019434 -0.7017664 -0.0266395 0.7119062
30.019240 -9.6939373 0.3164350 0.6274728 -0.0028371 -0.7025097 -0.0270094 0.7111558
30.123000 -9.7438183 0.3178719 0.6277441 -0.0031245 -0.7033706 -0.0264173 0.7103254
30.226940 -9.7941036 0.3190379 0.6279840 -0.0027303 -0.7041932 -0.0259673 0.7095281
30.330400 -9.8450089 0.3204787 0.6280270 -0.0026334 -0.7050524 -0.0258131 0.7086804
30.434250 -9.8961372 0.3220392 0.6275981 -0.0026586 -0.7057484 -0.0264805 0.7079625
30.538000 -9.9472570 0.3231233 0.6275576 -0.0027774 -0.7066013 -0.0268068 0.7070985
30.745500 -10.0504570 0.3261202 0.6264373 -0.0029295 -0.7081392 -0.0287741 0.7054802
30.849370 -10.1017542 0.3277833 0.6258615 -0.0025229 -0.7086170 -0.0296107 0.7049673
31.057000 -10.2053032 0.3307742 0.6247013 -0.0014621 -0.7088879 -0.0310299 0.7046368
31.264640 -10.3090687 0.3336163 0.6241794 -0.0021246 -0.7089744 -0.0288844 0.7046392
31.472250 -10.4120979 0.3363210 0.6228420 -0.0026893 -0.7090247 -0.0285029 0.7046022
31.679870 -10.5146570 0.3391982 0.6213976 -0.0033190 -0.7086814 -0.0283685 0.7049503
31.887500 -10.6163874 0.3419633 0.6206421 -0.0070681 -0.7087710 -0.0269831 0.7048870
32.095130 -10.7179184 0.3453018 0.6196018 -0.0108424 -0.7085358 -0.0271772 0.7050680
32.302630 -10.8195534 0.3484330 0.6184625 -0.0087329 -0.7085857 -0.0272826 0.7050430
32.510130 -10.9218912 0.3521946 0.6168022 -0.0080530 -0.7084194 -0.0345174 0.7049011
32.821370 -11.0731945 0.3578838 0.6147879 -0.0033240 -0.7086163 -0.0301804 0.7049404
33.028890 -11.1745710 0.3611502 0.6145008 -0.0067255 -0.7083802 -0.0269527 0.7052843
33.236370 -11.2750235 0.3642231 0.6134527 -0.0081047 -0.7074116 -0.0287326 0.7061710
33.340130 -11.3258247 0.3661147 0.6131618 -0.0082681 -0.7070214 -0.0294816 0.7065290
33.547640 -11.4262476 0.3695214 0.6125497 -0.0081525 -0.7064275 -0.0298544 0.7071086
33.651380 -11.4764881 0.3713348 0.6122359 -0.0074588 -0.7063500 -0.0295149 0.7072077
33.858780 -11.5774021 0.3748526 0.6121973 -0.0069250 -0.7063068 -0.0288840 0.7072825
33.962500 -11.6271925 0.3765537 0.6119770 -0.0066988 -0.7061649 -0.0289976 0.7074217
34.066120 -11.6773787 0.3782258 0.6118646 -0.0065484 -0.7060975 -0.0293129 0.7074773
34.273670 -11.7779942 0.3817516 0.6114389 -0.0061840 -0.7060682 -0.0285187 0.7075424
34.380420 -11.8285770 0.3832121 0.6109923 -0.0053190 -0.7059697 -0.0275899 0.7076845
34.481200 -11.8786154 0.3846149 0.6106910 -0.0039891 -0.7060837 -0.0270419 0.7076007
34.688660 -11.9789991 0.3874095 0.6101279 -0.0019578 -0.7063143 -0.0282083 0.7073334
34.896160 -12.0796375 0.3903604 0.6093718 -0.0001255 -0.7064245 -0.0314768 0.7070882
35.103640 -12.1803503 0.3928692 0.6072962 0.0009227 -0.7063031 -0.0314367 0.7072105
35.311160 -12.2816544 0.3955457 0.6070884 0.0000217 -0.7070014 -0.0286277 0.7066324
35.518630 -12.3836288 0.3981051 0.6071680 -0.0022444 -0.7076682 -0.0285897 0.7059627
35.726300 -12.4852495 0.4006251 0.6055521 -0.0008055 -0.7076847 -0.0287734 0.7059418
35.933810 -12.5873709 0.4028866 0.6048582 -0.0013175 -0.7072270 -0.0279625 0.7064321
36.141310 -12.6898994 0.4051522 0.6048361 -0.0039768 -0.7070647 -0.0266224 0.7066363
36.352500 -12.7920427 0.4080960 0.6046190 -0.0050377 -0.7067610 -0.0258060 0.7069637
36.556280 -12.8943214 0.4106615 0.6039389 -0.0046187 -0.7061554 -0.0269075 0.7075304
36.660070 -12.9462032 0.4123775 0.6035439 -0.0044112 -0.7055319 -0.0283182 0.7080984
36.867690 -13.0492210 0.4156786 0.6030189 -0.0032293 -0.7040266 -0.0304913 0.7095114
37.076740 -13.1525412 0.4195051 0.6029497 -0.0036953 -0.7031215 -0.0343586 0.7102295
37.282530 -13.2566586 0.4236311 0.6035195 -0.0035414 -0.7031384 -0.0379432 0.7100312
37.490080 -13.3589363 0.4278637 0.6040107 -0.0006483 -0.7031720 -0.0424360 0.7097520
37.697550 -13.4590940 0.4315212 0.6049131 0.0045555 -0.7035840 -0.0384562 0.7095561
37.905190 -13.5619431 0.4357305 0.6048540 0.0040823 -0.7036154 -0.0390542 0.7094952
38.112650 -13.6638079 0.4398347 0.6053647 0.0039121 -0.7035646 -0.0403926 0.7094716
38.320400 -13.7641439 0.4432420 0.6061423 0.0011650 -0.7038019 -0.0413430 0.7091913
38.631840 -13.9116840 0.4485994 0.6059929 0.0041378 -0.7037807 -0.0420218 0.7091614
38.839480 -14.0083141 0.4520526 0.6056280 0.0035914 -0.7035547 -0.0435914 0.7092938
38.943260 -14.0557737 0.4536021 0.6055919 0.0020328 -0.7035825 -0.0438845 0.7092543
39.150880 -14.1489840 0.4573336 0.6060050 -0.0006945 -0.7037608 -0.0451818 0.7089985
39.254640 -14.1935167 0.4593632 0.6061697 -0.0013073 -0.7040067 -0.0460469 0.7086979
39.462260 -14.2813311 0.4626360 0.6058857 0.0049377 -0.7047962 -0.0405081 0.7082351
39.669750 -14.3675156 0.4649054 0.6054136 0.0112483 -0.7055731 -0.0357235 0.7076468
39.877260 -14.4535608 0.4666438 0.6047001 0.0078631 -0.7057054 -0.0396089 0.7073536
40.084760 -14.5382347 0.4694141 0.6036168 0.0059110 -0.7055127 -0.0433814 0.7073436
40.292250 -14.6192293 0.4721515 0.6026559 0.0070623 -0.7045916 -0.0471268 0.7080112
40.396000 -14.6580591 0.4734016 0.6025234 0.0084112 -0.7038025 -0.0478400 0.7087332
40.603750 -14.7330256 0.4756819 0.6026800 0.0117695 -0.7012178 -0.0469709 0.7113008
40.707630 -14.7688589 0.4760508 0.6031810 0.0124885 -0.6993734 -0.0457149 0.7131838
40.915500 -14.8367004 0.4771330 0.6049877 0.0144426 -0.6918885 -0.0431621 0.7205683
41.123900 -14.8994732 0.4779485 0.6094209 0.0142404 -0.6777281 -0.0408577 0.7340385
41.436400 -14.9845800 0.4783373 0.6218600 0.0085966 -0.6457793 -0.0380434 0.7625273
41.644890 -15.0360832 0.4788359 0.6347449 0.0022828 -0.6187088 -0.0367803 0.7847556
41.853380 -15.0836487 0.4794296 0.6511984 -0.0015453 -0.5870304 -0.0339592 0.8088509
42.061910 -15.1288252 0.4804293 0.6714530 -0.0015060 -0.5488919 -0.0316596 0.8352922
42.270640 -15.1708775 0.4806463 0.6956577 -0.0026367 -0.5056980 -0.0295507 0.8622003
42.479000 -15.2097635 0.4810560 0.7240214 -0.0008336 -0.4618318 -0.0243887 0.8866317
42.687400 -15.2463579 0.4814902 0.7569976 -0.0017657 -0.4170181 -0.0239045 0.9085821
42.791610 -15.2632217 0.4819200 0.7750459 -0.0044643 -0.3950576 -0.0229012 0.9183600
42.999850 -15.2955427 0.4817602 0.8137040 -0.0069038 -0.3502554 -0.0216361 0.9363789
43.208100 -15.3258476 0.4823256 0.8561358 -0.0064348 -0.3052714 -0.0227265 0.9519724
43.312040 -15.3390102 0.4825907 0.8789301 -0.0066046 -0.2836409 -0.0189934 0.9587197
43.416010 -15.3515882 0.4827906 0.9028134 -0.0053068 -0.2628163 -0.0158620 0.9647009
43.624130 -15.3758821 0.4828660 0.9534259 -0.0013950 -0.2226746 -0.0140234 0.9747909
43.831930 -15.3969498 0.4828368 1.0082941 0.0001726 -0.1849501 -0.0137178 0.9826521
43.935770 -15.4070463 0.4825003 1.0374508 -0.0001272 -0.1662316 -0.0164989 0.9859487
44.039730 -15.4163084 0.4823656 1.0674672 0.0001775 -0.1481241 -0.0185463 0.9887949
44.143640 -15.4242353 0.4821390 1.0981421 0.0023814 -0.1312690 -0.0198559 0.9911451
44.247500 -15.4318151 0.4817387 1.1297252 0.0044410 -0.1155660 -0.0208558 0.9930709
44.351260 -15.4387312 0.4812659 1.1619534 0.0063446 -0.1020609 -0.0235938 0.9944781
44.558770 -15.4510107 0.4799320 1.2306426 0.0069537 -0.0813641 -0.0283371 0.9962572
44.766040 -15.4618359 0.4787410 1.3033316 0.0067442 -0.0635497 -0.0341078 0.9973729
44.869760 -15.4663095 0.4779551 1.3408296 0.0067827 -0.0545686 -0.0357781 0.9978458
45.077340 -15.4737196 0.4762852 1.4192859 0.0061933 -0.0376748 -0.0373387 0.9985730
45.284520 -15.4785366 0.4746831 1.4990351 0.0063174 -0.0272046 -0.0357358 0.9989709
45.491890 -15.4826136 0.4724301 1.5807474 0.0072677 -0.0208289 -0.0356351 0.9991214
45.699250 -15.4868412 0.4705250 1.6670026 0.0074697 -0.0148937 -0.0360807 0.9992100
45.906670 -15.4888391 0.4682054 1.7547514 0.0052525 -0.0121282 -0.0335498 0.9993497
46.114350 -15.4916563 0.4660600 1.8447604 0.0023383 -0.0100821 -0.0322918 0.9994249
46.425270 -15.4946966 0.4631883 1.9789946 0.0018727 -0.0073976 -0.0307785 0.9994971
46.632760 -15.4965162 0.4614484 2.0695488 0.0025530 -0.0047548 -0.0299032 0.9995382
46.840500 -15.4974318 0.4594060 2.1617901 0.0019151 -0.0017541 -0.0288157 0.9995814
47.047940 -15.4982071 0.4576449 2.2533853 0.0007033 0.0006366 -0.0273102 0.9996266
47.255540 -15.4982634 0.4560362 2.3442738 0.0016663 0.0021924 -0.0270864 0.9996293
47.463130 -15.4983263 0.4539734 2.4333251 0.0012661 0.0040012 -0.0277455 0.9996062
47.670630 -15.4979944 0.4521793 2.5215082 0.0003107 0.0057564 -0.0272582 0.9996118
47.878270 -15.4979277 0.4507153 2.6092849 0.0002279 0.0076105 -0.0270803 0.9996043
48.085760 -15.4972420 0.4486603 2.6946509 0.0000583 0.0092903 -0.0268797 0.9995955
48.293380 -15.4964933 0.4470725 2.7773631 0.0014514 0.0109597 -0.0276988 0.9995552
48.501010 -15.4952393 0.4451557 2.8580670 0.0024390 0.0134920 -0.0286678 0.9994950
48.812510 -15.4924603 0.4417929 2.9765658 0.0012123 0.0192278 -0.0292643 0.9993860
49.020310 -15.4903049 0.4406842 3.0529189 0.0012924 0.0261582 -0.0299064 0.9992095
49.332130 -15.4829979 0.4379317 3.1627035 0.0012073 0.0441142 -0.0321825 0.9985073
49.540260 -15.4752226 0.4360722 3.2322960 0.0019256 0.0616309 -0.0325299 0.9975669
49.852530 -15.4570465 0.4336380 3.3331206 -0.0004586 0.0960040 -0.0243967 0.9950818
50.164890 -15.4301815 0.4306083 3.4251966 0.0040962 0.1386133 -0.0115968 0.9902702
50.477410 -15.3959341 0.4276740 3.5110373 0.0055543 0.1893484 -0.0000962 0.9818943
50.685630 -15.3694372 0.4257859 3.5638058 0.0065290 0.2264811 0.0024725 0.9739906
50.893880 -15.3407059 0.4239040 3.6129413 0.0075219 0.2675882 0.0006782 0.9635038
51.102380 -15.3073750 0.4216906 3.6578331 0.0118019 0.3139820 -0.0005270 0.9493554
51.310890 -15.2691917 0.4197076 3.6981831 0.0142682 0.3635136 0.0024790 0.9314763
51.519130 -15.2266321 0.4172989 3.7352524 0.0140490 0.4116743 0.0029598 0.9112179
51.727410 -15.1813135 0.4146388 3.7679458 0.0142205 0.4581257 0.0003655 0.8887736
51.935520 -15.1325550 0.4118840 3.7964611 0.0156978 0.5018210 -0.0021310 0.8648264
52.143390 -15.0812054 0.4093757 3.8205814 0.0156515 0.5398361 -0.0037782 0.8416162
52.351170 -15.0258026 0.4067622 3.8413959 0.0100449 0.5727135 -0.0043943 0.8196823
52.662510 -14.9385338 0.4035213 3.8647699 0.0096107 0.6144139 -0.0024236 0.7889216
52.973760 -14.8446493 0.4004267 3.8817537 0.0075414 0.6492838 -0.0049256 0.7604929
53.284760 -14.7446451 0.3977536 3.8918376 0.0094166 0.6733246 -0.0016835 0.7392851
53.595760 -14.6391344 0.3950587 3.8982174 0.0084043 0.6872357 -0.0006733 0.7263856
53.803010 -14.5656462 0.3935524 3.9011574 0.0079313 0.6944103 0.0013933 0.7195342
54.010510 -14.4893608 0.3921512 3.9027400 0.0080637 0.7013577 0.0012506 0.7127628
54.217890 -14.4098654 0.3903872 3.9031160 0.0088146 0.7075160 0.0013026 0.7066411
54.425390 -14.3298445 0.3886854 3.9020636 0.0101035 0.7127486 0.0023532 0.7013429
54.632760 -14.2476463 0.3866019 3.8997605 0.0101458 0.7174032 0.0030560 0.6965775
54.840260 -14.1640873 0.3846438 3.8965173 0.0102550 0.7221736 0.0041571 0.6916233
54.944010 -14.1216412 0.3835199 3.8941607 0.0112360 0.7241064 0.0052177 0.6895770
55.151390 -14.0357752 0.3815758 3.8891685 0.0143572 0.7264498 0.0069858 0.6870341
55.358770 -13.9498959 0.3790490 3.8840714 0.0166903 0.7274479 0.0080291 0.6859129
55.566140 -13.8637276 0.3765880 3.8790076 0.0213377 0.7279700 0.0058278 0.6852521
55.669890 -13.8203926 0.3751234 3.8761091 0.0225953 0.7274720 0.0066103 0.6857334
55.877270 -13.7337408 0.3721302 3.8716941 0.0226521 0.7263518 0.0087882 0.6868935
55.981020 -13.6909895 0.3705214 3.8690410 0.0230647 0.7251793 0.0094210 0.6881092
56.188510 -13.6044312 0.3673339 3.8645380 0.0244596 0.7223827 0.0105218 0.6909806
56.292140 -13.5617113 0.3659401 3.8628547 0.0245532 0.7204908 0.0111876 0.6929393
56.499640 -13.4757051 0.3632171 3.8604543 0.0245673 0.7160785 0.0109222 0.6975018
56.707140 -13.3900166 0.3603537 3.8590002 0.0236975 0.7114704 0.0108563 0.7022325
56.914760 -13.3062410 0.3571163 3.8590300 0.0234156 0.7078491 0.0092553 0.7059147
57.122390 -13.2227993 0.3542826 3.8591588 0.0231731 0.7061343 0.0080084 0.7076533
57.329890 -13.1394281 0.3510294 3.8595855 0.0230965 0.7048008 0.0075697 0.7089887
57.537640 -13.0565720 0.3479729 3.8603818 0.0222913 0.7044044 0.0067433 0.7094167
57.641390 -13.0154533 0.3463760 3.8608317 0.0218557 0.7044011 0.0065590 0.7094352
57.849010 -12.9336033 0.3430029 3.8616016 0.0202530 0.7045544 0.0058111 0.7093371
58.056770 -12.8517618 0.3396656 3.8618550 0.0194706 0.7065284 0.0046271 0.7074016
58.264510 -12.7697210 0.3367907 3.8623946 0.0189944 0.7093509 0.0045618 0.7045848
58.472270 -12.6887112 0.3333883 3.8614249 0.0199583 0.7115095 0.0049142 0.7023758
58.679890 -12.6066504 0.3305697 3.8599463 0.0194522 0.7128063 0.0052487 0.7010714
58.887510 -12.5256987 0.3274990 3.8584361 0.0200783 0.7136184 0.0059417 0.7002217
59.095140 -12.4440632 0.3245151 3.8567216 0.0215754 0.7129248 0.0067525 0.7008759
59.198890 -12.4038858 0.3230769 3.8562865 0.0225411 0.7122050 0.0068520 0.7015761
59.302640 -12.3633146 0.3216433 3.8557603 0.0234607 0.7110514 0.0069719 0.7027139
59.406390 -12.3230715 0.3201408 3.8557873 0.0235461 0.7097954 0.0070835 0.7039786
59.613890 -12.2428303 0.3166479 3.8560512 0.0223419 0.7071794 0.0081694 0.7066339
59.821390 -12.1622219 0.3137317 3.8565166 0.0200651 0.7051162 0.0097375 0.7087409
60.029020 -12.0825233 0.3114351 3.8575456 0.0187799 0.7035841 0.0105427 0.7102856
60.236640 -12.0025549 0.3089509 3.8586478 0.0190514 0.7030262 0.0092446 0.7108486
60.340520 -11.9635677 0.3079678 3.8590589 0.0191722 0.7031613 0.0083531 0.7107227
60.444270 -11.9242172 0.3068041 3.8597009 0.0193339 0.7034004 0.0078288 0.7104877
60.548140 -11.8850651 0.3052487 3.8603942 0.0195903 0.7035213 0.0081289 0.7103577
60.651890 -11.8462572 0.3042523 3.8610811 0.0193285 0.7035703 0.0079297 0.7103185
60.755770 -11.8070431 0.3027706 3.8615496 0.0188047 0.7034473 0.0081077 0.7104524
60.859520 -11.7682877 0.3015885 3.8621373 0.0184973 0.7031287 0.0080277 0.7107767
60.963390 -11.7300014 0.3002102 3.8627687 0.0184525 0.7028003 0.0081885 0.7111008
61.067140 -11.6914530 0.2989054 3.8635669 0.0180733 0.7027553 0.0072587 0.7111650
61.171010 -11.6523781 0.2975226 3.8641584 0.0181703 0.7027619 0.0070555 0.7111581
61.274900 -11.6141014 0.2962420 3.8653440 0.0182400 0.7028732 0.0066763 0.7110499
61.482660 -11.5362253 0.2928808 3.8664920 0.0192636 0.7009576 0.0073201 0.7129052
61.690270 -11.4594097 0.2898854 3.8685458 0.0187505 0.6990538 0.0057197 0.7148004
62.001910 -11.3424511 0.2858065 3.8720918 0.0181051 0.6966974 0.0037943 0.7171266
62.209770 -11.2629118 0.2828297 3.8754358 0.0177769 0.6954356 0.0031256 0.7183617
62.417520 -11.1827240 0.2795502 3.8789840 0.0182706 0.6948134 -0.0001709 0.7189580
62.625390 -11.1006403 0.2763101 3.8823779 0.0172832 0.6948689 -0.0008032 0.7189282
62.729390 -11.0588493 0.2745875 3.8838463 0.0159511 0.6957302 -0.0009086 0.7181255
62.937280 -10.9740849 0.2712406 3.8868470 0.0156715 0.6979752 -0.0021787 0.7159472
63.145270 -10.8885336 0.2675720 3.8886933 0.0159081 0.7013053 -0.0035558 0.7126747
63.353270 -10.8016500 0.2642300 3.8896677 0.0149032 0.7064061 -0.0036861 0.7076403
63.561140 -10.7132654 0.2606835 3.8888612 0.0153558 0.7110562 -0.0025950 0.7029626
63.769150 -10.6246071 0.2569755 3.8874102 0.0157591 0.7146460 -0.0013467 0.6993075
63.976770 -10.5362711 0.2535119 3.8853853 0.0151782 0.7161119 0.0008750 0.6978199
64.184520 -10.4487200 0.2499698 3.8836844 0.0150050 0.7175243 0.0004783 0.6963717
64.392270 -10.3612804 0.2467791 3.8811312 0.0153080 0.7186262 0.0006009 0.6952278
64.600020 -10.2760220 0.2434255 3.8785353 0.0152463 0.7196551 0.0015480 0.6941625
64.807770 -10.1913710 0.2400929 3.8754392 0.0151969 0.7215170 0.0013575 0.6922286
65.015520 -10.1080894 0.2367074 3.8714175 0.0153062 0.7241440 0.0019908 0.6894761
65.327150 -9.9848366 0.2315040 3.8645821 0.0199907 0.7272373 0.0033146 0.6860869
65.534900 -9.9038963 0.2273244 3.8596714 0.0204440 0.7272257 0.0080561 0.6860467
65.742520 -9.8230486 0.2248840 3.8557742 0.0217234 0.7262812 0.0077581 0.6870106
65.950140 -9.7422094 0.2218616 3.8514717 0.0236222 0.7232408 0.0084245 0.6901404
66.157650 -9.6600046 0.2188032 3.8482285 0.0246012 0.7183648 0.0099762 0.6951599
66.365150 -9.5785522 0.2162184 3.8471341 0.0230559 0.7132905 0.0116916 0.7003917
66.572770 -9.4964561 0.2132519 3.8463688 0.0237147 0.7075144 0.0127083 0.7061865
66.884270 -9.3742914 0.2086026 3.8490829 0.0235030 0.6987954 0.0106831 0.7148556
67.091770 -9.2919521 0.2054478 3.8526454 0.0214724 0.6928495 0.0093694 0.7207015
67.403270 -9.1680002 0.2010330 3.8599701 0.0188564 0.6870867 0.0058029 0.7263075
67.611020 -9.0857010 0.1978972 3.8654799 0.0170790 0.6858430 0.0042101 0.7275369
67.818770 -9.0027800 0.1949940 3.8713152 0.0165675 0.6846849 0.0040508 0.7286397
68.026520 -8.9197235 0.1920727 3.8770993 0.0138858 0.6847477 0.0021364 0.7286447
68.234410 -8.8367157 0.1889476 3.8823233 0.0122584 0.6874855 -0.0000998 0.7260947
68.442400 -8.7536898 0.1858533 3.8866789 0.0118856 0.6923652 -0.0013721 0.7214481
68.650270 -8.6714725 0.1826715 3.8891592 0.0124196 0.6977090 -0.0020195 0.7162707
68.858270 -8.5896664 0.1794082 3.8907301 0.0126339 0.7041692 -0.0035393 0.7099110
69.066150 -8.5089273 0.1760983 3.8903801 0.0130998 0.7115734 -0.0041310 0.7024775
69.274020 -8.4285135 0.1728061 3.8878016 0.0133714 0.7188206 -0.0014637 0.6950654
69.482020 -8.3484325 0.1696108 3.8836942 0.0151021 0.7259895 0.0001299 0.6875400
69.689790 -8.2700024 0.1666042 3.8780985 0.0179107 0.7319173 0.0024612 0.6811537
69.793650 -8.2307692 0.1652355 3.8746924 0.0195137 0.7337173 0.0044396 0.6791601
70.001280 -8.1528320 0.1626369 3.8677278 0.0208112 0.7358044 0.0079745 0.6768273
70.208900 -8.0779696 0.1596410 3.8606071 0.0229594 0.7368566 0.0109565 0.6755703
70.416520 -8.0063162 0.1571108 3.8538074 0.0253462 0.7365022 0.0128128 0.6758386
70.624030 -7.9386353 0.1546322 3.8478565 0.0266696 0.7358658 0.0144563 0.6764476
70.831650 -7.8756347 0.1526054 3.8428228 0.0275815 0.7353929 0.0158324 0.6768943
71.143020 -7.7896266 0.1488040 3.8356113 0.0288405 0.7346414 0.0183081 0.6775951
71.350530 -7.7369957 0.1467209 3.8311443 0.0298953 0.7336069 0.0189499 0.6786516
71.558020 -7.6888676 0.1450183 3.8273797 0.0332516 0.7316790 0.0187713 0.6805791
71.765560 -7.6447115 0.1434732 3.8248217 0.0341055 0.7274974 0.0194914 0.6849850
71.972900 -7.6040988 0.1419193 3.8233290 0.0344570 0.7201555 0.0228724 0.6925790
72.180150 -7.5657763 0.1399106 3.8237770 0.0370995 0.7073352 0.0223270 0.7055508
72.387400 -7.5293379 0.1380049 3.8272390 0.0376227 0.6868939 0.0178922 0.7255626
72.594660 -7.4930992 0.1363535 3.8339372 0.0359179 0.6600861 0.0147623 0.7501855
72.802030 -7.4585271 0.1342044 3.8433995 0.0308121 0.6295099 0.0127087 0.7762772
73.009400 -7.4262586 0.1317235 3.8557057 0.0254675 0.5963323 0.0098602 0.8022730
73.216920 -7.3963127 0.1298529 3.8700409 0.0243375 0.5611829 0.0049477 0.8273191
73.424400 -7.3675361 0.1281669 3.8863354 0.0236282 0.5244759 0.0038942 0.8510885
73.631900 -7.3397198 0.1263132 3.9058044 0.0221171 0.4870561 0.0006890 0.8730903
73.839400 -7.3127604 0.1246590 3.9280474 0.0235571 0.4473939 -0.0024213 0.8940234
74.046900 -7.2855320 0.1225071 3.9535117 0.0267791 0.4037485 -0.0000125 0.9144780
74.254400 -7.2607965 0.1200039 3.9840555 0.0271477 0.3581344 -0.0031428 0.9332700
74.461900 -7.2373586 0.1176319 4.0200176 0.0242199 0.3096403 -0.0075786 0.9505151
74.669530 -7.2137012 0.1149663 4.0606813 0.0236655 0.2625164 -0.0030631 0.9646324
74.877250 -7.1930251 0.1130921 4.1076245 0.0192272 0.2186821 -0.0048089 0.9755949
75.085170 -7.1738467 0.1104949 4.1600561 0.0165034 0.1798079 -0.0041754 0.9835544
75.293030 -7.1558175 0.1077532 4.2172976 0.0144891 0.1428936 0.0041984 0.9896231
75.501030 -7.1420879 0.1046279 4.2793131 0.0178130 0.1069841 0.0065855 0.9940794
75.709040 -7.1326480 0.1020022 4.3476772 0.0211189 0.0747971 0.0046697 0.9969642
75.917280 -7.1255240 0.0986553 4.4222045 0.0158026 0.0476514 0.0043830 0.9987294
76.021400 -7.1234646 0.0971710 4.4611588 0.0129831 0.0366911 0.0034840 0.9992362
76.229650 -7.1206951 0.0944152 4.5425262 0.0122239 0.0181650 0.0025684 0.9997570
76.437900 -7.1200676 0.0911202 4.6274185 0.0152340 0.0035545 0.0035273 0.9998714
76.646280 -7.1218143 0.0882333 4.7182956 0.0117380 -0.0057879 0.0019243 0.9999125
76.854780 -7.1242375 0.0854363 4.8121200 0.0077187 -0.0085009 -0.0008926 0.9999337
77.063280 -7.1255512 0.0820796 4.9080276 0.0130545 -0.0058887 -0.0008886 0.9998971
77.271780 -7.1264758 0.0783719 5.0058270 0.0131476 -0.0018924 -0.0009232 0.9999114
77.480150 -7.1262832 0.0741614 5.1048155 0.0145753 0.0032019 -0.0001956 0.9998887
77.688410 -7.1245928 0.0700820 5.2057128 0.0109166 0.0093593 -0.0000911 0.9998966
77.896530 -7.1218362 0.0666850 5.3078833 0.0042581 0.0141494 0.0029351 0.9998865
78.104530 -7.1194682 0.0635540 5.4069352 0.0121729 0.0174734 0.0033365 0.9997677
78.312540 -7.1166058 0.0592974 5.5070615 0.0114850 0.0205473 0.0001108 0.9997229
78.520420 -7.1131544 0.0556466 5.6072807 0.0102958 0.0220990 -0.0047250 0.9996916
78.728280 -7.1094656 0.0516643 5.7068777 0.0133360 0.0209160 -0.0031947 0.9996872
78.936040 -7.1059322 0.0476521 5.8057117 0.0110249 0.0177630 -0.0013817 0.9997805
79.143650 -7.1030531 0.0438960 5.9035945 0.0107916 0.0141800 0.0008506 0.9998409
79.351410 -7.1008730 0.0410946 5.9997649 0.0107678 0.0111912 0.0012531 0.9998786
79.559160 -7.1003609 0.0372813 6.0922637 0.0097068 0.0084940 0.0025772 0.9999135
79.766910 -7.0992737 0.0338718 6.1812983 0.0137446 0.0057627 0.0018175 0.9998873
79.974650 -7.0985737 0.0299824 6.2664671 0.0117589 0.0029803 0.0019538 0.9999245
80.182280 -7.0987482 0.0264066 6.3470607 0.0117704 -0.0010411 0.0023030 0.9999275
80.389910 -7.1000204 0.0226895 6.4222245 0.0104494 -0.0064365 0.0008884 0.9999243
80.597530 -7.1025343 0.0200425 6.4921679 0.0086552 -0.0129069 -0.0000324 0.9998792
80.908780 -7.1080537 0.0159409 6.5865173 0.0084944 -0.0296123 -0.0003205 0.9995253
81.219910 -7.1184464 0.0120699 6.6697412 0.0119362 -0.0583188 -0.0025605 0.9982234
81.427280 -7.1289110 0.0102004 6.7225618 0.0127873 -0.0847859 -0.0036446 0.9963105
81.634660 -7.1427307 0.0081524 6.7734370 0.0114827 -0.1154372 -0.0063717 0.9932280
81.842030 -7.1604376 0.0061497 6.8218522 0.0094875 -0.1524208 -0.0116774 0.9882011
82.049410 -7.1815863 0.0048498 6.8673310 0.0089409 -0.1947498 -0.0174539 0.9806569
82.256780 -7.2071743 0.0035525 6.9113584 0.0060614 -0.2364129 -0.0238943 0.9713399
82.464290 -7.2358675 0.0026652 6.9538593 0.0050650 -0.2784681 -0.0248818 0.9601098
82.671660 -7.2698393 0.0028479 6.9954410 0.0040674 -0.3211237 -0.0280220 0.9466138
82.879160 -7.3089151 0.0030113 7.0356202 0.0002241 -0.3648389 -0.0289801 0.9306195
83.086530 -7.3534255 0.0034051 7.0736604 -0.0003802 -0.4105905 -0.0267582 0.9114271
83.293910 -7.4034443 0.0042376 7.1078482 0.0019186 -0.4576781 -0.0232234 0.8888125
83.501280 -7.4597716 0.0051448 7.1382952 0.0041140 -0.5047463 -0.0218286 0.8629819
83.708780 -7.5225787 0.0063443 7.1637726 0.0023548 -0.5488459 -0.0251691 0.8355412
83.916530 -7.5913138 0.0078248 7.1848040 0.0001862 -0.5881601 -0.0281392 0.8082548
84.124410 -7.6644154 0.0098585 7.2007709 0.0016618 -0.6223449 -0.0298089 0.7821736
84.332560 -7.7427979 0.0121746 7.2116570 0.0028164 -0.6494088 -0.0292864 0.7598701
84.540910 -7.8256769 0.0146685 7.2202721 0.0001905 -0.6678597 -0.0311266 0.7436360
84.749540 -7.9121099 0.0177943 7.2262092 -0.0025184 -0.6783622 -0.0321826 0.7340182
84.958180 -8.0019474 0.0207570 7.2316508 -0.0025843 -0.6838391 -0.0321805 0.7289182
85.166780 -8.0950861 0.0241591 7.2368107 -0.0023766 -0.6855218 -0.0319059 0.7273487
85.375410 -8.1910610 0.0274577 7.2421093 -0.0032147 -0.6848892 -0.0317362 0.7279487
85.583790 -8.2896328 0.0311094 7.2482018 -0.0047828 -0.6845204 -0.0293722 0.7283860
85.792160 -8.3912258 0.0350081 7.2545605 -0.0066751 -0.6841993 -0.0285239 0.7287065
86.000290 -8.4962072 0.0389439 7.2618103 -0.0083941 -0.6840626 -0.0266402 0.7288883
86.208410 -8.6038227 0.0426733 7.2682533 -0.0101970 -0.6838241 -0.0248681 0.7291517
86.416540 -8.7141476 0.0468042 7.2752886 -0.0117256 -0.6840984 -0.0231395 0.7289283
86.624410 -8.8277416 0.0506805 7.2818441 -0.0121029 -0.6852522 -0.0203205 0.7279217
86.832300 -8.9450369 0.0551461 7.2884655 -0.0145613 -0.6874896 -0.0191563 0.7257955
87.040040 -9.0660791 0.0600194 7.2939491 -0.0172791 -0.6915819 -0.0200441 0.7218131
87.247790 -9.1889009 0.0653397 7.2975554 -0.0165336 -0.6969776 -0.0199348 0.7166250
87.455540 -9.3144264 0.0702808 7.2984781 -0.0180903 -0.7020285 -0.0238713 0.7115187
87.663280 -9.4393978 0.0755993 7.2983618 -0.0149477 -0.7073421 -0.0209576 0.7064025
87.871040 -9.5647230 0.0797467 7.2961631 -0.0135387 -0.7124286 -0.0192750 0.7013492
88.078660 -9.6900129 0.0836786 7.2932143 -0.0143239 -0.7174668 -0.0199849 0.6961586
88.286420 -9.8151407 0.0875358 7.2871776 -0.0134698 -0.7218824 -0.0209979 0.6915659
88.390290 -9.8771887 0.0900559 7.2841034 -0.0127712 -0.7240344 -0.0216265 0.6893065
88.598040 -10.0009899 0.0943588 7.2765970 -0.0132728 -0.7272130 -0.0236320 0.6858765
88.805910 -10.1207609 0.0986824 7.2685862 -0.0108947 -0.7285769 -0.0246701 0.6844329
89.013920 -10.2371759 0.1023278 7.2600045 -0.0098598 -0.7285622 -0.0264241 0.6843987
89.221790 -10.3495417 0.1060283 7.2523937 -0.0108150 -0.7287793 -0.0298835 0.6840107
89.429660 -10.4553127 0.1094097 7.2451801 -0.0079979 -0.7291960 -0.0295287 0.6836207
89.637790 -10.5565662 0.1123232 7.2382627 -0.0066804 -0.7273425 -0.0329012 0.6854530
89.845790 -10.6544781 0.1156084 7.2319803 -0.0042791 -0.7244973 -0.0323762 0.6885035
90.053790 -10.7525721 0.1187414 7.2274499 -0.0039161 -0.7219533 -0.0308698 0.6912417
90.157790 -10.8014441 0.1203723 7.2251310 -0.0035702 -0.7210031 -0.0316564 0.6921991
90.365790 -10.8988085 0.1233737 7.2211618 -0.0028954 -0.7193508 -0.0316367 0.6939201
90.573810 -10.9948187 0.1260606 7.2173047 0.0001240 -0.7167300 -0.0319221 0.6966197
90.781830 -11.0918407 0.1292067 7.2147608 -0.0031236 -0.7132459 -0.0339337 0.7000850
90.989920 -11.1875181 0.1324399 7.2132044 -0.0057917 -0.7098452 -0.0355646 0.7034354
91.198060 -11.2816525 0.1364187 7.2131000 -0.0057731 -0.7074903 -0.0332247 0.7059180
91.406040 -11.3768368 0.1398921 7.2131963 -0.0048400 -0.7052121 -0.0325915 0.7082304
91.613920 -11.4724541 0.1436067 7.2138357 -0.0046913 -0.7039109 -0.0317379 0.7095634
91.821910 -11.5697088 0.1470051 7.2151041 -0.0058265 -0.7032698 -0.0318044 0.7101873
92.133670 -11.7161121 0.1526623 7.2154984 -0.0078369 -0.7040414 -0.0316020 0.7094122
92.341560 -11.8128271 0.1560242 7.2150946 -0.0084824 -0.7053378 -0.0326524 0.7080681
92.549420 -11.9085140 0.1597401 7.2145467 -0.0076904 -0.7069989 -0.0319738 0.7064496
92.757420 -12.0030451 0.1635185 7.2137427 -0.0064371 -0.7087185 -0.0306341 0.7047966
92.965410 -12.0996485 0.1665295 7.2120070 -0.0034620 -0.7097386 -0.0306281 0.7037905
93.277290 -12.2452965 0.1721233 7.2098813 -0.0063674 -0.7099279 -0.0330767 0.7034684
93.589290 -12.3938427 0.1783983 7.2077293 -0.0050036 -0.7103908 -0.0318796 0.7030672
94.005060 -12.5983458 0.1862096 7.2032857 -0.0040295 -0.7107789 -0.0330325 0.7026280
94.213040 -12.7036562 0.1899369 7.2018619 -0.0030432 -0.7105254 -0.0323397 0.7029214
94.524920 -12.8640652 0.1958851 7.1991196 -0.0016666 -0.7104099 -0.0306681 0.7031177
94.732790 -12.9720802 0.1989540 7.1975269 -0.0010870 -0.7102858 -0.0295291 0.7032930
95.044550 -13.1337767 0.2031949 7.1958280 -0.0031831 -0.7096275 -0.0284411 0.7039956
95.356290 -13.2939234 0.2074722 7.1942906 -0.0046663 -0.7086273 -0.0278816 0.7050164
95.564040 -13.4004927 0.2108805 7.1935430 -0.0053756 -0.7077585 -0.0284908 0.7058593
95.875790 -13.5584621 0.2152811 7.1929870 -0.0043685 -0.7066478 -0.0276823 0.7070103
96.083670 -13.6621046 0.2180723 7.1932120 -0.0044394 -0.7065398 -0.0272972 0.7071327
96.395540 -13.8168535 0.2226201 7.1931295 -0.0049964 -0.7058578 -0.0279857 0.7077829
96.707290 -13.9697676 0.2276920 7.1936550 -0.0056305 -0.7054566 -0.0291484 0.7081311
96.915170 -14.0690746 0.2316207 7.1931891 -0.0044624 -0.7052621 -0.0289624 0.7083407
97.123040 -14.1679382 0.2340711 7.1929536 -0.0058597 -0.7048268 -0.0308979 0.7086820
97.331060 -14.2647343 0.2371263 7.1930885 -0.0056312 -0.7046121 -0.0308015 0.7089015
97.642920 -14.4071817 0.2411098 7.1939006 -0.0036306 -0.7048939 -0.0283652 0.7087360
97.850920 -14.5023003 0.2439111 7.1941538 -0.0063629 -0.7053379 -0.0299505 0.7082096
98.058790 -14.5966721 0.2472118 7.1936440 -0.0077288 -0.7058710 -0.0310704 0.7076164
98.266670 -14.6899757 0.2506835 7.1933880 -0.0088356 -0.7067769 -0.0304240 0.7067268
98.474670 -14.7826681 0.2537062 7.1928401 -0.0081133 -0.7090775 -0.0289366 0.7044898
98.682540 -14.8760958 0.2568897 7.1907263 -0.0058118 -0.7113863 -0.0282799 0.7022079
98.994420 -15.0183105 0.2618183 7.1874514 -0.0072660 -0.7133898 -0.0303549 0.7000721
99.202420 -15.1137600 0.2653978 7.1849079 -0.0057504 -0.7145911 -0.0286002 0.6989338
99.410300 -15.2102423 0.2687813 7.1820159 -0.0064869 -0.7150806 -0.0289590 0.6984118
99.618290 -15.3078499 0.2719855 7.1789165 -0.0058274 -0.7153057 -0.0306005 0.6981171
99.826180 -15.4069376 0.2753218 7.1752787 -0.0044747 -0.7155483 -0.0319567 0.6978175
100.034100 -15.5064535 0.2791140 7.1715531 -0.0026251 -0.7158673 -0.0317924 0.6975072
100.345800 -15.6548309 0.2843102 7.1666970 -0.0035821 -0.7164307 -0.0344536 0.6967978
100.553700 -15.7539940 0.2881307 7.1632462 -0.0063602 -0.7165650 -0.0351055 0.6966073
100.865400 -15.8997278 0.2938391 7.1572981 -0.0027525 -0.7167988 -0.0341912 0.6964358
101.177300 -16.0439911 0.2986190 7.1527872 -0.0011252 -0.7131494 -0.0365725 0.7000566
101.489200 -16.1843052 0.3032334 7.1507850 0.0006641 -0.7086792 -0.0354349 0.7046401
101.697200 -16.2749538 0.3058212 7.1507049 0.0008917 -0.7055121 -0.0345097 0.7078566
101.905100 -16.3629875 0.3084307 7.1520023 -0.0019214 -0.7022409 -0.0347915 0.7110862
102.217100 -16.4874992 0.3118070 7.1559644 0.0019376 -0.6929857 -0.0360360 0.7200475
102.529400 -16.6006718 0.3135266 7.1645823 0.0020016 -0.6744303 -0.0336438 0.7375689
102.945800 -16.7329216 0.3164300 7.1852527 -0.0046129 -0.6454484 -0.0306601 0.7631744
103.154000 -16.7922935 0.3168207 7.1993914 -0.0055969 -0.6282121 -0.0286114 0.7774957
103.466600 -16.8727131 0.3183356 7.2234430 -0.0013020 -0.5942748 -0.0237360 0.8039107
103.675200 -16.9217072 0.3189602 7.2447276 -0.0020620 -0.5627925 -0.0183250 0.8263925
103.883600 -16.9687557 0.3189918 7.2694845 -0.0011592 -0.5279081 -0.0176023 0.8491183
104.091900 -17.0127449 0.3184320 7.2981138 0.0014467 -0.4905171 -0.0144740 0.8713102
104.300200 -17.0536823 0.3183550 7.3313904 0.0008874 -0.4532016 -0.0089167 0.8913630
104.404300 -17.0738144 0.3183411 7.3488855 0.0024271 -0.4345060 -0.0110080 0.9005984
104.508400 -17.0929623 0.3177758 7.3660984 0.0052872 -0.4154712 -0.0150923 0.9094657
104.612400 -17.1122761 0.3172550 7.3855262 0.0081732 -0.3970813 -0.0158399 0.9176103
104.820500 -17.1479473 0.3160869 7.4292164 0.0081053 -0.3598811 -0.0058553 0.9329446
105.028700 -17.1841698 0.3156968 7.4787798 0.0103842 -0.3181736 -0.0083741 0.9479386
105.236900 -17.2195187 0.3139476 7.5350122 0.0118276 -0.2716971 -0.0157894 0.9621806
105.445200 -17.2513199 0.3118074 7.6002636 0.0129232 -0.2234062 -0.0143614 0.9745339
105.653300 -17.2778587 0.3097875 7.6721296 0.0150392 -0.1743037 -0.0137891 0.9844805
105.861200 -17.2990971 0.3069289 7.7507877 0.0153889 -0.1306844 -0.0123606 0.9912275
106.068800 -17.3149281 0.3039353 7.8347745 0.0152088 -0.0942266 -0.0120517 0.9953616
106.172600 -17.3217392 0.3020455 7.8789682 0.0142900 -0.0786825 -0.0123171 0.9967212
106.379900 -17.3317928 0.2989513 7.9711800 0.0125121 -0.0513939 -0.0122056 0.9985255
106.587300 -17.3381367 0.2955131 8.0681534 0.0120807 -0.0302866 -0.0120647 0.9993954
106.794600 -17.3411598 0.2920039 8.1698313 0.0136092 -0.0153682 -0.0109876 0.9997289
107.001900 -17.3419800 0.2883390 8.2776432 0.0138480 -0.0056340 -0.0090466 0.9998473
107.209300 -17.3426170 0.2839175 8.3882542 0.0149617 -0.0011919 -0.0069002 0.9998636
107.416600 -17.3432331 0.2791014 8.5023470 0.0178198 -0.0001725 -0.0049662 0.9998289
107.624000 -17.3438435 0.2732624 8.6200666 0.0198371 0.0008295 -0.0047205 0.9997917
107.831400 -17.3437958 0.2672115 8.7413445 0.0186506 0.0008727 -0.0035715 0.9998193
108.038900 -17.3437710 0.2614844 8.8642273 0.0156237 0.0008804 -0.0014043 0.9998766
108.246600 -17.3436317 0.2557186 8.9875565 0.0142560 0.0004526 0.0003254 0.9998983
108.454100 -17.3439407 0.2498907 9.1107187 0.0168895 0.0002542 0.0006795 0.9998571
108.661800 -17.3444881 0.2440175 9.2340021 0.0166161 0.0007645 -0.0010605 0.9998611
108.869400 -17.3450470 0.2376590 9.3550348 0.0169686 0.0013309 -0.0008845 0.9998547
109.077200 -17.3453617 0.2317544 9.4765301 0.0155332 0.0019640 -0.0011862 0.9998767
109.284800 -17.3448029 0.2260988 9.5974083 0.0129232 0.0022078 -0.0005939 0.9999139
109.492300 -17.3440437 0.2210604 9.7167578 0.0125582 0.0018526 -0.0017316 0.9999179
109.803800 -17.3437538 0.2138442 9.8908396 0.0092013 0.0018020 -0.0032107 0.9999509
110.011400 -17.3443298 0.2096598 10.0024843 0.0082725 0.0022909 -0.0050768 0.9999503
110.219200 -17.3441677 0.2044759 10.1074648 0.0149229 0.0048934 -0.0064672 0.9998558
110.426900 -17.3427639 0.1996424 10.2083025 0.0168756 0.0080197 -0.0068635 0.9998019
110.634800 -17.3416576 0.1950855 10.3034182 0.0119866 0.0139108 -0.0083117 0.9997969
110.842800 -17.3376141 0.1911180 10.3939810 0.0112081 0.0261721 -0.0085969 0.9995577
111.051100 -17.3306942 0.1872497 10.4803934 0.0081487 0.0463206 -0.0080197 0.9988612
111.259600 -17.3183250 0.1836589 10.5637531 0.0081260 0.0747561 -0.0069197 0.9971447
111.468200 -17.2996540 0.1804215 10.6441565 0.0120211 0.1134817 -0.0069829 0.9934428
111.572600 -17.2876663 0.1786093 10.6836681 0.0136114 0.1360228 -0.0073681 0.9905848
111.781300 -17.2574406 0.1749951 10.7596903 0.0161047 0.1853573 -0.0057888 0.9825222
111.989800 -17.2203274 0.1707844 10.8312387 0.0174497 0.2352879 -0.0029396 0.9717646
112.198200 -17.1759243 0.1665225 10.8986387 0.0163640 0.2837279 -0.0014789 0.9587641
112.406600 -17.1253910 0.1620426 10.9614868 0.0196230 0.3321054 -0.0027174 0.9430342
112.614800 -17.0674381 0.1575810 11.0192318 0.0251314 0.3812796 -0.0042218 0.9241084
112.823100 -17.0013695 0.1530616 11.0738382 0.0255205 0.4301409 -0.0016774 0.9023994
113.031200 -16.9285202 0.1480803 11.1226921 0.0234797 0.4757704 -0.0001771 0.8792561
113.239200 -16.8479424 0.1432184 11.1649971 0.0240799 0.5163619 0.0003719 0.8560318
113.447000 -16.7626801 0.1382078 11.2014236 0.0257427 0.5517130 0.0029614 0.8336314
113.654600 -16.6714497 0.1333164 11.2326498 0.0254449 0.5831518 0.0026328 0.8119603
113.862100 -16.5754395 0.1286783 11.2579889 0.0291867 0.6099501 0.0045158 0.7918893
114.069600 -16.4739838 0.1238790 11.2789049 0.0283811 0.6311443 0.0080604 0.7751041
114.173300 -16.4210796 0.1212451 11.2879677 0.0282254 0.6398347 0.0101017 0.7679276
114.276900 -16.3671932 0.1191660 11.2960491 0.0291340 0.6473516 0.0107022 0.7615592
114.380700 -16.3122654 0.1170010 11.3038464 0.0307975 0.6539895 0.0104548 0.7558042
114.484400 -16.2561035 0.1146529 11.3105831 0.0317284 0.6599099 0.0102706 0.7506043
114.691800 -16.1393414 0.1097857 11.3231411 0.0312819 0.6692550 0.0118755 0.7422790
114.899200 -16.0173588 0.1051867 11.3345718 0.0295525 0.6756669 0.0131274 0.7364975
115.106600 -15.8925934 0.1002448 11.3441181 0.0300209 0.6793931 0.0154281 0.7329978
115.314100 -15.7633743 0.0958439 11.3531151 0.0317825 0.6817944 0.0162470 0.7306725
115.521700 -15.6328592 0.0910057 11.3611107 0.0302810 0.6844528 0.0169067 0.7282318
115.729200 -15.5001202 0.0863043 11.3687849 0.0295797 0.6877697 0.0151821 0.7251671
115.936800 -15.3663778 0.0815484 11.3752975 0.0289849 0.6911435 0.0119459 0.7220373
116.144500 -15.2292213 0.0760373 11.3810072 0.0277788 0.6945192 0.0107614 0.7188572
116.352100 -15.0900202 0.0710916 11.3859940 0.0264228 0.6979594 0.0106844 0.7155699
116.559700 -14.9498959 0.0660571 11.3894291 0.0249459 0.7012982 0.0109088 0.7123479
116.767300 -14.8096485 0.0620097 11.3913164 0.0240483 0.7040478 0.0132022 0.7096225
116.974800 -14.6702452 0.0572538 11.3926516 0.0249005 0.7064331 0.0120354 0.7072393
117.182400 -14.5311422 0.0520461 11.3934488 0.0261387 0.7086599 0.0076603 0.7050242
117.390100 -14.3905649 0.0461794 11.3935881 0.0230180 0.7109874 0.0060451 0.7028019
117.597700 -14.2485819 0.0406779 11.3921423 0.0199189 0.7137932 0.0066861 0.7000412
117.805400 -14.1093359 0.0360333 11.3902655 0.0200893 0.7172965 0.0028293 0.6964726
118.013200 -13.9693851 0.0303501 11.3857069 0.0177391 0.7215853 0.0027464 0.6920928
118.220800 -13.8295364 0.0252015 11.3788939 0.0180522 0.7257763 0.0040817 0.6876818
118.428600 -13.6903858 0.0205159 11.3702087 0.0171589 0.7298980 0.0071986 0.6833028
118.636300 -13.5520105 0.0164513 11.3599701 0.0229096 0.7330265 0.0076756 0.6797708
118.843800 -13.4126520 0.0114551 11.3489151 0.0228670 0.7344708 0.0100599 0.6781803
119.155200 -13.2082930 0.0049312 11.3333645 0.0251337 0.7335747 0.0147422 0.6789838
119.466600 -13.0005951 -0.0017149 11.3177643 0.0346302 0.7282337 0.0167945 0.6842473
119.777900 -12.7940693 -0.0099600 11.3062897 0.0335171 0.7222470 0.0186924 0.6905696
119.985400 -12.6560898 -0.0154300 11.3007660 0.0371120 0.7167701 0.0182380 0.6960824
120.193100 -12.5176239 -0.0206873 11.2977524 0.0358737 0.7115198 0.0207509 0.7014428
120.400700 -12.3800116 -0.0257276 11.2972898 0.0376453 0.7063411 0.0187010 0.7066224
120.608300 -12.2421598 -0.0312095 11.2988367 0.0370152 0.7012541 0.0198111 0.7116742
120.816100 -12.1045456 -0.0368124 11.3021584 0.0349395 0.6973915 0.0192982 0.7155781
121.023900 -11.9691353 -0.0420862 11.3080587 0.0345037 0.6956990 0.0168833 0.7173055
121.231800 -11.8314457 -0.0480497 11.3126469 0.0336082 0.6941543 0.0169152 0.7188422
121.439600 -11.6928425 -0.0525301 11.3180904 0.0298776 0.6929229 0.0186886 0.7201499
121.647400 -11.5544367 -0.0568914 11.3235922 0.0282581 0.6924151 0.0180277 0.7207204
121.855300 -11.4172812 -0.0622334 11.3303404 0.0279849 0.6920902 0.0161789 0.7210869
122.063400 -11.2797241 -0.0673965 11.3357697 0.0262862 0.6920504 0.0145643 0.7212234
122.271100 -11.1419077 -0.0724751 11.3408079 0.0241496 0.6934937 0.0129876 0.7199407
122.478900 -11.0046558 -0.0771541 11.3459396 0.0231059 0.6952849 0.0129195 0.7182466
122.686700 -10.8680449 -0.0814763 11.3505068 0.0231986 0.6958742 0.0125260 0.7176797
122.894700 -10.7346277 -0.0871173 11.3544483 0.0239091 0.6957828 0.0122542 0.7177496
123.103400 -10.6015768 -0.0918392 11.3585110 0.0230825 0.6959804 0.0116047 0.7175958
123.206400 -10.5358591 -0.0944405 11.3604708 0.0240648 0.6963303 0.0110538 0.7172328
123.414200 -10.4071054 -0.1001042 11.3643293 0.0255031 0.6977391 0.0092935 0.7158375
123.622100 -10.2797852 -0.1053580 11.3669844 0.0248167 0.6992082 0.0085040 0.7144367
123.829900 -10.1549559 -0.1103295 11.3698092 0.0240682 0.7012573 0.0081352 0.7124554
124.037900 -10.0314178 -0.1157535 11.3716564 0.0228984 0.7029308 0.0086613 0.7108368
124.245600 -9.9098520 -0.1214120 11.3721848 0.0242635 0.7048592 0.0084539 0.7088817
124.453500 -9.7896585 -0.1267750 11.3725986 0.0260767 0.7067941 0.0082513 0.7068904
124.661300 -9.6710501 -0.1316375 11.3719330 0.0250414 0.7080970 0.0098572 0.7056022
124.869200 -9.5554199 -0.1364633 11.3711920 0.0239976 0.7088641 0.0110138 0.7048507
125.077000 -9.4442558 -0.1406223 11.3706551 0.0245706 0.7092985 0.0100986 0.7044075
125.181000 -9.3899298 -0.1427253 11.3700457 0.0248450 0.7093722 0.0102087 0.7043222
125.388700 -9.2840910 -0.1467481 11.3699532 0.0248588 0.7096362 0.0104894 0.7040516
125.596600 -9.1793079 -0.1502254 11.3684149 0.0240697 0.7091504 0.0127171 0.7045316
125.804500 -9.0772324 -0.1529824 11.3670368 0.0229070 0.7085255 0.0142960 0.7051685
126.012500 -8.9783812 -0.1559855 11.3663616 0.0237400 0.7079622 0.0144513 0.7057033
126.220300 -8.8837757 -0.1586533 11.3665562 0.0244640 0.7074313 0.0136072 0.7062276
126.428200 -8.7907972 -0.1624201 11.3665295 0.0245764 0.7069895 0.0146500 0.7066451
126.636200 -8.7011471 -0.1657813 11.3666210 0.0250625 0.7064921 0.0150649 0.7071166
126.844200 -8.6149597 -0.1688879 11.3672457 0.0250050 0.7060849 0.0148142 0.7075305
127.052500 -8.5315418 -0.1718176 11.3674288 0.0254748 0.7053328 0.0144348 0.7082714
127.260200 -8.4498711 -0.1746602 11.3676567 0.0256781 0.7047585 0.0145325 0.7088335
127.572300 -8.3326921 -0.1792800 11.3687038 0.0254789 0.7041950 0.0146051 0.7093990
127.780400 -8.2568417 -0.1819740 11.3695240 0.0246815 0.7040983 0.0147805 0.7095194
128.092600 -8.1456547 -0.1856283 11.3693933 0.0247637 0.7036460 0.0149819 0.7099610
128.300800 -8.0723953 -0.1878204 11.3702583 0.0249613 0.7038084 0.0145628 0.7098019
128.508700 -8.0000563 -0.1904454 11.3708878 0.0260538 0.7036697 0.0136310 0.7099186
128.717000 -7.9276476 -0.1925819 11.3713818 0.0273114 0.7035932 0.0127558 0.7099634
128.820900 -7.8918595 -0.1937651 11.3717594 0.0270176 0.7034252 0.0126214 0.7101435
129.029000 -7.8201780 -0.1967199 11.3725529 0.0257532 0.7031911 0.0137501 0.7104013
129.237000 -7.7486801 -0.1993783 11.3732967 0.0258028 0.7027938 0.0139995 0.7107877
129.444900 -7.6779547 -0.2023457 11.3744545 0.0260152 0.7024450 0.0134272 0.7111357
129.653800 -7.6073394 -0.2047134 11.3757534 0.0263977 0.7016557 0.0139392 0.7118906
129.861000 -7.5379915 -0.2077719 11.3772049 0.0260946 0.7010041 0.0121286 0.7125765
130.069100 -7.4693871 -0.2110129 11.3794012 0.0270874 0.7000670 0.0071294 0.7135276
130.277100 -7.4007320 -0.2139295 11.3810234 0.0301032 0.6991494 0.0051940 0.7143227
130.381100 -7.3672519 -0.2154337 11.3820152 0.0302411 0.6988959 0.0044940 0.7145696
130.589300 -7.2992716 -0.2193567 11.3847933 0.0274813 0.6987889 0.0032113 0.7147927
130.797200 -7.2321920 -0.2228027 11.3861856 0.0265625 0.6985238 0.0041449 0.7150816
131.005300 -7.1652842 -0.2262900 11.3882799 0.0269681 0.6986065 0.0025968 0.7149929
131.214100 -7.0986934 -0.2295722 11.3899069 0.0277663 0.6993947 0.0010772 0.7141953
131.318300 -7.0652051 -0.2310941 11.3904819 0.0285809 0.7000074 0.0006123 0.7135631
131.525500 -6.9976764 -0.2346863 11.3912754 0.0280542 0.7010264 0.0001379 0.7125832
131.733500 -6.9290929 -0.2382132 11.3927622 0.0275462 0.7022420 0.0008828 0.7114047
131.941500 -6.8608990 -0.2417634 11.3937454 0.0264744 0.7031524 0.0015119 0.7105446
132.149900 -6.7918429 -0.2453053 11.3944063 0.0268937 0.7040949 0.0036345 0.7095872
132.357500 -6.7214637 -0.2486061 11.3949947 0.0253739 0.7050243 0.0061777 0.7087021
132.566900 -6.6516457 -0.2514686 11.3950796 0.0235899 0.7058074 0.0082530 0.7079628
132.773700 -6.5818524 -0.2540854 11.3949947 0.0227923 0.7064667 0.0108784 0.7072955
132.981600 -6.5120726 -0.2563407 11.3952236 0.0233980 0.7073933 0.0122980 0.7063257
133.189600 -6.4433432 -0.2590555 11.3956223 0.0222839 0.7086873 0.0114060 0.7050784
133.397600 -6.3747282 -0.2610026 11.3946800 0.0224177 0.7111226 0.0114848 0.7026168
133.605800 -6.3066621 -0.2632990 11.3926744 0.0232946 0.7155972 0.0123784 0.6980149
133.814100 -6.2396088 -0.2658560 11.3898258 0.0231735 0.7214052 0.0117645 0.6920254
134.022300 -6.1733646 -0.2677155 11.3852520 0.0245984 0.7290209 0.0113286 0.6839555
134.230600 -6.1107635 -0.2703229 11.3781805 0.0278813 0.7392457 0.0108262 0.6727713
134.439000 -6.0516047 -0.2727281 11.3697987 0.0315757 0.7520741 0.0079790 0.6582734
134.647300 -5.9959574 -0.2754067 11.3576612 0.0332723 0.7655252 0.0103205 0.6424622
134.855700 -5.9437122 -0.2774559 11.3440619 0.0344200 0.7787554 0.0141083 0.6262238
135.063800 -5.8961468 -0.2794921 11.3300648 0.0334977 0.7905300 0.0171219 0.6112667
135.376100 -5.8334532 -0.2814158 11.3078489 0.0328100 0.8083639 0.0184335 0.5874790
136.000800 -5.7201905 -0.2842813 11.2528076 0.0317283 0.8536317 0.0224013 0.5194271
136.313300 -5.6711941 -0.2853464 11.2189407 0.0348927 0.8784614 0.0162359 0.4762610
136.626000 -5.6241059 -0.2860104 11.1781778 0.0372376 0.9051333 0.0084244 0.4234101
136.938600 -5.5797253 -0.2856900 11.1257000 0.0403951 0.9317045 0.0096781 0.3608343
137.147100 -5.5519857 -0.2863924 11.0838213 0.0390612 0.9482384 0.0145814 0.3148104
137.355500 -5.5268817 -0.2865823 11.0376015 0.0344327 0.9630474 0.0188324 0.2664570
137.667800 -5.4955516 -0.2852018 10.9584026 0.0299464 0.9800804 0.0234655 0.1949228
137.875800 -5.4788265 -0.2837686 10.8994579 0.0273285 0.9878177 0.0215792 0.1516698
138.083600 -5.4655342 -0.2815908 10.8331261 0.0289552 0.9929356 0.0189504 0.1134962
138.291300 -5.4538484 -0.2790991 10.7608395 0.0247985 0.9963753 0.0175641 0.0794535
138.499000 -5.4466095 -0.2771022 10.6809998 0.0252364 0.9982274 0.0209248 0.0496713
138.602800 -5.4450316 -0.2756714 10.6389332 0.0256236 0.9988319 0.0211623 0.0350782
138.810300 -5.4437585 -0.2724712 10.5507212 0.0249377 0.9994195 0.0210643 0.0097567
139.017800 -5.4458742 -0.2688556 10.4564924 0.0290940 0.9992809 0.0231383 -0.0074674
139.225100 -5.4487171 -0.2650507 10.3574152 0.0318632 0.9990850 0.0236404 -0.0159707
139.432500 -5.4525571 -0.2608130 10.2509565 0.0313328 0.9990739 0.0237670 -0.0174537
139.639800 -5.4567065 -0.2556865 10.1397839 0.0340559 0.9990122 0.0233167 -0.0164653
139.847400 -5.4584923 -0.2505896 10.0237446 0.0333299 0.9990387 0.0247273 -0.0141177
140.054800 -5.4607263 -0.2459368 9.9015894 0.0314221 0.9991115 0.0259838 -0.0106683
140.262500 -5.4618273 -0.2402745 9.7755985 0.0318479 0.9991288 0.0259248 -0.0074393
140.470000 -5.4627323 -0.2351149 9.6471281 0.0320402 0.9992287 0.0224068 -0.0036685
140.677700 -5.4629564 -0.2306973 9.5161371 0.0358964 0.9990922 0.0229352 -0.0003744
140.885500 -5.4625149 -0.2264523 9.3826399 0.0392329 0.9988489 0.0275776 0.0011002
141.093300 -5.4616389 -0.2209484 9.2490616 0.0404205 0.9986987 0.0310849 0.0009168
141.405100 -5.4601774 -0.2110677 9.0463505 0.0377283 0.9987643 0.0323398 -0.0007363
141.613100 -5.4603987 -0.2043422 8.9118032 0.0387852 0.9986445 0.0346652 -0.0017751
141.821000 -5.4601240 -0.1985171 8.7793226 0.0362341 0.9988719 0.0306496 -0.0016234
142.028800 -5.4580717 -0.1942181 8.6485472 0.0326664 0.9991660 0.0244347 -0.0018083
142.236800 -5.4568448 -0.1890943 8.5153561 0.0286689 0.9992283 0.0268502 -0.0000913
142.444800 -5.4563761 -0.1825426 8.3842707 0.0279845 0.9991809 0.0291637 0.0019544
142.652700 -5.4523339 -0.1788528 8.2575245 0.0297172 0.9990910 0.0302090 0.0046374
142.860600 -5.4505095 -0.1741411 8.1330061 0.0296716 0.9992006 0.0252463 0.0089638
143.068600 -5.4473505 -0.1705567 8.0100489 0.0304561 0.9991655 0.0242839 0.0122889
143.380600 -5.4396682 -0.1644770 7.8379474 0.0288682 0.9990632 0.0275798 0.0166949
143.796600 -5.4299288 -0.1577889 7.6277347 0.0291936 0.9989727 0.0267366 0.0220567
144.212600 -5.4172578 -0.1515356 7.4365458 0.0231123 0.9990360 0.0262181 0.0265611
144.524700 -5.4089460 -0.1474506 7.3073354 0.0170195 0.9992294 0.0265330 0.0233869
144.940800 -5.4036403 -0.1433021 7.1612906 0.0196213 0.9993174 0.0266827 0.0163618
145.356900 -5.3987503 -0.1396753 7.0274692 0.0178352 0.9994487 0.0237144 0.0148954
145.668700 -5.3946466 -0.1369246 6.9291024 0.0174985 0.9994531 0.0215479 0.0179716
145.980500 -5.3888483 -0.1355846 6.8353024 0.0177636 0.9994445 0.0146788 0.0240756
146.292300 -5.3830876 -0.1324267 6.7411246 0.0214401 0.9991824 0.0161199 0.0302483
146.500200 -5.3775234 -0.1318107 6.6750317 0.0205378 0.9989259 0.0225628 0.0348738
146.708000 -5.3719602 -0.1300704 6.6063399 0.0228721 0.9985783 0.0262807 0.0403430
146.916000 -5.3648305 -0.1273112 6.5355229 0.0233599 0.9983896 0.0251278 0.0451786
147.123800 -5.3562446 -0.1241945 6.4607649 0.0204885 0.9982649 0.0259993 0.0486979
147.331800 -5.3475900 -0.1211842 6.3824325 0.0192890 0.9981617 0.0275913 0.0503964
147.539800 -5.3385549 -0.1179793 6.3001056 0.0179593 0.9982584 0.0265243 0.0495382
147.748000 -5.3295393 -0.1141600 6.2132206 0.0165295 0.9984689 0.0244922 0.0467615
147.956100 -5.3223329 -0.1103016 6.1212125 0.0165473 0.9985776 0.0264447 0.0432389
148.164200 -5.3144569 -0.1064207 6.0247107 0.0139434 0.9988270 0.0261477 0.0382940
148.372300 -5.3077478 -0.1022294 5.9244390 0.0105945 0.9992619 0.0230378 0.0288547
148.580600 -5.3046026 -0.0978984 5.8173985 0.0096435 0.9995666 0.0236092 0.0147019
148.788800 -5.3040071 -0.0937164 5.7064528 0.0093885 0.9996928 0.0229368 -0.0002030
148.997000 -5.3070393 -0.0890758 5.5916100 0.0107242 0.9995726 0.0230836 -0.0143820
149.205000 -5.3120055 -0.0843125 5.4717822 0.0115531 0.9993047 0.0256853 -0.0244332
149.412700 -5.3186150 -0.0794425 5.3477163 0.0118171 0.9991790 0.0248998 -0.0296936
149.620500 -5.3270140 -0.0737389 5.2190905 0.0129898 0.9990315 0.0272137 -0.0320425
149.828200 -5.3352680 -0.0678971 5.0874686 0.0156881 0.9989734 0.0269063 -0.0328962
150.036000 -5.3437729 -0.0627121 4.9537110 0.0177056 0.9990976 0.0214511 -0.0320985
150.347500 -5.3562942 -0.0539913 4.7436900 0.0209475 0.9989879 0.0259667 -0.0301682
150.555300 -5.3638363 -0.0481788 4.6014686 0.0207165 0.9989973 0.0281462 -0.0279829
150.763100 -5.3718028 -0.0422318 4.4596877 0.0246734 0.9989638 0.0286094 -0.0253775
150.970800 -5.3783703 -0.0366919 4.3183985 0.0300154 0.9990299 0.0240669 -0.0214249
151.178500 -5.3834138 -0.0318735 4.1777067 0.0335396 0.9990173 0.0247891 -0.0149995
151.386100 -5.3853941 -0.0271870 4.0369415 0.0335121 0.9990615 0.0262281 -0.0080730
151.593700 -5.3847647 -0.0228929 3.8985064 0.0289050 0.9993354 0.0221168 -0.0020247
151.801500 -5.3833780 -0.0185045 3.7601550 0.0272491 0.9992931 0.0256877 0.0033120
152.009200 -5.3808284 -0.0137933 3.6231852 0.0258120 0.9992207 0.0290357 0.0069809
152.217100 -5.3781867 -0.0070250 3.4891865 0.0229640 0.9993473 0.0264753 0.0087640
152.632800 -5.3731856 0.0017246 3.2418344 0.0302210 0.9991549 0.0257930 0.0105343
152.944700 -5.3694224 0.0064823 3.0738087 0.0283002 0.9991776 0.0264118 0.0120667
153.152700 -5.3662386 0.0104290 2.9705744 0.0250395 0.9992996 0.0257438 0.0105143
153.568600 -5.3613300 0.0141380 2.7907770 0.0208198 0.9993780 0.0273102 0.0080252
153.880500 -5.3582015 0.0168191 2.6777024 0.0163941 0.9993727 0.0307833 0.0061531
154.400200 -5.3565402 0.0220385 2.5229514 0.0190121 0.9995465 0.0225659 0.0060160
154.712000 -5.3534231 0.0251021 2.4344454 0.0158144 0.9996017 0.0215758 0.0089876
154.920000 -5.3537621 0.0274417 2.3759730 0.0220427 0.9994470 0.0223350 0.0109972
155.128000 -5.3515248 0.0282114 2.3191199 0.0222939 0.9994527 0.0212215 0.0121195
155.335800 -5.3498521 0.0300876 2.2627614 0.0241557 0.9993287 0.0226582 0.0156571
155.543600 -5.3469195 0.0323799 2.2058489 0.0257155 0.9991735 0.0232485 0.0212252
155.751500 -5.3424473 0.0329010 2.1472659 0.0246207 0.9990382 0.0232480 0.0278596
155.959400 -5.3386807 0.0350093 2.0872684 0.0289648 0.9987509 0.0226608 0.0338275
156.167300 -5.3323536 0.0369581 2.0252457 0.0270422 0.9987011 0.0187982 0.0388774
156.375300 -5.3251019 0.0387174 1.9588768 0.0242728 0.9984984 0.0197267 0.0449739
156.583200 -5.3182716 0.0408514 1.8887405 0.0272029 0.9981586 0.0197738 0.0504816
156.791300 -5.3092456 0.0426662 1.8147599 0.0271474 0.9979807 0.0198057 0.0539009
156.999300 -5.2995086 0.0445689 1.7386160 0.0226259 0.9981041 0.0150726 0.0552186
157.207200 -5.2894034 0.0464370 1.6566496 0.0208044 0.9982163 0.0132052 0.0543781
157.415200 -5.2788620 0.0488733 1.5697423 0.0171032 0.9983500 0.0186759 0.0515358
157.623200 -5.2689800 0.0508948 1.4788303 0.0117535 0.9984766 0.0251636 0.0476764
157.831200 -5.2587571 0.0542731 1.3851351 0.0074027 0.9988766 0.0219077 0.0413629
158.039300 -5.2515950 0.0571983 1.2874348 0.0075376 0.9993891 0.0164157 0.0299191
158.247600 -5.2485371 0.0585769 1.1873819 0.0080633 0.9997569 0.0141627 0.0148540
158.455800 -5.2484622 0.0604800 1.0844094 0.0085962 0.9998343 0.0157410 -0.0031161
158.664100 -5.2527328 0.0631328 0.9781263 0.0080097 0.9994734 0.0208820 -0.0235115
158.872200 -5.2619462 0.0655363 0.8709056 0.0088966 0.9988078 0.0208732 -0.0432215
159.080100 -5.2746620 0.0682584 0.7626153 0.0123733 0.9981396 0.0131634 -0.0582312
159.287700 -5.2895813 0.0706287 0.6494781 0.0186690 0.9976911 0.0143676 -0.0636987
159.495100 -5.3048720 0.0734062 0.5346545 0.0244136 0.9976507 0.0159534 -0.0619872
159.702600 -5.3183126 0.0762019 0.4157110 0.0269637 0.9978136 0.0211018 -0.0565313
159.910000 -5.3300281 0.0800176 0.2952972 0.0297496 0.9982036 0.0191627 -0.0483469
160.013600 -5.3347993 0.0818054 0.2351361 0.0315069 0.9983976 0.0167579 -0.0439157
160.221200 -5.3435230 0.0845955 0.1110704 0.0295237 0.9988552 0.0142826 -0.0348232
160.428800 -5.3501930 0.0873633 -0.0172839 0.0308014 0.9990314 0.0166950 -0.0266251
160.636500 -5.3541985 0.0903513 -0.1471354 0.0278923 0.9992881 0.0167778 -0.0190758
160.844100 -5.3569894 0.0932412 -0.2781446 0.0280390 0.9993632 0.0179242 -0.0128684
161.051800 -5.3590050 0.0960269 -0.4102472 0.0275524 0.9993694 0.0203673 -0.0093187
161.259500 -5.3594289 0.0990056 -0.5408813 0.0262084 0.9994888 0.0169850 -0.0068343
161.467300 -5.3608513 0.1016212 -0.6729842 0.0269647 0.9994421 0.0188146 -0.0058671
161.675200 -5.3621316 0.1046135 -0.8032434 0.0295178 0.9993513 0.0195351 -0.0066337
161.883100 -5.3637123 0.1070029 -0.9310349 0.0316220 0.9993414 0.0163848 -0.0069609
162.090800 -5.3658171 0.1099680 -1.0592955 0.0335707 0.9992066 0.0201399 -0.0073204
162.298800 -5.3675170 0.1144807 -1.1870499 0.0285560 0.9991640 0.0278469 -0.0089658
162.506700 -5.3695936 0.1182265 -1.3109653 0.0285373 0.9992124 0.0248164 -0.0120164
162.714600 -5.3722439 0.1216563 -1.4323158 0.0286605 0.9993198 0.0192219 -0.0130026
162.922500 -5.3755198 0.1240875 -1.5512309 0.0313750 0.9992292 0.0198867 -0.0126935
163.130400 -5.3779163 0.1268813 -1.6645104 0.0323702 0.9992079 0.0194508 -0.0125465
163.338200 -5.3806329 0.1291904 -1.7736830 0.0332268 0.9991017 0.0236944 -0.0114176
163.546000 -5.3823466 0.1315510 -1.8762603 0.0333066 0.9991060 0.0240063 -0.0100726
163.754000 -5.3839045 0.1336455 -1.9715418 0.0332520 0.9992210 0.0189914 -0.0095376
163.961800 -5.3847523 0.1351725 -2.0600195 0.0324477 0.9992643 0.0190151 -0.0075097
164.169700 -5.3852978 0.1364834 -2.1418643 0.0329566 0.9992127 0.0218874 -0.0029626
164.481600 -5.3827400 0.1381508 -2.2470284 0.0304172 0.9992670 0.0226591 0.0051762
164.689500 -5.3809052 0.1396098 -2.3083081 0.0305431 0.9992393 0.0213737 0.0114512
164.897500 -5.3775616 0.1404467 -2.3636782 0.0288691 0.9991820 0.0210239 0.0189719
165.105500 -5.3735623 0.1410179 -2.4144201 0.0279655 0.9990080 0.0202605 0.0281148
165.313500 -5.3689470 0.1415561 -2.4625711 0.0272888 0.9987103 0.0183548 0.0386802
165.521300 -5.3627028 0.1418148 -2.5075278 0.0254451 0.9982831 0.0150987 0.0505514
165.729200 -5.3555846 0.1419528 -2.5490880 0.0242341 0.9975470 0.0129409 0.0643837
165.937000 -5.3473692 0.1423010 -2.5877464 0.0234174 0.9963678 0.0129778 0.0808353
166.352300 -5.3250685 0.1426206 -2.6604071 0.0208747 0.9914237 0.0158306 0.1280336
166.560000 -5.3104429 0.1423528 -2.6942954 0.0171342 0.9875709 0.0180383 0.1551925
166.767500 -5.2948942 0.1428255 -2.7264545 0.0161156 0.9827247 0.0191472 0.1833735
166.975100 -5.2773228 0.1428187 -2.7569823 0.0162020 0.9767227 0.0184379 0.2130972
167.182600 -5.2565775 0.1435062 -2.7874985 0.0154594 0.9694892 0.0157888 0.2441361
167.390100 -5.2320042 0.1436261 -2.8193145 0.0141412 0.9604267 0.0132383 0.2778586
167.597600 -5.2034116 0.1438274 -2.8534322 0.0173369 0.9493352 0.0112241 0.3135858
167.805000 -5.1704507 0.1434918 -2.8871055 0.0197592 0.9363657 0.0104220 0.3503144
168.012500 -5.1310682 0.1432207 -2.9213333 0.0210238 0.9211321 0.0091754 0.3885736
168.220000 -5.0846033 0.1428406 -2.9550085 0.0189439 0.9042081 0.0087105 0.4265830
168.427500 -5.0310035 0.1426458 -2.9893408 0.0202038 0.8857422 0.0100937 0.4636277
168.635000 -4.9705229 0.1421010 -3.0223632 0.0205521 0.8667271 0.0116879 0.4982219
168.842900 -4.9011478 0.1415084 -3.0546761 0.0213659 0.8496444 0.0133245 0.5267545
169.051000 -4.8262639 0.1401015 -3.0860076 0.0217427 0.8366970 0.0137450 0.5470616
169.259200 -4.7432327 0.1399079 -3.1184154 0.0250633 0.8268671 0.0155694 0.5616228
169.467500 -4.6542654 0.1399819 -3.1510766 0.0298440 0.8156970 0.0203457 0.5773507
169.571500 -4.6074748 0.1398583 -3.1657760 0.0309090 0.8089618 0.0233884 0.5865820
169.779400 -4.5122566 0.1387027 -3.1929564 0.0318862 0.7924684 0.0293325 0.6083722
169.987400 -4.4169092 0.1375218 -3.2126389 0.0317941 0.7746807 0.0325204 0.6307149
170.299400 -4.2786956 0.1359898 -3.2304430 0.0316783 0.7485674 0.0301191 0.6616163
170.507400 -4.1887350 0.1341677 -3.2362177 0.0323282 0.7331451 0.0259656 0.6788071
170.819900 -4.0499668 0.1308404 -3.2396748 0.0296296 0.7193921 0.0203963 0.6936721
171.028200 -3.9581075 0.1282375 -3.2409306 0.0286584 0.7133899 0.0206660 0.6998760
171.340500 -3.8184898 0.1241848 -3.2400811 0.0281780 0.7040007 0.0208375 0.7093340
171.548700 -3.7226131 0.1212102 -3.2369576 0.0285245 0.6996685 0.0185893 0.7136559
171.757000 -3.6228824 0.1186239 -3.2339926 0.0295870 0.6972277 0.0170705 0.7160355
171.965100 -3.5189602 0.1156574 -3.2304657 0.0301455 0.6949351 0.0183019 0.7182071
172.173200 -3.4106984 0.1124087 -3.2251685 0.0288282 0.6926381 0.0179344 0.7204858
172.381200 -3.2967806 0.1098167 -3.2195995 0.0286950 0.6900006 0.0176966 0.7230232
172.589200 -3.1787412 0.1070090 -3.2129281 0.0290225 0.6874814 0.0163512 0.7254376
172.797400 -3.0576208 0.1022652 -3.2052846 0.0295722 0.6866579 0.0116694 0.7262852
173.005400 -2.9298518 0.0982868 -3.1978869 0.0300747 0.6867675 0.0106121 0.7261772
173.213500 -2.7970154 0.0929587 -3.1902163 0.0280463 0.6867944 0.0124709 0.7262034
173.421400 -2.6616514 0.0883616 -3.1813881 0.0300338 0.6850385 0.0115384 0.7277960
173.629400 -2.5198493 0.0831920 -3.1717300 0.0287584 0.6820170 0.0147728 0.7306213
173.837200 -2.3746395 0.0784256 -3.1600959 0.0291997 0.6781148 0.0163766 0.7341931
174.045000 -2.2245002 0.0728885 -3.1460538 0.0315908 0.6744042 0.0136506 0.7375599
174.253000 -2.0713468 0.0667408 -3.1308620 0.0303362 0.6726848 0.0086409 0.7392564
174.460900 -1.9101615 0.0607177 -3.1135173 0.0260079 0.6728461 0.0060305 0.7393005
174.668900 -1.7493058 0.0529537 -3.0974579 0.0243126 0.6736916 0.0028623 0.7386070
174.877000 -1.5840425 0.0468295 -3.0808151 0.0184238 0.6756992 0.0026668 0.7369424
175.085100 -1.4159991 0.0402905 -3.0665672 0.0154959 0.6793556 0.0021184 0.7336425
175.293200 -1.2482886 0.0344098 -3.0554676 0.0164113 0.6855864 -0.0003080 0.7278062
175.605500 -0.9909121 0.0254287 -3.0471723 0.0137966 0.7000084 0.0036949 0.7139918
175.917600 -0.7316629 0.0180507 -3.0471091 0.0165933 0.7137030 0.0024110 0.7002476
176.125500 -0.5594506 0.0123584 -3.0551932 0.0186081 0.7198408 0.0056524 0.6938667
176.333200 -0.3814377 0.0065878 -3.0606787 0.0216317 0.7234641 0.0074214 0.6899831
176.540900 -0.2025163 0.0011480 -3.0680187 0.0225254 0.7233390 0.0100331 0.6900527
176.852300 0.0678665 -0.0077401 -3.0790553 0.0248894 0.7201541 0.0117142 0.6932686
177.059900 0.2514317 -0.0132649 -3.0858250 0.0265437 0.7174001 0.0139385 0.6960160
177.267400 0.4359795 -0.0191691 -3.0901415 0.0274230 0.7150046 0.0141357 0.6984386
177.475000 0.6235719 -0.0239274 -3.0929048 0.0242732 0.7139716 0.0174724 0.6995357
177.682700 0.8132449 -0.0276704 -3.0972199 0.0265871 0.7136000 0.0174226 0.6998318
177.786500 0.9099573 -0.0293995 -3.0986798 0.0268761 0.7136175 0.0162332 0.6998315
177.994100 1.1032963 -0.0350127 -3.1017244 0.0252648 0.7134569 0.0136914 0.7001097
178.201700 1.2991648 -0.0405532 -3.1052022 0.0228525 0.7133481 0.0127800 0.7003206
178.513100 1.5956430 -0.0459007 -3.1101358 0.0246551 0.7131371 0.0128660 0.7004728
178.720700 1.7977129 -0.0522993 -3.1126032 0.0276190 0.7127668 0.0111336 0.7007686
178.928400 1.9986567 -0.0590861 -3.1172986 0.0274958 0.7122946 0.0147025 0.7011877
179.136000 2.2039933 -0.0632811 -3.1224647 0.0301763 0.7114865 0.0170010 0.7018456
179.343600 2.4053810 -0.0683875 -3.1238556 0.0310531 0.7114092 0.0139898 0.7019522
179.551400 2.6099088 -0.0765297 -3.1256449 0.0286765 0.7112845 0.0111792 0.7022301
179.655000 2.7118974 -0.0807227 -3.1268132 0.0265593 0.7110150 0.0110009 0.7025889
179.862600 2.9169438 -0.0868424 -3.1290081 0.0268245 0.7102473 0.0135084 0.7033113
179.966400 3.0191984 -0.0892532 -3.1300442 0.0282014 0.7096468 0.0131323 0.7038705
180.173900 3.2247405 -0.0954758 -3.1307044 0.0264755 0.7089379 0.0120448 0.7046708
180.277700 3.3281455 -0.0982853 -3.1306801 0.0262152 0.7086774 0.0104081 0.7049686
180.381500 3.4294991 -0.1031507 -3.1310623 0.0248888 0.7082170 0.0100651 0.7054842
180.589000 3.6329074 -0.1101536 -3.1318011 0.0245065 0.7070768 0.0136595 0.7065799
180.692800 3.7346189 -0.1127307 -3.1320016 0.0246591 0.7064554 0.0155374 0.7071572
180.900100 3.9386225 -0.1178267 -3.1317017 0.0252432 0.7052750 0.0161950 0.7082991
181.003900 4.0398378 -0.1214990 -3.1307383 0.0257032 0.7048230 0.0152694 0.7087529
181.211400 4.2420702 -0.1272022 -3.1286154 0.0248641 0.7038335 0.0154145 0.7097623
181.418900 4.4440265 -0.1324453 -3.1264670 0.0246897 0.7027872 0.0175952 0.7107539
181.626400 4.6462059 -0.1374825 -3.1243348 0.0262267 0.7016212 0.0161376 0.7118844
181.834000 4.8452144 -0.1434766 -3.1207485 0.0250435 0.7013498 0.0142061 0.7122356
182.041800 5.0437741 -0.1500475 -3.1168892 0.0232504 0.7020532 0.0164344 0.7115551
182.249400 5.2411427 -0.1553632 -3.1146059 0.0260625 0.7019452 0.0174955 0.7115389
182.456900 5.4382925 -0.1611565 -3.1106517 0.0269904 0.7019065 0.0146097 0.7116076
182.664500 5.6338720 -0.1674229 -3.1076367 0.0252654 0.7016378 0.0144046 0.7119400
182.872100 5.8294730 -0.1730682 -3.1040576 0.0267581 0.7010217 0.0154087 0.7124712
183.079600 6.0225186 -0.1800536 -3.1001346 0.0281455 0.7003238 0.0139804 0.7131332
183.287200 6.2144389 -0.1871739 -3.0966334 0.0297927 0.6999269 0.0117278 0.7134965
183.494900 6.4042759 -0.1955502 -3.0919459 0.0285301 0.6995099 0.0143735 0.7139085
183.702500 6.5929542 -0.2029454 -3.0884655 0.0292468 0.6988435 0.0159077 0.7144993
183.910100 6.7815418 -0.2102177 -3.0832105 0.0301488 0.6983532 0.0143290 0.7149745
184.117700 6.9706430 -0.2173724 -3.0781322 0.0283034 0.6981807 0.0133287 0.7152377
184.429100 7.2452135 -0.2282479 -3.0687361 0.0282982 0.6977349 0.0150409 0.7156389
184.636600 7.4269361 -0.2353896 -3.0635769 0.0281870 0.6973324 0.0148409 0.7160397
184.844200 7.6051321 -0.2425499 -3.0581632 0.0289184 0.6972054 0.0141653 0.7161478
185.155700 7.8672047 -0.2534233 -3.0504348 0.0283559 0.6967043 0.0154688 0.7166308
185.363400 8.0340700 -0.2606484 -3.0463805 0.0274735 0.6961347 0.0165768 0.7171937
185.571000 8.1917725 -0.2672816 -3.0396111 0.0262072 0.6962097 0.0151038 0.7172008
185.778600 8.3466072 -0.2725115 -3.0344937 0.0252750 0.6960014 0.0162428 0.7174116
185.986200 8.4955921 -0.2778823 -3.0294952 0.0250826 0.6958230 0.0186277 0.7175334
186.194000 8.6401320 -0.2825704 -3.0237887 0.0305392 0.6965392 0.0124344 0.7167608
186.297900 8.7097502 -0.2856688 -3.0219319 0.0318778 0.6975314 0.0139344 0.7157091
186.505600 8.8482733 -0.2917834 -3.0194242 0.0278788 0.6999826 0.0167212 0.7134196
186.713500 8.9794950 -0.2963065 -3.0185974 0.0301577 0.7022502 0.0205828 0.7109933
186.921400 9.1041794 -0.3014025 -3.0171969 0.0282688 0.7050630 0.0232154 0.7082006
187.025400 9.1648893 -0.3028266 -3.0174205 0.0279643 0.7062116 0.0233519 0.7070628
187.233200 9.2796326 -0.3055473 -3.0180304 0.0293749 0.7084283 0.0244379 0.7047476
187.441100 9.3879404 -0.3084630 -3.0204122 0.0340233 0.7103891 0.0251435 0.7025365
187.649000 9.4878798 -0.3122835 -3.0216317 0.0360036 0.7122253 0.0247754 0.7005891
187.857000 9.5828619 -0.3154303 -3.0239899 0.0370507 0.7135097 0.0243218 0.6992422
188.065000 9.6697540 -0.3192850 -3.0254920 0.0364828 0.7151775 0.0222924 0.6976340
188.272900 9.7499313 -0.3226539 -3.0265381 0.0348198 0.7158044 0.0212439 0.6971086
188.480700 9.8242302 -0.3260435 -3.0277967 0.0347598 0.7148879 0.0201289 0.6980844
188.688600 9.8910618 -0.3293712 -3.0275588 0.0347673 0.7110514 0.0197767 0.7020015
188.896400 9.9510069 -0.3318821 -3.0258780 0.0332362 0.7053806 0.0176697 0.7078286
189.104100 10.0042162 -0.3343916 -3.0227475 0.0319151 0.6978362 0.0157211 0.7153733
189.311600 10.0516338 -0.3365208 -3.0186749 0.0314729 0.6857044 0.0155406 0.7270333
189.519000 10.0958958 -0.3391166 -3.0119195 0.0317722 0.6660370 0.0165839 0.7450572
189.726400 10.1383572 -0.3413423 -3.0001879 0.0280224 0.6420555 0.0139454 0.7660189
189.933800 10.1797056 -0.3438729 -2.9849315 0.0241163 0.6140689 0.0097424 0.7888237
190.245000 10.2357054 -0.3471172 -2.9581959 0.0216531 0.5680113 0.0046981 0.8227224
190.452500 10.2721071 -0.3494607 -2.9357984 0.0216296 0.5340708 0.0014525 0.8451617
190.659900 10.3120632 -0.3515825 -2.9077458 0.0216527 0.4970712 -0.0000126 0.8674396
190.867400 10.3521414 -0.3551198 -2.8747511 0.0212278 0.4559771 -0.0001504 0.8897383
191.074800 10.3915997 -0.3572971 -2.8335145 0.0204726 0.4108433 -0.0052252 0.9114611
191.282400 10.4326372 -0.3605554 -2.7837732 0.0191406 0.3649461 -0.0078773 0.9307985
191.490300 10.4745178 -0.3642095 -2.7260811 0.0168945 0.3214921 -0.0088912 0.9467198
191.698300 10.5153818 -0.3677310 -2.6573234 0.0192726 0.2819695 -0.0112052 0.9591643
191.906200 10.5557232 -0.3716789 -2.5806820 0.0211070 0.2470672 -0.0109672 0.9687064
192.114200 10.5957470 -0.3758583 -2.4927623 0.0199226 0.2112201 -0.0073908 0.9772075
192.322200 10.6328297 -0.3804903 -2.3937345 0.0144606 0.1755702 -0.0027745 0.9843568
192.426500 10.6492825 -0.3831348 -2.3407845 0.0133469 0.1592434 -0.0022230 0.9871466
192.634700 10.6796379 -0.3880230 -2.2271800 0.0183694 0.1292984 0.0033096 0.9914300
192.843000 10.7072372 -0.3921313 -2.1011624 0.0177732 0.1024115 0.0077946 0.9945528
192.947000 10.7193336 -0.3949512 -2.0330524 0.0150235 0.0877637 0.0112453 0.9959645
193.051100 10.7297668 -0.3972847 -1.9633266 0.0140361 0.0730867 0.0140691 0.9971276
193.155100 10.7389793 -0.3991788 -1.8908187 0.0127415 0.0587228 0.0162237 0.9980612
193.363200 10.7494516 -0.4032530 -1.7392069 0.0089849 0.0339835 0.0134933 0.9992909
193.571500 10.7524843 -0.4077339 -1.5787324 0.0115160 0.0135655 0.0077130 0.9998119
193.779700 10.7506294 -0.4133185 -1.4087306 0.0154204 -0.0006255 0.0042115 0.9998720
193.988100 10.7461615 -0.4197163 -1.2282777 0.0113591 -0.0109726 0.0021920 0.9998729
194.196500 10.7389984 -0.4255744 -1.0443013 0.0099228 -0.0173897 0.0007759 0.9997993
194.404900 10.7314320 -0.4320566 -0.8615639 0.0074751 -0.0197035 -0.0002605 0.9997779
194.613200 10.7244034 -0.4388562 -0.6790435 0.0100195 -0.0196186 -0.0004062 0.9997572
194.821500 10.7165041 -0.4454132 -0.4948687 0.0085823 -0.0186808 -0.0016985 0.9997872
195.029600 10.7090015 -0.4512658 -0.3109502 0.0082157 -0.0181688 -0.0010030 0.9998007
195.237700 10.7014675 -0.4570850 -0.1288839 0.0083003 -0.0173643 -0.0010970 0.9998142
195.445600 10.6941500 -0.4639803 0.0525758 0.0110398 -0.0169196 -0.0010022 0.9997954
195.653600 10.6884985 -0.4710931 0.2343205 0.0090599 -0.0164081 0.0009055 0.9998239
195.861500 10.6820831 -0.4779938 0.4145562 0.0068413 -0.0153837 0.0024491 0.9998553
196.069400 10.6764536 -0.4842586 0.5947614 0.0094504 -0.0143145 0.0024582 0.9998499
196.277200 10.6716309 -0.4901226 0.7717171 0.0074432 -0.0132310 0.0029923 0.9998803
196.485100 10.6658974 -0.4958488 0.9452651 0.0052112 -0.0121139 0.0031901 0.9999080
196.796900 10.6592054 -0.5033305 1.1926652 0.0056946 -0.0110592 0.0022870 0.9999200
197.004600 10.6547260 -0.5092515 1.3506883 0.0071350 -0.0107194 0.0025652 0.9999138
197.212500 10.6502113 -0.5144634 1.5021055 0.0087061 -0.0100814 0.0014440 0.9999102
197.420400 10.6463966 -0.5198916 1.6474334 0.0022841 -0.0097482 0.0011393 0.9999492
197.628100 10.6433601 -0.5241802 1.7847576 0.0008569 -0.0094941 0.0024740 0.9999515
197.939800 10.6391344 -0.5296691 1.9722769 0.0047826 -0.0079376 0.0020972 0.9999549
198.147700 10.6372166 -0.5332096 2.0873251 0.0051915 -0.0023394 -0.0008246 0.9999834
198.460200 10.6417933 -0.5384232 2.2420425 0.0039734 0.0221372 -0.0033913 0.9997413
198.773300 10.6587420 -0.5429781 2.3730011 0.0051840 0.0661297 -0.0058996 0.9977801
199.086400 10.6889925 -0.5472299 2.4818084 0.0066255 0.1266155 -0.0014300 0.9919287
199.399500 10.7290325 -0.5513325 2.5730529 0.0085976 0.1943793 -0.0013486 0.9808878
199.608000 10.7611713 -0.5540866 2.6262715 0.0087105 0.2391075 0.0011851 0.9709533
199.816500 10.7952728 -0.5566078 2.6725154 0.0103873 0.2820002 0.0021280 0.9593558
200.024700 10.8301525 -0.5587214 2.7119393 0.0127256 0.3239409 0.0026909 0.9459879
200.336900 10.8819218 -0.5617759 2.7552657 0.0194709 0.3772274 0.0112685 0.9258474
200.544800 10.9111185 -0.5636287 2.7756090 0.0217305 0.4050931 0.0129435 0.9139255
200.856500 10.9489822 -0.5660750 2.8015172 0.0209494 0.4442944 0.0047537 0.8956232
200.960400 10.9625235 -0.5666164 2.8093278 0.0191549 0.4569712 0.0029329 0.8892704
201.480100 11.0325127 -0.5701003 2.8401051 0.0175034 0.5189822 0.0032242 0.8545997
201.999900 11.1079159 -0.5720748 2.8604298 0.0162375 0.5726507 0.0106562 0.8195694
202.207600 11.1390448 -0.5729144 2.8672869 0.0155236 0.5910079 0.0109593 0.8064420
202.415400 11.1710472 -0.5733185 2.8744552 0.0112866 0.6085057 0.0092623 0.7934152
202.830800 11.2369280 -0.5753849 2.8808577 0.0129477 0.6364092 0.0188914 0.7710115
203.038400 11.2705536 -0.5763059 2.8857760 0.0099406 0.6467538 0.0172160 0.7624397
203.246000 11.3040066 -0.5766198 2.8879361 0.0140186 0.6554514 0.0168117 0.7549201
203.661300 11.3733263 -0.5780056 2.8916607 0.0166841 0.6740172 0.0161202 0.7383513
203.868900 11.4096012 -0.5782680 2.8934207 0.0170867 0.6816519 0.0151596 0.7313199
204.076400 11.4482479 -0.5792053 2.8941021 0.0219219 0.6857219 0.0142375 0.7273941
204.283700 11.4935007 -0.5803860 2.8975043 0.0233329 0.6863510 0.0102704 0.7268235
204.491400 11.5454121 -0.5813192 2.9009938 0.0217997 0.6865047 0.0104030 0.7267241
204.698900 11.6006489 -0.5835185 2.9041033 0.0209739 0.6867431 0.0110033 0.7265142
204.906500 11.6604118 -0.5843736 2.9085629 0.0177873 0.6871743 0.0101932 0.7262033
205.114300 11.7219706 -0.5867033 2.9118905 0.0162585 0.6880715 0.0113846 0.7253714
205.321900 11.7861309 -0.5881427 2.9150329 0.0154552 0.6894150 0.0115486 0.7241096
205.529800 11.8533230 -0.5897505 2.9183750 0.0138526 0.6908601 0.0124503 0.7227485
205.737500 11.9223223 -0.5907641 2.9199204 0.0150072 0.6927264 0.0158694 0.7208697
205.945500 11.9932394 -0.5923737 2.9215024 0.0147219 0.6962415 0.0175575 0.7174418
206.153500 12.0642052 -0.5934209 2.9237773 0.0122374 0.7018705 0.0142061 0.7120578
206.361400 12.1366348 -0.5944777 2.9231386 0.0143540 0.7071410 0.0146951 0.7067741
206.569400 12.2099438 -0.5954076 2.9196184 0.0201652 0.7124220 0.0157606 0.7012844
206.777300 12.2861462 -0.5969135 2.9164791 0.0205713 0.7178682 0.0166207 0.6956765
206.985100 12.3672171 -0.5978534 2.9134679 0.0196979 0.7214849 0.0157574 0.6919705
207.192900 12.4520931 -0.5997349 2.9084210 0.0218124 0.7231225 0.0200600 0.6900837
207.400500 12.5402718 -0.6009674 2.9035168 0.0275966 0.7208889 0.0230471 0.6921175
207.607800 12.6319208 -0.6024611 2.9027994 0.0291775 0.7110361 0.0234026 0.7021599
207.815100 12.7279549 -0.6043986 2.9070683 0.0272924 0.6964149 0.0228866 0.7167549
208.022800 12.8293791 -0.6064203 2.9158440 0.0220041 0.6837825 0.0220954 0.7290193
208.230500 12.9366779 -0.6094232 2.9291015 0.0184059 0.6757159 0.0145599 0.7367885
208.542800 13.1071072 -0.6120262 2.9452231 0.0207059 0.6767615 0.0085852 0.7358610
208.855100 13.2885532 -0.6163599 2.9566224 0.0135915 0.6862580 0.0129065 0.7271167
209.063300 13.4126129 -0.6186788 2.9612813 0.0141878 0.6929518 0.0129274 0.7207284
209.271300 13.5402918 -0.6207149 2.9647880 0.0174610 0.6990113 0.0094339 0.7148352
209.479300 13.6720963 -0.6239592 2.9668202 0.0153350 0.7028311 0.0088929 0.7111359
209.687000 13.8054771 -0.6266364 2.9686863 0.0130416 0.7050508 0.0095313 0.7089729
209.790900 13.8717747 -0.6283058 2.9689305 0.0124290 0.7058529 0.0098347 0.7081811
209.998600 14.0055857 -0.6306861 2.9693925 0.0098508 0.7073480 0.0113461 0.7067058
210.102500 14.0722580 -0.6318915 2.9696875 0.0102487 0.7078843 0.0113916 0.7061622
210.310300 14.2043314 -0.6344107 2.9695232 0.0141430 0.7081994 0.0084042 0.7058208
210.518100 14.3374691 -0.6372749 2.9701138 0.0148003 0.7083697 0.0072014 0.7056497
210.725800 14.4700375 -0.6415970 2.9706011 0.0131128 0.7081196 0.0078138 0.7059274
210.933400 14.6011686 -0.6453005 2.9716291 0.0108249 0.7072865 0.0055077 0.7068227
211.141100 14.7333269 -0.6484441 2.9725924 0.0075980 0.7067117 0.0076085 0.7074199
211.349000 14.8631296 -0.6513187 2.9748487 0.0038667 0.7059811 0.0043491 0.7082068
211.556800 14.9919624 -0.6543517 2.9770548 0.0063522 0.7043287 0.0008316 0.7098451
211.764500 15.1195135 -0.6575223 2.9810123 0.0053497 0.7022488 -0.0041689 0.7118993
211.972300 15.2458496 -0.6617733 2.9840388 0.0059525 0.6999692 -0.0035597 0.7141393
212.180300 15.3715639 -0.6659764 2.9874518 0.0091401 0.6995317 -0.0065738 0.7145128
212.388100 15.4980612 -0.6702631 2.9911819 0.0110387 0.6999539 -0.0057582 0.7140796
212.492100 15.5613174 -0.6725409 2.9922075 0.0110713 0.7004232 -0.0036508 0.7136325
212.700100 15.6884451 -0.6775616 2.9943085 0.0097806 0.7010462 -0.0006951 0.7130484
212.908000 15.8140469 -0.6827261 2.9963956 0.0128646 0.7015213 0.0002212 0.7125323
213.116000 15.9387150 -0.6868522 2.9979837 0.0161501 0.7018464 0.0015835 0.7121435
213.323900 16.0629749 -0.6912082 3.0011041 0.0147532 0.7018728 0.0034130 0.7121413
213.531800 16.1881008 -0.6954489 3.0036516 0.0137102 0.7013034 0.0028000 0.7127255
213.739800 16.3109760 -0.7009753 3.0057662 0.0131226 0.7014415 0.0020130 0.7126033
213.947700 16.4348125 -0.7045856 3.0082021 0.0142232 0.7026518 0.0006377 0.7113914
214.155500 16.5595627 -0.7084346 3.0100441 0.0136630 0.7025948 0.0020115 0.7114561
214.363500 16.6842995 -0.7131486 3.0110388 0.0165316 0.7030616 0.0044583 0.7109228
214.571300 16.8093281 -0.7172034 3.0140686 0.0131323 0.7034270 0.0022748 0.7106426
214.779100 16.9339256 -0.7216405 3.0146544 0.0168246 0.7027207 0.0048249 0.7112505
214.986900 17.0563335 -0.7262098 3.0170565 0.0207318 0.7025660 0.0011482 0.7113156
215.090900 17.1175632 -0.7283517 3.0181112 0.0198249 0.7022779 0.0005322 0.7116266
215.194800 17.1798649 -0.7308482 3.0196126 0.0178755 0.7023821 0.0011954 0.7115745
215.298700 17.2417831 -0.7329635 3.0203555 0.0162647 0.7022840 0.0037360 0.7117013
215.402600 17.3038960 -0.7354262 3.0219257 0.0151692 0.7024480 0.0051805 0.7115545
215.506600 17.3648663 -0.7377436 3.0229607 0.0145752 0.7025892 0.0047158 0.7114307
215.610500 17.4249744 -0.7397630 3.0243404 0.0144621 0.7028089 0.0021067 0.7112286
215.714500 17.4862671 -0.7414719 3.0247374 0.0163723 0.7030181 0.0014453 0.7109820
215.818400 17.5481396 -0.7437382 3.0255501 0.0178851 0.7030185 0.0017125 0.7109445
216.026300 17.6713428 -0.7477790 3.0276911 0.0143148 0.7037721 0.0043295 0.7102684
216.234200 17.7947330 -0.7524739 3.0294039 0.0139811 0.7041169 0.0051873 0.7099274
216.442100 17.9171352 -0.7552927 3.0312417 0.0152248 0.7049586 0.0015491 0.7090833
216.650200 18.0407619 -0.7592219 3.0319140 0.0148834 0.7053442 0.0059155 0.7086840
216.858100 18.1629734 -0.7639667 3.0329046 0.0160783 0.7058468 0.0043213 0.7081688
217.066000 18.2853699 -0.7674073 3.0332401 0.0216208 0.7058063 0.0059187 0.7080502
217.273900 18.4082603 -0.7727481 3.0341077 0.0227097 0.7061139 0.0036427 0.7077246
217.481800 18.5321674 -0.7777431 3.0344799 0.0229128 0.7055473 0.0036709 0.7082828
217.689600 18.6574898 -0.7826247 3.0359778 0.0166167 0.7050466 0.0070530 0.7089311
217.897500 18.7813263 -0.7873783 3.0364873 0.0189139 0.7042624 0.0066528 0.7096566
218.105400 18.9054623 -0.7910583 3.0381684 0.0199089 0.7037787 0.0061924 0.7101133
218.313300 19.0304070 -0.7950029 3.0386057 0.0188422 0.7029295 0.0131620 0.7108881
218.417300 19.0921783 -0.7975982 3.0391827 0.0204651 0.7028122 0.0132127 0.7109582
218.625000 19.2125912 -0.8017717 3.0429530 0.0248697 0.7036494 0.0038786 0.7101014
218.832900 19.3347054 -0.8067174 3.0427732 0.0267012 0.7030982 0.0079061 0.7105473
219.040800 19.4567738 -0.8127149 3.0450230 0.0214198 0.7032150 0.0075719 0.7106141
219.144600 19.5156803 -0.8152587 3.0458379 0.0248239 0.7031655 0.0058255 0.7105689
219.352500 19.6342697 -0.8211030 3.0462306 0.0297989 0.7030305 0.0059923 0.7105099
219.560400 19.7538338 -0.8260016 3.0497484 0.0229972 0.7036848 0.0068397 0.7101070
219.768400 19.8706360 -0.8309671 3.0515285 0.0211297 0.7039227 0.0072108 0.7099257
219.976300 19.9855251 -0.8358808 3.0537832 0.0223168 0.7049627 0.0067200 0.7088614
220.080300 20.0431671 -0.8378520 3.0531487 0.0224201 0.7049163 0.0082011 0.7088886
