0.000000 0.0000000 0.0000000 0.0000000 0.0000000 0.0000000 0.0000000 1.0000000
0.103391 -0.0004173 -0.0001837 0.0793299 0.0022591 0.0007751 -0.0004076 0.9999971
0.207106 -0.0003303 -0.0000916 0.1579703 0.0026849 0.0011119 0.0006331 0.9999956
0.310262 -0.0004056 -0.0001010 0.2369383 0.0006718 0.0012503 0.0015269 0.9999978
0.413621 -0.0002432 -0.0001425 0.3158537 -0.0023314 0.0008779 0.0026965 0.9999933
0.517929 -0.0003013 0.0000060 0.3934909 -0.0023619 0.0002522 0.0044807 0.9999871
0.620389 -0.0003350 0.0001982 0.4706086 -0.0009281 -0.0001550 0.0056384 0.9999837
0.724219 -0.0002328 0.0002696 0.5471402 0.0007373 -0.0006563 0.0059888 0.9999816
0.827211 -0.0007997 0.0004022 0.6240420 0.0010539 -0.0009782 0.0057985 0.9999822
0.930557 -0.0015191 0.0002527 0.7004256 0.0001044 -0.0014302 0.0055927 0.9999833
1.034070 -0.0017737 0.0004286 0.7765687 -0.0013228 -0.0018719 0.0055959 0.9999817
1.137438 -0.0022693 0.0004861 0.8525970 -0.0021529 -0.0023255 0.0057275 0.9999786
1.244258 -0.0028140 0.0009084 0.9280366 -0.0025192 -0.0026459 0.0062547 0.9999738
1.344229 -0.0027918 0.0008503 1.0034655 -0.0025745 -0.0032638 0.0064331 0.9999707
1.551083 -0.0046027 0.0012068 1.1525375 -0.0009712 -0.0042899 0.0068387 0.9999669
1.654521 -0.0055813 0.0020381 1.2270422 -0.0001518 -0.0050986 0.0074195 0.9999595
1.861353 -0.0088082 0.0021804 1.3754795 0.0006276 -0.0064908 0.0068732 0.9999551
2.068236 -0.0115803 0.0021952 1.5227995 0.0001726 -0.0081378 0.0062858 0.9999471
2.275131 -0.0146937 0.0019471 1.6691276 -0.0008673 -0.0096686 0.0058945 0.9999355
2.482010 -0.0183536 0.0022696 1.8126359 -0.0004271 -0.0112369 0.0065812 0.9999151
2.689023 -0.0224045 0.0023864 1.9539076 -0.0016643 -0.0122387 0.0063967 0.9999033
2.793694 -0.0241679 0.0026081 2.0238025 -0.0030761 -0.0127006 0.0070462 0.9998898
2.999556 -0.0286353 0.0029358 2.1602414 -0.0033406 -0.0132760 0.0067165 0.9998837
3.206573 -0.0334619 0.0037397 2.2918396 -0.0010390 -0.0139708 0.0056558 0.9998859
3.413963 -0.0384793 0.0039317 2.4211051 -0.0006173 -0.0150102 0.0050625 0.9998744
3.620721 -0.0426034 0.0035751 2.5492501 -0.0002110 -0.0171535 0.0051777 0.9998394
3.827725 -0.0477312 0.0040536 2.6721039 -0.0019078 -0.0190972 0.0054769 0.9998008
4.034871 -0.0535877 0.0045483 2.7919936 -0.0026617 -0.0210211 0.0043234 0.9997662
4.243437 -0.0597441 0.0049901 2.9086566 -0.0018500 -0.0229156 0.0024606 0.9997327
4.449183 -0.0661845 0.0054953 3.0229235 -0.0033501 -0.0241781 0.0015619 0.9997008
4.656235 -0.0726403 0.0051959 3.1331458 -0.0026237 -0.0236404 -0.0015676 0.9997159
4.863788 -0.0777959 0.0063319 3.2397261 -0.0000179 -0.0217415 -0.0026919 0.9997600
5.174268 -0.0860365 0.0064591 3.3953228 -0.0034628 -0.0164758 -0.0076415 0.9998291
5.381142 -0.0897444 0.0074115 3.4921405 -0.0039299 -0.0115980 -0.0118768 0.9998545
5.588095 -0.0921433 0.0078728 3.5835919 -0.0056716 -0.0054137 -0.0164875 0.9998333
5.795223 -0.0927852 0.0076129 3.6684179 -0.0058178 0.0017563 -0.0199123 0.9997833
6.002373 -0.0929983 0.0082682 3.7463987 -0.0043823 0.0095198 -0.0242189 0.9996517
6.209506 -0.0913762 0.0085044 3.8166454 -0.0029110 0.0175461 -0.0254849 0.9995170
6.416516 -0.0881163 0.0083773 3.8799684 -0.0042627 0.0255859 -0.0260825 0.9993232
7.245330 -0.0687470 0.0081319 4.0651860 0.0004651 0.0694381 -0.0311822 0.9970987
7.556580 -0.0560166 0.0070160 4.1242270 0.0012490 0.0953173 -0.0320815 0.9949291
7.970621 -0.0319225 0.0061433 4.2025833 0.0027157 0.1378696 -0.0333397 0.9898854
8.283921 -0.0084562 0.0044253 4.2604775 0.0023415 0.1780922 -0.0365678 0.9833313
8.488779 0.0122682 0.0032369 4.2981701 0.0031718 0.2089526 -0.0360169 0.9772571
8.696029 0.0366510 0.0017833 4.3338766 0.0059936 0.2448055 -0.0336751 0.9689687
8.903911 0.0646454 0.0003298 4.3701515 0.0093467 0.2838191 -0.0347871 0.9582011
9.110580 0.0981205 -0.0013830 4.4075041 0.0103058 0.3260650 -0.0382185 0.9445183
9.525112 0.1860182 -0.0068867 4.4817038 0.0108621 0.4190819 -0.0392914 0.9070328
9.732384 0.2436926 -0.0101081 4.5172048 0.0122630 0.4690250 -0.0386128 0.8822552
9.939685 0.3101357 -0.0142064 4.5480771 0.0119665 0.5180148 -0.0375224 0.8544645
10.146770 0.3828112 -0.0182716 4.5749536 0.0084868 0.5641627 -0.0391099 0.8246931
10.353670 0.4624826 -0.0228981 4.5931697 0.0120063 0.6055160 -0.0354284 0.7949535
10.457170 0.5053541 -0.0247774 4.5993829 0.0148462 0.6237478 -0.0298931 0.7809128
10.562990 0.5497602 -0.0272903 4.6048536 0.0175049 0.6406657 -0.0272899 0.7671351
10.767050 0.6414750 -0.0323298 4.6123838 0.0221296 0.6679273 -0.0247485 0.7434857
10.973420 0.7383838 -0.0380989 4.6147695 0.0253488 0.6879556 -0.0194689 0.7250486
11.180190 0.8400202 -0.0427176 4.6150661 0.0278780 0.7009225 -0.0175527 0.7124762
11.385900 0.9459212 -0.0493453 4.6139011 0.0282246 0.7098443 -0.0172977 0.7035803
11.592550 1.0565791 -0.0552386 4.6096029 0.0328463 0.7152635 -0.0160766 0.6978974
11.695270 1.1140814 -0.0582062 4.6078649 0.0326407 0.7169034 -0.0158243 0.6962281
11.901710 1.2327228 -0.0646568 4.6050153 0.0275784 0.7191636 -0.0140499 0.6941511
12.108000 1.3545004 -0.0709420 4.5995965 0.0260368 0.7197407 -0.0096206 0.6936878
12.314500 1.4784061 -0.0770886 4.5948920 0.0309583 0.7193860 -0.0114346 0.6938261
12.521050 1.6065087 -0.0830789 4.5911722 0.0345416 0.7178286 -0.0141690 0.6952181
12.727430 1.7389716 -0.0905040 4.5879898 0.0305719 0.7162921 -0.0106860 0.6970486
12.934130 1.8704935 -0.0981937 4.5848284 0.0341016 0.7141660 -0.0098097 0.6990764
13.141650 2.0017061 -0.1054556 4.5830016 0.0347724 0.7120388 -0.0135599 0.7011474
13.348030 2.1357412 -0.1141957 4.5828424 0.0320227 0.7093339 -0.0111157 0.7040571
13.554880 2.2689879 -0.1220040 4.5825529 0.0357712 0.7070914 -0.0115336 0.7061226
13.761270 2.4029438 -0.1299579 4.5844145 0.0343549 0.7044793 -0.0132549 0.7087686
13.968170 2.5369022 -0.1386903 4.5850487 0.0365928 0.7019649 -0.0092121 0.7112112
14.175050 2.6712446 -0.1468737 4.5878849 0.0381665 0.6998336 -0.0083560 0.7132366
14.382120 2.8060925 -0.1554359 4.5905185 0.0386903 0.6971394 -0.0060973 0.7158648
14.588970 2.9408529 -0.1638534 4.5965648 0.0377142 0.6951627 -0.0084265 0.7178130
14.795970 3.0767009 -0.1713127 4.6014280 0.0377585 0.6930797 -0.0085623 0.7198204
15.002870 3.2132845 -0.1801335 4.6088271 0.0362984 0.6912695 -0.0101017 0.7216141
15.209870 3.3507009 -0.1885564 4.6163964 0.0375346 0.6888397 -0.0129265 0.7238259
15.416750 3.4888086 -0.1974066 4.6248055 0.0372637 0.6863827 -0.0163858 0.7261003
15.623920 3.6296124 -0.2072882 4.6352348 0.0365767 0.6842303 -0.0168674 0.7281528
15.830620 3.7705324 -0.2169300 4.6461482 0.0357783 0.6814295 -0.0192418 0.7307554
16.039410 3.9127264 -0.2272466 4.6576214 0.0349903 0.6780508 -0.0186127 0.7339458
16.244300 4.0553074 -0.2377714 4.6719270 0.0376909 0.6738712 -0.0245128 0.7374796
16.453450 4.1991243 -0.2497032 4.6881819 0.0387089 0.6682966 -0.0288393 0.7423271
16.658020 4.3451891 -0.2623187 4.7066793 0.0364243 0.6628188 -0.0287560 0.7473404
16.968080 4.5665426 -0.2805247 4.7387962 0.0285654 0.6546466 -0.0247311 0.7549902
17.279480 4.7815452 -0.2966693 4.7732477 0.0313686 0.6465409 -0.0262414 0.7617823
17.485440 4.9218407 -0.3080155 4.7991381 0.0330352 0.6425957 -0.0292698 0.7649331
17.693880 5.0596762 -0.3199836 4.8254223 0.0324390 0.6385841 -0.0276018 0.7683724
18.003090 5.2616448 -0.3359868 4.8661489 0.0243356 0.6342986 -0.0235941 0.7723448
18.313370 5.4557114 -0.3494021 4.9084306 0.0239850 0.6314925 -0.0281923 0.7744980
18.520470 5.5794168 -0.3584240 4.9361486 0.0274101 0.6297584 -0.0316741 0.7756609
18.830950 5.7603016 -0.3731657 4.9768887 0.0263850 0.6284027 -0.0317603 0.7767916
19.141510 5.9338861 -0.3871745 5.0150466 0.0248867 0.6288743 -0.0300175 0.7765286
19.351800 6.0449781 -0.3961124 5.0395956 0.0255875 0.6303729 -0.0317819 0.7752194
19.660070 6.2051668 -0.4087993 5.0714483 0.0281147 0.6326832 -0.0319451 0.7732406
19.866980 6.3086729 -0.4177570 5.0924006 0.0253991 0.6346557 -0.0295629 0.7718116
20.073350 6.4081159 -0.4258024 5.1111450 0.0283808 0.6361243 -0.0274340 0.7705763
20.383850 6.5536981 -0.4372786 5.1380038 0.0320046 0.6382487 -0.0285049 0.7686363
20.590890 6.6521363 -0.4451844 5.1551309 0.0339155 0.6384255 -0.0248344 0.7685350
20.797730 6.7507682 -0.4526535 5.1726828 0.0359850 0.6368742 -0.0215473 0.7698260
21.004610 6.8502994 -0.4603713 5.1936431 0.0348331 0.6334355 -0.0228907 0.7726721
21.213570 6.9511309 -0.4675978 5.2160420 0.0346038 0.6278803 -0.0227135 0.7772085
21.417970 7.0543404 -0.4757650 5.2415657 0.0327192 0.6209698 -0.0226687 0.7828232
21.624800 7.1591315 -0.4836170 5.2697563 0.0319111 0.6130164 -0.0257726 0.7890046
21.833000 7.2663393 -0.4918005 5.3013296 0.0312958 0.6045921 -0.0293233 0.7953799
22.038410 7.3764029 -0.5004506 5.3360300 0.0309314 0.5961927 -0.0313915 0.8016309
22.245290 7.4908485 -0.5088273 5.3747463 0.0298862 0.5874147 -0.0332379 0.8080508
22.452170 7.6092062 -0.5174878 5.4161873 0.0270728 0.5786044 -0.0278679 0.8146824
22.659440 7.7312422 -0.5262268 5.4630327 0.0244950 0.5695532 -0.0251844 0.8212033
22.865960 7.8563180 -0.5330496 5.5114236 0.0270603 0.5618060 -0.0189386 0.8266094
23.072970 7.9859624 -0.5409276 5.5630407 0.0277542 0.5557241 -0.0100493 0.8308426
23.280040 8.1153975 -0.5482381 5.6179261 0.0330422 0.5488941 -0.0105136 0.8351724
23.590650 8.3070507 -0.5616086 5.7051525 0.0348803 0.5409444 -0.0142988 0.8402131
23.798210 8.4305401 -0.5720051 5.7650108 0.0347875 0.5372587 -0.0184506 0.8424978
24.004580 8.5520039 -0.5820680 5.8240590 0.0355540 0.5335744 -0.0222813 0.8447117
24.213210 8.6704617 -0.5924264 5.8824272 0.0336287 0.5298582 -0.0207286 0.8471657
24.422100 8.7847567 -0.6028516 5.9399071 0.0311753 0.5266013 -0.0203698 0.8492963
24.625310 8.8956184 -0.6115471 5.9972253 0.0321120 0.5236968 -0.0212520 0.8510340
24.832200 9.0038261 -0.6204098 6.0517511 0.0327896 0.5217577 -0.0191178 0.8522489
25.039090 9.1080418 -0.6293601 6.1064839 0.0326443 0.5200285 -0.0187970 0.8533179
25.245970 9.2088900 -0.6380352 6.1594167 0.0347564 0.5174028 -0.0185331 0.8548350
25.452750 9.3069210 -0.6468362 6.2112408 0.0360329 0.5143700 -0.0163034 0.8566559
25.659630 9.4001417 -0.6553565 6.2621946 0.0365851 0.5113341 -0.0152396 0.8584677
25.970230 9.5370121 -0.6670239 6.3377361 0.0380059 0.5058713 -0.0145509 0.8616485
26.280040 9.6696281 -0.6792170 6.4144559 0.0415003 0.4983923 -0.0183956 0.8657624
26.486950 9.7558041 -0.6883322 6.4697075 0.0433732 0.4923923 -0.0251107 0.8689292
26.693580 9.8431263 -0.6971963 6.5249500 0.0424820 0.4858981 -0.0286649 0.8725117
26.900360 9.9323387 -0.7067662 6.5844736 0.0347181 0.4798721 -0.0311221 0.8760986
27.210600 10.0698996 -0.7199839 6.6808219 0.0279024 0.4700985 -0.0350275 0.8814771
27.520750 10.2134113 -0.7329580 6.7843056 0.0287984 0.4597668 -0.0400316 0.8866694
27.831080 10.3640471 -0.7473832 6.8981204 0.0246282 0.4486856 -0.0427207 0.8923282
28.141050 10.5183029 -0.7612640 7.0219231 0.0225444 0.4358226 -0.0439722 0.8986751
28.348030 10.6255798 -0.7697861 7.1108050 0.0222866 0.4271621 -0.0448643 0.9027863
28.554810 10.7344551 -0.7791910 7.2025037 0.0218369 0.4218170 -0.0438389 0.9053572
28.761830 10.8461809 -0.7898493 7.2985435 0.0233070 0.4180351 -0.0393357 0.9072796
28.970690 10.9612989 -0.7990230 7.3970141 0.0244465 0.4139896 -0.0322900 0.9093802
29.176740 11.0771399 -0.8082480 7.5000510 0.0240653 0.4103738 -0.0288518 0.9111431
29.384830 11.1917620 -0.8174565 7.6050816 0.0242522 0.4063378 -0.0324239 0.9128253
29.589380 11.3073816 -0.8263303 7.7131929 0.0208595 0.4026359 -0.0341637 0.9144846
29.692890 11.3659391 -0.8308403 7.7683110 0.0172428 0.4004107 -0.0342390 0.9155335
29.899820 11.4825010 -0.8385291 7.8793983 0.0132425 0.3956356 -0.0307620 0.9177967
30.106560 11.5994253 -0.8456413 7.9905491 0.0199151 0.3897225 -0.0247360 0.9203846
30.313330 11.7152767 -0.8544930 8.1048651 0.0271708 0.3827687 -0.0227211 0.9231650
30.520070 11.8307610 -0.8638612 8.2235785 0.0257409 0.3753287 -0.0181194 0.9263571
30.726980 11.9449673 -0.8736580 8.3436642 0.0298911 0.3687398 -0.0159660 0.9289147
30.933840 12.0581532 -0.8832590 8.4670525 0.0304840 0.3641561 -0.0150905 0.9307166
31.142770 12.1724977 -0.8931605 8.5908241 0.0284296 0.3615385 -0.0104648 0.9318649
31.347740 12.2859459 -0.9018518 8.7159443 0.0272824 0.3609959 -0.0081001 0.9321330
31.555590 12.3988905 -0.9109643 8.8414803 0.0269107 0.3614702 -0.0096892 0.9319449
31.763200 12.5114908 -0.9196556 8.9666729 0.0270444 0.3635145 -0.0136027 0.9310966
31.970850 12.6243153 -0.9291087 9.0904102 0.0252487 0.3664289 -0.0167038 0.9299534
32.176640 12.7380190 -0.9377251 9.2128496 0.0225674 0.3696474 -0.0166220 0.9287493
32.382560 12.8513012 -0.9469377 9.3329754 0.0246764 0.3734899 -0.0158086 0.9271712
32.589890 12.9642000 -0.9560574 9.4519005 0.0303198 0.3778398 -0.0227973 0.9250935
32.796560 13.0787716 -0.9667094 9.5692453 0.0248146 0.3826418 -0.0232328 0.9232712
33.003430 13.1925535 -0.9765008 9.6845436 0.0223399 0.3872553 -0.0231056 0.9214122
33.211600 13.3079958 -0.9854116 9.7955313 0.0242069 0.3910879 -0.0210188 0.9197948
33.417090 13.4245281 -0.9948743 9.9061470 0.0278475 0.3957380 -0.0195213 0.9177336
33.623980 13.5414410 -1.0046362 10.0159378 0.0271513 0.4006745 -0.0208849 0.9155799
33.830820 13.6593361 -1.0138409 10.1239233 0.0272135 0.4071236 -0.0219667 0.9127033
34.037880 13.7789974 -1.0238516 10.2321720 0.0305345 0.4145317 -0.0276495 0.9091021
34.244700 13.9010162 -1.0348479 10.3370361 0.0276305 0.4224210 -0.0273253 0.9055663
34.451590 14.0281334 -1.0454826 10.4431238 0.0189668 0.4307088 -0.0262315 0.9019102
34.764710 14.2222176 -1.0571713 10.5959568 0.0213492 0.4431491 -0.0266940 0.8957961
34.969030 14.3545408 -1.0673730 10.6937122 0.0289441 0.4509285 -0.0280724 0.8916488
35.176790 14.4894581 -1.0789586 10.7903490 0.0266421 0.4590114 -0.0234086 0.8877222
35.382770 14.6242352 -1.0888978 10.8841619 0.0263982 0.4664928 -0.0240721 0.8838032
35.589680 14.7575197 -1.1003734 10.9728460 0.0266221 0.4726344 -0.0189312 0.8806530
35.796540 14.8894062 -1.1107047 11.0599823 0.0237241 0.4776136 -0.0182816 0.8780593
36.006010 15.0189152 -1.1201867 11.1441078 0.0264151 0.4820392 -0.0195970 0.8755321
36.210300 15.1451292 -1.1293079 11.2242689 0.0292714 0.4853621 -0.0229411 0.8735219
36.417070 15.2731161 -1.1390027 11.3034916 0.0245761 0.4880243 -0.0180510 0.8722972
36.520460 15.3361998 -1.1433084 11.3410673 0.0242688 0.4893135 -0.0151723 0.8716382
36.727360 15.4586802 -1.1515350 11.4151964 0.0281310 0.4918505 -0.0134146 0.8701217
36.934690 15.5770626 -1.1614153 11.4868450 0.0335770 0.4936903 -0.0191498 0.8687783
37.141020 15.6961069 -1.1704156 11.5570374 0.0328673 0.4960734 -0.0166400 0.8674988
37.347880 15.8132725 -1.1796920 11.6280823 0.0193729 0.4993545 -0.0180317 0.8659934
37.554790 15.9265251 -1.1871892 11.6941614 0.0221741 0.5015952 -0.0190300 0.8646088
37.761670 16.0386410 -1.1939577 11.7577019 0.0231715 0.5040165 -0.0190506 0.8631729
37.968550 16.1485176 -1.2014360 11.8201141 0.0221391 0.5064875 -0.0187663 0.8617587
38.176120 16.2561588 -1.2080979 11.8795710 0.0243199 0.5097302 -0.0186897 0.8597874
38.382320 16.3615685 -1.2159028 11.9368649 0.0258540 0.5140805 -0.0198163 0.8571232
38.692720 16.5181484 -1.2270710 12.0175734 0.0307605 0.5220779 -0.0214342 0.8520734
38.899920 16.6243038 -1.2349195 12.0711079 0.0296151 0.5282069 -0.0246322 0.8482415
39.106870 16.7330666 -1.2436836 12.1239634 0.0285544 0.5341381 -0.0266099 0.8444958
39.313880 16.8435326 -1.2523869 12.1755533 0.0300286 0.5407611 -0.0302869 0.8400943
39.520900 16.9577141 -1.2616081 12.2264681 0.0310724 0.5473046 -0.0333508 0.8356913
39.727990 17.0751781 -1.2721287 12.2769527 0.0319625 0.5540102 -0.0354991 0.8311384
39.934800 17.1979980 -1.2824479 12.3256302 0.0339262 0.5604048 -0.0340412 0.8268233
40.141680 17.3241425 -1.2937076 12.3750544 0.0313058 0.5671680 -0.0325792 0.8223618
40.350540 17.4562969 -1.3040110 12.4234867 0.0297293 0.5727473 -0.0291062 0.8186755
40.556060 17.5924988 -1.3139236 12.4726219 0.0251485 0.5777640 -0.0252008 0.8154271
40.764080 17.7305660 -1.3236207 12.5183516 0.0316334 0.5817483 -0.0247995 0.8123751
41.072760 17.9393864 -1.3395238 12.5852547 0.0440782 0.5871159 -0.0242900 0.8079368
41.282760 18.0874043 -1.3535824 12.6306171 0.0420184 0.5913067 -0.0169143 0.8051738
41.486770 18.2344055 -1.3657460 12.6763954 0.0449762 0.5949892 -0.0247915 0.8020912
41.693290 18.3864326 -1.3793926 12.7227020 0.0415097 0.5992954 -0.0263871 0.7990155
41.900180 18.5390968 -1.3944044 12.7664423 0.0388894 0.6038626 -0.0267935 0.7956882
42.210320 18.7743187 -1.4145666 12.8300781 0.0424401 0.6095230 -0.0262903 0.7911949
42.520590 19.0130043 -1.4363377 12.8910294 0.0428018 0.6139002 -0.0242859 0.7878482
42.727360 19.1725464 -1.4503375 12.9309425 0.0405720 0.6160231 -0.0241112 0.7863130
42.934150 19.3319111 -1.4648886 12.9715786 0.0392496 0.6178312 -0.0269084 0.7848694
43.140760 19.4929466 -1.4791133 13.0100002 0.0396345 0.6191831 -0.0273879 0.7837673
43.347610 19.6522026 -1.4932263 13.0484734 0.0373769 0.6203853 -0.0255135 0.7829905
43.555160 19.8142548 -1.5077708 13.0861301 0.0374561 0.6216502 -0.0251902 0.7819933
43.762280 19.9717579 -1.5220706 13.1225863 0.0414208 0.6228744 -0.0279517 0.7807243
43.971430 20.1305809 -1.5373391 13.1593246 0.0390595 0.6251938 -0.0282389 0.7789798
44.176790 20.2893543 -1.5517826 13.1940536 0.0355246 0.6279435 -0.0248152 0.7770516
44.382090 20.4474621 -1.5648208 13.2278795 0.0354871 0.6312257 -0.0259743 0.7743514
44.589150 20.6063499 -1.5774704 13.2596445 0.0353922 0.6343918 -0.0262013 0.7717564
44.796760 20.7631454 -1.5908916 13.2902756 0.0347179 0.6376445 -0.0257312 0.7691177
45.003060 20.9199371 -1.6042814 13.3189964 0.0336375 0.6407003 -0.0274457 0.7665627
45.209900 21.0772038 -1.6174132 13.3475285 0.0310479 0.6435277 -0.0300085 0.7642038
45.416890 21.2320061 -1.6303875 13.3765316 0.0319003 0.6462236 -0.0357457 0.7616428
45.623680 21.3873749 -1.6440498 13.4028349 0.0304848 0.6488196 -0.0367237 0.7594440
45.830550 21.5430088 -1.6581695 13.4275503 0.0282630 0.6514674 -0.0338775 0.7573927
46.037440 21.6980667 -1.6704299 13.4503908 0.0284329 0.6540633 -0.0333289 0.7551702
46.244200 21.8555794 -1.6829534 13.4729252 0.0300531 0.6572216 -0.0353520 0.7522678
46.451100 22.0112381 -1.6961852 13.4925022 0.0292828 0.6611399 -0.0292119 0.7491216
46.657980 22.1629467 -1.7093451 13.5110855 0.0354937 0.6645899 -0.0324603 0.7456586
46.864950 22.3140774 -1.7235204 13.5276852 0.0414754 0.6684003 -0.0381019 0.7416664
47.071770 22.4666786 -1.7391068 13.5433254 0.0344255 0.6723779 -0.0363195 0.7385145
47.278520 22.6196194 -1.7544303 13.5569668 0.0311071 0.6764339 -0.0361751 0.7349564
47.588920 22.8489113 -1.7739073 13.5749216 0.0233290 0.6845845 -0.0369057 0.7276247
47.899190 23.0716133 -1.7931658 13.5845737 0.0287787 0.6914874 -0.0368194 0.7208753
48.209330 23.2926235 -1.8106432 13.5932684 0.0273048 0.6984712 -0.0350033 0.7142598
48.416100 23.4406319 -1.8235254 13.5950794 0.0299319 0.7017141 -0.0363840 0.7108992
48.726120 23.6605797 -1.8427186 13.5967302 0.0323189 0.7047622 -0.0325419 0.7079595
49.036150 23.8802643 -1.8616636 13.5970583 0.0340795 0.7064866 -0.0299573 0.7062703
49.242780 24.0256195 -1.8740022 13.5966320 0.0371116 0.7064552 -0.0291826 0.7061814
49.452210 24.1674137 -1.8874240 13.5963678 0.0386202 0.7055930 -0.0284237 0.7069930
49.656580 24.3069878 -1.9004786 13.5969095 0.0393325 0.7040914 -0.0267311 0.7085152
49.863540 24.4432106 -1.9128282 13.5988197 0.0378274 0.7022118 -0.0246691 0.7105344
50.069330 24.5755482 -1.9243697 13.6013117 0.0352273 0.6996887 -0.0237796 0.7131825
50.276120 24.7031765 -1.9352076 13.6057796 0.0333725 0.6968606 -0.0266967 0.7159322
50.483680 24.8288555 -1.9451652 13.6104965 0.0323569 0.6940207 -0.0261611 0.7187516
50.586570 24.8903408 -1.9502375 13.6137142 0.0304402 0.6929262 -0.0259116 0.7198995
50.793430 25.0094204 -1.9598895 13.6196747 0.0297521 0.6901106 -0.0260772 0.7226217
50.999580 25.1224651 -1.9690374 13.6258707 0.0309581 0.6873180 -0.0270607 0.7251919
51.206270 25.2315063 -1.9782155 13.6337461 0.0305951 0.6849818 -0.0297746 0.7273083
51.413610 25.3354340 -1.9870844 13.6417408 0.0294427 0.6825194 -0.0313456 0.7296011
51.622300 25.4350700 -1.9953923 13.6493692 0.0292282 0.6800357 -0.0320542 0.7318946
51.826760 25.5310001 -2.0037429 13.6582413 0.0286325 0.6779606 -0.0345282 0.7337284
52.033540 25.6243591 -2.0122271 13.6671000 0.0274673 0.6756474 -0.0352064 0.7358714
52.240390 25.7139950 -2.0200028 13.6759892 0.0277716 0.6734428 -0.0359079 0.7378442
52.447130 25.7991104 -2.0276623 13.6847229 0.0288552 0.6714953 -0.0366838 0.7395375
52.654640 25.8823586 -2.0349495 13.6939545 0.0291401 0.6701177 -0.0381243 0.7407021
52.860930 25.9640503 -2.0418890 13.7032194 0.0297580 0.6691821 -0.0396970 0.7414404
53.067800 26.0455742 -2.0496159 13.7121878 0.0302707 0.6693165 -0.0398328 0.7412910
53.274690 26.1293087 -2.0570946 13.7215729 0.0288041 0.6702188 -0.0399015 0.7405302
53.481550 26.2148838 -2.0651753 13.7292528 0.0318059 0.6715788 -0.0396358 0.7391883
53.792070 26.3471603 -2.0775113 13.7411404 0.0387423 0.6738656 -0.0413488 0.7366780
53.999020 26.4412136 -2.0861351 13.7489090 0.0394387 0.6753356 -0.0390968 0.7354168
54.205940 26.5399132 -2.0965302 13.7552299 0.0412118 0.6767050 -0.0332835 0.7343460
54.412740 26.6399841 -2.1055608 13.7647600 0.0404048 0.6784277 -0.0375716 0.7325924
54.619690 26.7448845 -2.1153088 13.7704020 0.0427208 0.6792752 -0.0331181 0.7318902
54.826640 26.8525524 -2.1261477 13.7788877 0.0420477 0.6808053 -0.0345381 0.7304404
55.136960 27.0205154 -2.1425898 13.7908583 0.0440583 0.6825824 -0.0377407 0.7285024
55.343740 27.1383095 -2.1544600 13.7991686 0.0409772 0.6838590 -0.0394904 0.7273914
55.653990 27.3182125 -2.1737466 13.8105993 0.0468548 0.6855171 -0.0421631 0.7253228
55.964160 27.5060368 -2.1947987 13.8202887 0.0484367 0.6866717 -0.0374575 0.7243844
56.274290 27.6983395 -2.2160571 13.8288107 0.0505850 0.6877197 -0.0351190 0.7233598
56.584420 27.8973522 -2.2374690 13.8394651 0.0509759 0.6876761 -0.0336921 0.7234417
56.894350 28.1019440 -2.2595301 13.8512859 0.0496166 0.6865023 -0.0326375 0.7246982
57.204360 28.3108311 -2.2819092 13.8628559 0.0496492 0.6844605 -0.0300985 0.7267345
57.514200 28.5250072 -2.3036499 13.8767576 0.0512378 0.6814624 -0.0273086 0.7295464
57.824090 28.7433758 -2.3260479 13.8931732 0.0524888 0.6782213 -0.0265819 0.7324986
58.133900 28.9641094 -2.3492160 13.9133215 0.0515126 0.6751916 -0.0298247 0.7352368
58.443830 29.1862316 -2.3738008 13.9345913 0.0494173 0.6731136 -0.0293591 0.7373019
58.753660 29.4106407 -2.3967130 13.9557581 0.0501473 0.6720006 -0.0284408 0.7383031
59.063680 29.6347218 -2.4200387 13.9771137 0.0468150 0.6714839 -0.0283408 0.7389956
59.373860 29.8557510 -2.4434576 13.9992962 0.0468912 0.6711941 -0.0300388 0.7391869
59.683780 30.0758629 -2.4666171 14.0216751 0.0463342 0.6709514 -0.0313866 0.7393864
59.890360 30.2212219 -2.4822099 14.0362186 0.0460264 0.6708034 -0.0310009 0.7395561
60.200330 30.4378738 -2.5048456 14.0581608 0.0481919 0.6700330 -0.0291618 0.7401911
60.510030 30.6551762 -2.5269368 14.0798168 0.0537712 0.6674577 -0.0271150 0.7422087
60.923310 30.9431324 -2.5589001 14.1106691 0.0590545 0.6622217 -0.0253052 0.7465485
61.336450 31.2304668 -2.5912333 14.1489010 0.0541360 0.6562275 -0.0235622 0.7522497
61.543140 31.3736420 -2.6060314 14.1713247 0.0521959 0.6523190 -0.0246820 0.7557423
61.853030 31.5883999 -2.6283703 14.2064762 0.0515191 0.6439243 -0.0271429 0.7628699
62.059540 31.7290115 -2.6436534 14.2332706 0.0510195 0.6366944 -0.0287814 0.7688881
62.369430 31.9421844 -2.6673703 14.2796917 0.0494889 0.6257883 -0.0302541 0.7778332
62.576200 32.0834389 -2.6827459 14.3133078 0.0483615 0.6197931 -0.0311153 0.7826554
62.782780 32.2239189 -2.6983776 14.3494577 0.0479083 0.6154068 -0.0321605 0.7860948
62.989540 32.3660698 -2.7141709 14.3866177 0.0471771 0.6117152 -0.0326020 0.7889968
63.196200 32.5093498 -2.7305942 14.4248886 0.0474762 0.6080095 -0.0323976 0.7918465
63.402810 32.6532135 -2.7467275 14.4651794 0.0467635 0.6044253 -0.0319535 0.7946460
63.609460 32.7964745 -2.7626934 14.5068092 0.0451106 0.6007880 -0.0308135 0.7975396
63.816090 32.9379807 -2.7775583 14.5489597 0.0433011 0.5971160 -0.0300208 0.8004225
64.022620 33.0781212 -2.7932949 14.5924759 0.0440682 0.5932469 -0.0314356 0.8031985
64.229120 33.2166901 -2.8082716 14.6371269 0.0441080 0.5895406 -0.0338879 0.8058213
64.435680 33.3546295 -2.8233409 14.6833668 0.0392074 0.5873238 -0.0334083 0.8077112
64.745710 33.5560722 -2.8448884 14.7513180 0.0403418 0.5856434 -0.0395355 0.8085983
64.952280 33.6896057 -2.8597965 14.7971792 0.0370040 0.5854065 -0.0398815 0.8089125
65.158820 33.8209534 -2.8741553 14.8421841 0.0328653 0.5854399 -0.0391611 0.8091022
65.365480 33.9513397 -2.8868470 14.8863525 0.0333395 0.5858817 -0.0391261 0.8087646
65.571960 34.0818787 -2.8992696 14.9295149 0.0345985 0.5863566 -0.0362917 0.8084997
65.778660 34.2123032 -2.9128575 14.9724054 0.0352722 0.5865848 -0.0360609 0.8083154
65.985180 34.3414001 -2.9251235 15.0149498 0.0404166 0.5864716 -0.0378882 0.8080730
66.295140 34.5385399 -2.9462905 15.0813456 0.0377217 0.5871234 -0.0368377 0.8077785
66.605040 34.7419090 -2.9669802 15.1484060 0.0411176 0.5868390 -0.0378023 0.8077749
66.914810 34.9529991 -2.9894590 15.2174454 0.0406167 0.5866209 -0.0349451 0.8080873
67.224700 35.1670837 -3.0117376 15.2874050 0.0443606 0.5855395 -0.0308820 0.8088399
67.534610 35.3822403 -3.0344214 15.3584309 0.0455846 0.5842245 -0.0265736 0.8098751
67.844550 35.5958252 -3.0559068 15.4308453 0.0413624 0.5836847 -0.0248788 0.8105444
68.154890 35.8074265 -3.0766597 15.5027685 0.0441000 0.5827259 -0.0245117 0.8111011
68.464300 36.0146523 -3.0975842 15.5735102 0.0427797 0.5824439 -0.0232421 0.8114116
68.774690 36.2147369 -3.1174645 15.6413984 0.0414855 0.5831937 -0.0212717 0.8109942
69.084250 36.4083023 -3.1356916 15.7064400 0.0421912 0.5846359 -0.0203912 0.8099414
69.394410 36.5900612 -3.1546135 15.7684050 0.0469379 0.5862505 -0.0257599 0.8083586
69.704490 36.7748947 -3.1737704 15.8287611 0.0434273 0.5879645 -0.0237420 0.8073711
70.014150 36.9539795 -3.1915426 15.8866749 0.0449693 0.5887221 -0.0229995 0.8067560
70.324290 37.1336441 -3.2097692 15.9434261 0.0471136 0.5886409 -0.0225083 0.8067066
70.634290 37.3110619 -3.2271781 16.0005817 0.0487422 0.5886403 -0.0231713 0.8065915
70.946380 37.4899940 -3.2458823 16.0585556 0.0471936 0.5876257 -0.0214618 0.8074702
71.255370 37.6648369 -3.2641702 16.1171570 0.0458592 0.5855066 -0.0207692 0.8091030
71.564460 37.8311462 -3.2810230 16.1746883 0.0454235 0.5831885 -0.0224710 0.8107545
71.977870 38.0432663 -3.3031955 16.2471466 0.0432295 0.5811750 -0.0225477 0.8123167
72.394080 38.2404747 -3.3235250 16.3165722 0.0439020 0.5792705 -0.0212816 0.8136740
72.908190 38.4683189 -3.3461118 16.3984241 0.0429398 0.5772480 -0.0226927 0.8151233
73.218200 38.5949287 -3.3583875 16.4441071 0.0417910 0.5763997 -0.0223295 0.8157930
73.632800 38.7506905 -3.3747280 16.5006809 0.0446058 0.5751089 -0.0260307 0.8164451
73.942010 38.8576317 -3.3857799 16.5394821 0.0454277 0.5748609 -0.0249029 0.8166095
74.252330 38.9555397 -3.3965452 16.5753937 0.0433845 0.5765668 -0.0248355 0.8155193
74.562490 39.0460777 -3.4058855 16.6073704 0.0427587 0.5780025 -0.0242446 0.8145533
74.769280 39.1022491 -3.4117391 16.6266136 0.0426088 0.5787376 -0.0232997 0.8140666
74.976100 39.1544380 -3.4171424 16.6450157 0.0415867 0.5796250 -0.0239258 0.8134697
75.389540 39.2494469 -3.4262917 16.6780815 0.0428752 0.5813149 -0.0241391 0.8121896
75.699680 39.3168945 -3.4329205 16.7013340 0.0422462 0.5814151 -0.0244198 0.8121425
75.906260 39.3600922 -3.4372101 16.7170582 0.0413506 0.5805583 -0.0250017 0.8127835
76.216170 39.4248772 -3.4427967 16.7397461 0.0412340 0.5767144 -0.0256519 0.8155012
76.732320 39.5351791 -3.4536691 16.7855358 0.0419410 0.5569902 -0.0272389 0.8290120
77.351390 39.6698570 -3.4684238 16.8562374 0.0432825 0.5073009 -0.0329420 0.8600507
77.661290 39.7310753 -3.4754868 16.8979530 0.0418074 0.4873536 -0.0414067 0.8712199
77.972190 39.7898521 -3.4822364 16.9342079 0.0414953 0.4947470 -0.0434921 0.8669556
78.283030 39.8467827 -3.4896374 16.9621563 0.0446147 0.5176921 -0.0393962 0.8534942
78.593920 39.9061813 -3.4969442 16.9868259 0.0447899 0.5470836 -0.0382851 0.8350016
78.904330 39.9691505 -3.5047126 17.0070782 0.0470526 0.5719706 -0.0341776 0.8182100
79.214940 40.0330696 -3.5121398 17.0264282 0.0469157 0.5890487 -0.0320925 0.8060960
79.524510 40.0933876 -3.5190740 17.0435658 0.0462865 0.5967892 -0.0296973 0.8005112
79.833670 40.1468201 -3.5252168 17.0606346 0.0471564 0.5889175 -0.0278650 0.8063349
80.144160 40.1917610 -3.5305440 17.0799103 0.0441275 0.5718507 -0.0326982 0.8185172
80.763430 40.2584343 -3.5389938 17.1135235 0.0497721 0.5308960 -0.0303223 0.8454305
81.071670 40.2820244 -3.5415277 17.1324863 0.0432796 0.5116678 -0.0358640 0.8573428
81.381470 40.3023186 -3.5436249 17.1470661 0.0426812 0.4941750 -0.0356524 0.8675818
82.312040 40.3404846 -3.5488725 17.1804428 0.0374901 0.4593636 -0.0403474 0.8865392
82.624270 40.3479996 -3.5496931 17.1886978 0.0348798 0.4518439 -0.0433681 0.8903593
