3.116499 0.0000000 0.0000000 0.0000000 0.0000000 0.0000000 0.0000000 1.0000000
3.220123 0.0006334 -0.0002425 0.0416275 -0.0010487 0.0057274 -0.0003491 0.9999830
3.323750 0.0017237 -0.0002936 0.0850152 -0.0020578 0.0111981 -0.0007610 0.9999349
3.427371 0.0032827 -0.0004550 0.1294701 -0.0030368 0.0164138 -0.0009730 0.9998602
3.531001 0.0054723 -0.0003287 0.1753406 -0.0039676 0.0216473 -0.0011880 0.9997571
3.634758 0.0079264 -0.0001515 0.2223638 -0.0045964 0.0270624 -0.0008078 0.9996229
3.738395 0.0110040 -0.0005196 0.2705172 -0.0053740 0.0324235 -0.0007488 0.9994595
3.842137 0.0149832 -0.0003854 0.3192660 -0.0069045 0.0376957 -0.0010879 0.9992648
3.945774 0.0190042 -0.0001896 0.3683950 -0.0088184 0.0436526 -0.0015689 0.9990066
4.049501 0.0243972 0.0001456 0.4177580 -0.0106782 0.0496786 -0.0014610 0.9987071
4.153250 0.0298518 0.0003341 0.4675045 -0.0118017 0.0563218 -0.0015038 0.9983418
4.257002 0.0361344 0.0006308 0.5175925 -0.0119251 0.0635423 -0.0012820 0.9979071
4.360751 0.0431034 0.0012614 0.5675864 -0.0112605 0.0709254 -0.0016653 0.9974167
4.464541 0.0516571 0.0014568 0.6176226 -0.0106776 0.0791078 -0.0014701 0.9968078
4.568398 0.0606212 0.0016237 0.6679101 -0.0099759 0.0895420 -0.0024296 0.9959301
4.776128 0.0829448 0.0014977 0.7679752 -0.0095327 0.1175227 -0.0050528 0.9930116
4.984148 0.1126352 0.0012429 0.8670926 -0.0091043 0.1511866 -0.0058080 0.9884462
5.192023 0.1490961 0.0007964 0.9641991 -0.0072757 0.1841186 -0.0060303 0.9828586
5.399752 0.1923759 -0.0005851 1.0599869 -0.0034204 0.2160484 -0.0053218 0.9763622
5.607400 0.2426780 -0.0025460 1.1516553 0.0033877 0.2462429 0.0004809 0.9692021
5.815003 0.2987371 -0.0054098 1.2401769 0.0094478 0.2738722 0.0075799 0.9616898
6.022375 0.3580769 -0.0099792 1.3256912 0.0221853 0.2996490 0.0095378 0.9537438
6.229773 0.4210317 -0.0167886 1.4080522 0.0379174 0.3249292 0.0048510 0.9449655
6.540880 0.5246276 -0.0309310 1.5247808 0.0448113 0.3608100 0.0079295 0.9315284
6.748254 0.5989865 -0.0401426 1.5986469 0.0413490 0.3804526 0.0151544 0.9237513
7.059005 0.7112565 -0.0524791 1.7045689 0.0444075 0.3989096 0.0168930 0.9157586
7.266377 0.7868162 -0.0616737 1.7715847 0.0436209 0.4102757 0.0138398 0.9108126
7.681003 0.9416465 -0.0780234 1.9027895 0.0480721 0.4207532 0.0146124 0.9057827
7.888275 1.0230772 -0.0872562 1.9726870 0.0476398 0.4157332 0.0151388 0.9081119
8.095633 1.1067555 -0.0968132 2.0474160 0.0469901 0.4081928 0.0135728 0.9115846
8.303130 1.1927559 -0.1071256 2.1262937 0.0453935 0.4024017 0.0103143 0.9142789
8.510755 1.2810853 -0.1174624 2.2087135 0.0430742 0.4018916 0.0074401 0.9146433
8.718382 1.3723130 -0.1277785 2.2927489 0.0421843 0.4027179 0.0072379 0.9143229
8.925883 1.4655197 -0.1381982 2.3778338 0.0413789 0.4028110 0.0077265 0.9143147
9.133505 1.5598848 -0.1488897 2.4644294 0.0405939 0.4029312 0.0068044 0.9143043
9.341007 1.6551671 -0.1595531 2.5520616 0.0399560 0.4027264 0.0058596 0.9144291
9.548508 1.7496471 -0.1708358 2.6398537 0.0379854 0.4008861 0.0067735 0.9153150
9.755883 1.8440073 -0.1806397 2.7288461 0.0372870 0.3983922 0.0074330 0.9164268
10.067270 1.9839702 -0.1968561 2.8608527 0.0384092 0.3972304 0.0068808 0.9168890
10.275010 2.0761342 -0.2081649 2.9469752 0.0395577 0.4011977 0.0046102 0.9151253
10.482760 2.1700380 -0.2188716 3.0317903 0.0373442 0.4069695 0.0070934 0.9126505
10.690390 2.2636209 -0.2287903 3.1147456 0.0380047 0.4124877 0.0064394 0.9101473
10.794130 2.3107309 -0.2337425 3.1553326 0.0388260 0.4150391 0.0059691 0.9089552
11.001750 2.4036360 -0.2440018 3.2354414 0.0395766 0.4196807 0.0045220 0.9067973
11.209130 2.4979234 -0.2537920 3.3144770 0.0355672 0.4228419 0.0073841 0.9054751
11.416630 2.5917795 -0.2627913 3.3927889 0.0300038 0.4248700 0.0101229 0.9047004
11.624010 2.6826100 -0.2709069 3.4688029 0.0356774 0.4263893 0.0083323 0.9037974
11.831510 2.7755668 -0.2792318 3.5440478 0.0378042 0.4264959 0.0120790 0.9036184
12.038930 2.8670344 -0.2871721 3.6202650 0.0335808 0.4259814 0.0120919 0.9040276
12.246380 2.9578166 -0.2952527 3.6971185 0.0277775 0.4253857 0.0084888 0.9045460
12.453880 3.0480440 -0.3022616 3.7731178 0.0258444 0.4234274 0.0072224 0.9055325
12.557630 3.0931499 -0.3059145 3.8107562 0.0273014 0.4217429 0.0087173 0.9062624
12.661390 3.1375387 -0.3092963 3.8486557 0.0289767 0.4188888 0.0093725 0.9075267
12.765050 3.1823483 -0.3131317 3.8870399 0.0297982 0.4147414 0.0119939 0.9093722
12.868760 3.2256231 -0.3170273 3.9254031 0.0310134 0.4106060 0.0153508 0.9111560
12.972400 3.2693191 -0.3205339 3.9647193 0.0307828 0.4052077 0.0141144 0.9135973
13.179930 3.3539996 -0.3275628 4.0451508 0.0280950 0.3933399 0.0140634 0.9188561
13.283680 3.3953390 -0.3311357 4.0863328 0.0277062 0.3876128 0.0137558 0.9213032
13.491130 3.4758086 -0.3377844 4.1694179 0.0279256 0.3755454 0.0143705 0.9262717
13.594890 3.5161638 -0.3420077 4.2112641 0.0300830 0.3688085 0.0137535 0.9289166
13.802490 3.5923567 -0.3492516 4.2959003 0.0372175 0.3567142 0.0116780 0.9333989
13.906260 3.6297364 -0.3536260 4.3394384 0.0354394 0.3508761 0.0115243 0.9356801
14.010030 3.6663978 -0.3579556 4.3832674 0.0336000 0.3450103 0.0110050 0.9379327
14.113800 3.7027280 -0.3623835 4.4272904 0.0340760 0.3398969 0.0092496 0.9397997
14.217640 3.7383285 -0.3670315 4.4714737 0.0364432 0.3363049 0.0056497 0.9410308
14.425390 3.8084722 -0.3763210 4.5604005 0.0400983 0.3323131 -0.0007540 0.9423161
14.633120 3.8780470 -0.3866451 4.6496305 0.0396974 0.3279555 -0.0026100 0.9438551
14.840760 3.9452107 -0.3966205 4.7389464 0.0358336 0.3227337 -0.0023845 0.9458082
14.944510 3.9794385 -0.4017401 4.7845678 0.0343951 0.3199200 -0.0028225 0.9468158
15.152010 4.0464773 -0.4116820 4.8775892 0.0335273 0.3139679 -0.0107816 0.9487802
15.359530 4.1131649 -0.4213554 4.9702706 0.0374486 0.3068683 -0.0101219 0.9509611
15.567140 4.1783633 -0.4314501 5.0648561 0.0340622 0.3003155 -0.0096241 0.9531829
15.774640 4.2414880 -0.4415232 5.1583080 0.0342262 0.2934667 -0.0111874 0.9552909
15.878390 4.2726302 -0.4467958 5.2060175 0.0353640 0.2904078 -0.0116060 0.9561788
16.086050 4.3349161 -0.4570632 5.3020597 0.0355147 0.2833338 -0.0118556 0.9582902
16.293510 4.3945832 -0.4668746 5.3965297 0.0361382 0.2755347 -0.0083212 0.9605756
16.501030 4.4514208 -0.4774380 5.4917188 0.0355074 0.2689325 -0.0107436 0.9624443
16.812390 4.5361934 -0.4921276 5.6358957 0.0348616 0.2613412 -0.0106076 0.9645584
17.123760 4.6202083 -0.5072814 5.7830644 0.0345448 0.2534490 -0.0031823 0.9667265
17.331410 4.6739120 -0.5169722 5.8804898 0.0347843 0.2491487 -0.0037172 0.9678332
17.642890 4.7533784 -0.5311654 6.0285792 0.0346287 0.2459261 -0.0063717 0.9686489
17.850540 4.8060331 -0.5401855 6.1269598 0.0299737 0.2450161 -0.0053541 0.9690408
18.058140 4.8583374 -0.5492297 6.2244077 0.0313187 0.2438071 -0.0053454 0.9693032
18.265770 4.9088421 -0.5575730 6.3211851 0.0326516 0.2442073 -0.0079296 0.9691408
18.473380 4.9604950 -0.5671985 6.4182081 0.0326555 0.2435436 -0.0062140 0.9693201
18.680990 5.0106835 -0.5762285 6.5148811 0.0341322 0.2433333 -0.0117708 0.9692705
18.784860 5.0351424 -0.5812531 6.5629129 0.0345214 0.2431691 -0.0149154 0.9692547
18.888520 5.0603256 -0.5859649 6.6103287 0.0365688 0.2429217 -0.0140706 0.9692543
18.992370 5.0854874 -0.5911928 6.6579065 0.0370938 0.2427578 -0.0132905 0.9692864
19.096040 5.1099935 -0.5963103 6.7052426 0.0375564 0.2419396 -0.0139485 0.9694638
19.199890 5.1354294 -0.6011570 6.7526722 0.0376474 0.2411202 -0.0097330 0.9697160
19.303520 5.1605582 -0.6063685 6.7990780 0.0360035 0.2392194 -0.0066197 0.9702752
19.407390 5.1850796 -0.6112275 6.8457174 0.0336581 0.2383492 -0.0043181 0.9705865
19.511150 5.2092562 -0.6158673 6.8923583 0.0335993 0.2365082 -0.0034877 0.9710421
19.614770 5.2328453 -0.6206877 6.9385681 0.0360395 0.2339604 -0.0034275 0.9715719
19.718390 5.2556891 -0.6254175 6.9847293 0.0375541 0.2308158 -0.0029201 0.9722681
19.822140 5.2783136 -0.6297861 7.0312214 0.0379652 0.2267593 -0.0028878 0.9732063
19.925670 5.3007717 -0.6346009 7.0779281 0.0357473 0.2218732 -0.0014752 0.9744189
20.029410 5.3223286 -0.6390566 7.1243815 0.0354180 0.2160495 0.0004484 0.9757397
20.132890 5.3428354 -0.6434441 7.1702180 0.0367951 0.2091936 0.0019758 0.9771798
20.340390 5.3824053 -0.6522620 7.2649527 0.0375932 0.1955275 0.0022656 0.9799748
20.444020 5.4006634 -0.6569122 7.3119311 0.0383096 0.1889394 0.0017658 0.9812396
20.547770 5.4183750 -0.6621265 7.3589544 0.0413361 0.1820878 -0.0000875 0.9824131
20.651520 5.4344902 -0.6669667 7.4054465 0.0454222 0.1757936 -0.0045016 0.9833683
20.859140 5.4658237 -0.6773221 7.4979520 0.0493970 0.1624107 -0.0073890 0.9854583
20.962890 5.4801970 -0.6827860 7.5448642 0.0473189 0.1565902 -0.0085190 0.9864927
21.170640 5.5068684 -0.6941396 7.6374998 0.0486696 0.1469998 -0.0131846 0.9878504
21.274520 5.5195055 -0.6992750 7.6827230 0.0524457 0.1436945 -0.0156662 0.9881073
21.482520 5.5454683 -0.7106128 7.7733583 0.0510274 0.1420504 -0.0177543 0.9883839
21.690420 5.5714598 -0.7222525 7.8639817 0.0474000 0.1445977 -0.0170648 0.9882072
21.898270 5.5993500 -0.7326634 7.9543476 0.0478580 0.1476666 -0.0160065 0.9877490
22.106150 5.6269789 -0.7431600 8.0434895 0.0473084 0.1524924 -0.0164622 0.9870344
22.313900 5.6560965 -0.7540060 8.1323709 0.0449722 0.1581675 -0.0157964 0.9862611
22.417770 5.6701565 -0.7587782 8.1763906 0.0450718 0.1610593 -0.0162818 0.9857806
22.625400 5.6996956 -0.7690824 8.2635345 0.0467748 0.1654932 -0.0179564 0.9849374
22.832900 5.7303944 -0.7795361 8.3502331 0.0489312 0.1673260 -0.0164230 0.9845497
23.040140 5.7609940 -0.7900879 8.4356394 0.0466435 0.1644964 -0.0128513 0.9851905
23.247420 5.7879181 -0.8005347 8.5192194 0.0470486 0.1555796 -0.0113760 0.9866367
23.454650 5.8126702 -0.8102672 8.6028872 0.0461955 0.1405100 -0.0097630 0.9889528
23.662020 5.8332996 -0.8197603 8.6870594 0.0397006 0.1242916 -0.0118708 0.9913802
23.765650 5.8424821 -0.8236873 8.7286777 0.0361872 0.1159179 -0.0115877 0.9925317
23.973020 5.8581562 -0.8310269 8.8118305 0.0294355 0.0989006 -0.0118688 0.9945911
24.180540 5.8709316 -0.8376399 8.8936968 0.0273384 0.0808776 -0.0110633 0.9962876
24.284160 5.8758492 -0.8405850 8.9339619 0.0267334 0.0722008 -0.0116449 0.9969638
24.491650 5.8832583 -0.8461081 9.0142889 0.0235855 0.0570431 -0.0152909 0.9979759
24.699270 5.8904381 -0.8514343 9.0934992 0.0216887 0.0451308 -0.0131188 0.9986594
24.906780 5.8943753 -0.8566270 9.1704569 0.0261713 0.0355472 -0.0176817 0.9988688
25.114270 5.8979912 -0.8620181 9.2465420 0.0348784 0.0266054 -0.0154279 0.9989182
25.321770 5.8998752 -0.8674983 9.3248444 0.0296383 0.0206986 -0.0165221 0.9992098
25.529390 5.9011631 -0.8735520 9.4040499 0.0192228 0.0177801 -0.0186074 0.9994839
25.737020 5.9033446 -0.8778923 9.4815769 0.0209980 0.0168138 -0.0158484 0.9995125
25.944520 5.9053793 -0.8815354 9.5597219 0.0199338 0.0150647 -0.0154476 0.9995685
26.151900 5.9061894 -0.8856480 9.6392984 0.0155016 0.0124163 -0.0155303 0.9996821
26.359150 5.9070835 -0.8892785 9.7191153 0.0131259 0.0069412 -0.0139255 0.9997928
26.566610 5.9065008 -0.8924096 9.8004856 0.0112921 -0.0022271 -0.0123963 0.9998569
26.773900 5.9032116 -0.8960808 9.8817806 0.0134965 -0.0142255 -0.0138884 0.9997113
26.981280 5.8981619 -0.8992115 9.9630547 0.0150403 -0.0265361 -0.0140476 0.9994360
27.085020 5.8950233 -0.9011154 10.0046072 0.0134148 -0.0325152 -0.0139554 0.9992838
27.292530 5.8866119 -0.9043074 10.0877876 0.0117237 -0.0444022 -0.0157318 0.9988211
27.500020 5.8757477 -0.9066571 10.1724348 0.0103227 -0.0530795 -0.0195634 0.9983453
27.603900 5.8704886 -0.9084022 10.2157183 0.0085108 -0.0554550 -0.0197995 0.9982285
27.707780 5.8652229 -0.9097246 10.2591791 0.0069770 -0.0565116 -0.0186338 0.9982036
27.915520 5.8555717 -0.9123906 10.3469248 0.0088126 -0.0561113 -0.0156623 0.9982628
28.123280 5.8450127 -0.9145319 10.4376659 0.0097646 -0.0554497 -0.0122752 0.9983383
28.227150 5.8401556 -0.9157346 10.4837694 0.0075043 -0.0550569 -0.0113032 0.9983910
28.434770 5.8303523 -0.9187953 10.5767832 0.0045096 -0.0537695 -0.0106738 0.9984862
28.642420 5.8193445 -0.9206563 10.6699505 0.0041334 -0.0516169 -0.0121198 0.9985849
28.849900 5.8099723 -0.9236201 10.7643299 0.0065017 -0.0502602 -0.0116471 0.9986471
29.057520 5.8008609 -0.9262682 10.8569517 0.0106883 -0.0495153 -0.0123923 0.9986393
29.264900 5.7905035 -0.9296955 10.9517393 0.0070517 -0.0476909 -0.0143434 0.9987342
29.472530 5.7808504 -0.9329453 11.0455313 0.0062973 -0.0436035 -0.0177351 0.9988716
29.680170 5.7732701 -0.9364314 11.1396542 0.0053268 -0.0350147 -0.0181345 0.9992080
29.887780 5.7687078 -0.9392579 11.2325058 0.0083243 -0.0241961 -0.0167077 0.9995329
30.095530 5.7665033 -0.9418306 11.3261433 0.0047630 -0.0124405 -0.0152729 0.9997946
30.199280 5.7661619 -0.9432970 11.3733377 0.0009614 -0.0078202 -0.0127726 0.9998874
30.303050 5.7660408 -0.9440765 11.4200974 -0.0016611 -0.0040673 -0.0125714 0.9999113
30.510400 5.7644110 -0.9451727 11.5139589 -0.0036924 -0.0001228 -0.0151619 0.9998782
30.717780 5.7644911 -0.9460229 11.6072702 -0.0029484 0.0010390 -0.0147649 0.9998861
30.925160 5.7636290 -0.9468552 11.7014847 -0.0028808 0.0010447 -0.0171830 0.9998477
31.132530 5.7626967 -0.9482552 11.7963867 -0.0046131 -0.0003073 -0.0172414 0.9998407
31.340050 5.7623415 -0.9487237 11.8914280 -0.0051094 -0.0030073 -0.0152633 0.9998659
31.547410 5.7597785 -0.9494487 11.9874058 -0.0088195 -0.0077392 -0.0175056 0.9997779
31.754790 5.7565246 -0.9491104 12.0843563 -0.0111800 -0.0122668 -0.0186183 0.9996889
31.962280 5.7518826 -0.9484740 12.1814842 -0.0073201 -0.0169102 -0.0239871 0.9995424
32.066030 5.7494183 -0.9483565 12.2296972 -0.0063426 -0.0194538 -0.0261052 0.9994498
32.273410 5.7435641 -0.9489505 12.3282747 -0.0060351 -0.0236406 -0.0281231 0.9993067
32.480910 5.7373114 -0.9489554 12.4259911 -0.0045981 -0.0283192 -0.0286733 0.9991770
32.688280 5.7302356 -0.9497195 12.5238619 -0.0051597 -0.0330157 -0.0269074 0.9990792
32.895660 5.7223554 -0.9502856 12.6220379 -0.0037888 -0.0376519 -0.0259151 0.9989476
33.103170 5.7127094 -0.9508133 12.7203140 -0.0055885 -0.0422636 -0.0301625 0.9986355
33.206780 5.7080636 -0.9515646 12.7693300 -0.0039754 -0.0444541 -0.0288868 0.9985858
33.414280 5.6974678 -0.9522896 12.8666573 0.0020013 -0.0484781 -0.0315652 0.9983234
33.518170 5.6916456 -0.9526070 12.9160509 0.0001544 -0.0499295 -0.0348485 0.9981446
33.725530 5.6814232 -0.9531950 13.0152836 -0.0113215 -0.0520556 -0.0328938 0.9980381
33.933050 5.6698208 -0.9525079 13.1128368 -0.0171557 -0.0540309 -0.0349674 0.9977794
34.140410 5.6581416 -0.9510635 13.2099323 -0.0115845 -0.0579958 -0.0338957 0.9976740
34.347780 5.6453657 -0.9504347 13.3071623 -0.0081747 -0.0628249 -0.0325315 0.9974607
34.451530 5.6381936 -0.9499068 13.3552246 -0.0069776 -0.0648693 -0.0322641 0.9973477
34.658910 5.6245623 -0.9494241 13.4530029 -0.0100642 -0.0689139 -0.0314385 0.9970763
34.866280 5.6097112 -0.9483315 13.5506201 -0.0158665 -0.0715909 -0.0301793 0.9968511
35.073910 5.5953550 -0.9464461 13.6492767 -0.0220557 -0.0735987 -0.0291079 0.9966190
35.385050 5.5713377 -0.9434508 13.7936220 -0.0109439 -0.0758472 -0.0340749 0.9964769
35.592410 5.5566936 -0.9423348 13.8900461 -0.0080087 -0.0763864 -0.0338826 0.9964702
35.799780 5.5400915 -0.9417772 13.9892368 -0.0116975 -0.0773681 -0.0338916 0.9963577
36.110910 5.5164127 -0.9403282 14.1367493 -0.0140810 -0.0794685 -0.0306610 0.9962662
36.318290 5.4997153 -0.9387956 14.2354717 -0.0152108 -0.0804738 -0.0324167 0.9961133
36.525780 5.4830418 -0.9373417 14.3334494 -0.0124006 -0.0819966 -0.0306969 0.9960826
36.733280 5.4652524 -0.9356434 14.4329119 -0.0150387 -0.0848489 -0.0297614 0.9958357
36.940790 5.4468517 -0.9340971 14.5328856 -0.0158074 -0.0893298 -0.0287470 0.9954616
37.252040 5.4170799 -0.9319496 14.6801548 -0.0113979 -0.0968230 -0.0309328 0.9947556
37.666660 5.3732233 -0.9298939 14.8775482 -0.0108768 -0.1194743 -0.0234372 0.9925010
37.874040 5.3462420 -0.9285092 14.9748402 -0.0146044 -0.1347470 -0.0239527 0.9904828
38.081530 5.3158913 -0.9263368 15.0705061 -0.0166519 -0.1482928 -0.0275090 0.9884205
38.289160 5.2834225 -0.9236578 15.1654892 -0.0134013 -0.1569282 -0.0325652 0.9869820
38.497160 5.2505159 -0.9226179 15.2597122 -0.0109449 -0.1557645 -0.0402171 0.9869145
38.705160 5.2197680 -0.9211599 15.3557568 -0.0055664 -0.1459958 -0.0443818 0.9882735
38.809290 5.2058010 -0.9209046 15.4047489 -0.0049666 -0.1397462 -0.0409795 0.9893265
39.017160 5.1796236 -0.9203499 15.5021486 -0.0060302 -0.1280029 -0.0424901 0.9908448
39.225040 5.1564522 -0.9203490 15.6002874 -0.0057275 -0.1179539 -0.0387302 0.9922470
39.432660 5.1334915 -0.9205507 15.6988840 -0.0039629 -0.1085107 -0.0379989 0.9933609
39.640160 5.1121740 -0.9199941 15.7995958 -0.0068761 -0.1017834 -0.0412583 0.9939269
39.847560 5.0915661 -0.9187858 15.8995790 -0.0115300 -0.0962694 -0.0425019 0.9943807
40.055040 5.0711746 -0.9185006 16.0009403 -0.0060757 -0.0934507 -0.0464553 0.9945210
40.262420 5.0520725 -0.9188294 16.1003571 0.0039238 -0.0921719 -0.0458442 0.9946795
40.469910 5.0319591 -0.9198267 16.2016449 0.0016360 -0.0905858 -0.0477830 0.9947403
40.677280 5.0130067 -0.9203078 16.3038177 -0.0005669 -0.0910057 -0.0454136 0.9948142
40.988410 4.9821281 -0.9209392 16.4585838 -0.0025120 -0.0960835 -0.0451758 0.9943444
41.195790 4.9598722 -0.9210326 16.5616169 -0.0026596 -0.1000465 -0.0474851 0.9938455
41.403160 4.9369287 -0.9209074 16.6644001 0.0000723 -0.1048959 -0.0454055 0.9934461
41.610540 4.9132199 -0.9215988 16.7679443 0.0029554 -0.1118404 -0.0434843 0.9927699
41.817920 4.8862915 -0.9221793 16.8730812 -0.0007232 -0.1199282 -0.0458886 0.9917212
42.025300 4.8572159 -0.9219830 16.9787788 -0.0071982 -0.1276180 -0.0506140 0.9905049
42.232670 4.8269591 -0.9207908 17.0848370 -0.0074223 -0.1361471 -0.0511558 0.9893392
42.543790 4.7794089 -0.9202340 17.2422142 0.0027041 -0.1500134 -0.0464488 0.9875886
42.854790 4.7272301 -0.9207289 17.4012585 0.0000543 -0.1629158 -0.0383012 0.9858963
43.062290 4.6896653 -0.9202244 17.5081940 -0.0062249 -0.1717909 -0.0366330 0.9844324
43.269790 4.6485600 -0.9191900 17.6147594 -0.0073229 -0.1797781 -0.0397937 0.9828747
43.477330 4.6056747 -0.9173239 17.7221165 -0.0096567 -0.1863087 -0.0410193 0.9815871
43.684940 4.5619311 -0.9152501 17.8294678 -0.0068691 -0.1919062 -0.0397991 0.9805819
43.892430 4.5165839 -0.9135867 17.9360752 -0.0053628 -0.1976200 -0.0390110 0.9794875
43.996060 4.4931583 -0.9128289 17.9897194 -0.0073934 -0.2001138 -0.0414885 0.9788659
44.203560 4.4452610 -0.9107059 18.0973206 -0.0093701 -0.2054334 -0.0424313 0.9777060
44.411040 4.3964276 -0.9090062 18.2033463 -0.0046622 -0.2111141 -0.0419409 0.9765500
44.722330 4.3222814 -0.9073967 18.3630505 -0.0070408 -0.2194765 -0.0344825 0.9749828
44.826160 4.2971764 -0.9066118 18.4159222 -0.0070693 -0.2229735 -0.0325719 0.9742545
45.033540 4.2457261 -0.9054075 18.5208874 -0.0097313 -0.2285453 -0.0307162 0.9729999
45.137340 4.2191811 -0.9046702 18.5723152 -0.0099121 -0.2306810 -0.0303782 0.9725046
45.344810 4.1652842 -0.9028424 18.6756401 -0.0084790 -0.2358976 -0.0322434 0.9712058
45.448540 4.1386933 -0.9015150 18.7274628 -0.0090608 -0.2387296 -0.0289189 0.9706131
45.656170 4.0837688 -0.8999404 18.8289165 -0.0092385 -0.2439790 -0.0289651 0.9693038
45.863670 4.0279260 -0.8976868 18.9300308 -0.0110244 -0.2488927 -0.0298531 0.9680081
46.071290 3.9701157 -0.8952157 19.0308170 -0.0123342 -0.2523603 -0.0335920 0.9669714
46.278790 3.9137154 -0.8923503 19.1307259 -0.0151929 -0.2550328 -0.0342616 0.9662058
46.590420 3.8293586 -0.8890711 19.2779541 -0.0097005 -0.2565536 -0.0309200 0.9659866
46.798050 3.7726460 -0.8865631 19.3772583 -0.0132520 -0.2549562 -0.0322926 0.9663224
47.005800 3.7153759 -0.8836919 19.4786167 -0.0134806 -0.2506716 -0.0327181 0.9674252
47.213560 3.6592445 -0.8810636 19.5804653 -0.0083762 -0.2442919 -0.0345948 0.9690483
47.421170 3.6042676 -0.8792844 19.6837025 -0.0074953 -0.2363470 -0.0343957 0.9710308
47.628800 3.5510778 -0.8771935 19.7895279 -0.0085697 -0.2287631 -0.0360935 0.9727750
47.836440 3.4980035 -0.8746564 19.8971367 -0.0144716 -0.2196101 -0.0395170 0.9746796
48.043920 3.4482336 -0.8718284 20.0047703 -0.0086691 -0.2117672 -0.0399413 0.9764652
48.251420 3.3998809 -0.8699769 20.1137180 -0.0065440 -0.2045772 -0.0373893 0.9781142
48.458800 3.3525262 -0.8683084 20.2252178 -0.0083979 -0.1982086 -0.0377873 0.9793952
48.666190 3.3049827 -0.8667010 20.3373890 -0.0096344 -0.1924082 -0.0389475 0.9804944
48.873550 3.2586074 -0.8643240 20.4501839 -0.0094852 -0.1870330 -0.0415856 0.9814272
49.080930 3.2136860 -0.8623910 20.5645294 -0.0087764 -0.1826308 -0.0431929 0.9821931
49.288320 3.1694837 -0.8602255 20.6791248 -0.0083361 -0.1782477 -0.0431036 0.9830058
49.495800 3.1263056 -0.8582585 20.7948532 -0.0087685 -0.1745657 -0.0433398 0.9836522
49.703170 3.0838680 -0.8564779 20.9106255 -0.0098219 -0.1708110 -0.0456118 0.9841985
49.910550 3.0425682 -0.8550937 21.0256004 -0.0078639 -0.1670755 -0.0463510 0.9848226
50.117990 3.0024762 -0.8534405 21.1421566 -0.0107645 -0.1654103 -0.0442292 0.9851738
50.325300 2.9619379 -0.8505800 21.2595501 -0.0175303 -0.1643543 -0.0423808 0.9853346
50.532690 2.9219880 -0.8480580 21.3758812 -0.0138350 -0.1637925 -0.0402457 0.9855764
50.740210 2.8822265 -0.8459722 21.4923592 -0.0096339 -0.1629029 -0.0361837 0.9859313
50.843990 2.8618064 -0.8447819 21.5515671 -0.0107605 -0.1620716 -0.0349905 0.9860997
50.947600 2.8422251 -0.8435879 21.6101856 -0.0128544 -0.1615861 -0.0334282 0.9862085
51.051200 2.8228726 -0.8429198 21.6683960 -0.0153450 -0.1611471 -0.0324889 0.9862761
51.154950 2.8040981 -0.8413018 21.7266903 -0.0169778 -0.1611029 -0.0313232 0.9862943
51.258560 2.7840095 -0.8400337 21.7855453 -0.0175407 -0.1608832 -0.0303819 0.9863498
51.465930 2.7448068 -0.8369645 21.9016571 -0.0150645 -0.1610068 -0.0285599 0.9864250
51.569680 2.7252698 -0.8358139 21.9599094 -0.0153590 -0.1610769 -0.0282875 0.9864168
51.776930 2.6866522 -0.8330396 22.0750389 -0.0178119 -0.1607182 -0.0273505 0.9864605
51.880670 2.6668968 -0.8315927 22.1330833 -0.0168187 -0.1603215 -0.0267846 0.9865580
52.088050 2.6285253 -0.8287812 22.2485275 -0.0166409 -0.1599703 -0.0252705 0.9866580
52.295430 2.5894184 -0.8259066 22.3646889 -0.0187768 -0.1599563 -0.0236639 0.9866617
52.502930 2.5517769 -0.8228453 22.4795094 -0.0208523 -0.1605097 -0.0189756 0.9866315
52.710430 2.5147047 -0.8194942 22.5938931 -0.0231071 -0.1613906 -0.0122767 0.9865437
52.917930 2.4771276 -0.8153439 22.7070103 -0.0251956 -0.1628667 -0.0098452 0.9862772
53.125430 2.4384971 -0.8115305 22.8188419 -0.0264899 -0.1641378 -0.0094329 0.9860365
53.332930 2.4015989 -0.8076683 22.9261837 -0.0272966 -0.1657905 -0.0079563 0.9857510
53.644050 2.3465190 -0.8012369 23.0828419 -0.0336891 -0.1672883 -0.0124406 0.9852538
53.851550 2.3100166 -0.7960401 23.1825390 -0.0369624 -0.1665056 -0.0201095 0.9851423
54.162800 2.2591867 -0.7876152 23.3230820 -0.0363223 -0.1651454 -0.0278182 0.9852075
54.370180 2.2279272 -0.7821722 23.4125595 -0.0344689 -0.1646018 -0.0274830 0.9853745
54.681310 2.1833210 -0.7747523 23.5421867 -0.0339416 -0.1630092 -0.0279211 0.9856452
54.888800 2.1555209 -0.7700024 23.6250973 -0.0345075 -0.1583051 -0.0308183 0.9863057
55.200180 2.1176219 -0.7636542 23.7448158 -0.0312838 -0.1479246 -0.0330144 0.9879522
55.407810 2.0942955 -0.7589185 23.8237820 -0.0263615 -0.1390022 -0.0341169 0.9893531
55.719180 2.0618119 -0.7526869 23.9466629 -0.0327859 -0.1208724 -0.0376545 0.9914117
55.926680 2.0434055 -0.7480838 24.0297394 -0.0356371 -0.1095854 -0.0369337 0.9926515
56.134050 2.0264959 -0.7436271 24.1133804 -0.0328222 -0.1000433 -0.0329652 0.9938951
56.341580 2.0118136 -0.7388827 24.1984444 -0.0300383 -0.0936280 -0.0260101 0.9948140
56.652940 1.9893301 -0.7297487 24.3313751 -0.0475921 -0.0856484 -0.0239291 0.9949003
56.860440 1.9750175 -0.7219775 24.4216881 -0.0558824 -0.0801017 -0.0250214 0.9949044
57.068060 1.9613175 -0.7138577 24.5125542 -0.0547911 -0.0741904 -0.0263646 0.9953887
57.275560 1.9491961 -0.7047982 24.6063900 -0.0599355 -0.0678274 -0.0225416 0.9956400
57.483060 1.9385431 -0.6954949 24.6990509 -0.0628542 -0.0617477 -0.0186782 0.9959356
57.690560 1.9284298 -0.6860192 24.7903500 -0.0616972 -0.0554373 -0.0171652 0.9964063
57.794300 1.9235127 -0.6811972 24.8355732 -0.0616604 -0.0518807 -0.0173004 0.9965978
58.001930 1.9156053 -0.6720567 24.9250813 -0.0618654 -0.0427903 -0.0175621 0.9970121
58.105810 1.9126486 -0.6676240 24.9690819 -0.0616691 -0.0374224 -0.0166791 0.9972554
58.209680 1.9101012 -0.6631935 25.0126228 -0.0618665 -0.0319001 -0.0163611 0.9974403
58.417310 1.9067726 -0.6549838 25.0976410 -0.0615454 -0.0214176 -0.0149195 0.9977629
58.521060 1.9059861 -0.6511137 25.1394749 -0.0590385 -0.0161864 -0.0148305 0.9980143
58.728680 1.9042677 -0.6434219 25.2221756 -0.0503089 -0.0026919 -0.0210684 0.9985079
58.936580 1.9065826 -0.6370707 25.3046246 -0.0451735 0.0156991 -0.0209231 0.9986366
59.040430 1.9093987 -0.6342762 25.3458061 -0.0426973 0.0261227 -0.0193076 0.9985598
59.144310 1.9133227 -0.6317673 25.3868790 -0.0391862 0.0366088 -0.0173612 0.9984102
59.352060 1.9240813 -0.6274186 25.4704876 -0.0322326 0.0571247 -0.0111510 0.9977843
59.559560 1.9379183 -0.6231809 25.5557632 -0.0334577 0.0757492 -0.0081743 0.9965319
59.766940 1.9538462 -0.6184525 25.6427116 -0.0419582 0.0899861 -0.0064927 0.9950376
59.974310 1.9709842 -0.6130776 25.7301483 -0.0459464 0.0990758 -0.0072210 0.9939923
60.181800 1.9892037 -0.6066382 25.8186474 -0.0496199 0.1070656 -0.0086756 0.9929751
60.389310 2.0076694 -0.6011038 25.9067211 -0.0467319 0.1138486 -0.0193526 0.9922097
60.596810 2.0276899 -0.5957290 25.9923840 -0.0293328 0.1184968 -0.0239147 0.9922329
60.804180 2.0479465 -0.5913563 26.0820560 -0.0356591 0.1209559 -0.0304449 0.9915499
61.011600 2.0681658 -0.5884887 26.1700459 -0.0308076 0.1186137 -0.0341381 0.9918751
61.218940 2.0873823 -0.5862423 26.2554588 -0.0090940 0.1135915 -0.0385833 0.9927364
61.426430 2.1055706 -0.5856136 26.3429165 -0.0167364 0.1101374 -0.0421622 0.9928806
61.633820 2.1234076 -0.5859447 26.4272099 -0.0182351 0.1077114 -0.0397863 0.9932184
61.841310 2.1408088 -0.5860553 26.5088062 -0.0096232 0.1045564 -0.0369660 0.9937851
62.048840 2.1579041 -0.5872259 26.5895157 -0.0063354 0.1029034 -0.0341444 0.9940850
62.256400 2.1730340 -0.5883768 26.6680565 -0.0009756 0.1037479 -0.0359946 0.9939516
62.463960 2.1881161 -0.5902261 26.7436047 0.0013835 0.1079665 -0.0413561 0.9932930
62.671810 2.2054620 -0.5929539 26.8170528 0.0028877 0.1227815 -0.0445967 0.9914270
62.879830 2.2259269 -0.5963589 26.8868198 0.0038607 0.1411748 -0.0412759 0.9891163
63.191440 2.2588091 -0.6010839 26.9822273 0.0062934 0.1672211 -0.0376849 0.9851788
63.399310 2.2806897 -0.6042023 27.0391140 0.0047634 0.1856582 -0.0396426 0.9818028
63.814680 2.3248653 -0.6112121 27.1329517 0.0200973 0.2181637 -0.0325350 0.9751626
64.022190 2.3436956 -0.6143459 27.1717167 0.0274031 0.2297620 -0.0348184 0.9722377
64.437070 2.3811512 -0.6214889 27.2375145 0.0313296 0.2442795 -0.0241746 0.9688971
64.851690 2.4083652 -0.6267353 27.2907314 0.0261502 0.2530610 -0.0314813 0.9665843
65.370060 2.4334126 -0.6318169 27.3332577 0.0317978 0.2542709 -0.0274216 0.9662211
65.888570 2.4553699 -0.6354041 27.3721619 0.0316911 0.2440187 -0.0194531 0.9690573
66.199690 2.4662256 -0.6379439 27.3963394 0.0327631 0.2361504 -0.0230122 0.9708914
66.407070 2.4754543 -0.6388997 27.4166756 0.0311438 0.2297092 -0.0260043 0.9724132
66.718090 2.4900074 -0.6419746 27.4531841 0.0267358 0.2163575 -0.0308738 0.9754596
66.925440 2.5016003 -0.6448647 27.4794750 0.0258369 0.2050403 -0.0250260 0.9780923
67.132820 2.5129161 -0.6467497 27.5084343 0.0265124 0.1891382 -0.0221597 0.9813423
67.340070 2.5224619 -0.6492954 27.5393887 0.0252999 0.1700991 -0.0215682 0.9848660
67.962080 2.5452273 -0.6561059 27.6492996 0.0270327 0.0995436 -0.0290918 0.9942404
68.273070 2.5518064 -0.6601707 27.7143211 0.0254202 0.0606370 -0.0287726 0.9974212
68.584070 2.5536509 -0.6646640 27.7885818 0.0245227 0.0224394 -0.0291983 0.9990208
68.895320 2.5511241 -0.6690420 27.8729591 0.0235218 -0.0089521 -0.0284485 0.9992784
69.206570 2.5438819 -0.6739572 27.9658794 0.0226581 -0.0366037 -0.0257556 0.9987409
69.517690 2.5315158 -0.6790695 28.0674171 0.0226075 -0.0645357 -0.0219732 0.9974173
69.829070 2.5114756 -0.6844149 28.1784153 0.0221467 -0.0863771 -0.0239384 0.9957286
70.140570 2.4864206 -0.6897887 28.2978802 0.0187789 -0.0997164 -0.0258605 0.9945025
70.451940 2.4579811 -0.6953559 28.4274940 0.0179210 -0.1063467 -0.0274866 0.9937875
70.763330 2.4265618 -0.7011230 28.5641727 0.0189399 -0.1107999 -0.0266641 0.9933044
71.074690 2.3923163 -0.7070630 28.7079754 0.0211383 -0.1149636 -0.0253491 0.9928212
71.282190 2.3685493 -0.7112870 28.8077106 0.0217792 -0.1173640 -0.0228791 0.9925865
71.593330 2.3309398 -0.7204571 28.9612446 0.0242533 -0.1201763 -0.0218873 0.9922149
71.904720 2.2893467 -0.7282627 29.1218987 0.0237529 -0.1202912 -0.0229248 0.9921896
72.215950 2.2479053 -0.7367505 29.2871475 0.0233074 -0.1213510 -0.0206626 0.9921208
72.527200 2.2048526 -0.7461120 29.4611721 0.0229658 -0.1229015 -0.0179617 0.9919905
72.734700 2.1742029 -0.7525214 29.5790768 0.0232088 -0.1235968 -0.0180585 0.9918967
72.942200 2.1430478 -0.7583102 29.7008419 0.0238939 -0.1244391 -0.0180471 0.9917753
73.149700 2.1103745 -0.7653251 29.8226185 0.0231454 -0.1235083 -0.0206446 0.9918588
73.357220 2.0777164 -0.7723956 29.9460945 0.0255139 -0.1200982 -0.0230729 0.9921659
73.461070 2.0620785 -0.7756306 30.0095711 0.0271497 -0.1163657 -0.0252056 0.9925153
73.668820 2.0315590 -0.7838138 30.1369877 0.0299370 -0.1044413 -0.0303643 0.9936165
73.876700 2.0059013 -0.7918386 30.2665367 0.0296503 -0.0885319 -0.0324203 0.9951040
73.980600 1.9943523 -0.7960333 30.3326416 0.0281576 -0.0797883 -0.0334648 0.9958519
74.188450 1.9757493 -0.8052082 30.4629116 0.0296284 -0.0615781 -0.0343074 0.9970723
74.396200 1.9618757 -0.8148369 30.5947876 0.0327366 -0.0415859 -0.0351257 0.9979805
74.500110 1.9565010 -0.8199692 30.6612511 0.0317254 -0.0303882 -0.0355288 0.9984026
74.603820 1.9537542 -0.8249892 30.7283230 0.0314570 -0.0187333 -0.0344915 0.9987341
74.707830 1.9523476 -0.8304740 30.7952785 0.0334178 -0.0063805 -0.0349221 0.9988108
74.811700 1.9520259 -0.8360579 30.8622093 0.0369802 0.0068138 -0.0362298 0.9986358
74.915450 1.9536886 -0.8423134 30.9292946 0.0394298 0.0205621 -0.0368855 0.9983296
75.019330 1.9567866 -0.8490071 30.9966335 0.0419413 0.0352651 -0.0399385 0.9976985
75.227100 1.9694929 -0.8638763 31.1296272 0.0451600 0.0661560 -0.0406963 0.9959557
75.434820 1.9915745 -0.8798411 31.2623692 0.0505631 0.0943569 -0.0380636 0.9935247
75.642200 2.0213227 -0.8968070 31.3950253 0.0540017 0.1192449 -0.0345696 0.9907923
75.745950 2.0387521 -0.9060922 31.4615936 0.0543387 0.1304084 -0.0335730 0.9894007
75.953320 2.0768867 -0.9246256 31.5924377 0.0573392 0.1524091 -0.0339912 0.9860671
76.160580 2.1215391 -0.9430189 31.7208099 0.0570266 0.1711286 -0.0304076 0.9831268
76.367700 2.1697388 -0.9618821 31.8498840 0.0589348 0.1821880 -0.0248106 0.9811823
76.574950 2.2206268 -0.9815507 31.9794312 0.0608883 0.1871762 -0.0240840 0.9801416
76.782200 2.2717934 -1.0011148 32.1094170 0.0619186 0.1906626 -0.0247802 0.9793875
76.989560 2.3252420 -1.0217369 32.2418060 0.0651973 0.1939391 -0.0235295 0.9785618
77.196950 2.3809261 -1.0431519 32.3752365 0.0631529 0.1968596 -0.0232470 0.9781194
77.404200 2.4368830 -1.0632510 32.5129013 0.0619937 0.1989951 -0.0246155 0.9777279
77.611580 2.4943590 -1.0852711 32.6492729 0.0653991 0.1988178 -0.0252932 0.9775248
77.818950 2.5530567 -1.1081152 32.7899551 0.0653608 0.1986398 -0.0250586 0.9775696
78.026330 2.6124916 -1.1310539 32.9328880 0.0657301 0.1992016 -0.0274597 0.9773660
78.233830 2.6725559 -1.1546178 33.0781326 0.0643621 0.2019610 -0.0278602 0.9768792
78.441200 2.7357025 -1.1783345 33.2247963 0.0652939 0.2040971 -0.0272007 0.9763919
78.648580 2.7995281 -1.2020459 33.3720970 0.0648467 0.2073627 -0.0274465 0.9757265
78.855950 2.8649235 -1.2259154 33.5212746 0.0634592 0.2111500 -0.0285643 0.9749732
79.063330 2.9324455 -1.2498367 33.6723595 0.0636883 0.2144441 -0.0298043 0.9742019
79.270830 3.0016994 -1.2746067 33.8247757 0.0639701 0.2173096 -0.0294816 0.9735580
79.478210 3.0733109 -1.2996423 33.9781227 0.0650209 0.2199349 -0.0295439 0.9728968
79.685700 3.1462593 -1.3259430 34.1317978 0.0644277 0.2232612 -0.0299848 0.9721648
79.893210 3.2217884 -1.3515458 34.2875023 0.0644412 0.2271111 -0.0296957 0.9712806
80.100580 3.2981358 -1.3779674 34.4437599 0.0651222 0.2303318 -0.0290194 0.9704969
80.307980 3.3772230 -1.4037113 34.6018257 0.0658677 0.2322043 -0.0287463 0.9700084
80.515330 3.4574785 -1.4313126 34.7632828 0.0657039 0.2339548 -0.0284787 0.9696067
80.722740 3.5406771 -1.4595034 34.9250107 0.0664757 0.2348046 -0.0275304 0.9693760
80.826440 3.5823936 -1.4730375 35.0068436 0.0659634 0.2351563 -0.0268009 0.9693462
81.033840 3.6656628 -1.5009716 35.1722145 0.0659085 0.2365898 -0.0279055 0.9689699
81.137500 3.7081966 -1.5150411 35.2556076 0.0649237 0.2373691 -0.0280825 0.9688407
81.241210 3.7504950 -1.5287390 35.3375778 0.0639848 0.2379747 -0.0275944 0.9687685
81.448590 3.8361177 -1.5567019 35.5026855 0.0652608 0.2382195 -0.0267109 0.9686480
81.552330 3.8790388 -1.5712814 35.5854111 0.0655348 0.2382068 -0.0263337 0.9686430
81.759710 3.9644785 -1.6003008 35.7515411 0.0649901 0.2384575 -0.0267121 0.9686077
81.967080 4.0507078 -1.6288455 35.9177208 0.0664814 0.2377422 -0.0269367 0.9686760
82.174460 4.1371183 -1.6583843 36.0852661 0.0670596 0.2365637 -0.0249519 0.9689778
82.278210 4.1817856 -1.6723452 36.1698685 0.0666913 0.2351596 -0.0235717 0.9693795
82.485710 4.2685499 -1.7014487 36.3370743 0.0659446 0.2333227 -0.0236950 0.9698713
82.693080 4.3528128 -1.7294319 36.5054092 0.0664598 0.2326183 -0.0235610 0.9700086
82.796920 4.3941774 -1.7435081 36.5881691 0.0668033 0.2322095 -0.0229382 0.9700979
83.004230 4.4776669 -1.7730680 36.7533569 0.0662368 0.2313113 -0.0240867 0.9703234
83.107850 4.5187845 -1.7875938 36.8377304 0.0655816 0.2313113 -0.0251219 0.9703417
83.315210 4.6021547 -1.8164296 37.0045319 0.0645508 0.2307155 -0.0227418 0.9706113
83.418960 4.6433706 -1.8302040 37.0870323 0.0650411 0.2302576 -0.0190528 0.9707667
83.626210 4.7274246 -1.8582978 37.2555618 0.0679353 0.2294864 -0.0187579 0.9707569
83.833580 4.8095827 -1.8877475 37.4225273 0.0664180 0.2289283 -0.0214859 0.9709371
84.040960 4.8903313 -1.9162784 37.5892639 0.0659948 0.2280309 -0.0226253 0.9711512
84.248350 4.9712048 -1.9447355 37.7557030 0.0654142 0.2273904 -0.0238899 0.9713104
84.455710 5.0525122 -1.9724345 37.9216537 0.0654317 0.2273653 -0.0234874 0.9713249
84.662980 5.1337538 -2.0006640 38.0868454 0.0658001 0.2269938 -0.0212747 0.9714379
84.870340 5.2126942 -2.0276680 38.2499733 0.0661491 0.2258049 -0.0205836 0.9717061
85.077720 5.2908573 -2.0559621 38.4104919 0.0668044 0.2244664 -0.0237284 0.9718997
85.388710 5.4040070 -2.0980921 38.6493607 0.0633808 0.2235141 -0.0239371 0.9723432
85.596110 5.4796915 -2.1245377 38.8051224 0.0632087 0.2231764 -0.0228902 0.9724572
85.803450 5.5536680 -2.1504180 38.9596977 0.0634100 0.2238966 -0.0230031 0.9722759
86.010840 5.6257839 -2.1760983 39.1111145 0.0630115 0.2246221 -0.0238324 0.9721144
86.218210 5.6962729 -2.2010422 39.2591057 0.0607894 0.2258019 -0.0240694 0.9719768
86.529210 5.7983274 -2.2373345 39.4687576 0.0624197 0.2265375 -0.0233162 0.9717206
86.632980 5.8307304 -2.2485034 39.5340385 0.0627803 0.2264595 -0.0232774 0.9717165
86.944090 5.9238405 -2.2809849 39.7259941 0.0605442 0.2246391 -0.0223309 0.9723029
87.047710 5.9518452 -2.2906878 39.7855263 0.0597802 0.2237534 -0.0230476 0.9725377
87.151360 5.9798851 -2.3004260 39.8437309 0.0586272 0.2225190 -0.0220684 0.9729137
87.254960 6.0064983 -2.3100529 39.8993645 0.0566143 0.2214964 -0.0217595 0.9732732
87.358710 6.0314970 -2.3189459 39.9528389 0.0555968 0.2209159 -0.0225407 0.9734460
87.566210 6.0786371 -2.3350945 40.0531921 0.0575560 0.2201246 -0.0221637 0.9735200
87.773590 6.1209698 -2.3499877 40.1444092 0.0575841 0.2200013 -0.0237176 0.9735096
87.981210 6.1596498 -2.3631995 40.2267838 0.0573082 0.2260227 -0.0271056 0.9720570
88.189210 6.1970882 -2.3760438 40.2989197 0.0572234 0.2457740 -0.0309393 0.9671419
88.397460 6.2367573 -2.3876863 40.3630066 0.0600084 0.2759435 -0.0308225 0.9588035
88.605840 6.2803898 -2.3992019 40.4204941 0.0619797 0.3162107 -0.0283661 0.9462371
88.814340 6.3278790 -2.4100704 40.4719467 0.0613514 0.3648806 -0.0268111 0.9286438
89.022840 6.3787365 -2.4204116 40.5158195 0.0616309 0.4184375 -0.0247879 0.9058130
89.335590 6.4611626 -2.4353786 40.5639267 0.0670662 0.5044712 -0.0238557 0.8604893
89.647840 6.5496492 -2.4496660 40.5916290 0.0731027 0.5855757 -0.0156362 0.8071633
89.959740 6.6433487 -2.4632440 40.6029015 0.0743903 0.6612303 -0.0099646 0.7464190
90.167590 6.7077551 -2.4715917 40.5996513 0.0802530 0.7082443 -0.0093464 0.7013288
90.375470 6.7742205 -2.4793150 40.5886497 0.0836337 0.7532007 -0.0114656 0.6523516
90.479340 6.8081822 -2.4837217 40.5794296 0.0823564 0.7742694 -0.0101418 0.6273926
90.686970 6.8753414 -2.4916639 40.5536575 0.0826792 0.8144690 -0.0081726 0.5742278
90.894590 6.9405613 -2.4992824 40.5175171 0.0848726 0.8513694 -0.0100164 0.5175583
91.102090 7.0056791 -2.5070267 40.4708939 0.0866854 0.8839338 -0.0110271 0.4593746
91.309470 7.0682735 -2.5140095 40.4120979 0.0877745 0.9101869 -0.0091910 0.4046862
91.412970 7.0990486 -2.5174499 40.3791351 0.0882670 0.9208531 -0.0087053 0.3796876
91.516590 7.1288300 -2.5210750 40.3444633 0.0890617 0.9299909 -0.0087961 0.3565213
91.620220 7.1574879 -2.5247853 40.3076401 0.0906971 0.9374932 -0.0090514 0.3358549
91.827240 7.2138462 -2.5314584 40.2270050 0.0912006 0.9482920 -0.0075653 0.3039202
92.034130 7.2697649 -2.5380478 40.1402702 0.0858041 0.9557862 -0.0036354 0.2812422
92.241220 7.3242579 -2.5442030 40.0493088 0.0807729 0.9616370 -0.0017180 0.2621587
92.448600 7.3774424 -2.5501633 39.9537773 0.0722194 0.9674987 0.0006096 0.2423431
92.655970 7.4279680 -2.5539434 39.8536835 0.0644853 0.9730783 0.0039860 0.2212339
92.863470 7.4745636 -2.5572610 39.7494621 0.0534154 0.9787424 0.0093399 0.1977953
93.070970 7.5150356 -2.5585353 39.6419258 0.0479961 0.9837468 0.0116385 0.1726362
93.278470 7.5498371 -2.5581994 39.5307274 0.0468751 0.9880205 0.0161937 0.1461366
93.382090 7.5650558 -2.5577869 39.4737854 0.0471401 0.9896902 0.0193551 0.1338525
93.589470 7.5923948 -2.5556755 39.3575020 0.0487784 0.9919397 0.0242004 0.1144142
93.693120 7.6056061 -2.5542841 39.2983246 0.0477369 0.9925781 0.0262415 0.1087259
93.900350 7.6321492 -2.5498772 39.1774292 0.0438540 0.9931322 0.0314029 0.1038229
94.003970 7.6464562 -2.5473652 39.1157188 0.0388004 0.9933410 0.0326597 0.1034483
94.211350 7.6754894 -2.5422022 38.9911346 0.0340463 0.9934887 0.0282612 0.1049880
94.418590 7.7048159 -2.5389471 38.8645897 0.0345589 0.9930999 0.0215835 0.1099657
94.729720 7.7527647 -2.5349865 38.6685257 0.0338493 0.9922203 0.0210199 0.1179455
94.937220 7.7878418 -2.5316854 38.5343399 0.0324753 0.9922988 0.0152557 0.1185563
95.144720 7.8224277 -2.5301757 38.3963699 0.0302155 0.9922526 0.0151376 0.1195514
95.352090 7.8568039 -2.5279446 38.2571487 0.0325222 0.9919524 0.0179707 0.1210361
95.559540 7.8918343 -2.5263543 38.1175079 0.0326470 0.9914922 0.0202289 0.1243714
95.870470 7.9469538 -2.5231285 37.9086266 0.0365830 0.9905343 0.0218730 0.1304802
96.181600 8.0053978 -2.5200133 37.7001953 0.0373407 0.9897438 0.0195704 0.1364914
96.389100 8.0455112 -2.5178037 37.5624008 0.0378864 0.9894556 0.0216579 0.1381055
96.700350 8.1052160 -2.5153937 37.3573723 0.0369801 0.9892994 0.0204579 0.1396445
97.011470 8.1635389 -2.5132070 37.1582909 0.0365581 0.9892462 0.0211874 0.1400236
97.322500 8.2206373 -2.5108066 36.9644279 0.0386999 0.9888315 0.0209117 0.1423988
97.633720 8.2773647 -2.5085888 36.7776756 0.0387716 0.9881700 0.0223044 0.1466951
97.945070 8.3333330 -2.5069497 36.6008759 0.0368486 0.9876692 0.0200784 0.1508263
98.256230 8.3870487 -2.5054395 36.4353867 0.0355013 0.9874777 0.0197998 0.1524316
98.567470 8.4358635 -2.5034637 36.2841797 0.0376139 0.9869165 0.0223883 0.1551762
98.878600 8.4806309 -2.5024447 36.1505165 0.0352452 0.9864442 0.0239079 0.1584741
99.397230 8.5412855 -2.5013783 35.9706573 0.0383948 0.9858447 0.0216712 0.1617603
99.915730 8.5854750 -2.5005670 35.8433838 0.0393173 0.9856420 0.0217945 0.1627546
100.641500 8.6256695 -2.5002816 35.7280235 0.0407657 0.9854565 0.0182864 0.1639486
101.367400 8.6612864 -2.5000238 35.6285400 0.0399769 0.9855298 0.0179734 0.1637366
101.989600 8.6881180 -2.4992850 35.5489655 0.0409085 0.9854059 0.0183969 0.1642050
102.508300 8.7071314 -2.4993699 35.4954147 0.0406628 0.9854625 0.0178450 0.1639871
103.130500 8.7279148 -2.4992962 35.4379234 0.0384737 0.9855389 0.0198691 0.1638231
103.545200 8.7404222 -2.4987175 35.4015083 0.0390921 0.9855251 0.0176692 0.1640118
103.856400 8.7511234 -2.4990497 35.3716583 0.0397138 0.9854127 0.0152673 0.1647772
103.960100 8.7554150 -2.4988348 35.3592377 0.0407480 0.9853076 0.0134136 0.1653133
104.374600 8.7806339 -2.4988446 35.2919998 0.0418002 0.9841314 0.0096448 0.1721776
104.582000 8.7979555 -2.4980702 35.2474823 0.0442253 0.9829478 0.0075738 0.1783270
104.789400 8.8189850 -2.4988708 35.1963425 0.0448250 0.9812378 0.0069399 0.1873896
104.996700 8.8430729 -2.4991417 35.1390038 0.0476737 0.9791712 0.0082420 0.1971879
105.204100 8.8721123 -2.4998825 35.0761948 0.0474059 0.9770159 0.0079244 0.2076771
105.411500 8.9048328 -2.5005312 35.0077362 0.0485452 0.9748598 0.0100000 0.2172363
105.618900 8.9413128 -2.5008979 34.9347763 0.0494427 0.9727505 0.0127010 0.2261649
105.722600 8.9615631 -2.5012226 34.8967133 0.0463639 0.9720517 0.0137611 0.2297314
105.826500 8.9824867 -2.5014279 34.8574028 0.0452313 0.9714682 0.0154324 0.2323049
106.034100 9.0267210 -2.5016479 34.7751923 0.0409075 0.9708619 0.0150152 0.2356446
106.137900 9.0504103 -2.5017524 34.7326813 0.0375402 0.9707860 0.0153961 0.2364917
106.345500 9.0978918 -2.5010886 34.6432076 0.0382701 0.9702393 0.0155050 0.2386016
106.449200 9.1219749 -2.5009696 34.5972290 0.0398115 0.9700330 0.0153535 0.2391972
106.656800 9.1737289 -2.5011964 34.5031548 0.0357263 0.9697700 0.0078031 0.2412650
106.864200 9.2274570 -2.5019825 34.4031982 0.0404181 0.9692731 0.0065350 0.2425555
107.175500 9.3135462 -2.5042415 34.2467804 0.0363392 0.9688181 0.0089491 0.2449302
107.486500 9.4048223 -2.5053220 34.0827026 0.0375213 0.9676142 0.0108526 0.2493933
107.693900 9.4682655 -2.5063519 33.9703712 0.0393930 0.9661381 0.0123499 0.2547013
107.901200 9.5343924 -2.5074067 33.8565025 0.0420711 0.9647051 0.0136987 0.2595889
108.108700 9.6011400 -2.5088861 33.7441864 0.0433375 0.9638626 0.0112383 0.2626109
108.316200 9.6685362 -2.5116537 33.6330872 0.0409105 0.9639629 0.0083675 0.2627390
108.523700 9.7350817 -2.5146613 33.5222816 0.0375737 0.9644809 0.0068410 0.2613771
108.731200 9.8014269 -2.5165026 33.4085693 0.0390498 0.9649033 0.0081627 0.2595575
108.938900 9.8676186 -2.5193954 33.2938156 0.0393825 0.9655671 0.0076178 0.2570432
109.146400 9.9328470 -2.5218647 33.1786079 0.0401263 0.9661669 0.0070072 0.2546810
109.353900 9.9981432 -2.5245354 33.0623093 0.0398149 0.9668679 0.0068991 0.2520587
109.561200 10.0640545 -2.5279112 32.9442596 0.0406676 0.9675166 0.0060460 0.2494417
109.768700 10.1299067 -2.5304036 32.8251877 0.0412815 0.9679756 0.0050247 0.2475758
109.976100 10.1953678 -2.5336044 32.7058945 0.0404947 0.9680781 0.0057471 0.2472893
110.079700 10.2284203 -2.5353248 32.6461487 0.0402973 0.9681151 0.0054045 0.2471843
110.183500 10.2619400 -2.5370452 32.5859451 0.0396936 0.9680973 0.0045504 0.2473687
110.287200 10.2954149 -2.5383649 32.5255928 0.0393292 0.9679742 0.0036676 0.2479229
110.494600 10.3627081 -2.5421286 32.4047470 0.0405243 0.9675682 0.0043836 0.2492996
110.702000 10.4298868 -2.5465922 32.2844582 0.0405974 0.9671490 0.0014096 0.2509435
110.909200 10.4989023 -2.5507894 32.1640778 0.0395211 0.9666440 0.0019381 0.2530486
111.220200 10.6024637 -2.5565858 31.9850597 0.0401647 0.9657526 0.0047824 0.2562924
111.427600 10.6708164 -2.5606751 31.8672504 0.0409715 0.9651968 0.0038057 0.2582671
111.635000 10.7386541 -2.5650914 31.7505627 0.0424732 0.9646086 0.0023264 0.2602326
111.842400 10.8065796 -2.5695367 31.6348343 0.0415482 0.9640141 0.0011755 0.2625818
112.049700 10.8753853 -2.5740099 31.5197144 0.0392976 0.9637231 0.0051559 0.2639449
112.257100 10.9429932 -2.5778892 31.4075012 0.0363985 0.9639943 0.0018405 0.2634138
112.464600 11.0083742 -2.5823293 31.2959156 0.0394126 0.9644183 0.0007496 0.2614259
112.672000 11.0723534 -2.5865080 31.1847038 0.0436625 0.9648257 0.0018006 0.2592328
112.879400 11.1345444 -2.5911627 31.0750294 0.0456906 0.9651557 0.0023517 0.2576458
113.086700 11.1962614 -2.5965586 30.9692192 0.0439425 0.9659632 -0.0006832 0.2549191
113.294100 11.2539625 -2.6022973 30.8689232 0.0436575 0.9665681 -0.0089176 0.2525086
113.397800 11.2818613 -2.6054041 30.8198051 0.0417354 0.9667971 -0.0103106 0.2519030
113.605200 11.3340435 -2.6119192 30.7251415 0.0438896 0.9670045 -0.0060181 0.2508778
113.812600 11.3822794 -2.6180642 30.6379585 0.0463215 0.9670663 -0.0063728 0.2501928
114.020100 11.4256372 -2.6235418 30.5578651 0.0504764 0.9668154 -0.0099393 0.2502427
114.331400 11.4862671 -2.6317525 30.4490566 0.0491582 0.9667664 -0.0085149 0.2507463
114.850000 11.5764723 -2.6439314 30.2906742 0.0455490 0.9671119 -0.0125273 0.2499260
115.161100 11.6254663 -2.6506512 30.2039299 0.0429117 0.9674807 -0.0117699 0.2490003
115.679700 11.6968851 -2.6605582 30.0722885 0.0479265 0.9675595 -0.0105939 0.2478293
116.094600 11.7474613 -2.6671677 29.9797401 0.0499349 0.9672357 -0.0124813 0.2486079
116.509400 11.7915955 -2.6741390 29.8985271 0.0560293 0.9660276 -0.0158211 0.2517958
116.924200 11.8318186 -2.6797636 29.8315430 0.0524583 0.9647474 -0.0186168 0.2572238
117.235400 11.8558550 -2.6839156 29.7919388 0.0536452 0.9638379 -0.0185407 0.2603746
117.857700 11.8917704 -2.6901121 29.7301521 0.0548225 0.9637758 -0.0225363 0.2600439
118.272500 11.9092131 -2.6932445 29.7006531 0.0549179 0.9634759 -0.0237550 0.2610247
118.687200 11.9231987 -2.6956608 29.6776085 0.0541054 0.9632569 -0.0251880 0.2618671
119.413200 11.9399967 -2.6986132 29.6492691 0.0548534 0.9628742 -0.0265555 0.2629814
119.931900 11.9474945 -2.6999807 29.6366138 0.0551248 0.9627041 -0.0272566 0.2634753
120.968600 11.9543190 -2.7012358 29.6254425 0.0550936 0.9625466 -0.0291836 0.2638503
121.902000 11.9671011 -2.7037375 29.6042690 0.0544893 0.9625833 -0.0285650 0.2639097
122.213100 11.9741945 -2.7050068 29.5923195 0.0545428 0.9625136 -0.0287543 0.2641323
122.420500 11.9798403 -2.7060075 29.5828266 0.0551055 0.9625341 -0.0287590 0.2639401
123.042600 12.0011978 -2.7098408 29.5474739 0.0540789 0.9625452 -0.0285264 0.2641370
123.250000 12.0089827 -2.7113729 29.5342140 0.0551206 0.9624967 -0.0287527 0.2640741
123.664800 12.0251160 -2.7145524 29.5053329 0.0582112 0.9623956 -0.0271551 0.2639484
123.872100 12.0331888 -2.7164135 29.4920368 0.0576164 0.9623948 -0.0267621 0.2641221
124.079600 12.0404787 -2.7178075 29.4800224 0.0574405 0.9624206 -0.0267680 0.2640657
124.390600 12.0498590 -2.7193632 29.4647484 0.0572145 0.9622808 -0.0259439 0.2647057
