0.000000 -0.5926523 0.0084211 -0.6254725 -0.0012989 -0.0033294 0.0006715 0.9999934
0.312729 -0.5923910 0.0071112 -0.5561163 0.0005390 -0.0062572 0.0021829 0.9999779
0.416979 -0.5926964 0.0066984 -0.5329571 0.0013923 -0.0072531 0.0031598 0.9999678
0.521227 -0.5929962 0.0063331 -0.5102065 0.0024516 -0.0081118 0.0043679 0.9999545
0.625476 -0.5934018 0.0059114 -0.4866626 0.0027618 -0.0088455 0.0049645 0.9999447
0.729727 -0.5939023 0.0055042 -0.4628839 0.0025078 -0.0096650 0.0049936 0.9999377
0.833976 -0.5944590 0.0048989 -0.4388056 0.0026384 -0.0102523 0.0052568 0.9999301
0.938359 -0.5952547 0.0042656 -0.4146723 0.0039736 -0.0107375 0.0048692 0.9999226
1.146853 -0.5965260 0.0029741 -0.3648885 0.0075800 -0.0122276 0.0035130 0.9998903
1.251125 -0.5974900 0.0026531 -0.3389802 0.0077028 -0.0128205 0.0026364 0.9998847
1.459603 -0.5991728 0.0017523 -0.2858963 -0.0009790 -0.0137786 0.0009902 0.9999041
1.668106 -0.6014319 0.0008372 -0.2301438 -0.0037686 -0.0147599 -0.0005158 0.9998838
1.876603 -0.6037062 0.0005286 -0.1730127 0.0027643 -0.0156991 -0.0016165 0.9998716
2.085105 -0.6057776 0.0003815 -0.1114671 -0.0025399 -0.0164996 0.0001192 0.9998606
2.293607 -0.6081496 0.0000921 -0.0473045 -0.0075943 -0.0169148 0.0008972 0.9998277
2.502107 -0.6105342 0.0004431 0.0195312 -0.0057307 -0.0167702 0.0019205 0.9998411
2.710606 -0.6126963 0.0003340 0.0889413 -0.0012877 -0.0162217 0.0024347 0.9998646
2.919104 -0.6152054 -0.0003983 0.1611143 0.0045932 -0.0151705 0.0032339 0.9998692
3.127481 -0.6176184 -0.0016480 0.2362161 0.0047722 -0.0153654 0.0022667 0.9998680
3.335979 -0.6202029 -0.0035832 0.3133565 0.0063589 -0.0154018 0.0000149 0.9998612
3.648605 -0.6243414 -0.0064392 0.4325073 0.0069162 -0.0156577 -0.0030342 0.9998489
3.961233 -0.6283530 -0.0098631 0.5550598 0.0051898 -0.0162816 -0.0038789 0.9998465
4.273854 -0.6331820 -0.0126388 0.6802929 0.0057281 -0.0165149 -0.0050344 0.9998345
4.586357 -0.6376929 -0.0157044 0.8085726 0.0020451 -0.0173792 -0.0042320 0.9998379
4.898858 -0.6428511 -0.0175287 0.9392369 0.0017280 -0.0181867 -0.0043157 0.9998238
5.107234 -0.6463704 -0.0190993 1.0272841 0.0013410 -0.0189597 -0.0045779 0.9998088
5.419858 -0.6521894 -0.0214531 1.1585611 -0.0007869 -0.0198445 -0.0051430 0.9997895
5.732480 -0.6580904 -0.0240035 1.2894576 0.0032492 -0.0200425 -0.0067308 0.9997712
5.940858 -0.6621920 -0.0256269 1.3778446 0.0009593 -0.0198460 -0.0073049 0.9997759
6.253481 -0.6674725 -0.0280349 1.5095923 0.0016173 -0.0196979 -0.0057228 0.9997883
6.461983 -0.6708865 -0.0299146 1.5965494 0.0039524 -0.0196076 -0.0051242 0.9997868
6.774485 -0.6759733 -0.0336748 1.7268550 0.0052159 -0.0192889 -0.0027945 0.9997965
6.982859 -0.6793106 -0.0352874 1.8135589 -0.0006401 -0.0191635 -0.0013202 0.9998153
7.191236 -0.6825165 -0.0368879 1.9002252 0.0004392 -0.0191065 0.0010633 0.9998168
7.399507 -0.6861166 -0.0387463 1.9870770 0.0039964 -0.0192131 0.0005704 0.9998072
7.607858 -0.6900620 -0.0409448 2.0739241 0.0064776 -0.0187079 -0.0008409 0.9998037
7.816232 -0.6938562 -0.0431248 2.1609914 0.0037161 -0.0183253 -0.0034075 0.9998193
8.024607 -0.6973862 -0.0453261 2.2480617 0.0028250 -0.0183019 -0.0022507 0.9998260
8.232862 -0.7010039 -0.0471721 2.3353560 0.0011561 -0.0185487 -0.0010522 0.9998267
8.545359 -0.7058829 -0.0502151 2.4645846 0.0027746 -0.0196721 -0.0002432 0.9998026
8.753612 -0.7094751 -0.0521295 2.5503078 0.0030599 -0.0204320 -0.0014703 0.9997855
8.961860 -0.7135227 -0.0540407 2.6355352 -0.0011299 -0.0210352 -0.0028575 0.9997740
9.170238 -0.7172033 -0.0554410 2.7204158 -0.0003208 -0.0217987 -0.0030648 0.9997576
9.378487 -0.7215883 -0.0569430 2.8042316 0.0001735 -0.0220784 -0.0029580 0.9997519
9.586735 -0.7252199 -0.0584313 2.8862805 -0.0005494 -0.0228783 -0.0018392 0.9997364
9.794986 -0.7297206 -0.0602126 2.9647200 -0.0025214 -0.0234838 -0.0014931 0.9997199
10.003370 -0.7337655 -0.0614908 3.0400426 -0.0021318 -0.0262662 -0.0005626 0.9996526
10.211610 -0.7383858 -0.0627561 3.1120400 -0.0017332 -0.0294990 -0.0006289 0.9995631
10.419890 -0.7433751 -0.0640100 3.1797616 -0.0027578 -0.0324749 -0.0015732 0.9994675
10.628240 -0.7481798 -0.0650780 3.2434597 -0.0038030 -0.0353129 -0.0028640 0.9993650
10.940860 -0.7557193 -0.0667601 3.3303440 -0.0014194 -0.0393192 -0.0054734 0.9992107
11.253490 -0.7630011 -0.0685930 3.4061182 0.0022990 -0.0420128 -0.0086991 0.9990765
11.670740 -0.7707939 -0.0709709 3.4940121 -0.0003826 -0.0335563 -0.0134373 0.9993464
11.879370 -0.7722923 -0.0718316 3.5329835 -0.0023548 -0.0229373 -0.0131686 0.9996474
12.192740 -0.7717281 -0.0730272 3.5851750 -0.0007179 0.0002350 -0.0119863 0.9999279
12.401640 -0.7691720 -0.0738775 3.6177363 0.0037323 0.0229317 -0.0105742 0.9996741
12.715240 -0.7616208 -0.0752542 3.6642914 0.0064122 0.0681676 -0.0066691 0.9976310
12.924370 -0.7536653 -0.0764272 3.6933911 0.0074893 0.1057639 -0.0033139 0.9943575
13.133360 -0.7437680 -0.0776040 3.7207243 0.0084284 0.1479212 -0.0023811 0.9889604
13.342370 -0.7316953 -0.0786988 3.7466350 0.0077507 0.1948677 -0.0032769 0.9807934
13.551240 -0.7166785 -0.0796645 3.7708018 0.0076657 0.2432371 -0.0020446 0.9699344
13.760010 -0.6995425 -0.0810153 3.7926993 0.0102770 0.2916309 -0.0023396 0.9564729
13.968740 -0.6801673 -0.0820415 3.8137479 0.0132682 0.3418439 -0.0064312 0.9396411
14.177490 -0.6576208 -0.0832069 3.8326058 0.0143881 0.3930865 -0.0081339 0.9193529
14.386120 -0.6320627 -0.0841954 3.8492155 0.0132679 0.4434629 -0.0056003 0.8961771
14.594740 -0.6040322 -0.0850439 3.8636839 0.0111899 0.4935027 -0.0039977 0.8696631
14.803370 -0.5736090 -0.0864437 3.8754928 0.0083613 0.5427241 -0.0031704 0.8398635
15.011990 -0.5412261 -0.0876108 3.8846788 0.0099963 0.5875025 -0.0078092 0.8091229
15.324240 -0.4869817 -0.0892457 3.8928640 0.0164722 0.6376232 -0.0032394 0.7701655
15.532120 -0.4471737 -0.0906596 3.8968303 0.0165671 0.6600909 -0.0025488 0.7509987
15.739890 -0.4038011 -0.0919603 3.9005976 0.0092479 0.6785068 -0.0039759 0.7345251
15.947760 -0.3573662 -0.0935285 3.9011524 0.0128635 0.6940829 0.0008644 0.7197796
16.155710 -0.3080638 -0.0948595 3.9008217 0.0172002 0.7054961 -0.0000616 0.7085051
16.363390 -0.2546173 -0.0963811 3.9003687 0.0182533 0.7116276 -0.0019156 0.7023171
16.570990 -0.1983330 -0.0983677 3.8986633 0.0192262 0.7122135 0.0027303 0.7016943
16.778640 -0.1386367 -0.1003603 3.8988018 0.0175202 0.7110900 0.0009511 0.7028821
16.986490 -0.0764066 -0.1023178 3.8985643 0.0179172 0.7103385 -0.0001947 0.7036322
17.194620 -0.0107199 -0.1045778 3.8985298 0.0165162 0.7099262 -0.0003373 0.7040823
17.402740 0.0567157 -0.1070646 3.8978806 0.0158292 0.7098657 0.0016045 0.7041574
17.610870 0.1251154 -0.1091982 3.8977346 0.0138060 0.7107434 0.0014992 0.7033142
17.819120 0.1954138 -0.1111355 3.8968379 0.0136709 0.7115298 0.0042954 0.7025098
18.027490 0.2662705 -0.1133459 3.8963673 0.0129765 0.7124989 0.0008523 0.7015527
18.235760 0.3389462 -0.1156522 3.8956783 0.0155073 0.7132859 -0.0009618 0.7007010
18.444000 0.4124473 -0.1180435 3.8951709 0.0110710 0.7142581 -0.0010121 0.6997941
18.652370 0.4859804 -0.1204055 3.8941038 0.0052621 0.7144411 0.0009306 0.6996751
18.860740 0.5588839 -0.1226131 3.8929338 0.0075227 0.7140291 -0.0007499 0.7000753
19.069120 0.6306792 -0.1244159 3.8918455 0.0149691 0.7134686 -0.0052372 0.7005078
19.277500 0.7034541 -0.1273203 3.8908780 0.0117614 0.7127742 0.0012315 0.7012939
19.590340 0.8101305 -0.1306910 3.8896036 0.0103132 0.7129289 0.0007162 0.7011601
19.798650 0.8808207 -0.1328385 3.8887866 0.0095821 0.7144120 -0.0002307 0.6996596
20.007130 0.9504013 -0.1351445 3.8879209 0.0089819 0.7159467 -0.0014163 0.6980957
20.215660 1.0191813 -0.1373209 3.8865993 0.0076303 0.7175497 -0.0013562 0.6964642
20.424610 1.0868055 -0.1393059 3.8849614 0.0079757 0.7189123 -0.0019395 0.6950523
20.633120 1.1534941 -0.1414272 3.8829947 0.0083067 0.7197376 -0.0008251 0.6941960
20.841310 1.2192914 -0.1437307 3.8807232 0.0074180 0.7206298 -0.0008238 0.6932799
21.153990 1.3140427 -0.1466785 3.8776467 0.0056637 0.7216839 -0.0008226 0.6921991
21.362520 1.3743145 -0.1484630 3.8755169 0.0077285 0.7217656 -0.0027361 0.6920890
21.571010 1.4339794 -0.1503180 3.8735175 0.0080383 0.7218584 -0.0043514 0.6919805
21.779630 1.4927057 -0.1526145 3.8712938 0.0080151 0.7220137 -0.0035744 0.6918231
21.988560 1.5509216 -0.1547583 3.8696237 0.0060912 0.7221484 -0.0058133 0.6916869
22.196780 1.6083077 -0.1568234 3.8674700 0.0058401 0.7225400 -0.0045692 0.6912894
22.405410 1.6655438 -0.1584845 3.8651650 0.0032510 0.7255416 -0.0068923 0.6881361
22.614140 1.7218705 -0.1602221 3.8614621 0.0076324 0.7298682 -0.0071387 0.6835080
22.822680 1.7790504 -0.1625519 3.8573697 0.0060926 0.7344001 -0.0091304 0.6786280
23.031260 1.8372548 -0.1643033 3.8524306 0.0052678 0.7377649 -0.0100225 0.6749628
23.239660 1.8966037 -0.1661398 3.8472250 0.0035106 0.7400547 -0.0092758 0.6724735
23.448150 1.9574071 -0.1680901 3.8414145 0.0020568 0.7411821 -0.0065155 0.6712692
23.656510 2.0186582 -0.1696200 3.8354068 0.0036709 0.7417313 -0.0074107 0.6706462
23.865000 2.0814049 -0.1718944 3.8284581 0.0108634 0.7420246 -0.0058201 0.6702593
24.073430 2.1450372 -0.1739956 3.8221951 0.0100949 0.7423621 -0.0058855 0.6698970
24.281890 2.2081354 -0.1763924 3.8157871 0.0086758 0.7424238 -0.0022471 0.6698706
24.490410 2.2714183 -0.1785042 3.8096561 0.0081800 0.7433157 -0.0030929 0.6688836
24.698880 2.3348191 -0.1804916 3.8030360 0.0089248 0.7448548 -0.0032375 0.6671590
24.907380 2.3973265 -0.1824653 3.7957380 0.0089766 0.7459767 -0.0030269 0.6659046
25.115970 2.4606895 -0.1848864 3.7890654 0.0087187 0.7470273 -0.0045196 0.6647208
25.428740 2.5560715 -0.1875782 3.7781701 0.0082089 0.7481015 -0.0045056 0.6635182
25.637140 2.6204171 -0.1893312 3.7711763 0.0048274 0.7491110 -0.0051196 0.6624072
26.054250 2.7521486 -0.1935477 3.7541890 0.0073409 0.7515791 -0.0057072 0.6595774
26.367040 2.8531518 -0.1970730 3.7410479 0.0121902 0.7519563 -0.0070240 0.6590627
26.679760 2.9558926 -0.2012056 3.7275000 0.0118318 0.7513977 -0.0041817 0.6597303
26.888310 3.0262051 -0.2036572 3.7189453 0.0098231 0.7503136 -0.0021594 0.6610056
27.096690 3.0969644 -0.2059272 3.7105808 0.0083405 0.7492080 -0.0011727 0.6622813
27.305190 3.1675136 -0.2083240 3.7023811 0.0123276 0.7481075 -0.0045729 0.6634473
27.513640 3.2383406 -0.2105144 3.6946192 0.0113910 0.7471635 -0.0065711 0.6645102
27.722410 3.3098617 -0.2135696 3.6866822 0.0103612 0.7466096 -0.0044388 0.6651669
27.930640 3.3808913 -0.2162330 3.6788797 0.0096971 0.7462081 -0.0048409 0.6656246
28.139150 3.4521801 -0.2189885 3.6708527 0.0104633 0.7456154 -0.0020375 0.6662913
28.347630 3.5226068 -0.2214611 3.6630030 0.0124858 0.7451310 -0.0023220 0.6667972
28.660380 3.6277382 -0.2252569 3.6526232 0.0066748 0.7447906 -0.0053373 0.6672435
28.869010 3.6968124 -0.2278591 3.6458797 0.0062496 0.7456263 -0.0096014 0.6662658
29.077510 3.7650652 -0.2307332 3.6384709 0.0070608 0.7459881 -0.0106878 0.6658361
29.286110 3.8330691 -0.2337379 3.6307862 0.0079478 0.7463502 -0.0098438 0.6654331
29.494560 3.8995354 -0.2367064 3.6234593 0.0098292 0.7466931 -0.0111171 0.6650032
29.703090 3.9654307 -0.2400458 3.6161873 0.0082303 0.7478513 -0.0120474 0.6637059
29.911660 4.0301156 -0.2432705 3.6083717 0.0093550 0.7498645 -0.0136531 0.6613844
30.120140 4.0942574 -0.2465481 3.6002994 0.0093881 0.7519970 -0.0147038 0.6589357
30.328670 4.1579075 -0.2497399 3.5917509 0.0102301 0.7538445 -0.0135624 0.6568332
30.537140 4.2203555 -0.2533020 3.5837102 0.0116892 0.7548659 -0.0205006 0.6554544
30.745760 4.2829447 -0.2566715 3.5747266 0.0143067 0.7568070 -0.0185989 0.6532171
30.954260 4.3451648 -0.2608428 3.5657287 0.0099871 0.7586815 -0.0156796 0.6511965
31.162620 4.4067454 -0.2641232 3.5566916 0.0110945 0.7601305 -0.0194518 0.6493844
31.371140 4.4670315 -0.2681568 3.5468941 0.0144119 0.7614379 -0.0206612 0.6477482
31.579630 4.5267649 -0.2719882 3.5373292 0.0165440 0.7629651 -0.0235070 0.6458002
31.788620 4.5867763 -0.2761512 3.5272021 0.0161285 0.7652245 -0.0193324 0.6432710
31.997070 4.6457210 -0.2802446 3.5167003 0.0155450 0.7691896 -0.0178223 0.6385829
32.205560 4.7038293 -0.2843196 3.5053244 0.0147794 0.7753738 -0.0189948 0.6310438
32.414310 4.7608938 -0.2880000 3.4918947 0.0157988 0.7830383 -0.0193502 0.6214716
32.622920 4.8177185 -0.2919478 3.4777634 0.0174663 0.7905719 -0.0170615 0.6118823
32.831540 4.8733897 -0.2954905 3.4615088 0.0206205 0.7964057 -0.0135102 0.6042601
33.040040 4.9286709 -0.2994164 3.4451318 0.0219270 0.8008394 -0.0114588 0.5983679
33.248440 4.9828434 -0.3025829 3.4282851 0.0236364 0.8030522 -0.0052312 0.5954167
33.456640 5.0368881 -0.3057570 3.4109247 0.0255425 0.8034064 -0.0001602 0.5948830
33.665120 5.0896955 -0.3082898 3.3947649 0.0290123 0.8029026 -0.0031813 0.5953953
33.873500 5.1420369 -0.3113506 3.3788409 0.0296830 0.8020786 -0.0007800 0.5964798
34.081820 5.1932621 -0.3144269 3.3634670 0.0300662 0.8010015 0.0014185 0.5979051
34.289910 5.2434244 -0.3170434 3.3490684 0.0323488 0.7989992 0.0008179 0.6004608
34.498170 5.2929597 -0.3199738 3.3351541 0.0325020 0.7955073 0.0032889 0.6050628
34.602300 5.3176670 -0.3211574 3.3285766 0.0322418 0.7939994 0.0042093 0.6070484
34.810660 5.3658648 -0.3236467 3.3161421 0.0317455 0.7916434 0.0053872 0.6101343
34.914790 5.3895473 -0.3248050 3.3098950 0.0322312 0.7904118 0.0071802 0.6116852
35.123490 5.4367657 -0.3272209 3.2979531 0.0316965 0.7880499 0.0087462 0.6147326
35.331690 5.4818497 -0.3293105 3.2870650 0.0325311 0.7853307 0.0060327 0.6181917
35.539930 5.5273161 -0.3316371 3.2769403 0.0342275 0.7815413 0.0047107 0.6228961
35.852390 5.5943341 -0.3350816 3.2640553 0.0321675 0.7714615 0.0051101 0.6354418
36.060640 5.6386328 -0.3375626 3.2570500 0.0316528 0.7620105 0.0054976 0.6467673
36.372770 5.7047567 -0.3409601 3.2505825 0.0298833 0.7415211 0.0039256 0.6702523
36.581010 5.7480674 -0.3436128 3.2492304 0.0269096 0.7268371 -0.0013716 0.6862811
36.789390 5.7916088 -0.3459971 3.2497821 0.0226875 0.7150356 -0.0063234 0.6986912
36.998010 5.8349490 -0.3484946 3.2507195 0.0153614 0.7107155 -0.0107120 0.7032303
37.207180 5.8780684 -0.3507677 3.2503066 0.0096953 0.7174360 -0.0119711 0.6964541
37.311660 5.8990412 -0.3518459 3.2492414 0.0089046 0.7221138 -0.0113696 0.6916235
37.416200 5.9201336 -0.3528606 3.2476993 0.0093542 0.7264013 -0.0099522 0.6871350
37.520670 5.9407601 -0.3539464 3.2460675 0.0096918 0.7305462 -0.0091426 0.6827333
37.729650 5.9817371 -0.3556578 3.2424812 0.0066874 0.7408759 -0.0109885 0.6715188
37.834140 6.0019226 -0.3565463 3.2400699 0.0065965 0.7466871 -0.0106376 0.6650576
38.043370 6.0415435 -0.3582337 3.2338068 0.0071947 0.7565702 -0.0082453 0.6538210
38.251530 6.0798407 -0.3596516 3.2270029 0.0058592 0.7656530 -0.0080359 0.6431770
38.460120 6.1167903 -0.3612433 3.2189703 0.0075178 0.7730276 -0.0065075 0.6342945
38.668540 6.1541505 -0.3627429 3.2105150 0.0102634 0.7785794 -0.0060735 0.6274327
38.876940 6.1906404 -0.3637910 3.2023048 0.0103310 0.7810721 -0.0053422 0.6243325
39.189420 6.2434902 -0.3659635 3.1899178 0.0112787 0.7822179 -0.0032317 0.6228945
39.502140 6.2967229 -0.3677242 3.1776147 0.0123267 0.7853248 -0.0058691 0.6189334
39.710790 6.3332968 -0.3692398 3.1685581 0.0109258 0.7887501 -0.0056829 0.6145906
39.919470 6.3711667 -0.3706058 3.1581984 0.0131157 0.7921782 -0.0043794 0.6101332
40.128060 6.4100289 -0.3719015 3.1475062 0.0136588 0.7957519 -0.0061017 0.6054379
40.336550 6.4497142 -0.3736053 3.1357751 0.0162110 0.7989977 -0.0044737 0.6010988
40.649320 6.5107279 -0.3759369 3.1176960 0.0161368 0.8029805 -0.0026387 0.5957809
40.857780 6.5524440 -0.3774957 3.1047554 0.0157119 0.8046633 0.0014150 0.5935217
41.066270 6.5942011 -0.3790035 3.0918708 0.0150002 0.8057325 0.0029882 0.5920821
41.274690 6.6356354 -0.3802607 3.0794277 0.0164527 0.8056023 0.0021951 0.5922242
41.587170 6.6971960 -0.3822157 3.0609617 0.0173194 0.8038987 0.0021784 0.5945101
41.899560 6.7572775 -0.3845954 3.0439632 0.0194581 0.8013106 0.0014741 0.5979303
42.212070 6.8137770 -0.3865979 3.0280170 0.0192528 0.7976517 0.0016219 0.6028088
42.524580 6.8655424 -0.3888623 3.0143647 0.0171478 0.7921617 0.0070777 0.6100292
42.940920 6.9269619 -0.3907762 3.0016203 0.0162010 0.7764529 0.0056066 0.6299420
43.252900 6.9713383 -0.3920612 2.9956806 0.0196568 0.7542953 0.0027144 0.6562353
43.565080 7.0145783 -0.3936414 2.9950671 0.0136145 0.7234216 -0.0002609 0.6902723
43.877060 7.0569091 -0.3951850 2.9988437 0.0057175 0.6902585 -0.0012512 0.7235392
44.085170 7.0843563 -0.3960834 3.0031452 0.0037906 0.6663684 0.0000875 0.7456130
44.397150 7.1248827 -0.3969919 3.0137308 0.0046148 0.6249428 -0.0017545 0.7806550
44.605140 7.1522684 -0.3976888 3.0238404 0.0059520 0.5921401 -0.0028550 0.8058080
44.813580 7.1791530 -0.3985522 3.0374527 0.0052712 0.5549509 -0.0091419 0.8318162
45.021230 7.2060032 -0.3995733 3.0537777 0.0080054 0.5142728 -0.0103244 0.8575271
45.229310 7.2334104 -0.4005214 3.0734951 0.0125044 0.4711552 -0.0077172 0.8819280
45.437440 7.2603531 -0.4015762 3.0980635 0.0093103 0.4276277 -0.0100662 0.9038510
45.645680 7.2870703 -0.4030215 3.1271992 0.0071136 0.3827707 -0.0118226 0.9237403
45.853900 7.3135471 -0.4044808 3.1605783 0.0072997 0.3388136 -0.0109243 0.9407618
46.062500 7.3392773 -0.4060103 3.1988015 0.0067715 0.2985351 -0.0097176 0.9543251
46.271110 7.3642035 -0.4070741 3.2416666 0.0051679 0.2637757 -0.0101045 0.9645173
46.479940 7.3882551 -0.4081260 3.2892251 0.0019475 0.2361401 -0.0096470 0.9716692
46.688930 7.4123240 -0.4090920 3.3409240 -0.0000006 0.2156193 -0.0072796 0.9764504
46.897820 7.4357958 -0.4098749 3.3958623 0.0005305 0.1978759 -0.0030388 0.9802222
47.106530 7.4581766 -0.4106853 3.4546995 0.0011546 0.1803641 -0.0015576 0.9835980
47.315280 7.4795194 -0.4117013 3.5169663 0.0009696 0.1649133 -0.0019887 0.9863056
47.524300 7.5001588 -0.4125172 3.5820389 -0.0006819 0.1583728 -0.0049867 0.9873666
47.733280 7.5218620 -0.4134484 3.6493454 -0.0014179 0.1572892 -0.0049286 0.9875392
47.942180 7.5441875 -0.4143340 3.7177949 -0.0000471 0.1572719 -0.0026571 0.9875517
48.150840 7.5672650 -0.4153038 3.7891140 0.0003586 0.1575497 -0.0025276 0.9875078
48.359390 7.5911713 -0.4163302 3.8627167 -0.0017791 0.1584243 -0.0016442 0.9873682
48.567920 7.6153245 -0.4175391 3.9368100 -0.0023126 0.1591557 -0.0003232 0.9872507
48.776450 7.6399508 -0.4184322 4.0113506 -0.0022478 0.1593330 0.0013009 0.9872215
48.985000 7.6645312 -0.4194590 4.0855055 -0.0043073 0.1597231 0.0027869 0.9871485
49.193280 7.6895332 -0.4200443 4.1607895 -0.0034826 0.1594486 0.0045678 0.9871895
49.407810 7.7140665 -0.4208699 4.2353535 -0.0018165 0.1591010 0.0050376 0.9872478
49.610180 7.7382727 -0.4216596 4.3101497 -0.0015839 0.1579327 0.0052329 0.9874347
49.922840 7.7739944 -0.4237184 4.4218597 -0.0026348 0.1561055 0.0046671 0.9877259
50.235330 7.8093367 -0.4250827 4.5337892 -0.0029156 0.1538196 0.0050473 0.9880818
50.547800 7.8440175 -0.4263119 4.6452479 -0.0036339 0.1513902 0.0057901 0.9884505
50.756210 7.8667107 -0.4272153 4.7180510 -0.0033941 0.1492935 0.0065278 0.9887655
51.068710 7.8991103 -0.4279621 4.8250189 -0.0054812 0.1461106 0.0075269 0.9892244
51.277040 7.9189339 -0.4288240 4.8938322 -0.0059079 0.1440004 0.0079244 0.9895282
51.485450 7.9383011 -0.4293082 4.9601078 -0.0018835 0.1413438 0.0064093 0.9899380
51.693900 7.9556975 -0.4302903 5.0233293 -0.0021534 0.1389285 0.0056960 0.9902837
52.006530 7.9798789 -0.4319449 5.1127291 -0.0064695 0.1326450 0.0064083 0.9911218
52.215240 7.9940434 -0.4326014 5.1675735 -0.0057298 0.1287574 0.0053204 0.9916453
52.527830 8.0129938 -0.4338674 5.2419934 -0.0034780 0.1260858 0.0030399 0.9920086
52.840660 8.0290012 -0.4348031 5.3072476 -0.0001796 0.1244338 0.0023198 0.9922252
53.154550 8.0432501 -0.4360724 5.3665748 -0.0011890 0.1218176 0.0016933 0.9925504
53.465960 8.0565147 -0.4371856 5.4238858 -0.0007345 0.1108092 0.0048469 0.9938296
53.777930 8.0649052 -0.4382518 5.4788647 0.0004297 0.0834766 0.0047450 0.9964983
54.193810 8.0671768 -0.4392919 5.5494747 -0.0026936 0.0202553 0.0026989 0.9997876
54.401580 8.0635853 -0.4400748 5.5837402 -0.0046608 -0.0201855 -0.0011030 0.9997848
54.609440 8.0565758 -0.4404780 5.6159234 -0.0057751 -0.0648619 -0.0061798 0.9978584
54.817300 8.0470543 -0.4400465 5.6475081 -0.0088835 -0.1142210 -0.0080520 0.9933830
55.025330 8.0342283 -0.4399849 5.6778679 -0.0127361 -0.1675160 -0.0079858 0.9857547
55.233280 8.0181446 -0.4400352 5.7061262 -0.0161049 -0.2224742 -0.0103360 0.9747508
55.441330 7.9989042 -0.4396674 5.7317533 -0.0171204 -0.2791831 -0.0132045 0.9599944
55.649410 7.9765677 -0.4381426 5.7547526 -0.0174342 -0.3350324 -0.0127569 0.9419589
55.857760 7.9520531 -0.4370871 5.7752547 -0.0208065 -0.3900775 -0.0112651 0.9204780
55.961860 7.9389353 -0.4366979 5.7841349 -0.0222583 -0.4169062 -0.0112787 0.9086069
56.066000 7.9248590 -0.4361486 5.7925024 -0.0239701 -0.4431627 -0.0108803 0.8960546
56.170220 7.9104562 -0.4354647 5.7999730 -0.0239429 -0.4689286 -0.0122887 0.8828260
56.274310 7.8955784 -0.4348792 5.8061638 -0.0225973 -0.4935129 -0.0142178 0.8693286
56.378550 7.8804154 -0.4344142 5.8116055 -0.0209175 -0.5178822 -0.0161180 0.8550442
56.482840 7.8650951 -0.4338367 5.8163700 -0.0196038 -0.5412052 -0.0165422 0.8404992
56.691300 7.8333869 -0.4325954 5.8237848 -0.0170061 -0.5829106 -0.0171203 0.8121779
56.900200 7.8013978 -0.4318935 5.8283401 -0.0136495 -0.6163694 -0.0192313 0.7871039
57.004560 7.7844849 -0.4312771 5.8306036 -0.0139070 -0.6298786 -0.0176315 0.7763689
57.109200 7.7670779 -0.4303316 5.8331175 -0.0165743 -0.6416962 -0.0145099 0.7666425
57.213710 7.7491074 -0.4296376 5.8347688 -0.0187125 -0.6510137 -0.0135746 0.7587139
57.422830 7.7103066 -0.4284217 5.8364005 -0.0170222 -0.6667842 -0.0187764 0.7448198
57.527320 7.6887360 -0.4280156 5.8365984 -0.0166875 -0.6720683 -0.0214185 0.7399912
57.736570 7.6400580 -0.4252989 5.8310332 -0.0154356 -0.6800616 -0.0177951 0.7327765
57.945060 7.5990191 -0.4245088 5.8344374 -0.0164323 -0.6932452 -0.0117975 0.7204179
58.153820 7.5589738 -0.4243325 5.8418775 -0.0183203 -0.7074595 -0.0147031 0.7063634
58.362580 7.5047331 -0.4213353 5.8376918 -0.0159067 -0.7156919 -0.0185264 0.6979892
58.571560 7.4497991 -0.4191748 5.8354177 -0.0154205 -0.7202693 -0.0197085 0.6932430
58.780440 7.3916311 -0.4166161 5.8328085 -0.0140205 -0.7225534 -0.0215290 0.6908376
58.989420 7.3285980 -0.4139038 5.8285732 -0.0097830 -0.7220579 -0.0247991 0.6913188
59.198420 7.2624259 -0.4112028 5.8257303 -0.0062702 -0.7170717 -0.0281943 0.6964008
59.407510 7.1934667 -0.4083336 5.8248153 -0.0048326 -0.7104490 -0.0299574 0.7030942
59.616490 7.1219463 -0.4053852 5.8250918 -0.0026925 -0.7034716 -0.0317515 0.7100087
59.824920 7.0473337 -0.4023313 5.8268747 -0.0010757 -0.6960171 -0.0330277 0.7172644
60.033570 6.9705310 -0.3995674 5.8301921 -0.0012167 -0.6882975 -0.0350765 0.7245790
60.346310 6.8524461 -0.3947421 5.8384748 -0.0021175 -0.6783878 -0.0372240 0.7337574
60.658910 6.7348776 -0.3905301 5.8493166 -0.0033380 -0.6719849 -0.0358881 0.7396872
61.075690 6.5778198 -0.3848641 5.8646822 -0.0025037 -0.6696367 -0.0353729 0.7418417
61.388180 6.4589524 -0.3807209 5.8768578 -0.0020341 -0.6687732 -0.0360558 0.7425889
61.700910 6.3408952 -0.3764779 5.8887162 -0.0009079 -0.6690238 -0.0370128 0.7423183
61.909070 6.2624817 -0.3740806 5.8963099 -0.0000535 -0.6696436 -0.0355808 0.7418298
62.117440 6.1840658 -0.3711946 5.9037519 -0.0013009 -0.6700029 -0.0377676 0.7413960
62.221590 6.1449623 -0.3699261 5.9074206 -0.0023392 -0.6702222 -0.0384524 0.7411600
62.429920 6.0673208 -0.3669648 5.9146442 -0.0012290 -0.6703612 -0.0384189 0.7410386
62.534220 6.0282960 -0.3652553 5.9183726 -0.0009464 -0.6703603 -0.0382411 0.7410492
62.742660 5.9516840 -0.3625824 5.9260077 -0.0013095 -0.6694832 -0.0389411 0.7418046
62.951190 5.8755293 -0.3598844 5.9337449 -0.0011435 -0.6681876 -0.0391619 0.7429605
63.159760 5.8004427 -0.3571751 5.9412708 -0.0006143 -0.6673838 -0.0380803 0.7437395
63.368170 5.7253246 -0.3546292 5.9490728 -0.0001324 -0.6669981 -0.0382907 0.7440749
63.576570 5.6507320 -0.3522562 5.9571266 -0.0004888 -0.6664723 -0.0383889 0.7445406
63.889570 5.5398822 -0.3481989 5.9693923 -0.0011799 -0.6659745 -0.0382486 0.7449924
64.097830 5.4662242 -0.3458391 5.9773417 -0.0001336 -0.6657839 -0.0364327 0.7452546
64.306310 5.3927813 -0.3433496 5.9855490 0.0007584 -0.6653703 -0.0363167 0.7456292
64.515140 5.3179431 -0.3411342 5.9940214 -0.0001880 -0.6645907 -0.0362647 0.7463270
64.723370 5.2437530 -0.3385910 6.0021234 -0.0003690 -0.6638175 -0.0362408 0.7470160
64.931710 5.1679749 -0.3357046 6.0114260 -0.0040497 -0.6629093 -0.0349660 0.7478718
65.140170 5.0922475 -0.3332774 6.0201321 -0.0022329 -0.6623678 -0.0346909 0.7483718
65.349010 5.0153904 -0.3304956 6.0294261 -0.0004708 -0.6621825 -0.0329748 0.7486166
65.557260 4.9382658 -0.3284727 6.0382175 -0.0007971 -0.6631380 -0.0337786 0.7477342
65.765550 4.8603473 -0.3256901 6.0468831 -0.0020316 -0.6657266 -0.0326093 0.7454801
65.973960 4.7813668 -0.3234439 6.0546398 -0.0021655 -0.6692939 -0.0329659 0.7422629
66.182330 4.7018981 -0.3207561 6.0619740 -0.0027456 -0.6732637 -0.0342038 0.7386059
66.495070 4.5830135 -0.3169460 6.0710287 0.0004854 -0.6767030 -0.0333582 0.7354999
66.703570 4.5022912 -0.3147588 6.0770292 0.0010277 -0.6772609 -0.0315661 0.7350647
66.911930 4.4218068 -0.3126100 6.0836520 -0.0021467 -0.6779119 -0.0303830 0.7345119
67.120480 4.3404884 -0.3099495 6.0895138 -0.0051509 -0.6784401 -0.0320720 0.7339372
67.433190 4.2207952 -0.3053042 6.0983090 -0.0051855 -0.6789594 -0.0339244 0.7333732
67.745940 4.1011715 -0.3012947 6.1064982 -0.0034097 -0.6794558 -0.0340014 0.7329203
67.954300 4.0217366 -0.2984976 6.1118960 -0.0017329 -0.6797993 -0.0344133 0.7325883
68.266970 3.9028673 -0.2947311 6.1200223 -0.0017668 -0.6799322 -0.0340172 0.7324834
68.475450 3.8239682 -0.2923103 6.1254268 -0.0015800 -0.6796873 -0.0337084 0.7327253
68.787950 3.7055383 -0.2886634 6.1336136 -0.0018209 -0.6796206 -0.0347299 0.7327390
68.996320 3.6263747 -0.2861073 6.1390910 -0.0006287 -0.6794516 -0.0347205 0.7328981
69.204680 3.5475805 -0.2834934 6.1445069 -0.0015979 -0.6794769 -0.0359619 0.7328134
69.413100 3.4686923 -0.2807541 6.1500502 -0.0018270 -0.6795980 -0.0367915 0.7326592
69.621360 3.3903735 -0.2782023 6.1553497 -0.0015162 -0.6799570 -0.0365690 0.7323380
69.829670 3.3125768 -0.2755368 6.1606297 -0.0004599 -0.6803335 -0.0386376 0.7318833
70.142350 3.1968513 -0.2715318 6.1677318 0.0062497 -0.6793442 -0.0381652 0.7327999
70.350780 3.1193345 -0.2695376 6.1735177 0.0044241 -0.6776704 -0.0396139 0.7342847
70.559170 3.0420351 -0.2670805 6.1797314 0.0024440 -0.6760733 -0.0400419 0.7357415
70.871920 2.9262662 -0.2630759 6.1892776 0.0019099 -0.6735309 -0.0408990 0.7380242
71.184470 2.8106980 -0.2591943 6.1997924 0.0045686 -0.6715515 -0.0389537 0.7399191
71.496920 2.6945903 -0.2561289 6.2105494 0.0046942 -0.6709987 -0.0384509 0.7404460
71.809460 2.5781822 -0.2527944 6.2217684 0.0020848 -0.6713541 -0.0367234 0.7402235
72.121920 2.4610696 -0.2486565 6.2324381 -0.0018046 -0.6722421 -0.0393661 0.7392818
72.434620 2.3445199 -0.2448435 6.2428727 0.0013112 -0.6717099 -0.0345549 0.7400068
72.747080 2.2271290 -0.2412831 6.2537789 -0.0012013 -0.6714008 -0.0349036 0.7402711
73.059560 2.1099527 -0.2371931 6.2645383 -0.0020752 -0.6728596 -0.0352118 0.7389288
73.372080 1.9917970 -0.2333779 6.2745609 -0.0046385 -0.6761707 -0.0336652 0.7359608
73.684600 1.8742766 -0.2293837 6.2832928 -0.0042406 -0.6792174 -0.0327259 0.7331949
73.997240 1.7561536 -0.2252734 6.2914195 -0.0038281 -0.6815165 -0.0335238 0.7310244
74.309810 1.6379554 -0.2209376 6.2986383 -0.0032136 -0.6823040 -0.0347731 0.7302341
74.518190 1.5591427 -0.2182460 6.3032908 -0.0027490 -0.6826606 -0.0339451 0.7299416
74.726710 1.4806448 -0.2156062 6.3078260 -0.0037845 -0.6832355 -0.0337434 0.7294082
74.935080 1.4028811 -0.2132583 6.3127146 -0.0047118 -0.6843416 -0.0338782 0.7283589
75.143430 1.3255115 -0.2107923 6.3172984 -0.0047045 -0.6855368 -0.0327144 0.7272874
75.351710 1.2490685 -0.2078951 6.3210864 -0.0047763 -0.6867252 -0.0316516 0.7262120
75.560080 1.1732857 -0.2059000 6.3244328 -0.0031707 -0.6884511 -0.0281386 0.7247298
75.768340 1.0970232 -0.2038126 6.3277669 -0.0027659 -0.6900482 -0.0271305 0.7232494
75.976580 1.0216677 -0.2018751 6.3309383 -0.0059413 -0.6917125 -0.0283854 0.7215905
76.185000 0.9465647 -0.1996413 6.3334804 -0.0056068 -0.6921380 -0.0292616 0.7211500
76.393300 0.8721002 -0.1974309 6.3361592 -0.0053625 -0.6920400 -0.0304472 0.7211968
76.601900 0.7977525 -0.1949810 6.3384323 -0.0058096 -0.6918097 -0.0325876 0.7213207
76.810120 0.7241313 -0.1924863 6.3410797 -0.0050953 -0.6921518 -0.0321438 0.7210178
77.018320 0.6515816 -0.1899674 6.3435664 -0.0049666 -0.6934205 -0.0330424 0.7197580
77.226680 0.5807158 -0.1875572 6.3455725 -0.0051792 -0.6946931 -0.0340088 0.7184832
77.436110 0.5110906 -0.1852469 6.3467426 -0.0045229 -0.6960039 -0.0340374 0.7172166
77.643330 0.4423952 -0.1830128 6.3482423 -0.0042185 -0.6976341 -0.0338374 0.7156423
77.851700 0.3749416 -0.1806585 6.3495541 -0.0040527 -0.6988351 -0.0338186 0.7144714
78.060100 0.3090427 -0.1785103 6.3505058 -0.0040878 -0.6999203 -0.0349456 0.7133538
78.268580 0.2454132 -0.1765289 6.3515701 -0.0035191 -0.7002913 -0.0360482 0.7129377
78.477150 0.1842125 -0.1743477 6.3524199 -0.0017760 -0.6988205 -0.0366662 0.7143545
78.685710 0.1253391 -0.1725855 6.3534441 -0.0009261 -0.6968133 -0.0361920 0.7163382
78.789980 0.0959021 -0.1715450 6.3542438 -0.0011098 -0.6957878 -0.0355834 0.7173645
78.894170 0.0670012 -0.1705139 6.3549113 -0.0008954 -0.6947418 -0.0351538 0.7183990
79.102740 0.0095358 -0.1687982 6.3568516 -0.0006476 -0.6928441 -0.0342058 0.7202754
79.311290 -0.0463541 -0.1674186 6.3589263 -0.0018138 -0.6912914 -0.0340742 0.7217699
79.521320 -0.1019630 -0.1655283 6.3612022 -0.0025923 -0.6903768 -0.0340670 0.7226428
79.624080 -0.1290388 -0.1646871 6.3624530 -0.0027633 -0.6899220 -0.0337171 0.7230928
79.832620 -0.1822638 -0.1629873 6.3647637 -0.0027486 -0.6890314 -0.0334349 0.7239546
80.249580 -0.2828923 -0.1596925 6.3698454 -0.0047064 -0.6859558 -0.0340241 0.7268320
80.458240 -0.3298422 -0.1577822 6.3729172 -0.0045320 -0.6838321 -0.0340369 0.7288310
80.875410 -0.4155221 -0.1553204 6.3790631 -0.0066816 -0.6777776 -0.0340022 0.7344499
81.083960 -0.4547196 -0.1541052 6.3829713 -0.0071400 -0.6732089 -0.0332953 0.7386679
81.396840 -0.5102147 -0.1525129 6.3896070 -0.0061901 -0.6626568 -0.0306594 0.7482697
81.709820 -0.5608699 -0.1512500 6.3980703 -0.0055784 -0.6483567 -0.0282795 0.7607908
82.336010 -0.6479560 -0.1494094 6.4202399 -0.0066283 -0.6065708 -0.0228622 0.7946731
82.649060 -0.6844182 -0.1492407 6.4342952 -0.0057513 -0.5776279 -0.0183103 0.8160746
83.588800 -0.7803173 -0.1482030 6.4956145 -0.0032701 -0.4456591 -0.0138208 0.8950901
83.901950 -0.8081853 -0.1473412 6.5253925 0.0024166 -0.3889001 -0.0109705 0.9212114
84.110770 -0.8257244 -0.1475324 6.5489392 -0.0000200 -0.3481345 -0.0080271 0.9374102
84.319310 -0.8427989 -0.1479017 6.5751619 0.0000058 -0.3056636 -0.0082696 0.9521037
84.527960 -0.8578470 -0.1483863 6.6042304 0.0010721 -0.2630263 -0.0071557 0.9647616
84.737260 -0.8720117 -0.1489601 6.6363611 0.0051832 -0.2215096 -0.0080896 0.9751109
84.944930 -0.8849199 -0.1493582 6.6724644 0.0064361 -0.1802706 -0.0112046 0.9835322
85.154250 -0.8956220 -0.1504148 6.7124510 0.0057351 -0.1372036 -0.0116496 0.9904578
85.361980 -0.9038185 -0.1512952 6.7567086 0.0074808 -0.0965144 -0.0127715 0.9952215
85.570070 -0.9092810 -0.1522608 6.8040266 0.0103665 -0.0616655 -0.0116314 0.9979752
85.778090 -0.9122341 -0.1540022 6.8543806 0.0106706 -0.0353254 -0.0091907 0.9992766
85.985830 -0.9136541 -0.1557481 6.9079542 0.0110082 -0.0200162 -0.0054138 0.9997244
86.193550 -0.9144388 -0.1574382 6.9641800 0.0104228 -0.0098400 -0.0029239 0.9998930
86.401450 -0.9146487 -0.1592175 7.0231018 0.0095905 -0.0054995 -0.0003383 0.9999388
86.608970 -0.9152253 -0.1608469 7.0840349 0.0097241 -0.0056717 0.0023263 0.9999340
86.816720 -0.9164660 -0.1625167 7.1482153 0.0089067 -0.0082736 0.0016732 0.9999247
87.024550 -0.9181725 -0.1646079 7.2135119 0.0107823 -0.0113819 0.0036434 0.9998705
87.232860 -0.9201450 -0.1668528 7.2802119 0.0121925 -0.0137229 0.0024328 0.9998285
87.440900 -0.9220859 -0.1693840 7.3476725 0.0076766 -0.0151728 0.0021374 0.9998531
87.648940 -0.9246806 -0.1714571 7.4150906 0.0066190 -0.0160372 0.0001357 0.9998495
87.857180 -0.9275575 -0.1734819 7.4827290 0.0086630 -0.0169250 -0.0019359 0.9998174
88.169700 -0.9312069 -0.1767264 7.5854864 0.0067856 -0.0182105 -0.0017938 0.9998096
88.482060 -0.9355392 -0.1800119 7.6879473 0.0052391 -0.0209576 -0.0003443 0.9997666
88.794690 -0.9403871 -0.1825093 7.7901893 0.0030086 -0.0240027 -0.0004788 0.9997073
89.107430 -0.9458293 -0.1849641 7.8912983 0.0027831 -0.0267750 -0.0001819 0.9996376
89.419930 -0.9517181 -0.1875410 7.9889541 0.0064043 -0.0284056 0.0000940 0.9995760
89.732690 -0.9575912 -0.1903062 8.0843115 0.0027529 -0.0277754 -0.0009091 0.9996100
90.149600 -0.9648399 -0.1935101 8.2025280 0.0051826 -0.0286248 -0.0024183 0.9995739
90.462220 -0.9699084 -0.1959456 8.2835236 0.0021582 -0.0319876 -0.0020711 0.9994838
90.879050 -0.9773177 -0.1980802 8.3782520 0.0041990 -0.0380113 -0.0021136 0.9992663
91.087510 -0.9807391 -0.1996016 8.4204102 0.0040048 -0.0398992 -0.0021631 0.9991934
91.400350 -0.9851384 -0.2009711 8.4781542 0.0042251 -0.0340241 -0.0034344 0.9994062
91.713820 -0.9869562 -0.2028919 8.5326061 0.0050667 -0.0155515 -0.0053888 0.9998517
91.922450 -0.9860156 -0.2040002 8.5683527 0.0053695 0.0035750 -0.0044394 0.9999694
92.131240 -0.9833591 -0.2053641 8.6028366 0.0094496 0.0278203 -0.0055039 0.9995531
92.340330 -0.9784039 -0.2068839 8.6365223 0.0118856 0.0591651 -0.0055614 0.9981620
92.549480 -0.9698956 -0.2082052 8.6691504 0.0119902 0.0948999 -0.0016588 0.9954132
92.758490 -0.9593267 -0.2094103 8.6994534 0.0120758 0.1336910 0.0054312 0.9909346
92.968320 -0.9466355 -0.2109087 8.7282391 0.0105933 0.1740222 0.0115445 0.9846171
93.176360 -0.9324458 -0.2125517 8.7560577 0.0115741 0.2177178 0.0095605 0.9758963
93.385200 -0.9156058 -0.2136596 8.7820644 0.0169030 0.2629287 0.0071134 0.9646410
93.594110 -0.8950331 -0.2147830 8.8065405 0.0214904 0.3082124 0.0117604 0.9510021
93.802820 -0.8724155 -0.2158692 8.8305531 0.0224741 0.3553793 0.0064218 0.9344299
94.011550 -0.8477573 -0.2178240 8.8534317 0.0161320 0.4016738 -0.0041581 0.9156313
94.220100 -0.8186972 -0.2194842 8.8726444 0.0204206 0.4481187 0.0004916 0.8937407
94.428710 -0.7867715 -0.2204710 8.8899488 0.0232582 0.4948616 -0.0012693 0.8686596
94.639870 -0.7515459 -0.2223756 8.9061785 0.0166173 0.5394240 -0.0084587 0.8418278
94.845720 -0.7126732 -0.2248439 8.9188375 0.0139368 0.5794164 -0.0067239 0.8148848
95.054000 -0.6705097 -0.2262953 8.9285107 0.0188850 0.6117142 -0.0050508 0.7908372
95.262120 -0.6255164 -0.2279123 8.9366455 0.0190108 0.6366511 -0.0055204 0.7708979
95.469850 -0.5771684 -0.2301545 8.9429417 0.0146986 0.6570881 -0.0035882 0.7536619
95.677890 -0.5254949 -0.2319014 8.9477119 0.0134055 0.6756713 -0.0055434 0.7370602
95.885910 -0.4710280 -0.2336691 8.9492693 0.0180532 0.6904982 -0.0033297 0.7231011
96.093730 -0.4135585 -0.2355932 8.9500856 0.0150635 0.7027811 -0.0012662 0.7112455
96.301480 -0.3528689 -0.2378513 8.9495296 0.0137325 0.7114363 0.0002034 0.7026164
96.509210 -0.2904564 -0.2392131 8.9471378 0.0188607 0.7152979 0.0024541 0.6985607
96.717080 -0.2240706 -0.2413169 8.9460306 0.0163873 0.7174578 0.0035293 0.6964003
96.924880 -0.1562371 -0.2434366 8.9439678 0.0156706 0.7182420 0.0030424 0.6956102
97.132730 -0.0867481 -0.2452577 8.9417372 0.0156558 0.7189002 0.0059683 0.6949113
97.340580 -0.0173980 -0.2472755 8.9396667 0.0151017 0.7171296 0.0080592 0.6967296
97.548460 0.0520355 -0.2492483 8.9384098 0.0169317 0.7147781 0.0076375 0.6991047
97.756480 0.1221535 -0.2510207 8.9376907 0.0161377 0.7124172 0.0083221 0.7015213
97.964520 0.1922254 -0.2530817 8.9374266 0.0171344 0.7103006 0.0071295 0.7036537
98.173950 0.2633431 -0.2549590 8.9373236 0.0162721 0.7086142 0.0056265 0.7053861
98.380720 0.3349625 -0.2570440 8.9381914 0.0120947 0.7073401 0.0046139 0.7067549
98.693070 0.4428019 -0.2599372 8.9394817 0.0117226 0.7061914 0.0011229 0.7079231
98.901370 0.5141127 -0.2625372 8.9398661 0.0103534 0.7060571 0.0012562 0.7080780
99.109590 0.5854762 -0.2647013 8.9400778 0.0104832 0.7062250 0.0025021 0.7079054
99.317990 0.6569028 -0.2667911 8.9404898 0.0100845 0.7067077 0.0023346 0.7074299
99.526340 0.7272800 -0.2690415 8.9408665 0.0079013 0.7077324 0.0009903 0.7064357
99.734760 0.7980545 -0.2707948 8.9410543 0.0067733 0.7094337 -0.0001695 0.7047396
99.943090 0.8680154 -0.2724724 8.9409781 0.0031169 0.7109256 0.0003455 0.7032602
100.151300 0.9372258 -0.2743289 8.9403114 0.0008922 0.7118028 0.0016218 0.7023768
100.359800 1.0054303 -0.2756630 8.9396696 0.0045806 0.7120762 -0.0000373 0.7020873
100.568000 1.0734246 -0.2774241 8.9388933 0.0062511 0.7119965 -0.0008718 0.7021546
100.776300 1.1407568 -0.2793799 8.9381113 0.0054151 0.7126417 -0.0016470 0.7015054
100.985100 1.2080760 -0.2808469 8.9373808 0.0036179 0.7136855 -0.0011090 0.7004561
101.193100 1.2740251 -0.2827667 8.9364557 0.0017354 0.7148338 -0.0007867 0.6992918
101.401500 1.3395772 -0.2841667 8.9353199 0.0034255 0.7151709 -0.0017311 0.6989391
101.714000 1.4375188 -0.2866962 8.9336205 0.0022589 0.7145554 -0.0005770 0.6995749
101.922300 1.5019164 -0.2880238 8.9331074 -0.0002495 0.7141493 -0.0009322 0.6999928
102.130600 1.5659275 -0.2894267 8.9320726 0.0015261 0.7140413 -0.0010753 0.7001011
102.339000 1.6290592 -0.2906910 8.9312801 0.0018321 0.7143635 -0.0029382 0.6997663
102.547400 1.6921314 -0.2923204 8.9299641 0.0024756 0.7142615 -0.0008242 0.6998740
102.755600 1.7538333 -0.2942449 8.9290180 0.0089959 0.7140070 -0.0080230 0.7000349
102.964100 1.8153360 -0.2963713 8.9275770 0.0120776 0.7134084 -0.0062349 0.7006167
103.172400 1.8765682 -0.2989081 8.9272480 0.0071857 0.7120844 -0.0031127 0.7020502
103.380700 1.9370089 -0.3008621 8.9267883 0.0067110 0.7107787 -0.0019189 0.7033811
103.589200 1.9969026 -0.3025810 8.9273090 0.0025856 0.7106186 -0.0053370 0.7035524
103.797500 2.0559680 -0.3045233 8.9270182 0.0022956 0.7112907 -0.0071457 0.7028579
104.006000 2.1149309 -0.3063715 8.9267712 0.0009733 0.7124689 -0.0077468 0.7016602
104.214400 2.1729736 -0.3081010 8.9256811 0.0016646 0.7132437 -0.0055985 0.7008919
104.422700 2.2295303 -0.3096023 8.9251041 0.0007000 0.7132359 -0.0057218 0.7009003
104.630800 2.2850997 -0.3113886 8.9248724 0.0009702 0.7125777 -0.0075511 0.7015519
104.839200 2.3401315 -0.3131327 8.9242887 0.0025365 0.7121274 -0.0092826 0.7019843
105.047500 2.3943574 -0.3150215 8.9239578 0.0024485 0.7119541 -0.0088825 0.7021656
105.360200 2.4752336 -0.3176376 8.9235315 0.0008608 0.7121950 -0.0077516 0.7019383
105.568600 2.5280945 -0.3193404 8.9226837 0.0011715 0.7141106 -0.0074873 0.6999919
105.777200 2.5806782 -0.3212567 8.9217739 -0.0007591 0.7158694 -0.0075015 0.6981936
105.985600 2.6331284 -0.3229050 8.9198837 0.0030670 0.7187290 -0.0079290 0.6952384
106.194200 2.6872125 -0.3244121 8.9178286 0.0035382 0.7231616 -0.0108199 0.6905850
106.402800 2.7417507 -0.3264005 8.9148951 0.0028853 0.7267866 -0.0099536 0.6867851
106.611300 2.7983141 -0.3280146 8.9110498 0.0045515 0.7308915 -0.0095364 0.6824118
106.819700 2.8562398 -0.3298736 8.9070768 0.0016741 0.7351351 -0.0093576 0.6778539
107.028200 2.9159117 -0.3317037 8.9015093 0.0028006 0.7385944 -0.0067947 0.6741100
107.236600 2.9771361 -0.3332535 8.8954363 0.0058478 0.7423335 -0.0086899 0.6699486
107.445000 3.0407281 -0.3350336 8.8882446 0.0076613 0.7451512 -0.0070972 0.6668139
107.653400 3.1068223 -0.3368755 8.8804960 0.0068058 0.7475325 -0.0035962 0.6641806
107.861600 3.1748662 -0.3386596 8.8722324 0.0071873 0.7486048 0.0000458 0.6629775
108.174000 3.2801175 -0.3411742 8.8596668 0.0111170 0.7485598 0.0005971 0.6629738
108.382200 3.3534770 -0.3428664 8.8511972 0.0141268 0.7477054 0.0030048 0.6638735
108.694500 3.4675272 -0.3455972 8.8380156 0.0174845 0.7434768 0.0080288 0.6684849
108.902600 3.5459855 -0.3472607 8.8307323 0.0172380 0.7402591 0.0083834 0.6720485
109.110700 3.6259151 -0.3490295 8.8239546 0.0182322 0.7368456 0.0076845 0.6757715
109.318900 3.7076304 -0.3513769 8.8180399 0.0166596 0.7335798 0.0083946 0.6793472
109.527200 3.7897496 -0.3537739 8.8124561 0.0208129 0.7316564 0.0031061 0.6813487
109.735500 3.8724723 -0.3567846 8.8069572 0.0209955 0.7306713 0.0039170 0.6823953
110.047800 3.9972503 -0.3610924 8.7993546 0.0184399 0.7296962 0.0107670 0.6834381
110.256100 4.0795889 -0.3633759 8.7941628 0.0178032 0.7290729 0.0107532 0.6841200
110.568500 4.2029133 -0.3669390 8.7871275 0.0201291 0.7280169 0.0088730 0.6852062
110.881000 4.3263478 -0.3710095 8.7810974 0.0200549 0.7264646 0.0064809 0.6868806
111.193300 4.4482760 -0.3751347 8.7757368 0.0170375 0.7238731 0.0082101 0.6896739
111.505700 4.5699162 -0.3786330 8.7711916 0.0158154 0.7213381 0.0071513 0.6923656
111.714100 4.6494517 -0.3811199 8.7690439 0.0111642 0.7201832 0.0055586 0.6936719
111.922300 4.7288957 -0.3832314 8.7669744 0.0094197 0.7200804 0.0026153 0.6938217
112.130600 4.8071060 -0.3859985 8.7644405 0.0112018 0.7202849 -0.0003353 0.6935878
112.338800 4.8848677 -0.3884881 8.7617083 0.0140277 0.7202831 -0.0008245 0.6935379
112.547100 4.9622989 -0.3913617 8.7594538 0.0097969 0.7212712 0.0007671 0.6925830
112.755500 5.0388212 -0.3939462 8.7565241 0.0076117 0.7226560 -0.0002650 0.6911660
112.964100 5.1148353 -0.3958013 8.7535324 0.0064268 0.7251832 -0.0011828 0.6885250
113.172100 5.1903095 -0.3979931 8.7495365 0.0054388 0.7280985 -0.0016477 0.6854490
113.484600 5.3027029 -0.4010861 8.7426138 0.0065993 0.7326689 -0.0036595 0.6805434
113.797100 5.4147549 -0.4045681 8.7332869 0.0057185 0.7398815 -0.0032334 0.6727052
114.005500 5.4892902 -0.4067730 8.7255564 0.0041132 0.7460306 -0.0005849 0.6658987
114.213900 5.5639777 -0.4082797 8.7163000 0.0030335 0.7521867 -0.0012253 0.6589419
114.423500 5.6383305 -0.4098762 8.7053165 0.0037242 0.7581433 -0.0002109 0.6520773
114.630800 5.7122755 -0.4118419 8.6932058 0.0058673 0.7647469 -0.0007258 0.6443037
114.943300 5.8230801 -0.4146695 8.6712990 0.0090338 0.7749494 0.0026543 0.6319532
115.151800 5.8971901 -0.4163886 8.6547947 0.0126583 0.7796094 0.0054730 0.6261142
115.463800 6.0074873 -0.4191945 8.6286631 0.0190153 0.7817099 0.0091942 0.6232845
115.672000 6.0808730 -0.4209029 8.6121597 0.0235800 0.7798382 0.0105802 0.6254474
115.879800 6.1546140 -0.4229105 8.5962257 0.0251363 0.7757332 0.0165427 0.6303431
116.087800 6.2281656 -0.4246726 8.5814695 0.0254718 0.7720028 0.0209060 0.6347644
116.295900 6.3015337 -0.4263770 8.5675240 0.0294153 0.7682835 0.0185468 0.6391644
116.504000 6.3748069 -0.4285921 8.5550919 0.0308721 0.7645684 0.0168942 0.6435811
116.712100 6.4487610 -0.4306506 8.5436430 0.0277534 0.7601158 0.0186752 0.6489260
116.920200 6.5216889 -0.4326952 8.5329847 0.0278269 0.7561032 0.0189249 0.6535866
117.232900 6.6286378 -0.4358768 8.5182629 0.0301791 0.7541392 0.0164372 0.6558148
117.441200 6.6981502 -0.4380576 8.5086937 0.0276837 0.7536876 0.0210540 0.6563119
117.649600 6.7643418 -0.4400651 8.4996033 0.0255163 0.7531397 0.0236661 0.6569394
117.858100 6.8286419 -0.4413442 8.4908895 0.0297410 0.7528613 0.0206292 0.6571833
118.066500 6.8931985 -0.4429444 8.4823742 0.0300819 0.7529053 0.0180997 0.6571918
118.275000 6.9577222 -0.4448127 8.4737358 0.0293946 0.7536083 0.0199159 0.6563641
118.483500 7.0223985 -0.4462970 8.4648876 0.0273929 0.7546488 0.0243543 0.6551043
118.692000 7.0857944 -0.4474554 8.4555340 0.0299114 0.7553838 0.0267086 0.6540544
118.900700 7.1484194 -0.4489497 8.4466038 0.0348478 0.7551109 0.0222711 0.6542913
119.109400 7.2107334 -0.4506707 8.4377823 0.0351640 0.7532465 0.0230679 0.6563924
119.317100 7.2725010 -0.4523537 8.4302759 0.0318593 0.7503940 0.0247967 0.6597567
119.525400 7.3340015 -0.4540405 8.4232006 0.0305839 0.7477534 0.0235928 0.6628520
119.733800 7.3938780 -0.4557935 8.4162169 0.0328529 0.7453360 0.0227108 0.6654917
119.942000 7.4548607 -0.4571685 8.4101429 0.0309838 0.7437493 0.0245565 0.6672885
120.254600 7.5428829 -0.4592631 8.4012251 0.0300213 0.7423960 0.0239248 0.6688606
120.567200 7.6245680 -0.4613962 8.3935452 0.0284001 0.7425212 0.0184274 0.6689665
120.775700 7.6769304 -0.4628189 8.3885279 0.0251773 0.7426850 0.0209805 0.6688385
121.088200 7.7474594 -0.4649861 8.3813047 0.0234228 0.7428808 0.0193835 0.6687330
121.505100 7.8287830 -0.4674115 8.3738308 0.0257205 0.7420000 0.0161465 0.6697117
121.922200 7.8990955 -0.4701438 8.3663864 0.0266739 0.7438059 0.0125118 0.6677459
122.339400 7.9645391 -0.4724617 8.3585358 0.0277376 0.7504249 0.0123243 0.6602585
122.757700 8.0205584 -0.4745818 8.3498163 0.0277643 0.7563737 0.0147239 0.6533844
123.278000 8.0794640 -0.4766582 8.3393860 0.0300276 0.7633193 0.0151778 0.6451446
123.799400 8.1361780 -0.4786117 8.3280430 0.0294071 0.7734235 0.0141269 0.6330496
124.112400 8.1698685 -0.4795752 8.3196259 0.0305520 0.7839648 0.0115709 0.6199451
124.425200 8.2046413 -0.4806421 8.3090935 0.0296471 0.7978681 0.0092821 0.6020311
124.738300 8.2412643 -0.4816684 8.2966557 0.0283040 0.8142386 0.0076957 0.5797889
125.051200 8.2796688 -0.4831937 8.2802820 0.0271781 0.8338771 0.0048086 0.5512596
125.364500 8.3205967 -0.4843940 8.2590275 0.0233228 0.8567080 0.0022647 0.5152691
125.677400 8.3624039 -0.4858653 8.2312889 0.0219580 0.8810374 0.0048576 0.4725118
125.886700 8.3904076 -0.4867757 8.2091160 0.0208396 0.8972526 0.0056168 0.4409897
126.094600 8.4181166 -0.4870971 8.1833143 0.0209127 0.9128945 0.0068725 0.4076015
126.303100 8.4448624 -0.4875472 8.1544876 0.0184948 0.9275799 0.0080204 0.3730804
126.511700 8.4700480 -0.4877061 8.1224480 0.0173546 0.9411162 0.0078338 0.3375466
126.720300 8.4940557 -0.4878306 8.0871067 0.0183907 0.9531799 0.0079284 0.3017399
126.928800 8.5166454 -0.4881552 8.0483370 0.0183130 0.9632981 0.0079120 0.2676915
127.137100 8.5385227 -0.4883415 8.0061312 0.0177201 0.9723107 0.0083720 0.2328686
127.345600 8.5574493 -0.4881737 7.9611940 0.0160051 0.9802778 0.0114181 0.1966438
127.554100 8.5731668 -0.4878435 7.9127016 0.0175705 0.9870114 0.0170352 0.1587751
127.762600 8.5861073 -0.4870058 7.8610706 0.0150957 0.9925897 0.0176542 0.1192739
127.971300 8.5940971 -0.4857832 7.8081064 0.0202796 0.9964437 0.0173120 0.0799315
128.179700 8.5985441 -0.4851049 7.7530022 0.0211932 0.9988762 0.0139844 0.0400208
128.387800 8.5989704 -0.4842807 7.6964426 0.0236635 0.9996576 0.0093678 0.0060759
128.596100 8.5960808 -0.4835234 7.6376200 0.0256724 0.9993355 0.0106125 -0.0235991
128.804200 8.5903702 -0.4828606 7.5774455 0.0253926 0.9984130 0.0127559 -0.0486210
129.012400 8.5819979 -0.4816583 7.5160227 0.0245359 0.9971994 0.0144047 -0.0691663
129.220400 8.5712481 -0.4802818 7.4533157 0.0225260 0.9955986 0.0185646 -0.0890581
129.428500 8.5579567 -0.4778376 7.3901978 0.0199689 0.9935844 0.0234709 -0.1088135
129.636700 8.5418024 -0.4754877 7.3264360 0.0160144 0.9915340 0.0244851 -0.1265085
129.948900 8.5142403 -0.4721881 7.2295132 0.0137660 0.9890044 0.0151972 -0.1464579
130.156900 8.4927340 -0.4702926 7.1634703 0.0170411 0.9877007 0.0174021 -0.1544477
130.365000 8.4705019 -0.4684795 7.0967383 0.0212118 0.9867143 0.0163346 -0.1602440
130.573100 8.4477568 -0.4668459 7.0292878 0.0216169 0.9861055 0.0153447 -0.1639916
130.784300 8.4243727 -0.4653901 6.9621725 0.0235500 0.9858187 0.0147502 -0.1654969
130.989400 8.4009638 -0.4638971 6.8937497 0.0257872 0.9860266 0.0148958 -0.1639047
131.197300 8.3782539 -0.4625395 6.8258724 0.0288199 0.9866152 0.0153876 -0.1597592
131.405400 8.3567047 -0.4608104 6.7577929 0.0298725 0.9875551 0.0164099 -0.1535356
131.717500 8.3264570 -0.4587347 6.6558805 0.0303387 0.9890047 0.0165346 -0.1437912
132.029800 8.2989311 -0.4563380 6.5556026 0.0304239 0.9902385 0.0173759 -0.1349081
132.342200 8.2735863 -0.4541191 6.4601469 0.0297057 0.9910093 0.0189911 -0.1290639
132.654900 8.2501307 -0.4521107 6.3711309 0.0279153 0.9911928 0.0181510 -0.1281719
132.967600 8.2284613 -0.4505196 6.2892632 0.0279092 0.9908802 0.0185752 -0.1305084
133.280500 8.2079811 -0.4490948 6.2118888 0.0267926 0.9900296 0.0185514 -0.1370381
133.698000 8.1780758 -0.4473186 6.1162696 0.0254155 0.9871838 0.0183705 -0.1564760
134.011100 8.1527166 -0.4457192 6.0500727 0.0255306 0.9819672 0.0186871 -0.1863851
134.324600 8.1227646 -0.4441146 5.9899149 0.0228269 0.9721872 0.0180572 -0.2323897
134.638300 8.0865803 -0.4426388 5.9364767 0.0220306 0.9552982 0.0147218 -0.2944540
134.951900 8.0431595 -0.4407141 5.8900790 0.0214386 0.9311091 0.0135290 -0.3638586
135.160700 8.0110512 -0.4396781 5.8634505 0.0188322 0.9103018 0.0167513 -0.4131772
135.369500 7.9769793 -0.4386835 5.8411174 0.0181490 0.8872799 0.0176539 -0.4605360
135.578300 7.9399838 -0.4368172 5.8226218 -0.0173692 -0.8616572 -0.0184524 0.5068576
135.787000 7.9005713 -0.4352135 5.8061190 -0.0140628 -0.8337277 -0.0224072 0.5515418
135.995500 7.8616714 -0.4343323 5.7971888 -0.0138754 -0.8055648 -0.0220471 0.5919349
136.308100 7.7987213 -0.4322686 5.7933745 -0.0137809 -0.7677739 -0.0246840 0.6400968
136.620200 7.7133002 -0.4269925 5.7733111 -0.0137813 -0.7316881 -0.0284251 0.6809071
137.035900 7.6211367 -0.4245377 5.7832098 -0.0068074 -0.7083493 -0.0279682 0.7052749
150.471300 2.3951826 -0.2470185 6.2515635 -0.0065847 -0.6689209 -0.0328852 0.7425767
157.242100 -0.1916390 -0.1634883 6.3863268 -0.0075902 -0.6529264 -0.0286795 0.7568401
157.658800 -0.2943284 -0.1604216 6.4023438 -0.0140854 -0.6505647 -0.0235591 0.7589546
158.075300 -0.3885906 -0.1570772 6.4159269 -0.0186443 -0.6565798 -0.0209309 0.7537355
158.700300 -0.5046934 -0.1535574 6.4294620 -0.0195483 -0.6667839 -0.0185601 0.7447634
159.221300 -0.5748048 -0.1513906 6.4356012 -0.0162462 -0.6736521 -0.0173774 0.7386657
159.742600 -0.6240460 -0.1504802 6.4388418 -0.0140925 -0.6779122 -0.0176890 0.7347949
160.159400 -0.6564109 -0.1496911 6.4409399 -0.0127686 -0.6807877 -0.0152982 0.7322096
160.680800 -0.6951650 -0.1488055 6.4431176 -0.0127999 -0.6844774 -0.0141319 0.7287847
161.201800 -0.7336164 -0.1478415 6.4442639 -0.0120018 -0.6888273 -0.0162318 0.7246443
161.722800 -0.7818917 -0.1471073 6.4451752 -0.0054588 -0.6950971 -0.0151384 0.7187358
162.139700 -0.8339598 -0.1459654 6.4456649 -0.0009019 -0.6990644 -0.0140350 0.7149204
162.556600 -0.9011489 -0.1445899 6.4462409 0.0005167 -0.6976932 -0.0181572 0.7161664
162.973500 -0.9814245 -0.1424962 6.4485993 -0.0084588 -0.6960907 -0.0234091 0.7175223
163.390600 -1.0728652 -0.1396873 6.4516788 -0.0109161 -0.6969562 -0.0179432 0.7168061
163.807300 -1.1769495 -0.1356994 6.4540849 -0.0170457 -0.7005152 -0.0134004 0.7133081
164.224100 -1.2910364 -0.1327240 6.4542742 -0.0075504 -0.7031929 -0.0087840 0.7109047
164.536900 -1.3843081 -0.1307603 6.4541912 -0.0102854 -0.7043716 -0.0122555 0.7096511
164.849700 -1.4843811 -0.1287475 6.4541335 -0.0075761 -0.7054757 -0.0112000 0.7086051
165.162300 -1.5884613 -0.1266660 6.4537091 -0.0100497 -0.7060578 -0.0152379 0.7079189
165.475000 -1.6960936 -0.1244746 6.4527841 -0.0094681 -0.7054588 -0.0166017 0.7084932
165.787800 -1.8076005 -0.1213996 6.4525867 -0.0089122 -0.7035295 -0.0164638 0.7104194
165.996300 -1.8843706 -0.1198276 6.4535298 -0.0097064 -0.7023966 -0.0171733 0.7115124
166.308900 -2.0009003 -0.1169068 6.4540987 -0.0104389 -0.7010436 -0.0157311 0.7128685
166.621500 -2.1197059 -0.1141631 6.4553280 -0.0109952 -0.7014421 -0.0156195 0.7124704
166.829900 -2.2001894 -0.1124954 6.4557667 -0.0089221 -0.7021719 -0.0167516 0.7117545
167.038400 -2.2811928 -0.1104179 6.4562249 -0.0081862 -0.7026401 -0.0169017 0.7112976
167.246600 -2.3623292 -0.1088031 6.4565992 -0.0094113 -0.7028714 -0.0186863 0.7110092
167.351000 -2.4030156 -0.1077646 6.4569731 -0.0100404 -0.7027681 -0.0181116 0.7111174
167.559000 -2.4848459 -0.1057274 6.4572616 -0.0116770 -0.7023814 -0.0184747 0.7114652
167.663200 -2.5265136 -0.1045964 6.4578037 -0.0116942 -0.7024953 -0.0186417 0.7113481
167.871500 -2.6080110 -0.1023886 6.4577284 -0.0091225 -0.7023585 -0.0196151 0.7114946
168.079800 -2.6891093 -0.1008035 6.4580908 -0.0059629 -0.7024005 -0.0200464 0.7114746
168.288000 -2.7712357 -0.0985647 6.4580593 -0.0090229 -0.7023230 -0.0252196 0.7113543
168.496400 -2.8528278 -0.0957806 6.4581504 -0.0102288 -0.7022148 -0.0281824 0.7113336
168.704700 -2.9341807 -0.0933834 6.4586225 -0.0045894 -0.7023164 -0.0242470 0.7114370
168.913000 -3.0155199 -0.0916420 6.4592590 -0.0037857 -0.7019262 -0.0223517 0.7118888
169.121700 -3.0968897 -0.0897477 6.4599066 -0.0060867 -0.7015965 -0.0218694 0.7122128
169.225900 -3.1365700 -0.0889069 6.4603019 -0.0063842 -0.7016924 -0.0213453 0.7121316
169.329900 -3.1768661 -0.0879564 6.4606304 -0.0066876 -0.7017660 -0.0204894 0.7120814
169.434000 -3.2166615 -0.0871349 6.4609036 -0.0062235 -0.7020376 -0.0191812 0.7118543
169.538100 -3.2566915 -0.0862460 6.4612608 -0.0061418 -0.7024171 -0.0187736 0.7114914
169.642300 -3.2969203 -0.0854342 6.4615641 -0.0075032 -0.7027030 -0.0189834 0.7111904
169.746400 -3.3376193 -0.0845408 6.4620028 -0.0096206 -0.7031317 -0.0199359 0.7107150
169.850700 -3.3779399 -0.0834157 6.4619584 -0.0105944 -0.7031574 -0.0213516 0.7106346
169.954800 -3.4181480 -0.0825088 6.4622240 -0.0097619 -0.7035345 -0.0200623 0.7103108
170.059000 -3.4584193 -0.0812875 6.4623809 -0.0068677 -0.7038687 -0.0193829 0.7100324
170.267400 -3.5393577 -0.0793664 6.4626374 -0.0055079 -0.7042777 -0.0195231 0.7096347
170.475800 -3.6206198 -0.0772022 6.4620028 -0.0081063 -0.7042632 -0.0224599 0.7095373
170.684100 -3.7013335 -0.0755594 6.4618793 -0.0063977 -0.7048814 -0.0219231 0.7089574
170.996500 -3.8225696 -0.0727454 6.4612899 -0.0034004 -0.7066782 -0.0242114 0.7071126
171.204900 -3.9037640 -0.0707991 6.4607677 -0.0027857 -0.7089880 -0.0226895 0.7048500
171.413200 -3.9850395 -0.0694051 6.4595876 -0.0031366 -0.7105765 -0.0189803 0.7033569
171.621400 -4.0661583 -0.0683177 6.4580193 -0.0011500 -0.7122414 -0.0174631 0.7017164
171.829800 -4.1474910 -0.0673065 6.4559379 -0.0032889 -0.7136991 -0.0208366 0.7001347
172.038000 -4.2292366 -0.0656362 6.4535403 -0.0049698 -0.7150909 -0.0229974 0.6986355
172.247200 -4.3101707 -0.0639587 6.4509654 -0.0030851 -0.7169088 -0.0190003 0.6969011
172.454600 -4.3913755 -0.0627220 6.4480352 -0.0023575 -0.7188541 -0.0177725 0.6949298
172.662800 -4.4727173 -0.0616738 6.4444418 -0.0036721 -0.7206330 -0.0202751 0.6930104
172.871000 -4.5544271 -0.0602282 6.4402814 -0.0033271 -0.7222710 -0.0204069 0.6913010
173.079300 -4.6357365 -0.0588947 6.4361134 -0.0040151 -0.7241584 -0.0191114 0.6893571
173.287500 -4.7178373 -0.0574080 6.4313736 -0.0036412 -0.7258759 -0.0175509 0.6875921
173.495800 -4.7990937 -0.0562455 6.4261308 -0.0041343 -0.7271181 -0.0171974 0.6862845
173.808100 -4.9220419 -0.0545044 6.4178710 -0.0070840 -0.7288154 -0.0161692 0.6844826
174.120500 -5.0445104 -0.0522405 6.4094296 -0.0064879 -0.7305124 -0.0153902 0.6826952
174.329000 -5.1264634 -0.0512052 6.4031930 -0.0068527 -0.7312554 -0.0143611 0.6819182
174.537200 -5.2086196 -0.0498866 6.3970513 -0.0070847 -0.7320612 -0.0129999 0.6810780
174.745600 -5.2914371 -0.0485024 6.3908691 -0.0109781 -0.7320163 -0.0121337 0.6810906
174.953800 -5.3737030 -0.0471820 6.3845873 -0.0091261 -0.7322096 -0.0115218 0.6809207
175.162100 -5.4557724 -0.0460674 6.3780990 -0.0069103 -0.7318882 -0.0105032 0.6813087
175.370400 -5.5383492 -0.0451166 6.3711820 -0.0071665 -0.7319081 -0.0130609 0.6812404
175.682800 -5.6618629 -0.0432595 6.3614745 -0.0081106 -0.7324808 -0.0152796 0.6805679
175.891100 -5.7440290 -0.0417642 6.3552351 -0.0061673 -0.7330107 -0.0143101 0.6800386
176.203400 -5.8668189 -0.0405978 6.3446803 -0.0051975 -0.7330437 -0.0155568 0.6799838
176.411600 -5.9489393 -0.0392875 6.3382030 -0.0057438 -0.7331138 -0.0158351 0.6798973
176.619800 -6.0316758 -0.0377608 6.3316469 -0.0066047 -0.7328496 -0.0153206 0.6801861
176.828000 -6.1140890 -0.0366625 6.3253264 -0.0052162 -0.7330824 -0.0127141 0.6800010
177.036200 -6.1963511 -0.0356652 6.3183980 -0.0052518 -0.7329569 -0.0144874 0.6801006
177.244500 -6.2782221 -0.0344604 6.3115478 -0.0067924 -0.7329674 -0.0139136 0.6800876
177.452500 -6.3605804 -0.0334498 6.3052769 -0.0091384 -0.7335197 -0.0121505 0.6794981
177.660900 -6.4421191 -0.0324567 6.2982168 -0.0087460 -0.7336811 -0.0114411 0.6793414
177.869000 -6.5236273 -0.0313416 6.2912030 -0.0091360 -0.7337299 -0.0118600 0.6792763
178.077300 -6.6052985 -0.0298183 6.2845163 -0.0127825 -0.7337070 -0.0146212 0.6791884
178.285500 -6.6852112 -0.0289500 6.2781363 -0.0079038 -0.7337143 -0.0095508 0.6793450
178.493800 -6.7645802 -0.0284306 6.2712064 -0.0060474 -0.7333426 -0.0076264 0.6797895
178.702100 -6.8440828 -0.0273190 6.2647715 -0.0126162 -0.7328604 -0.0124284 0.6801485
178.910400 -6.9226651 -0.0260094 6.2582884 -0.0123759 -0.7329295 -0.0136504 0.6800550
179.118400 -6.9995537 -0.0252984 6.2523994 -0.0089111 -0.7329357 -0.0041182 0.6802272
179.326700 -7.0774288 -0.0246501 6.2463489 -0.0163532 -0.7339383 -0.0074465 0.6789784
179.534800 -7.1547270 -0.0226764 6.2399631 -0.0233327 -0.7335529 -0.0133107 0.6791012
179.847200 -7.2655373 -0.0210292 6.2300463 -0.0105457 -0.7337896 -0.0059960 0.6792685
180.055500 -7.3387718 -0.0204576 6.2235680 -0.0111651 -0.7339379 -0.0086828 0.6790693
180.263700 -7.4116707 -0.0192802 6.2170563 -0.0155038 -0.7339736 -0.0163485 0.6788042
180.471900 -7.4834890 -0.0176325 6.2111478 -0.0151555 -0.7347338 -0.0156972 0.6780045
180.680200 -7.5534744 -0.0161341 6.2052078 -0.0145888 -0.7349999 -0.0130022 0.6777855
180.888400 -7.6224289 -0.0146355 6.1990657 -0.0125265 -0.7346778 -0.0102893 0.6782225
181.097200 -7.6910262 -0.0137884 6.1932325 -0.0125300 -0.7335461 -0.0109319 0.6794363
181.305100 -7.7589021 -0.0127397 6.1877613 -0.0090751 -0.7328581 -0.0095066 0.6802545
181.513300 -7.8256297 -0.0123205 6.1823506 -0.0103493 -0.7329158 -0.0113622 0.6801458
181.617500 -7.8585911 -0.0120162 6.1794996 -0.0111933 -0.7331322 -0.0119410 0.6798891
181.825600 -7.9244823 -0.0111046 6.1736450 -0.0088189 -0.7345611 -0.0119662 0.6783797
182.033900 -7.9894481 -0.0103411 6.1673393 -0.0086488 -0.7368235 -0.0126793 0.6759109
182.241800 -8.0535698 -0.0092757 6.1611342 -0.0108465 -0.7395988 -0.0137809 0.6728195
182.554000 -8.1486425 -0.0079454 6.1506305 -0.0105003 -0.7450411 -0.0096864 0.6668656
182.866400 -8.2417202 -0.0065786 6.1386442 -0.0134146 -0.7515972 -0.0110439 0.6593935
183.074700 -8.3037701 -0.0058824 6.1294546 -0.0145117 -0.7561375 -0.0115235 0.6541504
183.387100 -8.3938093 -0.0044307 6.1136346 -0.0082985 -0.7601743 -0.0120637 0.6495542
183.595900 -8.4539642 -0.0034493 6.1033568 -0.0061171 -0.7604994 -0.0176799 0.6490691
183.908700 -8.5426292 -0.0017951 6.0882878 -0.0051584 -0.7594963 -0.0214331 0.6501380
184.117400 -8.6002073 -0.0007774 6.0785708 -0.0015511 -0.7579373 -0.0243555 0.6518707
184.326100 -8.6555090 0.0004098 6.0699019 0.0025017 -0.7534556 -0.0266819 0.6569524
184.430300 -8.6831417 0.0009712 6.0661707 0.0037353 -0.7493936 -0.0284107 0.6615044
184.639000 -8.7364550 0.0018037 6.0600033 0.0045623 -0.7406692 -0.0295652 0.6712036
184.847900 -8.7882719 0.0023712 6.0556684 0.0035626 -0.7323143 -0.0291388 0.6803337
185.056200 -8.8381186 0.0033719 6.0524426 0.0039588 -0.7235318 -0.0304600 0.6896073
185.264800 -8.8861532 0.0041748 6.0507531 0.0032961 -0.7132830 -0.0309229 0.7001859
185.577700 -8.9569378 0.0054522 6.0514278 0.0031974 -0.6976112 -0.0298105 0.7158490
185.890400 -9.0227661 0.0062687 6.0553551 0.0027644 -0.6812398 -0.0261836 0.7315866
186.203000 -9.0850754 0.0071644 6.0616417 0.0030251 -0.6651769 -0.0240658 0.7462918
186.515700 -9.1435995 0.0074870 6.0697346 0.0001684 -0.6501720 -0.0234708 0.7594244
186.723900 -9.1804008 0.0078938 6.0761337 -0.0002190 -0.6428665 -0.0228771 0.7656365
186.932200 -9.2154160 0.0080928 6.0826821 -0.0024503 -0.6395373 -0.0202064 0.7684906
187.140300 -9.2490082 0.0084065 6.0886688 -0.0044277 -0.6398140 -0.0196010 0.7682671
187.348300 -9.2812529 0.0090335 6.0939274 -0.0051225 -0.6433069 -0.0186767 0.7653635
187.556200 -9.3115215 0.0090852 6.0978642 -0.0073301 -0.6508448 -0.0179126 0.7589641
187.868000 -9.3534546 0.0096281 6.1015577 -0.0082030 -0.6708521 -0.0171818 0.7413468
188.283800 -9.4034653 0.0104232 6.1009703 -0.0118982 -0.7090115 -0.0166361 0.7049003
188.595700 -9.4365768 0.0110700 6.0949645 -0.0078642 -0.7449216 -0.0187902 0.6668409
188.907700 -9.4672775 0.0116368 6.0860405 -0.0046098 -0.7812089 -0.0172045 0.6240156
189.219900 -9.4958467 0.0124345 6.0736675 -0.0018650 -0.8137428 -0.0194730 0.5808958
189.532400 -9.5222321 0.0129644 6.0582962 0.0043230 -0.8427024 -0.0231211 0.5378656
189.844800 -9.5480719 0.0137859 6.0412607 -0.0036667 0.8676020 0.0267711 -0.4965245
190.261700 -9.5798645 0.0153992 6.0148058 -0.0097812 0.8925911 0.0318161 -0.4496368
190.678900 -9.6113491 0.0161865 5.9864688 -0.0077557 0.9091390 0.0265039 -0.4155763
190.887500 -9.6268654 0.0167404 5.9713902 -0.0065421 0.9165478 0.0219003 -0.3992715
191.200200 -9.6495152 0.0180441 5.9466910 -0.0054408 0.9272363 0.0164335 -0.3740766
191.408800 -9.6644764 0.0184118 5.9282808 -0.0020104 0.9355677 0.0193582 -0.3526108
191.616900 -9.6790380 0.0187573 5.9081941 0.0015261 0.9445921 0.0204446 -0.3276057
191.825000 -9.6926394 0.0192817 5.8864532 0.0018604 0.9533381 0.0217786 -0.3011125
192.137900 -9.7121277 0.0204464 5.8498201 0.0047339 0.9664112 0.0203135 -0.2561531
192.449700 -9.7290773 0.0222959 5.8072672 0.0012426 0.9781841 0.0170591 -0.2070346
192.657900 -9.7401371 0.0230839 5.7749462 0.0054280 0.9843938 0.0182816 -0.1749433
192.866300 -9.7502184 0.0240658 5.7388897 0.0054144 0.9886734 0.0184942 -0.1488408
193.075100 -9.7601585 0.0255544 5.6990309 0.0026391 0.9908608 0.0198099 -0.1333999
193.283700 -9.7711363 0.0272341 5.6555929 0.0071980 0.9922829 0.0198675 -0.1221809
193.492200 -9.7820845 0.0287649 5.6076546 0.0117446 0.9940294 0.0174811 -0.1070608
193.700500 -9.7913084 0.0306651 5.5555992 0.0127476 0.9956272 0.0166375 -0.0910335
193.909100 -9.8001633 0.0326777 5.4984450 0.0158431 0.9968609 0.0189660 -0.0752175
194.117500 -9.8073864 0.0348386 5.4376130 0.0174032 0.9977574 0.0184972 -0.0619276
194.430500 -9.8168812 0.0384212 5.3378558 0.0167214 0.9984984 0.0169787 -0.0493257
194.639200 -9.8230124 0.0402170 5.2664113 0.0171417 0.9986649 0.0179499 -0.0453042
194.847700 -9.8288403 0.0428250 5.1916242 0.0168897 0.9987699 0.0172897 -0.0432954
195.056300 -9.8352098 0.0450308 5.1130075 0.0188114 0.9987950 0.0183732 -0.0414376
195.264800 -9.8417835 0.0480067 5.0300322 0.0214050 0.9987808 0.0196508 -0.0399068
195.473300 -9.8484373 0.0512074 4.9432511 0.0219589 0.9988923 0.0167400 -0.0381008
195.681900 -9.8543024 0.0534296 4.8529415 0.0204435 0.9989892 0.0160547 -0.0366728
195.890200 -9.8604708 0.0558322 4.7595458 0.0203356 0.9989761 0.0193906 -0.0354572
196.098500 -9.8670435 0.0590839 4.6646776 0.0226503 0.9988578 0.0252908 -0.0336214
196.307000 -9.8726597 0.0623536 4.5703349 0.0232673 0.9989377 0.0239191 -0.0317800
196.515400 -9.8782692 0.0651108 4.4756513 0.0219783 0.9990872 0.0221690 -0.0291582
196.723700 -9.8827438 0.0678919 4.3815808 0.0192900 0.9991858 0.0229853 -0.0269684
196.932000 -9.8867750 0.0707220 4.2872162 0.0189262 0.9992448 0.0234767 -0.0245044
197.244800 -9.8926830 0.0749570 4.1459956 0.0207434 0.9992796 0.0239280 -0.0209151
197.557200 -9.8969135 0.0791912 4.0057006 0.0182147 0.9993694 0.0241908 -0.0185441
197.869800 -9.9013662 0.0834131 3.8657055 0.0170771 0.9994255 0.0236328 -0.0172787
198.182200 -9.9049854 0.0872551 3.7273090 0.0180261 0.9994075 0.0245411 -0.0160467
198.494500 -9.9080887 0.0909856 3.5907247 0.0171102 0.9994575 0.0245421 -0.0137698
198.806900 -9.9102335 0.0952709 3.4545035 0.0152955 0.9995129 0.0247495 -0.0112972
199.119200 -9.9117451 0.0991686 3.3193643 0.0143752 0.9996028 0.0223218 -0.0094515
199.431800 -9.9137812 0.1031097 3.1844938 0.0137218 0.9995675 0.0245256 -0.0086602
199.744000 -9.9149418 0.1068967 3.0508919 0.0122405 0.9996464 0.0209801 -0.0108174
200.056800 -9.9179430 0.1103764 2.9186673 0.0124056 0.9995548 0.0211781 -0.0169623
200.369200 -9.9230738 0.1136949 2.7868509 0.0170816 0.9993415 0.0235491 -0.0216850
200.681600 -9.9279308 0.1178319 2.6554840 0.0121570 0.9991581 0.0305170 -0.0245772
200.993900 -9.9338398 0.1226588 2.5255485 0.0104881 0.9993923 0.0215237 -0.0253312
201.410600 -9.9424257 0.1278191 2.3510289 0.0120377 0.9992502 0.0269295 -0.0250791
201.723300 -9.9482536 0.1327594 2.2206831 0.0109030 0.9992405 0.0268307 -0.0260716
202.035500 -9.9542370 0.1373758 2.0948460 0.0119920 0.9992887 0.0259163 -0.0246277
202.347900 -9.9589834 0.1408502 1.9685926 0.0120377 0.9993165 0.0272030 -0.0219482
202.660400 -9.9636393 0.1452619 1.8424603 0.0116514 0.9993879 0.0270014 -0.0189489
202.972900 -9.9671755 0.1496221 1.7166318 0.0102944 0.9994615 0.0264042 -0.0165395
203.285500 -9.9701824 0.1531322 1.5951440 0.0089214 0.9994764 0.0272600 -0.0149722
203.598100 -9.9727459 0.1573761 1.4758292 0.0078493 0.9994969 0.0266213 -0.0153540
203.806500 -9.9743185 0.1602422 1.3959653 0.0064004 0.9995027 0.0261818 -0.0163706
204.015000 -9.9763947 0.1629776 1.3160868 0.0047542 0.9994496 0.0266934 -0.0191171
204.223400 -9.9791794 0.1654329 1.2365073 0.0051970 0.9993657 0.0273623 -0.0221936
204.431900 -9.9823332 0.1682280 1.1576347 0.0053845 0.9993134 0.0267524 -0.0250598
204.640500 -9.9860735 0.1710164 1.0796330 0.0051245 0.9992746 0.0264301 -0.0269334
204.848800 -9.9900122 0.1734067 1.0028121 0.0053547 0.9992306 0.0265504 -0.0283660
205.057100 -9.9941368 0.1758102 0.9252236 0.0056431 0.9991927 0.0265608 -0.0296103
205.265300 -9.9983521 0.1782784 0.8492149 0.0062896 0.9991770 0.0258091 -0.0306538
205.473600 -10.0022526 0.1810688 0.7730512 0.0067868 0.9991558 0.0268327 -0.0303569
205.681700 -10.0059652 0.1838150 0.6968895 0.0081780 0.9992513 0.0266653 -0.0268131
205.889700 -10.0087767 0.1865247 0.6213521 0.0089209 0.9994180 0.0266132 -0.0193864
206.097700 -10.0102730 0.1890467 0.5462048 0.0091733 0.9995422 0.0271571 -0.0096775
206.305800 -10.0096693 0.1917659 0.4712268 0.0092534 0.9995643 0.0280178 0.0007328
206.513700 -10.0077658 0.1943825 0.3970233 0.0104392 0.9995145 0.0267849 0.0120170
206.722100 -10.0035830 0.1968441 0.3237815 0.0117391 0.9993124 0.0250898 0.0246450
206.929800 -9.9971256 0.1997631 0.2498655 0.0135087 0.9987178 0.0263464 0.0410621
207.137600 -9.9886789 0.2021108 0.1773646 0.0148992 0.9977619 0.0243822 0.0604545
207.449700 -9.9697151 0.2050487 0.0679646 0.0140507 0.9954183 0.0251000 0.0911865
207.657600 -9.9534626 0.2074184 -0.0049369 0.0144424 0.9931740 0.0244304 0.1131375
207.865600 -9.9337072 0.2090991 -0.0769784 0.0149634 0.9903448 0.0227061 0.1359331
208.073600 -9.9100494 0.2111226 -0.1493764 0.0147690 0.9869114 0.0213611 0.1591590
208.281600 -9.8829527 0.2129088 -0.2212753 0.0145608 0.9828280 0.0221464 0.1826105
208.489700 -9.8520842 0.2145372 -0.2925057 0.0166047 0.9781220 0.0234704 0.2060358
208.698000 -9.8173895 0.2161946 -0.3624561 0.0170595 0.9728501 0.0224569 0.2297112
208.905800 -9.7792950 0.2175954 -0.4312038 0.0156978 0.9674497 0.0236278 0.2514685
209.114100 -9.7372475 0.2192774 -0.4995399 0.0155245 0.9620167 0.0198437 0.2718255
209.322400 -9.6920576 0.2201978 -0.5674105 0.0146685 0.9567188 0.0190208 0.2900211
209.531200 -9.6435289 0.2213656 -0.6350799 0.0124973 0.9527270 0.0172631 0.3030794
209.739400 -9.5927334 0.2221353 -0.7034225 0.0101526 0.9501300 0.0166415 0.3112440
209.947900 -9.5405521 0.2231297 -0.7720108 0.0098755 0.9486628 0.0155366 0.3157531
210.156700 -9.4867458 0.2236021 -0.8415637 0.0100858 0.9478721 0.0138083 0.3181919
210.364800 -9.4324455 0.2239896 -0.9118352 0.0089512 0.9473920 0.0137396 0.3196553
210.574900 -9.3786707 0.2246478 -0.9820950 0.0088345 0.9472832 0.0143881 0.3199522
210.886000 -9.2964993 0.2250473 -1.0882654 0.0064289 0.9486784 0.0138017 0.3158755
211.094400 -9.2430773 0.2256895 -1.1590393 0.0052802 0.9505502 0.0143630 0.3101937
211.511200 -9.1403503 0.2267664 -1.3028531 0.0039218 0.9551737 0.0142960 0.2956747
211.719600 -9.0914803 0.2272238 -1.3746326 0.0049104 0.9577103 0.0154609 0.2872764
212.031900 -9.0211802 0.2286651 -1.4838119 0.0106563 0.9600176 0.0168914 0.2792262
212.344200 -8.9521999 0.2296617 -1.5916970 0.0133196 0.9608037 0.0185169 0.2762894
212.656400 -8.8857393 0.2303112 -1.6966383 0.0173454 0.9613158 0.0197824 0.2741894
212.968600 -8.8216801 0.2317869 -1.8001776 0.0208418 0.9614571 0.0199715 0.2734356
213.280800 -8.7589359 0.2329065 -1.9009566 0.0231279 0.9615893 0.0219424 0.2726345
213.593100 -8.6976557 0.2339102 -2.0001476 0.0239183 0.9617488 0.0228859 0.2719254
213.801100 -8.6594095 0.2344974 -2.0610726 0.0246722 0.9612398 0.0240491 0.2735524
214.009100 -8.6224117 0.2353529 -2.1187379 0.0247767 0.9599378 0.0256643 0.2779333
214.217100 -8.5871067 0.2359827 -2.1722622 0.0261804 0.9579809 0.0249387 0.2845438
214.425200 -8.5530615 0.2367544 -2.2224805 0.0257655 0.9558820 0.0247230 0.2915727
214.633200 -8.5206814 0.2375014 -2.2684357 0.0243913 0.9539583 0.0251792 0.2978835
214.841300 -8.4899988 0.2378361 -2.3105650 0.0231896 0.9521206 0.0237326 0.3039166
215.052500 -8.4613304 0.2385818 -2.3489754 0.0225049 0.9503366 0.0233643 0.3095287
215.257800 -8.4341831 0.2390909 -2.3853738 0.0227292 0.9481447 0.0238621 0.3161258
215.466200 -8.4082251 0.2394877 -2.4178553 0.0234860 0.9451555 0.0237960 0.3249050
215.674000 -8.3831139 0.2396411 -2.4480255 0.0244138 0.9409460 0.0227573 0.3369076
215.882200 -8.3582687 0.2395897 -2.4756157 0.0246242 0.9362776 0.0211656 0.3497568
216.090300 -8.3336878 0.2396404 -2.5014746 0.0258178 0.9307296 0.0206722 0.3642094
216.402400 -8.2981949 0.2392313 -2.5351071 0.0274165 0.9197150 0.0207273 0.3910792
216.610300 -8.2754898 0.2388978 -2.5539844 0.0271056 0.9096946 0.0206585 0.4138770
217.026600 -8.2344980 0.2379147 -2.5805809 0.0204099 0.8874155 0.0144972 0.4602901
217.339000 -8.2074118 0.2372739 -2.5950837 0.0208444 0.8707596 0.0089002 0.4911864
217.651400 -8.1798677 0.2365482 -2.6064904 0.0160386 0.8497387 0.0086517 0.5268890
217.859600 -8.1613693 0.2359621 -2.6123505 0.0134886 0.8340083 0.0078580 0.5515311
218.067900 -8.1428757 0.2355449 -2.6174152 0.0117565 0.8180280 0.0061249 0.5750256
218.276100 -8.1231174 0.2351747 -2.6214869 0.0106177 0.8008758 0.0035819 0.5987256
218.484300 -8.1021824 0.2346345 -2.6250224 0.0116416 0.7820941 0.0030968 0.6230439
218.692600 -8.0789948 0.2340566 -2.6276855 0.0134100 0.7625414 0.0026881 0.6467948
218.900800 -8.0534487 0.2335173 -2.6293018 0.0153272 0.7419631 0.0010223 0.6702647
219.317300 -7.9960389 0.2317685 -2.6274827 0.0162954 0.6983921 -0.0020530 0.7155269
219.525600 -7.9628448 0.2309938 -2.6239960 0.0140734 0.6766991 -0.0020020 0.7361225
219.735500 -7.9261289 0.2299691 -2.6187267 0.0137243 0.6570405 0.0005050 0.7537302
219.942400 -7.8869681 0.2288255 -2.6108479 0.0132564 0.6402425 0.0018956 0.7680562
220.151400 -7.8446317 0.2279159 -2.6004138 0.0134472 0.6223588 0.0011459 0.7826157
220.359200 -7.7991652 0.2269572 -2.5871944 0.0133098 0.6024070 0.0047378 0.7980641
220.567600 -7.7507076 0.2257945 -2.5706367 0.0130225 0.5808682 0.0117362 0.8138088
220.775800 -7.7009091 0.2248244 -2.5503268 0.0153371 0.5572835 0.0159758 0.8300269
220.984200 -7.6496210 0.2237470 -2.5266423 0.0234708 0.5325711 0.0186300 0.8458546
221.192700 -7.5966187 0.2222474 -2.4980876 0.0247572 0.5104737 0.0190547 0.8593256
221.401400 -7.5414519 0.2201699 -2.4645538 0.0214610 0.4921805 0.0195912 0.8700081
221.610100 -7.4847636 0.2182398 -2.4280243 0.0202702 0.4789569 0.0178207 0.8774234
221.818800 -7.4266486 0.2165098 -2.3882926 0.0192575 0.4715983 0.0134946 0.8814999
222.027700 -7.3657160 0.2143361 -2.3466418 0.0163728 0.4697106 0.0113128 0.8825961
222.241200 -7.3031149 0.2118919 -2.3039546 0.0171516 0.4705223 0.0094540 0.8821707
222.445200 -7.2388458 0.2095852 -2.2609105 0.0180106 0.4713469 0.0090605 0.8817174
222.653900 -7.1724977 0.2072300 -2.2167094 0.0153269 0.4723920 0.0094677 0.8812044
222.862400 -7.1042747 0.2047151 -2.1710584 0.0137940 0.4741601 0.0083326 0.8802912
223.070900 -7.0345659 0.2021616 -2.1247630 0.0148067 0.4764734 0.0057881 0.8790451
223.279400 -6.9624147 0.1997757 -2.0777507 0.0141434 0.4795209 0.0039024 0.8774078
223.488000 -6.8889389 0.1974171 -2.0304163 0.0093638 0.4838890 0.0038807 0.8750706
223.696300 -6.8133607 0.1953943 -1.9834007 0.0095472 0.4893741 0.0039991 0.8720126
223.904700 -6.7369537 0.1931771 -1.9375379 0.0097824 0.4946038 0.0057881 0.8690442
224.113300 -6.6583076 0.1910980 -1.8915343 0.0095978 0.5001880 0.0085528 0.8658214
224.425500 -6.5396771 0.1872208 -1.8248460 0.0108805 0.5098407 0.0061839 0.8601778
224.633700 -6.4593091 0.1847262 -1.7811515 0.0092221 0.5168122 0.0067877 0.8560222
224.945800 -6.3402815 0.1815143 -1.7196242 0.0067397 0.5254288 0.0073626 0.8507791
225.257700 -6.2206616 0.1786718 -1.6600004 0.0088160 0.5296987 0.0091755 0.8480904
225.465900 -6.1412592 0.1769035 -1.6212817 0.0139269 0.5300494 0.0087940 0.8478068
225.673700 -6.0617847 0.1744418 -1.5817314 0.0111258 0.5306960 0.0096190 0.8474346
225.881700 -5.9828610 0.1725073 -1.5429765 0.0101862 0.5315715 0.0090060 0.8469043
225.986100 -5.9433651 0.1713489 -1.5238956 0.0119444 0.5315190 0.0088075 0.8469164
226.089900 -5.9041739 0.1703563 -1.5050895 0.0148147 0.5314457 0.0084974 0.8469202
226.297800 -5.8256798 0.1673685 -1.4668113 0.0170864 0.5320856 0.0086611 0.8464738
226.401900 -5.7863474 0.1659323 -1.4477911 0.0165044 0.5323192 0.0090154 0.8463348
226.610000 -5.7070603 0.1631124 -1.4095783 0.0158144 0.5327598 0.0106571 0.8460516
226.714100 -5.6677485 0.1616239 -1.3907726 0.0161757 0.5330594 0.0109289 0.8458526
226.922100 -5.5894094 0.1583994 -1.3529813 0.0176398 0.5333651 0.0102570 0.8456390
227.026100 -5.5500536 0.1570702 -1.3339292 0.0171244 0.5336568 0.0104962 0.8454626
227.234600 -5.4718876 0.1540736 -1.2961892 0.0143034 0.5341455 0.0118571 0.8451884
227.338400 -5.4332280 0.1528841 -1.2778087 0.0144427 0.5338246 0.0122073 0.8453838
227.546300 -5.3563108 0.1502235 -1.2410421 0.0169633 0.5321642 0.0120125 0.8463860
227.754500 -5.2801280 0.1472161 -1.2036827 0.0164840 0.5308584 0.0121085 0.8472137
227.962600 -5.2045908 0.1443902 -1.1663709 0.0156228 0.5295944 0.0117437 0.8480258
228.170900 -5.1297326 0.1416439 -1.1289380 0.0152447 0.5300754 0.0080154 0.8477756
228.483200 -5.0184307 0.1379712 -1.0746131 0.0062784 0.5376603 0.0048263 0.8431244
228.795900 -4.9066758 0.1343571 -1.0245183 0.0085784 0.5502689 -0.0023630 0.8349401
229.004600 -4.8310637 0.1321563 -0.9928876 0.0041516 0.5593132 -0.0007767 0.8289456
229.316600 -4.7168531 0.1284537 -0.9486044 0.0091507 0.5687532 -0.0005901 0.8224571
229.524700 -4.6402626 0.1259347 -0.9205321 0.0068087 0.5722508 0.0041727 0.8200397
229.837100 -4.5265036 0.1223047 -0.8788090 0.0103210 0.5782900 -0.0022947 0.8157628
230.045200 -4.4495568 0.1197531 -0.8517814 0.0087683 0.5804979 -0.0011003 0.8142138
230.253300 -4.3728924 0.1172189 -0.8248174 0.0068799 0.5813813 0.0008398 0.8136017
230.461600 -4.2960315 0.1151792 -0.7974104 0.0013379 0.5833881 -0.0033792 0.8121854
230.774000 -4.1814227 0.1116012 -0.7597713 0.0079018 0.5900342 -0.0113790 0.8072593
230.982300 -4.1039991 0.1080138 -0.7356061 0.0080829 0.5958108 -0.0068688 0.8030547
231.190900 -4.0259595 0.1051337 -0.7123592 0.0068778 0.6025342 -0.0053675 0.7980454
231.399400 -3.9477971 0.1023305 -0.6907119 0.0073760 0.6095454 -0.0043212 0.7927051
231.607700 -3.8684475 0.0993518 -0.6701779 0.0082900 0.6161235 -0.0036906 0.7875973
231.815900 -3.7884994 0.0966305 -0.6511437 0.0078358 0.6216256 -0.0016380 0.7832736
232.024100 -3.7081580 0.0943089 -0.6333166 0.0080791 0.6264931 -0.0001101 0.7793851
232.232300 -3.6285198 0.0917967 -0.6160715 0.0109565 0.6292164 0.0015747 0.7771514
232.440500 -3.5490224 0.0890313 -0.5991092 0.0124548 0.6311527 0.0026486 0.7755541
232.544600 -3.5097218 0.0876542 -0.5911710 0.0109321 0.6321658 0.0043182 0.7747440
232.752900 -3.4311111 0.0850545 -0.5750839 0.0094766 0.6346242 0.0060879 0.7727388
232.960900 -3.3523746 0.0830979 -0.5601699 0.0110992 0.6367753 0.0063961 0.7709430
233.169100 -3.2734449 0.0808208 -0.5449850 0.0105379 0.6384581 0.0080029 0.7695428
233.377100 -3.1947062 0.0784977 -0.5300642 0.0109087 0.6400985 0.0072034 0.7681817
233.689400 -3.0768673 0.0754380 -0.5084237 0.0104969 0.6421949 0.0072729 0.7664350
233.793200 -3.0373158 0.0744619 -0.5012257 0.0102227 0.6430809 0.0085634 0.7656821
234.001200 -2.9582272 0.0724026 -0.4881085 0.0115352 0.6439340 0.0091120 0.7649398
234.209300 -2.8794315 0.0702917 -0.4747957 0.0145776 0.6454250 0.0102541 0.7636157
234.521300 -2.7611616 0.0675874 -0.4560648 0.0119307 0.6471746 0.0120591 0.7621531
234.729300 -2.6829553 0.0658415 -0.4435020 0.0137196 0.6486531 0.0109765 0.7608814
234.937900 -2.6052516 0.0643067 -0.4311247 0.0156087 0.6503414 0.0100456 0.7594153
235.145400 -2.5279446 0.0618444 -0.4193077 0.0165871 0.6527675 0.0082365 0.7573318
235.353500 -2.4508438 0.0596639 -0.4072540 0.0140565 0.6553448 0.0075295 0.7551615
235.561500 -2.3740273 0.0573026 -0.3963537 0.0133688 0.6571164 0.0072049 0.7536362
235.769400 -2.2983119 0.0542190 -0.3859081 0.0156236 0.6586609 0.0062508 0.7522517
235.977600 -2.2230985 0.0518134 -0.3759829 0.0158096 0.6602775 0.0070720 0.7508219
236.081600 -2.1852643 0.0506113 -0.3710146 0.0158259 0.6610849 0.0079373 0.7501021
236.290500 -2.1098990 0.0481058 -0.3614630 0.0152169 0.6625999 0.0095414 0.7487582
236.394600 -2.0724270 0.0469966 -0.3568392 0.0152549 0.6633333 0.0096188 0.7481068
236.601800 -1.9983410 0.0448471 -0.3480288 0.0172561 0.6647124 0.0095433 0.7468391
236.705900 -1.9618976 0.0436298 -0.3437780 0.0178402 0.6650653 0.0091431 0.7465161
236.809900 -1.9256606 0.0427669 -0.3395327 0.0182491 0.6655164 0.0095895 0.7460985
236.914000 -1.8899512 0.0416352 -0.3353630 0.0178270 0.6660751 0.0101923 0.7456020
237.018000 -1.8548541 0.0406633 -0.3311779 0.0172033 0.6666047 0.0105394 0.7451383
237.226100 -1.7863023 0.0382719 -0.3238707 0.0176055 0.6674746 0.0101897 0.7443547
237.330200 -1.7521613 0.0374423 -0.3204621 0.0177151 0.6677728 0.0104116 0.7440815
237.538300 -1.6855296 0.0352121 -0.3134689 0.0154553 0.6684827 0.0141860 0.7434318
237.747400 -1.6215347 0.0342910 -0.3065182 0.0129149 0.6694600 0.0168491 0.7425447
237.954600 -1.5596797 0.0329566 -0.2999591 0.0135739 0.6704271 0.0160179 0.7416783
238.162700 -1.5021124 0.0318765 -0.2931736 0.0148336 0.6715044 0.0129407 0.7407390
238.475100 -1.4193391 0.0294282 -0.2856743 0.0159647 0.6716993 0.0132181 0.7405339
238.787500 -1.3424028 0.0269689 -0.2775845 0.0139101 0.6705980 0.0145562 0.7415476
239.204200 -1.2490264 0.0245629 -0.2678413 0.0159259 0.6717311 0.0123144 0.7405215
239.412800 -1.2058661 0.0234064 -0.2640474 0.0174900 0.6731888 0.0133539 0.7391431
239.621100 -1.1650534 0.0220864 -0.2606966 0.0183103 0.6745000 0.0160886 0.7378724
239.829500 -1.1273522 0.0209473 -0.2573852 0.0192171 0.6758891 0.0154567 0.7365906
240.037800 -1.0931242 0.0197842 -0.2546118 0.0203107 0.6771508 0.0138915 0.7354327
240.350500 -1.0492468 0.0180360 -0.2507621 0.0233283 0.6781324 0.0100475 0.7345006
240.662800 -1.0123847 0.0165909 -0.2479332 0.0252128 0.6767791 0.0090913 0.7356981
240.975100 -0.9809045 0.0150844 -0.2440374 0.0231939 0.6706716 0.0076365 0.7413524
241.287100 -0.9527764 0.0138867 -0.2397968 0.0233449 0.6578167 0.0075529 0.7527783
241.599100 -0.9265680 0.0128668 -0.2330325 0.0214562 0.6385302 0.0064414 0.7692707
249.415600 -0.8896887 0.0108320 -0.2221754 0.0191356 0.6167518 0.0031781 0.7869186
250.352700 -0.8697610 0.0100029 -0.2146279 0.0218328 0.5949586 -0.0026643 0.8034554
250.664600 -0.8505451 0.0092951 -0.2057452 0.0215726 0.5682245 -0.0019764 0.8225884
250.976100 -0.8254892 0.0081434 -0.1918347 0.0186343 0.5284268 0.0012669 0.8487734
251.391500 -0.7856172 0.0057034 -0.1613048 0.0104878 0.4572758 -0.0030937 0.8892577
251.806700 -0.7436239 0.0043295 -0.1164518 0.0093803 0.3688346 -0.0058757 0.9294291
252.118500 -0.7117381 0.0031509 -0.0703601 0.0049591 0.2980185 -0.0050134 0.9545341
252.430600 -0.6836282 0.0021353 -0.0129749 0.0042709 0.2287182 -0.0066074 0.9734609
252.743200 -0.6582312 0.0011730 0.0567892 0.0026372 0.1682875 -0.0015019 0.9857333
252.951700 -0.6431955 0.0002377 0.1094363 0.0046144 0.1322412 0.0055289 0.9911914
253.473000 -0.6204044 -0.0022665 0.2632129 0.0076033 0.0508443 0.0102733 0.9986248
254.412300 -0.6202040 -0.0110329 0.6047618 0.0087569 -0.0095528 -0.0023096 0.9999133
255.455200 -0.6323426 -0.0199690 1.0622349 0.0002415 -0.0144467 -0.0017861 0.9998940
258.163100 -0.6826274 -0.0452029 2.2405651 0.0018924 -0.0199561 -0.0003407 0.9997990
260.141700 -0.7219448 -0.0618160 3.0467772 0.0004951 -0.0238625 0.0001504 0.9997151
260.662500 -0.7319961 -0.0655089 3.2535241 -0.0003206 -0.0211468 0.0002155 0.9997763
260.870800 -0.7357674 -0.0671724 3.3352494 0.0008604 -0.0192716 -0.0010802 0.9998133
261.704200 -0.7460191 -0.0753229 3.6584227 0.0033979 -0.0097441 0.0004431 0.9999467
262.225000 -0.7507370 -0.0821783 3.8571210 0.0106269 -0.0081653 -0.0005613 0.9999101
262.641500 -0.7558932 -0.0856991 4.0202990 0.0000116 -0.0097159 -0.0024371 0.9999498
263.058100 -0.7582377 -0.0867110 4.1889381 -0.0006863 -0.0132065 0.0021221 0.9999103
263.475000 -0.7623221 -0.0908281 4.3631091 0.0113939 -0.0150011 0.0040172 0.9998145
263.891500 -0.7679832 -0.0959953 4.5442338 0.0070572 -0.0171551 0.0030325 0.9998233
264.204000 -0.7739566 -0.0996463 4.6839557 0.0045638 -0.0197100 0.0020720 0.9997932
264.516300 -0.7796893 -0.1032908 4.8238363 0.0034612 -0.0225796 0.0016547 0.9997377
264.724600 -0.7837830 -0.1053572 4.9175801 0.0036109 -0.0244408 0.0013785 0.9996938
264.932800 -0.7883226 -0.1075680 5.0110421 0.0025406 -0.0250867 0.0007592 0.9996818
265.245300 -0.7958100 -0.1110823 5.1486106 0.0041702 -0.0251579 0.0009737 0.9996743
265.453600 -0.8007861 -0.1129913 5.2412629 -0.0000952 -0.0267120 0.0023052 0.9996405
265.661800 -0.8061692 -0.1149266 5.3329692 0.0002674 -0.0281932 0.0020876 0.9996003
266.078300 -0.8168981 -0.1197410 5.5128202 0.0024311 -0.0275596 0.0009342 0.9996167
266.286700 -0.8217189 -0.1218532 5.6008191 0.0018289 -0.0262905 0.0013167 0.9996518
266.703500 -0.8314451 -0.1260670 5.7753210 0.0017932 -0.0232049 -0.0004821 0.9997290
266.911700 -0.8352860 -0.1285439 5.8597007 0.0033128 -0.0219609 -0.0008471 0.9997530
267.224300 -0.8421233 -0.1317106 5.9855514 0.0073170 -0.0188575 -0.0006122 0.9997952
267.432700 -0.8450993 -0.1343730 6.0690603 0.0051099 -0.0173640 0.0008320 0.9998358
267.641100 -0.8484457 -0.1369404 6.1522098 0.0070694 -0.0165641 -0.0017379 0.9998363
267.849300 -0.8522027 -0.1395227 6.2355518 0.0121726 -0.0164194 -0.0075246 0.9997628
268.057600 -0.8557996 -0.1428055 6.3198667 0.0104721 -0.0181299 -0.0096564 0.9997342
268.266000 -0.8594057 -0.1453593 6.4048386 0.0093775 -0.0202049 -0.0053634 0.9997375
268.370100 -0.8610639 -0.1463060 6.4477358 0.0069944 -0.0210398 -0.0036525 0.9997475
268.578500 -0.8651785 -0.1484662 6.5336952 -0.0011640 -0.0228531 -0.0009446 0.9997377
268.786700 -0.8691206 -0.1496774 6.6204782 -0.0025732 -0.0241987 0.0028744 0.9996997
269.099200 -0.8768049 -0.1511024 6.7531266 0.0062845 -0.0259339 0.0017019 0.9996424
269.724200 -0.8910725 -0.1592127 7.0279021 0.0084129 -0.0246805 0.0023039 0.9996573
270.870000 -0.9162421 -0.1750035 7.5409136 0.0064996 -0.0214190 -0.0026290 0.9997460
271.598900 -0.9301382 -0.1839148 7.8559308 0.0012634 -0.0214686 -0.0017045 0.9997673
272.640500 -0.9471180 -0.1952631 8.2580986 0.0063410 -0.0183667 -0.0022996 0.9998086
273.369900 -0.9553831 -0.2029931 8.5233927 0.0061130 -0.0144164 0.0041487 0.9998688
273.786700 -0.9581948 -0.2076741 8.6774397 0.0151883 -0.0121325 0.0056970 0.9997948
274.307300 -0.9667515 -0.2157428 8.8668747 0.0111086 -0.0263120 0.0029443 0.9995877
274.724000 -0.9780927 -0.2191661 9.0129728 0.0021180 -0.0403525 0.0003706 0.9991832
275.141200 -0.9915503 -0.2224856 9.1714954 0.0070590 -0.0375353 -0.0003474 0.9992703
275.454100 -1.0005491 -0.2256666 9.2948933 0.0119157 -0.0347873 0.0045416 0.9993134
275.766900 -1.0094413 -0.2305778 9.4205208 0.0100767 -0.0328792 0.0026638 0.9994050
276.079600 -1.0175754 -0.2341960 9.5497007 0.0080108 -0.0315723 0.0052961 0.9994553
276.288000 -1.0229495 -0.2371345 9.6376896 0.0116556 -0.0314935 0.0071084 0.9994107
276.600600 -1.0320321 -0.2420302 9.7707634 0.0086362 -0.0305334 0.0062593 0.9994769
276.809000 -1.0377998 -0.2450115 9.8604670 0.0054442 -0.0303990 0.0055178 0.9995078
277.017400 -1.0436471 -0.2476393 9.9495087 0.0050776 -0.0302025 0.0044710 0.9995209
277.225700 -1.0494672 -0.2504126 10.0380287 0.0082310 -0.0299028 0.0047007 0.9995078
277.434000 -1.0551099 -0.2537248 10.1254549 0.0101461 -0.0296327 0.0046460 0.9994985
277.642400 -1.0604669 -0.2564973 10.2129040 0.0065361 -0.0293903 0.0075855 0.9995179
277.850700 -1.0654221 -0.2591917 10.2983484 0.0059849 -0.0291192 0.0051305 0.9995449
278.059100 -1.0710111 -0.2619768 10.3827906 0.0082261 -0.0283896 0.0012996 0.9995623
278.267400 -1.0759079 -0.2649911 10.4664927 0.0069723 -0.0284655 0.0012319 0.9995697
278.475700 -1.0807273 -0.2674924 10.5484743 0.0041954 -0.0296677 0.0026514 0.9995475
278.684000 -1.0859282 -0.2699836 10.6277323 0.0055839 -0.0308357 0.0025794 0.9995055
278.996200 -1.0941039 -0.2744398 10.7429781 0.0053841 -0.0327308 0.0012813 0.9994489
279.204500 -1.0991514 -0.2766055 10.8175278 0.0002655 -0.0341019 0.0014184 0.9994173
279.516900 -1.1074135 -0.2792823 10.9239216 0.0029407 -0.0348791 0.0006742 0.9993870
279.725100 -1.1124265 -0.2812098 10.9938641 0.0051716 -0.0354952 0.0016905 0.9993550
279.933500 -1.1175323 -0.2830870 11.0635529 0.0045369 -0.0355895 0.0017002 0.9993547
280.142000 -1.1227583 -0.2855177 11.1324482 0.0059427 -0.0338063 -0.0005220 0.9994106
280.350400 -1.1279311 -0.2878605 11.2011099 0.0113240 -0.0316645 -0.0036924 0.9994276
280.558800 -1.1323553 -0.2905051 11.2699881 0.0125416 -0.0292574 -0.0062525 0.9994737
280.767200 -1.1366765 -0.2933234 11.3393393 0.0110095 -0.0261041 -0.0072763 0.9995721
280.975600 -1.1399662 -0.2959813 11.4088125 0.0093774 -0.0229205 -0.0053838 0.9996789
281.184000 -1.1431624 -0.2980058 11.4796343 0.0089166 -0.0197396 -0.0045147 0.9997552
281.392400 -1.1457503 -0.3000684 11.5515432 0.0061743 -0.0164144 -0.0053399 0.9998320
281.705000 -1.1493852 -0.3030772 11.6614895 0.0093211 -0.0105229 -0.0067900 0.9998781
282.017600 -1.1510698 -0.3061147 11.7758312 0.0085212 -0.0045685 -0.0033104 0.9999478
282.330200 -1.1514291 -0.3102220 11.8918352 0.0146804 0.0013529 -0.0028199 0.9998873
282.642900 -1.1508578 -0.3143721 12.0112228 0.0124166 0.0079621 -0.0032194 0.9998860
282.955500 -1.1483493 -0.3192523 12.1323099 0.0168994 0.0141520 -0.0031195 0.9997522
283.163700 -1.1457069 -0.3230807 12.2146435 0.0137592 0.0185150 -0.0037731 0.9997268
283.372200 -1.1422536 -0.3262631 12.2991905 0.0099229 0.0226313 -0.0028382 0.9996906
283.580600 -1.1380706 -0.3292606 12.3835192 0.0094671 0.0260433 -0.0009398 0.9996156
283.788900 -1.1336794 -0.3322637 12.4690771 0.0136522 0.0274254 0.0002920 0.9995306
283.997100 -1.1292332 -0.3359131 12.5554771 0.0139835 0.0283974 0.0001698 0.9994989
284.205400 -1.1245301 -0.3393665 12.6434879 0.0117421 0.0290210 0.0003520 0.9995098
284.413600 -1.1193230 -0.3427619 12.7327194 0.0132740 0.0286975 0.0018348 0.9994983
284.621900 -1.1150172 -0.3463548 12.8216925 0.0127382 0.0284214 0.0021220 0.9995126
284.830100 -1.1099446 -0.3498268 12.9118690 0.0084448 0.0276993 0.0035816 0.9995742
285.038200 -1.1052296 -0.3531422 13.0009003 0.0086008 0.0266329 0.0046974 0.9995973
285.246400 -1.1016800 -0.3562267 13.0888367 0.0105238 0.0258773 0.0027074 0.9996061
285.454600 -1.0974057 -0.3596915 13.1767435 0.0105809 0.0243950 0.0025370 0.9996432
285.766900 -1.0920377 -0.3650110 13.3073740 0.0105930 0.0226283 0.0003977 0.9996877
285.975100 -1.0888059 -0.3685527 13.3939781 0.0100194 0.0211972 -0.0002191 0.9997251
286.183400 -1.0856682 -0.3721678 13.4794159 0.0123748 0.0191304 0.0002808 0.9997404
286.391500 -1.0826087 -0.3757865 13.5643587 0.0127061 0.0169087 0.0037819 0.9997692
286.599700 -1.0803394 -0.3787185 13.6493502 0.0031648 0.0154439 0.0027216 0.9998720
286.808100 -1.0785904 -0.3811181 13.7327900 0.0035488 0.0148421 -0.0006973 0.9998833
287.016400 -1.0777835 -0.3835930 13.8152361 0.0104452 0.0144598 -0.0054502 0.9998260
287.328700 -1.0755386 -0.3880052 13.9382334 0.0064148 0.0135824 -0.0098757 0.9998384
287.537000 -1.0739529 -0.3906446 14.0188894 0.0064847 0.0118130 -0.0108194 0.9998507
