0.000000 0.0000000 0.0000000 0.0000000 0.0000000 0.0000000 0.0000000 1.0000000
0.104128 -0.0001195 -0.0007666 0.0473708 -0.0008412 -0.0001423 0.0003282 0.9999996
0.208254 -0.0002357 -0.0014467 0.0946255 -0.0008416 -0.0003512 0.0008659 0.9999992
0.312504 -0.0004159 -0.0021683 0.1417760 -0.0003789 -0.0003685 0.0016403 0.9999985
0.416625 -0.0006186 -0.0029226 0.1886368 -0.0004408 -0.0003120 0.0019170 0.9999980
0.520755 -0.0005016 -0.0036926 0.2365624 -0.0008483 -0.0004419 0.0020572 0.9999974
0.625004 -0.0009113 -0.0043463 0.2844268 -0.0014968 -0.0002303 0.0027846 0.9999950
0.729128 -0.0012407 -0.0049720 0.3320094 -0.0016895 -0.0002911 0.0025834 0.9999952
0.833252 -0.0015362 -0.0057216 0.3800084 -0.0008143 -0.0004022 0.0021267 0.9999973
0.937506 -0.0016868 -0.0064406 0.4277207 0.0002590 -0.0005604 0.0008228 0.9999995
1.041630 -0.0022355 -0.0072169 0.4754198 0.0007057 -0.0004363 -0.0008806 0.9999993
1.145875 -0.0025936 -0.0079844 0.5238525 0.0007804 -0.0004383 -0.0020745 0.9999974
1.354255 -0.0030463 -0.0096297 0.6207415 -0.0011061 -0.0001449 -0.0012928 0.9999985
1.562526 -0.0032159 -0.0107022 0.7174433 -0.0007467 -0.0001998 0.0020801 0.9999976
1.771007 -0.0034411 -0.0122871 0.8145337 0.0010559 -0.0000142 0.0013199 0.9999986
1.979377 -0.0040757 -0.0139491 0.9124671 -0.0019048 0.0006499 -0.0002985 0.9999979
2.187759 -0.0041123 -0.0150062 1.0109748 -0.0019635 0.0006569 0.0030411 0.9999932
2.396132 -0.0041363 -0.0162883 1.1099064 0.0006100 0.0009213 0.0032198 0.9999942
2.604383 -0.0043931 -0.0182015 1.2094967 0.0018923 0.0013885 0.0013150 0.9999964
2.812757 -0.0043596 -0.0199712 1.3090392 0.0010506 0.0012529 0.0007270 0.9999984
3.021006 -0.0048915 -0.0217570 1.4101049 0.0000553 0.0012036 -0.0011876 0.9999986
3.229379 -0.0053616 -0.0233317 1.5116320 0.0000232 0.0012946 -0.0035197 0.9999930
3.437629 -0.0054898 -0.0249637 1.6133859 0.0000858 0.0007822 -0.0035872 0.9999933
3.645880 -0.0055204 -0.0267284 1.7144494 0.0001827 -0.0002124 -0.0025385 0.9999967
3.854131 -0.0061664 -0.0283441 1.8172127 -0.0002244 -0.0011661 -0.0028101 0.9999954
4.062383 -0.0076092 -0.0296289 1.9192506 -0.0007182 -0.0019307 -0.0031340 0.9999930
4.270633 -0.0083252 -0.0312835 2.0220594 -0.0013364 -0.0028228 -0.0011462 0.9999945
4.478884 -0.0091587 -0.0328488 2.1245296 -0.0012762 -0.0030951 0.0007958 0.9999941
4.687259 -0.0101123 -0.0340877 2.2282073 -0.0018874 -0.0025268 0.0019986 0.9999930
4.895505 -0.0107714 -0.0356060 2.3311689 -0.0012842 -0.0022008 0.0040918 0.9999884
5.103758 -0.0112023 -0.0371606 2.4335742 -0.0010737 -0.0017260 0.0035659 0.9999916
5.311998 -0.0125208 -0.0386194 2.5358403 -0.0022743 -0.0010687 0.0000742 0.9999968
5.520244 -0.0141474 -0.0404784 2.6373096 -0.0023554 -0.0002914 -0.0045277 0.9999869
5.728633 -0.0137327 -0.0418210 2.7353590 -0.0019238 0.0002645 -0.0068637 0.9999745
5.936757 -0.0150214 -0.0437583 2.8368890 -0.0018974 0.0005018 -0.0067310 0.9999754
6.249010 -0.0148437 -0.0459958 2.9853609 -0.0015778 -0.0000027 -0.0054371 0.9999840
6.457260 -0.0154623 -0.0473480 3.0841959 -0.0015158 -0.0006955 -0.0054888 0.9999835
6.665511 -0.0160859 -0.0489879 3.1821084 -0.0023689 -0.0017081 -0.0043991 0.9999861
6.873636 -0.0166633 -0.0501164 3.2795246 -0.0026416 -0.0028359 -0.0016815 0.9999911
7.081885 -0.0174636 -0.0515450 3.3770478 -0.0021651 -0.0033183 -0.0005955 0.9999920
7.290011 -0.0185647 -0.0530466 3.4734852 -0.0016595 -0.0033326 -0.0006468 0.9999928
7.498256 -0.0198313 -0.0546520 3.5685830 -0.0014515 -0.0030927 -0.0015339 0.9999930
7.706383 -0.0210904 -0.0562466 3.6636646 -0.0030183 -0.0028575 -0.0022794 0.9999887
7.914632 -0.0221746 -0.0574483 3.7574189 -0.0010300 -0.0027787 -0.0021162 0.9999934
8.122760 -0.0229528 -0.0589440 3.8516572 -0.0010329 -0.0028299 -0.0005729 0.9999953
8.331011 -0.0240946 -0.0604405 3.9464195 -0.0024212 -0.0020780 0.0016138 0.9999936
8.539282 -0.0246281 -0.0616378 4.0404124 -0.0005312 -0.0014587 0.0011341 0.9999982
8.747509 -0.0253475 -0.0629190 4.1336527 0.0006073 -0.0002023 -0.0015600 0.9999986
8.955763 -0.0261153 -0.0641926 4.2274456 -0.0014291 0.0010942 -0.0020507 0.9999962
9.164012 -0.0260100 -0.0655881 4.3210764 -0.0013804 0.0019539 -0.0020447 0.9999951
9.372259 -0.0258834 -0.0669009 4.4142213 -0.0011098 0.0030372 -0.0037323 0.9999878
9.580513 -0.0267640 -0.0681591 4.5075336 -0.0000131 0.0044495 -0.0050714 0.9999772
9.788784 -0.0262141 -0.0695278 4.6010637 -0.0004434 0.0052602 -0.0043347 0.9999767
9.997010 -0.0253620 -0.0709614 4.6949635 -0.0009840 0.0057589 -0.0034072 0.9999771
10.205260 -0.0249324 -0.0725150 4.7885842 -0.0014515 0.0056670 -0.0015312 0.9999817
10.517510 -0.0247772 -0.0746727 4.9292731 -0.0016687 0.0045170 0.0005968 0.9999882
10.725760 -0.0242452 -0.0760842 5.0228949 -0.0017547 0.0033038 0.0015148 0.9999918
11.038140 -0.0236934 -0.0781802 5.1625347 -0.0002003 0.0017213 0.0029304 0.9999942
11.350520 -0.0228659 -0.0802788 5.3036771 -0.0018153 -0.0002057 0.0128068 0.9999163
11.663020 -0.0232546 -0.0825062 5.4442520 0.0026715 -0.0001041 0.0122355 0.9999216
11.975390 -0.0231938 -0.0856348 5.5848975 -0.0005687 0.0008421 0.0167072 0.9998599
12.287890 -0.0230927 -0.0877090 5.7262306 -0.0015482 0.0013508 0.0183178 0.9998301
12.600390 -0.0236152 -0.0902497 5.8686800 0.0002454 0.0027125 0.0130526 0.9999111
12.912790 -0.0237467 -0.0927051 6.0095024 0.0010764 0.0026383 0.0101965 0.9999440
13.225270 -0.0248736 -0.0955241 6.1524882 0.0024781 0.0024934 0.0033940 0.9999881
13.537640 -0.0240591 -0.0979516 6.2971702 0.0000908 0.0021434 0.0033807 0.9999920
13.850020 -0.0241164 -0.1009286 6.4424415 0.0040416 -0.0005536 0.0041707 0.9999830
14.162520 -0.0269893 -0.1044880 6.5901041 0.0022344 -0.0004947 -0.0010874 0.9999968
14.474890 -0.0275347 -0.1068448 6.7371597 0.0005820 -0.0003953 -0.0004703 0.9999996
14.683140 -0.0275976 -0.1087352 6.8356757 0.0002420 -0.0002963 0.0026558 0.9999964
14.995520 -0.0278646 -0.1108400 6.9842296 -0.0008897 0.0002612 0.0073373 0.9999726
15.203790 -0.0287995 -0.1127432 7.0836873 0.0037626 0.0007065 0.0026232 0.9999892
15.412140 -0.0293956 -0.1150149 7.1837683 0.0018358 0.0018230 -0.0055215 0.9999814
15.620390 -0.0300144 -0.1164938 7.2840796 0.0006547 0.0021849 -0.0054614 0.9999825
15.828640 -0.0299173 -0.1180785 7.3846703 0.0010591 0.0011851 -0.0029065 0.9999945
16.036770 -0.0299657 -0.1200084 7.4864817 0.0011373 0.0006573 -0.0035802 0.9999927
16.245020 -0.0304692 -0.1220282 7.5888305 0.0009335 0.0004557 -0.0038275 0.9999921
16.453270 -0.0308859 -0.1239874 7.6910839 0.0015645 0.0001259 -0.0032240 0.9999936
16.661520 -0.0319034 -0.1257678 7.7946773 0.0018353 -0.0000366 -0.0038948 0.9999907
16.869650 -0.0322373 -0.1280894 7.8973913 0.0019353 -0.0004952 -0.0041342 0.9999894
17.077890 -0.0328896 -0.1297927 8.0011082 0.0021590 -0.0007121 -0.0042674 0.9999883
17.286140 -0.0333673 -0.1318860 8.1050911 0.0022441 -0.0008786 -0.0028315 0.9999931
17.494400 -0.0338139 -0.1340620 8.2097511 0.0017413 -0.0008466 -0.0014723 0.9999970
17.702520 -0.0343966 -0.1363668 8.3147964 0.0017515 -0.0009562 -0.0017119 0.9999965
17.910650 -0.0346510 -0.1376544 8.4195299 0.0019998 -0.0007503 -0.0025623 0.9999945
18.118900 -0.0354599 -0.1399594 8.5248737 0.0006171 -0.0000376 -0.0025791 0.9999965
18.327020 -0.0361583 -0.1418646 8.6300068 0.0021724 0.0005244 -0.0029081 0.9999933
18.535360 -0.0364218 -0.1443177 8.7363195 0.0011994 0.0005116 -0.0030011 0.9999946
18.743480 -0.0368184 -0.1464311 8.8425121 0.0010160 0.0002070 -0.0032126 0.9999943
18.951650 -0.0378319 -0.1481650 8.9485931 0.0010135 0.0005005 -0.0046479 0.9999886
19.263770 -0.0394171 -0.1510539 9.1094599 0.0003706 0.0006697 -0.0027766 0.9999958
19.575900 -0.0397551 -0.1536925 9.2684669 0.0008010 0.0003454 0.0001204 0.9999996
19.784020 -0.0400166 -0.1553957 9.3748159 -0.0009669 0.0007949 0.0016481 0.9999979
19.992130 -0.0401293 -0.1570951 9.4800472 -0.0000789 0.0011968 0.0023420 0.9999965
20.304270 -0.0405866 -0.1601861 9.6375904 0.0001568 0.0026520 -0.0001113 0.9999965
20.616400 -0.0401332 -0.1628549 9.7958002 0.0008548 0.0039240 -0.0016619 0.9999906
20.824520 -0.0400902 -0.1648716 9.9025497 0.0010495 0.0050200 -0.0017866 0.9999852
21.136780 -0.0383706 -0.1676002 10.0640249 0.0016097 0.0051387 -0.0000507 0.9999855
21.344920 -0.0376658 -0.1700819 10.1718769 0.0026492 0.0045634 0.0001440 0.9999861
21.657020 -0.0373204 -0.1727389 10.3356638 0.0033470 0.0034654 0.0004849 0.9999883
21.865030 -0.0364041 -0.1753324 10.4441156 0.0029284 0.0024597 0.0008637 0.9999923
22.073170 -0.0367308 -0.1771401 10.5505018 0.0016580 0.0017348 0.0003252 0.9999971
22.281150 -0.0371157 -0.1790233 10.6584072 0.0016940 0.0026456 -0.0002168 0.9999951
22.489270 -0.0374472 -0.1816746 10.7670069 0.0020754 0.0030702 0.0010336 0.9999926
22.697420 -0.0369026 -0.1835917 10.8777351 0.0037381 0.0032473 0.0019227 0.9999859
22.905400 -0.0369404 -0.1861503 10.9890451 0.0037993 0.0011585 0.0013200 0.9999912
23.009400 -0.0370359 -0.1873274 11.0438204 0.0022308 0.0009710 0.0007252 0.9999968
23.217420 -0.0373105 -0.1894506 11.1551313 0.0003324 0.0013237 0.0018130 0.9999974
23.425400 -0.0372814 -0.1914645 11.2664251 0.0010068 0.0016256 0.0027358 0.9999944
23.633550 -0.0377172 -0.1935652 11.3774366 0.0011439 0.0021555 0.0020546 0.9999949
23.841660 -0.0382784 -0.1957871 11.4886799 0.0018011 0.0028166 0.0011315 0.9999937
24.049650 -0.0381322 -0.1981092 11.5994873 0.0002365 0.0033386 0.0024882 0.9999913
24.257780 -0.0377197 -0.2004232 11.7106829 0.0008422 0.0033096 0.0021239 0.9999919
24.569780 -0.0372422 -0.2039789 11.8765116 0.0030985 0.0022495 -0.0001861 0.9999927
24.777900 -0.0372982 -0.2064560 11.9867659 -0.0002059 0.0011977 -0.0009009 0.9999989
24.986020 -0.0379712 -0.2085654 12.0973616 0.0012946 -0.0003578 -0.0010585 0.9999985
25.194150 -0.0384104 -0.2106864 12.2062368 0.0002465 -0.0018756 0.0006843 0.9999980
25.402400 -0.0394793 -0.2128869 12.3157063 0.0010211 -0.0021273 0.0011452 0.9999965
25.610540 -0.0404420 -0.2148360 12.4251223 0.0012780 -0.0021028 0.0014698 0.9999959
25.818650 -0.0413513 -0.2169117 12.5343904 0.0020353 -0.0021495 0.0014889 0.9999945
26.026980 -0.0423428 -0.2193300 12.6438084 0.0023754 -0.0019715 0.0015443 0.9999940
26.235050 -0.0432904 -0.2216024 12.7527018 0.0022999 -0.0018918 0.0024653 0.9999925
26.443290 -0.0436615 -0.2238990 12.8627510 0.0024104 -0.0020783 0.0037882 0.9999878
26.651410 -0.0448521 -0.2265337 12.9717541 0.0020724 -0.0017075 0.0025159 0.9999932
26.862580 -0.0457458 -0.2288496 13.0813313 0.0017855 -0.0013663 0.0020467 0.9999954
26.963660 -0.0462445 -0.2299536 13.1361065 0.0022139 -0.0011841 0.0019020 0.9999951
27.171920 -0.0469772 -0.2321757 13.2455873 0.0024877 -0.0009038 0.0015122 0.9999954
27.276060 -0.0473352 -0.2333435 13.3011751 0.0024002 -0.0008603 0.0007454 0.9999965
27.380140 -0.0478346 -0.2345109 13.3563652 0.0021456 -0.0007671 -0.0001920 0.9999974
27.484700 -0.0482501 -0.2355793 13.4114742 0.0026300 -0.0004659 -0.0007272 0.9999962
27.588410 -0.0487641 -0.2366991 13.4662905 0.0029860 -0.0001135 -0.0013314 0.9999946
27.692530 -0.0489026 -0.2377627 13.5216036 0.0030282 -0.0001040 -0.0016319 0.9999941
27.796540 -0.0488520 -0.2390514 13.5767412 0.0024708 -0.0001738 -0.0021524 0.9999946
27.900670 -0.0494738 -0.2401002 13.6316986 0.0025023 0.0002079 -0.0028593 0.9999927
28.108940 -0.0498053 -0.2423103 13.7412138 0.0026035 0.0005841 -0.0032280 0.9999912
