0.000000 -0.0000272 0.0000277 -0.0000922 0.0000372 -0.0000050 0.0000088 1.0000000
0.310908 0.0017720 -0.0003596 0.0445809 0.0002968 0.0100007 0.0037444 0.9999430
0.414483 0.0020595 -0.0004973 0.0600889 0.0010585 0.0089540 0.0045289 0.9999491
0.518120 0.0022914 -0.0007146 0.0759339 0.0017008 0.0054987 0.0058385 0.9999664
0.725215 0.0013737 -0.0010724 0.1084997 0.0027546 -0.0091450 0.0062550 0.9999349
0.828918 -0.0002507 -0.0013988 0.1258536 0.0026796 -0.0188512 0.0040105 0.9998106
1.036104 -0.0038147 -0.0018791 0.1610173 0.0034864 -0.0392025 0.0020365 0.9992231
1.139865 -0.0063000 -0.0020923 0.1796550 0.0031234 -0.0497141 0.0028678 0.9987545
1.347350 -0.0125214 -0.0025230 0.2183316 0.0024235 -0.0685884 0.0029789 0.9976376
1.555101 -0.0205946 -0.0032449 0.2590557 0.0021905 -0.0832415 0.0019394 0.9965251
1.762893 -0.0290378 -0.0040367 0.3027446 0.0034869 -0.0943779 0.0046425 0.9955195
1.970961 -0.0390766 -0.0044423 0.3490764 0.0055918 -0.1023456 0.0036001 0.9947267
2.179116 -0.0500172 -0.0055065 0.3985193 0.0073406 -0.1104888 0.0060908 0.9938316
2.387073 -0.0618651 -0.0064938 0.4508598 0.0089038 -0.1192162 0.0095095 0.9927828
2.595229 -0.0771341 -0.0082003 0.5043487 0.0129729 -0.1279266 0.0055032 0.9916835
2.803189 -0.0923945 -0.0102374 0.5612441 0.0146437 -0.1369384 0.0081304 0.9904380
3.011247 -0.1106713 -0.0125924 0.6199505 0.0178583 -0.1452902 0.0068529 0.9892042
3.219570 -0.1294909 -0.0157609 0.6806302 0.0241981 -0.1524247 0.0071507 0.9879929
3.427467 -0.1506289 -0.0194915 0.7433615 0.0329058 -0.1566101 0.0059760 0.9870941
3.635476 -0.1730852 -0.0241891 0.8082580 0.0415085 -0.1609857 0.0037058 0.9860765
3.843522 -0.1965798 -0.0305899 0.8743950 0.0483521 -0.1661390 0.0008102 0.9849159
4.051384 -0.2222617 -0.0377035 0.9417599 0.0532475 -0.1710106 -0.0025229 0.9838260
4.259272 -0.2485921 -0.0453705 1.0111535 0.0538435 -0.1767247 -0.0033701 0.9827807
4.467802 -0.2765851 -0.0535375 1.0816839 0.0522231 -0.1834255 -0.0038256 0.9816380
4.676366 -0.3061678 -0.0614750 1.1530306 0.0481346 -0.1921621 -0.0049092 0.9801697
4.882642 -0.3386635 -0.0690676 1.2268646 0.0443109 -0.2012126 -0.0080871 0.9785115
5.090371 -0.3719968 -0.0764227 1.2990313 0.0432337 -0.2108214 -0.0087227 0.9765291
5.298151 -0.4076324 -0.0832598 1.3738302 0.0419861 -0.2200757 -0.0091822 0.9745356
5.505885 -0.4456396 -0.0901055 1.4509053 0.0385647 -0.2290505 -0.0080835 0.9726167
5.713619 -0.4856291 -0.0963072 1.5278301 0.0338690 -0.2372486 -0.0086660 0.9708197
5.921350 -0.5280605 -0.1021570 1.6063422 0.0322572 -0.2446589 -0.0076318 0.9690424
6.129103 -0.5723081 -0.1077585 1.6849768 0.0305901 -0.2508591 -0.0067563 0.9675165
6.336918 -0.6181580 -0.1136972 1.7668908 0.0301918 -0.2559591 -0.0048729 0.9662037
6.545512 -0.6670018 -0.1195447 1.8503275 0.0300818 -0.2577373 -0.0053140 0.9657320
6.752638 -0.7164551 -0.1257807 1.9349372 0.0287583 -0.2581162 -0.0048053 0.9656738
6.960403 -0.7670783 -0.1315878 2.0226593 0.0286874 -0.2601070 -0.0023224 0.9651508
7.168161 -0.8193324 -0.1377086 2.1104102 0.0256522 -0.2636775 -0.0017037 0.9642683
7.375748 -0.8726994 -0.1439483 2.1991515 0.0221842 -0.2702432 -0.0005139 0.9625363
7.583886 -0.9269968 -0.1500145 2.2858281 0.0243173 -0.2807912 0.0022750 0.9594581
7.790766 -0.9848128 -0.1556193 2.3721614 0.0219648 -0.2913450 0.0006971 0.9563656
7.998481 -1.0438718 -0.1608885 2.4564905 0.0213417 -0.2991649 -0.0017218 0.9539612
8.206229 -1.1033463 -0.1665015 2.5393360 0.0271567 -0.3046540 -0.0011923 0.9520751
8.413979 -1.1637183 -0.1727571 2.6214931 0.0259954 -0.3100353 -0.0013517 0.9503686
8.621720 -1.2253075 -0.1779798 2.7025805 0.0223991 -0.3149163 -0.0027456 0.9488511
8.829907 -1.2884170 -0.1837180 2.7851708 0.0235099 -0.3203728 -0.0026773 0.9469960
9.038033 -1.3522067 -0.1898887 2.8670738 0.0243434 -0.3270368 -0.0007310 0.9446977
9.244879 -1.4183730 -0.1955696 2.9487050 0.0237117 -0.3342746 -0.0009691 0.9421769
9.452542 -1.4850664 -0.2016059 3.0284936 0.0243588 -0.3424236 0.0002401 0.9392298
9.659968 -1.5538723 -0.2072757 3.1078956 0.0252436 -0.3506824 0.0016175 0.9361528
9.869005 -1.6246753 -0.2139133 3.1873679 0.0255218 -0.3596141 0.0027167 0.9327481
10.074930 -1.6984129 -0.2206756 3.2653437 0.0235763 -0.3683237 0.0038730 0.9293905
10.282360 -1.7720189 -0.2267680 3.3430622 0.0245141 -0.3775964 0.0052420 0.9256309
10.489860 -1.8501035 -0.2327927 3.4198415 0.0244856 -0.3850994 0.0045864 0.9225388
10.697400 -1.9294441 -0.2392765 3.4956722 0.0251175 -0.3915897 0.0043713 0.9197867
10.801110 -1.9690263 -0.2425403 3.5322773 0.0266370 -0.3947065 0.0046059 0.9184095
11.008770 -2.0505230 -0.2496240 3.6085000 0.0274707 -0.4015032 0.0063411 0.9154236
11.216240 -2.1338425 -0.2562508 3.6834970 0.0264481 -0.4078093 0.0064394 0.9126613
11.423780 -2.2190168 -0.2636366 3.7581317 0.0262733 -0.4140247 0.0075203 0.9098554
11.631420 -2.3058200 -0.2707536 3.8318338 0.0257522 -0.4190609 0.0084129 0.9075539
11.839050 -2.3920414 -0.2783420 3.9034739 0.0267220 -0.4238152 0.0115749 0.9052804
12.046270 -2.4792099 -0.2861610 3.9745374 0.0254911 -0.4303095 0.0161139 0.9021775
12.253600 -2.5681934 -0.2939387 4.0449157 0.0233594 -0.4404640 0.0196285 0.8972517
12.460990 -2.6594408 -0.3017021 4.1123605 0.0220146 -0.4504989 0.0191896 0.8922992
12.668390 -2.7526631 -0.3092040 4.1781335 0.0237033 -0.4612014 0.0202369 0.8867480
12.875730 -2.8475912 -0.3173048 4.2416296 0.0226918 -0.4717004 0.0219927 0.8811924
13.083110 -2.9454236 -0.3253351 4.3042135 0.0220783 -0.4826918 0.0225735 0.8752209
13.290730 -3.0446501 -0.3336836 4.3647890 0.0230881 -0.4933499 0.0228243 0.8692249
13.498010 -3.1452250 -0.3425491 4.4222999 0.0241294 -0.5030899 0.0224452 0.8636056
13.705510 -3.2462811 -0.3511353 4.4780078 0.0220178 -0.5117761 0.0213831 0.8585705
13.912900 -3.3494964 -0.3594184 4.5319147 0.0222412 -0.5190857 0.0233893 0.8541126
14.120270 -3.4532883 -0.3685058 4.5850906 0.0231571 -0.5255252 0.0261441 0.8500609
14.327630 -3.5574536 -0.3780581 4.6356134 0.0228519 -0.5299705 0.0289430 0.8472139
14.538380 -3.6616094 -0.3869635 4.6869798 0.0183083 -0.5341602 0.0292404 0.8446791
14.742390 -3.7665408 -0.3958956 4.7362614 0.0165287 -0.5371795 0.0298274 0.8427783
14.950000 -3.8708038 -0.4043691 4.7843919 0.0139873 -0.5394957 0.0303732 0.8413241
15.157490 -3.9731171 -0.4117144 4.8317785 0.0124419 -0.5416967 0.0325591 0.8398510
15.365030 -4.0738187 -0.4197347 4.8768225 0.0093204 -0.5436406 0.0333359 0.8386040
15.572680 -4.1743469 -0.4267326 4.9212465 0.0085012 -0.5450482 0.0360349 0.8375868
15.780370 -4.2713385 -0.4351830 4.9637032 0.0096836 -0.5449069 0.0357881 0.8376765
15.988000 -4.3649607 -0.4427871 5.0057950 0.0116199 -0.5422239 0.0343985 0.8394492
16.195700 -4.4572191 -0.4499516 5.0482454 0.0123783 -0.5373667 0.0347696 0.8425407
16.403370 -4.5486617 -0.4573646 5.0920429 0.0129822 -0.5304921 0.0323246 0.8469739
16.611110 -4.6382523 -0.4649926 5.1363435 0.0131190 -0.5217388 0.0311543 0.8524354
16.818850 -4.7261667 -0.4720252 5.1827984 0.0158849 -0.5119330 0.0307080 0.8583294
16.922750 -4.7689648 -0.4757626 5.2067571 0.0173521 -0.5064908 0.0301350 0.8615439
17.026730 -4.8125291 -0.4793863 5.2310162 0.0176431 -0.5001051 0.0289778 0.8652999
17.130540 -4.8544126 -0.4829823 5.2554827 0.0172704 -0.4936259 0.0277026 0.8690614
17.234250 -4.8950410 -0.4866408 5.2801085 0.0165859 -0.4872536 0.0265959 0.8726978
17.338110 -4.9359431 -0.4897785 5.3055859 0.0166654 -0.4810798 0.0263558 0.8761221
17.545790 -5.0154247 -0.4970117 5.3583298 0.0173297 -0.4692698 0.0266972 0.8824810
17.753120 -5.0930090 -0.5039302 5.4124527 0.0173847 -0.4570959 0.0271092 0.8888342
17.857050 -5.1301465 -0.5076640 5.4400549 0.0165005 -0.4515846 0.0261349 0.8916928
18.064140 -5.2032332 -0.5138437 5.4954772 0.0149624 -0.4401779 0.0247390 0.8974450
18.167890 -5.2389321 -0.5165470 5.5232868 0.0161828 -0.4343284 0.0241042 0.9002866
18.375420 -5.3076482 -0.5227664 5.5790472 0.0170206 -0.4231257 0.0230830 0.9056170
18.582900 -5.3732171 -0.5285582 5.6362400 0.0153076 -0.4126126 0.0216837 0.9105198
18.686620 -5.4051137 -0.5312589 5.6649575 0.0148553 -0.4077438 0.0217581 0.9127163
18.790260 -5.4366322 -0.5338150 5.6932244 0.0153086 -0.4027640 0.0211281 0.9149319
18.894080 -5.4679208 -0.5364545 5.7222285 0.0151847 -0.3980846 0.0206989 0.9169894
18.997780 -5.4983778 -0.5388831 5.7510791 0.0141139 -0.3934792 0.0197436 0.9190131
19.101510 -5.5283699 -0.5412526 5.7802739 0.0132217 -0.3888066 0.0184525 0.9210397
19.205270 -5.5573568 -0.5436549 5.8089576 0.0129126 -0.3840689 0.0177899 0.9230427
19.309140 -5.5860815 -0.5459145 5.8377891 0.0129913 -0.3790317 0.0173440 0.9251299
19.412890 -5.6138854 -0.5478931 5.8663983 0.0130256 -0.3737189 0.0158296 0.9273155
19.620500 -5.6675224 -0.5518935 5.9241066 0.0106181 -0.3611141 0.0134204 0.9323646
19.828250 -5.7186832 -0.5560594 5.9824214 0.0111944 -0.3468045 0.0113795 0.9378016
20.035950 -5.7672310 -0.5595845 6.0416932 0.0119495 -0.3319581 0.0113708 0.9431499
20.243550 -5.8139324 -0.5630226 6.1021585 0.0099119 -0.3160167 0.0102576 0.9486464
20.451300 -5.8582616 -0.5660985 6.1635962 0.0073304 -0.3004531 0.0095516 0.9537206
20.658750 -5.9000201 -0.5685069 6.2266483 0.0053871 -0.2872373 0.0102203 0.9577898
20.868590 -5.9413209 -0.5707685 6.2907553 0.0054760 -0.2749541 0.0095282 0.9613945
21.074000 -5.9811172 -0.5731001 6.3569164 0.0051138 -0.2626593 0.0079361 0.9648424
21.281800 -6.0192709 -0.5753620 6.4243536 0.0053884 -0.2517417 0.0088336 0.9677392
21.488760 -6.0568228 -0.5772111 6.4932690 0.0052776 -0.2437105 0.0089908 0.9697920
21.696840 -6.0943851 -0.5790181 6.5646300 0.0019979 -0.2370335 0.0065928 0.9714771
21.903660 -6.1314878 -0.5804682 6.6375036 -0.0001272 -0.2298714 0.0043003 0.9732115
22.111130 -6.1687164 -0.5810907 6.7134285 -0.0024035 -0.2224464 0.0031997 0.9749367
22.422590 -6.2238173 -0.5817707 6.8325796 -0.0040825 -0.2097618 0.0038541 0.9777364
22.735920 -6.2763300 -0.5822342 6.9566121 -0.0025140 -0.1941273 0.0061492 0.9809539
22.941740 -6.3102398 -0.5824379 7.0431252 -0.0020832 -0.1785810 0.0031911 0.9839178
23.149820 -6.3424416 -0.5828689 7.1324835 -0.0039983 -0.1582937 -0.0002197 0.9873840
23.461620 -6.3832822 -0.5835568 7.2722497 -0.0065349 -0.1252016 -0.0020489 0.9921077
23.773430 -6.4148016 -0.5820510 7.4201360 -0.0119494 -0.0913689 -0.0051590 0.9957321
24.085120 -6.4388561 -0.5802685 7.5762434 -0.0104945 -0.0581517 -0.0062592 0.9982330
24.396610 -6.4525409 -0.5782218 7.7380266 -0.0130581 -0.0277417 -0.0064027 0.9995093
24.708120 -6.4561591 -0.5755173 7.9044361 -0.0137171 0.0028924 -0.0090924 0.9998604
25.019370 -6.4498839 -0.5732579 8.0783520 -0.0109693 0.0322220 -0.0110533 0.9993594
25.330500 -6.4335656 -0.5722502 8.2575769 -0.0063871 0.0608834 -0.0119079 0.9980534
25.641640 -6.4070063 -0.5737919 8.4401512 0.0008746 0.0878709 -0.0146102 0.9960244
25.952760 -6.3684783 -0.5773502 8.6258602 0.0021142 0.1143268 -0.0146833 0.9933324
26.264020 -6.3196020 -0.5815220 8.8166246 0.0064224 0.1402016 -0.0160746 0.9899716
26.471490 -6.2810602 -0.5855747 8.9434166 0.0075970 0.1583381 -0.0187084 0.9871784
26.782860 -6.2126961 -0.5918905 9.1370668 0.0133471 0.1857677 -0.0187229 0.9823247
27.094360 -6.1328506 -0.6026269 9.3258228 0.0174077 0.2201010 -0.0225944 0.9750600
27.302140 -6.0704899 -0.6110322 9.4502964 0.0190132 0.2476101 -0.0265005 0.9683106
27.613650 -5.9627361 -0.6247963 9.6357822 0.0217226 0.2882775 -0.0286861 0.9568706
27.821250 -5.8811474 -0.6352625 9.7545233 0.0263547 0.3143942 -0.0293846 0.9484715
28.028750 -5.7945609 -0.6471127 9.8658218 0.0291753 0.3383462 -0.0298854 0.9400944
28.236530 -5.7010012 -0.6594568 9.9769974 0.0308640 0.3602378 -0.0294779 0.9318837
28.443750 -5.6006532 -0.6732128 10.0829678 0.0339456 0.3798754 -0.0289275 0.9239619
28.651150 -5.4968710 -0.6878899 10.1845140 0.0374597 0.3985220 -0.0289045 0.9159375
28.858560 -5.3874979 -0.7029612 10.2836027 0.0375285 0.4175033 -0.0297993 0.9074109
29.065910 -5.2763853 -0.7186400 10.3761492 0.0346718 0.4375265 -0.0318406 0.8979725
29.273280 -5.1625557 -0.7344176 10.4627419 0.0340738 0.4568176 -0.0344742 0.8882388
29.480640 -5.0468330 -0.7501848 10.5427771 0.0333473 0.4763285 -0.0367015 0.8778680
29.688050 -4.9283781 -0.7655811 10.6168461 0.0302368 0.4976922 -0.0367027 0.8660491
29.895500 -4.8096108 -0.7801865 10.6832132 0.0282468 0.5184396 -0.0363848 0.8538727
30.102880 -4.6904435 -0.7944421 10.7419500 0.0279615 0.5380935 -0.0359450 0.8416540
30.310460 -4.5697637 -0.8080223 10.7952757 0.0299375 0.5571223 -0.0345338 0.8291718
30.517900 -4.4472451 -0.8226373 10.8422203 0.0289991 0.5753769 -0.0338208 0.8166741
30.725440 -4.3255501 -0.8368111 10.8831701 0.0338002 0.5915903 -0.0388648 0.8045918
30.932900 -4.2061367 -0.8520685 10.9188738 0.0361372 0.6073828 -0.0445819 0.7923337
31.140380 -4.0874653 -0.8679674 10.9490204 0.0334934 0.6231790 -0.0476413 0.7799079
31.347870 -3.9688377 -0.8836533 10.9745598 0.0314754 0.6382659 -0.0486885 0.7676297
31.555400 -3.8505244 -0.8991895 10.9945450 0.0312429 0.6524918 -0.0494835 0.7555327
31.762890 -3.7336140 -0.9145288 11.0103388 0.0315089 0.6664958 -0.0530558 0.7429506
31.970400 -3.6176090 -0.9297840 11.0207434 0.0289729 0.6786042 -0.0508984 0.7321655
32.177810 -3.5036302 -0.9443312 11.0277834 0.0268672 0.6883872 -0.0479788 0.7232561
32.385170 -3.3922768 -0.9584961 11.0325346 0.0278237 0.6952149 -0.0488811 0.7165980
32.696160 -3.2300296 -0.9802245 11.0365295 0.0323411 0.7010369 -0.0548076 0.7102799
32.903550 -3.1248534 -0.9941293 11.0383968 0.0297017 0.7042477 -0.0536324 0.7073023
33.110900 -3.0209866 -1.0072823 11.0390444 0.0258696 0.7058915 -0.0481477 0.7062081
33.318440 -2.9195910 -1.0193914 11.0393505 0.0276520 0.7053493 -0.0502947 0.7065325
33.525770 -2.8197336 -1.0324852 11.0403233 0.0271777 0.7037061 -0.0529505 0.7079939
33.733120 -2.7202356 -1.0455532 11.0420914 0.0270955 0.7009973 -0.0547755 0.7105408
33.940910 -2.6228859 -1.0580674 11.0448875 0.0264289 0.6969671 -0.0555832 0.7144572
34.147880 -2.5284860 -1.0705539 11.0490026 0.0269128 0.6920481 -0.0531801 0.7193865
34.355380 -2.4347615 -1.0824666 11.0545578 0.0271765 0.6871128 -0.0534880 0.7240694
34.563020 -2.3398414 -1.0944924 11.0613508 0.0253737 0.6821954 -0.0527998 0.7288195
34.874180 -2.2007713 -1.1112934 11.0731268 0.0264040 0.6743863 -0.0524786 0.7360380
35.081760 -2.1087871 -1.1230339 11.0830259 0.0269786 0.6694632 -0.0540064 0.7403880
35.289260 -2.0169227 -1.1349406 11.0942774 0.0262892 0.6644067 -0.0544278 0.7449229
35.496880 -1.9253169 -1.1460861 11.1062107 0.0246782 0.6595556 -0.0535009 0.7493431
35.704390 -1.8340503 -1.1575323 11.1190548 0.0251522 0.6542153 -0.0530571 0.7540256
35.911880 -1.7449589 -1.1685882 11.1341457 0.0274123 0.6482850 -0.0521419 0.7591155
36.119380 -1.6556544 -1.1799601 11.1500978 0.0288042 0.6408298 -0.0531118 0.7653016
36.326820 -1.5668706 -1.1911072 11.1680059 0.0264644 0.6358886 -0.0532155 0.7694890
36.534410 -1.4774263 -1.2021269 11.1862736 0.0264199 0.6332570 -0.0547270 0.7715520
36.742000 -1.3867860 -1.2131556 11.2053013 0.0274927 0.6309515 -0.0544043 0.7734239
36.949590 -1.2956798 -1.2247136 11.2246084 0.0290278 0.6282648 -0.0531697 0.7756376
37.157030 -1.2029468 -1.2361752 11.2452984 0.0288548 0.6253839 -0.0523249 0.7780260
37.364510 -1.1107035 -1.2474793 11.2668762 0.0280764 0.6224285 -0.0495564 0.7806014
37.572000 -1.0189148 -1.2586298 11.2887573 0.0305976 0.6174635 -0.0496647 0.7844336
37.779750 -0.9280243 -1.2697427 11.3129578 0.0302012 0.6121837 -0.0489525 0.7886207
38.090970 -0.7930679 -1.2863358 11.3512278 0.0329630 0.6006457 -0.0461819 0.7974995
38.298280 -0.7038646 -1.2971592 11.3794079 0.0320084 0.5916812 -0.0449782 0.8042797
38.505750 -0.6159177 -1.3080325 11.4095020 0.0317351 0.5826675 -0.0459580 0.8107893
38.713300 -0.5280883 -1.3191009 11.4411335 0.0319969 0.5735440 -0.0473423 0.8171794
38.920770 -0.4413590 -1.3300287 11.4751129 0.0299369 0.5653295 -0.0480430 0.8229206
39.128410 -0.3562484 -1.3406842 11.5097685 0.0288400 0.5584995 -0.0471708 0.8276602
39.335930 -0.2708654 -1.3508424 11.5464754 0.0273429 0.5513263 -0.0479625 0.8324609
39.543570 -0.1883841 -1.3608476 11.5840931 0.0284954 0.5442424 -0.0488532 0.8370194
39.751160 -0.1060824 -1.3713269 11.6220894 0.0278320 0.5365862 -0.0475420 0.8420453
39.958670 -0.0259085 -1.3810117 11.6622868 0.0253360 0.5288789 -0.0462560 0.8470570
40.166160 0.0528970 -1.3902422 11.7033691 0.0229741 0.5208414 -0.0462796 0.8520884
40.373770 0.1302433 -1.3987682 11.7460194 0.0216613 0.5131065 -0.0462971 0.8568017
40.581350 0.2067113 -1.4076850 11.7897453 0.0207242 0.5051161 -0.0465602 0.8615453
40.788800 0.2824936 -1.4157660 11.8345041 0.0213510 0.4967703 -0.0464081 0.8663774
40.996290 0.3572598 -1.4237624 11.8808575 0.0200795 0.4890734 -0.0453771 0.8708301
41.203950 0.4319320 -1.4319857 11.9282436 0.0174168 0.4834594 -0.0443395 0.8740696
41.411540 0.5066748 -1.4392904 11.9767113 0.0144712 0.4798104 -0.0431105 0.8761929
41.619170 0.5811586 -1.4460273 12.0255356 0.0123440 0.4776138 -0.0417715 0.8774895
41.826800 0.6549177 -1.4528787 12.0743103 0.0134081 0.4758974 -0.0427976 0.8783565
42.034430 0.7297211 -1.4596753 12.1239223 0.0137260 0.4740653 -0.0416978 0.8793947
42.241880 0.8044581 -1.4663258 12.1741924 0.0121669 0.4729365 -0.0389791 0.8801498
42.449700 0.8793430 -1.4726381 12.2237053 0.0095415 0.4713618 -0.0369698 0.8811131
42.657050 0.9557047 -1.4784089 12.2767124 0.0087433 0.4710591 -0.0369888 0.8812824
42.864650 1.0308118 -1.4838904 12.3271637 0.0073658 0.4704333 -0.0369548 0.8816307
43.176100 1.1445174 -1.4910281 12.4046907 0.0047276 0.4695532 -0.0352828 0.8821862
43.487270 1.2579484 -1.4990194 12.4823475 0.0020878 0.4675440 -0.0331862 0.8833442
43.798460 1.3701138 -1.5055612 12.5609970 0.0005379 0.4640192 -0.0318892 0.8852508
44.005890 1.4449630 -1.5093061 12.6140118 -0.0016502 0.4600141 -0.0293787 0.8874239
44.213300 1.5184493 -1.5129671 12.6671162 -0.0014686 0.4535061 -0.0269707 0.8908437
44.421790 1.5903401 -1.5160953 12.7216549 -0.0020292 0.4468689 -0.0280986 0.8941557
44.628020 1.6611676 -1.5191445 12.7768269 -0.0047485 0.4396217 -0.0259318 0.8977960
44.835670 1.7306967 -1.5215737 12.8332767 -0.0041180 0.4308585 -0.0240714 0.9020890
45.043060 1.7998886 -1.5238804 12.8920174 -0.0036096 0.4201524 -0.0227756 0.9071605
45.250540 1.8684893 -1.5259296 12.9542694 -0.0052107 0.4096124 -0.0216294 0.9119883
45.458050 1.9357786 -1.5278654 13.0170450 -0.0070072 0.3984851 -0.0208997 0.9169099
45.665520 2.0020113 -1.5297314 13.0820007 -0.0107090 0.3876480 -0.0194979 0.9215390
45.873020 2.0683441 -1.5302085 13.1492481 -0.0131914 0.3764261 -0.0149553 0.9262320
46.080690 2.1335459 -1.5301619 13.2194166 -0.0121126 0.3638368 -0.0111167 0.9313176
46.391460 2.2277946 -1.5291303 13.3290386 -0.0149653 0.3444409 -0.0074701 0.9386590
46.598920 2.2887616 -1.5281425 13.4044952 -0.0162070 0.3312297 -0.0054563 0.9433952
46.806400 2.3481255 -1.5268340 13.4826088 -0.0173299 0.3184712 -0.0059621 0.9477554
47.013900 2.4052730 -1.5252055 13.5628662 -0.0188666 0.3086270 -0.0086733 0.9509565
47.221650 2.4615622 -1.5238829 13.6437035 -0.0185467 0.2992955 -0.0107341 0.9539198
47.429220 2.5166550 -1.5223421 13.7268677 -0.0227192 0.2905892 -0.0126968 0.9564939
47.636820 2.5714684 -1.5197712 13.8133774 -0.0250699 0.2830404 -0.0164276 0.9586395
47.844470 2.6253176 -1.5173309 13.9013138 -0.0281753 0.2775254 -0.0201056 0.9600946
48.052150 2.6790566 -1.5144743 13.9891949 -0.0236176 0.2747124 -0.0239608 0.9609377
48.259930 2.7323623 -1.5121877 14.0762577 -0.0221377 0.2731877 -0.0267584 0.9613336
48.467570 2.7859607 -1.5114514 14.1654119 -0.0233939 0.2725273 -0.0260980 0.9615095
48.778960 2.8687010 -1.5088333 14.2997675 -0.0214111 0.2706846 -0.0247481 0.9621117
48.986440 2.9238086 -1.5073081 14.3906651 -0.0207801 0.2682001 -0.0233285 0.9628565
49.193760 2.9778647 -1.5059619 14.4829769 -0.0211880 0.2629857 -0.0223546 0.9643080
49.401170 3.0311015 -1.5044762 14.5757236 -0.0208819 0.2530322 -0.0203337 0.9670187
49.608640 3.0808582 -1.5027469 14.6701183 -0.0211498 0.2410011 -0.0209626 0.9700679
49.816010 3.1281006 -1.5015180 14.7647085 -0.0230259 0.2281478 -0.0215999 0.9731145
50.023270 3.1730490 -1.4996269 14.8605003 -0.0238507 0.2149682 -0.0204299 0.9761160
50.230760 3.2144403 -1.4972657 14.9572935 -0.0244975 0.2017260 -0.0205032 0.9789209
50.438290 3.2534080 -1.4947307 15.0548811 -0.0241578 0.1884270 -0.0236885 0.9815042
50.645900 3.2891939 -1.4925734 15.1537619 -0.0252438 0.1781754 -0.0283177 0.9832672
50.853640 3.3239596 -1.4903588 15.2529545 -0.0254515 0.1718725 -0.0292995 0.9843544
51.061270 3.3583691 -1.4883518 15.3517370 -0.0248988 0.1670485 -0.0276481 0.9852464
51.268910 3.3920517 -1.4859920 15.4507113 -0.0236097 0.1616513 -0.0259710 0.9862236
51.476390 3.4243050 -1.4840732 15.5504999 -0.0219087 0.1562343 -0.0261079 0.9871318
51.683890 3.4551272 -1.4816732 15.6512175 -0.0221197 0.1496101 -0.0264331 0.9881442
51.891290 3.4841967 -1.4791954 15.7521448 -0.0251017 0.1428207 -0.0268396 0.9890661
52.098770 3.5120227 -1.4770880 15.8521833 -0.0225766 0.1378284 -0.0257274 0.9898645
52.202390 3.5260587 -1.4762207 15.9018936 -0.0218903 0.1357391 -0.0243581 0.9902032
52.410020 3.5523701 -1.4733770 15.9996281 -0.0219212 0.1348066 -0.0246331 0.9903231
52.617770 3.5783281 -1.4721153 16.0953503 -0.0237389 0.1427286 -0.0286368 0.9890627
52.825640 3.6061983 -1.4702158 16.1885834 -0.0243594 0.1547838 -0.0308683 0.9871655
53.033270 3.6363010 -1.4687846 16.2785110 -0.0248228 0.1634648 -0.0288397 0.9858150
53.240640 3.6667218 -1.4670839 16.3659611 -0.0229250 0.1677566 -0.0274246 0.9851802
53.448020 3.6962941 -1.4657834 16.4520016 -0.0213388 0.1661150 -0.0256825 0.9855409
53.655390 3.7243264 -1.4647384 16.5374775 -0.0203680 0.1579415 -0.0227946 0.9869752
53.862640 3.7496357 -1.4636141 16.6224499 -0.0198101 0.1450800 -0.0198618 0.9890222
54.069890 3.7733674 -1.4620357 16.7080212 -0.0193602 0.1261320 -0.0156027 0.9917018
54.277140 3.7919497 -1.4609487 16.7942657 -0.0182981 0.1037752 -0.0136186 0.9943392
54.380770 3.7993753 -1.4603301 16.8373775 -0.0180245 0.0913007 -0.0136890 0.9955661
54.588020 3.8112755 -1.4587662 16.9247875 -0.0155726 0.0638423 -0.0132329 0.9977508
54.691640 3.8146567 -1.4580326 16.9681110 -0.0151087 0.0493807 -0.0144301 0.9985615
54.795390 3.8172290 -1.4571189 17.0115891 -0.0149505 0.0342286 -0.0148193 0.9991923
55.002770 3.8179557 -1.4557056 17.0988007 -0.0146011 0.0031994 -0.0145792 0.9997820
55.210270 3.8136740 -1.4547660 17.1851063 -0.0135484 -0.0268294 -0.0144381 0.9994439
55.418020 3.8043137 -1.4537426 17.2721138 -0.0119825 -0.0502324 -0.0167439 0.9985253
55.626020 3.7916186 -1.4517710 17.3609028 -0.0162451 -0.0640600 -0.0227935 0.9975535
55.834140 3.7783113 -1.4502501 17.4501534 -0.0126081 -0.0683437 -0.0256475 0.9972524
56.042270 3.7648056 -1.4486867 17.5414257 -0.0091586 -0.0675698 -0.0274149 0.9972958
56.250540 3.7521379 -1.4479879 17.6347256 -0.0097476 -0.0644645 -0.0270261 0.9975063
56.458520 3.7397745 -1.4467428 17.7297344 -0.0062540 -0.0618257 -0.0249486 0.9977555
56.666390 3.7280254 -1.4465569 17.8273411 -0.0027134 -0.0600822 -0.0229946 0.9979249
56.874270 3.7153308 -1.4468659 17.9270535 -0.0047177 -0.0589450 -0.0245800 0.9979474
57.081890 3.7023201 -1.4464844 18.0291290 -0.0053487 -0.0585343 -0.0265364 0.9979183
57.289520 3.6887381 -1.4457210 18.1322994 -0.0046486 -0.0588770 -0.0283758 0.9978511
57.497020 3.6753814 -1.4454981 18.2374687 -0.0019363 -0.0602083 -0.0284233 0.9977792
57.704420 3.6619320 -1.4457972 18.3436394 -0.0014741 -0.0642836 -0.0251994 0.9976124
57.911640 3.6465256 -1.4466726 18.4489803 -0.0023901 -0.0720385 -0.0203162 0.9971920
58.222770 3.6202266 -1.4488729 18.6066628 -0.0009521 -0.0868363 -0.0168457 0.9960797
58.430270 3.5994561 -1.4498549 18.7117405 -0.0014189 -0.0961586 -0.0160505 0.9952356
58.637900 3.5771499 -1.4508669 18.8158817 -0.0006860 -0.1052238 -0.0155718 0.9943264
58.845400 3.5527766 -1.4522264 18.9191895 0.0007981 -0.1136213 -0.0156925 0.9933999
59.052900 3.5277095 -1.4537791 19.0213547 0.0012095 -0.1212659 -0.0157504 0.9924943
59.260530 3.5011916 -1.4556688 19.1223640 0.0019604 -0.1271994 -0.0128276 0.9917923
59.468030 3.4738202 -1.4575226 19.2232876 0.0063903 -0.1330046 -0.0082534 0.9910604
59.675530 3.4451962 -1.4598024 19.3236980 0.0048244 -0.1385326 -0.0063175 0.9903260
59.883150 3.4154925 -1.4620085 19.4248867 0.0047683 -0.1428091 -0.0059448 0.9897209
60.090780 3.3845654 -1.4642203 19.5260487 0.0034024 -0.1456757 -0.0062198 0.9893070
60.298400 3.3534622 -1.4658097 19.6276417 0.0002934 -0.1469069 -0.0039146 0.9891425
60.506060 3.3229771 -1.4667245 19.7293224 -0.0010224 -0.1480433 0.0011510 0.9889797
60.713810 3.2917328 -1.4681947 19.8315277 -0.0010490 -0.1492121 0.0042537 0.9887955
60.921300 3.2599049 -1.4696937 19.9342747 -0.0017814 -0.1505006 0.0055656 0.9885927
61.128990 3.2274065 -1.4707111 20.0366306 -0.0035820 -0.1518342 0.0035951 0.9883929
61.336500 3.1941657 -1.4712517 20.1380215 -0.0055022 -0.1523144 0.0010372 0.9883162
61.440150 3.1778555 -1.4715815 20.1887379 -0.0062649 -0.1521954 0.0004724 0.9883305
61.647800 3.1457601 -1.4717839 20.2898331 -0.0076997 -0.1508041 -0.0003805 0.9885336
61.855290 3.1140056 -1.4718796 20.3910866 -0.0099427 -0.1493185 -0.0009675 0.9887387
62.062800 3.0827889 -1.4715254 20.4911976 -0.0116987 -0.1478507 -0.0035090 0.9889343
62.270350 3.0515647 -1.4707618 20.5909805 -0.0112754 -0.1462931 -0.0032214 0.9891718
62.477810 3.0216136 -1.4703331 20.6898994 -0.0138190 -0.1451742 -0.0025166 0.9893064
62.685330 2.9919901 -1.4692490 20.7884407 -0.0164543 -0.1441469 -0.0007722 0.9894192
62.892780 2.9632320 -1.4676503 20.8862667 -0.0169143 -0.1432436 0.0020837 0.9895407
63.100390 2.9345970 -1.4662035 20.9827843 -0.0177754 -0.1428920 0.0052718 0.9895646
63.307710 2.9060421 -1.4649231 21.0783463 -0.0177497 -0.1428438 0.0065408 0.9895645
63.515270 2.8780189 -1.4633108 21.1733494 -0.0202102 -0.1433758 0.0066583 0.9894395
63.722540 2.8498683 -1.4617738 21.2660370 -0.0205004 -0.1436398 0.0065294 0.9893962
63.929910 2.8223648 -1.4601120 21.3583069 -0.0206305 -0.1439135 0.0071195 0.9893496
64.137290 2.7951283 -1.4583904 21.4497986 -0.0222503 -0.1447313 0.0077126 0.9891907
64.344770 2.7685251 -1.4562645 21.5394764 -0.0222551 -0.1454795 0.0073553 0.9890836
64.552380 2.7409134 -1.4540143 21.6280823 -0.0231722 -0.1452757 0.0055628 0.9891042
64.759950 2.7141166 -1.4515514 21.7161350 -0.0249836 -0.1451862 0.0046192 0.9890781
64.967450 2.6876416 -1.4488606 21.8032532 -0.0281982 -0.1456713 0.0042369 0.9889221
65.174920 2.6613588 -1.4454700 21.8895683 -0.0319594 -0.1474043 0.0047787 0.9885483
65.382430 2.6345115 -1.4416690 21.9757652 -0.0341851 -0.1492460 0.0059420 0.9881911
65.589790 2.6078506 -1.4372349 22.0609264 -0.0350624 -0.1511521 0.0060184 0.9878702
65.797310 2.5815601 -1.4324226 22.1445332 -0.0357308 -0.1518520 0.0075904 0.9877281
66.004800 2.5556703 -1.4282492 22.2269001 -0.0359209 -0.1511291 0.0081190 0.9878278
66.212160 2.5310793 -1.4240366 22.3079662 -0.0367891 -0.1506359 0.0112277 0.9878408
66.419700 2.5063214 -1.4200858 22.3855648 -0.0365385 -0.1500079 0.0112128 0.9879458
66.627050 2.4828744 -1.4167624 22.4615765 -0.0347746 -0.1492781 0.0120392 0.9881102
66.834590 2.4600115 -1.4133036 22.5353603 -0.0338929 -0.1485092 0.0113303 0.9882651
67.042030 2.4372959 -1.4098332 22.6081924 -0.0331163 -0.1475013 0.0132635 0.9884183
67.249580 2.4160600 -1.4064605 22.6802540 -0.0325898 -0.1449657 0.0130929 0.9888132
67.457250 2.3953681 -1.4037182 22.7525558 -0.0316339 -0.1389436 0.0135605 0.9897020
67.664920 2.3757319 -1.4001670 22.8253040 -0.0336785 -0.1281076 0.0100993 0.9911368
67.872840 2.3581529 -1.3967911 22.8987942 -0.0389422 -0.1127244 0.0084404 0.9928270
68.080710 2.3437057 -1.3926669 22.9718914 -0.0402073 -0.0926337 0.0064256 0.9948674
68.288670 2.3328407 -1.3881289 23.0455303 -0.0425700 -0.0684645 0.0042880 0.9967357
68.496670 2.3264418 -1.3830136 23.1194820 -0.0413372 -0.0416006 0.0049086 0.9982668
68.704540 2.3241858 -1.3782151 23.1931095 -0.0395774 -0.0149544 0.0054661 0.9990897
68.912190 2.3257210 -1.3736314 23.2679577 -0.0403189 0.0117829 0.0066291 0.9990954
69.119820 2.3311172 -1.3685091 23.3430290 -0.0412205 0.0374279 0.0086638 0.9984112
69.431290 2.3461301 -1.3609027 23.4559937 -0.0408862 0.0755514 0.0103496 0.9962496
69.638910 2.3613663 -1.3559549 23.5315475 -0.0393086 0.0993880 0.0116384 0.9942039
69.950110 2.3901427 -1.3486742 23.6459579 -0.0378443 0.1297062 0.0123718 0.9907528
70.157430 2.4128194 -1.3437849 23.7229176 -0.0369962 0.1481455 0.0119006 0.9882017
70.364970 2.4387994 -1.3387696 23.7996445 -0.0362828 0.1665983 0.0122798 0.9852806
70.572360 2.4681568 -1.3339584 23.8758144 -0.0369764 0.1850922 0.0136495 0.9819304
70.779670 2.5004888 -1.3290495 23.9523125 -0.0374520 0.2030274 0.0132962 0.9783662
70.987040 2.5356917 -1.3241215 24.0277672 -0.0348439 0.2204429 0.0133267 0.9746862
71.194400 2.5735621 -1.3191159 24.1021652 -0.0331479 0.2386640 0.0099108 0.9704857
71.401990 2.6149588 -1.3147593 24.1755104 -0.0346410 0.2595931 0.0090370 0.9650543
71.609450 2.6601439 -1.3104013 24.2467899 -0.0365370 0.2822913 0.0089253 0.9585912
71.817050 2.7090874 -1.3057996 24.3158226 -0.0368893 0.3082479 0.0091943 0.9505461
72.024670 2.7618122 -1.3010775 24.3810844 -0.0360989 0.3339959 0.0105190 0.9418243
72.232060 2.8176527 -1.2963172 24.4434090 -0.0359706 0.3587677 0.0131831 0.9326404
72.439440 2.8758287 -1.2921691 24.5027542 -0.0353753 0.3810225 0.0138379 0.9237852
72.646700 2.9369440 -1.2873276 24.5600166 -0.0351083 0.3995918 0.0156862 0.9158863
72.957660 3.0344744 -1.2792227 24.6434078 -0.0353493 0.4257192 0.0148991 0.9040418
73.165200 3.1029224 -1.2739379 24.6959534 -0.0361854 0.4432824 0.0167317 0.8954950
73.372690 3.1740665 -1.2681106 24.7470551 -0.0404141 0.4621055 0.0173168 0.8857343
73.580270 3.2479467 -1.2618332 24.7942886 -0.0392622 0.4825885 0.0176665 0.8747884
73.787750 3.3237038 -1.2562134 24.8375340 -0.0379721 0.5035208 0.0195490 0.8629268
73.995310 3.4035053 -1.2500148 24.8778229 -0.0359647 0.5250975 0.0231546 0.8499665
74.202790 3.4861135 -1.2442149 24.9144440 -0.0359611 0.5464897 0.0241175 0.8363457
74.410370 3.5719342 -1.2383578 24.9482498 -0.0350712 0.5681491 0.0226088 0.8218670
74.617850 3.6603222 -1.2326827 24.9774818 -0.0355600 0.5895545 0.0206481 0.8066812
74.825180 3.7518153 -1.2270436 25.0030670 -0.0364039 0.6113456 0.0204934 0.7902603
75.032640 3.8460236 -1.2207973 25.0227737 -0.0346128 0.6324130 0.0224241 0.7735327
75.240090 3.9422090 -1.2150991 25.0376167 -0.0340727 0.6523877 0.0243066 0.7567288
75.447460 4.0415449 -1.2086794 25.0478706 -0.0323921 0.6712310 0.0240993 0.7401479
75.654690 4.1414776 -1.2020367 25.0543747 -0.0330789 0.6897407 0.0246462 0.7228805
75.862200 4.2438912 -1.1952058 25.0555935 -0.0344667 0.7070279 0.0259443 0.7058686
76.069540 4.3471026 -1.1884392 25.0516281 -0.0346452 0.7243714 0.0241874 0.6881140
76.276990 4.4510531 -1.1818008 25.0425415 -0.0335604 0.7414801 0.0234223 0.6697256
76.484350 4.5561981 -1.1749812 25.0283852 -0.0331311 0.7574537 0.0248815 0.6515728
76.691750 4.6599264 -1.1681588 25.0089893 -0.0293137 0.7714760 0.0250849 0.6350875
76.899070 4.7644768 -1.1614903 24.9845371 -0.0292423 0.7841541 0.0243780 0.6193973
77.210160 4.9191532 -1.1528893 24.9400635 -0.0283024 0.8032323 0.0194292 0.5946759
77.417440 5.0237112 -1.1475581 24.9047089 -0.0297863 0.8153468 0.0194761 0.5778781
77.624880 5.1277151 -1.1424935 24.8654499 -0.0309407 0.8262952 0.0196946 0.5620419
77.832140 5.2306929 -1.1375675 24.8228016 -0.0293347 0.8339699 0.0216535 0.5506040
77.935700 5.2821722 -1.1345472 24.8005066 -0.0270430 0.8366292 0.0216449 0.5466734
78.142930 5.3839855 -1.1298451 24.7540035 -0.0231782 0.8397474 0.0254976 0.5418828
78.350300 5.4871607 -1.1245146 24.7066002 -0.0213582 0.8412016 0.0290989 0.5395154
78.557850 5.5912781 -1.1187000 24.6590023 -0.0230047 0.8418114 0.0306754 0.5384082
78.661450 5.6431508 -1.1155266 24.6354370 -0.0250244 0.8420881 0.0316812 0.5378268
78.765630 5.6935053 -1.1120038 24.6123428 -0.0257749 0.8424430 0.0331538 0.5371464
78.868800 5.7444525 -1.1086336 24.5885029 -0.0257784 0.8427712 0.0334075 0.5366154
78.972430 5.7947917 -1.1049221 24.5651760 -0.0251400 0.8431407 0.0323263 0.5361314
79.081780 5.8455038 -1.1010708 24.5411701 -0.0240464 0.8433297 0.0318119 0.5359148
79.179920 5.8948073 -1.0977490 24.5178967 -0.0226618 0.8435419 0.0321285 0.5356222
79.387330 5.9914975 -1.0917112 24.4718876 -0.0223807 0.8440136 0.0336951 0.5347943
79.491080 6.0398917 -1.0883137 24.4488907 -0.0230924 0.8440964 0.0348256 0.5345606
79.698570 6.1388149 -1.0805579 24.4030933 -0.0244819 0.8448458 0.0356297 0.5332605
79.906130 6.2372599 -1.0738101 24.3565693 -0.0251667 0.8453939 0.0357858 0.5323487
80.009790 6.2862730 -1.0697891 24.3329868 -0.0233076 0.8456261 0.0358289 0.5320616
80.217170 6.3863196 -1.0622317 24.2851830 -0.0221113 0.8456560 0.0361128 0.5320458
80.424740 6.4874082 -1.0547190 24.2375889 -0.0237558 0.8455782 0.0365008 0.5320722
80.632230 6.5887532 -1.0470136 24.1890564 -0.0213878 0.8453404 0.0326774 0.5327986
80.943530 6.7423143 -1.0367081 24.1160622 -0.0213371 0.8453808 0.0353538 0.5325655
81.150830 6.8457956 -1.0285887 24.0671501 -0.0215063 0.8455009 0.0342464 0.5324404
81.358350 6.9500914 -1.0217760 24.0177059 -0.0228968 0.8455423 0.0343706 0.5323087
81.462060 7.0032263 -1.0179187 23.9927330 -0.0226809 0.8456866 0.0342316 0.5320978
81.669620 7.1099229 -1.0105362 23.9421654 -0.0219370 0.8459290 0.0338830 0.5317658
81.773370 7.1637316 -1.0069385 23.9167633 -0.0214671 0.8461307 0.0340704 0.5314521
81.876950 7.2174711 -1.0033448 23.8912659 -0.0216551 0.8462361 0.0349266 0.5312209
81.980680 7.2716031 -0.9993738 23.8654499 -0.0224799 0.8462843 0.0351191 0.5310971
82.084440 7.3258300 -0.9953542 23.8399239 -0.0229713 0.8464449 0.0340991 0.5308866
82.188180 7.3804836 -0.9911947 23.8138542 -0.0244661 0.8465006 0.0315174 0.5308906
82.291790 7.4348679 -0.9871485 23.7882080 -0.0263690 0.8466935 0.0299837 0.5305806
82.395640 7.4896231 -0.9837257 23.7624245 -0.0284380 0.8467674 0.0297106 0.5303712
82.603060 7.5985990 -0.9764247 23.7097397 -0.0263854 0.8466862 0.0300409 0.5305882
82.706910 7.6532164 -0.9726927 23.6831932 -0.0244808 0.8466026 0.0310119 0.5307571
82.810450 7.7086210 -0.9689714 23.6561413 -0.0230281 0.8464103 0.0325386 0.5310372
82.914210 7.7629652 -0.9652904 23.6302528 -0.0227501 0.8464336 0.0335001 0.5309523
83.018010 7.8179874 -0.9622627 23.6040554 -0.0239651 0.8463767 0.0338801 0.5309654
83.225460 7.9269485 -0.9543008 23.5516987 -0.0245234 0.8461303 0.0333426 0.5313665
83.432930 8.0356226 -0.9470661 23.4989433 -0.0212881 0.8460997 0.0338664 0.5315216
83.640430 8.1450644 -0.9396588 23.4464130 -0.0182655 0.8453849 0.0338207 0.5327729
83.847930 8.2556877 -0.9323117 23.3943901 -0.0244075 0.8445840 0.0361112 0.5336462
84.055580 8.3647308 -0.9241605 23.3437824 -0.0249884 0.8435009 0.0334492 0.5355026
84.262850 8.4738522 -0.9169408 23.2943554 -0.0241265 0.8425595 0.0313830 0.5371466
84.470300 8.5824070 -0.9100422 23.2447319 -0.0249786 0.8419519 0.0311410 0.5380737
84.677950 8.6912374 -0.9029195 23.1955128 -0.0253323 0.8418598 0.0319961 0.5381510
84.885450 8.7983160 -0.8956705 23.1466351 -0.0246127 0.8424545 0.0303752 0.5373472
84.989500 8.8526487 -0.8922017 23.1216831 -0.0233268 0.8429330 0.0299893 0.5366754
85.196770 8.9578600 -0.8858024 23.0724964 -0.0217943 0.8441810 0.0310975 0.5347115
85.404100 9.0635328 -0.8791219 23.0225754 -0.0226491 0.8458308 0.0329461 0.5319510
85.507850 9.1156769 -0.8754452 22.9974480 -0.0220129 0.8466979 0.0337001 0.5305492
85.715200 9.2194080 -0.8685918 22.9468327 -0.0194780 0.8481987 0.0330309 0.5282884
85.922700 9.3225346 -0.8623546 22.8959770 -0.0194118 0.8499035 0.0320125 0.5256066
86.130110 9.4251089 -0.8556949 22.8454456 -0.0221664 0.8515576 0.0318337 0.5228241
86.337580 9.5239410 -0.8497385 22.7944679 -0.0242679 0.8526811 0.0316333 0.5209082
86.441310 9.5731993 -0.8468390 22.7706661 -0.0251211 0.8535192 0.0322437 0.5194557
86.648710 9.6686306 -0.8406025 22.7218399 -0.0261595 0.8544739 0.0324329 0.5178207
86.856060 9.7610884 -0.8347387 22.6740646 -0.0281878 0.8552507 0.0300174 0.5165758
87.063460 9.8505688 -0.8288841 22.6282921 -0.0299453 0.8554311 0.0291003 0.5162308
87.270810 9.9369106 -0.8237749 22.5838604 -0.0309607 0.8540593 0.0285524 0.5184678
87.478210 10.0213547 -0.8185048 22.5415115 -0.0314793 0.8506229 0.0278765 0.5240922
87.685550 10.1033335 -0.8129002 22.5022469 -0.0312567 0.8441716 0.0275102 0.5344534
87.789170 10.1440601 -0.8103953 22.4842567 -0.0315146 0.8400112 0.0267051 0.5409943
87.996680 10.2239075 -0.8044314 22.4522781 -0.0330746 0.8306503 0.0230475 0.5553333
88.204050 10.3057508 -0.8004445 22.4216919 -0.0324091 0.8203674 0.0200978 0.5705639
88.411430 10.3885069 -0.7959129 22.3942776 -0.0331706 0.8087248 0.0184383 0.5869616
88.618820 10.4720201 -0.7912082 22.3703423 -0.0346440 0.7964544 0.0186114 0.6034185
88.826180 10.5567827 -0.7863444 22.3501472 -0.0385891 0.7836263 0.0197707 0.6197176
89.033680 10.6416874 -0.7806322 22.3343639 -0.0427458 0.7708652 0.0170809 0.6353329
89.241050 10.7270393 -0.7747522 22.3217278 -0.0452815 0.7574273 0.0142794 0.6511909
89.448550 10.8126678 -0.7694807 22.3125572 -0.0441111 0.7422242 0.0144054 0.6685432
89.655800 10.8992510 -0.7637384 22.3068638 -0.0382694 0.7246515 0.0136103 0.6879175
89.759570 10.9427652 -0.7611841 22.3060169 -0.0367763 0.7152098 0.0134976 0.6978111
89.966950 11.0298328 -0.7567912 22.3084221 -0.0365706 0.6953896 0.0140239 0.7175648
90.070690 11.0740242 -0.7541114 22.3112087 -0.0367813 0.6848112 0.0136886 0.7276630
90.278050 11.1624002 -0.7493305 22.3216019 -0.0403357 0.6624847 0.0123756 0.7478863
90.485550 11.2515144 -0.7437611 22.3374329 -0.0433692 0.6395810 0.0081524 0.7674561
90.693070 11.3402977 -0.7383035 22.3591766 -0.0440053 0.6173074 0.0042954 0.7854786
90.900550 11.4296455 -0.7328998 22.3856812 -0.0446271 0.5944977 0.0006451 0.8028576
91.108060 11.5182962 -0.7273544 22.4179840 -0.0470790 0.5712451 0.0012428 0.8194273
91.315450 11.6057491 -0.7217045 22.4549141 -0.0472407 0.5470182 -0.0000546 0.8357867
91.522930 11.6925879 -0.7158123 22.4981079 -0.0456205 0.5239435 -0.0004022 0.8505303
91.730300 11.7783718 -0.7096455 22.5467949 -0.0501306 0.5015721 0.0001304 0.8636621
91.937810 11.8646812 -0.7024064 22.6005859 -0.0521328 0.4797691 0.0025902 0.8758408
92.145310 11.9484768 -0.6945653 22.6592236 -0.0529215 0.4593816 0.0019037 0.8866590
92.352950 12.0309925 -0.6863415 22.7224236 -0.0546865 0.4421734 -0.0010370 0.8952603
92.560560 12.1125069 -0.6779876 22.7893734 -0.0562212 0.4279467 -0.0038315 0.9020455
92.768320 12.1925335 -0.6697412 22.8575821 -0.0571387 0.4157614 -0.0050638 0.9076629
92.872100 12.2319984 -0.6650155 22.8930416 -0.0562444 0.4102208 -0.0053536 0.9102345
93.079680 12.3095894 -0.6571476 22.9647713 -0.0533236 0.4000347 -0.0060337 0.9149275
93.287430 12.3866615 -0.6492527 23.0381527 -0.0541196 0.3935365 -0.0061454 0.9176940
93.495180 12.4615383 -0.6417108 23.1098976 -0.0563564 0.3895330 -0.0067973 0.9192616
93.806680 12.5731850 -0.6290705 23.2199516 -0.0571834 0.3853411 -0.0071824 0.9209727
93.910430 12.6101875 -0.6244893 23.2568016 -0.0560165 0.3843248 -0.0079021 0.9214631
94.221930 12.7193832 -0.6134219 23.3649673 -0.0527216 0.3826018 -0.0059694 0.9223886
94.429560 12.7894392 -0.6058826 23.4338245 -0.0540293 0.3838927 -0.0056246 0.9217785
94.844930 12.9273224 -0.5916355 23.5692368 -0.0565475 0.3954279 -0.0081293 0.9167187
95.260560 13.0602627 -0.5794914 23.6876907 -0.0516174 0.4169820 -0.0092689 0.9074005
95.572310 13.1594543 -0.5719035 23.7671700 -0.0466655 0.4364262 -0.0057352 0.8985108
95.884060 13.2544098 -0.5666784 23.8359089 -0.0314802 0.4577337 -0.0056371 0.8885140
96.092060 13.3151550 -0.5650307 23.8774357 -0.0234028 0.4744173 -0.0130663 0.8798919
96.404190 13.4065514 -0.5642033 23.9314842 -0.0245214 0.5067042 -0.0149701 0.8616412
96.612440 13.4690456 -0.5639688 23.9614639 -0.0255343 0.5338023 -0.0109743 0.8451524
96.820810 13.5302830 -0.5639124 23.9849377 -0.0183502 0.5660487 -0.0090721 0.8241175
97.029060 13.5936975 -0.5646390 24.0035915 -0.0089864 0.5993068 -0.0115694 0.8003854
97.237310 13.6586304 -0.5655240 24.0179539 -0.0051743 0.6325480 -0.0122109 0.7744076
97.549480 13.7592001 -0.5684188 24.0286388 -0.0104005 0.6804271 -0.0074051 0.7327046
97.757560 13.8251839 -0.5694162 24.0274906 -0.0069647 0.7120382 -0.0035421 0.7020974
97.965440 13.8909197 -0.5704197 24.0217323 -0.0032364 0.7409448 -0.0046766 0.6715419
98.173060 13.9563122 -0.5717058 24.0109024 0.0030757 0.7639629 -0.0022376 0.6452489
98.276830 13.9886665 -0.5724677 24.0042133 0.0025506 0.7734745 -0.0019229 0.6338194
98.484190 14.0533905 -0.5740316 23.9881439 0.0023836 0.7882741 0.0005046 0.6153194
98.691560 14.1176014 -0.5751857 23.9693279 0.0041460 0.7993333 0.0022963 0.6008692
98.899080 14.1826038 -0.5761707 23.9480019 0.0054615 0.8100815 0.0042581 0.5862764
99.210310 14.2795238 -0.5780835 23.9111633 0.0052868 0.8279214 0.0053980 0.5607932
99.418170 14.3421965 -0.5790772 23.8832798 0.0053978 0.8426759 0.0041113 0.5383784
99.626160 14.4018202 -0.5798466 23.8509541 0.0075809 0.8593526 0.0027195 0.5113201
99.834080 14.4587831 -0.5814455 23.8145103 0.0068167 0.8781346 0.0059540 0.4783280
100.042100 14.5132809 -0.5827914 23.7731171 0.0097995 0.8971552 0.0087448 0.4415201
100.250100 14.5644360 -0.5835418 23.7272892 0.0108210 0.9151207 0.0087780 0.4029393
100.458100 14.6090412 -0.5839403 23.6781960 0.0129207 0.9313112 0.0112480 0.3638214
100.666000 14.6486530 -0.5850451 23.6271744 0.0148375 0.9455201 0.0143505 0.3249088
100.873800 14.6853666 -0.5846928 23.5723400 0.0176987 0.9568053 0.0136848 0.2898673
101.081300 14.7174511 -0.5841468 23.5167427 0.0215731 0.9654285 0.0117207 0.2595090
101.288700 14.7468586 -0.5845219 23.4585018 0.0229273 0.9725035 0.0127838 0.2314043
101.496100 14.7726288 -0.5844194 23.3987083 0.0253231 0.9786463 0.0150442 0.2034303
101.703400 14.7953205 -0.5842746 23.3371544 0.0265842 0.9842709 0.0178636 0.1737380
101.910900 14.8140621 -0.5841030 23.2743587 0.0283960 0.9892315 0.0166633 0.1426083
102.118500 14.8286142 -0.5831125 23.2101402 0.0300924 0.9934430 0.0151609 0.1092500
102.326100 14.8386707 -0.5823248 23.1440907 0.0320484 0.9963977 0.0209902 0.0756563
102.533600 14.8447208 -0.5809869 23.0770435 0.0309234 0.9984214 0.0216017 0.0416150
102.741200 14.8461828 -0.5792089 23.0083752 0.0307748 0.9992981 0.0197324 0.0081802
102.948700 14.8429060 -0.5773329 22.9378681 0.0324514 0.9990230 0.0194269 -0.0228592
103.156200 14.8356991 -0.5753960 22.8655834 0.0339864 0.9979611 0.0188348 -0.0506346
103.363600 14.8249111 -0.5733952 22.7922401 0.0351612 0.9965699 0.0178293 -0.0727607
103.674700 14.8039341 -0.5703244 22.6788387 0.0336751 0.9945185 0.0154477 -0.0977773
103.882200 14.7871799 -0.5683418 22.6013088 0.0317154 0.9931399 0.0163662 -0.1113523
104.089600 14.7679529 -0.5663072 22.5222549 0.0328857 0.9920080 0.0181276 -0.1204579
104.296900 14.7473793 -0.5640256 22.4413204 0.0344061 0.9914964 0.0167910 -0.1243746
104.504300 14.7265701 -0.5615829 22.3593407 0.0348053 0.9912478 0.0136711 -0.1266074
104.815400 14.6935883 -0.5583512 22.2312927 0.0365147 0.9908226 0.0176889 -0.1289354
105.126600 14.6586018 -0.5546705 22.0998535 0.0370153 0.9905088 0.0166279 -0.1313227
105.437900 14.6231747 -0.5506668 21.9655304 0.0366045 0.9901866 0.0163915 -0.1338732
105.749200 14.5842152 -0.5469370 21.8262558 0.0380473 0.9897954 0.0164175 -0.1363375
106.060500 14.5448351 -0.5431815 21.6854420 0.0381163 0.9894227 0.0174352 -0.1388738
106.371700 14.5038805 -0.5384175 21.5433941 0.0366121 0.9891353 0.0176669 -0.1412756
106.683000 14.4629765 -0.5345567 21.3999443 0.0369130 0.9888122 0.0194065 -0.1432176
106.994300 14.4221191 -0.5304886 21.2575531 0.0349954 0.9893767 0.0179673 -0.1399512
107.305700 14.3829327 -0.5271758 21.1141281 0.0303694 0.9904732 0.0152987 -0.1334415
107.616700 14.3464050 -0.5247560 20.9708862 0.0243670 0.9918772 0.0111365 -0.1243455
107.927800 14.3134327 -0.5231405 20.8253880 0.0195304 0.9934936 0.0145233 -0.1112573
108.238900 14.2848158 -0.5210124 20.6796570 0.0220078 0.9956217 0.0161915 -0.0893913
108.550200 14.2652655 -0.5189911 20.5375767 0.0201364 0.9974280 0.0111907 -0.0678728
108.861500 14.2499199 -0.5185126 20.3928165 0.0219685 0.9985467 0.0137457 -0.0472553
109.173100 14.2413778 -0.5169531 20.2482567 0.0188311 0.9993466 0.0152547 -0.0268168
109.380500 14.2389307 -0.5157722 20.1514854 0.0168638 0.9996182 0.0167942 -0.0140357
109.588000 14.2386026 -0.5142181 20.0549946 0.0152487 0.9997497 0.0163378 -0.0009970
109.900300 14.2435265 -0.5113665 19.9116230 0.0144007 0.9995475 0.0191998 0.0181290
110.003000 14.2456512 -0.5103554 19.8642387 0.0147304 0.9994041 0.0192438 0.0245786
110.210600 14.2527590 -0.5089175 19.7698441 0.0167132 0.9990218 0.0182111 0.0366675
110.418100 14.2619467 -0.5075969 19.6750469 0.0174208 0.9985327 0.0161473 0.0486656
110.729500 14.2804794 -0.5064847 19.5329323 0.0158546 0.9976603 0.0148916 0.0648142
110.937100 14.2949963 -0.5052997 19.4386482 0.0152009 0.9970488 0.0127959 0.0741542
111.144800 14.3109512 -0.5048521 19.3447800 0.0147663 0.9963375 0.0128703 0.0832339
111.456200 14.3382940 -0.5045382 19.2052269 0.0126544 0.9952167 0.0150953 0.0956858
111.663700 14.3583822 -0.5036759 19.1135654 0.0115030 0.9944392 0.0149069 0.1036153
111.974900 14.3903542 -0.5025115 18.9776382 0.0096048 0.9932507 0.0165564 0.1143968
112.182300 14.4134007 -0.5014986 18.8870392 0.0088942 0.9924104 0.0178466 0.1213423
112.493600 14.4491282 -0.5003676 18.7552872 0.0085398 0.9911467 0.0136988 0.1317859
112.701100 14.4744759 -0.5003772 18.6713009 0.0093856 0.9902620 0.0115230 0.1384206
113.012500 14.5122204 -0.5005562 18.5500546 0.0110532 0.9886359 0.0057224 0.1498138
113.220000 14.5368805 -0.5025397 18.4757576 0.0111034 0.9876196 -0.0046661 0.1564046
113.427600 14.5609264 -0.5048399 18.4061642 0.0096755 0.9867564 -0.0127600 0.1614166
113.635300 14.5838804 -0.5094307 18.3408966 0.0102594 0.9861166 -0.0194978 0.1645864
113.843000 14.6056499 -0.5145418 18.2783508 0.0116587 0.9858381 -0.0243865 0.1655070
114.154700 14.6373787 -0.5205362 18.1845360 0.0173341 0.9868305 -0.0194850 0.1596413
114.362800 14.6562939 -0.5239533 18.1232185 0.0187684 0.9887648 -0.0208501 0.1468236
114.571200 14.6717682 -0.5267828 18.0615654 0.0224953 0.9918766 -0.0156600 0.1242154
114.779700 14.6830301 -0.5297924 18.0000286 0.0246859 0.9953920 -0.0072196 0.0923753
114.988100 14.6899261 -0.5316722 17.9389629 0.0257868 0.9982483 -0.0022341 0.0532003
115.196500 14.6903181 -0.5325353 17.8782959 0.0281621 0.9995367 0.0027674 0.0112087
115.404800 14.6861744 -0.5331615 17.8184738 0.0280689 0.9990250 0.0056973 -0.0335955
115.613100 14.6765947 -0.5329414 17.7580051 0.0266944 0.9964539 0.0094277 -0.0792347
115.821100 14.6610031 -0.5324154 17.6973972 0.0276414 0.9916897 0.0156565 -0.1246688
116.029400 14.6404572 -0.5308914 17.6374760 0.0239906 0.9848757 0.0182065 -0.1706251
116.238300 14.6132650 -0.5289368 17.5793381 0.0255701 0.9761612 0.0183679 -0.2147512
116.444900 14.5803556 -0.5266491 17.5226173 0.0291021 0.9661927 0.0195489 -0.2554264
116.652400 14.5424137 -0.5243423 17.4666653 0.0314929 0.9561125 0.0193438 -0.2906593
116.859700 14.4998875 -0.5211619 17.4118481 0.0348683 0.9467483 0.0161318 -0.3196743
117.067000 14.4533033 -0.5181615 17.3574467 0.0389985 0.9390765 0.0132051 -0.3412332
117.274300 14.4030132 -0.5150406 17.3019257 0.0404153 0.9330730 0.0124757 -0.3571914
117.481600 14.3490639 -0.5117291 17.2448139 0.0406581 0.9277250 0.0118597 -0.3708539
117.689000 14.2920017 -0.5084385 17.1867771 0.0418732 0.9234201 0.0108283 -0.3813458
117.896100 14.2313137 -0.5046771 17.1267700 0.0446112 0.9223020 0.0099574 -0.3837574
118.103200 14.1689949 -0.5008478 17.0628986 0.0445624 0.9240654 0.0115719 -0.3794517
118.310600 14.1056795 -0.4970442 16.9967384 0.0409828 0.9252073 0.0123947 -0.3770387
118.518000 14.0407763 -0.4931898 16.9285736 0.0400485 0.9256632 0.0127005 -0.3760085
118.725500 13.9734697 -0.4893411 16.8584137 0.0399291 0.9262983 0.0119158 -0.3744799
119.036700 13.8700056 -0.4833885 16.7489414 0.0386947 0.9273469 0.0113329 -0.3720241
119.347800 13.7643614 -0.4783793 16.6359577 0.0362971 0.9286612 0.0076221 -0.3690702
119.659100 13.6571436 -0.4742718 16.5184841 0.0347305 0.9298745 0.0070214 -0.3661665
119.970100 13.5484085 -0.4704880 16.3988762 0.0355578 0.9318796 0.0094069 -0.3608981
120.281100 13.4417353 -0.4657627 16.2773514 0.0354295 0.9351384 0.0122559 -0.3522936
120.592200 13.3364887 -0.4609965 16.1517200 0.0371338 0.9397959 0.0097667 -0.3395725
120.903200 13.2355518 -0.4575923 16.0226936 0.0397739 0.9469808 0.0062595 -0.3187571
121.214100 13.1413622 -0.4544135 15.8878641 0.0366526 0.9545697 0.0057510 -0.2956691
121.421600 13.0817127 -0.4525793 15.7948542 0.0355318 0.9584635 0.0082984 -0.2828716
121.732800 12.9966526 -0.4491581 15.6529083 0.0352610 0.9638057 0.0081166 -0.2641387
121.940300 12.9431629 -0.4474039 15.5562143 0.0339674 0.9670891 0.0070347 -0.2520625
122.251600 12.8653774 -0.4459867 15.4068489 0.0348826 0.9715135 0.0045014 -0.2343600
122.459200 12.8151684 -0.4449425 15.3052702 0.0378361 0.9735298 0.0059007 -0.2253297
122.666800 12.7663288 -0.4432341 15.2019577 0.0381008 0.9748164 0.0054783 -0.2196617
122.874600 12.7185230 -0.4421389 15.0967541 0.0366593 0.9753063 0.0068838 -0.2176840
123.082400 12.6690578 -0.4408996 14.9911060 0.0356439 0.9757110 0.0057766 -0.2160654
123.186200 12.6450424 -0.4411626 14.9379463 0.0364068 0.9759195 0.0057983 -0.2149929
123.393800 12.5961933 -0.4388738 14.8307304 0.0377452 0.9766052 0.0063573 -0.2116060
123.601500 12.5469093 -0.4371437 14.7225342 0.0418903 0.9771526 0.0051543 -0.2083059
123.809100 12.4982834 -0.4358558 14.6127443 0.0422371 0.9775444 0.0019727 -0.2064438
124.016700 12.4492617 -0.4346759 14.5008631 0.0426888 0.9777106 0.0057423 -0.2054912
124.224400 12.3993969 -0.4321527 14.3886003 0.0475303 0.9775290 0.0074361 -0.2052381
124.431900 12.3493938 -0.4300858 14.2758799 0.0512248 0.9772475 0.0042932 -0.2057786
124.743100 12.2742481 -0.4269787 14.1024542 0.0483479 0.9767902 0.0058983 -0.2085871
124.846800 12.2486134 -0.4257372 14.0438747 0.0451262 0.9765584 0.0068467 -0.2103581
125.054300 12.1957874 -0.4233707 13.9263859 0.0389621 0.9756219 0.0097331 -0.2157527
125.158200 12.1696148 -0.4221874 13.8681412 0.0370413 0.9748854 0.0092495 -0.2194103
125.365700 12.1142960 -0.4193568 13.7525616 0.0341920 0.9732712 0.0078002 -0.2269653
125.469400 12.0854607 -0.4185739 13.6942062 0.0353900 0.9722779 0.0086965 -0.2309708
125.676800 12.0249863 -0.4158205 13.5783443 0.0401839 0.9701223 0.0097327 -0.2390675
125.884200 11.9627218 -0.4128034 13.4632874 0.0446874 0.9679035 0.0055905 -0.2472542
126.091700 11.8979836 -0.4100857 13.3477573 0.0451775 0.9660233 0.0068904 -0.2543826
126.299200 11.8317375 -0.4062071 13.2320309 0.0476882 0.9640582 0.0111194 -0.2611398
126.506600 11.7642231 -0.4029427 13.1183844 0.0516076 0.9628738 0.0088478 -0.2648254
126.714100 11.6967297 -0.3997277 13.0036802 0.0494032 0.9623536 0.0078631 -0.2671573
126.921600 11.6290350 -0.3956981 12.8881369 0.0453311 0.9620270 0.0093793 -0.2690004
127.129000 11.5600023 -0.3919652 12.7749691 0.0456587 0.9618500 0.0110439 -0.2695140
127.440100 11.4559546 -0.3856553 12.6021719 0.0456654 0.9618576 0.0108970 -0.2694920
127.647600 11.3852262 -0.3815579 12.4851837 0.0432906 0.9619364 0.0118150 -0.2695639
127.855000 11.3154507 -0.3773664 12.3692579 0.0435732 0.9613756 0.0135478 -0.2714310
128.062200 11.2452345 -0.3732293 12.2527866 0.0443613 0.9608538 0.0126115 -0.2731906
128.269700 11.1731205 -0.3693961 12.1349630 0.0427756 0.9605871 0.0132161 -0.2743501
128.477100 11.1006260 -0.3648701 12.0173655 0.0433076 0.9605938 0.0140402 -0.2742024
128.580700 11.0648022 -0.3625400 11.9590483 0.0442044 0.9606308 0.0134015 -0.2739612
128.684500 11.0284309 -0.3607968 11.8996525 0.0443791 0.9606911 0.0127961 -0.2737506
128.788200 10.9927654 -0.3586788 11.8412161 0.0440157 0.9607777 0.0127194 -0.2735087
128.891800 10.9563732 -0.3562642 11.7816839 0.0434372 0.9608309 0.0129058 -0.2734055
128.995500 10.9196444 -0.3540193 11.7218752 0.0429611 0.9609004 0.0135021 -0.2732078
129.099100 10.8835468 -0.3522134 11.6621952 0.0432783 0.9609017 0.0137581 -0.2731404
129.202800 10.8475437 -0.3498223 11.6020775 0.0431517 0.9608728 0.0134879 -0.2732755
129.306600 10.8113327 -0.3473916 11.5423880 0.0432784 0.9608407 0.0127637 -0.2734031
129.410300 10.7746668 -0.3454062 11.4826727 0.0432199 0.9609162 0.0123488 -0.2731659
129.514100 10.7380447 -0.3433233 11.4226265 0.0436541 0.9608747 0.0123003 -0.2732451
129.617800 10.7009954 -0.3413433 11.3623772 0.0442881 0.9609013 0.0127202 -0.2730300
129.721600 10.6639376 -0.3388385 11.3015623 0.0447044 0.9608332 0.0128416 -0.2731963
129.825300 10.6270094 -0.3368612 11.2413988 0.0455924 0.9607735 0.0130620 -0.2732489
129.929100 10.5893469 -0.3344451 11.1803293 0.0464953 0.9606670 0.0127481 -0.2734861
130.032700 10.5517397 -0.3320558 11.1196165 0.0479317 0.9605531 0.0112347 -0.2737046
130.136500 10.5144110 -0.3298247 11.0586643 0.0483401 0.9604228 0.0098723 -0.2741420
130.240200 10.4763565 -0.3276714 10.9981146 0.0487437 0.9603173 0.0099345 -0.2744377
130.343800 10.4394255 -0.3256064 10.9373379 0.0475472 0.9600567 0.0106376 -0.2755308
130.447600 10.4018383 -0.3232122 10.8762932 0.0462121 0.9597113 0.0112632 -0.2769330
130.551300 10.3639717 -0.3210405 10.8153210 0.0447235 0.9594166 0.0127599 -0.2781308
130.655000 10.3255663 -0.3187031 10.7543678 0.0455026 0.9589364 0.0137918 -0.2796074
130.758700 10.2872772 -0.3163530 10.6934290 0.0452529 0.9586619 0.0135120 -0.2806010
130.862500 10.2489071 -0.3139865 10.6332998 0.0448795 0.9583563 0.0124398 -0.2817523
130.966100 10.2101793 -0.3117315 10.5724659 0.0442463 0.9581508 0.0120212 -0.2825683
131.070000 10.1716070 -0.3096687 10.5120897 0.0436646 0.9579846 0.0118250 -0.2832299
131.173700 10.1321630 -0.3072701 10.4515991 0.0444036 0.9578252 0.0121632 -0.2836392
131.277500 10.0932369 -0.3045993 10.3911467 0.0459768 0.9575979 0.0132139 -0.2841087
131.381100 10.0539703 -0.3020660 10.3308372 0.0469431 0.9574893 0.0136280 -0.2842970
131.484800 10.0149632 -0.2995848 10.2706366 0.0479950 0.9573130 0.0130888 -0.2847402
131.588500 9.9758091 -0.2970508 10.2105274 0.0488607 0.9571804 0.0130327 -0.2850413
131.692200 9.9365177 -0.2944098 10.1500816 0.0502931 0.9570227 0.0136114 -0.2852943
131.899600 9.8581915 -0.2888801 10.0297060 0.0516505 0.9569988 0.0133036 -0.2851466
132.107000 9.7798901 -0.2837325 9.9095697 0.0504492 0.9572966 0.0130161 -0.2843741
132.314400 9.7020254 -0.2786574 9.7885656 0.0496904 0.9577543 0.0132137 -0.2829539
132.521700 9.6256781 -0.2740043 9.6681442 0.0492022 0.9582090 0.0146906 -0.2814229
132.729100 9.5496130 -0.2689871 9.5468845 0.0466843 0.9588606 0.0128772 -0.2797162
132.936500 9.4748363 -0.2648206 9.4257078 0.0427858 0.9596353 0.0122622 -0.2777032
133.143700 9.3996792 -0.2600993 9.3037567 0.0413369 0.9603903 0.0147471 -0.2751803
133.351100 9.3264532 -0.2560627 9.1832571 0.0427094 0.9610503 0.0153819 -0.2726199
133.558600 9.2534962 -0.2516744 9.0615826 0.0453696 0.9617723 0.0157847 -0.2696046
133.766000 9.1806202 -0.2464721 8.9394703 0.0471452 0.9629828 0.0145946 -0.2650065
133.973300 9.1094170 -0.2421731 8.8159504 0.0471898 0.9648002 0.0128652 -0.2583953
134.284500 9.0064945 -0.2357688 8.6281290 0.0427327 0.9676251 0.0138024 -0.2483650
134.388200 8.9731550 -0.2337804 8.5655594 0.0416643 0.9685510 0.0146964 -0.2448611
134.595600 8.9073811 -0.2294913 8.4401541 0.0416626 0.9701670 0.0143773 -0.2383979
134.803100 8.8436852 -0.2253141 8.3147640 0.0421834 0.9714916 0.0123500 -0.2329638
135.010600 8.7818022 -0.2215687 8.1898470 0.0437349 0.9723043 0.0135025 -0.2291926
135.114300 8.7504978 -0.2191738 8.1266451 0.0447057 0.9726067 0.0138048 -0.2276997
135.425700 8.6589851 -0.2142015 7.9374914 0.0442697 0.9734306 0.0112388 -0.2243807
135.529500 8.6285200 -0.2124285 7.8738136 0.0436605 0.9737781 0.0117878 -0.2229599
135.736900 8.5689907 -0.2090347 7.7467031 0.0431192 0.9743685 0.0130270 -0.2204019
135.944200 8.5103168 -0.2053519 7.6197314 0.0431567 0.9749314 0.0124310 -0.2179260
136.151600 8.4521437 -0.2012984 7.4918728 0.0454602 0.9753526 0.0117483 -0.2155982
136.359000 8.3943596 -0.1990333 7.3643708 0.0457620 0.9757873 0.0104320 -0.2136263
136.670200 8.3078566 -0.1936381 7.1713371 0.0402095 0.9764306 0.0146255 -0.2115480
136.981400 8.2224293 -0.1877925 6.9774971 0.0400161 0.9766761 0.0149917 -0.2104228
137.292500 8.1381378 -0.1821072 6.7849369 0.0397045 0.9769021 0.0120585 -0.2096199
137.603600 8.0550861 -0.1774525 6.5919766 0.0378474 0.9772177 0.0122842 -0.2084761
137.914700 7.9706364 -0.1726697 6.3988390 0.0393044 0.9777299 0.0118453 -0.2058135
138.122100 7.9156451 -0.1696998 6.2698951 0.0400952 0.9778959 0.0098928 -0.2049734
138.329600 7.8594584 -0.1666962 6.1413660 0.0409666 0.9778771 0.0090915 -0.2049281
138.537100 7.8035245 -0.1641005 6.0131474 0.0388935 0.9773083 0.0094416 -0.2080061
138.744700 7.7460318 -0.1612643 5.8859277 0.0365414 0.9763771 0.0119131 -0.2126278
138.952200 7.6871710 -0.1585740 5.7591057 0.0358208 0.9748961 0.0144818 -0.2192823
139.159700 7.6265883 -0.1556247 5.6333785 0.0337773 0.9729448 0.0149823 -0.2280636
139.367400 7.5637889 -0.1522224 5.5093374 0.0314170 0.9707111 0.0145265 -0.2377436
139.574900 7.4990458 -0.1488542 5.3867860 0.0306753 0.9681366 0.0148790 -0.2480910
139.782200 7.4323988 -0.1451006 5.2656941 0.0314998 0.9652796 0.0148758 -0.2588855
139.886000 7.3983212 -0.1432930 5.2062993 0.0318160 0.9638148 0.0149990 -0.2642419
140.093500 7.3275709 -0.1394543 5.0898080 0.0337798 0.9604977 0.0138116 -0.2758847
140.197100 7.2905545 -0.1377004 5.0325050 0.0356623 0.9587798 0.0135418 -0.2815780
140.404600 7.2157679 -0.1340206 4.9179878 0.0390132 0.9550522 0.0149937 -0.2934765
140.612000 7.1390333 -0.1292896 4.8061223 0.0404048 0.9515849 0.0131970 -0.3044332
140.715600 7.0997257 -0.1270474 4.7524824 0.0408724 0.9502028 0.0117762 -0.3087158
140.923100 7.0205326 -0.1230722 4.6439991 0.0426824 0.9476964 0.0098677 -0.3161525
141.026700 6.9799161 -0.1208708 4.5905342 0.0455554 0.9465280 0.0092365 -0.3192558
141.130500 6.9394755 -0.1186784 4.5367112 0.0457533 0.9454665 0.0093895 -0.3223531
141.338000 6.8589807 -0.1149793 4.4306159 0.0461929 0.9430405 0.0083664 -0.3293491
141.545500 6.7761068 -0.1111166 4.3258781 0.0451691 0.9411979 0.0085992 -0.3347122
141.752900 6.6899199 -0.1069190 4.2206211 0.0457938 0.9395339 0.0113840 -0.3391894
141.960200 6.6044388 -0.1022161 4.1174879 0.0430489 0.9384807 0.0106244 -0.3424730
142.167700 6.5176096 -0.0974562 4.0148439 0.0433170 0.9367444 0.0134950 -0.3470612
142.375400 6.4308877 -0.0920837 3.9153028 0.0440092 0.9339566 0.0119054 -0.3544664
142.582700 6.3385181 -0.0870092 3.8137813 0.0452375 0.9311000 0.0098592 -0.3618138
142.686500 6.2940111 -0.0851627 3.7645373 0.0452247 0.9301692 0.0101335 -0.3641942
142.997500 6.1574450 -0.0772702 3.6171150 0.0453233 0.9286196 0.0119083 -0.3680619
143.204700 6.0670528 -0.0719944 3.5211887 0.0451737 0.9289726 0.0126737 -0.3671629
143.412100 5.9777589 -0.0671563 3.4242077 0.0439087 0.9297878 0.0135737 -0.3652157
143.619600 5.8912802 -0.0623896 3.3296700 0.0404806 0.9304591 0.0097595 -0.3640217
143.827000 5.8061380 -0.0585952 3.2359641 0.0422875 0.9306599 0.0085706 -0.3633324
144.034400 5.7179413 -0.0546315 3.1403403 0.0457509 0.9308352 0.0092165 -0.3624469
144.241700 5.6318269 -0.0507635 3.0454445 0.0446820 0.9306883 0.0088067 -0.3629672
144.449100 5.5456986 -0.0462647 2.9504418 0.0428506 0.9304093 0.0087264 -0.3639041
144.656500 5.4579496 -0.0423673 2.8548410 0.0430612 0.9300064 0.0103154 -0.3648662
144.864000 5.3713722 -0.0383929 2.7604094 0.0420306 0.9293110 0.0110869 -0.3667309
145.071600 5.2837877 -0.0338560 2.6668377 0.0416554 0.9282390 0.0101835 -0.3695044
145.279100 5.1959887 -0.0295821 2.5733328 0.0416583 0.9271818 0.0117178 -0.3721037
145.486600 5.1072254 -0.0249359 2.4799972 0.0407877 0.9262946 0.0130848 -0.3743575
145.590400 5.0623894 -0.0225675 2.4331620 0.0413328 0.9258425 0.0140246 -0.3753806
145.797700 4.9725070 -0.0177748 2.3395064 0.0415331 0.9251735 0.0118119 -0.3770801
146.005100 4.8820987 -0.0132864 2.2459283 0.0423975 0.9246960 0.0124380 -0.3781338
146.108800 4.8361182 -0.0109421 2.1986389 0.0422880 0.9246175 0.0132039 -0.3783119
146.212500 4.7902474 -0.0083525 2.1512351 0.0404610 0.9246235 0.0141934 -0.3784611
146.316100 4.7441206 -0.0058155 2.1038218 0.0393311 0.9245313 0.0147178 -0.3787852
146.419900 4.6980634 -0.0032663 2.0566003 0.0395565 0.9244024 0.0154924 -0.3790456
146.523500 4.6518707 -0.0005143 2.0094562 0.0414568 0.9242694 0.0154617 -0.3791680
146.627200 4.6062927 0.0019199 1.9629270 0.0419429 0.9244399 0.0122413 -0.3788164
146.730900 4.5602508 0.0043043 1.9159071 0.0403858 0.9247007 0.0083898 -0.3784536
146.834600 4.5144243 0.0062267 1.8685546 0.0391653 0.9247754 0.0091806 -0.3783812
147.042000 4.4224806 0.0105224 1.7736448 0.0398717 0.9249350 0.0123999 -0.3778248
147.249400 4.3305721 0.0151339 1.6791515 0.0417480 0.9249958 0.0109319 -0.3775186
147.456900 4.2390490 0.0180764 1.5848900 0.0442734 0.9248399 0.0106558 -0.3776209
147.664300 4.1478586 0.0224732 1.4913656 0.0445251 0.9250407 0.0094498 -0.3771313
147.871800 4.0569921 0.0268746 1.3967229 0.0438638 0.9252967 0.0109762 -0.3765389
148.079200 3.9668057 0.0320298 1.3015913 0.0411872 0.9255639 0.0118750 -0.3761570
148.286700 3.8769560 0.0367361 1.2086723 0.0410660 0.9258722 0.0125113 -0.3753901
148.494100 3.7875271 0.0408044 1.1154815 0.0401291 0.9262421 0.0110443 -0.3746241
148.701600 3.6985574 0.0448475 1.0219953 0.0386564 0.9265145 0.0103044 -0.3741261
148.909000 3.6102948 0.0486263 0.9286187 0.0382699 0.9266911 0.0116058 -0.3736901
149.012800 3.5660686 0.0506421 0.8816680 0.0378028 0.9267993 0.0119937 -0.3734571
149.116400 3.5215850 0.0526793 0.8348846 0.0389648 0.9267333 0.0120574 -0.3734993
149.220100 3.4765363 0.0549502 0.7878958 0.0358979 0.9271004 0.0127408 -0.3728725
149.323900 3.4326930 0.0567096 0.7415227 0.0352098 0.9270558 0.0118283 -0.3730790
149.427500 3.3886366 0.0586242 0.6945826 0.0320437 0.9273072 0.0122543 -0.3727256
149.634900 3.2997127 0.0626116 0.6002071 0.0325764 0.9272749 0.0151524 -0.3726533
149.738600 3.2553210 0.0646929 0.5536377 0.0324344 0.9275539 0.0139717 -0.3720169
149.842400 3.2107620 0.0668800 0.5065842 0.0328558 0.9275934 0.0126507 -0.3719288
149.946100 3.1660099 0.0684482 0.4593904 0.0321721 0.9276736 0.0140908 -0.3717367
150.049700 3.1220322 0.0705620 0.4123900 0.0314728 0.9276629 0.0146123 -0.3718029
150.153500 3.0778241 0.0725561 0.3654076 0.0308961 0.9277593 0.0139343 -0.3716368
150.257200 3.0333567 0.0744392 0.3185230 0.0313492 0.9278612 0.0128930 -0.3713819
150.361000 2.9886479 0.0761606 0.2714179 0.0318643 0.9280002 0.0121033 -0.3710174
150.464700 2.9443760 0.0779597 0.2243308 0.0330680 0.9280310 0.0121301 -0.3708341
150.568400 2.9002275 0.0797581 0.1772746 0.0327598 0.9282507 0.0130257 -0.3702807
150.775700 2.8126976 0.0831937 0.0835912 0.0314416 0.9286109 0.0131782 -0.3694856
150.879500 2.7683403 0.0851239 0.0358909 0.0299486 0.9286988 0.0123579 -0.3694171
151.190500 2.6377935 0.0897466 -0.1046511 0.0259318 0.9289602 0.0124244 -0.3690611
151.294200 2.5939369 0.0911547 -0.1514114 0.0261329 0.9290307 0.0124895 -0.3688675
151.501800 2.5073757 0.0940282 -0.2455117 0.0253267 0.9292583 0.0104184 -0.3684140
151.709100 2.4206650 0.0968073 -0.3392066 0.0247503 0.9293187 0.0093787 -0.3683290
151.916600 2.3329659 0.0990899 -0.4331555 0.0221374 0.9294587 0.0073550 -0.3681879
152.124100 2.2473681 0.1002861 -0.5264407 0.0167581 0.9294174 0.0063084 -0.3685955
152.331500 2.1623125 0.1005974 -0.6190252 0.0141173 0.9294063 0.0089004 -0.3686807
152.538900 2.0777063 0.1018349 -0.7104104 0.0147722 0.9299768 0.0099396 -0.3671867
152.746200 1.9947600 0.1022492 -0.8008342 0.0149676 0.9308586 0.0033778 -0.3650573
152.953500 1.9120584 0.1022885 -0.8907646 0.0223976 0.9318517 0.0018719 -0.3621426
153.160900 1.8315697 0.1026085 -0.9799697 0.0243118 0.9333107 0.0036676 -0.3582270
153.368200 1.7543200 0.1030809 -1.0690775 0.0215300 0.9344077 0.0045667 -0.3555249
153.575600 1.6786113 0.1024857 -1.1551421 0.0229656 0.9355924 -0.0011164 -0.3523326
153.783100 1.6053932 0.1019316 -1.2409132 0.0216980 0.9364377 -0.0010195 -0.3501610
154.094200 1.5018518 0.1007690 -1.3653913 0.0106849 0.9372509 0.0022538 -0.3484845
154.405500 1.4057318 0.0983006 -1.4815577 0.0001464 0.9380122 0.0056074 -0.3465569
154.716900 1.3180066 0.0969671 -1.5889856 -0.0148246 0.9360954 0.0129566 -0.3511949
155.028600 1.2370082 0.0952994 -1.6832739 -0.0283967 0.9299281 0.0165138 -0.3662713
155.340600 1.1594580 0.0936576 -1.7630980 -0.0394075 0.9191384 0.0177736 -0.3915555
155.548900 1.1108484 0.0923879 -1.8083446 -0.0469466 0.9069731 0.0210653 -0.4180335
155.861400 1.0372488 0.0898224 -1.8636171 -0.0472992 0.8823329 0.0210230 -0.4677708
156.173700 0.9658811 0.0861600 -1.9033765 0.0441156 -0.8511338 -0.0181096 0.5227783
156.382000 0.9177208 0.0842415 -1.9233073 0.0369858 -0.8263888 -0.0181264 0.5615914
156.590200 0.8682174 0.0835991 -1.9379642 0.0318588 -0.7951713 -0.0231786 0.6051036
156.902800 0.7955012 0.0814351 -1.9458925 0.0206890 -0.7381222 -0.0272001 0.6738009
157.214900 0.7244121 0.0806737 -1.9417861 0.0191686 -0.6758531 -0.0292873 0.7362047
157.526600 0.6565422 0.0793904 -1.9253123 0.0191057 -0.6097620 -0.0277347 0.7918687
157.734500 0.6127806 0.0782293 -1.9084203 0.0227871 -0.5632363 -0.0280101 0.8255065
157.942100 0.5707535 0.0770535 -1.8858817 0.0237897 -0.5154188 -0.0277803 0.8561576
158.149700 0.5303918 0.0756516 -1.8574953 0.0211778 -0.4659172 -0.0287893 0.8841062
158.357400 0.4921036 0.0743757 -1.8238552 0.0185989 -0.4163451 -0.0298936 0.9085247
158.564900 0.4562091 0.0731305 -1.7851529 0.0201507 -0.3670046 -0.0304879 0.9295010
158.772400 0.4235023 0.0712911 -1.7412211 0.0210519 -0.3189130 -0.0282495 0.9471290
158.979700 0.3946531 0.0694371 -1.6921846 0.0210989 -0.2722657 -0.0250889 0.9616635
159.187100 0.3689715 0.0668531 -1.6386118 0.0197073 -0.2271670 -0.0214798 0.9734194
159.290900 0.3577452 0.0655137 -1.6107236 0.0193207 -0.2062544 -0.0202833 0.9780974
159.498100 0.3376674 0.0628169 -1.5517178 0.0203402 -0.1693822 -0.0181886 0.9851726
159.601700 0.3288387 0.0612484 -1.5207052 0.0212070 -0.1538149 -0.0163710 0.9877364
159.705200 0.3204279 0.0595880 -1.4888532 0.0223992 -0.1396453 -0.0137465 0.9898528
159.912500 0.3047467 0.0559824 -1.4226457 0.0249312 -0.1159455 -0.0124956 0.9928640
160.119800 0.2909983 0.0521389 -1.3533678 0.0246272 -0.0986591 -0.0090209 0.9947756
160.327000 0.2783715 0.0477741 -1.2814249 0.0225768 -0.0882523 -0.0062973 0.9958224
160.534100 0.2665647 0.0441549 -1.2073996 0.0194620 -0.0830790 -0.0022251 0.9963504
160.741500 0.2534009 0.0406003 -1.1313661 0.0182015 -0.0809785 -0.0032531 0.9965444
160.948900 0.2407901 0.0370513 -1.0532432 0.0181779 -0.0799271 -0.0014897 0.9966338
161.156400 0.2274745 0.0335712 -0.9728952 0.0166034 -0.0782397 -0.0014551 0.9967952
161.363700 0.2148644 0.0301459 -0.8903811 0.0159695 -0.0772981 -0.0001121 0.9968801
161.571300 0.2020539 0.0267266 -0.8060006 0.0142801 -0.0757567 0.0021742 0.9970217
161.778800 0.1890061 0.0236762 -0.7200171 0.0115334 -0.0743960 0.0044493 0.9971521
161.986200 0.1771158 0.0207220 -0.6346596 0.0110729 -0.0733645 0.0074893 0.9972156
162.193600 0.1641286 0.0174515 -0.5506584 0.0084474 -0.0716308 0.0096287 0.9973490
162.401000 0.1519013 0.0143329 -0.4676430 0.0042206 -0.0708251 0.0110168 0.9974190
162.608400 0.1405723 0.0119869 -0.3867376 0.0041976 -0.0719016 0.0119514 0.9973313
162.815900 0.1289244 0.0095019 -0.3079993 0.0071695 -0.0740406 0.0111275 0.9971674
163.023300 0.1166938 0.0072324 -0.2311797 0.0067757 -0.0767730 0.0083019 0.9969910
163.334500 0.0986113 0.0038466 -0.1187313 0.0007794 -0.0816302 0.0074731 0.9966344
163.542000 0.0857957 0.0023717 -0.0463982 0.0018625 -0.0862684 0.0038782 0.9962627
163.749500 0.0729362 0.0013044 0.0241784 -0.0033324 -0.0924776 0.0047406 0.9956979
163.956900 0.0588110 0.0004743 0.0934722 -0.0014393 -0.1006015 0.0053720 0.9949113
164.164400 0.0437309 -0.0006018 0.1616842 0.0025627 -0.1112626 0.0071189 0.9937623
164.371900 0.0270436 -0.0018980 0.2308883 0.0004947 -0.1231809 0.0078955 0.9923527
164.475600 0.0176236 -0.0024131 0.2652139 -0.0009595 -0.1282650 0.0081651 0.9917058
164.683000 -0.0037178 -0.0036629 0.3348023 -0.0002988 -0.1390157 0.0072366 0.9902637
164.786700 -0.0147466 -0.0042023 0.3690596 0.0023167 -0.1442485 0.0070460 0.9895137
