0.000000 0.0000000 0.0000000 0.0000000 0.0000000 0.0000000 0.0000000 1.0000000
0.414483 0.0017398 -0.0006160 0.0558002 0.0009444 0.0092136 0.0044717 0.9999471
0.518120 0.0017758 -0.0007338 0.0705231 0.0016540 0.0058610 0.0057941 0.9999647
0.621714 0.0014454 -0.0009020 0.0852938 0.0026035 -0.0002540 0.0066542 0.9999744
0.828918 -0.0007274 -0.0014721 0.1167710 0.0025747 -0.0182484 0.0039415 0.9998224
0.932502 -0.0023504 -0.0016520 0.1329192 0.0032805 -0.0283362 0.0021688 0.9995907
1.036104 -0.0042495 -0.0019111 0.1497570 0.0034193 -0.0384087 0.0020439 0.9992542
1.243510 -0.0090399 -0.0023250 0.1850138 0.0025635 -0.0589107 0.0035530 0.9982536
1.347350 -0.0124175 -0.0025933 0.2032594 0.0022656 -0.0677147 0.0029964 0.9976977
1.555101 -0.0196366 -0.0033672 0.2412445 0.0019824 -0.0824391 0.0019652 0.9965922
1.762893 -0.0275334 -0.0040143 0.2817501 0.0032783 -0.0935218 0.0046816 0.9956008
1.970961 -0.0367109 -0.0045342 0.3251341 0.0051591 -0.1013702 0.0038593 0.9948279
2.076388 -0.0419042 -0.0049446 0.3477084 0.0065517 -0.1055162 0.0039929 0.9943880
2.179116 -0.0474463 -0.0055351 0.3709231 0.0070737 -0.1093440 0.0058451 0.9939616
2.283102 -0.0524771 -0.0062064 0.3948290 0.0072864 -0.1135594 0.0091365 0.9934625
2.491106 -0.0654502 -0.0070969 0.4439842 0.0111090 -0.1224434 0.0070311 0.9923884
2.699213 -0.0797299 -0.0090147 0.4954170 0.0133355 -0.1312308 0.0065784 0.9912403
2.907234 -0.0951180 -0.0110147 0.5480981 0.0155747 -0.1396851 0.0072112 0.9900472
3.115221 -0.1122832 -0.0134387 0.6031170 0.0201920 -0.1478615 0.0065893 0.9887800
3.323567 -0.1304282 -0.0167595 0.6594581 0.0279915 -0.1530451 0.0065899 0.9878007
3.531593 -0.1504585 -0.0211511 0.7184642 0.0371248 -0.1571870 0.0046686 0.9868597
3.742035 -0.1719826 -0.0264976 0.7792197 0.0443541 -0.1618832 0.0020065 0.9858106
3.947360 -0.1947199 -0.0329823 0.8412360 0.0504859 -0.1667348 -0.0007847 0.9847081
4.155286 -0.2190487 -0.0399093 0.9053054 0.0533275 -0.1717683 -0.0033029 0.9836874
4.363183 -0.2444915 -0.0476102 0.9721473 0.0519898 -0.1782857 -0.0035688 0.9825978
4.571450 -0.2710273 -0.0547531 1.0387547 0.0499367 -0.1861413 -0.0042286 0.9812440
4.778763 -0.3004658 -0.0617933 1.1069105 0.0450915 -0.1948516 -0.0066957 0.9797728
4.986477 -0.3310163 -0.0688672 1.1761118 0.0425279 -0.2042523 -0.0086326 0.9779559
5.194245 -0.3643639 -0.0751300 1.2459834 0.0418374 -0.2133581 -0.0090129 0.9760363
5.401997 -0.3991373 -0.0817382 1.3180858 0.0399785 -0.2224984 -0.0091263 0.9740703
5.609757 -0.4358891 -0.0879381 1.3899446 0.0350855 -0.2306639 -0.0095538 0.9723538
5.817477 -0.4752333 -0.0937786 1.4643753 0.0321535 -0.2386857 -0.0091735 0.9705210
6.025285 -0.5163502 -0.0989720 1.5398123 0.0305959 -0.2453471 -0.0087850 0.9689125
6.233134 -0.5601155 -0.1045984 1.6171167 0.0295984 -0.2509659 -0.0073750 0.9675152
6.441106 -0.6052025 -0.1099036 1.6957524 0.0301817 -0.2544748 -0.0074302 0.9665797
6.648730 -0.6523892 -0.1156235 1.7776513 0.0286272 -0.2550214 -0.0068299 0.9664874
6.856505 -0.7001325 -0.1212042 1.8612179 0.0284717 -0.2562367 -0.0056342 0.9661782
7.064308 -0.7496721 -0.1267540 1.9453514 0.0273204 -0.2586026 -0.0039717 0.9655892
7.271858 -0.7997628 -0.1326441 2.0299919 0.0229460 -0.2634223 -0.0031220 0.9644026
7.479481 -0.8513526 -0.1383556 2.1142304 0.0226826 -0.2719653 -0.0016038 0.9620383
7.687027 -0.9049194 -0.1437614 2.1979330 0.0237087 -0.2831042 -0.0000017 0.9587961
7.894618 -0.9615096 -0.1490140 2.2809391 0.0198942 -0.2925250 -0.0035666 0.9560443
8.102397 -1.0185264 -0.1539965 2.3625202 0.0228507 -0.2989083 -0.0032299 0.9540027
8.310112 -1.0769160 -0.1594324 2.4441175 0.0273633 -0.3042373 -0.0028358 0.9521990
8.517862 -1.1371937 -0.1652117 2.5265980 0.0227706 -0.3094458 -0.0035802 0.9506376
8.725744 -1.1979035 -0.1699883 2.6078572 0.0220876 -0.3143517 -0.0047891 0.9490376
8.933548 -1.2577686 -0.1750641 2.6857524 0.0238090 -0.3204413 -0.0031068 0.9469640
9.141108 -1.3204076 -0.1805212 2.7651882 0.0232903 -0.3271910 -0.0024209 0.9446681
9.348782 -1.3844469 -0.1857586 2.8433423 0.0235728 -0.3349304 -0.0020872 0.9419456
9.556318 -1.4502884 -0.1914530 2.9220264 0.0239847 -0.3431902 -0.0010302 0.9389591
9.659968 -1.4836745 -0.1943634 2.9597147 0.0244410 -0.3470327 -0.0005290 0.9375343
9.764859 -1.5170410 -0.1971190 2.9985178 0.0245932 -0.3516549 0.0006450 0.9358064
9.869005 -1.5507839 -0.2001310 3.0362632 0.0245383 -0.3559368 0.0010209 0.9341872
9.971133 -1.5848403 -0.2032088 3.0739462 0.0233129 -0.3604223 0.0014121 0.9324968
10.178630 -1.6564465 -0.2085367 3.1498387 0.0233265 -0.3692099 0.0024404 0.9290500
10.282360 -1.6924024 -0.2115568 3.1879129 0.0238677 -0.3738837 0.0031763 0.9271630
10.489860 -1.7673351 -0.2171639 3.2630990 0.0237654 -0.3815773 0.0026311 0.9240276
10.697400 -1.8443826 -0.2232863 3.3371110 0.0244432 -0.3878546 0.0021454 0.9213939
10.801110 -1.8830110 -0.2262312 3.3732085 0.0260738 -0.3909116 0.0023320 0.9200559
11.008770 -1.9622493 -0.2327852 3.4479618 0.0269340 -0.3976064 0.0038665 0.9171525
11.216240 -2.0429316 -0.2391052 3.5215414 0.0259218 -0.4038090 0.0038202 0.9144681
11.423780 -2.1254644 -0.2458424 3.5948753 0.0260582 -0.4099989 0.0046262 0.9117020
11.631420 -2.2101092 -0.2524096 3.6676164 0.0253136 -0.4149802 0.0059101 0.9094591
11.839050 -2.2934816 -0.2595578 3.7385395 0.0261652 -0.4199182 0.0091221 0.9071388
12.149860 -2.4222074 -0.2702448 3.8447170 0.0242518 -0.4313444 0.0161955 0.9017159
12.357360 -2.5112150 -0.2775031 3.9128432 0.0217018 -0.4413643 0.0169366 0.8969057
12.668390 -2.6473582 -0.2880789 4.0118446 0.0233959 -0.4571794 0.0177934 0.8888887
12.875730 -2.7406740 -0.2956044 4.0756083 0.0223173 -0.4678305 0.0195972 0.8833190
13.083110 -2.8367352 -0.3036115 4.1374378 0.0214803 -0.4785301 0.0200191 0.8775800
13.290730 -2.9341097 -0.3114675 4.1980882 0.0225176 -0.4892270 0.0202137 0.8716314
13.498010 -3.0323405 -0.3197390 4.2554193 0.0233257 -0.4990864 0.0202153 0.8660023
13.705510 -3.1321664 -0.3276623 4.3110151 0.0213398 -0.5075765 0.0190234 0.8611323
13.912900 -3.2338953 -0.3353980 4.3651724 0.0217780 -0.5148979 0.0207949 0.8567225
14.120270 -3.3370280 -0.3438915 4.4189644 0.0225592 -0.5212954 0.0238809 0.8527437
14.224500 -3.3884139 -0.3485342 4.4446955 0.0231444 -0.5237952 0.0254804 0.8511485
14.327630 -3.4402795 -0.3533224 4.4704533 0.0220417 -0.5259628 0.0266097 0.8498054
14.431260 -3.4922912 -0.3576666 4.4961681 0.0200287 -0.5280306 0.0262548 0.8485830
14.638630 -3.5950813 -0.3656800 4.5461960 0.0169136 -0.5314435 0.0271101 0.8464909
14.742390 -3.6463962 -0.3698800 4.5704985 0.0159796 -0.5326139 0.0276035 0.8457571
14.950000 -3.7495747 -0.3780526 4.6193237 0.0134557 -0.5351003 0.0280246 0.8442163
15.157490 -3.8511605 -0.3845522 4.6667747 0.0119304 -0.5371075 0.0304101 0.8428810
15.365030 -3.9518189 -0.3920472 4.7136211 0.0087000 -0.5391713 0.0315937 0.8415583
15.468850 -4.0016246 -0.3955617 4.7361975 0.0081449 -0.5398486 0.0328197 0.8410826
15.676510 -4.0988879 -0.4027551 4.7796807 0.0088370 -0.5404980 0.0335629 0.8406292
15.884100 -4.1939650 -0.4097486 4.8230352 0.0101329 -0.5393758 0.0334021 0.8413414
16.091900 -4.2865424 -0.4171971 4.8656950 0.0122263 -0.5349855 0.0322311 0.8441577
16.299500 -4.3773808 -0.4246064 4.9098387 0.0123840 -0.5292697 0.0312517 0.8477874
16.507260 -4.4656496 -0.4315757 4.9536810 0.0122363 -0.5210807 0.0303029 0.8528816
16.714990 -4.5529866 -0.4386632 4.9993687 0.0135146 -0.5116078 0.0288905 0.8586268
16.818850 -4.5946193 -0.4418881 5.0226545 0.0152227 -0.5067154 0.0289986 0.8614911
17.026730 -4.6792817 -0.4488863 5.0705748 0.0172898 -0.4946713 0.0267879 0.8684951
17.130540 -4.7207212 -0.4522940 5.0953999 0.0169795 -0.4881217 0.0255004 0.8722377
17.234250 -4.7610617 -0.4557648 5.1199942 0.0163755 -0.4813904 0.0243305 0.8760155
17.338110 -4.8008714 -0.4588977 5.1454434 0.0161674 -0.4750485 0.0242649 0.8794764
17.442380 -4.8395433 -0.4623193 5.1718454 0.0163463 -0.4691974 0.0241747 0.8826110
17.545790 -4.8778944 -0.4655085 5.1980257 0.0171332 -0.4630875 0.0241193 0.8858187
17.649360 -4.9157543 -0.4687178 5.2242208 0.0169769 -0.4567160 0.0250073 0.8890989
17.753120 -4.9529276 -0.4720826 5.2513385 0.0168996 -0.4506375 0.0248697 0.8922005
17.960530 -5.0247254 -0.4784748 5.3051929 0.0145966 -0.4387852 0.0229497 0.8981802
18.064140 -5.0593987 -0.4811319 5.3322573 0.0145323 -0.4330348 0.0221433 0.9009880
18.167890 -5.0933104 -0.4840059 5.3594875 0.0156183 -0.4271045 0.0212549 0.9038175
18.271640 -5.1262865 -0.4864541 5.3868589 0.0166852 -0.4215525 0.0207860 0.9064122
18.375420 -5.1585350 -0.4893579 5.4144516 0.0164934 -0.4159476 0.0204317 0.9090094
18.479100 -5.1900563 -0.4918703 5.4420772 0.0158755 -0.4104155 0.0197738 0.9115460
18.582900 -5.2210684 -0.4945826 5.4701457 0.0148602 -0.4051437 0.0191607 0.9139314
18.686620 -5.2512188 -0.4970214 5.4978909 0.0145479 -0.4000868 0.0190009 0.9161648
18.790260 -5.2810435 -0.4993118 5.5255718 0.0150035 -0.3950808 0.0183672 0.9183402
18.894080 -5.3105288 -0.5016962 5.5537219 0.0148788 -0.3903057 0.0180667 0.9203877
18.997780 -5.3391953 -0.5040178 5.5816817 0.0137843 -0.3856775 0.0171138 0.9223719
19.101510 -5.3673487 -0.5064386 5.6096268 0.0127361 -0.3808385 0.0157421 0.9244198
19.205270 -5.3948441 -0.5084924 5.6374083 0.0125200 -0.3760109 0.0151440 0.9264069
19.412890 -5.4482245 -0.5126989 5.6933188 0.0125761 -0.3656493 0.0129896 0.9305771
19.620500 -5.4987483 -0.5164277 5.7492933 0.0101965 -0.3528659 0.0104693 0.9355597
19.828250 -5.5464311 -0.5199024 5.8046346 0.0109220 -0.3383109 0.0085293 0.9409323
20.035950 -5.5908022 -0.5229002 5.8608823 0.0118154 -0.3234017 0.0086956 0.9461480
20.243550 -5.6334758 -0.5258907 5.9182534 0.0098081 -0.3073940 0.0074149 0.9515029
20.451300 -5.6740417 -0.5284150 5.9763565 0.0072959 -0.2917674 0.0069574 0.9564362
20.658750 -5.7125568 -0.5307298 6.0361257 0.0053165 -0.2783706 0.0074732 0.9604300
20.868590 -5.7499743 -0.5326822 6.0969977 0.0054093 -0.2661426 0.0067955 0.9638945
21.074000 -5.7861309 -0.5345652 6.1591949 0.0051917 -0.2537142 0.0051904 0.9672514
21.281800 -5.8205562 -0.5365491 6.2230110 0.0055173 -0.2428470 0.0061942 0.9700291
21.488760 -5.8545971 -0.5383300 6.2881184 0.0053914 -0.2346937 0.0063037 0.9720340
21.696840 -5.8886266 -0.5398795 6.3552995 0.0021029 -0.2279624 0.0038352 0.9736601
21.903660 -5.9222078 -0.5413262 6.4238620 -0.0000023 -0.2206396 0.0016275 0.9753541
22.111130 -5.9559088 -0.5416803 6.4957452 -0.0022541 -0.2131728 0.0006685 0.9770117
22.318740 -5.9890118 -0.5419327 6.5700598 -0.0037840 -0.2049583 0.0013115 0.9787625
22.526370 -6.0207319 -0.5420926 6.6460800 -0.0038171 -0.1958368 0.0028377 0.9806250
22.735920 -6.0519848 -0.5423574 6.7249122 -0.0022379 -0.1849115 0.0039699 0.9827446
22.941740 -6.0816345 -0.5433183 6.8052225 -0.0020188 -0.1693760 0.0007097 0.9855492
23.149820 -6.1096439 -0.5438747 6.8882027 -0.0039753 -0.1492099 -0.0026282 0.9887940
23.357620 -6.1337519 -0.5438828 6.9746466 -0.0049277 -0.1272634 -0.0038581 0.9918492
23.565520 -6.1552081 -0.5434038 7.0649085 -0.0079484 -0.1048534 -0.0052420 0.9944421
23.773430 -6.1731339 -0.5423766 7.1583819 -0.0115953 -0.0820380 -0.0073627 0.9965345
23.981240 -6.1862173 -0.5415190 7.2530103 -0.0105657 -0.0596363 -0.0083676 0.9981292
24.188990 -6.1965904 -0.5396888 7.3524551 -0.0110718 -0.0388624 -0.0081038 0.9991504
24.500500 -6.2046232 -0.5373313 7.5073519 -0.0128715 -0.0081682 -0.0098372 0.9998354
24.811870 -6.2029195 -0.5353279 7.6660409 -0.0125868 0.0225857 -0.0120170 0.9995934
25.123120 -6.1895518 -0.5336351 7.8260641 -0.0095649 0.0510914 -0.0135681 0.9985560
25.434250 -6.1686215 -0.5346178 7.9954343 -0.0026888 0.0792270 -0.0150065 0.9967400
25.745370 -6.1372366 -0.5368721 8.1671848 0.0028098 0.1059526 -0.0177799 0.9942082
26.056490 -6.0952024 -0.5406995 8.3430986 0.0054601 0.1324341 -0.0172111 0.9910274
26.367740 -6.0427055 -0.5460155 8.5198917 0.0073108 0.1585543 -0.0197532 0.9871256
26.575260 -6.0017977 -0.5504056 8.6397152 0.0104269 0.1766835 -0.0212947 0.9839821
26.782860 -5.9560366 -0.5557716 8.7578192 0.0140514 0.1949282 -0.0211071 0.9804897
26.990510 -5.9041634 -0.5627598 8.8769379 0.0180685 0.2162961 -0.0236324 0.9758745
27.198240 -5.8466444 -0.5705570 8.9952497 0.0188986 0.2427671 -0.0270422 0.9695234
27.405990 -5.7824864 -0.5789109 9.1110935 0.0208365 0.2702795 -0.0304293 0.9620753
27.613650 -5.7116613 -0.5884012 9.2230110 0.0225157 0.2971911 -0.0311299 0.9540448
27.821250 -5.6343069 -0.5990769 9.3302383 0.0271177 0.3230594 -0.0315816 0.9454628
28.028750 -5.5506086 -0.6106818 9.4350615 0.0299820 0.3470130 -0.0321834 0.9368283
28.236530 -5.4600272 -0.6222736 9.5380688 0.0318856 0.3687240 -0.0318421 0.9284460
28.443750 -5.3645372 -0.6359268 9.6354446 0.0348741 0.3882424 -0.0312671 0.9203662
28.651150 -5.2645512 -0.6503689 9.7298050 0.0385247 0.4068361 -0.0312956 0.9121518
28.858560 -5.1606140 -0.6644945 9.8211241 0.0389225 0.4258624 -0.0319490 0.9033856
29.065910 -5.0552664 -0.6798970 9.9058676 0.0358586 0.4458587 -0.0339336 0.8937408
29.169630 -5.0016818 -0.6871027 9.9461813 0.0350175 0.4555914 -0.0351897 0.8888037
29.376900 -4.8945379 -0.7024670 10.0204554 0.0356210 0.4744240 -0.0381033 0.8787498
29.584410 -4.7839684 -0.7176007 10.0903978 0.0329167 0.4950560 -0.0391588 0.8673539
29.791760 -4.6712556 -0.7327351 10.1549406 0.0296376 0.5163160 -0.0391786 0.8549880
29.999280 -4.5564466 -0.7474681 10.2132692 0.0282343 0.5367915 -0.0392988 0.8423261
30.206740 -4.4408717 -0.7614259 10.2644539 0.0294327 0.5557777 -0.0382912 0.8299269
30.414180 -4.3251653 -0.7754090 10.3092422 0.0298087 0.5743232 -0.0366525 0.8172643
30.621900 -4.2096672 -0.7893910 10.3483772 0.0312269 0.5915930 -0.0383689 0.8047176
30.829180 -4.0961699 -0.8037246 10.3815203 0.0361207 0.6071427 -0.0453621 0.7924742
31.036690 -3.9836657 -0.8189885 10.4105282 0.0355188 0.6229938 -0.0491919 0.7798701
31.244130 -3.8718357 -0.8345548 10.4343939 0.0330541 0.6382500 -0.0515036 0.7673928
31.451710 -3.7620566 -0.8501356 10.4530582 0.0316186 0.6526254 -0.0516905 0.7552539
31.555400 -3.7071533 -0.8573341 10.4611797 0.0319351 0.6597444 -0.0520300 0.7490062
31.762890 -3.5962553 -0.8724465 10.4739685 0.0319118 0.6737146 -0.0557730 0.7361926
31.970400 -3.4888997 -0.8870574 10.4820194 0.0296739 0.6857315 -0.0532790 0.7252952
32.177810 -3.3826482 -0.9010637 10.4869032 0.0274694 0.6955888 -0.0505495 0.7161329
32.385170 -3.2782316 -0.9148518 10.4889669 0.0286586 0.7022389 -0.0513023 0.7095120
32.696160 -3.1278176 -0.9351315 10.4905567 0.0331354 0.7082245 -0.0575616 0.7028561
32.799930 -3.0788350 -0.9417431 10.4904852 0.0333360 0.7097780 -0.0593518 0.7011286
33.007250 -2.9800887 -0.9556761 10.4893656 0.0277654 0.7124419 -0.0520998 0.6992434
33.214750 -2.8845558 -0.9676069 10.4880495 0.0272239 0.7128711 -0.0518355 0.6988467
33.422000 -2.7903032 -0.9801057 10.4867706 0.0284132 0.7118313 -0.0544876 0.6996571
33.629370 -2.6966927 -0.9926417 10.4863548 0.0282716 0.7098328 -0.0562078 0.7015545
33.836860 -2.6053762 -1.0051525 10.4871225 0.0276932 0.7067860 -0.0582303 0.7044827
34.044850 -2.5137517 -1.0174527 10.4885139 0.0268013 0.7021621 -0.0573553 0.7091970
34.251630 -2.4232464 -1.0296050 10.4912682 0.0281366 0.6971422 -0.0560774 0.7141824
34.459140 -2.3331654 -1.0412364 10.4952765 0.0270386 0.6922578 -0.0562585 0.7189457
34.666810 -2.2437150 -1.0529710 10.5008383 0.0253572 0.6875895 -0.0551839 0.7235554
34.874180 -2.1550045 -1.0642494 10.5073662 0.0265139 0.6824922 -0.0557794 0.7282789
35.081760 -2.0664601 -1.0757583 10.5145350 0.0270789 0.6774746 -0.0574364 0.7328001
35.289260 -1.9794785 -1.0876443 10.5234251 0.0262049 0.6724978 -0.0577718 0.7373754
35.496880 -1.8928529 -1.0982635 10.5329208 0.0245496 0.6677281 -0.0569369 0.7418184
35.704390 -1.8067060 -1.1093301 10.5438299 0.0251881 0.6626660 -0.0563642 0.7463662
35.911880 -1.7206576 -1.1204782 10.5561371 0.0275084 0.6567152 -0.0553374 0.7516024
36.119380 -1.6351875 -1.1317538 10.5695801 0.0288312 0.6493184 -0.0563730 0.7578763
36.326820 -1.5504838 -1.1427505 10.5849743 0.0264314 0.6445343 -0.0566510 0.7620155
36.534410 -1.4644638 -1.1537758 10.6004171 0.0265049 0.6418211 -0.0581063 0.7641903
36.742000 -1.3771994 -1.1645802 10.6166506 0.0276129 0.6395084 -0.0578019 0.7661106
36.949590 -1.2901216 -1.1763673 10.6336527 0.0288943 0.6370943 -0.0566743 0.7681562
37.157030 -1.2024717 -1.1874716 10.6519594 0.0286780 0.6344250 -0.0560080 0.7704191
37.364510 -1.1133870 -1.1987246 10.6703100 0.0278762 0.6314181 -0.0534487 0.7730960
37.572000 -1.0252048 -1.2097737 10.6896639 0.0304372 0.6265512 -0.0535082 0.7769453
37.779750 -0.9387236 -1.2208866 10.7108183 0.0300135 0.6214999 -0.0527530 0.7810597
38.090970 -0.8097770 -1.2372570 10.7440634 0.0327980 0.6100470 -0.0498734 0.7901137
38.298280 -0.7234690 -1.2480822 10.7689791 0.0318095 0.6011158 -0.0486366 0.7970461
38.505750 -0.6380501 -1.2588141 10.7961292 0.0316143 0.5921474 -0.0494946 0.8036867
38.713300 -0.5531459 -1.2697774 10.8247967 0.0317678 0.5831702 -0.0510374 0.8101225
38.920770 -0.4690018 -1.2806028 10.8555298 0.0297419 0.5750725 -0.0516979 0.8159255
39.128410 -0.3863473 -1.2912332 10.8868370 0.0286056 0.5681736 -0.0508794 0.8208359
39.335930 -0.3037238 -1.3015532 10.9204168 0.0269208 0.5613378 -0.0516492 0.8255347
39.543570 -0.2239091 -1.3114119 10.9541187 0.0281527 0.5542305 -0.0526331 0.8302203
39.751160 -0.1441903 -1.3219333 10.9888859 0.0273823 0.5466791 -0.0513437 0.8353179
39.854900 -0.1049948 -1.3268031 11.0073042 0.0261609 0.5427259 -0.0511950 0.8379399
40.063320 -0.0272961 -1.3363547 11.0440617 0.0236463 0.5349923 -0.0490003 0.8431032
40.166160 0.0110745 -1.3408107 11.0636005 0.0225949 0.5309964 -0.0499668 0.8455978
40.270040 0.0486526 -1.3452724 11.0827532 0.0222402 0.5270299 -0.0498338 0.8480929
40.477820 0.1231565 -1.3537226 11.1225014 0.0205059 0.5193134 -0.0497371 0.8528888
40.685040 0.1977196 -1.3620324 11.1633501 0.0206682 0.5112981 -0.0499705 0.8577005
40.892540 0.2706108 -1.3703822 11.2054634 0.0203706 0.5032810 -0.0496341 0.8624557
41.100140 0.3435392 -1.3787069 11.2489176 0.0180255 0.4964306 -0.0484662 0.8665349
41.307630 0.4160490 -1.3862671 11.2933092 0.0154134 0.4920301 -0.0475857 0.8691400
41.515430 0.4889364 -1.3932588 11.3383942 0.0125584 0.4892451 -0.0459367 0.8708452
41.723100 0.5614171 -1.3998911 11.3839502 0.0123169 0.4874802 -0.0456933 0.8718506
41.930550 0.6345305 -1.4071150 11.4296427 0.0135240 0.4856858 -0.0461877 0.8728076
42.138180 0.7082934 -1.4140991 11.4762421 0.0132053 0.4840633 -0.0434758 0.8738525
42.345760 0.7826595 -1.4209471 11.5237722 0.0108590 0.4830754 -0.0414524 0.8745295
42.553870 0.8573575 -1.4272188 11.5717373 0.0089187 0.4822286 -0.0403422 0.8750706
42.864650 0.9689012 -1.4359360 11.6440907 0.0067178 0.4815438 -0.0404060 0.8754643
43.176100 1.0812087 -1.4438837 11.7157021 0.0039249 0.4803788 -0.0384401 0.8762095
43.383520 1.1556702 -1.4487727 11.7642164 0.0025501 0.4792391 -0.0374961 0.8768793
43.694790 1.2659698 -1.4560418 11.8370705 0.0003374 0.4761325 -0.0361739 0.8786291
43.902170 1.3392911 -1.4601457 11.8865042 -0.0015629 0.4733911 -0.0344352 0.8801776
44.109610 1.4128532 -1.4639475 11.9367752 -0.0029405 0.4679334 -0.0323145 0.8831679
44.316920 1.4847503 -1.4674761 11.9876270 -0.0028385 0.4613575 -0.0322112 0.8866249
44.524290 1.5562272 -1.4705811 12.0398493 -0.0045798 0.4545370 -0.0314084 0.8901622
44.731960 1.6275105 -1.4736027 12.0931568 -0.0063024 0.4466775 -0.0288885 0.8942063
44.940270 1.6964688 -1.4760090 12.1476974 -0.0052110 0.4368604 -0.0277563 0.8990859
45.250540 1.7997794 -1.4792717 12.2346649 -0.0064168 0.4209470 -0.0255537 0.9067025
45.458050 1.8667369 -1.4814186 12.2939110 -0.0083732 0.4100286 -0.0249685 0.9116924
45.665520 1.9335241 -1.4829137 12.3570576 -0.0118237 0.3993166 -0.0232699 0.9164415
45.873020 1.9994621 -1.4839329 12.4212389 -0.0144780 0.3884152 -0.0188505 0.9211779
46.080690 2.0639658 -1.4835889 12.4876108 -0.0132527 0.3759673 -0.0150623 0.9264157
46.287790 2.1283412 -1.4836553 12.5569611 -0.0153761 0.3629699 -0.0124982 0.9315901
46.495210 2.1908212 -1.4825647 12.6294250 -0.0169003 0.3501004 -0.0113756 0.9364906
46.702650 2.2533193 -1.4808517 12.7037210 -0.0181397 0.3367404 -0.0100821 0.9413688
46.910140 2.3128262 -1.4793100 12.7806292 -0.0194521 0.3256105 -0.0114096 0.9452350
47.117660 2.3715229 -1.4781922 12.8594713 -0.0204526 0.3163651 -0.0137481 0.9483173
47.325510 2.4290810 -1.4767295 12.9403229 -0.0218281 0.3074311 -0.0152533 0.9511976
47.532920 2.4862146 -1.4743345 13.0241098 -0.0259346 0.2994057 -0.0185061 0.9535938
47.740580 2.5425777 -1.4716012 13.1097527 -0.0287736 0.2927653 -0.0223435 0.9554901
47.948270 2.5980606 -1.4692206 13.1952829 -0.0282249 0.2886078 -0.0256619 0.9566872
48.156010 2.6539922 -1.4666386 13.2820625 -0.0238712 0.2865502 -0.0294379 0.9573153
48.364330 2.7098942 -1.4647870 13.3691893 -0.0242971 0.2856561 -0.0292181 0.9575785
48.571420 2.7665091 -1.4637016 13.4568014 -0.0244819 0.2849813 -0.0286847 0.9577909
48.778960 2.8234534 -1.4621090 13.5461540 -0.0232812 0.2839301 -0.0283999 0.9581415
48.986440 2.8807735 -1.4608579 13.6350899 -0.0226828 0.2814114 -0.0267833 0.9589451
49.193760 2.9368172 -1.4595492 13.7255516 -0.0229949 0.2762891 -0.0255375 0.9604600
49.401170 2.9920700 -1.4579327 13.8168144 -0.0228833 0.2665312 -0.0238605 0.9632591
49.608640 3.0436010 -1.4559840 13.9096403 -0.0231807 0.2547883 -0.0244704 0.9664092
49.816010 3.0930257 -1.4544126 14.0022621 -0.0249786 0.2420131 -0.0249543 0.9696304
50.023270 3.1403949 -1.4524391 14.0966349 -0.0259680 0.2289375 -0.0237934 0.9728038
50.230760 3.1847813 -1.4501842 14.1927567 -0.0269016 0.2157623 -0.0241112 0.9757774
50.438290 3.2259905 -1.4472888 14.2893429 -0.0266484 0.2026809 -0.0273001 0.9785014
50.645900 3.2646117 -1.4447196 14.3869419 -0.0277957 0.1923981 -0.0319119 0.9804040
50.853640 3.3020606 -1.4421327 14.4846468 -0.0280212 0.1860714 -0.0328938 0.9815856
51.061270 3.3393805 -1.4400029 14.5825672 -0.0275780 0.1813496 -0.0312873 0.9825339
51.268910 3.3762629 -1.4371283 14.6816683 -0.0261792 0.1759304 -0.0291701 0.9836220
51.476390 3.4109147 -1.4351280 14.7800360 -0.0246321 0.1706531 -0.0298908 0.9845696
51.683890 3.4445729 -1.4322696 14.8793697 -0.0248909 0.1639760 -0.0298851 0.9856973
51.891290 3.4761791 -1.4291539 14.9792624 -0.0278042 0.1574131 -0.0304897 0.9866704
52.098770 3.5067942 -1.4267220 15.0783243 -0.0253276 0.1523533 -0.0296672 0.9875560
52.306140 3.5364907 -1.4241579 15.1753464 -0.0242253 0.1492691 -0.0273959 0.9881201
52.513900 3.5644481 -1.4220648 15.2719774 -0.0261478 0.1526552 -0.0305080 0.9874624
52.721640 3.5951223 -1.4202057 15.3666916 -0.0272585 0.1636016 -0.0343694 0.9855507
52.929520 3.6270182 -1.4179945 15.4578390 -0.0277090 0.1745193 -0.0338598 0.9836812
53.033270 3.6436033 -1.4169353 15.5021811 -0.0274858 0.1784224 -0.0327426 0.9830249
53.137020 3.6601374 -1.4161410 15.5453358 -0.0270138 0.1810766 -0.0320521 0.9825753
53.344390 3.6927888 -1.4143770 15.6305819 -0.0246021 0.1826306 -0.0310327 0.9823837
53.551780 3.7240944 -1.4125271 15.7151089 -0.0234385 0.1776858 -0.0281493 0.9834053
53.759020 3.7536089 -1.4111688 15.7983284 -0.0224489 0.1670016 -0.0248162 0.9853886
53.966270 3.7799377 -1.4097216 15.8825216 -0.0223973 0.1514637 -0.0220268 0.9879635
54.173520 3.8031993 -1.4084344 15.9655123 -0.0216447 0.1305589 -0.0175959 0.9910481
54.380770 3.8221135 -1.4064531 16.0505733 -0.0207031 0.1064277 -0.0172858 0.9939546
54.588020 3.8364511 -1.4047225 16.1363049 -0.0184406 0.0790794 -0.0170362 0.9965521
54.691640 3.8412192 -1.4034519 16.1798801 -0.0178616 0.0646705 -0.0177629 0.9975887
54.899020 3.8473744 -1.4018859 16.2672997 -0.0184879 0.0342099 -0.0172479 0.9990948
55.002770 3.8483667 -1.4009271 16.3107853 -0.0176892 0.0186212 -0.0176202 0.9995148
55.106520 3.8480790 -1.4002676 16.3547382 -0.0172304 0.0031774 -0.0172224 0.9996982
55.314140 3.8435543 -1.3981407 16.4414444 -0.0151176 -0.0241395 -0.0185376 0.9994224
55.522020 3.8348885 -1.3964134 16.5303288 -0.0170377 -0.0431914 -0.0220373 0.9986784
55.730050 3.8243809 -1.3945011 16.6199875 -0.0194896 -0.0515250 -0.0271932 0.9981111
55.938270 3.8138542 -1.3921285 16.7107372 -0.0135689 -0.0531324 -0.0293195 0.9980648
56.146400 3.8037391 -1.3903360 16.8043079 -0.0128540 -0.0506420 -0.0304059 0.9981712
56.354520 3.7942467 -1.3887991 16.8989105 -0.0122997 -0.0477251 -0.0288648 0.9983676
56.666390 3.7810738 -1.3868362 17.0447960 -0.0060323 -0.0448172 -0.0259627 0.9986395
56.770390 3.7761948 -1.3865690 17.0948544 -0.0068129 -0.0439129 -0.0264495 0.9986619
56.978150 3.7664890 -1.3861501 17.1966686 -0.0086491 -0.0435530 -0.0281396 0.9986173
57.185780 3.7562006 -1.3848594 17.2997360 -0.0083062 -0.0434228 -0.0307860 0.9985478
57.393270 3.7456112 -1.3839675 17.4037075 -0.0071087 -0.0439989 -0.0316040 0.9985062
57.600640 3.7355609 -1.3840574 17.5087223 -0.0048070 -0.0461792 -0.0301409 0.9984668
57.808020 3.7247946 -1.3841598 17.6158314 -0.0059330 -0.0521464 -0.0252092 0.9983036
58.015420 3.7112958 -1.3846221 17.7227535 -0.0056793 -0.0615876 -0.0213758 0.9978566
58.222770 3.6964445 -1.3846008 17.8290939 -0.0044774 -0.0713435 -0.0192850 0.9972553
58.430270 3.6795542 -1.3848250 17.9349079 -0.0049582 -0.0809025 -0.0187017 0.9965342
58.637900 3.6600852 -1.3848724 18.0401421 -0.0040927 -0.0897304 -0.0178842 0.9957971
58.845400 3.6386425 -1.3857495 18.1452370 -0.0027993 -0.0981871 -0.0179289 0.9950025
59.052900 3.6162841 -1.3866814 18.2488613 -0.0024593 -0.1057906 -0.0179479 0.9942234
59.260530 3.5927408 -1.3876522 18.3515015 -0.0016147 -0.1117098 -0.0149266 0.9936274
59.468030 3.5678723 -1.3881384 18.4542313 0.0031616 -0.1172837 -0.0103537 0.9930394
59.779400 3.5286732 -1.3904728 18.6082687 0.0015775 -0.1251770 -0.0078917 0.9921018
59.987020 3.5012727 -1.3917311 18.7110939 0.0014792 -0.1285232 -0.0086521 0.9916676
60.194660 3.4735136 -1.3930460 18.8136940 -0.0016251 -0.1309376 -0.0070800 0.9913640
60.402270 3.4458799 -1.3940964 18.9163399 -0.0033346 -0.1319948 -0.0031496 0.9912398
60.609930 3.4177256 -1.3951255 19.0184803 -0.0042417 -0.1328306 0.0008241 0.9911293
60.817540 3.3892260 -1.3954767 19.1220837 -0.0042506 -0.1339916 0.0035638 0.9909670
61.128990 3.3453555 -1.3965287 19.2792015 -0.0070348 -0.1360926 0.0019915 0.9906691
61.336500 3.3147187 -1.3964144 19.3827133 -0.0090022 -0.1364732 -0.0002303 0.9906029
61.543930 3.2849708 -1.3959987 19.4863663 -0.0101431 -0.1357731 -0.0016538 0.9906867
61.751640 3.2548947 -1.3951300 19.5902328 -0.0121792 -0.1337541 -0.0019942 0.9909377
61.959050 3.2261677 -1.3942485 19.6931305 -0.0143855 -0.1324535 -0.0036562 0.9910781
62.166620 3.1976085 -1.3926051 19.7949982 -0.0148233 -0.1308082 -0.0045018 0.9912866
62.374040 3.1703897 -1.3913639 19.8955326 -0.0154620 -0.1294571 -0.0039460 0.9914566
62.581550 3.1435881 -1.3899930 19.9961929 -0.0189158 -0.1284585 -0.0024058 0.9915316
62.789040 3.1174088 -1.3880928 20.0954971 -0.0200581 -0.1273947 -0.0008654 0.9916489
62.996620 3.0916443 -1.3856975 20.1943436 -0.0206010 -0.1266568 0.0019624 0.9917307
63.100390 3.0789080 -1.3846955 20.2436161 -0.0211136 -0.1266943 0.0043413 0.9917076
63.307710 3.0530562 -1.3821890 20.3411713 -0.0207762 -0.1265422 0.0052663 0.9917296
63.515270 3.0276618 -1.3800441 20.4380817 -0.0234884 -0.1270071 0.0059422 0.9916059
63.722540 3.0024981 -1.3773499 20.5333176 -0.0236248 -0.1274494 0.0059734 0.9915457
63.929910 2.9777026 -1.3752903 20.6272087 -0.0237994 -0.1277234 0.0063374 0.9915040
64.137290 2.9532161 -1.3728096 20.7201881 -0.0253051 -0.1284496 0.0069501 0.9913688
64.344770 2.9286923 -1.3698405 20.8122120 -0.0253208 -0.1289751 0.0065838 0.9913027
64.552380 2.9042301 -1.3674822 20.9019966 -0.0265742 -0.1288799 0.0051726 0.9912906
64.759950 2.8794527 -1.3639480 20.9930878 -0.0283029 -0.1287461 0.0042337 0.9912646
64.967450 2.8555994 -1.3601316 21.0830956 -0.0313760 -0.1293209 0.0043168 0.9910969
65.174920 2.8315883 -1.3561593 21.1718273 -0.0352137 -0.1310622 0.0048936 0.9907365
65.382430 2.8070049 -1.3515322 21.2597141 -0.0372809 -0.1326794 0.0059712 0.9904397
65.486120 2.7949200 -1.3489947 21.3034420 -0.0379256 -0.1335539 0.0065673 0.9902939
65.589790 2.7826385 -1.3466133 21.3471260 -0.0383271 -0.1345485 0.0063702 0.9901450
65.693560 2.7703552 -1.3438562 21.3903294 -0.0383720 -0.1350334 0.0071635 0.9900718
65.797310 2.7584658 -1.3413301 21.4332867 -0.0389424 -0.1350985 0.0077144 0.9900365
65.901040 2.7463946 -1.3388362 21.4759274 -0.0388795 -0.1348844 0.0070968 0.9900728
66.004800 2.7346811 -1.3365227 21.5178413 -0.0390959 -0.1343050 0.0079694 0.9901364
66.212160 2.7120905 -1.3315120 21.6013412 -0.0399164 -0.1337867 0.0113969 0.9901404
66.315950 2.7008266 -1.3291665 21.6415329 -0.0401325 -0.1333228 0.0113623 0.9901946
66.523350 2.6791749 -1.3249438 21.7204151 -0.0387067 -0.1329465 0.0119664 0.9902948
66.730790 2.6576467 -1.3206217 21.7973480 -0.0373995 -0.1320085 0.0115859 0.9904751
66.938300 2.6373520 -1.3168545 21.8722858 -0.0367902 -0.1312952 0.0123443 0.9905835
67.145890 2.6175766 -1.3129476 21.9467812 -0.0360170 -0.1297323 0.0137692 0.9907990
67.353460 2.5982232 -1.3095276 22.0209732 -0.0352197 -0.1254604 0.0140442 0.9913738
67.561050 2.5800004 -1.3056880 22.0956936 -0.0351552 -0.1169468 0.0122303 0.9924404
67.769210 2.5632234 -1.3017137 22.1707458 -0.0401187 -0.1037953 0.0091023 0.9937475
67.976670 2.5497613 -1.2973521 22.2454205 -0.0425906 -0.0861156 0.0081043 0.9953414
68.184680 2.5389783 -1.2919452 22.3211365 -0.0442590 -0.0637541 0.0053105 0.9969696
68.392670 2.5329342 -1.2866683 22.3971519 -0.0456872 -0.0381046 0.0046900 0.9982178
68.600540 2.5308485 -1.2812041 22.4723282 -0.0433023 -0.0109583 0.0050506 0.9989892
68.808420 2.5323706 -1.2761886 22.5476074 -0.0430594 0.0161171 0.0054679 0.9989275
69.016040 2.5384393 -1.2704201 22.6240978 -0.0438535 0.0424093 0.0074631 0.9981095
69.223670 2.5483375 -1.2648568 22.7001438 -0.0441542 0.0677942 0.0089512 0.9966816
69.431290 2.5626698 -1.2593555 22.7765789 -0.0438166 0.0929473 0.0101642 0.9946545
69.742460 2.5914364 -1.2507243 22.8913364 -0.0411700 0.1273187 0.0117037 0.9909379
69.950110 2.6143246 -1.2454152 22.9680576 -0.0404732 0.1469531 0.0121571 0.9882403
70.157430 2.6402106 -1.2398324 23.0449829 -0.0395231 0.1652949 0.0116339 0.9853833
70.364970 2.6695719 -1.2343473 23.1227875 -0.0388104 0.1837498 0.0120896 0.9821322
70.572360 2.7020340 -1.2293117 23.1994591 -0.0396246 0.2021949 0.0132184 0.9784541
70.675960 2.7194881 -1.2261682 23.2373466 -0.0401274 0.2111007 0.0137187 0.9765440
70.883300 2.7566400 -1.2209896 23.3125515 -0.0389822 0.2285614 0.0132004 0.9726592
70.987040 2.7763352 -1.2181658 23.3497753 -0.0372835 0.2369765 0.0130430 0.9707121
71.194400 2.8173242 -1.2129358 23.4244919 -0.0357500 0.2552485 0.0093703 0.9661689
71.401990 2.8623486 -1.2078633 23.4981785 -0.0371231 0.2760146 0.0086733 0.9603971
71.609450 2.9109716 -1.2029334 23.5703297 -0.0390592 0.2988084 0.0083819 0.9534766
71.817050 2.9633560 -1.1979963 23.6386795 -0.0392938 0.3245016 0.0085791 0.9450297
72.024670 3.0197048 -1.1929036 23.7039661 -0.0384998 0.3501892 0.0098958 0.9358351
72.232060 3.0788507 -1.1878228 23.7660027 -0.0383848 0.3748833 0.0124028 0.9261940
72.439440 3.1407433 -1.1831847 23.8245621 -0.0375969 0.3968906 0.0132241 0.9170002
72.646700 3.2052298 -1.1779705 23.8805676 -0.0371394 0.4152005 0.0151085 0.9088460
73.061450 3.3431234 -1.1672041 23.9892845 -0.0370032 0.4499665 0.0146534 0.8921582
73.268930 3.4183636 -1.1611918 24.0410004 -0.0413717 0.4676169 0.0165908 0.8828067
73.476410 3.4945450 -1.1547780 24.0890408 -0.0426434 0.4872629 0.0165709 0.8720561
73.683940 3.5732956 -1.1488680 24.1332359 -0.0410113 0.5079408 0.0175442 0.8602363
73.891550 3.6556025 -1.1424667 24.1739445 -0.0393860 0.5290715 0.0203946 0.8474174
74.099040 3.7413235 -1.1358428 24.2108803 -0.0385298 0.5503504 0.0224024 0.8337434
74.306540 3.8293848 -1.1299682 24.2437992 -0.0382704 0.5715595 0.0221214 0.8193691
74.514170 3.9210958 -1.1231781 24.2734032 -0.0376290 0.5928200 0.0199800 0.8042073
74.721470 4.0151067 -1.1170671 24.2987518 -0.0387110 0.6142011 0.0187688 0.7879760
74.928950 4.1122413 -1.1106089 24.3193283 -0.0380026 0.6355969 0.0194495 0.7708398
75.136310 4.2111130 -1.1040325 24.3340702 -0.0362442 0.6559788 0.0214963 0.7536021
75.343680 4.3118467 -1.0977536 24.3446693 -0.0349456 0.6753156 0.0221740 0.7363667
75.551070 4.4142838 -1.0918994 24.3498840 -0.0342015 0.6937808 0.0223964 0.7190250
75.758450 4.5197053 -1.0846076 24.3501167 -0.0356937 0.7113544 0.0239042 0.7015194
75.965810 4.6260891 -1.0780879 24.3448601 -0.0364243 0.7280240 0.0235107 0.6841795
76.069540 4.6796331 -1.0745013 24.3404961 -0.0365291 0.7367339 0.0223637 0.6748249
76.276990 4.7875233 -1.0677986 24.3265038 -0.0351164 0.7532959 0.0218243 0.6563808
76.484350 4.8941240 -1.0606239 24.3073788 -0.0344442 0.7687839 0.0231395 0.6381611
76.691750 5.0028625 -1.0538853 24.2836056 -0.0308235 0.7825366 0.0231999 0.6214081
76.899070 5.1110911 -1.0469234 24.2552834 -0.0308312 0.7952803 0.0222935 0.6050468
77.210160 5.2719436 -1.0383099 24.2038689 -0.0298311 0.8141865 0.0173222 0.5795778
77.417440 5.3802557 -1.0329306 24.1641369 -0.0315028 0.8263918 0.0171874 0.5619508
77.624880 5.4858046 -1.0272826 24.1195908 -0.0320048 0.8370674 0.0172608 0.5458901
77.832140 5.5905972 -1.0228037 24.0714226 -0.0305805 0.8444529 0.0191586 0.5344129
77.935700 5.6435199 -1.0202943 24.0465965 -0.0282667 0.8472244 0.0194137 0.5301273
78.039350 5.6959696 -1.0173458 24.0202446 -0.0258760 0.8490567 0.0206700 0.5272627
78.142930 5.7483525 -1.0148623 23.9937820 -0.0242056 0.8502916 0.0225844 0.5252698
78.246670 5.8016672 -1.0122378 23.9669647 -0.0228390 0.8512588 0.0246798 0.5236676
78.350300 5.8546314 -1.0098222 23.9401150 -0.0221344 0.8518113 0.0262810 0.5227206
78.454020 5.9083486 -1.0069538 23.9134064 -0.0226099 0.8522810 0.0271318 0.5218906
78.557850 5.9622736 -1.0039334 23.8865204 -0.0236847 0.8526385 0.0278040 0.5212232
78.661450 6.0164371 -1.0004950 23.8593636 -0.0256599 0.8529940 0.0284750 0.5205113
78.765630 6.0704327 -0.9971075 23.8318958 -0.0266133 0.8533296 0.0298465 0.5198361
78.868800 6.1247392 -0.9936831 23.8040447 -0.0268673 0.8536572 0.0300159 0.5192750
78.972430 6.1793518 -0.9894426 23.7759724 -0.0261536 0.8539334 0.0286596 0.5189339
79.081780 6.2340703 -0.9855699 23.7479630 -0.0250219 0.8542581 0.0281775 0.5184816
79.179920 6.2888074 -0.9821812 23.7199039 -0.0239244 0.8545908 0.0283434 0.5179757
79.387330 6.3978648 -0.9756730 23.6637497 -0.0239497 0.8553677 0.0296602 0.5166166
79.491080 6.4509959 -0.9722296 23.6370125 -0.0252073 0.8557713 0.0302561 0.5158533
79.698570 6.5631332 -0.9629559 23.5782394 -0.0265967 0.8564494 0.0304855 0.5146433
79.906130 6.6773276 -0.9560119 23.5189552 -0.0269683 0.8570053 0.0309502 0.5136698
80.113430 6.7898927 -0.9476770 23.4589729 -0.0235875 0.8574833 0.0305045 0.5130648
80.321020 6.9044042 -0.9396951 23.3980885 -0.0243658 0.8573472 0.0317313 0.5131814
80.528440 7.0192466 -0.9318396 23.3368149 -0.0243869 0.8571974 0.0294133 0.5135686
80.839590 7.1944823 -0.9210908 23.2440376 -0.0224576 0.8570250 0.0283224 0.5140055
81.047130 7.3136425 -0.9134440 23.1812496 -0.0238441 0.8572293 0.0298403 0.5135162
81.358350 7.4949751 -0.9016956 23.0854225 -0.0256982 0.8573795 0.0286819 0.5132420
81.669620 7.6803446 -0.8890216 22.9864578 -0.0251196 0.8576429 0.0276851 0.5128851
81.876950 7.8044338 -0.8815480 22.9206505 -0.0247467 0.8578157 0.0287502 0.5125556
82.084440 7.9281712 -0.8734707 22.8546562 -0.0258298 0.8579039 0.0283538 0.5123766
82.291790 8.0524750 -0.8651205 22.7882671 -0.0296389 0.8580868 0.0242873 0.5120730
82.499340 8.1766558 -0.8571492 22.7219791 -0.0311026 0.8581139 0.0232936 0.5119870
82.706910 8.3012276 -0.8497238 22.6553001 -0.0277954 0.8581010 0.0249990 0.5121183
82.810450 8.3647079 -0.8460592 22.6213017 -0.0266217 0.8580101 0.0263699 0.5122641
82.914210 8.4272404 -0.8419123 22.5878754 -0.0261611 0.8580026 0.0273038 0.5122516
83.121720 8.5526276 -0.8346306 22.5205078 -0.0272808 0.8577917 0.0279386 0.5125120
83.329210 8.6771564 -0.8269540 22.4539833 -0.0262974 0.8578497 0.0273081 0.5125003
83.536780 8.8023329 -0.8196097 22.3873901 -0.0234301 0.8576307 0.0278461 0.5129769
83.744180 8.9282894 -0.8117059 22.3210030 -0.0261375 0.8570278 0.0281262 0.5138376
83.951670 9.0540028 -0.8034258 22.2553368 -0.0298225 0.8561078 0.0282876 0.5151600
84.262850 9.2412434 -0.7911694 22.1584091 -0.0281766 0.8546019 0.0250200 0.5179147
84.574140 9.4286842 -0.7811110 22.0629082 -0.0298322 0.8540183 0.0259582 0.5187378
84.677950 9.4914656 -0.7773672 22.0311508 -0.0295139 0.8540962 0.0261890 0.5186161
84.885450 9.6161604 -0.7697371 21.9675140 -0.0287787 0.8547644 0.0246124 0.5176329
85.093050 9.7401466 -0.7624972 21.9033585 -0.0261645 0.8557902 0.0243399 0.5160873
85.404100 9.9213848 -0.7518610 21.8076611 -0.0267997 0.8581586 0.0268603 0.5119805
85.611430 10.0409279 -0.7445897 21.7430668 -0.0260749 0.8597224 0.0272745 0.5093659
86.026320 10.2786083 -0.7304114 21.6132984 -0.0242098 0.8631077 0.0261852 0.5037591
86.233840 10.3963127 -0.7239143 21.5468636 -0.0271679 0.8644559 0.0259147 0.5013047
86.441310 10.5109787 -0.7179007 21.4818764 -0.0288347 0.8657359 0.0263040 0.4989770
86.752310 10.6765614 -0.7078614 21.3869133 -0.0308057 0.8671470 0.0252342 0.4964578
87.063460 10.8342934 -0.6988027 21.2965145 -0.0339760 0.8676458 0.0230759 0.4954835
87.270810 10.9347153 -0.6936042 21.2384014 -0.0349416 0.8662856 0.0227693 0.4978051
87.478210 11.0328484 -0.6884036 21.1831398 -0.0354957 0.8629255 0.0223165 0.5035887
87.685550 11.1295786 -0.6818878 21.1319046 -0.0356273 0.8568870 0.0216179 0.5138171
87.789170 11.1781702 -0.6795959 21.1078148 -0.0357450 0.8529755 0.0212132 0.5202932
87.996680 11.2738342 -0.6742926 21.0619335 -0.0371206 0.8435548 0.0186998 0.5354322
88.204050 11.3696823 -0.6694272 21.0212746 -0.0367707 0.8336662 0.0154479 0.5508266
88.411430 11.4684381 -0.6632230 20.9829597 -0.0378942 0.8224018 0.0131047 0.5674924
88.618820 11.5669537 -0.6572871 20.9496269 -0.0393582 0.8104891 0.0132295 0.5842801
88.929940 11.7167788 -0.6482256 20.9086456 -0.0463779 0.7919616 0.0130956 0.6086661
89.241050 11.8686581 -0.6386764 20.8768749 -0.0506698 0.7726225 0.0094293 0.6327702
89.552220 12.0224142 -0.6294767 20.8549862 -0.0467670 0.7498235 0.0095850 0.6599135
89.863200 12.1799221 -0.6205735 20.8444309 -0.0421202 0.7222909 0.0098904 0.6902347
90.070690 12.2862482 -0.6144956 20.8447227 -0.0426680 0.7020798 0.0100465 0.7107478
90.278050 12.3937626 -0.6080327 20.8524952 -0.0463317 0.6804171 0.0088356 0.7313057
90.485550 12.5024872 -0.6009926 20.8663712 -0.0495528 0.6580225 0.0049812 0.7513495
90.693070 12.6107244 -0.5938051 20.8872395 -0.0503623 0.6362836 0.0013307 0.7698084
90.900550 12.7208576 -0.5863707 20.9143543 -0.0511314 0.6139630 -0.0020189 0.7876744
91.108060 12.8313885 -0.5789595 20.9486294 -0.0537467 0.5911081 -0.0012926 0.8047986
91.315450 12.9401512 -0.5709298 20.9888077 -0.0539049 0.5673473 -0.0022675 0.8217093
91.419180 12.9937801 -0.5668044 21.0109501 -0.0519401 0.5558175 -0.0014775 0.8296788
91.626680 13.1012173 -0.5585039 21.0621929 -0.0547518 0.5336471 -0.0025481 0.8439292
91.730300 13.1547241 -0.5537962 21.0898056 -0.0567347 0.5227050 -0.0015784 0.8506222
91.937810 13.2623158 -0.5442243 21.1496506 -0.0589597 0.5012376 0.0008305 0.8632982
92.041550 13.3140316 -0.5387902 21.1822319 -0.0598022 0.4910782 -0.0000878 0.8690603
92.249180 13.4180994 -0.5281355 21.2505035 -0.0603867 0.4723750 0.0000987 0.8793266
92.456800 13.5200539 -0.5168576 21.3229866 -0.0620826 0.4569161 -0.0032118 0.8873348
92.664430 13.6208401 -0.5051830 21.3992310 -0.0638701 0.4438768 -0.0059192 0.8937891
92.872100 13.7206364 -0.4932375 21.4791489 -0.0634083 0.4327485 -0.0064881 0.8992586
93.079680 13.8188248 -0.4825280 21.5612736 -0.0603622 0.4227754 -0.0067394 0.9041969
93.287430 13.9170609 -0.4720218 21.6444740 -0.0608529 0.4159835 -0.0057509 0.9073156
93.495180 14.0139618 -0.4598455 21.7304993 -0.0626317 0.4126086 -0.0061750 0.9087317
93.806680 14.1589546 -0.4424126 21.8594017 -0.0640405 0.4083385 -0.0072230 0.9105527
94.014310 14.2553272 -0.4303501 21.9462433 -0.0613675 0.4065453 -0.0073670 0.9115375
94.325690 14.3974667 -0.4145658 22.0740318 -0.0597133 0.4060484 -0.0060128 0.9118788
94.429560 14.4438601 -0.4099257 22.1164646 -0.0611086 0.4072283 -0.0062835 0.9112581
94.844930 14.6231899 -0.3898354 22.2726135 -0.0636661 0.4182405 -0.0087470 0.9060602
95.052690 14.7112122 -0.3801606 22.3466167 -0.0617347 0.4278760 -0.0112953 0.9016559
95.364430 14.8411331 -0.3686259 22.4466629 -0.0568888 0.4459872 -0.0090349 0.8931839
95.676180 14.9681139 -0.3592746 22.5362015 -0.0507933 0.4660996 -0.0058568 0.8832536
95.988060 15.0897789 -0.3526889 22.6134300 -0.0346203 0.4882129 -0.0123136 0.8719506
96.300060 15.2089367 -0.3496181 22.6792374 -0.0310375 0.5167354 -0.0172534 0.8554084
96.612440 15.3281794 -0.3473030 22.7315025 -0.0324031 0.5550237 -0.0130887 0.8311001
96.924940 15.4475727 -0.3474343 22.7674923 -0.0198884 0.6030260 -0.0121008 0.7973818
97.133190 15.5298080 -0.3482734 22.7841721 -0.0135793 0.6356350 -0.0164026 0.7716960
97.341440 15.6151829 -0.3492730 22.7943745 -0.0130078 0.6672533 -0.0139749 0.7445862
97.549480 15.7003002 -0.3506436 22.7971859 -0.0161951 0.6985577 -0.0109043 0.7152873
97.757560 15.7852430 -0.3518160 22.7919579 -0.0129436 0.7295582 -0.0077666 0.6837522
97.965440 15.8679905 -0.3529057 22.7796707 -0.0089033 0.7575057 -0.0091032 0.6527044
98.276830 15.9924374 -0.3554720 22.7512550 -0.0030412 0.7892063 -0.0070010 0.6140808
98.484190 16.0734921 -0.3577420 22.7267361 -0.0030416 0.8035015 -0.0046244 0.5952770
98.691560 16.1538372 -0.3595604 22.6985283 -0.0012184 0.8141053 -0.0029751 0.5807084
98.899080 16.2348595 -0.3612723 22.6671829 0.0000751 0.8244297 -0.0010500 0.5659634
99.106560 16.3155041 -0.3631121 22.6327477 0.0018038 0.8351473 0.0004000 0.5500234
99.314190 16.3956642 -0.3647106 22.5947762 0.0002471 0.8483716 -0.0005908 0.5294008
99.522160 16.4718914 -0.3667683 22.5523376 0.0022202 0.8631861 -0.0022591 0.5048760
99.730070 16.5464096 -0.3686587 22.5043373 0.0017746 0.8803878 -0.0024355 0.4742449
99.938070 16.6165829 -0.3706688 22.4496479 0.0039223 0.8987048 0.0020384 0.4385317
100.146100 16.6828918 -0.3724711 22.3895378 0.0061547 0.9164593 0.0022170 0.4000744
100.250100 16.7140522 -0.3735153 22.3578358 0.0064944 0.9247996 0.0022647 0.3803924
100.458100 16.7707367 -0.3750180 22.2903824 0.0090086 0.9401540 0.0044988 0.3406009
100.666000 16.8187370 -0.3767771 22.2218285 0.0116126 0.9534166 0.0072545 0.3013459
100.873800 16.8625450 -0.3775603 22.1488094 0.0145444 0.9638133 0.0064541 0.2661028
101.081300 16.9010963 -0.3775581 22.0738258 0.0189014 0.9716517 0.0042409 0.2356221
101.288700 16.9350033 -0.3791031 21.9966431 0.0202481 0.9780237 0.0051909 0.2074434
101.496100 16.9647217 -0.3800631 21.9171848 0.0230160 0.9835064 0.0072972 0.1792545
101.703400 16.9900322 -0.3807810 21.8356171 0.0247022 0.9883873 0.0099265 0.1496052
101.910900 17.0107517 -0.3818947 21.7520542 0.0266710 0.9925849 0.0086438 0.1182752
102.118500 17.0257092 -0.3819422 21.6669159 0.0285809 0.9959595 0.0070974 0.0848381
102.326100 17.0345364 -0.3821107 21.5796204 0.0310243 0.9981258 0.0127260 0.0511905
102.533600 17.0384026 -0.3815146 21.4909763 0.0302179 0.9993102 0.0132633 0.0170306
102.741200 17.0358925 -0.3806551 21.4011269 0.0301853 0.9993441 0.0114396 -0.0164154
102.948700 17.0270786 -0.3793449 21.3087234 0.0321000 0.9982989 0.0109495 -0.0474229
103.156200 17.0127983 -0.3782557 21.2143059 0.0337918 0.9965493 0.0102679 -0.0751147
103.363600 16.9939632 -0.3773119 21.1188374 0.0350780 0.9946056 0.0093506 -0.0971692
103.571100 16.9720116 -0.3762761 21.0215282 0.0338805 0.9928144 0.0070227 -0.1145530
103.778400 16.9464588 -0.3753347 20.9217453 0.0323429 0.9910741 0.0074412 -0.1291154
103.985900 16.9177055 -0.3745139 20.8200760 0.0321045 0.9894542 0.0090360 -0.1409546
104.193200 16.8860092 -0.3729441 20.7164936 0.0345998 0.9884574 0.0094967 -0.1471893
104.400600 16.8536053 -0.3714545 20.6108437 0.0348009 0.9880589 0.0061387 -0.1499691
104.608100 16.8201294 -0.3701565 20.5023937 0.0364814 0.9877113 0.0059890 -0.1518544
104.815400 16.7852306 -0.3690764 20.3911476 0.0374939 0.9874419 0.0090519 -0.1532019
105.022900 16.7492428 -0.3674166 20.2783127 0.0387728 0.9871641 0.0082805 -0.1547100
105.230400 16.7126122 -0.3659431 20.1630764 0.0371932 0.9869543 0.0073209 -0.1564744
105.437900 16.6750889 -0.3647168 20.0454578 0.0379358 0.9866651 0.0076441 -0.1580963
105.645400 16.6355419 -0.3630394 19.9252167 0.0387106 0.9863325 0.0074774 -0.1599803
105.956700 16.5743141 -0.3608719 19.7423763 0.0399415 0.9859017 0.0081410 -0.1622846
106.164200 16.5324593 -0.3589076 19.6179371 0.0393300 0.9856315 0.0090391 -0.1640184
106.371700 16.4901142 -0.3572901 19.4933376 0.0378958 0.9854101 0.0090606 -0.1656767
106.579200 16.4477234 -0.3553709 19.3690758 0.0382327 0.9851403 0.0086381 -0.1672193
106.890600 16.3826370 -0.3534552 19.1804867 0.0384808 0.9853663 0.0100698 -0.1657437
107.201800 16.3213501 -0.3521788 18.9918633 0.0341488 0.9863604 0.0077614 -0.1608319
107.409200 16.2818851 -0.3517211 18.8646240 0.0299386 0.9873086 0.0047226 -0.1558944
107.720700 16.2250690 -0.3524597 18.6719513 0.0228251 0.9889662 0.0036234 -0.1463276
107.927800 16.1886864 -0.3523179 18.5435658 0.0207825 0.9903895 0.0062511 -0.1365930
108.135300 16.1557732 -0.3522771 18.4139595 0.0229196 0.9921347 0.0083435 -0.1227749
108.342700 16.1271839 -0.3527194 18.2851276 0.0229782 0.9939234 0.0056167 -0.1075026
108.550200 16.1039619 -0.3531827 18.1567059 0.0206415 0.9953977 0.0030191 -0.0935323
108.757800 16.0834045 -0.3541548 18.0275440 0.0214379 0.9965403 0.0046435 -0.0801640
108.965300 16.0659981 -0.3553123 17.8980618 0.0221713 0.9975568 0.0050184 -0.0660578
109.173100 16.0516491 -0.3558153 17.7657127 0.0187097 0.9984129 0.0069313 -0.0526649
109.380500 16.0421124 -0.3564143 17.6349182 0.0163497 0.9990290 0.0085228 -0.0400122
109.588000 16.0351944 -0.3565682 17.5042324 0.0146765 0.9994923 0.0081441 -0.0270816
109.795400 16.0317154 -0.3564956 17.3729973 0.0145566 0.9997448 0.0097559 -0.0142530
109.900300 16.0315590 -0.3563988 17.3077736 0.0134533 0.9998150 0.0112305 -0.0079315
110.106700 16.0325108 -0.3555843 17.1764469 0.0149980 0.9998129 0.0113228 0.0045880
110.418100 16.0411644 -0.3558813 16.9804077 0.0160926 0.9995898 0.0080037 0.0222983
110.729500 16.0558605 -0.3575560 16.7840424 0.0142877 0.9991323 0.0069988 0.0384898
110.937100 16.0685425 -0.3576741 16.6527691 0.0138516 0.9987431 0.0049854 0.0479114
111.144800 16.0841637 -0.3593377 16.5218716 0.0132574 0.9982785 0.0051530 0.0569012
111.456200 16.1115131 -0.3610486 16.3262901 0.0113490 0.9974921 0.0073388 0.0694761
111.871200 16.1554508 -0.3624480 16.0715427 0.0086173 0.9963546 0.0081011 0.0844842
112.182300 16.1925163 -0.3625509 15.8819084 0.0071206 0.9954150 0.0099546 0.0948643
112.597300 16.2460575 -0.3639024 15.6373415 0.0066766 0.9940438 0.0044016 0.1086872
112.908600 16.2893677 -0.3673612 15.4642124 0.0090673 0.9927803 0.0007417 0.1196014
113.220000 16.3326626 -0.3723525 15.3030930 0.0085461 0.9913664 -0.0126649 0.1302273
113.739100 16.4014168 -0.3894060 15.0683880 0.0075352 0.9897887 -0.0307250 0.1389873
114.258700 16.4627476 -0.4082575 14.8481178 0.0146043 0.9912391 -0.0282188 0.1282012
114.779700 16.5011196 -0.4225821 14.6322899 0.0216887 0.9974657 -0.0149698 0.0660888
115.092200 16.5051060 -0.4272879 14.5035210 0.0243126 0.9996561 -0.0076935 0.0061177
115.404800 16.4919415 -0.4309253 14.3773279 0.0265026 0.9978527 -0.0024992 -0.0598446
115.717200 16.4620037 -0.4320846 14.2520943 0.0268074 0.9914085 0.0046485 -0.1279407
115.925200 16.4323273 -0.4317998 14.1690025 0.0251632 0.9844264 0.0086682 -0.1737711
116.133100 16.3943253 -0.4307409 14.0882826 0.0242247 0.9754710 0.0095252 -0.2185837
116.238300 16.3721237 -0.4303426 14.0491600 0.0260174 0.9703027 0.0099757 -0.2402836
116.444900 16.3216267 -0.4281672 13.9721870 0.0298117 0.9593217 0.0109643 -0.2805226
116.652400 16.2646637 -0.4262857 13.8964396 0.0325518 0.9482849 0.0106966 -0.3155657
116.859700 16.2007256 -0.4232342 13.8225336 0.0360623 0.9381497 0.0074458 -0.3442661
117.067000 16.1312637 -0.4203239 13.7497244 0.0403328 0.9299214 0.0043740 -0.3655137
117.274300 16.0560074 -0.4172692 13.6746273 0.0418997 0.9234713 0.0035637 -0.3813561
117.481600 15.9754028 -0.4140655 13.5981445 0.0422341 0.9177948 0.0029510 -0.3947915
117.689000 15.8900270 -0.4105061 13.5203352 0.0435938 0.9132299 0.0016622 -0.4051025
117.896100 15.7992268 -0.4069455 13.4396467 0.0463291 0.9120489 0.0007890 -0.4074552
118.103200 15.7062025 -0.4032220 13.3532772 0.0462268 0.9139023 0.0024587 -0.4032860
118.310600 15.6109381 -0.3994034 13.2636185 0.0426606 0.9151155 0.0032862 -0.4009150
118.518000 15.5139065 -0.3958300 13.1719332 0.0416928 0.9156013 0.0037260 -0.3999025
118.725500 15.4133368 -0.3921124 13.0775023 0.0414646 0.9162908 0.0030278 -0.3983500
118.932800 15.3104277 -0.3878901 12.9790630 0.0403207 0.9169863 0.0029440 -0.3968648
119.140500 15.2053843 -0.3847212 12.8789387 0.0399463 0.9177650 0.0007352 -0.3951091
119.347800 15.1000490 -0.3823702 12.7769136 0.0376970 0.9186950 -0.0012885 -0.3931625
119.555300 14.9924831 -0.3809522 12.6720476 0.0359553 0.9196066 -0.0022694 -0.3911850
119.762700 14.8839941 -0.3791249 12.5654058 0.0364537 0.9207101 -0.0007600 -0.3885401
119.970100 14.7750692 -0.3773574 12.4572020 0.0373937 0.9222801 0.0002447 -0.3847091
120.177500 14.6680717 -0.3752495 12.3475256 0.0375676 0.9245220 0.0029664 -0.3792610
120.384800 14.5619297 -0.3727148 12.2364445 0.0368818 0.9271214 0.0022833 -0.3729348
120.695800 14.4035091 -0.3704459 12.0648727 0.0396549 0.9332119 -0.0006664 -0.3571311
120.903200 14.3025608 -0.3694654 11.9472408 0.0408965 0.9385803 -0.0029423 -0.3426163
121.110500 14.2061501 -0.3688557 11.8247328 0.0399642 0.9440862 -0.0032392 -0.3272517
121.317800 14.1139002 -0.3680893 11.6991138 0.0371800 0.9489245 -0.0034285 -0.3132863
121.525300 14.0236444 -0.3676054 11.5694227 0.0363345 0.9528798 0.0005040 -0.3011638
121.732800 13.9358540 -0.3666391 11.4383879 0.0363864 0.9568184 -0.0011324 -0.2883978
122.044100 13.8117847 -0.3672800 11.2381058 0.0350920 0.9621722 -0.0031748 -0.2701539
122.355300 13.6935673 -0.3688512 11.0307617 0.0370970 0.9664589 -0.0042754 -0.2540919
122.563000 13.6157436 -0.3691948 10.8892708 0.0386801 0.9683180 -0.0036981 -0.2466790
122.666800 13.5781260 -0.3691707 10.8179607 0.0386314 0.9688891 -0.0039161 -0.2444305
122.874600 13.5020313 -0.3705914 10.6727238 0.0376010 0.9694809 -0.0024637 -0.2422538
123.082400 13.4250107 -0.3712245 10.5268679 0.0361696 0.9699075 -0.0035196 -0.2407463
123.290000 13.3482332 -0.3717498 10.3797817 0.0368833 0.9705353 -0.0041325 -0.2380837
123.497600 13.2708168 -0.3721162 10.2298326 0.0400612 0.9712675 -0.0027260 -0.2345787
123.705300 13.1938419 -0.3731532 10.0785494 0.0415548 0.9718241 -0.0066921 -0.2319189
123.913000 13.1164875 -0.3737535 9.9242868 0.0422625 0.9720296 -0.0063790 -0.2309363
124.120500 13.0376759 -0.3741303 9.7681684 0.0447921 0.9721184 -0.0022740 -0.2301615
124.328100 12.9575596 -0.3728628 9.6112032 0.0493536 0.9718872 -0.0043086 -0.2301758
124.535600 12.8781948 -0.3731545 9.4524374 0.0508272 0.9715570 -0.0061078 -0.2312061
124.743100 12.7969952 -0.3746851 9.2915611 0.0479906 0.9712560 -0.0037887 -0.2331185
124.950600 12.7161226 -0.3735976 9.1288481 0.0424210 0.9703560 -0.0016312 -0.2379224
125.158200 12.6321354 -0.3732737 8.9672775 0.0367696 0.9690140 -0.0005399 -0.2442531
125.365700 12.5456629 -0.3727123 8.8053703 0.0340020 0.9670968 -0.0017074 -0.2521204
125.573100 12.4535656 -0.3727172 8.6441498 0.0374723 0.9648630 0.0007284 -0.2600666
125.676800 12.4061985 -0.3722395 8.5645227 0.0398421 0.9636754 -0.0000008 -0.2640878
125.884200 12.3097229 -0.3715105 8.4059849 0.0444212 0.9611737 -0.0041576 -0.2723133
126.091700 12.2087965 -0.3708536 8.2454739 0.0453001 0.9590881 -0.0030872 -0.2794430
126.299200 12.1051064 -0.3684028 8.0850105 0.0480269 0.9570013 0.0009728 -0.2860785
126.506600 11.9998302 -0.3675178 7.9267941 0.0518483 0.9556898 -0.0010725 -0.2897717
126.714100 11.8933935 -0.3657162 7.7671394 0.0496617 0.9551204 -0.0021779 -0.2920170
126.921600 11.7867670 -0.3632979 7.6051245 0.0453482 0.9547311 -0.0004180 -0.2939929
127.232700 11.6202927 -0.3587607 7.3627577 0.0462078 0.9545578 0.0014946 -0.2944181
127.336500 11.5665474 -0.3575079 7.2834597 0.0456024 0.9546232 0.0015101 -0.2943005
127.647600 11.4009924 -0.3542750 7.0388856 0.0423579 0.9546728 0.0026994 -0.2946158
127.751200 11.3447781 -0.3537675 6.9572916 0.0426883 0.9544197 0.0034412 -0.2953794
128.062200 11.1779938 -0.3487401 6.7123089 0.0434030 0.9536029 0.0035422 -0.2979011
128.166000 11.1212692 -0.3470790 6.6295977 0.0427637 0.9534110 0.0033760 -0.2986090
128.373300 11.0068483 -0.3430808 6.4636040 0.0409688 0.9533393 0.0048947 -0.2990681
128.477100 10.9494181 -0.3417223 6.3806019 0.0416577 0.9533682 0.0051128 -0.2988770
128.580700 10.8916750 -0.3393425 6.2978287 0.0427496 0.9534410 0.0042630 -0.2985039
128.684500 10.8347607 -0.3373596 6.2128172 0.0426394 0.9533877 0.0032860 -0.2987022
128.788200 10.7778940 -0.3365154 6.1301394 0.0424064 0.9534916 0.0034181 -0.2984020
128.891800 10.7199402 -0.3346760 6.0459819 0.0418113 0.9536124 0.0037142 -0.2980962
128.995500 10.6622715 -0.3335992 5.9618669 0.0417661 0.9536523 0.0042936 -0.2979674
129.099100 10.6048107 -0.3322867 5.8774824 0.0418740 0.9536659 0.0045048 -0.2979053
129.202800 10.5473557 -0.3302998 5.7930398 0.0415985 0.9537286 0.0040824 -0.2977492
129.306600 10.4888496 -0.3285475 5.7080498 0.0418767 0.9537191 0.0032725 -0.2977506
129.410300 10.4304018 -0.3271696 5.6231279 0.0415752 0.9537850 0.0028483 -0.2975863
129.514100 10.3715277 -0.3257447 5.5374594 0.0419587 0.9537650 0.0027177 -0.2975976
129.617800 10.3123703 -0.3249243 5.4515915 0.0427050 0.9537972 0.0032524 -0.2973832
129.721600 10.2529068 -0.3229364 5.3647728 0.0431222 0.9537448 0.0033106 -0.2974901
129.825300 10.1940603 -0.3217256 5.2790165 0.0439426 0.9536848 0.0034253 -0.2975610
129.929100 10.1338272 -0.3199416 5.1921864 0.0446948 0.9536304 0.0030833 -0.2976272
130.032700 10.0742159 -0.3183801 5.1056528 0.0460517 0.9534788 0.0015725 -0.2979175
130.136500 10.0154419 -0.3173834 5.0199757 0.0467367 0.9533546 0.0003009 -0.2982123
130.240200 9.9542294 -0.3164224 4.9333115 0.0473863 0.9532775 0.0004111 -0.2983560
130.343800 9.8946590 -0.3150045 4.8461533 0.0461093 0.9530341 0.0011088 -0.2993305
130.447600 9.8346329 -0.3132313 4.7588139 0.0447744 0.9526253 0.0017321 -0.3008277
130.551300 9.7737751 -0.3118546 4.6712065 0.0434350 0.9523043 0.0032387 -0.3020255
130.655000 9.7122612 -0.3103434 4.5837588 0.0442084 0.9517955 0.0043428 -0.3034997
130.758700 9.6510162 -0.3085326 4.4964170 0.0437776 0.9515135 0.0040146 -0.3044496
130.862500 9.5891304 -0.3068906 4.4098778 0.0437662 0.9511581 0.0028249 -0.3055728
130.966100 9.5284252 -0.3055857 4.3233738 0.0431356 0.9509096 0.0024908 -0.3064377
131.070000 9.4661884 -0.3038410 4.2366357 0.0424314 0.9507217 0.0023018 -0.3071195
131.173700 9.4046860 -0.3019607 4.1512680 0.0429592 0.9505569 0.0025627 -0.3075539
131.277500 9.3427877 -0.2997885 4.0655842 0.0443562 0.9503497 0.0036374 -0.3079850
131.484800 9.2177544 -0.2965441 3.8940351 0.0468851 0.9500980 0.0034682 -0.3083888
131.588500 9.1559334 -0.2939903 3.8084326 0.0475024 0.9499415 0.0032853 -0.3087782
131.796000 9.0300808 -0.2898851 3.6365414 0.0499985 0.9498401 0.0039492 -0.3086880
131.899600 8.9696388 -0.2876358 3.5506823 0.0504904 0.9497606 0.0034251 -0.3088589
132.107000 8.8461962 -0.2838822 3.3801682 0.0493077 0.9500613 0.0031992 -0.3081267
132.314400 8.7231979 -0.2797743 3.2074161 0.0482737 0.9505036 0.0034746 -0.3069209
132.521700 8.6005440 -0.2758913 3.0352790 0.0477185 0.9510462 0.0047816 -0.3053050
132.729100 8.4794197 -0.2725251 2.8626893 0.0451892 0.9517192 0.0031389 -0.3036095
132.936500 8.3597975 -0.2695112 2.6899097 0.0412830 0.9525485 0.0024955 -0.3015639
133.040100 8.2998619 -0.2680103 2.6029489 0.0402766 0.9529800 0.0040678 -0.3003170
133.143700 8.2403622 -0.2664092 2.5158155 0.0397657 0.9533627 0.0051303 -0.2991521
133.351100 8.1221552 -0.2640684 2.3435698 0.0410903 0.9541570 0.0057390 -0.2964171
133.558600 8.0049963 -0.2611529 2.1689866 0.0438423 0.9549894 0.0059394 -0.2933222
133.766000 7.8863792 -0.2572380 1.9932411 0.0455990 0.9563711 0.0047805 -0.2885348
133.973300 7.7723336 -0.2540900 1.8157945 0.0452665 0.9583344 0.0029105 -0.2820243
134.180800 7.6608362 -0.2517205 1.6358840 0.0421738 0.9603601 0.0034998 -0.2755314
134.388200 7.5515471 -0.2486788 1.4547932 0.0397236 0.9623793 0.0047113 -0.2687487
134.491900 7.4973078 -0.2477056 1.3641417 0.0411892 0.9631965 0.0059148 -0.2655581
134.595600 7.4447169 -0.2464712 1.2741222 0.0398943 0.9641724 0.0044828 -0.2622210
134.699300 7.3931360 -0.2453660 1.1844537 0.0396659 0.9649768 0.0031799 -0.2592996
134.803100 7.3421092 -0.2445751 1.0945365 0.0401519 0.9655992 0.0025976 -0.2569032
134.906900 7.2906370 -0.2435301 1.0034275 0.0406109 0.9661620 0.0033941 -0.2546963
135.010600 7.2412138 -0.2427133 0.9129596 0.0419274 0.9664696 0.0036908 -0.2533082
135.114300 7.1899271 -0.2415827 0.8219638 0.0428577 0.9668435 0.0042241 -0.2517121
135.218100 7.1395597 -0.2410323 0.7311265 0.0436518 0.9670811 0.0029684 -0.2506786
135.425700 7.0392809 -0.2394260 0.5479057 0.0424813 0.9677548 0.0014362 -0.2482817
135.633100 6.9407401 -0.2379056 0.3648577 0.0412857 0.9684891 0.0028015 -0.2455941
135.840600 6.8436251 -0.2362227 0.1810746 0.0407120 0.9691443 0.0033401 -0.2430859
136.151600 6.6971025 -0.2338371 -0.0955582 0.0440315 0.9700400 0.0020852 -0.2389127
136.359000 6.6019440 -0.2342045 -0.2804852 0.0441892 0.9705147 0.0008929 -0.2369551
136.670200 6.4591827 -0.2310666 -0.5619347 0.0390318 0.9712073 0.0049168 -0.2349653
136.981400 6.3164215 -0.2273460 -0.8460447 0.0391174 0.9715290 0.0049958 -0.2336155
137.292500 6.1769195 -0.2251020 -1.1273434 0.0388163 0.9717462 0.0021776 -0.2328044
137.500000 6.0822244 -0.2257812 -1.3154558 0.0380364 0.9720883 0.0029314 -0.2314927
137.811000 5.9425678 -0.2229133 -1.5987116 0.0375701 0.9726276 0.0025332 -0.2292983
138.018400 5.8486624 -0.2219955 -1.7877302 0.0386792 0.9729455 0.0014460 -0.2277694
138.225900 5.7551141 -0.2213990 -1.9782743 0.0404922 0.9730064 -0.0004874 -0.2271977
138.433400 5.6609268 -0.2204962 -2.1695743 0.0397478 0.9727243 -0.0007306 -0.2285325
138.641000 5.5651932 -0.2217870 -2.3605373 0.0380633 0.9718327 0.0012797 -0.2325742
138.848500 5.4691033 -0.2209625 -2.5510175 0.0367671 0.9703684 0.0038865 -0.2387847
139.056000 5.3692670 -0.2192328 -2.7391782 0.0359581 0.9684064 0.0058987 -0.2467006
139.263600 5.2650299 -0.2187012 -2.9254100 0.0339843 0.9661182 0.0049180 -0.2558054
139.367400 5.2131720 -0.2177621 -3.0173972 0.0326834 0.9647504 0.0051621 -0.2610782
139.574900 5.1044478 -0.2160486 -3.2007730 0.0319258 0.9619219 0.0056505 -0.2713949
139.678500 5.0494294 -0.2148035 -3.2916939 0.0325107 0.9603667 0.0059549 -0.2767734
139.886000 4.9366298 -0.2121054 -3.4693084 0.0335845 0.9571358 0.0053921 -0.2876352
140.093500 4.8186255 -0.2088274 -3.6422770 0.0359088 0.9535366 0.0036513 -0.2991073
140.197100 4.7559700 -0.2073801 -3.7289343 0.0379927 0.9517871 0.0030453 -0.3043826
164.475600 0.0146810 -0.0028000 0.2461499 -0.0011167 -0.1266408 0.0079077 0.9919165
164.786700 -0.0136667 -0.0049145 0.3431613 0.0014633 -0.1435995 0.0075058 0.9896063
