0.000000 0.0000000 0.0000000 0.0000000 0.0000000 0.0000000 0.0000000 1.0000000
0.207866 -0.0002626 -0.0011843 0.0533977 -0.0010758 0.0000639 -0.0025010 0.9999963
0.311727 -0.0005253 -0.0017434 0.0789395 -0.0009764 0.0002814 -0.0031745 0.9999945
0.415728 -0.0007843 -0.0022003 0.1044948 -0.0007786 0.0003261 -0.0041333 0.9999911
0.519601 -0.0007189 -0.0026884 0.1292276 -0.0006968 0.0005294 -0.0041697 0.9999909
0.623604 -0.0006359 -0.0031940 0.1534137 -0.0011697 0.0006243 -0.0042413 0.9999901
0.727601 -0.0011275 -0.0036461 0.1767285 -0.0026432 0.0011244 -0.0046681 0.9999850
0.935478 -0.0009233 -0.0042897 0.2209371 -0.0063552 0.0024181 -0.0041437 0.9999683
1.039479 -0.0009190 -0.0045974 0.2417610 -0.0075481 0.0029575 -0.0037765 0.9999600
1.247351 -0.0007466 -0.0052079 0.2805333 -0.0062461 0.0040915 -0.0044672 0.9999622
1.351354 -0.0007176 -0.0052481 0.2984721 -0.0046560 0.0046135 -0.0045139 0.9999683
1.455351 -0.0004737 -0.0054676 0.3155701 -0.0039376 0.0054426 -0.0036484 0.9999708
1.663351 0.0002144 -0.0058855 0.3468647 -0.0020592 0.0073265 -0.0007230 0.9999708
2.079357 0.0011566 -0.0071313 0.3964562 -0.0016680 0.0130746 -0.0031901 0.9999080
2.287229 0.0023219 -0.0072763 0.4153844 -0.0020025 0.0154445 0.0009172 0.9998783
2.703101 0.0032667 -0.0081271 0.4423663 -0.0011113 0.0202346 -0.0007725 0.9997944
2.910979 0.0035900 -0.0086687 0.4535997 -0.0002567 0.0217675 -0.0028997 0.9997588
3.118993 0.0043077 -0.0088304 0.4635218 0.0014099 0.0234705 -0.0017842 0.9997219
4.989228 0.0024298 -0.0107999 0.5461435 0.0131072 -0.0324960 -0.0006328 0.9993857
5.196627 -0.0008431 -0.0112984 0.5604738 0.0116944 -0.0576180 -0.0017734 0.9982686
5.403733 -0.0052519 -0.0119267 0.5764940 0.0088294 -0.0896854 -0.0021129 0.9959288
5.818230 -0.0200080 -0.0124600 0.6119168 0.0006353 -0.1720635 -0.0064562 0.9850645
6.025500 -0.0309589 -0.0126523 0.6311783 -0.0053796 -0.2181916 -0.0081658 0.9758570
6.232877 -0.0446131 -0.0126587 0.6501399 -0.0098031 -0.2662514 -0.0114482 0.9637858
6.440381 -0.0611996 -0.0123200 0.6691113 -0.0109183 -0.3166817 -0.0142100 0.9483626
6.647753 -0.0816351 -0.0114638 0.6879114 -0.0127629 -0.3680600 -0.0162992 0.9295716
6.855255 -0.1060116 -0.0105121 0.7065228 -0.0146533 -0.4186547 -0.0156358 0.9078926
7.062878 -0.1338612 -0.0094675 0.7242172 -0.0177973 -0.4680429 -0.0127066 0.8834352
7.270484 -0.1657104 -0.0079617 0.7393034 -0.0179080 -0.5169341 -0.0125205 0.8557463
7.478107 -0.2012442 -0.0069041 0.7519633 -0.0202280 -0.5658557 -0.0092690 0.8242040
7.685730 -0.2410038 -0.0051420 0.7607648 -0.0220068 -0.6110688 -0.0100752 0.7912074
7.789732 -0.2623708 -0.0043719 0.7641119 -0.0244791 -0.6317179 -0.0110812 0.7747325
7.893780 -0.2845591 -0.0034550 0.7667794 -0.0263317 -0.6505926 -0.0098432 0.7589064
7.997735 -0.3077113 -0.0027823 0.7685066 -0.0271931 -0.6674946 -0.0097039 0.7440547
8.101860 -0.3319054 -0.0017824 0.7693793 -0.0260124 -0.6825461 -0.0092390 0.7303210
8.206103 -0.3566692 -0.0005376 0.7694217 -0.0229879 -0.6955370 -0.0088080 0.7180684
8.310360 -0.3820718 0.0006732 0.7687119 -0.0218675 -0.7057434 -0.0096834 0.7080638
8.414610 -0.4086671 0.0017309 0.7676835 -0.0227541 -0.7131709 -0.0116548 0.7005239
8.519107 -0.4363583 0.0029136 0.7664798 -0.0251844 -0.7176011 -0.0133835 0.6958702
8.623503 -0.4648409 0.0040853 0.7652625 -0.0258483 -0.7204142 -0.0145306 0.6929099
8.728004 -0.4939965 0.0053064 0.7639295 -0.0252712 -0.7218012 -0.0130705 0.6915154
8.832360 -0.5239207 0.0066181 0.7629746 -0.0265647 -0.7216147 -0.0089912 0.6917266
8.936856 -0.5547721 0.0082824 0.7624297 -0.0301085 -0.7201924 -0.0040152 0.6931092
9.145624 -0.6186901 0.0105516 0.7604839 -0.0293167 -0.7163870 -0.0042368 0.6970741
9.354110 -0.6859318 0.0128831 0.7589726 -0.0239149 -0.7145475 0.0023890 0.6991740
9.562484 -0.7558478 0.0146634 0.7565246 -0.0152249 -0.7147879 0.0016474 0.6991736
9.770607 -0.8305477 0.0159828 0.7528681 -0.0153409 -0.7175377 -0.0085086 0.6962987
9.978746 -0.9079226 0.0186453 0.7496815 -0.0212310 -0.7195804 -0.0164513 0.6938896
10.186860 -0.9868207 0.0221811 0.7463753 -0.0250358 -0.7203950 -0.0186560 0.6928608
10.394860 -1.0659934 0.0256725 0.7425421 -0.0218193 -0.7220441 -0.0164768 0.6913066
10.602610 -1.1457736 0.0286846 0.7380562 -0.0183628 -0.7256624 -0.0129921 0.6876831
10.810480 -1.2276053 0.0314785 0.7323747 -0.0180404 -0.7301821 -0.0135772 0.6828794
11.018230 -1.3108244 0.0345158 0.7255084 -0.0192889 -0.7343606 -0.0179370 0.6782482
11.226110 -1.3938829 0.0382726 0.7177561 -0.0176321 -0.7367901 -0.0221517 0.6755285
11.434110 -1.4776285 0.0420054 0.7094002 -0.0159879 -0.7377144 -0.0245056 0.6744785
11.642000 -1.5618222 0.0454705 0.7011332 -0.0150140 -0.7385588 -0.0244961 0.6735767
11.849860 -1.6465993 0.0489862 0.6923733 -0.0115766 -0.7390943 -0.0257522 0.6730099
12.057860 -1.7322695 0.0525362 0.6835156 -0.0073222 -0.7388682 -0.0261225 0.6733036
12.265860 -1.8197808 0.0554972 0.6757104 -0.0096523 -0.7376909 -0.0292225 0.6744367
12.473860 -1.9065053 0.0593884 0.6675054 -0.0098705 -0.7362593 -0.0279080 0.6760518
12.785860 -2.0394988 0.0652693 0.6557554 -0.0056552 -0.7307101 -0.0326958 0.6818810
12.993730 -2.1281497 0.0690217 0.6494167 -0.0047560 -0.7266910 -0.0322480 0.6861907
13.201610 -2.2177985 0.0727581 0.6447036 -0.0057055 -0.7229865 -0.0312295 0.6901324
13.409480 -2.3080637 0.0766341 0.6404400 -0.0066256 -0.7189863 -0.0319653 0.6942571
13.617240 -2.3987246 0.0801293 0.6371778 -0.0049045 -0.7154626 -0.0297579 0.6979998
13.825130 -2.4901347 0.0827267 0.6352934 -0.0033307 -0.7128511 -0.0274920 0.7007685
14.032740 -2.5823877 0.0854408 0.6337560 -0.0043199 -0.7109696 -0.0280671 0.7026491
14.240240 -2.6748679 0.0884079 0.6319793 -0.0035974 -0.7102411 -0.0293143 0.7033386
14.447760 -2.7680001 0.0909790 0.6307985 -0.0026106 -0.7095990 -0.0288535 0.7040099
14.655240 -2.8614469 0.0938725 0.6295029 -0.0038236 -0.7091779 -0.0264593 0.7045225
14.862740 -2.9562116 0.0961725 0.6285792 -0.0062286 -0.7090966 -0.0268845 0.7045711
15.070240 -3.0506210 0.0988767 0.6276494 -0.0058185 -0.7087153 -0.0299796 0.7048333
15.277740 -3.1443448 0.1021637 0.6264700 -0.0038605 -0.7085325 -0.0285747 0.7050888
15.381490 -3.1912251 0.1036747 0.6259646 -0.0046473 -0.7085735 -0.0273990 0.7050896
15.485240 -3.2382860 0.1051389 0.6258757 -0.0057782 -0.7086894 -0.0272618 0.7049700
15.588990 -3.2854066 0.1066778 0.6251315 -0.0068268 -0.7084839 -0.0280280 0.7051371
15.692760 -3.3319385 0.1078769 0.6249202 -0.0076441 -0.7083523 -0.0291794 0.7052143
15.900370 -3.4252946 0.1111253 0.6236671 -0.0064952 -0.7080780 -0.0288223 0.7055158
16.004120 -3.4714215 0.1126647 0.6232756 -0.0065281 -0.7079927 -0.0277900 0.7056426
16.107990 -3.5178862 0.1140807 0.6228526 -0.0074857 -0.7079400 -0.0277199 0.7056887
16.211750 -3.5645661 0.1156423 0.6227173 -0.0093001 -0.7078710 -0.0278181 0.7057325
16.315610 -3.6106257 0.1173280 0.6227611 -0.0106770 -0.7079712 -0.0282599 0.7055950
16.419500 -3.6570518 0.1196642 0.6223415 -0.0108273 -0.7077466 -0.0289448 0.7057902
16.523240 -3.7034686 0.1211754 0.6217194 -0.0107203 -0.7074457 -0.0306445 0.7060216
16.627120 -3.7496068 0.1229329 0.6211251 -0.0098995 -0.7073107 -0.0308896 0.7061582
16.730870 -3.7955246 0.1246964 0.6205900 -0.0075131 -0.7072551 -0.0303598 0.7062663
16.938510 -3.8871682 0.1281251 0.6197093 -0.0058517 -0.7070786 -0.0294608 0.7064968
17.146160 -3.9788401 0.1311832 0.6194941 -0.0074469 -0.7071344 -0.0297043 0.7064157
17.353750 -4.0712070 0.1346130 0.6188027 -0.0067897 -0.7072151 -0.0310984 0.7062815
17.561490 -4.1636677 0.1379061 0.6174248 -0.0045864 -0.7071958 -0.0338077 0.7061942
17.769110 -4.2569089 0.1411031 0.6169832 -0.0017130 -0.7078133 -0.0312861 0.7057043
17.976860 -4.3525276 0.1446282 0.6162043 -0.0036485 -0.7082471 -0.0280274 0.7053986
18.184490 -4.4495001 0.1477275 0.6151435 -0.0064218 -0.7085074 -0.0293245 0.7050646
18.392110 -4.5474000 0.1510139 0.6141002 -0.0055326 -0.7088757 -0.0273048 0.7047830
18.599610 -4.6455312 0.1542085 0.6128238 -0.0039141 -0.7094996 -0.0253991 0.7042371
18.703510 -4.6948214 0.1557196 0.6122921 -0.0036031 -0.7097626 -0.0266141 0.7039288
18.807240 -4.7449889 0.1573206 0.6110336 -0.0037038 -0.7096453 -0.0299012 0.7039146
18.910990 -4.7954111 0.1589721 0.6099116 -0.0029058 -0.7095799 -0.0330364 0.7038441
19.014760 -4.8456817 0.1607076 0.6087142 -0.0003154 -0.7094611 -0.0356484 0.7038423
19.118620 -4.8956513 0.1624763 0.6077702 0.0014635 -0.7093387 -0.0360586 0.7039433
19.222390 -4.9456043 0.1642660 0.6071811 0.0026920 -0.7095625 -0.0362543 0.7037040
19.429870 -5.0458360 0.1670728 0.6053305 0.0024181 -0.7098941 -0.0352610 0.7034211
19.637240 -5.1459746 0.1705080 0.6040812 0.0004792 -0.7103086 -0.0371753 0.7029079
19.844740 -5.2459741 0.1740746 0.6021810 -0.0007287 -0.7103337 -0.0380459 0.7028357
19.948610 -5.2958951 0.1759469 0.6014866 -0.0003359 -0.7100978 -0.0373587 0.7031111
20.156120 -5.3947430 0.1793743 0.6002753 -0.0002962 -0.7095001 -0.0365791 0.7037553
20.363770 -5.4947400 0.1831503 0.5987228 -0.0019163 -0.7085688 -0.0390194 0.7045595
20.675130 -5.6424541 0.1890830 0.5968138 0.0007038 -0.7076979 -0.0380911 0.7054873
20.882620 -5.7410159 0.1919933 0.5960086 -0.0002979 -0.7077698 -0.0359216 0.7055292
21.089990 -5.8392315 0.1957189 0.5956510 -0.0011790 -0.7080026 -0.0340432 0.7053878
21.297510 -5.9382081 0.1993334 0.5944090 -0.0031412 -0.7079064 -0.0338539 0.7054875
21.504990 -6.0363994 0.2029749 0.5936286 -0.0047252 -0.7079502 -0.0320083 0.7055207
21.712490 -6.1347108 0.2066873 0.5929353 -0.0057539 -0.7080683 -0.0346520 0.7052698
21.816370 -6.1843710 0.2085332 0.5921700 -0.0063855 -0.7077765 -0.0388906 0.7053362
22.023870 -6.2826352 0.2133276 0.5902818 -0.0018253 -0.7065670 -0.0403500 0.7064924
22.231490 -6.3808122 0.2169863 0.5896370 0.0022019 -0.7057136 -0.0394345 0.7073954
22.439020 -6.4779072 0.2205004 0.5895777 0.0019555 -0.7054489 -0.0335826 0.7079621
22.542870 -6.5267086 0.2218881 0.5895374 0.0010059 -0.7056522 -0.0302216 0.7079129
22.750370 -6.6252623 0.2248513 0.5895433 -0.0028844 -0.7056368 -0.0330776 0.7077953
22.854240 -6.6738300 0.2265342 0.5893785 -0.0035291 -0.7050082 -0.0347159 0.7083402
23.061870 -6.7706313 0.2301525 0.5889848 -0.0010809 -0.7039362 -0.0346308 0.7094176
23.269370 -6.8667712 0.2333485 0.5890929 -0.0012735 -0.7034214 -0.0338053 0.7099676
23.373250 -6.9138770 0.2353586 0.5890155 -0.0005298 -0.7027455 -0.0331718 0.7106674
23.580990 -7.0047264 0.2375656 0.5894255 -0.0013911 -0.7015833 -0.0350515 0.7117234
23.788620 -7.0922475 0.2402636 0.5893664 -0.0017056 -0.7010055 -0.0364670 0.7122208
23.996270 -7.1745195 0.2422926 0.5905366 -0.0021175 -0.7009942 -0.0362977 0.7122396
24.307750 -7.2895041 0.2455276 0.5914655 -0.0017032 -0.7000474 -0.0362265 0.7131748
24.515240 -7.3634100 0.2476962 0.5922936 -0.0002095 -0.7031247 -0.0330488 0.7102981
24.722870 -7.4370394 0.2495482 0.5919572 0.0023140 -0.7062938 -0.0332266 0.7071348
24.930500 -7.5107241 0.2516421 0.5910518 0.0017436 -0.7078981 -0.0343643 0.7054760
25.138140 -7.5841737 0.2538456 0.5903965 -0.0005964 -0.7089579 -0.0333960 0.7044594
25.241990 -7.6204157 0.2548509 0.5899075 0.0000736 -0.7092813 -0.0332878 0.7041391
25.345870 -7.6565766 0.2557589 0.5891922 0.0009451 -0.7094229 -0.0335653 0.7039827
25.449750 -7.6928582 0.2568738 0.5883789 0.0024795 -0.7092491 -0.0345815 0.7041049
25.553620 -7.7294197 0.2576729 0.5877700 0.0038880 -0.7089456 -0.0350709 0.7043799
25.761490 -7.8023162 0.2597317 0.5867367 0.0057255 -0.7083817 -0.0330837 0.7050306
25.865370 -7.8393979 0.2606648 0.5861793 0.0057915 -0.7080362 -0.0328984 0.7053856
25.969250 -7.8768115 0.2615227 0.5858004 0.0039107 -0.7078096 -0.0330298 0.7056198
26.073140 -7.9141841 0.2624675 0.5854635 0.0031577 -0.7077389 -0.0331767 0.7056876
26.177120 -7.9517789 0.2632703 0.5854008 0.0025585 -0.7075602 -0.0301783 0.7060037
26.384870 -8.0277948 0.2654946 0.5846636 0.0046503 -0.7072498 -0.0302003 0.7063031
26.488870 -8.0663309 0.2664719 0.5842214 0.0038181 -0.7065873 -0.0320778 0.7068881
26.592750 -8.1049957 0.2674335 0.5839314 0.0031292 -0.7058047 -0.0311369 0.7077150
26.696750 -8.1441269 0.2688503 0.5838273 0.0023726 -0.7049370 -0.0308496 0.7085947
26.800630 -8.1834183 0.2698011 0.5839089 0.0007719 -0.7043294 -0.0328969 0.7091102
26.904610 -8.2233362 0.2710519 0.5841126 -0.0016022 -0.7036684 -0.0334027 0.7097411
27.008490 -8.2634659 0.2727129 0.5844966 -0.0019320 -0.7032610 -0.0331720 0.7101548
27.112500 -8.3037758 0.2741352 0.5844991 -0.0010185 -0.7023368 -0.0347943 0.7109932
27.216490 -8.3443356 0.2758386 0.5845760 -0.0005301 -0.7011378 -0.0364020 0.7120957
27.320600 -8.3850002 0.2775395 0.5848885 -0.0000998 -0.6996869 -0.0366520 0.7135088
27.424600 -8.4260969 0.2791163 0.5855455 0.0019424 -0.6987267 -0.0368049 0.7144387
27.528600 -8.4670238 0.2804790 0.5861371 0.0027625 -0.6976400 -0.0356244 0.7155569
27.632500 -8.5080576 0.2818934 0.5872904 0.0029127 -0.6972008 -0.0349038 0.7160198
27.736480 -8.5497208 0.2832557 0.5879391 0.0022461 -0.6964265 -0.0358695 0.7167276
27.840470 -8.5915775 0.2845612 0.5889066 0.0016902 -0.6958815 -0.0376678 0.7171661
27.944280 -8.6340122 0.2860851 0.5901003 0.0015808 -0.6954429 -0.0373072 0.7176105
28.048120 -8.6766710 0.2877386 0.5913771 0.0023122 -0.6951876 -0.0360240 0.7179214
28.152000 -8.7190628 0.2892781 0.5930181 0.0024175 -0.6954105 -0.0337270 0.7178167
28.359620 -8.8054962 0.2916946 0.5950192 0.0024991 -0.6952282 -0.0324441 0.7180521
28.567240 -8.8937616 0.2945215 0.5970407 0.0031256 -0.6949013 -0.0333927 0.7183226
28.774870 -8.9835567 0.2971014 0.5990849 0.0020757 -0.6950700 -0.0353463 0.7180696
28.982390 -9.0728827 0.3000612 0.6007707 0.0022831 -0.6953066 -0.0377127 0.7177195
29.189620 -9.1633863 0.3031408 0.6026450 0.0044968 -0.6960654 -0.0358335 0.7170694
29.397000 -9.2556028 0.3057235 0.6045864 0.0057811 -0.6972802 -0.0294486 0.7161702
29.604400 -9.3487329 0.3074974 0.6069937 0.0003536 -0.6990319 -0.0270970 0.7145768
29.811770 -9.4431152 0.3098945 0.6084144 -0.0016708 -0.7005792 -0.0263938 0.7130843
30.019240 -9.5382566 0.3125607 0.6093978 -0.0028709 -0.7020296 -0.0267149 0.7116407
30.226940 -9.6356983 0.3149814 0.6099110 -0.0030239 -0.7036996 -0.0255161 0.7100328
30.330400 -9.6844902 0.3166323 0.6100166 -0.0028402 -0.7045737 -0.0252200 0.7091768
30.538000 -9.7834139 0.3192608 0.6093150 -0.0029558 -0.7059488 -0.0261836 0.7077726
30.641770 -9.8326979 0.3203192 0.6090999 -0.0029391 -0.7067730 -0.0272706 0.7069084
30.849370 -9.9319677 0.3232946 0.6082299 -0.0025959 -0.7080145 -0.0294527 0.7055787
31.057000 -10.0310173 0.3260682 0.6072847 -0.0017211 -0.7083829 -0.0307327 0.7051569
31.160750 -10.0807590 0.3275220 0.6065410 -0.0016321 -0.7082566 -0.0300180 0.7053147
31.368500 -10.1797218 0.3300371 0.6061139 -0.0025962 -0.7083856 -0.0281382 0.7052598
31.472250 -10.2293272 0.3314022 0.6056945 -0.0028767 -0.7084206 -0.0281897 0.7052214
31.679870 -10.3278685 0.3339711 0.6046047 -0.0035410 -0.7081057 -0.0280668 0.7055395
31.783750 -10.3767061 0.3353514 0.6043332 -0.0047262 -0.7081202 -0.0274431 0.7055426
31.887500 -10.4258995 0.3367013 0.6039652 -0.0071409 -0.7081202 -0.0266617 0.7055522
31.991390 -10.4748459 0.3381922 0.6038848 -0.0094649 -0.7081067 -0.0267998 0.7055332
32.095130 -10.5235987 0.3399834 0.6036056 -0.0109124 -0.7080631 -0.0269314 0.7055510
32.198870 -10.5721817 0.3416603 0.6031258 -0.0101076 -0.7080873 -0.0265742 0.7055522
32.302630 -10.6212816 0.3433453 0.6023316 -0.0087015 -0.7079871 -0.0269494 0.7056573
32.406370 -10.6700010 0.3449463 0.6016130 -0.0078452 -0.7080325 -0.0301034 0.7054943
32.613880 -10.7670574 0.3487473 0.6003037 -0.0065452 -0.7077389 -0.0354638 0.7055531
32.821370 -10.8632898 0.3519571 0.5992887 -0.0033690 -0.7080116 -0.0300194 0.7055545
33.028890 -10.9602604 0.3550090 0.5993423 -0.0067336 -0.7078238 -0.0268092 0.7058480
33.236370 -11.0563288 0.3579127 0.5985393 -0.0080932 -0.7068120 -0.0286700 0.7067739
33.340130 -11.1048603 0.3597672 0.5983560 -0.0081916 -0.7064489 -0.0294836 0.7071023
33.547640 -11.2007809 0.3630268 0.5979958 -0.0080599 -0.7058597 -0.0299016 0.7076743
33.651380 -11.2487431 0.3646932 0.5978190 -0.0073370 -0.7057943 -0.0296478 0.7077581
33.858780 -11.3449545 0.3680147 0.5978303 -0.0067996 -0.7056951 -0.0291641 0.7078825
34.066120 -11.4398365 0.3712850 0.5979686 -0.0064539 -0.7056791 -0.0295368 0.7078862
34.273670 -11.5361528 0.3749401 0.5977365 -0.0058763 -0.7055795 -0.0287032 0.7080249
34.481200 -11.6322699 0.3774018 0.5971425 -0.0038348 -0.7056630 -0.0272261 0.7080140
34.688660 -11.7283440 0.3801223 0.5967162 -0.0018031 -0.7059118 -0.0283765 0.7077287
34.896160 -11.8244181 0.3825342 0.5958554 -0.0003233 -0.7059751 -0.0317915 0.7075227
35.311160 -12.0170755 0.3875902 0.5954123 -0.0001353 -0.7070351 -0.0288956 0.7065879
35.518630 -12.1139545 0.3898492 0.5948370 -0.0025384 -0.7074558 -0.0287545 0.7061678
35.830060 -12.2596025 0.3929408 0.5931883 -0.0013429 -0.7073635 -0.0291481 0.7062474
36.037580 -12.3564281 0.3953567 0.5921423 -0.0030450 -0.7067055 -0.0278697 0.7069522
36.245020 -12.4533920 0.3979205 0.5914912 -0.0055525 -0.7061485 -0.0264099 0.7075493
36.452950 -12.5510521 0.4010784 0.5920982 -0.0052721 -0.7061021 -0.0255003 0.7076311
36.660070 -12.6495590 0.4034176 0.5915718 -0.0053022 -0.7049995 -0.0281707 0.7086282
36.867690 -12.7476473 0.4065778 0.5914913 -0.0042171 -0.7035950 -0.0304044 0.7099379
37.076740 -12.8455677 0.4101167 0.5920076 -0.0050231 -0.7028885 -0.0341869 0.7104603
37.282530 -12.9457397 0.4139348 0.5923117 -0.0045223 -0.7028849 -0.0382124 0.7102620
37.490080 -13.0424891 0.4173948 0.5922145 -0.0018781 -0.7026051 -0.0431728 0.7102665
37.697550 -13.1388893 0.4213158 0.5930437 0.0033007 -0.7029824 -0.0390043 0.7101293
37.905190 -13.2376661 0.4251472 0.5931023 0.0025972 -0.7031083 -0.0397918 0.7099637
38.112650 -13.3351851 0.4293582 0.5941053 0.0021382 -0.7031386 -0.0408063 0.7098777
38.320400 -13.4294291 0.4323254 0.5937874 -0.0003602 -0.7030131 -0.0423777 0.7099131
38.631840 -13.5696077 0.4377199 0.5936981 0.0023685 -0.7029235 -0.0428643 0.7099687
38.839480 -13.6610889 0.4416099 0.5940453 0.0020400 -0.7028161 -0.0442710 0.7099897
39.150880 -13.7932720 0.4468932 0.5946752 -0.0024410 -0.7031010 -0.0458473 0.7096063
39.462260 -13.9185648 0.4519654 0.5948566 0.0031211 -0.7040982 -0.0414311 0.7088861
39.669750 -14.0008020 0.4547672 0.5948822 0.0093964 -0.7049698 -0.0362262 0.7082493
39.773500 -14.0412951 0.4553539 0.5945247 0.0083676 -0.7051198 -0.0376802 0.7080369
39.981010 -14.1221905 0.4577876 0.5938895 0.0042374 -0.7050145 -0.0423198 0.7079164
40.084760 -14.1616707 0.4592111 0.5935201 0.0038678 -0.7048879 -0.0437427 0.7079581
40.292250 -14.2384748 0.4619395 0.5930414 0.0050030 -0.7041192 -0.0475952 0.7084672
40.396000 -14.2756319 0.4631315 0.5927717 0.0062848 -0.7032234 -0.0484960 0.7092851
40.499880 -14.3113575 0.4646007 0.5928385 0.0080398 -0.7020744 -0.0479126 0.7104445
40.603750 -14.3467474 0.4658107 0.5929348 0.0096423 -0.7006186 -0.0474221 0.7118931
40.707630 -14.3803072 0.4665747 0.5935016 0.0104347 -0.6988206 -0.0459970 0.7137403
40.811500 -14.4135265 0.4673304 0.5941459 0.0116426 -0.6958410 -0.0451470 0.7166809
40.915500 -14.4448891 0.4679804 0.5954152 0.0124985 -0.6913930 -0.0435024 0.7210597
41.019630 -14.4756241 0.4685755 0.5971118 0.0130459 -0.6850960 -0.0427328 0.7270812
41.123900 -14.5052366 0.4689142 0.5997527 0.0123677 -0.6771701 -0.0413906 0.7345573
41.332160 -14.5603523 0.4695905 0.6069351 0.0090614 -0.6570796 -0.0391427 0.7527497
41.540630 -14.6112680 0.4700860 0.6176300 0.0037771 -0.6321028 -0.0380762 0.7739393
41.749040 -14.6590824 0.4707375 0.6316638 -0.0021772 -0.6027769 -0.0365144 0.7970709
41.957750 -14.7026167 0.4714945 0.6490726 -0.0033190 -0.5680045 -0.0334835 0.8223373
42.166280 -14.7449226 0.4728139 0.6704860 -0.0035566 -0.5266415 -0.0316474 0.8494908
42.374880 -14.7832785 0.4731231 0.6958590 -0.0042828 -0.4830281 -0.0261628 0.8752034
42.583250 -14.8193636 0.4733186 0.7244678 -0.0023114 -0.4380908 -0.0246593 0.8985895
42.791610 -14.8518925 0.4742541 0.7573676 -0.0060621 -0.3936166 -0.0241678 0.9189369
42.999850 -14.8815041 0.4742549 0.7935023 -0.0083850 -0.3489931 -0.0226498 0.9368140
43.208100 -14.9097786 0.4747561 0.8337202 -0.0079152 -0.3041188 -0.0238715 0.9523021
43.416010 -14.9344139 0.4753079 0.8782797 -0.0067817 -0.2616197 -0.0171144 0.9649955
43.624130 -14.9571266 0.4756130 0.9262886 -0.0027954 -0.2215343 -0.0153695 0.9750274
43.831930 -14.9773979 0.4757300 0.9783797 -0.0012089 -0.1835704 -0.0152885 0.9828869
44.039730 -14.9953499 0.4754913 1.0343204 -0.0011177 -0.1469345 -0.0203191 0.9889368
44.143640 -15.0028429 0.4753469 1.0633762 0.0011189 -0.1300605 -0.0215489 0.9912713
44.247500 -15.0098848 0.4751291 1.0936801 0.0032423 -0.1144995 -0.0225734 0.9931615
44.351260 -15.0165157 0.4748352 1.1245675 0.0051940 -0.1008863 -0.0253543 0.9945613
44.558770 -15.0280142 0.4736500 1.1901093 0.0058079 -0.0800681 -0.0301217 0.9963173
44.662410 -15.0332518 0.4732720 1.2247322 0.0057707 -0.0711931 -0.0332330 0.9968921
44.766040 -15.0380850 0.4725026 1.2597368 0.0054749 -0.0624212 -0.0358624 0.9973903
44.869760 -15.0421419 0.4721046 1.2957429 0.0056266 -0.0534563 -0.0375106 0.9978495
44.973510 -15.0456848 0.4712559 1.3322381 0.0052696 -0.0446747 -0.0387550 0.9982356
45.077340 -15.0487947 0.4706824 1.3693548 0.0050930 -0.0366946 -0.0389414 0.9985545
45.284520 -15.0534258 0.4694145 1.4462177 0.0052609 -0.0260797 -0.0375924 0.9989389
45.491890 -15.0575447 0.4673098 1.5257407 0.0061636 -0.0197357 -0.0376821 0.9990758
45.699250 -15.0608006 0.4654869 1.6079729 0.0062891 -0.0141736 -0.0378811 0.9991620
45.906670 -15.0623760 0.4634861 1.6916294 0.0040565 -0.0114011 -0.0356206 0.9992921
46.114350 -15.0647135 0.4617828 1.7777880 0.0013347 -0.0094961 -0.0341448 0.9993709
46.321590 -15.0665855 0.4601310 1.8636897 0.0009196 -0.0076800 -0.0335972 0.9994055
46.632760 -15.0687590 0.4575845 1.9925865 0.0013941 -0.0042379 -0.0318910 0.9994814
46.840500 -15.0696077 0.4561941 2.0808635 0.0009180 -0.0011544 -0.0305831 0.9995311
47.047940 -15.0699549 0.4546662 2.1680658 -0.0002667 0.0010158 -0.0293838 0.9995676
47.255540 -15.0702353 0.4530393 2.2535305 0.0005465 0.0027472 -0.0292051 0.9995695
47.463130 -15.0702972 0.4516774 2.3384440 0.0002813 0.0045421 -0.0295672 0.9995524
47.670630 -15.0700903 0.4501799 2.4227655 -0.0006253 0.0063172 -0.0292218 0.9995528
47.982020 -15.0696135 0.4482344 2.5460088 -0.0007991 0.0089447 -0.0285999 0.9995506
48.189510 -15.0687265 0.4469349 2.6257415 -0.0000849 0.0104598 -0.0288353 0.9995294
48.397130 -15.0680885 0.4451981 2.7036047 0.0015411 0.0126037 -0.0298839 0.9994727
48.604760 -15.0666800 0.4431780 2.7799890 0.0009569 0.0156225 -0.0310361 0.9993957
48.916380 -15.0632143 0.4405190 2.8906078 0.0004474 0.0225875 -0.0313127 0.9992543
49.124130 -15.0596619 0.4391388 2.9625950 0.0000377 0.0313044 -0.0325831 0.9989787
49.332130 -15.0546083 0.4373086 3.0317159 0.0003088 0.0443493 -0.0339178 0.9984401
49.644280 -15.0421085 0.4350350 3.1307418 0.0000091 0.0723440 -0.0333633 0.9968216
49.852530 -15.0297022 0.4333765 3.1932330 -0.0013402 0.0961466 -0.0261027 0.9950240
50.164890 -15.0045671 0.4306670 3.2811313 0.0033421 0.1389481 -0.0132751 0.9902050
50.373130 -14.9834232 0.4287200 3.3364325 0.0046865 0.1722284 -0.0051473 0.9850324
50.581510 -14.9595060 0.4270231 3.3885291 0.0056026 0.2076888 0.0006404 0.9781787
50.789760 -14.9329824 0.4251869 3.4373348 0.0060280 0.2469154 0.0010061 0.9690177
50.998130 -14.9035378 0.4233199 3.4819813 0.0094937 0.2898618 -0.0027064 0.9570176
51.206630 -14.8690357 0.4212696 3.5235076 0.0121918 0.3392703 -0.0009457 0.9406095
51.415010 -14.8302708 0.4193000 3.5601840 0.0137250 0.3879636 0.0008503 0.9215721
51.623260 -14.7885094 0.4169047 3.5935621 0.0133184 0.4350452 -0.0003880 0.9003100
51.831530 -14.7436743 0.4144666 3.6223912 0.0144523 0.4805848 -0.0029502 0.8768242
52.039510 -14.6960373 0.4118720 3.6475401 0.0167431 0.5216560 -0.0045398 0.8529795
52.247260 -14.6448021 0.4092148 3.6688089 0.0138336 0.5569769 -0.0062152 0.8303895
52.454910 -14.5908327 0.4066735 3.6867867 0.0091995 0.5877089 -0.0045734 0.8090072
52.766260 -14.5049095 0.4033365 3.7074425 0.0089583 0.6271233 -0.0076680 0.7788307
52.973760 -14.4438210 0.4009619 3.7170289 0.0076280 0.6492577 -0.0067590 0.7605003
53.181170 -14.3803968 0.3989255 3.7239251 0.0087043 0.6667842 -0.0041823 0.7451882
53.284760 -14.3476124 0.3977773 3.7269182 0.0091773 0.6734064 -0.0035668 0.7392069
53.492030 -14.2806110 0.3958875 3.7312870 0.0091890 0.6833397 -0.0030908 0.7300361
53.595760 -14.2460098 0.3948853 3.7333579 0.0081165 0.6873854 -0.0027085 0.7262425
53.803010 -14.1750908 0.3930666 3.7358866 0.0076970 0.6944900 -0.0005774 0.7194609
54.010510 -14.1004610 0.3912976 3.7375646 0.0075716 0.7014080 -0.0007420 0.7127194
54.217890 -14.0247669 0.3894921 3.7375605 0.0084719 0.7074401 -0.0006233 0.7067222
54.425390 -13.9468060 0.3874930 3.7369251 0.0095517 0.7128283 0.0003091 0.7012735
54.632760 -13.8672981 0.3853112 3.7347059 0.0096521 0.7175104 0.0010570 0.6964802
54.840260 -13.7869358 0.3832026 3.7315269 0.0096829 0.7222770 0.0021350 0.6915327
55.047640 -13.7051506 0.3810573 3.7267807 0.0124293 0.7255732 0.0040031 0.6880210
55.255140 -13.6224489 0.3788876 3.7217329 0.0144179 0.7271013 0.0057548 0.6863546
55.462510 -13.5391760 0.3762769 3.7168458 0.0183018 0.7278972 0.0046741 0.6854261
55.669890 -13.4551296 0.3733914 3.7116914 0.0217775 0.7276293 0.0044912 0.6856101
55.877270 -13.3698988 0.3708395 3.7069423 0.0217348 0.7264462 0.0063420 0.6868503
56.084780 -13.2870264 0.3673756 3.7023606 0.0225176 0.7241007 0.0072735 0.6892882
56.292140 -13.2036533 0.3641484 3.6984355 0.0236011 0.7206334 0.0089435 0.6928567
56.499640 -13.1204910 0.3614052 3.6969314 0.0236083 0.7164916 0.0083289 0.6971464
56.707140 -13.0378389 0.3585475 3.6954231 0.0229295 0.7118938 0.0084408 0.7018619
56.914760 -12.9566679 0.3554844 3.6951139 0.0227114 0.7081926 0.0067966 0.7056212
57.122390 -12.8762064 0.3524282 3.6952574 0.0222954 0.7065144 0.0054152 0.7073266
57.329890 -12.7962074 0.3492214 3.6953471 0.0221386 0.7051781 0.0048726 0.7086678
57.537640 -12.7167244 0.3460713 3.6955779 0.0214716 0.7046022 0.0040694 0.7092659
57.745270 -12.6364756 0.3426687 3.6965797 0.0205145 0.7045913 0.0039480 0.7093058
57.952890 -12.5563107 0.3396037 3.6962869 0.0191959 0.7053778 0.0025316 0.7085670
58.160640 -12.4770298 0.3363312 3.6956608 0.0186292 0.7078168 0.0019533 0.7061477
58.472270 -12.3601580 0.3313233 3.6954598 0.0192933 0.7114403 0.0020577 0.7024787
58.679890 -12.2820740 0.3281247 3.6939447 0.0189047 0.7126795 0.0026383 0.7012300
58.991390 -12.1660633 0.3235196 3.6918304 0.0202104 0.7133014 0.0033880 0.7005578
59.198890 -12.0887394 0.3206001 3.6902089 0.0217081 0.7120223 0.0035972 0.7018120
59.406390 -12.0123425 0.3174345 3.6901381 0.0226513 0.7098010 0.0041099 0.7040259
59.613890 -11.9355659 0.3141091 3.6900725 0.0216821 0.7070732 0.0052462 0.7067884
59.821390 -11.8593397 0.3110244 3.6904082 0.0191636 0.7050043 0.0065985 0.7089134
60.029020 -11.7831678 0.3081583 3.6913784 0.0173074 0.7035450 0.0069838 0.7104055
60.236640 -11.7070665 0.3057805 3.6921179 0.0178333 0.7029620 0.0058778 0.7109795
60.444270 -11.6337919 0.3030730 3.6938009 0.0180841 0.7033302 0.0047138 0.7106177
60.651890 -11.5585775 0.3011639 3.6955237 0.0182683 0.7036466 0.0047802 0.7102991
60.755770 -11.5194263 0.3003869 3.6958799 0.0183885 0.7032813 0.0053529 0.7106537
60.963390 -11.4469929 0.2978687 3.6970284 0.0175511 0.7027154 0.0046399 0.7112394
61.171010 -11.3737535 0.2948016 3.6986818 0.0175072 0.7027419 0.0039800 0.7112183
61.378770 -11.3017864 0.2913635 3.6994996 0.0177020 0.7021337 0.0040783 0.7118134
61.690270 -11.1930666 0.2870049 3.7023535 0.0180560 0.6989815 0.0026282 0.7149070
62.105890 -11.0455608 0.2811758 3.7076573 0.0170745 0.6961197 0.0004950 0.7177225
62.417520 -10.9335432 0.2765393 3.7126744 0.0174090 0.6948375 -0.0035655 0.7189472
62.729390 -10.8183022 0.2716769 3.7169938 0.0153737 0.6957143 -0.0041908 0.7181419
62.937280 -10.7393446 0.2684326 3.7201965 0.0149649 0.6980779 -0.0055585 0.7158439
63.145270 -10.6614780 0.2649634 3.7217324 0.0152783 0.7012402 -0.0068783 0.7127281
63.353270 -10.5829258 0.2615063 3.7225568 0.0142602 0.7063429 -0.0069443 0.7076921
63.665150 -10.4624300 0.2559696 3.7210281 0.0150575 0.7130510 -0.0050975 0.7009318
63.873020 -10.3818712 0.2523048 3.7192388 0.0151124 0.7154562 -0.0031171 0.6984871
64.080650 -10.3009510 0.2489388 3.7173657 0.0149422 0.7166181 -0.0021622 0.6973023
64.288390 -10.2214270 0.2452410 3.7157083 0.0150334 0.7178793 -0.0024692 0.6960009
64.496140 -10.1425333 0.2422409 3.7134073 0.0152682 0.7189611 -0.0017701 0.6948804
64.703900 -10.0646677 0.2386303 3.7112200 0.0153376 0.7203608 -0.0015186 0.6934283
64.911650 -9.9872837 0.2354302 3.7084203 0.0145129 0.7230306 -0.0014317 0.6906620
65.223270 -9.8734722 0.2304636 3.7018983 0.0180967 0.7264736 -0.0008479 0.6869555
65.431020 -9.7985144 0.2269597 3.6971817 0.0195037 0.7274823 0.0014834 0.6858476
65.638770 -9.7240677 0.2239218 3.6930482 0.0195256 0.7269943 0.0041520 0.6863532
65.846290 -9.6500397 0.2208742 3.6894073 0.0218806 0.7249863 0.0036384 0.6884060
66.053900 -9.5754452 0.2177953 3.6862097 0.0230617 0.7211509 0.0049318 0.6923765
66.261390 -9.5019608 0.2145425 3.6842420 0.0229163 0.7159873 0.0065262 0.6977066
66.365150 -9.4650526 0.2131999 3.6835992 0.0216811 0.7132661 0.0076753 0.7005158
66.572770 -9.3905306 0.2104982 3.6830580 0.0221924 0.7076169 0.0083606 0.7061982
66.780400 -9.3162975 0.2074074 3.6844943 0.0223535 0.7019098 0.0064912 0.7118854
66.988020 -9.2413359 0.2045216 3.6869376 0.0211478 0.6960272 0.0060184 0.7176787
67.195520 -9.1661034 0.2013728 3.6907494 0.0192863 0.6904062 0.0044890 0.7231508
67.403270 -9.0905190 0.1984280 3.6959000 0.0172216 0.6874272 0.0014993 0.7260475
67.611020 -9.0147839 0.1951721 3.7010303 0.0152491 0.6861612 -0.0001791 0.7272896
67.818770 -8.9384947 0.1921784 3.7061892 0.0149336 0.6849728 -0.0001562 0.7284155
68.026520 -8.8619909 0.1892940 3.7116823 0.0122356 0.6850976 -0.0021943 0.7283452
68.234410 -8.7858610 0.1859974 3.7165108 0.0104347 0.6878963 -0.0045040 0.7257200
68.442400 -8.7097855 0.1830555 3.7201030 0.0102102 0.6926627 -0.0057687 0.7211664
68.650270 -8.6343069 0.1798269 3.7223539 0.0107383 0.6980363 -0.0064242 0.7159530
68.858270 -8.5595455 0.1766094 3.7237098 0.0110305 0.7044232 -0.0079951 0.7096494
69.066150 -8.4852371 0.1730784 3.7233748 0.0113625 0.7118153 -0.0086413 0.7022216
69.274020 -8.4111729 0.1696660 3.7211399 0.0117246 0.7191182 -0.0058567 0.6947641
69.482020 -8.3374949 0.1663723 3.7169802 0.0135027 0.7261859 -0.0042626 0.6873527
69.689790 -8.2648983 0.1634228 3.7114258 0.0166630 0.7320510 -0.0018788 0.6810434
69.897520 -8.1925268 0.1604426 3.7049046 0.0191389 0.7349709 0.0020009 0.6778256
70.105150 -8.1219387 0.1574052 3.6984274 0.0205219 0.7366442 0.0056244 0.6759456
70.416520 -8.0216036 0.1533425 3.6886659 0.0240478 0.7365889 0.0087496 0.6758565
70.624030 -7.9586377 0.1510369 3.6831412 0.0253363 0.7359266 0.0102797 0.6765090
70.831650 -7.9004779 0.1485294 3.6785855 0.0262213 0.7354909 0.0118309 0.6769236
71.143020 -7.8205380 0.1451044 3.6720800 0.0275654 0.7347494 0.0140722 0.6776323
71.350530 -7.7717857 0.1428248 3.6678431 0.0285781 0.7337085 0.0148154 0.6787014
71.661770 -7.7067609 0.1400433 3.6633430 0.0326268 0.7299858 0.0144013 0.6825312
71.869150 -7.6673746 0.1384972 3.6616197 0.0320378 0.7245802 0.0170554 0.6882341
72.076540 -7.6309261 0.1367375 3.6605926 0.0348900 0.7146011 0.0195302 0.6983885
72.283770 -7.5960865 0.1346640 3.6626217 0.0355537 0.6983807 0.0159481 0.7146649
72.491030 -7.5630736 0.1332012 3.6670067 0.0358529 0.6742072 0.0121803 0.7375709
72.698280 -7.5305343 0.1314442 3.6744947 0.0320245 0.6450791 0.0100106 0.7633787
72.905650 -7.4997587 0.1293541 3.6844234 0.0262642 0.6133223 0.0080896 0.7893545
73.113150 -7.4709196 0.1272334 3.6970770 0.0226350 0.5791597 0.0034322 0.8148926
73.320650 -7.4438272 0.1255271 3.7110441 0.0219724 0.5428152 0.0003626 0.8395646
73.528150 -7.4179773 0.1237753 3.7272906 0.0198776 0.5060101 -0.0011539 0.8622977
73.735650 -7.3928232 0.1222181 3.7467399 0.0197933 0.4676179 -0.0052891 0.8836932
73.943150 -7.3674450 0.1204648 3.7686670 0.0224011 0.4260707 -0.0048651 0.9043994
74.150650 -7.3430195 0.1185172 3.7944157 0.0247846 0.3813095 -0.0037200 0.9241076
74.358150 -7.3203902 0.1167101 3.8255863 0.0224019 0.3337773 -0.0101067 0.9423316
74.565670 -7.2979608 0.1148167 3.8612478 0.0214138 0.2856416 -0.0087514 0.9580573
74.773280 -7.2772846 0.1120199 3.9019699 0.0172836 0.2399054 -0.0055107 0.9706268
74.981190 -7.2591195 0.1101440 3.9478934 0.0144534 0.1986928 -0.0077203 0.9799249
75.189150 -7.2414412 0.1083459 3.9991131 0.0109820 0.1609700 -0.0011037 0.9868976
75.397030 -7.2267551 0.1063172 4.0543270 0.0124141 0.1244954 0.0033028 0.9921370
75.605030 -7.2159176 0.1040656 4.1146369 0.0166748 0.0900655 0.0037237 0.9957893
75.813150 -7.2085915 0.1017197 4.1813297 0.0153748 0.0603839 0.0022844 0.9980542
75.917280 -7.2055163 0.1005385 4.2167912 0.0119195 0.0474298 0.0024177 0.9988005
76.125530 -7.2019053 0.0983258 4.2906494 0.0076297 0.0266139 0.0005541 0.9996165
76.333780 -7.2002664 0.0963069 4.3674517 0.0104059 0.0100821 0.0014422 0.9998940
76.437900 -7.2003517 0.0952090 4.4074130 0.0113526 0.0033377 0.0016308 0.9999287
76.646280 -7.2017155 0.0932328 4.4922051 0.0078278 -0.0061426 0.0002180 0.9999505
76.854780 -7.2039642 0.0912241 4.5797958 0.0038011 -0.0088590 -0.0027090 0.9999499
77.063280 -7.2053723 0.0890857 4.6683788 0.0093051 -0.0062422 -0.0027277 0.9999335
77.271780 -7.2065182 0.0865154 4.7593555 0.0095056 -0.0020882 -0.0030146 0.9999481
77.480150 -7.2059774 0.0832618 4.8514609 0.0109135 0.0028715 -0.0022694 0.9999338
77.688410 -7.2047858 0.0799221 4.9449468 0.0070705 0.0091362 -0.0020745 0.9999311
77.896530 -7.2021656 0.0774576 5.0400872 0.0004530 0.0138931 0.0008680 0.9999030
78.104530 -7.1997089 0.0751752 5.1325436 0.0083731 0.0171048 0.0014627 0.9998176
78.312540 -7.1970210 0.0717621 5.2263818 0.0076350 0.0201742 -0.0018062 0.9997657
78.520420 -7.1941471 0.0692087 5.3194084 0.0064836 0.0217797 -0.0065731 0.9997202
78.728280 -7.1907458 0.0660778 5.4120989 0.0095172 0.0205986 -0.0050199 0.9997299
78.936040 -7.1873045 0.0628875 5.5038300 0.0071407 0.0173436 -0.0031724 0.9998190
79.247530 -7.1841478 0.0588411 5.6389413 0.0081390 0.0125359 -0.0003299 0.9998882
79.455280 -7.1826096 0.0569287 5.7271223 0.0054160 0.0093997 -0.0008448 0.9999408
79.663030 -7.1813745 0.0536344 5.8112898 0.0077371 0.0062968 0.0005354 0.9999501
79.870780 -7.1811824 0.0509120 5.8932815 0.0086752 0.0039952 -0.0004107 0.9999543
80.078540 -7.1807122 0.0478712 5.9702649 0.0074317 0.0006668 0.0010008 0.9999716
80.286170 -7.1813941 0.0454680 6.0427074 0.0069242 -0.0041582 -0.0001576 0.9999673
80.597530 -7.1848540 0.0416284 6.1418867 0.0045097 -0.0133499 -0.0016594 0.9998993
80.805160 -7.1881633 0.0398116 6.2018161 0.0044025 -0.0231362 -0.0022138 0.9997202
81.116300 -7.1959562 0.0370808 6.2820392 0.0061950 -0.0479953 -0.0027225 0.9988247
81.323660 -7.2049060 0.0353343 6.3319106 0.0091270 -0.0710453 -0.0056231 0.9974155
81.531030 -7.2159343 0.0341094 6.3806438 0.0082526 -0.0999192 -0.0060142 0.9949431
81.738410 -7.2306576 0.0325010 6.4270825 0.0062824 -0.1333604 -0.0104610 0.9909925
81.945660 -7.2493949 0.0316923 6.4708910 0.0055129 -0.1734400 -0.0146579 0.9847199
82.153030 -7.2715225 0.0308373 6.5132008 0.0033094 -0.2158974 -0.0223299 0.9761551
82.360530 -7.2964582 0.0303920 6.5535574 0.0012551 -0.2578027 -0.0250831 0.9658711
82.567910 -7.3255062 0.0300322 6.5925865 0.0007862 -0.2999545 -0.0260937 0.9535962
82.775410 -7.3597574 0.0305279 6.6305084 -0.0020467 -0.3429738 -0.0292799 0.9388863
82.982780 -7.3987908 0.0309630 6.6673803 -0.0058377 -0.3877729 -0.0276682 0.9213211
83.190160 -7.4427967 0.0321551 6.7007561 -0.0033925 -0.4341629 -0.0248332 0.9004856
83.397530 -7.4922819 0.0336436 6.7308059 -0.0005672 -0.4815020 -0.0204623 0.8762059
83.605040 -7.5480928 0.0348093 6.7567606 -0.0000779 -0.5272022 -0.0238468 0.8494052
83.812660 -7.6094613 0.0367392 6.7785273 -0.0021835 -0.5691394 -0.0263688 0.8218152
84.020410 -7.6759243 0.0385454 6.7957773 -0.0035734 -0.6057989 -0.0289332 0.7950835
84.228410 -7.7462244 0.0409175 6.8081765 -0.0006453 -0.6368126 -0.0289971 0.7704728
84.540910 -7.8608508 0.0448303 6.8206897 -0.0034185 -0.6677712 -0.0304252 0.7437367
84.749540 -7.9420428 0.0478463 6.8264050 -0.0061139 -0.6783427 -0.0315462 0.7340427
84.958180 -8.0260315 0.0515074 6.8318186 -0.0060624 -0.6838306 -0.0313974 0.7289397
85.166780 -8.1133099 0.0548754 6.8366785 -0.0059129 -0.6855462 -0.0311552 0.7273382
85.479660 -8.2499409 0.0604492 6.8450532 -0.0073249 -0.6848032 -0.0299802 0.7280743
85.687910 -8.3438187 0.0638683 6.8506131 -0.0092693 -0.6844269 -0.0283018 0.7284730
86.000290 -8.4903364 0.0699393 6.8598113 -0.0120449 -0.6839578 -0.0260584 0.7289565
86.208410 -8.5918455 0.0742522 6.8665566 -0.0139281 -0.6839327 -0.0240013 0.7290171
86.416540 -8.6954165 0.0785412 6.8731384 -0.0154716 -0.6841769 -0.0222987 0.7288110
86.624410 -8.8012829 0.0823173 6.8794756 -0.0159191 -0.6853517 -0.0195819 0.7277748
86.832300 -8.9111452 0.0869557 6.8856149 -0.0183270 -0.6876069 -0.0183459 0.7256199
87.040040 -9.0244007 0.0917425 6.8904252 -0.0211998 -0.6916397 -0.0193121 0.7216731
87.247790 -9.1398535 0.0972404 6.8937016 -0.0205056 -0.6969818 -0.0191415 0.7165399
87.351660 -9.1984558 0.0998386 6.8942943 -0.0212165 -0.6995308 -0.0210479 0.7139772
87.559410 -9.3169203 0.1052303 6.8944802 -0.0215088 -0.7047452 -0.0226689 0.7087720
87.663280 -9.3755007 0.1077305 6.8940444 -0.0190457 -0.7073829 -0.0200729 0.7062888
87.871040 -9.4930286 0.1121868 6.8919864 -0.0174796 -0.7124965 -0.0183784 0.7012171
87.974790 -9.5519724 0.1139428 6.8903475 -0.0183975 -0.7149095 -0.0193365 0.6987075
88.182540 -9.6696234 0.1181894 6.8855648 -0.0183213 -0.7194935 -0.0192981 0.6939892
88.390290 -9.7869101 0.1224848 6.8796930 -0.0170392 -0.7239082 -0.0207194 0.6893746
88.598040 -9.9036236 0.1270771 6.8720555 -0.0175027 -0.7269028 -0.0227320 0.6861408
88.805910 -10.0169697 0.1316267 6.8646636 -0.0151607 -0.7283123 -0.0237364 0.6846663
89.013920 -10.1265249 0.1352994 6.8564172 -0.0142576 -0.7282678 -0.0255907 0.6846662
89.221790 -10.2325277 0.1392701 6.8490791 -0.0151805 -0.7284158 -0.0290823 0.6843494
89.429660 -10.3324862 0.1429382 6.8424110 -0.0123832 -0.7288619 -0.0287039 0.6839467
89.637790 -10.4274712 0.1463492 6.8356972 -0.0109005 -0.7269886 -0.0320322 0.6858153
89.845790 -10.5199900 0.1502002 6.8296700 -0.0081148 -0.7240469 -0.0317955 0.6889697
90.053790 -10.6121140 0.1538294 6.8246722 -0.0078124 -0.7211469 -0.0301228 0.6920829
90.261810 -10.7041111 0.1574019 6.8209944 -0.0074045 -0.7193453 -0.0312017 0.6939121
90.469790 -10.7954102 0.1603780 6.8181190 -0.0054464 -0.7176427 -0.0306439 0.6957156
90.677790 -10.8852482 0.1640103 6.8157477 -0.0043520 -0.7146739 -0.0316361 0.6987284
90.885910 -10.9763908 0.1671777 6.8139935 -0.0088447 -0.7110158 -0.0349623 0.7022507
91.198060 -11.1105919 0.1730104 6.8137884 -0.0093831 -0.7070770 -0.0325360 0.7063253
91.510060 -11.2461987 0.1789022 6.8148289 -0.0081537 -0.7041152 -0.0314336 0.7093428
91.821910 -11.3833008 0.1844242 6.8158250 -0.0093457 -0.7025735 -0.0313362 0.7108595
92.133670 -11.5215664 0.1904725 6.8167977 -0.0115304 -0.7034237 -0.0308757 0.7100062
92.445540 -11.6598129 0.1959622 6.8172903 -0.0122309 -0.7056388 -0.0316206 0.7077602
92.549420 -11.7058697 0.1977468 6.8169732 -0.0113569 -0.7064813 -0.0315287 0.7069378
92.757420 -11.7969885 0.2017096 6.8162460 -0.0098308 -0.7081192 -0.0304356 0.7053682
92.861420 -11.8432474 0.2036468 6.8156052 -0.0089320 -0.7087795 -0.0300203 0.7047344
93.069410 -11.9347544 0.2071016 6.8142476 -0.0069420 -0.7094297 -0.0298759 0.7041084
93.173410 -11.9819412 0.2092515 6.8136954 -0.0084238 -0.7094527 -0.0304361 0.7040451
93.381290 -12.0760756 0.2127873 6.8126736 -0.0107433 -0.7095587 -0.0331329 0.7037849
93.485290 -12.1239471 0.2154843 6.8116498 -0.0094795 -0.7098361 -0.0322702 0.7035635
93.693290 -12.2209816 0.2198288 6.8103456 -0.0075780 -0.7101461 -0.0308300 0.7033381
93.797170 -12.2696638 0.2216695 6.8090744 -0.0073222 -0.7100943 -0.0310963 0.7033815
94.005060 -12.3697662 0.2258409 6.8079252 -0.0077426 -0.7105433 -0.0326016 0.7028552
94.213040 -12.4716606 0.2300004 6.8063493 -0.0066280 -0.7101428 -0.0320618 0.7032961
94.420920 -12.5751648 0.2345254 6.8046556 -0.0053702 -0.7099022 -0.0315732 0.7035717
94.628920 -12.6801844 0.2382765 6.8038225 -0.0047964 -0.7102127 -0.0292998 0.7033608
94.836790 -12.7855167 0.2416436 6.8021073 -0.0050949 -0.7096298 -0.0290912 0.7039555
95.044550 -12.8913956 0.2451274 6.8012590 -0.0066126 -0.7091917 -0.0279985 0.7044285
95.252410 -12.9969692 0.2487577 6.8001823 -0.0070788 -0.7085582 -0.0272060 0.7050923
95.460170 -13.1020021 0.2521689 6.7999253 -0.0082191 -0.7078310 -0.0282754 0.7057679
95.668040 -13.2060423 0.2555160 6.7993484 -0.0092575 -0.7068331 -0.0279642 0.7067667
95.875790 -13.3097219 0.2588074 6.7992296 -0.0076830 -0.7061657 -0.0273777 0.7074755
96.083670 -13.4131136 0.2619779 6.7995086 -0.0077747 -0.7060899 -0.0269681 0.7075658
96.291550 -13.5158215 0.2652517 6.7995987 -0.0086476 -0.7056535 -0.0286308 0.7079256
96.603420 -13.6682949 0.2706871 6.8007360 -0.0097706 -0.7052565 -0.0282088 0.7083234
96.811290 -13.7685947 0.2743158 6.8007336 -0.0085472 -0.7050185 -0.0279835 0.7085851
97.019210 -13.8665190 0.2773648 6.8008728 -0.0092193 -0.7048150 -0.0290234 0.7087373
97.331060 -14.0098162 0.2823977 6.8010268 -0.0096536 -0.7044232 -0.0298399 0.7090870
97.642920 -14.1495543 0.2869750 6.8012881 -0.0078285 -0.7045619 -0.0272873 0.7090745
97.850920 -14.2429037 0.2903407 6.8016710 -0.0104218 -0.7050299 -0.0288722 0.7085130
98.058790 -14.3361378 0.2938468 6.8018088 -0.0119105 -0.7056794 -0.0299373 0.7077984
98.266670 -14.4274826 0.2975931 6.8017263 -0.0129360 -0.7065822 -0.0293710 0.7069027
98.474670 -14.5181093 0.3009563 6.8011003 -0.0121686 -0.7087995 -0.0279185 0.7047522
98.682540 -14.6097784 0.3046660 6.7992010 -0.0098284 -0.7111419 -0.0271700 0.7024545
98.890540 -14.7023058 0.3082561 6.7969627 -0.0105066 -0.7125972 -0.0296480 0.7008680
99.098420 -14.7953396 0.3118981 6.7949409 -0.0105332 -0.7138509 -0.0282197 0.6996497
99.306290 -14.8898010 0.3157099 6.7923846 -0.0099715 -0.7147440 -0.0273572 0.6987798
99.514290 -14.9849081 0.3193937 6.7895865 -0.0102476 -0.7149439 -0.0289294 0.6985079
99.722170 -15.0813284 0.3235868 6.7864237 -0.0100421 -0.7152828 -0.0295189 0.6981392
99.930050 -15.1783390 0.3272417 6.7831283 -0.0078244 -0.7155218 -0.0301367 0.6978962
100.137900 -15.2755175 0.3310519 6.7802372 -0.0070924 -0.7159657 -0.0309211 0.6974143
100.345800 -15.3733187 0.3345537 6.7766695 -0.0078130 -0.7162281 -0.0331956 0.6970325
100.553700 -15.4702587 0.3386976 6.7737756 -0.0107437 -0.7165092 -0.0336735 0.6966816
100.761400 -15.5659046 0.3425816 6.7704697 -0.0087728 -0.7170140 -0.0324282 0.6962488
100.969400 -15.6610308 0.3466561 6.7670159 -0.0070343 -0.7160715 -0.0335196 0.6971862
101.177300 -15.7556810 0.3502374 6.7641516 -0.0056490 -0.7132586 -0.0350074 0.7000033
101.385300 -15.8483505 0.3540019 6.7624345 -0.0039829 -0.7103109 -0.0337905 0.7030652
101.593200 -15.9386816 0.3568698 6.7618179 -0.0038616 -0.7072387 -0.0332199 0.7061834
101.801100 -16.0264034 0.3599464 6.7624497 -0.0037915 -0.7040762 -0.0331678 0.7093393
102.113100 -16.1516876 0.3636075 6.7653804 -0.0054146 -0.6969239 -0.0343354 0.7163022
102.321200 -16.2301598 0.3662074 6.7691321 -0.0023995 -0.6879745 -0.0322455 0.7250142
102.633600 -16.3374023 0.3685563 6.7789283 -0.0026972 -0.6676247 -0.0322233 0.7437954
103.049900 -16.4618492 0.3711010 6.8019781 -0.0106378 -0.6371451 -0.0286048 0.7701395
103.466600 -16.5696735 0.3735757 6.8329372 -0.0062049 -0.5940620 -0.0227249 0.8040742
103.779300 -16.6417503 0.3747634 6.8659253 -0.0075922 -0.5453300 -0.0167852 0.8380190
104.091900 -16.7071133 0.3751038 6.9065261 -0.0034152 -0.4901789 -0.0140501 0.8715019
104.300200 -16.7466049 0.3753417 6.9389935 -0.0040622 -0.4528767 -0.0087018 0.8915215
104.508400 -16.7856712 0.3755778 6.9728355 0.0005062 -0.4150267 -0.0150277 0.9096850
104.612400 -16.8040085 0.3751338 6.9915299 0.0033125 -0.3966712 -0.0159119 0.9178169
104.820500 -16.8385201 0.3745858 7.0341525 0.0032752 -0.3593985 -0.0061146 0.9331584
105.028700 -16.8741817 0.3745446 7.0827541 0.0055245 -0.3176860 -0.0090605 0.9481366
105.236900 -16.9088364 0.3734258 7.1376128 0.0069414 -0.2711659 -0.0168530 0.9623600
105.445200 -16.9393520 0.3720343 7.2009768 0.0080853 -0.2229781 -0.0155859 0.9746653
105.653300 -16.9652977 0.3709880 7.2711682 0.0103078 -0.1737920 -0.0151596 0.9846117
105.861200 -16.9855499 0.3690683 7.3482137 0.0107310 -0.1304044 -0.0140196 0.9913037
106.068800 -17.0010204 0.3669719 7.4309154 0.0106238 -0.0938543 -0.0139819 0.9954311
106.276300 -17.0133266 0.3642229 7.5186853 0.0088790 -0.0639287 -0.0143207 0.9978122
106.379900 -17.0178795 0.3631570 7.5645790 0.0079537 -0.0508605 -0.0142752 0.9985721
106.587300 -17.0238228 0.3606628 7.6593795 0.0075220 -0.0298341 -0.0141476 0.9994264
106.794600 -17.0268326 0.3582789 7.7595654 0.0090860 -0.0148103 -0.0133235 0.9997603
106.898300 -17.0274315 0.3568960 7.8114686 0.0093801 -0.0091850 -0.0120233 0.9998415
107.105600 -17.0279598 0.3542896 7.9179182 0.0095291 -0.0021304 -0.0101996 0.9999003
107.313000 -17.0274792 0.3508918 8.0275116 0.0121128 -0.0003380 -0.0075470 0.9998981
107.520300 -17.0271034 0.3469767 8.1420078 0.0145940 0.0003606 -0.0066011 0.9998717
107.727800 -17.0274754 0.3423510 8.2582731 0.0154438 0.0009584 -0.0059257 0.9998627
107.935200 -17.0272694 0.3372184 8.3763819 0.0125052 0.0009856 -0.0039013 0.9999137
108.142700 -17.0266304 0.3327637 8.4969063 0.0101109 0.0006153 -0.0017022 0.9999472
108.350300 -17.0268478 0.3279638 8.6170778 0.0111388 0.0002787 0.0001574 0.9999379
108.557900 -17.0276222 0.3235137 8.7362175 0.0128246 0.0005601 -0.0008190 0.9999173
108.765600 -17.0278187 0.3181705 8.8543825 0.0125886 0.0010136 -0.0018565 0.9999185
108.973300 -17.0278111 0.3132175 8.9730206 0.0123614 0.0016000 -0.0015284 0.9999211
109.181000 -17.0278454 0.3084047 9.0910540 0.0096844 0.0020850 -0.0016692 0.9999495
109.388600 -17.0278435 0.3041910 9.2080564 0.0080520 0.0022117 -0.0014745 0.9999641
109.596200 -17.0283604 0.3000758 9.3248634 0.0077010 0.0020219 -0.0028022 0.9999644
109.803800 -17.0286694 0.2960446 9.4389257 0.0046722 0.0021329 -0.0035524 0.9999805
110.011400 -17.0284557 0.2928353 9.5499582 0.0036912 0.0024098 -0.0054159 0.9999756
110.219200 -17.0287037 0.2886909 9.6528120 0.0103808 0.0051793 -0.0069851 0.9999083
110.426900 -17.0271244 0.2846155 9.7522564 0.0122516 0.0081531 -0.0073214 0.9998649
110.634800 -17.0258617 0.2809635 9.8465071 0.0073500 0.0140252 -0.0087735 0.9998361
110.842800 -17.0221710 0.2775904 9.9355831 0.0063752 0.0263731 -0.0093117 0.9995885
111.051100 -17.0148716 0.2747008 10.0208025 0.0034308 0.0463272 -0.0087984 0.9988817
111.259600 -17.0029659 0.2719278 10.1032619 0.0033858 0.0749544 -0.0078690 0.9971502
111.468200 -16.9844685 0.2696228 10.1833439 0.0074124 0.1138376 -0.0080693 0.9934390
111.676900 -16.9588337 0.2668082 10.2595139 0.0103148 0.1606917 -0.0077579 0.9869202
111.885600 -16.9260197 0.2630886 10.3307676 0.0127234 0.2107348 -0.0054882 0.9774451
112.094100 -16.8855667 0.2593814 10.3986835 0.0122648 0.2596612 -0.0038966 0.9656140
112.302300 -16.8387127 0.2554904 10.4629793 0.0120739 0.3079297 -0.0030335 0.9513277
112.510700 -16.7854939 0.2518806 10.5222282 0.0184192 0.3569287 -0.0053310 0.9339348
112.718900 -16.7253838 0.2480936 10.5769081 0.0221758 0.4060277 -0.0058742 0.9135728
112.927200 -16.6564465 0.2436038 10.6276131 0.0198863 0.4532166 -0.0029757 0.8911736
113.135200 -16.5812836 0.2391377 10.6723175 0.0194985 0.4968830 -0.0021377 0.8675959
113.343100 -16.5007362 0.2346501 10.7108202 0.0217885 0.5346852 -0.0010092 0.8447698
113.550700 -16.4139290 0.2301850 10.7438622 0.0217536 0.5676289 -0.0004282 0.8229970
113.758300 -16.3217468 0.2254196 10.7721977 0.0231014 0.5971491 0.0000515 0.8017975
113.965900 -16.2246284 0.2210468 10.7947187 0.0258983 0.6213543 0.0029926 0.7830958
114.069600 -16.1731281 0.2187377 10.8049927 0.0247809 0.6312270 0.0044478 0.7751894
114.173300 -16.1209087 0.2161564 10.8140345 0.0247209 0.6398624 0.0065931 0.7680635
114.276900 -16.0676956 0.2139448 10.8220062 0.0255704 0.6473902 0.0072141 0.7616954
114.380700 -16.0133915 0.2118593 10.8293877 0.0273033 0.6539499 0.0069283 0.7560132
114.588200 -15.8997707 0.2071359 10.8427773 0.0285168 0.6648636 0.0075337 0.7463823
114.795600 -15.7802038 0.2019746 10.8550949 0.0271246 0.6728579 0.0087940 0.7392220
115.002900 -15.6566677 0.1974004 10.8655148 0.0260527 0.6778356 0.0106956 0.7346739
115.210300 -15.5305424 0.1929197 10.8744211 0.0278658 0.6804170 0.0122861 0.7321921
115.417800 -15.4015799 0.1881382 10.8832092 0.0276074 0.6829518 0.0130417 0.7298250
115.625400 -15.2686310 0.1834317 10.8917656 0.0264432 0.6861184 0.0127465 0.7268974
115.936800 -15.0664454 0.1763408 10.9021244 0.0255526 0.6911615 0.0080455 0.7222037
116.144500 -14.9295931 0.1708702 10.9079523 0.0245161 0.6945425 0.0068038 0.7190017
116.352100 -14.7906237 0.1658013 10.9131975 0.0230507 0.6981284 0.0065074 0.7155718
116.559700 -14.6504002 0.1601496 10.9164133 0.0213150 0.7014267 0.0067355 0.7123910
116.767300 -14.5102386 0.1552126 10.9181461 0.0199421 0.7043037 0.0089183 0.7095626
116.974800 -14.3707294 0.1502964 10.9191675 0.0208400 0.7066386 0.0076874 0.7072259
117.182400 -14.2316294 0.1449403 10.9201508 0.0220415 0.7088552 0.0032721 0.7050019
117.390100 -14.0919838 0.1392958 10.9202528 0.0188022 0.7112281 0.0014629 0.7027082
117.597700 -13.9512644 0.1339131 10.9184589 0.0156397 0.7139592 0.0019979 0.7000098
117.805400 -13.8135557 0.1294927 10.9170275 0.0158662 0.7175081 -0.0019615 0.6963666
118.013200 -13.6761217 0.1241438 10.9122505 0.0138507 0.7216978 -0.0018685 0.6920672
118.220800 -13.5381212 0.1186263 10.9059181 0.0140152 0.7260305 -0.0005580 0.6875195
118.428600 -13.4006062 0.1142347 10.8970566 0.0130257 0.7301720 0.0022942 0.6831353
118.636300 -13.2639694 0.1091217 10.8871155 0.0187165 0.7333282 0.0030448 0.6796103
118.843800 -13.1263132 0.1044297 10.8761730 0.0187809 0.7347653 0.0051815 0.6780416
119.051500 -12.9890966 0.0999559 10.8647337 0.0178199 0.7344133 0.0107244 0.6783838
119.259100 -12.8542662 0.0953965 10.8552103 0.0238142 0.7328584 0.0093238 0.6799003
119.570300 -12.6507826 0.0879979 10.8405991 0.0305383 0.7265526 0.0128370 0.6863119
119.881700 -12.4479465 0.0806028 10.8300190 0.0314508 0.7198154 0.0135641 0.6933200
120.089300 -12.3126631 0.0752099 10.8266201 0.0324422 0.7144405 0.0147941 0.6987872
120.296800 -12.1760340 0.0698373 10.8245888 0.0325108 0.7092388 0.0152486 0.7040532
120.504600 -12.0408850 0.0649481 10.8256855 0.0334016 0.7041215 0.0139281 0.7091567
120.712200 -11.9040012 0.0587706 10.8278770 0.0318240 0.6994715 0.0153665 0.7137862
120.920100 -11.7674570 0.0533093 10.8319407 0.0307529 0.6966677 0.0141818 0.7165942
121.127800 -11.6305418 0.0475262 10.8374634 0.0308412 0.6951372 0.0117468 0.7181191
121.335700 -11.4927225 0.0418106 10.8425713 0.0275745 0.6936596 0.0138175 0.7196423
121.543600 -11.3552055 0.0370439 10.8478899 0.0250723 0.6926413 0.0147751 0.7206949
121.751400 -11.2172174 0.0321370 10.8546305 0.0239952 0.6923687 0.0128014 0.7210312
121.959600 -11.0804939 0.0277800 10.8606272 0.0234732 0.6919132 0.0113149 0.7215102
122.167200 -10.9445915 0.0224515 10.8672209 0.0212710 0.6929640 0.0096645 0.7205936
122.375100 -10.8089666 0.0172648 10.8727427 0.0192012 0.6949908 0.0086867 0.7187097
122.583000 -10.6741295 0.0122959 10.8771887 0.0192895 0.6961524 0.0089653 0.7175788
122.790700 -10.5413151 0.0079319 10.8814259 0.0196288 0.6962414 0.0080743 0.7174938
122.999500 -10.4114799 0.0029030 10.8861084 0.0191841 0.6966863 0.0073640 0.7170816
123.206400 -10.2828007 -0.0024963 10.8900785 0.0197726 0.6970765 0.0066262 0.7166935
123.414200 -10.1557493 -0.0079234 10.8929386 0.0213657 0.6981396 0.0047158 0.7156273
123.622100 -10.0314636 -0.0129267 10.8957310 0.0204408 0.6997221 0.0036652 0.7141133
123.829900 -9.9093752 -0.0184144 10.8993387 0.0194848 0.7019468 0.0036515 0.7119534
124.037900 -9.7897367 -0.0232531 10.9018679 0.0183162 0.7039270 0.0039027 0.7100254
124.245600 -9.6723766 -0.0286437 10.9025583 0.0199041 0.7059068 0.0036190 0.7080157
124.349700 -9.6135654 -0.0314746 10.9027901 0.0205337 0.7069075 0.0032659 0.7070004
124.557500 -9.4972496 -0.0366227 10.9024210 0.0211942 0.7085371 0.0038061 0.7053449
124.661300 -9.4401188 -0.0386079 10.9020147 0.0208561 0.7091755 0.0049243 0.7047063
124.869200 -9.3275766 -0.0437173 10.9011555 0.0194614 0.7099974 0.0061058 0.7039089
125.077000 -9.2189722 -0.0478546 10.9003000 0.0199969 0.7104149 0.0051517 0.7034801
125.284800 -9.1136189 -0.0520988 10.8992290 0.0204452 0.7106451 0.0052051 0.7032343
125.492600 -9.0127335 -0.0563892 10.8984814 0.0197714 0.7105579 0.0068664 0.7033274
125.700500 -8.9117279 -0.0593321 10.8971949 0.0183672 0.7100608 0.0090733 0.7038422
125.908300 -8.8148098 -0.0618473 10.8964806 0.0186359 0.7095500 0.0097557 0.7043411
126.012500 -8.7679596 -0.0638345 10.8955278 0.0188475 0.7091013 0.0096673 0.7047884
126.220300 -8.6761141 -0.0668241 10.8952579 0.0197218 0.7085495 0.0090935 0.7053268
126.428200 -8.5856524 -0.0700541 10.8950520 0.0196369 0.7080647 0.0098176 0.7058062
126.636200 -8.4976139 -0.0735792 10.8953104 0.0200056 0.7077761 0.0103534 0.7060776
126.844200 -8.4131823 -0.0763413 10.8957558 0.0200095 0.7072763 0.0098662 0.7065850
127.052500 -8.3322573 -0.0792342 10.8957129 0.0203077 0.7066155 0.0094702 0.7072428
127.364200 -8.2147369 -0.0835966 10.8970737 0.0202872 0.7061016 0.0092213 0.7077598
127.676300 -8.1018009 -0.0881819 10.8971367 0.0197049 0.7054914 0.0097860 0.7083769
127.988400 -7.9927840 -0.0919453 10.8984289 0.0190498 0.7055227 0.0099422 0.7083615
128.197000 -7.9213371 -0.0942281 10.8987522 0.0194518 0.7053980 0.0100306 0.7084735
128.508700 -7.8150187 -0.0977093 10.8992758 0.0206797 0.7052711 0.0087629 0.7085819
128.717000 -7.7444272 -0.0998638 10.8991308 0.0219158 0.7050304 0.0079687 0.7087935
128.924900 -7.6747947 -0.1026986 10.9001627 0.0205475 0.7048910 0.0084530 0.7089676
129.133000 -7.6049070 -0.1051824 10.9005146 0.0205725 0.7045881 0.0094678 0.7092552
129.341000 -7.5363703 -0.1076583 10.9012995 0.0203762 0.7043017 0.0092392 0.7095481
129.549600 -7.4675808 -0.1099369 10.9018745 0.0208763 0.7036880 0.0085457 0.7101510
129.653800 -7.4331574 -0.1111006 10.9024868 0.0210010 0.7032714 0.0093342 0.7105499
129.861000 -7.3651319 -0.1138414 10.9036884 0.0209234 0.7024583 0.0077063 0.7113755
130.069100 -7.2978916 -0.1169901 10.9062071 0.0217690 0.7017246 0.0024321 0.7121115
130.277100 -7.2307587 -0.1198399 10.9078379 0.0245603 0.7008516 0.0003456 0.7128841
130.485500 -7.1643000 -0.1232639 10.9098930 0.0230508 0.7004827 -0.0012982 0.7132959
130.693200 -7.0987024 -0.1265244 10.9112892 0.0215869 0.7001593 -0.0008371 0.7136598
130.901200 -7.0326629 -0.1296992 10.9123249 0.0213387 0.7000060 -0.0005704 0.7138178
131.109300 -6.9670029 -0.1324983 10.9140444 0.0220724 0.7003526 -0.0031023 0.7134489
131.318300 -6.9029083 -0.1350196 10.9150581 0.0233890 0.7015070 -0.0040516 0.7122672
131.525500 -6.8381772 -0.1385130 10.9157553 0.0229652 0.7025903 -0.0043419 0.7112106
131.733500 -6.7715793 -0.1415693 10.9165411 0.0225670 0.7036492 -0.0037066 0.7101794
131.941500 -6.7053537 -0.1451804 10.9175911 0.0214685 0.7046040 -0.0029935 0.7092696
132.149900 -6.6373878 -0.1483783 10.9176893 0.0218688 0.7055007 -0.0009612 0.7083711
132.357500 -6.5684795 -0.1514708 10.9178324 0.0204724 0.7063923 0.0015980 0.7075226
132.566900 -6.5001111 -0.1541339 10.9179573 0.0186581 0.7072610 0.0036455 0.7066969
132.773700 -6.4318948 -0.1567391 10.9176121 0.0179224 0.7079127 0.0062777 0.7060446
132.981600 -6.3635278 -0.1587255 10.9174614 0.0185027 0.7088505 0.0076644 0.7050744
133.189600 -6.2963672 -0.1612808 10.9176855 0.0174590 0.7101265 0.0068215 0.7038245
133.501700 -6.1953926 -0.1644724 10.9160500 0.0180165 0.7146849 0.0075525 0.6991737
133.709900 -6.1289282 -0.1671826 10.9135303 0.0185353 0.7199566 0.0074246 0.6937318
133.918100 -6.0632877 -0.1691315 10.9100657 0.0183819 0.7265174 0.0070682 0.6868657
134.126400 -6.0001321 -0.1716806 10.9040527 0.0219326 0.7354154 0.0065995 0.6772293
134.334800 -5.9409056 -0.1741501 10.8959713 0.0248694 0.7469437 0.0045838 0.6644062
134.543200 -5.8848972 -0.1764033 10.8854980 0.0285959 0.7602370 0.0035611 0.6490064
134.751600 -5.8321657 -0.1788363 10.8726587 0.0296130 0.7736350 0.0073871 0.6328960
134.959800 -5.7834949 -0.1811124 10.8584385 0.0297367 0.7861036 0.0107390 0.6172855
135.167900 -5.7397571 -0.1830053 10.8443708 0.0290538 0.7974359 0.0125751 0.6025726
135.480200 -5.6800089 -0.1849387 10.8218794 0.0280483 0.8161207 0.0140374 0.5770296
136.105100 -5.5725346 -0.1881600 10.7650051 0.0290413 0.8629257 0.0150843 0.5042700
136.417600 -5.5257044 -0.1894976 10.7299156 0.0327989 0.8881854 0.0073411 0.4582544
136.730200 -5.4805918 -0.1905740 10.6861210 0.0346121 0.9148765 0.0015995 0.4022443
136.938600 -5.4524298 -0.1909806 10.6504707 0.0375364 0.9323721 0.0036235 0.3595278
137.147100 -5.4250498 -0.1921352 10.6094532 0.0364815 0.9489161 0.0083628 0.3133009
137.355500 -5.4009686 -0.1926583 10.5642786 0.0324396 0.9636139 0.0124265 0.2650310
137.563700 -5.3809419 -0.1924678 10.5136232 0.0316415 0.9755749 0.0166111 0.2167408
137.771800 -5.3615046 -0.1918334 10.4579325 0.0255699 0.9847698 0.0160282 0.1712244
138.083600 -5.3407068 -0.1905917 10.3633633 0.0278555 0.9932712 0.0124974 0.1117143
138.291300 -5.3296595 -0.1888581 10.2914562 0.0240047 0.9966239 0.0109030 0.0777544
138.602800 -5.3209972 -0.1871841 10.1709557 0.0252273 0.9990199 0.0145909 0.0333143
138.914100 -5.3215694 -0.1838984 10.0373459 0.0263047 0.9995331 0.0154634 -0.0016059
139.121500 -5.3248639 -0.1812573 9.9419384 0.0307403 0.9992890 0.0166729 -0.0140927
139.328700 -5.3283534 -0.1785030 9.8406096 0.0306419 0.9992129 0.0171760 -0.0184275
139.536100 -5.3326006 -0.1752059 9.7336054 0.0316489 0.9991854 0.0167044 -0.0186469
139.743600 -5.3358836 -0.1716416 9.6211529 0.0338906 0.9991372 0.0167885 -0.0171611
140.054800 -5.3389773 -0.1670749 9.4431114 0.0310555 0.9992570 0.0191570 -0.0124064
140.262500 -5.3411922 -0.1631505 9.3187523 0.0315428 0.9992802 0.0190930 -0.0089226
140.470000 -5.3422794 -0.1600872 9.1912975 0.0318456 0.9993545 0.0157456 -0.0053416
140.677700 -5.3427243 -0.1572741 9.0620499 0.0354663 0.9992375 0.0161768 -0.0022181
140.885500 -5.3434505 -0.1548385 8.9308796 0.0392128 0.9990156 0.0207362 -0.0003727
141.093300 -5.3431764 -0.1510698 8.8003044 0.0407533 0.9988753 0.0242304 -0.0005230
141.301200 -5.3423901 -0.1468801 8.6686516 0.0390620 0.9988964 0.0260133 -0.0018763
141.509100 -5.3424106 -0.1422592 8.5370445 0.0382922 0.9989255 0.0259413 -0.0029272
141.717000 -5.3434129 -0.1379451 8.4061708 0.0381161 0.9988915 0.0274388 -0.0031621
141.925000 -5.3437185 -0.1344864 8.2773895 0.0352344 0.9991976 0.0187861 -0.0031203
142.132900 -5.3421741 -0.1312194 8.1491623 0.0303842 0.9993701 0.0181427 -0.0026651
142.340800 -5.3411198 -0.1290752 8.0214958 0.0288056 0.9993514 0.0216034 -0.0005292
142.548700 -5.3408990 -0.1242601 7.8954177 0.0301600 0.9992577 0.0238934 0.0018960
142.756700 -5.3383851 -0.1226646 7.7743831 0.0301246 0.9993065 0.0211533 0.0056163
143.068600 -5.3336482 -0.1193423 7.5944176 0.0313518 0.9992948 0.0175688 0.0108825
143.380600 -5.3275361 -0.1163442 7.4264913 0.0298285 0.9992172 0.0209627 0.0153595
143.796600 -5.3187170 -0.1129549 7.2223201 0.0301863 0.9991251 0.0201957 0.0207337
144.212600 -5.3072257 -0.1099710 7.0361791 0.0243818 0.9991879 0.0198452 0.0252011
144.524700 -5.2996159 -0.1070487 6.9097743 0.0181038 0.9993937 0.0200310 0.0219825
145.044800 -5.2941718 -0.1044401 6.7354345 0.0197090 0.9995416 0.0183117 0.0138837
145.356900 -5.2907376 -0.1034277 6.6385765 0.0191459 0.9995747 0.0172916 0.0136000
145.772600 -5.2853842 -0.1021673 6.5136986 0.0182944 0.9995775 0.0127847 0.0186202
145.980500 -5.2814708 -0.1018723 6.4537425 0.0189496 0.9995300 0.0081915 0.0226615
146.292300 -5.2766047 -0.1001961 6.3624926 0.0226107 0.9992775 0.0097084 0.0289641
146.500200 -5.2715130 -0.1005052 6.2984557 0.0217224 0.9990667 0.0161225 0.0336736
146.708000 -5.2662058 -0.0996383 6.2320633 0.0240572 0.9987483 0.0198408 0.0391082
146.916000 -5.2595072 -0.0977418 6.1635990 0.0245041 0.9985589 0.0186083 0.0439707
147.123800 -5.2510033 -0.0958265 6.0914259 0.0215367 0.9984547 0.0195749 0.0473421
147.331800 -5.2427497 -0.0936764 6.0153785 0.0203746 0.9983680 0.0210667 0.0490146
147.539800 -5.2343593 -0.0915788 5.9356551 0.0191565 0.9984548 0.0199673 0.0481910
147.748000 -5.2257924 -0.0888850 5.8509912 0.0177292 0.9986495 0.0179693 0.0454084
147.956100 -5.2189293 -0.0863530 5.7618608 0.0178239 0.9987648 0.0199265 0.0418812
148.164200 -5.2119670 -0.0840718 5.6687322 0.0152725 0.9990060 0.0196649 0.0369736
148.372300 -5.2055793 -0.0812971 5.5709844 0.0119831 0.9994135 0.0166199 0.0274351
148.580600 -5.2035542 -0.0785419 5.4672828 0.0111375 0.9996991 0.0172277 0.0134488
148.788800 -5.2029648 -0.0756614 5.3595924 0.0110597 0.9998012 0.0165196 -0.0015528
148.997000 -5.2062845 -0.0724704 5.2487259 0.0124578 0.9996606 0.0166793 -0.0156658
149.205000 -5.2111125 -0.0693757 5.1330147 0.0132082 0.9993918 0.0193470 -0.0258315
149.412700 -5.2182078 -0.0660315 5.0133839 0.0136654 0.9992571 0.0184953 -0.0309262
149.620500 -5.2263050 -0.0622109 4.8894701 0.0147658 0.9991147 0.0208949 -0.0333941
149.828200 -5.2345767 -0.0581099 4.7629995 0.0174929 0.9990486 0.0205378 -0.0342660
150.139700 -5.2474222 -0.0529262 4.5667219 0.0200289 0.9991267 0.0165839 -0.0327056
150.347500 -5.2556458 -0.0487490 4.4308810 0.0228073 0.9990534 0.0195663 -0.0314542
150.659200 -5.2673287 -0.0434310 4.2258573 0.0255746 0.9990104 0.0228609 -0.0283109
150.867000 -5.2752852 -0.0393319 4.0898056 0.0279925 0.9991025 0.0200076 -0.0247034
151.178500 -5.2839799 -0.0346749 3.8870451 0.0354133 0.9990731 0.0183824 -0.0161496
151.386100 -5.2863202 -0.0320169 3.7530482 0.0353171 0.9991370 0.0198584 -0.0091448
151.593700 -5.2859330 -0.0298930 3.6215084 0.0307363 0.9993965 0.0158700 -0.0031730
151.801500 -5.2847924 -0.0272667 3.4898579 0.0289008 0.9993922 0.0193776 0.0021302
152.009200 -5.2821536 -0.0241873 3.3602149 0.0275900 0.9993457 0.0226973 0.0056471
152.217100 -5.2803988 -0.0197032 3.2344761 0.0245153 0.9994664 0.0202737 0.0074120
152.632800 -5.2757578 -0.0152729 2.9975808 0.0318918 0.9992545 0.0197528 0.0091168
152.944700 -5.2717052 -0.0120374 2.8368268 0.0301120 0.9992886 0.0202016 0.0103653
153.360700 -5.2659893 -0.0096553 2.6500475 0.0234177 0.9995002 0.0199659 0.0072274
153.672600 -5.2645493 -0.0079363 2.5294206 0.0223974 0.9994709 0.0228370 0.0058865
154.088300 -5.2618818 -0.0050185 2.3970227 0.0154172 0.9995958 0.0235860 0.0037859
154.400200 -5.2611055 -0.0035249 2.3113418 0.0205527 0.9996450 0.0163920 0.0043260
154.816000 -5.2591653 -0.0012350 2.1988358 0.0209216 0.9996049 0.0166290 0.0087080
155.024000 -5.2580948 -0.0009471 2.1440461 0.0242752 0.9995291 0.0159805 0.0098501
155.231900 -5.2561345 -0.0000064 2.0901437 0.0233665 0.9995407 0.0155336 0.0114441
155.439700 -5.2547731 0.0016913 2.0361490 0.0277008 0.9993270 0.0173421 0.0166562
155.647600 -5.2508335 0.0024194 1.9812865 0.0252939 0.9992765 0.0170845 0.0226898
155.855500 -5.2474942 0.0025615 1.9245952 0.0284934 0.9990099 0.0175074 0.0293390
155.959400 -5.2456408 0.0034213 1.8956739 0.0301350 0.9988891 0.0167932 0.0320991
156.167300 -5.2398777 0.0049302 1.8366666 0.0281632 0.9988329 0.0127389 0.0371140
156.375300 -5.2334023 0.0057414 1.7734222 0.0254203 0.9986491 0.0136789 0.0432052
156.583200 -5.2266617 0.0067636 1.7072712 0.0284946 0.9983156 0.0138181 0.0486119
156.791300 -5.2188544 0.0077750 1.6366990 0.0281537 0.9981499 0.0137374 0.0521093
156.999300 -5.2096372 0.0085862 1.5638049 0.0236120 0.9982572 0.0090395 0.0533240
157.207200 -5.2005429 0.0092762 1.4862349 0.0219389 0.9983543 0.0072116 0.0524929
157.415200 -5.1911316 0.0103352 1.4031470 0.0182393 0.9985138 0.0127712 0.0497434
157.623200 -5.1815934 0.0111784 1.3163660 0.0125942 0.9986939 0.0192221 0.0456327
157.831200 -5.1728220 0.0132003 1.2269757 0.0084111 0.9990531 0.0160416 0.0395574
158.039300 -5.1668053 0.0148164 1.1341739 0.0087791 0.9995071 0.0106456 0.0281984
158.247600 -5.1638088 0.0149095 1.0384201 0.0093819 0.9998363 0.0084422 0.0129648
158.455800 -5.1646814 0.0156546 0.9400836 0.0099513 0.9998887 0.0100305 -0.0048030
158.768100 -5.1734934 0.0171208 0.7887075 0.0092337 0.9991947 0.0167647 -0.0352644
158.976200 -5.1846204 0.0185249 0.6857872 0.0114084 0.9984626 0.0107596 -0.0531663
159.184000 -5.1986270 0.0205207 0.5801679 0.0168533 0.9977996 0.0071773 -0.0637205
159.391400 -5.2142811 0.0211201 0.4710872 0.0235416 0.9975687 0.0093154 -0.0649287
159.598800 -5.2277727 0.0226221 0.3605610 0.0262350 0.9977045 0.0132001 -0.0610176
159.806200 -5.2410159 0.0246662 0.2464196 0.0291961 0.9980021 0.0158125 -0.0537537
160.013600 -5.2517147 0.0269725 0.1313124 0.0329901 0.9983808 0.0110420 -0.0450054
160.221200 -5.2599072 0.0279042 0.0148295 0.0309270 0.9988351 0.0086533 -0.0360130
160.428800 -5.2665176 0.0293054 -0.1069262 0.0321045 0.9990361 0.0109848 -0.0278471
160.636500 -5.2700300 0.0307266 -0.2300424 0.0291810 0.9993012 0.0111081 -0.0205465
160.844100 -5.2735438 0.0319040 -0.3543352 0.0294142 0.9993932 0.0122407 -0.0140812
161.051800 -5.2753620 0.0332536 -0.4793822 0.0289418 0.9994172 0.0146355 -0.0106536
161.259500 -5.2764463 0.0346983 -0.6033900 0.0275708 0.9995240 0.0112235 -0.0081039
161.467300 -5.2778702 0.0355375 -0.7282714 0.0284381 0.9994836 0.0131256 -0.0071714
161.675200 -5.2794676 0.0371249 -0.8521642 0.0311003 0.9993902 0.0137436 -0.0079391
161.883100 -5.2817330 0.0378473 -0.9734271 0.0333286 0.9993548 0.0106437 -0.0081174
162.090800 -5.2840490 0.0392212 -1.0950741 0.0351299 0.9992423 0.0144448 -0.0084894
162.298800 -5.2857523 0.0418328 -1.2162200 0.0301957 0.9992414 0.0223763 -0.0102097
162.506700 -5.2883396 0.0440648 -1.3341695 0.0301782 0.9992712 0.0193243 -0.0131468
162.818600 -5.2928619 0.0470307 -1.5058506 0.0322261 0.9992818 0.0141098 -0.0140793
162.922500 -5.2943749 0.0474000 -1.5613195 0.0331365 0.9992532 0.0142628 -0.0138422
163.130400 -5.2971559 0.0488927 -1.6693885 0.0344077 0.9992206 0.0138045 -0.0135583
163.338200 -5.2994537 0.0501799 -1.7733465 0.0347787 0.9991540 0.0179772 -0.0125884
163.546000 -5.3014927 0.0509493 -1.8709717 0.0350593 0.9991539 0.0183520 -0.0111999
163.754000 -5.3031607 0.0523736 -1.9615330 0.0349966 0.9992440 0.0131583 -0.0106573
164.065700 -5.3038239 0.0531605 -2.0859559 0.0344131 0.9992768 0.0146826 -0.0067839
164.481600 -5.3023272 0.0537549 -2.2263672 0.0323408 0.9993265 0.0168790 0.0039633
164.897500 -5.2973499 0.0547365 -2.3387539 0.0306823 0.9992564 0.0152309 0.0176971
165.209500 -5.2918353 0.0550096 -2.4116230 0.0299983 0.9989484 0.0133556 0.0319965
165.625400 -5.2800813 0.0546954 -2.4976132 0.0264435 0.9980609 0.0075563 0.0558400
165.833100 -5.2730680 0.0548194 -2.5365531 0.0252563 0.9971422 0.0067597 0.0708789
166.040900 -5.2647729 0.0550529 -2.5732238 0.0252787 0.9956313 0.0069739 0.0896136
166.248500 -5.2542739 0.0545433 -2.6087527 0.0241860 0.9932240 0.0085182 0.1133514
166.456100 -5.2410746 0.0537950 -2.6418476 0.0195587 0.9898424 0.0106835 0.1404116
166.663700 -5.2269592 0.0534230 -2.6733856 0.0176013 0.9855753 0.0127754 0.1678341
166.871400 -5.2110939 0.0533813 -2.7026598 0.0166833 0.9802496 0.0127783 0.1966448
167.078800 -5.1931357 0.0536168 -2.7324078 0.0167756 0.9736571 0.0110141 0.2271323
167.286400 -5.1715384 0.0535696 -2.7622466 0.0149161 0.9656074 0.0082220 0.2594460
167.493800 -5.1461101 0.0526908 -2.7934906 0.0154272 0.9556089 0.0059450 0.2941738
167.701300 -5.1162086 0.0520525 -2.8269334 0.0179352 0.9436296 0.0042857 0.3304893
167.908700 -5.0804968 0.0516690 -2.8613069 0.0202505 0.9294736 0.0036307 0.3683146
168.116200 -5.0385466 0.0509070 -2.8934908 0.0186422 0.9137200 0.0020312 0.4059114
168.323600 -4.9911909 0.0493751 -2.9272051 0.0179706 0.8957453 0.0037067 0.4441889
168.531200 -4.9366179 0.0483343 -2.9596601 0.0190384 0.8769188 0.0047778 0.4802376
168.739000 -4.8739200 0.0473737 -2.9912829 0.0193355 0.8586034 0.0067309 0.5122315
168.946800 -4.8038836 0.0458670 -3.0222952 0.0199843 0.8435289 0.0076941 0.5366568
169.155100 -4.7268763 0.0442007 -3.0535948 0.0207404 0.8324758 0.0083594 0.5536099
169.259200 -4.6861706 0.0440963 -3.0694757 0.0232775 0.8277901 0.0095166 0.5604741
169.363400 -4.6432419 0.0433393 -3.0858402 0.0264787 0.8226436 0.0121169 0.5678113
169.467500 -4.5989633 0.0428173 -3.1015878 0.0278906 0.8166292 0.0145080 0.5763057
169.571500 -4.5537624 0.0420842 -3.1160021 0.0289956 0.8099688 0.0176943 0.5854884
169.675500 -4.5072813 0.0423603 -3.1300795 0.0297342 0.8022127 0.0204324 0.5959473
169.779400 -4.4602079 0.0411778 -3.1427460 0.0298342 0.7935932 0.0232908 0.6072704
169.987400 -4.3686080 0.0386448 -3.1624184 0.0296589 0.7757649 0.0268172 0.6297538
170.195400 -4.2786865 0.0370513 -3.1753869 0.0290940 0.7583404 0.0264178 0.6506732
170.403400 -4.1909065 0.0351137 -3.1828537 0.0292153 0.7416748 0.0222836 0.6697524
170.611500 -4.1012421 0.0328214 -3.1876414 0.0296138 0.7284260 0.0185590 0.6842325
170.924100 -3.9670942 0.0288051 -3.1900797 0.0261775 0.7176455 0.0142047 0.6957715
171.236500 -3.8328955 0.0243291 -3.1906347 0.0250555 0.7083716 0.0159323 0.7052149
171.548700 -3.6950157 0.0201123 -3.1874914 0.0257429 0.7009465 0.0131409 0.7126279
171.757000 -3.5978096 0.0175311 -3.1847990 0.0268279 0.6984947 0.0115300 0.7150192
171.965100 -3.4972525 0.0140818 -3.1816835 0.0273446 0.6962590 0.0128655 0.7171543
172.173200 -3.3916085 0.0107318 -3.1769221 0.0260320 0.6938779 0.0125430 0.7195126
172.381200 -3.2806709 0.0078571 -3.1716917 0.0259315 0.6912889 0.0125343 0.7220042
172.589200 -3.1661260 0.0047292 -3.1652069 0.0261097 0.6888659 0.0109677 0.7243354
172.797400 -3.0477660 -0.0002519 -3.1585917 0.0266298 0.6879119 0.0061586 0.7252794
173.109500 -2.8596203 -0.0073997 -3.1475704 0.0260308 0.6884249 0.0062967 0.7248130
173.317500 -2.7276924 -0.0124841 -3.1400950 0.0263134 0.6875234 0.0064552 0.7256566
173.525400 -2.5925620 -0.0178902 -3.1316440 0.0268079 0.6850210 0.0068587 0.7279976
173.733200 -2.4530721 -0.0235141 -3.1222928 0.0251721 0.6814342 0.0099448 0.7313787
174.045000 -2.2373025 -0.0312031 -3.1038022 0.0286709 0.6756488 0.0083114 0.7366190
174.253000 -2.0869529 -0.0386788 -3.0879045 0.0270555 0.6741351 0.0030291 0.7381061
174.564900 -1.8530775 -0.0492411 -3.0648048 0.0210926 0.6745658 -0.0017381 0.7379113
174.877000 -1.6121700 -0.0594239 -3.0415649 0.0149403 0.6770257 -0.0031388 0.7358011
175.085100 -1.4473444 -0.0661094 -3.0286150 0.0121966 0.6805287 -0.0036204 0.7326109
175.293200 -1.2833978 -0.0728749 -3.0171788 0.0130978 0.6868814 -0.0060087 0.7266266
175.501500 -1.1155509 -0.0794701 -3.0099325 0.0108989 0.6964512 -0.0047608 0.7175056
175.709600 -0.9483758 -0.0849228 -3.0087910 0.0106519 0.7064704 -0.0025706 0.7076577
175.917600 -0.7787392 -0.0912645 -3.0106399 0.0132977 0.7150283 -0.0037502 0.6989590
176.125500 -0.6089416 -0.0986632 -3.0178723 0.0152571 0.7213837 -0.0002015 0.6923675
176.333200 -0.4367235 -0.1043689 -3.0249317 0.0186506 0.7246729 0.0015776 0.6888388
176.540900 -0.2639284 -0.1115199 -3.0334239 0.0192463 0.7245222 0.0042504 0.6889696
176.748500 -0.0902832 -0.1177564 -3.0417874 0.0205850 0.7224293 0.0053467 0.6911176
176.956000 0.0875539 -0.1231074 -3.0484085 0.0225688 0.7199968 0.0071181 0.6935738
177.163600 0.2659173 -0.1286551 -3.0542762 0.0241720 0.7173498 0.0070616 0.6962580
177.371200 0.4473119 -0.1349049 -3.0577300 0.0228047 0.7156133 0.0102082 0.6980497
177.579000 0.6304197 -0.1398916 -3.0616243 0.0217405 0.7150743 0.0114288 0.6986169
177.786500 0.8145168 -0.1459153 -3.0665019 0.0233458 0.7147080 0.0102677 0.6989579
177.994100 1.0018542 -0.1515119 -3.0706861 0.0216722 0.7144759 0.0075788 0.6992833
178.201700 1.1928340 -0.1573815 -3.0748787 0.0189444 0.7143660 0.0063166 0.6994873
178.513100 1.4799839 -0.1649703 -3.0816963 0.0202221 0.7139108 0.0065176 0.6999143
178.720700 1.6743215 -0.1723615 -3.0849440 0.0228698 0.7134681 0.0049713 0.7002968
178.824600 1.7732787 -0.1752260 -3.0876803 0.0238486 0.7131858 0.0065231 0.7005389
178.928400 1.8716578 -0.1782480 -3.0895770 0.0233892 0.7130276 0.0085980 0.7006930
179.136000 2.0709951 -0.1834544 -3.0948958 0.0258205 0.7123138 0.0108256 0.7013024
179.239900 2.1705415 -0.1863991 -3.0967405 0.0262549 0.7121239 0.0099687 0.7014919
179.343600 2.2687719 -0.1902162 -3.0979543 0.0266963 0.7119876 0.0079244 0.7016397
179.447500 2.3688028 -0.1934233 -3.0986094 0.0261094 0.7118376 0.0055239 0.7018368
179.551400 2.4700611 -0.1971521 -3.0999744 0.0248804 0.7117945 0.0051858 0.7019278
179.655000 2.5709472 -0.2010192 -3.1008356 0.0227417 0.7115998 0.0048602 0.7022001
179.758900 2.6709967 -0.2042942 -3.1021070 0.0231883 0.7112463 0.0061466 0.7025334
179.862600 2.7712672 -0.2083927 -3.1030257 0.0228695 0.7108512 0.0074144 0.7029314
179.966400 2.8728318 -0.2111377 -3.1044178 0.0245293 0.7101554 0.0070814 0.7035819
180.070100 2.9747963 -0.2143912 -3.1047196 0.0243232 0.7098927 0.0072216 0.7038526
180.173900 3.0765076 -0.2177260 -3.1052852 0.0227305 0.7094719 0.0060729 0.7043408
180.277700 3.1774273 -0.2219986 -3.1052940 0.0221976 0.7091861 0.0045745 0.7046570
180.381500 3.2783966 -0.2263937 -3.1053884 0.0210715 0.7088109 0.0041554 0.7050715
180.589000 3.4805140 -0.2337525 -3.1056011 0.0205445 0.7077869 0.0075941 0.7060864
180.692800 3.5825832 -0.2364571 -3.1066718 0.0210034 0.7069446 0.0097219 0.7068902
180.900100 3.7850056 -0.2421920 -3.1060812 0.0214742 0.7059411 0.0103082 0.7078699
181.107600 3.9871535 -0.2483447 -3.1048191 0.0219053 0.7049178 0.0089174 0.7088946
181.315100 4.1886129 -0.2548852 -3.1028788 0.0206011 0.7037966 0.0106368 0.7100232
181.522600 4.3889599 -0.2601551 -3.1009150 0.0219111 0.7026758 0.0115779 0.7110785
181.730200 4.5855918 -0.2655546 -3.0978775 0.0223664 0.7018707 0.0086213 0.7119009
181.937900 4.7829576 -0.2728885 -3.0935087 0.0194871 0.7023935 0.0092265 0.7114622
182.145500 4.9796047 -0.2795261 -3.0908122 0.0211218 0.7028071 0.0116257 0.7109718
182.353100 5.1753612 -0.2857435 -3.0877368 0.0226644 0.7026476 0.0098757 0.7111084
182.560700 5.3685999 -0.2923644 -3.0847285 0.0218522 0.7026187 0.0085083 0.7111801
182.768400 5.5609469 -0.3006375 -3.0816672 0.0214081 0.7020306 0.0082451 0.7117772
182.975900 5.7512922 -0.3061255 -3.0784352 0.0217733 0.7014526 0.0091553 0.7123246
183.183500 5.9396505 -0.3109291 -3.0739117 0.0259516 0.7010223 0.0060660 0.7126412
183.391100 6.1265507 -0.3193806 -3.0704980 0.0254284 0.7005981 0.0065343 0.7130729
183.598600 6.3117890 -0.3281087 -3.0655880 0.0246241 0.7001324 0.0092453 0.7135285
183.806200 6.4954791 -0.3352238 -3.0617082 0.0260846 0.6993710 0.0089194 0.7142270
183.910100 6.5856071 -0.3389763 -3.0592773 0.0263098 0.6992087 0.0079062 0.7143896
184.117700 6.7669306 -0.3461570 -3.0549705 0.0247129 0.6989523 0.0071637 0.7147052
184.325400 6.9418168 -0.3547075 -3.0496180 0.0243214 0.6986960 0.0087718 0.7149514
184.532900 7.1161389 -0.3605992 -3.0436769 0.0243210 0.6983801 0.0083122 0.7152655
184.740500 7.2892270 -0.3681427 -3.0374146 0.0247604 0.6982926 0.0076629 0.7153431
184.948100 7.4606872 -0.3756334 -3.0317817 0.0252206 0.6981106 0.0080103 0.7155007
185.155700 7.6263843 -0.3835810 -3.0264032 0.0246872 0.6979425 0.0092627 0.7156683
185.363400 7.7877555 -0.3903967 -3.0224957 0.0237578 0.6973634 0.0102532 0.7162504
185.571000 7.9413834 -0.3965860 -3.0173404 0.0226746 0.6972425 0.0086893 0.7164239
185.674900 8.0172520 -0.3996233 -3.0154207 0.0226078 0.6970744 0.0088887 0.7165872
185.882500 8.1658363 -0.4050498 -3.0105243 0.0201225 0.6969884 0.0115809 0.7167065
186.090100 8.3067503 -0.4108198 -3.0065923 0.0232069 0.6968077 0.0088630 0.7168276
186.297900 8.4438219 -0.4169753 -3.0024915 0.0276626 0.6985181 0.0070547 0.7150227
186.505600 8.5762596 -0.4236400 -2.9991021 0.0237303 0.7012059 0.0100044 0.7124935
186.713500 8.7026253 -0.4288724 -2.9976318 0.0257909 0.7036247 0.0138417 0.7099687
186.921400 8.8227615 -0.4334942 -2.9975355 0.0243226 0.7062765 0.0164234 0.7073275
187.025400 8.8799200 -0.4352307 -2.9980831 0.0239376 0.7074820 0.0165352 0.7061324
187.233200 8.9896002 -0.4385744 -2.9989130 0.0253762 0.7096730 0.0178165 0.7038486
187.441100 9.0909996 -0.4425605 -3.0004392 0.0298188 0.7117504 0.0186548 0.7015513
187.649000 9.1877098 -0.4460588 -3.0024233 0.0320084 0.7134967 0.0182757 0.6996884
187.961000 9.3214121 -0.4517680 -3.0063403 0.0333204 0.7155509 0.0168910 0.6975610
188.169000 9.4015427 -0.4555790 -3.0075941 0.0312794 0.7169042 0.0155058 0.6962971
188.376900 9.4756804 -0.4588914 -3.0090697 0.0311750 0.7169509 0.0144231 0.6962769
188.584600 9.5425568 -0.4622666 -3.0102508 0.0311005 0.7144070 0.0134840 0.6989088
188.792500 9.6028957 -0.4653184 -3.0095966 0.0303846 0.7094321 0.0125115 0.7040073
189.207900 9.7043715 -0.4704770 -3.0036488 0.0270060 0.6938068 0.0091054 0.7195970
189.415400 9.7479801 -0.4726622 -2.9983058 0.0275967 0.6781977 0.0097924 0.7342958
189.622600 9.7899418 -0.4749153 -2.9897182 0.0255538 0.6556245 0.0094895 0.7545949
189.830100 9.8294220 -0.4774637 -2.9776392 0.0209783 0.6299317 0.0058787 0.7763448
190.037600 9.8661537 -0.4797702 -2.9623632 0.0178666 0.6002924 0.0024599 0.7995772
190.245000 9.9021950 -0.4815499 -2.9445565 0.0163906 0.5693561 -0.0008129 0.8219272
190.452500 9.9370956 -0.4835268 -2.9232025 0.0161663 0.5354123 -0.0038132 0.8444275
190.659900 9.9755125 -0.4851993 -2.8966179 0.0160778 0.4983575 -0.0048858 0.8668088
190.867400 10.0146103 -0.4879350 -2.8651466 0.0156086 0.4571522 -0.0047649 0.8892387
191.074800 10.0530291 -0.4897247 -2.8257842 0.0146265 0.4120085 -0.0094662 0.9110134
191.282400 10.0922813 -0.4923755 -2.7788713 0.0130163 0.3660042 -0.0117926 0.9304475
191.490300 10.1321926 -0.4952851 -2.7238398 0.0104715 0.3227097 -0.0126943 0.9463549
191.698300 10.1710110 -0.4977993 -2.6587169 0.0127402 0.2830905 -0.0146553 0.9588966
191.906200 10.2100477 -0.5004678 -2.5849907 0.0145918 0.2482125 -0.0140735 0.9684935
192.114200 10.2484255 -0.5031809 -2.5001316 0.0132961 0.2125545 -0.0103393 0.9770041
192.322200 10.2835732 -0.5062706 -2.4057765 0.0077478 0.1771014 -0.0055538 0.9841464
192.530500 10.3143511 -0.5097420 -2.3017046 0.0083632 0.1456950 -0.0030473 0.9892895
192.738900 10.3441305 -0.5119567 -2.1862578 0.0125187 0.1169053 0.0017521 0.9930626
192.947000 10.3692703 -0.5152046 -2.0573020 0.0082291 0.0891799 0.0091052 0.9959399
193.155100 10.3888264 -0.5176353 -1.9211822 0.0058162 0.0601042 0.0145107 0.9980697
193.363200 10.3990526 -0.5199602 -1.7746930 0.0019247 0.0353637 0.0119270 0.9993015
193.571500 10.4018641 -0.5215510 -1.6194255 0.0044901 0.0150579 0.0063635 0.9998563
193.779700 10.4012127 -0.5248060 -1.4545524 0.0083852 0.0005802 0.0031029 0.9999599
193.884000 10.3995972 -0.5265270 -1.3695946 0.0073078 -0.0049927 0.0007625 0.9999605
193.988100 10.3972321 -0.5283036 -1.2822076 0.0043439 -0.0096507 0.0008316 0.9999437
194.196500 10.3907042 -0.5321298 -1.1074932 0.0026925 -0.0160162 -0.0004352 0.9998680
194.404900 10.3840647 -0.5349572 -0.9305267 0.0004085 -0.0183716 -0.0016398 0.9998298
194.613200 10.3774271 -0.5388773 -0.7547319 0.0030971 -0.0182379 -0.0017905 0.9998273
194.821500 10.3701954 -0.5430353 -0.5768379 0.0014815 -0.0172910 -0.0029804 0.9998450
195.029600 10.3635120 -0.5462452 -0.3993210 0.0011229 -0.0167512 -0.0022342 0.9998565
195.237700 10.3568678 -0.5495644 -0.2236436 0.0010929 -0.0159940 -0.0022115 0.9998690
195.445600 10.3503189 -0.5534207 -0.0489253 0.0039942 -0.0155544 -0.0023264 0.9998683
195.653600 10.3450031 -0.5579682 0.1255914 0.0019635 -0.0149215 -0.0005291 0.9998866
195.861500 10.3393698 -0.5621867 0.3000691 -0.0002842 -0.0139465 0.0009910 0.9999022
196.069400 10.3345842 -0.5659534 0.4723700 0.0022618 -0.0128999 0.0010774 0.9999136
196.277200 10.3298903 -0.5691802 0.6422963 0.0003562 -0.0117700 0.0015956 0.9999294
196.485100 10.3251877 -0.5724188 0.8094089 -0.0019546 -0.0105723 0.0014865 0.9999411
196.692900 10.3217154 -0.5753537 0.9715585 -0.0011595 -0.0098916 0.0012007 0.9999497
196.900700 10.3170261 -0.5784225 1.1299361 -0.0011628 -0.0092799 -0.0004268 0.9999562
197.108600 10.3138304 -0.5818688 1.2809331 0.0016787 -0.0091798 -0.0005548 0.9999563
197.316400 10.3107233 -0.5847535 1.4269639 -0.0010419 -0.0087393 0.0000447 0.9999613
197.524100 10.3074446 -0.5880995 1.5677004 -0.0065271 -0.0082138 -0.0000737 0.9999450
197.835800 10.3035040 -0.5906887 1.7610404 -0.0031657 -0.0072133 0.0008066 0.9999686
198.043600 10.3012667 -0.5921932 1.8790705 -0.0016859 -0.0047835 -0.0011858 0.9999864
198.356000 10.3020010 -0.5957081 2.0383158 -0.0027130 0.0134420 -0.0046555 0.9998952
198.668900 10.3147135 -0.5988755 2.1749830 -0.0029096 0.0507596 -0.0070711 0.9986816
198.982000 10.3403769 -0.6013557 2.2893288 -0.0008590 0.1079848 -0.0059679 0.9941342
199.190800 10.3647661 -0.6032093 2.3548267 0.0006721 0.1498242 -0.0035200 0.9887062
199.503700 10.4074650 -0.6063566 2.4401855 0.0017134 0.2186534 -0.0036716 0.9757942
199.816500 10.4576406 -0.6094995 2.5105114 0.0039756 0.2834798 -0.0016758 0.9589685
200.128900 10.5098543 -0.6121654 2.5658755 0.0084347 0.3448606 0.0006178 0.9386158
200.440900 10.5586586 -0.6147322 2.6026194 0.0147695 0.3934373 0.0088248 0.9191905
200.648600 10.5848274 -0.6162504 2.6214843 0.0163926 0.4197216 0.0056166 0.9074875
200.856500 10.6100550 -0.6175579 2.6375718 0.0153283 0.4456491 -0.0001131 0.8950765
201.480100 10.6926212 -0.6212664 2.6756480 0.0122723 0.5203009 -0.0021857 0.8538920
201.688100 10.7222948 -0.6221055 2.6844525 0.0107570 0.5436744 0.0025214 0.8392235
201.999900 10.7678604 -0.6232882 2.6960156 0.0113036 0.5740771 0.0047999 0.8187092
202.311500 10.8142462 -0.6244072 2.7064376 0.0082410 0.6011819 0.0037779 0.7990608
202.520600 10.8467579 -0.6252056 2.7115276 0.0071401 0.6176755 0.0057894 0.7863794
202.727000 10.8791952 -0.6264311 2.7142658 0.0089307 0.6317295 0.0112799 0.7750554
202.934600 10.9123516 -0.6275863 2.7184389 0.0065456 0.6433995 0.0123092 0.7654037
203.142100 10.9450340 -0.6282347 2.7223325 0.0058921 0.6526026 0.0099716 0.7576118
203.349800 10.9782991 -0.6281108 2.7230887 0.0140054 0.6614017 0.0115829 0.7498116
203.557400 11.0122938 -0.6293745 2.7249892 0.0140898 0.6709866 0.0111799 0.7412513
203.765000 11.0471478 -0.6302621 2.7274616 0.0119455 0.6796353 0.0086770 0.7334015
203.972600 11.0836020 -0.6310549 2.7285202 0.0144130 0.6854945 0.0084077 0.7278866
204.180000 11.1243858 -0.6323209 2.7298412 0.0190020 0.6876820 0.0057927 0.7257402
204.387500 11.1720028 -0.6331479 2.7333531 0.0182549 0.6877794 0.0030601 0.7256837
204.595100 11.2255545 -0.6348311 2.7362952 0.0172108 0.6877574 0.0046386 0.7257218
204.802800 11.2820797 -0.6369154 2.7398593 0.0152489 0.6883283 0.0041289 0.7252273
205.218000 11.4040003 -0.6403772 2.7460504 0.0116781 0.6900599 0.0055115 0.7236370
205.425800 11.4683695 -0.6418543 2.7492204 0.0105875 0.6912053 0.0050538 0.7225632
205.633600 11.5366755 -0.6435371 2.7520154 0.0100372 0.6930298 0.0079205 0.7207956
205.841500 11.6043692 -0.6451239 2.7529869 0.0109827 0.6953243 0.0110343 0.7185275
206.049500 11.6751060 -0.6466644 2.7552199 0.0090102 0.7004617 0.0089414 0.7135771
206.257400 11.7455292 -0.6481601 2.7561145 0.0079601 0.7059955 0.0072932 0.7081341
206.465400 11.8167267 -0.6494964 2.7537501 0.0128610 0.7110196 0.0084173 0.7030041
206.673400 11.8904696 -0.6509562 2.7492774 0.0172069 0.7165186 0.0101126 0.6972824
206.881300 11.9682426 -0.6522112 2.7466471 0.0159794 0.7212485 0.0094609 0.6924275
207.089000 12.0490322 -0.6546696 2.7420712 0.0158487 0.7240793 0.0110810 0.6894456
207.296800 12.1345444 -0.6559494 2.7360005 0.0208228 0.7238281 0.0156064 0.6894895
207.504300 12.2224541 -0.6581541 2.7329788 0.0244649 0.7185163 0.0166122 0.6948811
207.711400 12.3157930 -0.6601011 2.7348962 0.0242247 0.7052553 0.0164878 0.7083476
207.918900 12.4137411 -0.6618931 2.7408993 0.0204526 0.6911959 0.0166870 0.7221852
208.126500 12.5170689 -0.6648398 2.7520351 0.0149429 0.6804463 0.0122683 0.7325428
208.334500 12.6253996 -0.6674799 2.7644839 0.0145980 0.6761233 0.0048456 0.7366279
208.542800 12.7393532 -0.6696494 2.7747011 0.0156569 0.6782603 0.0019507 0.7346523
208.751000 12.8586693 -0.6731476 2.7828524 0.0105801 0.6843549 0.0045808 0.7290579
208.959300 12.9811411 -0.6753882 2.7881141 0.0086975 0.6912298 0.0073744 0.7225450
209.167300 13.1057901 -0.6781915 2.7926917 0.0111267 0.6978285 0.0043662 0.7161651
209.375300 13.2352552 -0.6812602 2.7948370 0.0124128 0.7028394 0.0021570 0.7112369
209.583200 13.3674097 -0.6843408 2.7971354 0.0086891 0.7056971 0.0021304 0.7084572
209.790900 13.4991837 -0.6880559 2.7974589 0.0073575 0.7074147 0.0030614 0.7067538
209.998600 13.6307259 -0.6908533 2.7979555 0.0050945 0.7090181 0.0047042 0.7051562
210.206400 13.7626266 -0.6942793 2.7974191 0.0068775 0.7098327 0.0035064 0.7043281
210.414200 13.8927574 -0.6962523 2.7963564 0.0107208 0.7097196 0.0002472 0.7044027
210.621900 14.0252867 -0.7005544 2.7962055 0.0091332 0.7097166 0.0015324 0.7044264
210.829600 14.1557302 -0.7046068 2.7962837 0.0083599 0.7089679 0.0001841 0.7051912
211.037300 14.2862406 -0.7073573 2.7976890 0.0052125 0.7085214 0.0000525 0.7056701
211.245200 14.4154282 -0.7112665 2.7979910 0.0016461 0.7077600 0.0008104 0.7064505
211.452900 14.5426092 -0.7147058 2.8006163 -0.0000647 0.7067411 -0.0036822 0.7074627
211.660600 14.6691999 -0.7181813 2.8022904 0.0024623 0.7048476 -0.0076865 0.7093129
211.868400 14.7960205 -0.7220213 2.8060586 0.0004336 0.7025884 -0.0104227 0.7115200
212.076300 14.9219732 -0.7266244 2.8083541 0.0036269 0.7011259 -0.0103088 0.7129537
212.284100 15.0473757 -0.7311191 2.8125985 0.0053446 0.7014145 -0.0136104 0.7126036
212.388100 15.1109619 -0.7336879 2.8130939 0.0064245 0.7014450 -0.0120282 0.7125931
212.492100 15.1744804 -0.7364062 2.8139749 0.0064261 0.7019130 -0.0098238 0.7121660
212.596100 15.2384739 -0.7387469 2.8147063 0.0062672 0.7022442 -0.0079880 0.7118637
212.804100 15.3661537 -0.7441144 2.8173361 0.0057434 0.7029399 -0.0066634 0.7111948
212.908000 15.4292116 -0.7465422 2.8181081 0.0082231 0.7031303 -0.0063716 0.7109849
213.116000 15.5560570 -0.7510170 2.8190613 0.0116138 0.7033595 -0.0049900 0.7107219
213.323900 15.6811161 -0.7559501 2.8216653 0.0103378 0.7033858 -0.0030354 0.7107266
213.531800 15.8067675 -0.7610393 2.8240745 0.0091897 0.7028929 -0.0035184 0.7112277
213.739800 15.9317160 -0.7662452 2.8261454 0.0086828 0.7031156 -0.0045575 0.7110080
213.947700 16.0566788 -0.7704010 2.8280425 0.0097196 0.7042729 -0.0059472 0.7098379
214.155500 16.1818943 -0.7749918 2.8291330 0.0090479 0.7041887 -0.0045546 0.7099406
214.363500 16.3070431 -0.7800688 2.8297064 0.0119856 0.7047037 -0.0021329 0.7093972
214.571300 16.4328232 -0.7842221 2.8323262 0.0086616 0.7050653 -0.0043171 0.7090764
214.779100 16.5578556 -0.7892954 2.8329957 0.0122126 0.7045820 -0.0018231 0.7095152
214.986900 16.6812305 -0.7938349 2.8346250 0.0161935 0.7043013 -0.0055638 0.7096946
215.090900 16.7427750 -0.7965646 2.8354292 0.0149940 0.7040183 -0.0062250 0.7099962
215.298700 16.8678970 -0.8016002 2.8377547 0.0114871 0.7042121 -0.0030094 0.7098904
215.506600 16.9924316 -0.8062582 2.8398657 0.0103936 0.7044266 -0.0015737 0.7096990
215.610500 17.0523624 -0.8088340 2.8408394 0.0101634 0.7046858 -0.0041912 0.7094343
215.714500 17.1134357 -0.8108832 2.8414536 0.0119314 0.7049835 -0.0049813 0.7091058
215.922400 17.2363987 -0.8163289 2.8421648 0.0128822 0.7053886 -0.0027714 0.7086983
216.130300 17.3620949 -0.8202356 2.8444047 0.0073294 0.7060637 -0.0018137 0.7081081
216.338200 17.4862232 -0.8243078 2.8438745 0.0109935 0.7062247 -0.0027158 0.7078972
216.546200 17.6102219 -0.8283734 2.8451412 0.0111734 0.7071038 -0.0032600 0.7070139
216.754300 17.7352104 -0.8336649 2.8449621 0.0108886 0.7074044 -0.0003130 0.7067251
217.066000 17.9184628 -0.8396655 2.8444970 0.0171498 0.7073892 -0.0005211 0.7066160
217.377900 18.1026173 -0.8480227 2.8445833 0.0197096 0.7073347 -0.0041415 0.7065918
217.585800 18.2268257 -0.8532342 2.8461478 0.0149382 0.7072789 -0.0012535 0.7067757
217.793600 18.3511524 -0.8593032 2.8468409 0.0123461 0.7065763 0.0019375 0.7075265
218.001500 18.4741707 -0.8631043 2.8462212 0.0160955 0.7057058 -0.0005319 0.7083219
218.209400 18.5981083 -0.8679994 2.8479359 0.0135086 0.7051086 0.0028279 0.7089650
218.417300 18.7222881 -0.8720525 2.8475873 0.0164033 0.7044379 0.0074005 0.7095375
218.625000 18.8433704 -0.8766688 2.8507392 0.0206927 0.7052631 -0.0017057 0.7086416
218.729000 18.9044743 -0.8782858 2.8492990 0.0233973 0.7044313 -0.0018585 0.7093840
218.936900 19.0258331 -0.8834071 2.8510208 0.0198472 0.7050172 0.0020932 0.7089094
219.040800 19.0872803 -0.8871463 2.8518527 0.0174631 0.7048751 0.0011099 0.7091156
219.144600 19.1472359 -0.8892778 2.8526196 0.0206553 0.7047090 -0.0012697 0.7091947
219.352500 19.2678280 -0.8953014 2.8534727 0.0257046 0.7047419 -0.0011415 0.7089971
219.560400 19.3877430 -0.9006379 2.8561654 0.0193226 0.7052552 0.0001843 0.7086902
219.768400 19.5054989 -0.9059354 2.8575637 0.0170679 0.7054983 -0.0002564 0.7085060
219.976300 19.6209316 -0.9120201 2.8586512 0.0179095 0.7061726 -0.0005494 0.7078129
220.080300 19.6809425 -0.9140627 2.8584900 0.0181130 0.7064056 0.0009467 0.7075748
