0.000000 -0.6061438 -0.0068051 -0.9227227 -0.0028364 -0.0163926 0.0006977 0.9998614
0.208477 -0.6082266 -0.0074564 -0.8697318 -0.0016437 -0.0176867 0.0018764 0.9998404
0.312729 -0.6091571 -0.0079695 -0.8429519 -0.0010225 -0.0187381 0.0020737 0.9998217
0.416979 -0.6102600 -0.0081488 -0.8164630 -0.0000572 -0.0197053 0.0030602 0.9998012
0.521227 -0.6114213 -0.0086305 -0.7900348 0.0009041 -0.0204834 0.0042999 0.9997805
0.729727 -0.6142607 -0.0095941 -0.7355837 0.0008739 -0.0218598 0.0048267 0.9997490
0.833976 -0.6155749 -0.0101547 -0.7078790 0.0010543 -0.0224484 0.0051070 0.9997344
0.938359 -0.6170338 -0.0107434 -0.6799151 0.0024503 -0.0230294 0.0047880 0.9997203
1.042605 -0.6186624 -0.0113759 -0.6516011 0.0043614 -0.0236791 0.0039693 0.9997022
1.146853 -0.6203726 -0.0118290 -0.6226146 0.0061966 -0.0243018 0.0035229 0.9996793
1.251125 -0.6221437 -0.0122655 -0.5927944 0.0062272 -0.0249133 0.0025440 0.9996670
1.355354 -0.6240741 -0.0127079 -0.5625499 0.0028316 -0.0253865 0.0012219 0.9996729
1.563854 -0.6277469 -0.0133711 -0.4990824 -0.0056173 -0.0262734 0.0003361 0.9996390
1.772352 -0.6319443 -0.0142669 -0.4345885 -0.0016398 -0.0271378 -0.0019480 0.9996284
1.980855 -0.6360958 -0.0141284 -0.3665275 0.0004603 -0.0282246 -0.0005649 0.9996014
2.189354 -0.6404047 -0.0142408 -0.2937066 -0.0077870 -0.0286915 0.0000695 0.9995580
2.397855 -0.6451040 -0.0138967 -0.2182659 -0.0084341 -0.0289688 0.0013867 0.9995438
2.606377 -0.6500573 -0.0134332 -0.1398236 -0.0054798 -0.0283882 0.0003643 0.9995819
2.814856 -0.6546556 -0.0138236 -0.0582567 0.0003409 -0.0274712 0.0032526 0.9996173
3.023358 -0.6596884 -0.0146251 0.0262553 0.0035533 -0.0267559 0.0018037 0.9996341
3.231728 -0.6642006 -0.0159671 0.1135021 0.0040504 -0.0270911 0.0011130 0.9996241
3.440232 -0.6696014 -0.0175619 0.2028995 0.0055200 -0.0270973 -0.0021320 0.9996153
3.648605 -0.6748127 -0.0197082 0.2938999 0.0056009 -0.0273157 -0.0035292 0.9996049
3.856982 -0.6800495 -0.0218085 0.3858570 0.0049967 -0.0277119 -0.0040279 0.9995953
4.169606 -0.6883546 -0.0249947 0.5266222 0.0039055 -0.0281370 -0.0048556 0.9995847
4.377982 -0.6942860 -0.0269175 0.6219449 0.0039999 -0.0283745 -0.0052679 0.9995755
4.586357 -0.7003612 -0.0284160 0.7183424 0.0010111 -0.0288730 -0.0050979 0.9995696
4.794755 -0.7063203 -0.0301772 0.8166834 -0.0004274 -0.0294841 -0.0051853 0.9995517
5.107234 -0.7162538 -0.0319741 0.9646676 0.0000415 -0.0302845 -0.0053911 0.9995268
5.315611 -0.7227767 -0.0334548 1.0643265 -0.0021436 -0.0309923 -0.0053332 0.9995031
5.628235 -0.7328487 -0.0359171 1.2123810 0.0017903 -0.0315365 -0.0070845 0.9994759
5.836733 -0.7397525 -0.0380665 1.3118404 0.0003858 -0.0313943 -0.0072979 0.9994804
6.045107 -0.7463750 -0.0396813 1.4114687 -0.0011716 -0.0313451 -0.0070944 0.9994828
6.253481 -0.7530429 -0.0408452 1.5104791 0.0003591 -0.0309304 -0.0068011 0.9994984
6.461983 -0.7596390 -0.0429980 1.6093723 0.0025603 -0.0307133 -0.0063267 0.9995049
6.670359 -0.7657940 -0.0458099 1.7075639 0.0048404 -0.0305262 -0.0046627 0.9995114
6.878731 -0.7722692 -0.0477995 1.8069688 0.0008570 -0.0303428 -0.0030801 0.9995344
7.086981 -0.7782467 -0.0493296 1.9053336 -0.0025562 -0.0301697 -0.0016252 0.9995402
7.295357 -0.7840114 -0.0508743 2.0035086 0.0003548 -0.0302052 0.0006975 0.9995434
7.503734 -0.7904556 -0.0528641 2.1023440 0.0044999 -0.0301767 -0.0003484 0.9995344
7.712108 -0.7972209 -0.0547599 2.2021198 0.0033429 -0.0295420 -0.0037984 0.9995508
7.920378 -0.8031890 -0.0569695 2.3010461 0.0018146 -0.0294790 -0.0043239 0.9995544
8.024607 -0.8061336 -0.0579568 2.3506784 0.0014013 -0.0295713 -0.0034431 0.9995558
8.232862 -0.8122238 -0.0596039 2.4500511 -0.0002463 -0.0298947 -0.0021022 0.9995508
8.441112 -0.8182958 -0.0614605 2.5488408 -0.0005696 -0.0305065 -0.0012713 0.9995336
8.649487 -0.8250957 -0.0630944 2.6469638 0.0025316 -0.0310049 -0.0019571 0.9995141
8.857735 -0.8312176 -0.0653406 2.7449791 -0.0005743 -0.0318988 -0.0033301 0.9994854
9.065987 -0.8386635 -0.0669505 2.8418748 -0.0028000 -0.0321871 -0.0047120 0.9994668
9.274360 -0.8454473 -0.0682667 2.9374595 -0.0013386 -0.0327282 -0.0044484 0.9994535
9.482610 -0.8516824 -0.0697177 3.0320137 -0.0013021 -0.0335472 -0.0033753 0.9994306
9.586735 -0.8550103 -0.0704350 3.0784197 -0.0019812 -0.0338098 -0.0029248 0.9994220
9.794986 -0.8615730 -0.0722262 3.1679800 -0.0040275 -0.0345786 -0.0023725 0.9993911
10.003370 -0.8679702 -0.0735289 3.2537799 -0.0036837 -0.0373236 -0.0012870 0.9992956
10.211610 -0.8752136 -0.0747388 3.3355792 -0.0034238 -0.0405511 -0.0011371 0.9991710
10.419890 -0.8826817 -0.0760092 3.4126537 -0.0044465 -0.0434605 -0.0020249 0.9990432
10.628240 -0.8899829 -0.0771681 3.4851737 -0.0055365 -0.0462737 -0.0034702 0.9989074
10.940860 -0.9012941 -0.0785424 3.5839276 -0.0030552 -0.0500321 -0.0060019 0.9987249
11.253490 -0.9113098 -0.0805105 3.6704171 0.0006550 -0.0528355 -0.0090485 0.9985620
11.670740 -0.9223917 -0.0829130 3.7705071 -0.0020405 -0.0443909 -0.0139695 0.9989145
11.879370 -0.9252000 -0.0837000 3.8150859 -0.0039716 -0.0337031 -0.0136949 0.9993302
12.192740 -0.9257482 -0.0850253 3.8746667 -0.0024394 -0.0105720 -0.0124662 0.9998634
12.401640 -0.9235941 -0.0857940 3.9117141 0.0020440 0.0121075 -0.0110524 0.9998635
12.715240 -0.9161029 -0.0872084 3.9650676 0.0047735 0.0573488 -0.0070548 0.9983178
12.924370 -0.9078612 -0.0884110 3.9982767 0.0057892 0.0951073 -0.0038130 0.9954429
13.133360 -0.8971714 -0.0897496 4.0298238 0.0067312 0.1372679 -0.0028014 0.9905071
13.342370 -0.8841035 -0.0908673 4.0592756 0.0061183 0.1841395 -0.0037824 0.9828738
13.551240 -0.8675891 -0.0918138 4.0871468 0.0061206 0.2326889 -0.0026099 0.9725285
13.760010 -0.8485682 -0.0931945 4.1124935 0.0088665 0.2811487 -0.0028790 0.9596189
13.968740 -0.8270450 -0.0943170 4.1370897 0.0119161 0.3316199 -0.0071054 0.9433110
14.177490 -0.8017513 -0.0956222 4.1589794 0.0130421 0.3829511 -0.0088846 0.9236339
14.386120 -0.7731354 -0.0967330 4.1785588 0.0119015 0.4336055 -0.0064797 0.9010009
14.594740 -0.7416905 -0.0978012 4.1954780 0.0097685 0.4838195 -0.0048804 0.8750997
14.803370 -0.7071339 -0.0992902 4.2099743 0.0070070 0.5334650 -0.0042185 0.8457826
15.011990 -0.6705077 -0.1005141 4.2212505 0.0089931 0.5785797 -0.0087699 0.8155291
15.220240 -0.6299385 -0.1019652 4.2288823 0.0126198 0.6149649 -0.0067058 0.7884250
15.428120 -0.5862834 -0.1031706 4.2345243 0.0170087 0.6409407 -0.0034369 0.7673942
15.636010 -0.5385734 -0.1048455 4.2403722 0.0117306 0.6613871 -0.0045136 0.7499394
15.843870 -0.4870144 -0.1066167 4.2440987 0.0087557 0.6787188 -0.0026931 0.7343411
15.947760 -0.4598944 -0.1076455 4.2445574 0.0116879 0.6860604 -0.0001412 0.7274507
16.051740 -0.4321743 -0.1086098 4.2451363 0.0140033 0.6924988 0.0006775 0.7212828
16.259530 -0.3722008 -0.1096495 4.2465887 0.0168956 0.7015282 -0.0035455 0.7124326
16.467120 -0.3087240 -0.1116585 4.2463584 0.0184260 0.7046956 0.0005890 0.7092702
16.674850 -0.2415416 -0.1139600 4.2467961 0.0177387 0.7037771 0.0014237 0.7101979
16.882610 -0.1705508 -0.1163974 4.2480240 0.0167209 0.7027670 -0.0007160 0.7112232
17.090490 -0.0958183 -0.1187818 4.2497358 0.0166210 0.7022093 -0.0012481 0.7117755
17.298620 -0.0186586 -0.1214986 4.2511067 0.0155528 0.7018178 -0.0004323 0.7121866
17.506740 0.0609439 -0.1242741 4.2526178 0.0134404 0.7024215 0.0003027 0.7116343
17.715000 0.1418436 -0.1264652 4.2538891 0.0126043 0.7033628 0.0019705 0.7107166
17.923370 0.2249721 -0.1291153 4.2546802 0.0112557 0.7043023 0.0024010 0.7098069
18.131620 0.3089589 -0.1311903 4.2561083 0.0141548 0.7049537 -0.0016315 0.7091102
18.339870 0.3942827 -0.1340315 4.2569294 0.0128086 0.7058483 -0.0026499 0.7082422
18.548250 0.4804799 -0.1369653 4.2579384 0.0079608 0.7063844 -0.0008873 0.7077831
18.756500 0.5658526 -0.1395365 4.2589855 0.0032254 0.7064891 -0.0006109 0.7077163
18.964900 0.6509631 -0.1420854 4.2591906 0.0116560 0.7056378 -0.0050388 0.7084589
19.173270 0.7361152 -0.1452563 4.2601581 0.0125054 0.7051311 -0.0036700 0.7089572
19.381800 0.8206857 -0.1480046 4.2608385 0.0101768 0.7046283 0.0013124 0.7095024
19.590340 0.9037308 -0.1505609 4.2623668 0.0092434 0.7051156 -0.0008984 0.7090316
19.798650 0.9858434 -0.1535283 4.2629666 0.0082176 0.7065387 -0.0017462 0.7076246
20.007130 1.0671234 -0.1561282 4.2635670 0.0076816 0.7080251 -0.0031026 0.7061387
20.215660 1.1469512 -0.1586097 4.2633128 0.0065833 0.7094301 -0.0029623 0.7047389
20.424610 1.2262573 -0.1609825 4.2633486 0.0069582 0.7109114 -0.0034948 0.7032385
20.633120 1.3044639 -0.1635247 4.2630053 0.0072660 0.7118425 -0.0023167 0.7022977
20.841310 1.3815818 -0.1661709 4.2620296 0.0063982 0.7127597 -0.0024099 0.7013750
21.049750 1.4560211 -0.1683673 4.2612343 0.0047705 0.7134585 -0.0027254 0.7006760
21.258280 1.5275401 -0.1709072 4.2603264 0.0055668 0.7137427 -0.0034099 0.7003776
21.466850 1.5981272 -0.1730386 4.2596126 0.0066566 0.7138911 -0.0058465 0.7002007
21.675510 1.6679742 -0.1754744 4.2586455 0.0075990 0.7139290 -0.0053380 0.7001566
21.779630 1.7025875 -0.1769803 4.2581325 0.0073358 0.7140295 -0.0050077 0.7000593
21.988560 1.7713236 -0.1796197 4.2578812 0.0053010 0.7142281 -0.0074223 0.6998536
22.196780 1.8393699 -0.1819588 4.2567515 0.0051317 0.7145954 -0.0061623 0.6994920
22.405410 1.9064960 -0.1843574 4.2555642 0.0025391 0.7175925 -0.0082502 0.6964097
22.614140 1.9728268 -0.1864988 4.2525468 0.0068768 0.7219093 -0.0085426 0.6919008
22.822680 2.0403948 -0.1894310 4.2493858 0.0052648 0.7265490 -0.0105447 0.6870135
23.031260 2.1091447 -0.1918316 4.2452774 0.0042188 0.7299441 -0.0114630 0.6833978
23.239660 2.1789930 -0.1938144 4.2405529 0.0026177 0.7321652 -0.0108102 0.6810363
23.448150 2.2508597 -0.1963415 4.2354259 0.0010052 0.7333341 -0.0080001 0.6798207
23.656510 2.3233860 -0.1983395 4.2301536 0.0024082 0.7339436 -0.0089669 0.6791469
23.865000 2.3975272 -0.2009186 4.2236176 0.0098196 0.7341633 -0.0072518 0.6788632
24.073430 2.4730706 -0.2035035 4.2179608 0.0090588 0.7345622 -0.0072888 0.6784418
24.281890 2.5478916 -0.2064005 4.2119861 0.0075605 0.7345477 -0.0037115 0.6785048
24.490410 2.6231306 -0.2090554 4.2064910 0.0072529 0.7355078 -0.0044082 0.6774631
24.698880 2.6977537 -0.2115072 4.2003803 0.0078685 0.7369968 -0.0045685 0.6758351
24.907380 2.7724271 -0.2138411 4.1938019 0.0079255 0.7382535 -0.0044184 0.6744623
25.115970 2.8472509 -0.2166685 4.1876230 0.0077520 0.7392516 -0.0059033 0.6733589
25.428740 2.9602375 -0.2199760 4.1775250 0.0072995 0.7403083 -0.0058651 0.6722023
25.637140 3.0362794 -0.2223195 4.1710052 0.0038092 0.7413498 -0.0064122 0.6710774
25.950030 3.1533613 -0.2260631 4.1590691 0.0049729 0.7433600 -0.0059943 0.6688461
26.262800 3.2715569 -0.2301117 4.1463394 0.0102635 0.7442687 -0.0086108 0.6677459
26.471270 3.3520305 -0.2331030 4.1375141 0.0123557 0.7439777 -0.0065375 0.6680583
26.679760 3.4336941 -0.2362320 4.1289968 0.0111714 0.7436095 -0.0052873 0.6684999
26.888310 3.5166287 -0.2391738 4.1208644 0.0089750 0.7425256 -0.0034497 0.6697487
27.096690 3.6002691 -0.2417215 4.1130834 0.0075892 0.7413889 -0.0025398 0.6710279
27.305190 3.6835153 -0.2447012 4.1054897 0.0118585 0.7402706 -0.0055774 0.6721814
27.513640 3.7667565 -0.2476068 4.0982332 0.0109271 0.7392410 -0.0074678 0.6733109
27.722410 3.8492370 -0.2513383 4.0907416 0.0099564 0.7386062 -0.0052223 0.6740434
27.930640 3.9328847 -0.2546034 4.0837231 0.0092547 0.7382548 -0.0056737 0.6744345
28.139150 4.0168543 -0.2576837 4.0762038 0.0101008 0.7376385 -0.0028631 0.6751143
28.347630 4.0990381 -0.2605492 4.0689807 0.0121911 0.7370989 -0.0032209 0.6756672
28.660380 4.2220001 -0.2651595 4.0599575 0.0063418 0.7367675 -0.0062466 0.6760876
28.973270 4.3425741 -0.2695804 4.0508089 0.0066100 0.7378623 -0.0118711 0.6748145
29.181800 4.4220891 -0.2731470 4.0440588 0.0072228 0.7381609 -0.0109787 0.6744967
29.390270 4.5005865 -0.2766502 4.0371742 0.0095518 0.7384795 -0.0113416 0.6741129
29.598790 4.5782752 -0.2802430 4.0309482 0.0093592 0.7392329 -0.0128415 0.6732624
29.807270 4.6545811 -0.2842356 4.0240545 0.0086411 0.7410133 -0.0134990 0.6712990
30.015910 4.7300882 -0.2878025 4.0169048 0.0095124 0.7431933 -0.0158301 0.6688218
30.224420 4.8042960 -0.2916890 4.0091453 0.0095618 0.7452917 -0.0148155 0.6665053
30.432920 4.8775225 -0.2958970 4.0010881 0.0102936 0.7466631 -0.0178482 0.6648833
30.641400 4.9502697 -0.3002744 3.9927483 0.0142835 0.7480101 -0.0207837 0.6632081
30.850030 5.0231910 -0.3046643 3.9840205 0.0111604 0.7502010 -0.0171749 0.6608925
31.058390 5.0953469 -0.3089809 3.9755020 0.0110350 0.7516094 -0.0179742 0.6592711
31.266890 5.1664681 -0.3132743 3.9665537 0.0119340 0.7532531 -0.0214303 0.6572732
31.475390 5.2369585 -0.3177378 3.9574814 0.0163840 0.7546890 -0.0233505 0.6554623
31.683900 5.3064055 -0.3228033 3.9474740 0.0161165 0.7563018 -0.0232167 0.6536122
31.892590 5.3755264 -0.3275646 3.9368734 0.0166973 0.7595640 -0.0188161 0.6499459
32.101220 5.4438376 -0.3324041 3.9261365 0.0156081 0.7645142 -0.0191322 0.6441338
32.309930 5.5109091 -0.3367625 3.9139223 0.0159177 0.7719353 -0.0201086 0.6351835
32.518590 5.5770712 -0.3414628 3.8994281 0.0172251 0.7797361 -0.0190612 0.6255810
32.727140 5.6427345 -0.3456776 3.8832178 0.0195465 0.7866257 -0.0164181 0.6169023
32.935760 5.7073312 -0.3503693 3.8659716 0.0227870 0.7919627 -0.0121554 0.6100231
33.144180 5.7707200 -0.3545182 3.8487191 0.0234576 0.7956336 -0.0095200 0.6052490
33.352510 5.8330574 -0.3587187 3.8304448 0.0258162 0.7966318 -0.0021652 0.6039095
33.560850 5.8949327 -0.3621348 3.8134861 0.0283978 0.7970567 -0.0021511 0.6032326
33.769250 5.9548798 -0.3655158 3.7974296 0.0298401 0.7966741 -0.0027469 0.6036658
33.977780 6.0141306 -0.3693824 3.7813578 0.0293916 0.7958713 0.0006736 0.6047516
34.185940 6.0727234 -0.3725546 3.7651329 0.0309580 0.7945203 0.0002133 0.6064479
34.394020 6.1304221 -0.3759862 3.7501707 0.0320839 0.7916282 0.0014253 0.6101584
34.498170 6.1594405 -0.3776225 3.7425900 0.0320312 0.7897452 0.0026188 0.6125926
34.706380 6.2156196 -0.3807214 3.7290282 0.0314524 0.7870571 0.0039769 0.6160650
34.914790 6.2713442 -0.3835390 3.7156372 0.0320857 0.7845954 0.0069747 0.6191381
35.123490 6.3256540 -0.3860512 3.7027543 0.0315043 0.7822307 0.0085463 0.6221331
35.436220 6.4039626 -0.3900068 3.6855869 0.0339949 0.7776942 0.0052579 0.6277009
35.852390 6.5081367 -0.3951924 3.6673205 0.0321958 0.7654577 0.0049103 0.6426615
36.060640 6.5588918 -0.3981448 3.6607523 0.0314185 0.7560670 0.0050400 0.6537202
36.476890 6.6590633 -0.4035984 3.6547513 0.0281387 0.7279930 0.0008085 0.6850064
36.685150 6.7079868 -0.4061834 3.6551549 0.0252110 0.7139284 -0.0046019 0.6997496
36.893640 6.7570767 -0.4089888 3.6571043 0.0191971 0.7052606 -0.0094387 0.7086253
37.102920 6.8055162 -0.4117214 3.6587033 0.0122447 0.7067499 -0.0125765 0.7072457
37.207180 6.8295884 -0.4128297 3.6585591 0.0104349 0.7111565 -0.0122893 0.7028488
37.416200 6.8766737 -0.4150691 3.6564982 0.0105005 0.7202182 -0.0100911 0.6935948
37.520670 6.8999763 -0.4162195 3.6550124 0.0108643 0.7243466 -0.0093452 0.6892870
37.625170 6.9227066 -0.4173787 3.6534362 0.0094202 0.7291242 -0.0103474 0.6842383
37.729650 6.9455714 -0.4183258 3.6517005 0.0075710 0.7347504 -0.0112953 0.6782013
37.834140 6.9684958 -0.4193942 3.6495116 0.0076219 0.7406555 -0.0108128 0.6717547
37.938540 6.9905419 -0.4203927 3.6464798 0.0078278 0.7458441 -0.0099777 0.6659998
38.043370 7.0128245 -0.4213104 3.6432669 0.0080423 0.7505903 -0.0086931 0.6606617
38.147940 7.0350847 -0.4223717 3.6401224 0.0069580 0.7554165 -0.0085287 0.6551526
38.251530 7.0562668 -0.4231393 3.6363435 0.0066597 0.7597918 -0.0084152 0.6500779
38.355860 7.0781770 -0.4241242 3.6327274 0.0061351 0.7639596 -0.0083414 0.6451810
38.460120 7.0993738 -0.4250122 3.6283894 0.0079597 0.7674284 -0.0071685 0.6410452
38.564400 7.1201639 -0.4258176 3.6238146 0.0108839 0.7706217 -0.0061888 0.6371698
38.772660 7.1614699 -0.4276841 3.6152449 0.0112088 0.7745298 -0.0060534 0.6324092
38.981070 7.2020435 -0.4292546 3.6068101 0.0103917 0.7762289 -0.0051946 0.6303442
39.189420 7.2425022 -0.4311719 3.5982046 0.0114029 0.7767158 -0.0038103 0.6297364
39.397920 7.2822723 -0.4326537 3.5898793 0.0121319 0.7785757 -0.0056400 0.6274081
39.606400 7.3233590 -0.4341218 3.5806656 0.0116995 0.7815816 -0.0065181 0.6236593
39.815010 7.3657832 -0.4358658 3.5705454 0.0122470 0.7851077 -0.0054083 0.6192146
40.023700 7.4096975 -0.4374879 3.5597024 0.0134767 0.7887846 -0.0056351 0.6144961
40.232310 7.4543071 -0.4392411 3.5478249 0.0147225 0.7921712 -0.0064067 0.6100877
40.440800 7.4999185 -0.4410089 3.5348992 0.0177324 0.7953073 -0.0039238 0.6059344
40.649320 7.5464835 -0.4427714 3.5220685 0.0162645 0.7978376 -0.0032352 0.6026443
40.857780 7.5938921 -0.4447527 3.5082486 0.0157024 0.7995521 0.0008559 0.6003908
41.066270 7.6413245 -0.4465846 3.4946012 0.0149718 0.8006693 0.0024197 0.5989146
41.274690 7.6884322 -0.4480996 3.4813182 0.0164004 0.8005379 0.0016287 0.5990554
41.482890 7.7351151 -0.4494546 3.4679923 0.0169392 0.7995397 0.0016011 0.6003722
41.691270 7.7811975 -0.4512061 3.4552422 0.0174519 0.7979677 0.0018260 0.6024446
41.899560 7.8267050 -0.4530487 3.4431410 0.0194693 0.7960733 0.0009644 0.6048862
42.212070 7.8909078 -0.4552872 3.4261546 0.0192437 0.7923597 0.0009867 0.6097498
42.524580 7.9496155 -0.4578587 3.4119163 0.0171244 0.7868642 0.0063648 0.6168557
42.836790 8.0022173 -0.4596993 3.4011259 0.0160678 0.7760307 0.0063028 0.6304589
43.148930 8.0516930 -0.4615690 3.3940668 0.0191311 0.7571599 0.0026688 0.6529438
43.357740 8.0848789 -0.4627797 3.3924599 0.0173956 0.7390984 0.0018521 0.6733702
43.565080 8.1171408 -0.4635550 3.3933625 0.0133173 0.7176150 -0.0009030 0.6963121
43.773070 8.1484947 -0.4647522 3.3964064 0.0076735 0.6956812 -0.0023927 0.7183058
43.981040 8.1797161 -0.4656474 3.4009955 0.0044567 0.6726089 -0.0010147 0.7399840
44.189150 8.2100945 -0.4666514 3.4073243 0.0030460 0.6471878 -0.0006508 0.7623242
44.397150 8.2404623 -0.4673356 3.4162025 0.0041234 0.6183570 -0.0025135 0.7858825
44.605140 8.2710495 -0.4681327 3.4278817 0.0055813 0.5852740 -0.0032925 0.8108097
44.813580 8.3004875 -0.4691345 3.4435360 0.0048151 0.5479012 -0.0097942 0.8364719
45.021230 8.3307829 -0.4704981 3.4622126 0.0075182 0.5068004 -0.0106025 0.8619654
45.437440 8.3911953 -0.4728888 3.5133586 0.0086031 0.4197567 -0.0102741 0.9075378
45.958150 8.4629698 -0.4761456 3.6049263 0.0067678 0.3101219 -0.0101127 0.9506189
46.062500 8.4768810 -0.4768590 3.6272840 0.0063329 0.2904950 -0.0100994 0.9568022
46.271110 8.5038300 -0.4783100 3.6757185 0.0046079 0.2556286 -0.0104858 0.9667072
46.479940 8.5297642 -0.4793747 3.7290657 0.0013864 0.2278965 -0.0101612 0.9736314
46.688930 8.5556240 -0.4804025 3.7872579 -0.0005893 0.2073978 -0.0077558 0.9782258
46.897820 8.5809879 -0.4812602 3.8490458 -0.0001566 0.1894422 -0.0034376 0.9818859
47.106530 8.6048250 -0.4821793 3.9150615 0.0003783 0.1719317 -0.0017868 0.9851072
47.210900 8.6159601 -0.4825351 3.9493656 0.0004453 0.1635960 -0.0018946 0.9865255
47.419800 8.6377316 -0.4833138 4.0208998 -0.0006451 0.1519843 -0.0038301 0.9883753
47.628840 8.6600246 -0.4840852 4.0949192 -0.0020362 0.1491221 -0.0065424 0.9887950
47.837650 8.6832418 -0.4847865 4.1707640 -0.0016497 0.1487685 -0.0046455 0.9888598
47.942180 8.6949282 -0.4854395 4.2091103 -0.0005892 0.1488805 -0.0031914 0.9888499
48.150840 8.7192421 -0.4865454 4.2885218 -0.0002462 0.1491120 -0.0029253 0.9888160
48.359390 8.7445116 -0.4876797 4.3706026 -0.0023905 0.1499265 -0.0021070 0.9886920
48.567920 8.7701683 -0.4886557 4.4538116 -0.0028350 0.1506773 -0.0009464 0.9885785
48.776450 8.7959909 -0.4897093 4.5367622 -0.0028666 0.1509285 0.0007065 0.9885403
48.985000 8.8221645 -0.4907518 4.6208410 -0.0049340 0.1511899 0.0024072 0.9884895
49.193280 8.8486423 -0.4914074 4.7048855 -0.0041087 0.1508717 0.0041108 0.9885362
49.407810 8.8745508 -0.4922075 4.7883177 -0.0024698 0.1504633 0.0046396 0.9886016
49.610180 8.8997688 -0.4931667 4.8709793 -0.0022968 0.1493248 0.0048146 0.9887738
49.818560 8.9243431 -0.4944322 4.9541330 -0.0031482 0.1483293 0.0044154 0.9889231
50.026950 8.9495220 -0.4955384 5.0378256 -0.0030986 0.1468157 0.0041155 0.9891505
50.235330 8.9745865 -0.4964871 5.1218114 -0.0036271 0.1453540 0.0046735 0.9893621
50.443670 8.9991436 -0.4973878 5.2044611 -0.0045333 0.1435668 0.0053010 0.9896160
50.652030 9.0232239 -0.4979264 5.2868037 -0.0042693 0.1416920 0.0066697 0.9898791
50.860320 9.0467434 -0.4985361 5.3679929 -0.0036305 0.1397645 0.0066480 0.9901558
51.068710 9.0688000 -0.4994026 5.4470658 -0.0062980 0.1374083 0.0073842 0.9904670
51.277040 9.0895405 -0.5002305 5.5239887 -0.0067058 0.1352654 0.0080043 0.9907544
51.485450 9.1093779 -0.5006354 5.5979824 -0.0026033 0.1327946 0.0063390 0.9911199
51.693900 9.1277142 -0.5017667 5.6687336 -0.0029877 0.1302843 0.0057072 0.9914557
52.006530 9.1528645 -0.5032895 5.7689414 -0.0072366 0.1240973 0.0062157 0.9922242
52.215240 9.1672955 -0.5039955 5.8296909 -0.0065656 0.1202845 0.0051912 0.9927042
52.423590 9.1804953 -0.5045998 5.8857875 -0.0045755 0.1179693 0.0035051 0.9930005
52.736490 9.1980343 -0.5060310 5.9618688 -0.0022219 0.1162539 0.0023593 0.9932142
52.944900 9.2084255 -0.5065022 6.0079975 -0.0013988 0.1157207 0.0017715 0.9932792
53.154550 9.2181997 -0.5074169 6.0515523 -0.0020199 0.1133956 0.0018736 0.9935461
53.361840 9.2275248 -0.5081361 6.0946608 -0.0014248 0.1077376 0.0037248 0.9941714
53.570100 9.2352343 -0.5089025 6.1367588 -0.0011864 0.0953226 0.0055136 0.9954305
53.777930 9.2401352 -0.5095975 6.1778030 -0.0002695 0.0749698 0.0047173 0.9971746
54.089790 9.2422333 -0.5105588 6.2374487 -0.0024251 0.0299870 0.0037902 0.9995402
54.297670 9.2395039 -0.5111411 6.2758784 -0.0044455 -0.0076501 0.0016039 0.9999596
54.505550 9.2328415 -0.5117105 6.3132734 -0.0057653 -0.0506134 -0.0032456 0.9986964
54.713450 9.2229443 -0.5116051 6.3493137 -0.0079558 -0.0976072 -0.0071147 0.9951678
54.921310 9.2092590 -0.5121852 6.3836775 -0.0122335 -0.1484869 -0.0086377 0.9888010
55.129370 9.1926517 -0.5120674 6.4160757 -0.0164783 -0.2024539 -0.0095959 0.9791061
55.337310 9.1720581 -0.5113449 6.4456596 -0.0177224 -0.2581854 -0.0119952 0.9658583
55.545500 9.1479921 -0.5103372 6.4722562 -0.0179920 -0.3136543 -0.0142284 0.9492602
55.649410 9.1350946 -0.5099028 6.4847593 -0.0194358 -0.3418127 -0.0133032 0.9394729
55.753570 9.1216249 -0.5090621 6.4965997 -0.0211476 -0.3697205 -0.0120018 0.9288248
55.857760 9.1071491 -0.5086184 6.5074649 -0.0229552 -0.3967163 -0.0114509 0.9175828
55.961860 9.0922422 -0.5080265 6.5173097 -0.0243937 -0.4234837 -0.0112936 0.9055048
56.066000 9.0766945 -0.5073673 6.5261679 -0.0260153 -0.4496531 -0.0110791 0.8927556
56.170220 9.0604553 -0.5067366 6.5341215 -0.0264389 -0.4751072 -0.0122014 0.8794460
56.274310 9.0439320 -0.5060713 6.5406942 -0.0251317 -0.4996137 -0.0140166 0.8657702
56.378550 9.0269051 -0.5054679 6.5464830 -0.0232958 -0.5238651 -0.0159335 0.8513335
56.482840 9.0095758 -0.5047791 6.5516033 -0.0220637 -0.5470530 -0.0162372 0.8366495
56.587120 8.9918251 -0.5039858 6.5561085 -0.0210663 -0.5687536 -0.0162474 0.8220776
56.691300 8.9736977 -0.5033594 6.5597801 -0.0197084 -0.5886820 -0.0165318 0.8079553
56.795690 8.9552326 -0.5027300 6.5627451 -0.0180540 -0.6064681 -0.0174352 0.7947115
56.900200 8.9366646 -0.5020302 6.5652561 -0.0164364 -0.6222162 -0.0181103 0.7824634
57.004560 8.9177790 -0.5011910 6.5675931 -0.0166027 -0.6356964 -0.0164675 0.7715849
57.109200 8.8984194 -0.5002160 6.5702329 -0.0194256 -0.6473497 -0.0133688 0.7618282
57.213710 8.8782845 -0.4992975 6.5724254 -0.0217514 -0.6567976 -0.0121724 0.7536548
57.422830 8.8352680 -0.4975715 6.5744257 -0.0200765 -0.6725788 -0.0169772 0.7395583
57.631790 8.7887259 -0.4960725 6.5762062 -0.0199559 -0.6830704 -0.0182946 0.7298506
57.736570 8.7646618 -0.4948857 6.5773196 -0.0198841 -0.6890160 -0.0150132 0.7243177
57.945060 8.7132740 -0.4926170 6.5785785 -0.0200314 -0.7016006 -0.0091575 0.7122300
58.153820 8.6569061 -0.4907337 6.5765080 -0.0207591 -0.7124995 -0.0118219 0.7012659
58.362580 8.5961208 -0.4885493 6.5725794 -0.0187605 -0.7214794 -0.0161733 0.6919928
58.571560 8.5311947 -0.4858507 6.5680542 -0.0181628 -0.7257624 -0.0173591 0.6874866
58.780440 8.4624586 -0.4829484 6.5632181 -0.0168564 -0.7278972 -0.0193368 0.6852063
58.989420 8.3901310 -0.4798338 6.5577135 -0.0125938 -0.7276080 -0.0224851 0.6855088
59.198420 8.3135967 -0.4765046 6.5532460 -0.0091182 -0.7226510 -0.0256431 0.6906771
59.407510 8.2337170 -0.4733840 6.5509357 -0.0077229 -0.7160944 -0.0276315 0.6974136
59.616490 8.1510229 -0.4699978 6.5497060 -0.0055945 -0.7092260 -0.0294522 0.7043436
59.824920 8.0642929 -0.4661659 6.5498204 -0.0040426 -0.7017511 -0.0307005 0.7117490
60.033570 7.9749374 -0.4624864 6.5522075 -0.0039861 -0.6940732 -0.0328161 0.7191451
60.242110 7.8834338 -0.4584717 6.5565906 -0.0048965 -0.6873963 -0.0343221 0.7254546
60.450550 7.7921820 -0.4552014 6.5628643 -0.0053709 -0.6815457 -0.0349651 0.7309200
60.763240 7.6552229 -0.4495425 6.5733957 -0.0060875 -0.6769463 -0.0332740 0.7352547
60.971470 7.5637898 -0.4458309 6.5806665 -0.0056489 -0.6760029 -0.0332572 0.7361264
61.284050 7.4257021 -0.4408300 6.5926013 -0.0047142 -0.6748235 -0.0334745 0.7372046
61.492290 7.3335929 -0.4377336 6.6002359 -0.0047743 -0.6745700 -0.0338681 0.7374181
61.700910 7.2415328 -0.4347571 6.6077967 -0.0040336 -0.6748964 -0.0346267 0.7370886
61.909070 7.1494517 -0.4317341 6.6153917 -0.0030812 -0.6755965 -0.0331676 0.7365187
62.117440 7.0579586 -0.4287067 6.6220193 -0.0044415 -0.6758020 -0.0354304 0.7362178
62.221590 7.0119891 -0.4266492 6.6255846 -0.0054594 -0.6760370 -0.0358469 0.7359750
62.429920 6.9209399 -0.4231507 6.6325531 -0.0042762 -0.6761891 -0.0359767 0.7358367
62.534220 6.8756433 -0.4212432 6.6360950 -0.0039664 -0.6761575 -0.0360444 0.7358642
62.638450 6.8307414 -0.4193798 6.6399288 -0.0040159 -0.6758950 -0.0360096 0.7361067
62.849550 6.7420654 -0.4161632 6.6471529 -0.0043418 -0.6745375 -0.0367559 0.7373122
63.055520 6.6540804 -0.4129920 6.6543975 -0.0039614 -0.6734604 -0.0363396 0.7383189
63.263940 6.5666413 -0.4094906 6.6618805 -0.0033267 -0.6729540 -0.0355843 0.7388204
63.472300 6.4801078 -0.4064628 6.6691561 -0.0031595 -0.6723621 -0.0360287 0.7393383
63.680820 6.3936605 -0.4032356 6.6773825 -0.0038199 -0.6718050 -0.0362489 0.7398307
63.889570 6.3078275 -0.4003799 6.6856155 -0.0041985 -0.6716598 -0.0360660 0.7399694
64.097830 6.2220025 -0.3971604 6.6933341 -0.0029962 -0.6713292 -0.0341865 0.7403644
64.306310 6.1364522 -0.3945258 6.7012916 -0.0022163 -0.6708432 -0.0342670 0.7408038
64.515140 6.0503407 -0.3916097 6.7097888 -0.0030443 -0.6701046 -0.0341096 0.7414763
64.723370 5.9635100 -0.3886375 6.7185488 -0.0034003 -0.6693787 -0.0339863 0.7421358
64.931710 5.8766794 -0.3852326 6.7276111 -0.0070212 -0.6684335 -0.0328336 0.7430137
65.140170 5.7889719 -0.3820685 6.7365561 -0.0051032 -0.6679366 -0.0325396 0.7434890
65.349010 5.7003407 -0.3790529 6.7456293 -0.0035073 -0.6676552 -0.0309056 0.7438206
65.557260 5.6116858 -0.3763988 6.7547402 -0.0037260 -0.6688233 -0.0316471 0.7427382
65.870560 5.4762268 -0.3719140 6.7670312 -0.0050760 -0.6730131 -0.0307970 0.7389717
66.078070 5.3848524 -0.3687560 6.7739043 -0.0052126 -0.6767065 -0.0316640 0.7355532
66.286540 5.2928796 -0.3653851 6.7800384 -0.0046666 -0.6803229 -0.0329948 0.7321545
66.495070 5.2004504 -0.3623729 6.7858396 -0.0021944 -0.6820725 -0.0314828 0.7306033
66.703570 5.1070418 -0.3593733 6.7915649 -0.0016630 -0.6827134 -0.0295375 0.7300872
66.911930 5.0129614 -0.3566083 6.7973490 -0.0047700 -0.6831575 -0.0285523 0.7296971
67.120480 4.9194970 -0.3534839 6.8031244 -0.0077754 -0.6837130 -0.0302105 0.7290839
67.328970 4.8272405 -0.3502411 6.8082609 -0.0078892 -0.6840898 -0.0319165 0.7286564
67.537490 4.7338448 -0.3465554 6.8137264 -0.0074821 -0.6844096 -0.0323005 0.7283434
67.745940 4.6420979 -0.3429901 6.8184252 -0.0059561 -0.6846997 -0.0320022 0.7280980
67.954300 4.5494604 -0.3399907 6.8232827 -0.0045539 -0.6850575 -0.0323317 0.7277570
68.162850 4.4574857 -0.3370728 6.8280144 -0.0043437 -0.6852474 -0.0319048 0.7275982
68.371230 4.3653936 -0.3339176 6.8331761 -0.0042168 -0.6852242 -0.0317276 0.7276286
68.579550 4.2743292 -0.3310021 6.8383384 -0.0040966 -0.6849294 -0.0318681 0.7279007
68.892240 4.1370430 -0.3264910 6.8458548 -0.0041458 -0.6847607 -0.0326052 0.7280264
69.100450 4.0451212 -0.3234417 6.8509016 -0.0038148 -0.6847067 -0.0327973 0.7280703
69.308840 3.9539983 -0.3203785 6.8558073 -0.0055455 -0.6846897 -0.0340679 0.7280169
69.517240 3.8630109 -0.3170560 6.8609223 -0.0045954 -0.6850522 -0.0340049 0.7276854
69.725600 3.7721665 -0.3138925 6.8657899 -0.0044128 -0.6853847 -0.0354587 0.7273039
69.933920 3.6819870 -0.3105010 6.8702536 -0.0013643 -0.6857268 -0.0358637 0.7269736
70.142350 3.5926297 -0.3075487 6.8744979 0.0034757 -0.6846269 -0.0362285 0.7279845
70.350780 3.5027750 -0.3047880 6.8799863 0.0016564 -0.6829570 -0.0375272 0.7294921
70.559170 3.4131913 -0.3018817 6.8860931 -0.0003896 -0.6814510 -0.0379818 0.7308774
70.767540 3.3232834 -0.2987435 6.8927279 -0.0016130 -0.6798412 -0.0379967 0.7323726
70.976260 3.2337964 -0.2956116 6.8988461 -0.0008137 -0.6781753 -0.0387471 0.7338775
71.288550 3.0996513 -0.2913843 6.9091372 0.0024642 -0.6768091 -0.0356463 0.7352909
71.601510 2.9642410 -0.2872732 6.9196301 -0.0002126 -0.6762956 -0.0355955 0.7357697
71.913580 2.8284109 -0.2829951 6.9304142 -0.0017358 -0.6771231 -0.0344025 0.7350631
72.121920 2.7373548 -0.2796924 6.9376597 -0.0048842 -0.6776847 -0.0371629 0.7343967
72.330290 2.6470122 -0.2764437 6.9442263 -0.0036224 -0.6773069 -0.0357239 0.7348238
72.538690 2.5567520 -0.2733305 6.9514565 -0.0008777 -0.6770054 -0.0310338 0.7353230
72.747080 2.4653144 -0.2704504 6.9584713 -0.0041165 -0.6767883 -0.0328234 0.7354341
73.059560 2.3286867 -0.2654616 6.9685497 -0.0050205 -0.6781101 -0.0330918 0.7341979
73.267990 2.2377226 -0.2622294 6.9754014 -0.0067561 -0.6803473 -0.0323438 0.7321446
73.580420 2.1010935 -0.2572663 6.9834785 -0.0071101 -0.6835564 -0.0305445 0.7292236
73.788870 2.0094342 -0.2541636 6.9884763 -0.0064978 -0.6852037 -0.0307726 0.7276721
73.997240 1.9170485 -0.2508600 6.9933367 -0.0068762 -0.6866745 -0.0313292 0.7262570
74.309810 1.7794886 -0.2458975 7.0002041 -0.0061129 -0.6875520 -0.0329726 0.7253604
74.518190 1.6877134 -0.2425521 7.0042329 -0.0054481 -0.6877732 -0.0322275 0.7251895
74.726710 1.5962545 -0.2391818 7.0084791 -0.0065141 -0.6884406 -0.0318935 0.7245618
74.935080 1.5052770 -0.2362854 7.0127006 -0.0072172 -0.6894369 -0.0323110 0.7235887
75.143430 1.4152694 -0.2329916 7.0165458 -0.0071774 -0.6905867 -0.0310757 0.7225460
75.351710 1.3260301 -0.2296434 7.0201640 -0.0073236 -0.6918609 -0.0300482 0.7213682
75.560080 1.2375907 -0.2269415 7.0229383 -0.0056640 -0.6936260 -0.0263417 0.7198312
75.768340 1.1489729 -0.2243658 7.0254784 -0.0052740 -0.6952052 -0.0252965 0.7183467
75.976580 1.0614192 -0.2220541 7.0275941 -0.0083139 -0.6967015 -0.0267371 0.7168146
76.185000 0.9740941 -0.2192503 7.0292754 -0.0078827 -0.6971291 -0.0276046 0.7163706
76.393300 0.8879367 -0.2165829 7.0310936 -0.0076034 -0.6969773 -0.0288748 0.7164713
76.601900 0.8019447 -0.2136133 7.0321856 -0.0079151 -0.6966096 -0.0310911 0.7167327
76.810120 0.7170684 -0.2105800 7.0340815 -0.0071920 -0.6969292 -0.0306301 0.7164494
76.914470 0.6754432 -0.2090880 7.0346842 -0.0070895 -0.6973893 -0.0310183 0.7159859
77.122590 0.5928090 -0.2060191 7.0359597 -0.0070149 -0.6986118 -0.0322546 0.7147391
77.330800 0.5122861 -0.2034896 7.0366402 -0.0066518 -0.6998643 -0.0331225 0.7134765
77.539210 0.4320406 -0.2005188 7.0373707 -0.0060542 -0.7016189 -0.0327484 0.7117737
77.747630 0.3535344 -0.1979883 7.0377569 -0.0059612 -0.7028595 -0.0326945 0.7105519
77.955810 0.2767434 -0.1951444 7.0379004 -0.0059495 -0.7039383 -0.0327278 0.7094817
78.164320 0.2026021 -0.1925360 7.0378709 -0.0058962 -0.7047966 -0.0340710 0.7085662
78.372790 0.1304433 -0.1901220 7.0375762 -0.0048335 -0.7040625 -0.0348531 0.7092658
78.477150 0.0961916 -0.1890077 7.0380092 -0.0038665 -0.7032821 -0.0350968 0.7100335
78.581420 0.0619726 -0.1878347 7.0384455 -0.0034720 -0.7022838 -0.0346196 0.7110463
78.685710 0.0283085 -0.1866524 7.0386357 -0.0028594 -0.7013546 -0.0345971 0.7119668
78.789980 -0.0051316 -0.1855319 7.0393596 -0.0029833 -0.7003912 -0.0341189 0.7129370
78.894170 -0.0381692 -0.1842758 7.0398116 -0.0027534 -0.6993795 -0.0337605 0.7139475
78.998610 -0.0706005 -0.1835105 7.0405464 -0.0029908 -0.6984913 -0.0332576 0.7148391
79.207090 -0.1346476 -0.1816337 7.0419927 -0.0028572 -0.6967548 -0.0327764 0.7165545
79.415550 -0.1977352 -0.1795730 7.0438638 -0.0044426 -0.6955140 -0.0328282 0.7177485
79.624080 -0.2596957 -0.1776013 7.0461159 -0.0048323 -0.6947871 -0.0322391 0.7184762
79.832620 -0.3201767 -0.1756062 7.0479212 -0.0048359 -0.6938206 -0.0320235 0.7194192
80.041060 -0.3786657 -0.1733170 7.0500498 -0.0057285 -0.6926535 -0.0325375 0.7205134
80.249580 -0.4345561 -0.1716992 7.0521879 -0.0066919 -0.6908041 -0.0325547 0.7222777
80.458240 -0.4876576 -0.1698673 7.0546670 -0.0067463 -0.6886570 -0.0326359 0.7243210
80.666690 -0.5375919 -0.1682841 7.0575957 -0.0082505 -0.6860693 -0.0315819 0.7268036
80.875410 -0.5849047 -0.1667571 7.0606322 -0.0088697 -0.6827907 -0.0326168 0.7298318
81.083960 -0.6295736 -0.1651278 7.0643711 -0.0093640 -0.6782176 -0.0317735 0.7341142
81.501230 -0.7125317 -0.1628620 7.0735126 -0.0075402 -0.6633360 -0.0287286 0.7477320
81.918580 -0.7857038 -0.1607751 7.0867662 -0.0077597 -0.6423241 -0.0249658 0.7659871
82.544740 -0.8776013 -0.1593271 7.1137543 -0.0082925 -0.5932941 -0.0173116 0.8047569
82.962170 -0.9312367 -0.1581921 7.1383905 -0.0123482 -0.5463449 -0.0188371 0.8372574
83.484740 -0.9901152 -0.1576694 7.1786137 -0.0093578 -0.4698579 -0.0142702 0.8825771
83.901950 -1.0339394 -0.1562183 7.2213163 -0.0004031 -0.3951947 -0.0102381 0.9185402
84.110770 -1.0539060 -0.1563009 7.2475910 -0.0028728 -0.3545352 -0.0076682 0.9350068
84.319310 -1.0734408 -0.1563539 7.2773428 -0.0027293 -0.3123764 -0.0077979 0.9499224
84.527960 -1.0910654 -0.1568216 7.3104467 -0.0018756 -0.2698849 -0.0069593 0.9628657
84.737260 -1.1077130 -0.1572678 7.3468127 0.0022848 -0.2284481 -0.0077646 0.9735224
84.944930 -1.1233212 -0.1573760 7.3885393 0.0035987 -0.1872524 -0.0110936 0.9822426
85.154250 -1.1360655 -0.1581509 7.4341021 0.0030155 -0.1443335 -0.0116355 0.9894561
85.361980 -1.1461226 -0.1590517 7.4845061 0.0046944 -0.1036755 -0.0128651 0.9945169
85.570070 -1.1532005 -0.1597925 7.5390635 0.0075761 -0.0688787 -0.0117654 0.9975269
85.778090 -1.1574044 -0.1613775 7.5973563 0.0079902 -0.0425704 -0.0093654 0.9990176
85.985830 -1.1598150 -0.1630298 7.6590533 0.0082257 -0.0272747 -0.0055042 0.9995790
86.193550 -1.1617278 -0.1645477 7.7241364 0.0076386 -0.0170084 -0.0031617 0.9998212
86.401450 -1.1629381 -0.1663148 7.7923884 0.0067329 -0.0126967 -0.0004769 0.9998966
86.608970 -1.1643934 -0.1677691 7.8632097 0.0068696 -0.0129897 0.0020702 0.9998899
86.816720 -1.1668099 -0.1694486 7.9373507 0.0059689 -0.0156285 0.0015053 0.9998589
87.024550 -1.1698172 -0.1713250 8.0129700 0.0078595 -0.0188327 0.0034763 0.9997857
87.232860 -1.1734440 -0.1735287 8.0898571 0.0092633 -0.0210753 0.0022020 0.9997326
87.440900 -1.1769582 -0.1760277 8.1680527 0.0047785 -0.0224698 0.0019969 0.9997341
87.648940 -1.1811868 -0.1779481 8.2459707 0.0037221 -0.0233629 0.0001911 0.9997201
87.857180 -1.1855584 -0.1797252 8.3243675 0.0058586 -0.0242908 -0.0020420 0.9996857
88.065680 -1.1899016 -0.1817985 8.4037466 0.0045966 -0.0249810 -0.0024704 0.9996743
88.273850 -1.1943617 -0.1839103 8.4835405 0.0035642 -0.0260382 -0.0024738 0.9996516
88.482060 -1.1988261 -0.1857026 8.5629702 0.0023984 -0.0280614 -0.0010421 0.9996028
88.690450 -1.2037861 -0.1873071 8.6420221 0.0005453 -0.0298152 -0.0010025 0.9995548
88.898830 -1.2089739 -0.1887773 8.7199392 0.0000553 -0.0318326 -0.0005382 0.9994931
89.107430 -1.2144351 -0.1898824 8.7980976 0.0001061 -0.0336280 -0.0010064 0.9994339
89.315720 -1.2199632 -0.1916621 8.8742104 0.0025542 -0.0351007 -0.0001642 0.9993805
89.524190 -1.2259455 -0.1932739 8.9491415 0.0024224 -0.0350803 -0.0016874 0.9993802
89.732690 -1.2313058 -0.1949777 9.0222273 0.0000779 -0.0345898 -0.0017342 0.9994001
89.941180 -1.2361617 -0.1963826 9.0923996 0.0010775 -0.0345383 -0.0021624 0.9994004
90.149600 -1.2415645 -0.1978145 9.1589909 0.0025416 -0.0355499 -0.0032171 0.9993595
90.357970 -1.2463485 -0.1992698 9.2224331 0.0007122 -0.0374202 -0.0031205 0.9992945
90.566320 -1.2514791 -0.2006010 9.2816486 0.0001040 -0.0403573 -0.0031306 0.9991804
90.774680 -1.2566282 -0.2017708 9.3368902 0.0010178 -0.0432865 -0.0028442 0.9990581
90.983300 -1.2616674 -0.2026694 9.3879471 0.0014550 -0.0461324 -0.0028849 0.9989301
91.296000 -1.2678810 -0.2050000 9.4579134 0.0011571 -0.0440730 -0.0039514 0.9990198
91.504730 -1.2710488 -0.2058613 9.5007849 0.0016796 -0.0364348 -0.0046658 0.9993237
91.713820 -1.2727052 -0.2068321 9.5431318 0.0023388 -0.0222790 -0.0063249 0.9997290
91.922450 -1.2721530 -0.2078542 9.5848064 0.0026816 -0.0031506 -0.0055490 0.9999760
92.131240 -1.2695998 -0.2092797 9.6250496 0.0067419 0.0211063 -0.0065195 0.9997333
92.340330 -1.2640469 -0.2107704 9.6643810 0.0093236 0.0523105 -0.0066058 0.9985655
92.549480 -1.2551991 -0.2122177 9.7019320 0.0093725 0.0882343 -0.0027321 0.9960519
92.758490 -1.2433510 -0.2135987 9.7371836 0.0094054 0.1269868 0.0043893 0.9918501
92.968320 -1.2290752 -0.2153594 9.7709751 0.0076849 0.1674733 0.0101529 0.9857944
93.176360 -1.2130086 -0.2170400 9.8037176 0.0088239 0.2112974 0.0081775 0.9773478
93.489710 -1.1823688 -0.2185882 9.8484955 0.0166894 0.2789370 0.0074432 0.9601355
93.802820 -1.1440301 -0.2201072 9.8907261 0.0204035 0.3486558 0.0048721 0.9370160
94.011550 -1.1158218 -0.2224602 9.9181118 0.0140492 0.3952963 -0.0059551 0.9184269
94.220100 -1.0824366 -0.2242781 9.9406242 0.0183751 0.4417832 -0.0014771 0.8969324
94.428710 -1.0457141 -0.2253683 9.9610577 0.0214870 0.4886010 -0.0030609 0.8722374
94.639870 -1.0051272 -0.2276299 9.9806108 0.0147039 0.5334236 -0.0107979 0.8456515
94.741610 -0.9830327 -0.2292522 9.9889221 0.0117221 0.5543650 -0.0109366 0.8321192
94.949970 -0.9364951 -0.2316993 10.0018177 0.0140890 0.5906085 -0.0086067 0.8067893
95.054000 -0.9115034 -0.2324390 10.0076132 0.0170594 0.6060384 -0.0073647 0.7952183
95.262120 -0.8592145 -0.2340669 10.0179539 0.0175746 0.6311216 -0.0077872 0.7754456
95.469850 -0.8031861 -0.2368653 10.0262699 0.0131961 0.6517704 -0.0059547 0.7582782
95.677890 -0.7435426 -0.2388232 10.0323534 0.0121456 0.6703643 -0.0079322 0.7418904
95.885910 -0.6806970 -0.2411769 10.0354776 0.0166228 0.6854675 -0.0057368 0.7278908
96.093730 -0.6143630 -0.2433805 10.0374708 0.0136466 0.6978469 -0.0037790 0.7161070
96.301480 -0.5445654 -0.2461771 10.0380068 0.0121808 0.7066483 -0.0024361 0.7074559
96.509210 -0.4728176 -0.2477714 10.0361786 0.0174623 0.7105103 -0.0000420 0.7034701
96.717080 -0.3964566 -0.2504274 10.0358372 0.0149075 0.7127046 0.0010386 0.7013051
96.924880 -0.3179934 -0.2529306 10.0344400 0.0142506 0.7134174 0.0004825 0.7005943
97.132730 -0.2380940 -0.2551761 10.0330734 0.0142213 0.7141908 0.0034220 0.6997982
97.340580 -0.1584054 -0.2575830 10.0318336 0.0136100 0.7124314 0.0054502 0.7015885
97.548460 -0.0783398 -0.2599749 10.0313139 0.0155133 0.7099636 0.0050753 0.7040492
97.756480 0.0019728 -0.2620853 10.0316763 0.0146562 0.7076165 0.0055855 0.7064226
97.964520 0.0818398 -0.2645756 10.0323877 0.0156514 0.7054674 0.0043992 0.7085559
98.173950 0.1631129 -0.2670496 10.0335445 0.0147274 0.7038028 0.0029422 0.7102365
98.380720 0.2452237 -0.2695954 10.0355635 0.0106075 0.7025229 0.0019334 0.7115794
98.588990 0.3277865 -0.2719954 10.0376320 0.0104179 0.7014864 -0.0009601 0.7126060
98.797260 0.4101810 -0.2746141 10.0394783 0.0100423 0.7010725 -0.0012841 0.7130181
99.005460 0.4931081 -0.2774248 10.0411654 0.0091423 0.7013251 -0.0001581 0.7127829
99.213720 0.5755516 -0.2801214 10.0423746 0.0095986 0.7015465 0.0002011 0.7125590
99.422060 0.6578855 -0.2823617 10.0444355 0.0084191 0.7023081 -0.0006808 0.7118230
99.630630 0.7394928 -0.2848545 10.0458622 0.0062166 0.7037609 -0.0024241 0.7104056
99.838860 0.8207663 -0.2873771 10.0469913 0.0039590 0.7052158 -0.0026461 0.7089767
100.047200 0.9009412 -0.2892784 10.0481243 0.0000450 0.7066517 -0.0014424 0.7075601
100.255600 0.9794222 -0.2915277 10.0481510 0.0014683 0.7072656 -0.0014807 0.7069448
100.463900 1.0575739 -0.2933500 10.0485172 0.0046660 0.7072807 -0.0033813 0.7069093
100.672200 1.1352856 -0.2955438 10.0485334 0.0052336 0.7072869 -0.0033152 0.7068995
100.880700 1.2127359 -0.2974435 10.0491543 0.0036169 0.7083090 -0.0044372 0.7058793
101.089600 1.2897457 -0.2996620 10.0495234 0.0015480 0.7095977 -0.0028883 0.7045994
101.297200 1.3646333 -0.3019686 10.0490007 0.0013000 0.7104412 -0.0041186 0.7037433
101.505600 1.4399875 -0.3040461 10.0486488 0.0028210 0.7103365 -0.0040162 0.7038451
101.714000 1.5143379 -0.3058378 10.0487461 0.0011348 0.7098889 -0.0031892 0.7043055
101.922300 1.5883992 -0.3077252 10.0486755 -0.0014309 0.7093462 -0.0034837 0.7048501
102.130600 1.6615756 -0.3094440 10.0488319 0.0003793 0.7093199 -0.0036895 0.7048770
102.339000 1.7337741 -0.3107648 10.0489998 0.0006691 0.7097143 -0.0057576 0.7044658
102.547400 1.8061476 -0.3130720 10.0482426 0.0013136 0.7095101 -0.0033830 0.7046859
102.755600 1.8768849 -0.3154268 10.0484085 0.0078511 0.7093458 -0.0105611 0.7047378
102.964100 1.9471828 -0.3179235 10.0478144 0.0110308 0.7087350 -0.0086469 0.7053356
103.172400 2.0171728 -0.3208786 10.0484352 0.0060643 0.7074476 -0.0057365 0.7067165
103.380700 2.0862489 -0.3233010 10.0488558 0.0056338 0.7061191 -0.0044447 0.7080567
103.589200 2.1546524 -0.3253734 10.0502634 0.0016256 0.7059266 -0.0078115 0.7082400
103.797500 2.2222359 -0.3278309 10.0511589 0.0012258 0.7067326 -0.0096474 0.7074139
104.006000 2.2893376 -0.3301196 10.0516090 -0.0001308 0.7078351 -0.0101981 0.7063041
104.214400 2.3555684 -0.3321796 10.0513515 0.0005309 0.7086850 -0.0081330 0.7054780
104.422700 2.4200788 -0.3340199 10.0514431 -0.0003830 0.7086309 -0.0080708 0.7055331
104.630800 2.4836373 -0.3361360 10.0519199 -0.0000965 0.7079233 -0.0099845 0.7062188
104.839200 2.5466712 -0.3382019 10.0523643 0.0014242 0.7075338 -0.0117789 0.7065799
105.047500 2.6086147 -0.3402934 10.0529041 0.0014033 0.7074076 -0.0114310 0.7067120
105.256000 2.6706345 -0.3425038 10.0535059 -0.0005393 0.7073432 -0.0113093 0.7067796
105.464400 2.7318380 -0.3447236 10.0529709 0.0008843 0.7083263 -0.0090976 0.7058259
105.672800 2.7923772 -0.3466598 10.0531836 -0.0007626 0.7104716 -0.0100659 0.7036535
105.881400 2.8524911 -0.3485822 10.0522642 0.0009659 0.7123367 -0.0092654 0.7017760
106.089900 2.9127934 -0.3506211 10.0508413 0.0031560 0.7164876 -0.0118179 0.6974926
106.298500 2.9756932 -0.3526372 10.0490370 0.0022148 0.7204060 -0.0135542 0.6934166
106.507000 3.0396748 -0.3552049 10.0456648 0.0031944 0.7243484 -0.0119041 0.6893239
106.715500 3.1056802 -0.3571686 10.0420437 0.0022491 0.7284536 -0.0128850 0.6849703
106.924000 3.1739578 -0.3595276 10.0375643 0.0009242 0.7323083 -0.0105479 0.6808910
107.132400 3.2436152 -0.3616346 10.0316238 0.0029251 0.7360824 -0.0109750 0.6767967
107.340700 3.3163409 -0.3638774 10.0248976 0.0063139 0.7392067 -0.0107919 0.6733626
107.549200 3.3910830 -0.3661247 10.0170803 0.0062968 0.7420675 -0.0077913 0.6702503
107.757500 3.4691677 -0.3688849 10.0089808 0.0056955 0.7437797 -0.0041411 0.6683878
107.965800 3.5487080 -0.3706951 10.0007296 0.0064467 0.7444735 -0.0022628 0.6676171
108.174000 3.6307459 -0.3728287 9.9919319 0.0099518 0.7441958 -0.0022042 0.6678837
108.382200 3.7157769 -0.3750874 9.9828568 0.0129277 0.7432477 0.0002192 0.6688913
108.694500 3.8476958 -0.3786260 9.9692554 0.0162005 0.7389826 0.0052463 0.6735094
108.902600 3.9381695 -0.3810228 9.9623098 0.0159484 0.7357651 0.0057804 0.6770244
109.110700 4.0306182 -0.3833410 9.9556599 0.0169266 0.7322890 0.0051197 0.6807643
109.318900 4.1249905 -0.3862120 9.9502201 0.0154679 0.7289961 0.0059106 0.6843176
109.527200 4.2196913 -0.3892771 9.9451981 0.0196246 0.7270790 0.0007418 0.6862729
109.735500 4.3155618 -0.3928171 9.9401197 0.0199714 0.7261243 0.0015558 0.6872716
109.943800 4.4116573 -0.3963780 9.9351120 0.0183719 0.7253734 0.0069791 0.6880750
110.152000 4.5074606 -0.3994712 9.9303808 0.0166216 0.7247447 0.0086917 0.6887621
110.361100 4.6027765 -0.4024190 9.9259768 0.0180977 0.7241002 0.0069808 0.6894219
110.568500 4.6970811 -0.4051008 9.9220314 0.0186968 0.7234547 0.0059693 0.6900929
110.776900 4.7920713 -0.4084021 9.9180107 0.0179075 0.7223949 0.0053631 0.6912280
110.985200 4.8864307 -0.4119539 9.9150324 0.0192492 0.7209981 0.0034241 0.6926612
111.193300 4.9805937 -0.4153374 9.9123249 0.0159086 0.7191467 0.0057382 0.6946524
111.401600 5.0738916 -0.4183547 9.9097366 0.0155984 0.7172354 0.0059104 0.6966312
111.609900 5.1666646 -0.4213256 9.9085474 0.0128551 0.7160692 0.0039510 0.6978998
111.818700 5.2586985 -0.4243267 9.9076967 0.0075923 0.7153171 0.0013829 0.6987574
112.026400 5.3492031 -0.4273753 9.9064217 0.0087801 0.7156873 -0.0010120 0.6983649
112.234700 5.4394922 -0.4301262 9.9044857 0.0114023 0.7155951 -0.0039661 0.6984110
112.547100 5.5737734 -0.4353935 9.9016294 0.0088447 0.7164611 -0.0017008 0.6975690
112.755500 5.6623125 -0.4386206 9.8997746 0.0066363 0.7179601 -0.0027269 0.6960473
112.964100 5.7496781 -0.4413509 9.8975735 0.0051995 0.7204963 -0.0037505 0.6934291
113.172100 5.8360796 -0.4440676 9.8944073 0.0044392 0.7234439 -0.0040124 0.6903573
113.484600 5.9657102 -0.4482822 9.8879766 0.0054073 0.7279003 -0.0058927 0.6856363
113.692900 6.0522981 -0.4509805 9.8824625 0.0046224 0.7324303 -0.0060362 0.6807995
113.901400 6.1392403 -0.4533454 9.8754807 0.0035237 0.7383155 -0.0043968 0.6744320
114.109700 6.2255735 -0.4558344 9.8665752 0.0021749 0.7444689 -0.0033096 0.6676455
114.318100 6.3120284 -0.4578087 9.8563318 0.0021699 0.7506563 -0.0031067 0.6606820
114.630800 6.4411263 -0.4612636 9.8374081 0.0049891 0.7603865 -0.0030410 0.6494445
114.943300 6.5703883 -0.4647061 9.8138113 0.0084486 0.7706261 0.0005103 0.6372314
115.359900 6.7420301 -0.4694587 9.7771416 0.0159438 0.7774930 0.0068319 0.6286524
115.568000 6.8277149 -0.4718949 9.7584848 0.0211906 0.7769049 0.0083498 0.6292059
115.775900 6.9133015 -0.4744442 9.7410107 0.0241415 0.7738088 0.0112252 0.6328595
115.983800 6.9995017 -0.4768642 9.7238846 0.0237814 0.7694493 0.0179146 0.6380136
116.191900 7.0848422 -0.4788936 9.7087393 0.0263172 0.7660369 0.0182340 0.6419987
116.400000 7.1699228 -0.4813821 9.6945047 0.0304727 0.7621988 0.0155815 0.6464376
116.608000 7.2559195 -0.4841937 9.6818581 0.0278593 0.7581211 0.0153607 0.6513374
116.712100 7.2983227 -0.4855942 9.6757069 0.0269609 0.7557362 0.0168373 0.6541043
116.920200 7.3830175 -0.4882824 9.6647043 0.0271257 0.7517403 0.0172718 0.6586747
117.128700 7.4665604 -0.4911070 9.6545010 0.0287287 0.7499397 0.0148668 0.6607148
117.441200 7.5877032 -0.4950750 9.6395741 0.0268497 0.7492878 0.0194211 0.6614150
117.649600 7.6645722 -0.4972514 9.6302538 0.0249276 0.7488366 0.0220749 0.6619176
117.962300 7.7758942 -0.4999350 9.6164560 0.0297042 0.7485094 0.0172626 0.6622336
118.170700 7.8513775 -0.5021650 9.6073971 0.0290967 0.7488045 0.0169852 0.6619341
118.379200 7.9262710 -0.5040350 9.5979900 0.0277027 0.7496980 0.0205651 0.6608801
118.587700 8.0010471 -0.5056248 9.5879889 0.0278253 0.7504944 0.0253980 0.6598021
118.796200 8.0743151 -0.5073611 9.5786171 0.0314874 0.7511603 0.0228672 0.6589717
119.005100 8.1472826 -0.5088114 9.5691872 0.0356172 0.7499082 0.0209425 0.6602504
119.212900 8.2197666 -0.5112762 9.5607271 0.0320213 0.7475120 0.0226508 0.6630892
119.421900 8.2908249 -0.5128987 9.5532646 0.0303561 0.7445089 0.0227495 0.6665339
119.629500 8.3616056 -0.5150345 9.5460777 0.0313689 0.7419794 0.0215280 0.6693423
119.837900 8.4321957 -0.5172007 9.5393562 0.0320924 0.7398548 0.0212982 0.6716632
120.046300 8.5013475 -0.5186081 9.5332155 0.0289823 0.7385357 0.0243101 0.6731523
120.254600 8.5684195 -0.5210293 9.5271282 0.0291568 0.7377951 0.0224594 0.6740207
120.463100 8.6330566 -0.5227208 9.5221291 0.0288004 0.7378298 0.0173099 0.6741499
120.671400 8.6958294 -0.5247667 9.5171299 0.0252190 0.7380759 0.0174257 0.6740210
120.984100 8.7826958 -0.5271953 9.5095568 0.0220738 0.7383391 0.0190752 0.6737984
121.400800 8.8827477 -0.5301045 9.5008125 0.0256199 0.7374746 0.0154050 0.6747129
121.713700 8.9470196 -0.5324594 9.4958982 0.0245066 0.7372715 0.0129441 0.6750278
121.922200 8.9874773 -0.5340213 9.4921274 0.0259959 0.7390768 0.0109089 0.6730310
122.339400 9.0643253 -0.5370011 9.4835014 0.0271161 0.7455770 0.0109790 0.6657770
122.548000 9.0990162 -0.5381970 9.4791145 0.0274420 0.7490315 0.0127481 0.6618430
122.965100 9.1578045 -0.5406454 9.4705029 0.0284401 0.7543893 0.0114931 0.6557102
123.278000 9.1991463 -0.5423054 9.4636784 0.0291134 0.7588338 0.0136696 0.6504897
123.591600 9.2391262 -0.5436852 9.4565763 0.0288379 0.7642300 0.0133028 0.6441614
123.799400 9.2652617 -0.5446366 9.4514866 0.0285241 0.7690223 0.0125773 0.6384613
124.008300 9.2913837 -0.5453804 9.4456329 0.0298877 0.7753825 0.0106815 0.6306938
124.216600 9.3182087 -0.5462924 9.4386444 0.0294402 0.7843866 0.0088999 0.6195092
124.634000 9.3742304 -0.5481047 9.4220448 0.0268658 0.8044739 0.0061527 0.5933483
124.842600 9.4031467 -0.5491085 9.4110012 0.0279873 0.8164421 0.0054706 0.5767227
125.051200 9.4335461 -0.5504184 9.3980389 0.0265770 0.8299735 0.0032563 0.5571599
125.260000 9.4652338 -0.5514814 9.3830185 0.0233721 0.8452489 0.0007804 0.5338609
125.468700 9.4978380 -0.5524795 9.3643322 0.0226389 0.8611197 0.0010203 0.5078970
125.677400 9.5312328 -0.5538625 9.3420429 0.0213430 0.8776962 0.0031152 0.4787318
125.886700 9.5646343 -0.5546653 9.3163843 0.0205867 0.8941127 0.0038074 0.4473523
126.094600 9.5970411 -0.5553517 9.2868567 0.0206641 0.9099799 0.0050582 0.4141062
126.303100 9.6287680 -0.5561599 9.2534275 0.0182850 0.9248856 0.0062343 0.3797543
126.511700 9.6588984 -0.5563458 9.2165041 0.0172867 0.9386871 0.0059931 0.3442844
126.720300 9.6875114 -0.5565353 9.1758299 0.0184662 0.9510436 0.0059218 0.3084477
126.928800 9.7151108 -0.5571292 9.1307030 0.0181214 0.9614587 0.0059910 0.2742860
127.137100 9.7409449 -0.5575415 9.0819321 0.0177165 0.9706736 0.0064079 0.2396620
127.345600 9.7640848 -0.5576510 9.0291977 0.0159447 0.9789147 0.0094927 0.2034250
127.554100 9.7832890 -0.5575842 8.9730234 0.0175663 0.9859385 0.0150675 0.1654978
127.762600 9.7992945 -0.5569877 8.9126091 0.0151769 0.9917783 0.0157488 0.1260850
127.971300 9.8099384 -0.5557311 8.8497972 0.0202565 0.9959128 0.0154495 0.0866528
128.179700 9.8159094 -0.5552864 8.7851505 0.0212283 0.9986019 0.0121303 0.0468657
128.387800 9.8174314 -0.5544351 8.7188997 0.0238143 0.9996052 0.0075006 0.0128815
128.596100 9.8150043 -0.5536671 8.6503191 0.0259793 0.9994832 0.0087045 -0.0168138
128.804200 9.8092871 -0.5531172 8.5799637 0.0256551 0.9987341 0.0108462 -0.0418847
129.012400 9.8006077 -0.5515260 8.5083694 0.0250809 0.9976616 0.0122914 -0.0623801
129.220400 9.7892427 -0.5500725 8.4356470 0.0231628 0.9961970 0.0163796 -0.0823820
129.428500 9.7749081 -0.5481423 8.3625536 0.0204758 0.9943212 0.0215243 -0.1021898
129.636700 9.7571545 -0.5454328 8.2886124 0.0166234 0.9924013 0.0224083 -0.1198383
129.948900 9.7265263 -0.5421445 8.1760035 0.0144285 0.9899880 0.0132042 -0.1397900
130.156900 9.7031479 -0.5401953 8.0992823 0.0176247 0.9887075 0.0154143 -0.1480175
130.365000 9.6780682 -0.5386436 8.0217018 0.0219351 0.9877652 0.0144314 -0.1537223
130.573100 9.6527786 -0.5370453 7.9433889 0.0222492 0.9871857 0.0134981 -0.1574398
130.784300 9.6269751 -0.5355238 7.8654289 0.0241273 0.9868971 0.0127919 -0.1590232
130.989400 9.6008139 -0.5344326 7.7860332 0.0267221 0.9870970 0.0131506 -0.1573291
131.197300 9.5753098 -0.5330769 7.7069702 0.0299097 0.9876723 0.0135793 -0.1530505
131.405400 9.5513134 -0.5312667 7.6282310 0.0307450 0.9885904 0.0145554 -0.1467376
131.613500 9.5290117 -0.5299418 7.5495844 0.0308175 0.9895228 0.0147636 -0.1402747
131.821600 9.5075531 -0.5284849 7.4716425 0.0317148 0.9904102 0.0145909 -0.1336748
132.029800 9.4879131 -0.5271304 7.3948016 0.0310287 0.9911618 0.0155763 -0.1280347
132.238000 9.4695206 -0.5256679 7.3205414 0.0308098 0.9916942 0.0168092 -0.1237367
132.448000 9.4525900 -0.5243105 7.2498555 0.0293300 0.9919395 0.0169295 -0.1221031
132.654900 9.4363327 -0.5230332 7.1825485 0.0287554 0.9919750 0.0162312 -0.1220460
132.865500 9.4204884 -0.5220434 7.1191535 0.0285187 0.9918762 0.0166112 -0.1228505
133.072500 9.4050388 -0.5208434 7.0597043 0.0284110 0.9915208 0.0165310 -0.1257222
133.385700 9.3819199 -0.5192356 6.9741802 0.0275470 0.9904962 0.0163086 -0.1337631
133.698000 9.3579073 -0.5179398 6.8928022 0.0263254 0.9881902 0.0161531 -0.1500870
134.115500 9.3195553 -0.5160593 6.7942448 0.0263359 0.9807009 0.0164526 -0.1930323
134.429100 9.2842827 -0.5143378 6.7278237 0.0227258 0.9689015 0.0151742 -0.2459334
134.742800 9.2417831 -0.5130978 6.6698017 0.0225632 0.9500096 0.0118076 -0.3111803
134.951900 9.2088871 -0.5117565 6.6361027 0.0227889 0.9334191 0.0117964 -0.3578691
135.160700 9.1731596 -0.5105745 6.6053629 0.0200257 0.9129357 0.0152090 -0.4073279
135.369500 9.1349754 -0.5094525 6.5799451 0.0198782 0.8903367 0.0157655 -0.4545953
135.473900 9.1145315 -0.5084551 6.5689735 0.0201110 0.8779923 0.0162352 -0.4779764
135.578300 9.0936089 -0.5075421 6.5585818 -0.0189128 -0.8650021 -0.0170169 0.5011228
135.787000 9.0490017 -0.5059955 6.5401311 -0.0159470 -0.8377869 -0.0211119 0.5453559
135.891300 9.0259266 -0.5052307 6.5328789 -0.0156431 -0.8235888 -0.0215678 0.5665613
135.995500 9.0022478 -0.5042697 6.5265484 -0.0152857 -0.8092368 -0.0210390 0.5869067
136.204000 8.9529381 -0.5024319 6.5166965 -0.0140993 -0.7817314 -0.0228727 0.6230361
136.308100 8.9270287 -0.5012203 6.5127950 -0.0147480 -0.7691404 -0.0241918 0.6384515
136.517700 8.8728876 -0.4993184 6.5073714 -0.0174466 -0.7474995 -0.0263840 0.6635089
136.726800 8.8164654 -0.4968832 6.5035944 -0.0148433 -0.7296466 -0.0270030 0.6831298
137.035900 8.7262316 -0.4925435 6.5023775 -0.0088257 -0.7108158 -0.0263988 0.7028272
138.075500 8.3698988 -0.4778971 6.5189466 -0.0078675 -0.6831903 -0.0278996 0.7296647
150.991800 2.4025340 -0.2687116 6.9777985 -0.0081978 -0.6803850 -0.0276566 0.7322869
157.867100 -0.5029211 -0.1707097 7.0961227 -0.0186304 -0.6581368 -0.0208824 0.7523780
158.283500 -0.6028390 -0.1671146 7.1079998 -0.0227615 -0.6649368 -0.0192007 0.7463058
158.804400 -0.7051077 -0.1636586 7.1175475 -0.0207502 -0.6732614 -0.0167410 0.7389237
159.221300 -0.7665609 -0.1619028 7.1219101 -0.0186820 -0.6784230 -0.0160569 0.7342584
159.638100 -0.8126312 -0.1607276 7.1244521 -0.0169138 -0.6820496 -0.0168718 0.7309156
160.055200 -0.8504642 -0.1600135 7.1263447 -0.0152306 -0.6848502 -0.0145757 0.7283789
160.472200 -0.8858676 -0.1590332 7.1278739 -0.0135884 -0.6878616 -0.0133126 0.7255925
160.889200 -0.9210079 -0.1581086 7.1295080 -0.0159573 -0.6909208 -0.0123860 0.7226482
161.306000 -0.9566408 -0.1573758 7.1295519 -0.0114418 -0.6948826 -0.0148278 0.7188793
161.722800 -1.0021600 -0.1566152 7.1296954 -0.0078112 -0.6997913 -0.0135904 0.7141753
162.139700 -1.0611991 -0.1552302 7.1295309 -0.0031572 -0.7038991 -0.0125134 0.7101827
162.556600 -1.1372683 -0.1539570 7.1289902 -0.0019288 -0.7024525 -0.0168304 0.7115290
162.869300 -1.2045872 -0.1520217 7.1298099 -0.0063227 -0.7011656 -0.0230683 0.7125972
163.182100 -1.2788101 -0.1494485 7.1319232 -0.0159434 -0.7004871 -0.0159007 0.7133097
163.494700 -1.3607451 -0.1464047 7.1327162 -0.0151728 -0.7022972 -0.0147411 0.7115695
163.807300 -1.4502623 -0.1433243 7.1334071 -0.0196186 -0.7051551 -0.0117431 0.7086843
164.119900 -1.5460212 -0.1406572 7.1314511 -0.0077607 -0.7071724 -0.0061585 0.7069718
164.432600 -1.6499968 -0.1385824 7.1299424 -0.0150987 -0.7079749 -0.0100949 0.7060040
164.745400 -1.7591001 -0.1362132 7.1277242 -0.0093691 -0.7093253 -0.0091669 0.7047594
164.953900 -1.8358245 -0.1343187 7.1258807 -0.0100518 -0.7094160 -0.0121704 0.7046133
165.162300 -1.9148841 -0.1324344 7.1246042 -0.0118445 -0.7098897 -0.0142415 0.7040693
165.370800 -1.9953380 -0.1304176 7.1233130 -0.0127983 -0.7097092 -0.0154315 0.7042094
165.579300 -2.0784199 -0.1284222 7.1218491 -0.0100841 -0.7086138 -0.0146517 0.7053723
165.787800 -2.1634297 -0.1260401 7.1203899 -0.0104687 -0.7072145 -0.0154918 0.7067517
165.892000 -2.2070243 -0.1250332 7.1201334 -0.0108611 -0.7065047 -0.0162152 0.7074392
166.100600 -2.2943923 -0.1228160 7.1196070 -0.0115229 -0.7052391 -0.0159966 0.7086954
166.308900 -2.3832893 -0.1207764 7.1193118 -0.0120905 -0.7045593 -0.0149157 0.7093853
166.517400 -2.4725246 -0.1187258 7.1188998 -0.0122950 -0.7045379 -0.0145090 0.7094115
166.725700 -2.5632677 -0.1166210 7.1183691 -0.0119905 -0.7049089 -0.0160195 0.7090155
166.829900 -2.6087956 -0.1155480 7.1180377 -0.0106388 -0.7052199 -0.0158459 0.7087317
167.038400 -2.7003090 -0.1133234 7.1174498 -0.0098052 -0.7055717 -0.0162577 0.7083842
167.142500 -2.7464654 -0.1122905 7.1171994 -0.0101007 -0.7057092 -0.0178416 0.7082049
167.351000 -2.8393285 -0.1100516 7.1164908 -0.0116398 -0.7054124 -0.0174768 0.7084860
167.455000 -2.8859348 -0.1089194 7.1162419 -0.0125738 -0.7052074 -0.0176485 0.7086698
167.559000 -2.9323881 -0.1077280 7.1159124 -0.0134055 -0.7049795 -0.0177689 0.7088783
167.663200 -2.9792378 -0.1063136 7.1155148 -0.0134030 -0.7047815 -0.0179653 0.7090703
167.767400 -3.0259023 -0.1051928 7.1149077 -0.0125467 -0.7045866 -0.0184131 0.7092682
167.871500 -3.0721743 -0.1037965 7.1144004 -0.0109319 -0.7044024 -0.0189242 0.7094643
168.079800 -3.1647866 -0.1017400 7.1130662 -0.0077356 -0.7038818 -0.0192872 0.7100131
168.288000 -3.2584026 -0.0994068 7.1122584 -0.0110737 -0.7036348 -0.0245343 0.7100517
168.496400 -3.3519285 -0.0957510 7.1117144 -0.0120901 -0.7034168 -0.0273734 0.7101474
168.704700 -3.4453857 -0.0930588 7.1115646 -0.0066572 -0.7033854 -0.0234199 0.7103915
168.913000 -3.5384562 -0.0909529 7.1117630 -0.0060651 -0.7028888 -0.0214866 0.7109493
169.121700 -3.6320813 -0.0885138 7.1121049 -0.0082811 -0.7025111 -0.0209876 0.7113150
169.225900 -3.6777074 -0.0873520 7.1124783 -0.0086997 -0.7025932 -0.0202656 0.7112499
169.329900 -3.7242782 -0.0861455 7.1125474 -0.0088968 -0.7025847 -0.0194063 0.7112799
169.434000 -3.7703800 -0.0851695 7.1127896 -0.0084772 -0.7029139 -0.0181723 0.7109922
169.538100 -3.8167558 -0.0841070 7.1131897 -0.0085107 -0.7032928 -0.0176832 0.7106293
169.642300 -3.8631911 -0.0831072 7.1132326 -0.0098105 -0.7035456 -0.0179827 0.7103549
169.746400 -3.9102085 -0.0820886 7.1136198 -0.0119635 -0.7039568 -0.0189909 0.7098881
169.850700 -3.9566655 -0.0806176 7.1133490 -0.0128664 -0.7039592 -0.0203276 0.7098328
169.954800 -4.0032539 -0.0794661 7.1136823 -0.0119140 -0.7043475 -0.0190801 0.7094988
170.059000 -4.0490355 -0.0782389 7.1134558 -0.0093465 -0.7045999 -0.0183102 0.7093070
170.163200 -4.0957189 -0.0771535 7.1134653 -0.0078372 -0.7048100 -0.0177155 0.7091316
170.267400 -4.1425867 -0.0757881 7.1136909 -0.0078254 -0.7050845 -0.0184619 0.7088397
170.475800 -4.2369170 -0.0732805 7.1131120 -0.0105534 -0.7051444 -0.0214127 0.7086618
170.684100 -4.3300123 -0.0708822 7.1128902 -0.0086726 -0.7057989 -0.0208942 0.7080509
170.892400 -4.4233136 -0.0686919 7.1116877 -0.0055357 -0.7068109 -0.0228829 0.7070107
171.204900 -4.5641260 -0.0652694 7.1104140 -0.0052443 -0.7096949 -0.0215928 0.7041587
171.413200 -4.6579423 -0.0635887 7.1090603 -0.0056695 -0.7113259 -0.0178162 0.7026136
171.621400 -4.7514839 -0.0618946 7.1072011 -0.0035938 -0.7130863 -0.0161939 0.7008801
171.829800 -4.8457708 -0.0605729 7.1044655 -0.0057863 -0.7144684 -0.0195220 0.6993714
172.038000 -4.9401221 -0.0584470 7.1013980 -0.0074198 -0.7158013 -0.0216591 0.6979285
172.247200 -5.0334921 -0.0564542 7.0981550 -0.0055745 -0.7175993 -0.0176038 0.6962114
172.454600 -5.1273174 -0.0548591 7.0945239 -0.0048264 -0.7195012 -0.0164283 0.6942801
172.662800 -5.2210207 -0.0535915 7.0898561 -0.0063294 -0.7212723 -0.0186754 0.6923709
172.871000 -5.3158369 -0.0517545 7.0849771 -0.0059402 -0.7229114 -0.0188118 0.6906592
172.975200 -5.3631458 -0.0506955 7.0823126 -0.0061510 -0.7238083 -0.0184484 0.6897269
173.183400 -5.4582453 -0.0486658 7.0769196 -0.0058982 -0.7256328 -0.0165591 0.6878576
173.391600 -5.5530057 -0.0472206 7.0708075 -0.0067018 -0.7270862 -0.0158219 0.6863311
173.599900 -5.6471090 -0.0460204 7.0647378 -0.0071762 -0.7283797 -0.0140002 0.6849930
174.016400 -5.8337765 -0.0427148 7.0515304 -0.0100258 -0.7306116 -0.0138696 0.6825789
174.329000 -5.9746251 -0.0402088 7.0405440 -0.0094827 -0.7319051 -0.0124861 0.6812262
174.641400 -6.1159778 -0.0379001 7.0294380 -0.0112791 -0.7327301 -0.0113205 0.6803317
174.849700 -6.2099438 -0.0366110 7.0221272 -0.0138453 -0.7325217 -0.0102624 0.6805255
175.058000 -6.3038130 -0.0351766 7.0146236 -0.0110874 -0.7326149 -0.0083526 0.6805019
175.266300 -6.3982048 -0.0338133 7.0064974 -0.0084440 -0.7323181 -0.0111412 0.6808192
175.474500 -6.4928632 -0.0325321 6.9987016 -0.0106868 -0.7325428 -0.0126452 0.6805196
175.682800 -6.5874472 -0.0307163 6.9906068 -0.0107691 -0.7328860 -0.0137439 0.6801274
175.891100 -6.6822753 -0.0290402 6.9828329 -0.0087577 -0.7333564 -0.0129169 0.6796652
176.099300 -6.7772446 -0.0272925 6.9742694 -0.0070616 -0.7333443 -0.0141889 0.6796727
176.307600 -6.8721972 -0.0261783 6.9660282 -0.0072614 -0.7333213 -0.0152272 0.6796730
176.515700 -6.9682474 -0.0242678 6.9588032 -0.0082711 -0.7331930 -0.0138419 0.6798294
176.723900 -7.0635953 -0.0227932 6.9507194 -0.0087483 -0.7331254 -0.0132801 0.6799075
176.932200 -7.1592321 -0.0214840 6.9429250 -0.0068565 -0.7331668 -0.0115352 0.6799164
177.140500 -7.2548265 -0.0203291 6.9348350 -0.0080481 -0.7331197 -0.0141323 0.6799052
177.348600 -7.3500452 -0.0187265 6.9269924 -0.0102376 -0.7332941 -0.0116429 0.6797348
177.556900 -7.4457068 -0.0172048 6.9194484 -0.0118515 -0.7337986 -0.0106285 0.6791806
177.764900 -7.5405307 -0.0159612 6.9111981 -0.0108387 -0.7338797 -0.0099699 0.6791197
177.973600 -7.6360588 -0.0145490 6.9029737 -0.0133714 -0.7338673 -0.0126721 0.6790431
178.181400 -7.7312450 -0.0127423 6.8951111 -0.0148281 -0.7337742 -0.0109281 0.6791437
178.389700 -7.8247442 -0.0116164 6.8864522 -0.0073999 -0.7332971 -0.0061422 0.6798403
178.598000 -7.9195480 -0.0112476 6.8786912 -0.0119203 -0.7330519 -0.0095410 0.6800013
178.806200 -8.0134506 -0.0092975 6.8703184 -0.0159199 -0.7326291 -0.0130149 0.6803173
179.014500 -8.1060686 -0.0077558 6.8632526 -0.0132549 -0.7325987 -0.0077237 0.6804879
179.326700 -8.2434444 -0.0065443 6.8524022 -0.0190259 -0.7336171 -0.0064332 0.6792662
179.534800 -8.3357191 -0.0039184 6.8447695 -0.0260408 -0.7331430 -0.0122987 0.6794645
179.847200 -8.4675865 -0.0018578 6.8332419 -0.0133893 -0.7335137 -0.0049535 0.6795248
180.055500 -8.5550489 -0.0012972 6.8255796 -0.0142674 -0.7336606 -0.0075431 0.6793244
180.263700 -8.6422482 0.0005749 6.8178520 -0.0186414 -0.7337377 -0.0148987 0.6790137
180.471900 -8.7281942 0.0024623 6.8108807 -0.0183402 -0.7344675 -0.0144116 0.6782429
180.576000 -8.7701321 0.0035041 6.8070121 -0.0184918 -0.7344708 -0.0133584 0.6782567
180.784300 -8.8536005 0.0054046 6.7995653 -0.0161503 -0.7343858 -0.0095676 0.6784726
180.992700 -8.9368038 0.0066697 6.7929091 -0.0171848 -0.7337777 -0.0097577 0.6791022
181.201300 -9.0183735 0.0084022 6.7863331 -0.0133484 -0.7329038 -0.0088847 0.6801433
181.409200 -9.0994234 0.0094634 6.7792726 -0.0121919 -0.7323189 -0.0097968 0.6807822
181.617500 -9.1790333 0.0102199 6.7727137 -0.0140731 -0.7327229 -0.0110431 0.6802920
181.825600 -9.2581701 0.0110007 6.7657480 -0.0123402 -0.7341157 -0.0110108 0.6788231
182.033900 -9.3367710 0.0124704 6.7584586 -0.0117622 -0.7364078 -0.0117513 0.6763336
182.241800 -9.4145756 0.0137889 6.7508168 -0.0139425 -0.7392362 -0.0128439 0.6731794
182.554000 -9.5293608 0.0155973 6.7379661 -0.0136389 -0.7446355 -0.0086509 0.6672759
182.762300 -9.6048651 0.0169908 6.7279172 -0.0149776 -0.7486936 -0.0077797 0.6627012
182.970500 -9.6800728 0.0183999 6.7171540 -0.0173190 -0.7533402 -0.0113417 0.6573051
183.283100 -9.7901249 0.0206874 6.6989965 -0.0132344 -0.7587331 -0.0089196 0.6512061
183.491500 -9.8629742 0.0218549 6.6862459 -0.0099127 -0.7599829 -0.0141287 0.6497139
183.700300 -9.9345846 0.0229324 6.6735511 -0.0078929 -0.7595863 -0.0181088 0.6501064
183.908700 -10.0059319 0.0244819 6.6616488 -0.0081760 -0.7587616 -0.0201191 0.6510063
184.117400 -10.0755920 0.0261586 6.6500125 -0.0044481 -0.7571623 -0.0229092 0.6528099
184.326100 -10.1420078 0.0276543 6.6395540 -0.0004997 -0.7526370 -0.0250283 0.6579596
184.430300 -10.1749945 0.0283433 6.6349878 0.0007930 -0.7485448 -0.0268577 0.6625396
184.534700 -10.2070284 0.0287191 6.6308298 0.0016166 -0.7441059 -0.0282912 0.6674604
184.743300 -10.2693653 0.0302056 6.6250124 0.0014302 -0.7356269 -0.0276517 0.6768208
184.847900 -10.2996664 0.0305749 6.6229792 0.0008265 -0.7313981 -0.0277972 0.6813835
185.056200 -10.3582811 0.0316737 6.6196384 0.0011232 -0.7227101 -0.0292036 0.6905331
185.160400 -10.3872414 0.0323303 6.6186581 0.0008564 -0.7176608 -0.0298102 0.6957540
185.369100 -10.4426737 0.0332764 6.6181674 0.0006767 -0.7073888 -0.0293464 0.7062148
185.577700 -10.4971209 0.0342696 6.6195240 0.0000520 -0.6969917 -0.0283967 0.7165167
185.786200 -10.5489607 0.0352035 6.6220884 -0.0008786 -0.6860625 -0.0265936 0.7270559
185.994600 -10.5986710 0.0358252 6.6263556 0.0000094 -0.6753978 -0.0237359 0.7370715
186.307200 -10.6692104 0.0368882 6.6345148 -0.0010425 -0.6595864 -0.0224770 0.7512919
186.515700 -10.7144690 0.0375476 6.6414375 -0.0029841 -0.6496995 -0.0221976 0.7598611
186.723900 -10.7571354 0.0378855 6.6489210 -0.0036867 -0.6424213 -0.0215638 0.7660394
186.932200 -10.7984171 0.0385324 6.6565399 -0.0056190 -0.6390479 -0.0189165 0.7689138
187.140300 -10.8376789 0.0388399 6.6634269 -0.0077256 -0.6393375 -0.0183480 0.7686685
187.452300 -10.8937702 0.0400082 6.6718125 -0.0091963 -0.6460405 -0.0172697 0.7630523
187.764200 -10.9447641 0.0414418 6.6758146 -0.0110066 -0.6626741 -0.0150686 0.7486754
188.283800 -11.0169201 0.0431244 6.6757636 -0.0143591 -0.7079536 -0.0143891 0.7059664
188.699700 -11.0650997 0.0438747 6.6660662 -0.0078447 -0.7563433 -0.0158752 0.6539352
189.115800 -11.1106539 0.0446392 6.6503353 -0.0062360 -0.8022434 -0.0153431 0.5967673
189.428300 -11.1418629 0.0453938 6.6334753 0.0006264 -0.8325722 -0.0187744 0.5535979
189.740600 -11.1718369 0.0460076 6.6143961 0.0011146 -0.8586015 -0.0241634 0.5120726
190.157500 -11.2090073 0.0472539 6.5854883 -0.0055254 0.8868822 0.0277547 -0.4611279
190.470300 -11.2363472 0.0484833 6.5612755 -0.0103492 0.9009324 0.0267145 -0.4330127
190.783200 -11.2636366 0.0488957 6.5363379 -0.0055148 0.9120415 0.0219264 -0.4094743
190.991800 -11.2811623 0.0498228 6.5188055 -0.0046223 0.9193945 0.0157706 -0.3929933
191.200200 -11.2985115 0.0507789 6.4997206 -0.0040190 0.9266112 0.0134772 -0.3757577
191.408800 -11.3158913 0.0509613 6.4785328 -0.0007102 0.9349622 0.0164381 -0.3543656
191.616900 -11.3325491 0.0516817 6.4555850 0.0024950 0.9440331 0.0173193 -0.3293864
191.825000 -11.3481054 0.0521282 6.4306397 0.0026897 0.9528168 0.0186197 -0.3029625
192.034000 -11.3634214 0.0525977 6.4032345 0.0038728 0.9617182 0.0185852 -0.2733819
192.241400 -11.3774338 0.0537575 6.3734298 0.0060083 0.9701268 0.0154502 -0.2420314
192.449700 -11.3899908 0.0552612 6.3398304 0.0016401 0.9777970 0.0137081 -0.2090991
192.657900 -11.4030075 0.0558772 6.3027267 0.0056914 0.9840938 0.0149950 -0.1769242
192.866300 -11.4145956 0.0567775 6.2615223 0.0054759 0.9884179 0.0151726 -0.1508967
193.075100 -11.4263582 0.0580883 6.2160721 0.0028052 0.9906564 0.0165282 -0.1353470
193.283700 -11.4391861 0.0594122 6.1660914 0.0071725 0.9920976 0.0166897 -0.1241471
193.492200 -11.4517441 0.0608125 6.1111183 0.0118231 0.9938465 0.0143101 -0.1091999
193.700500 -11.4626312 0.0627023 6.0511570 0.0128399 0.9954901 0.0133811 -0.0930348
193.909100 -11.4731150 0.0645280 5.9852648 0.0159282 0.9967644 0.0156910 -0.0772070
194.117500 -11.4816217 0.0664928 5.9152794 0.0172708 0.9976881 0.0153486 -0.0639109
194.326200 -11.4895744 0.0687137 5.8399429 0.0176631 0.9982651 0.0134776 -0.0545271
194.534900 -11.4967899 0.0706454 5.7603340 0.0168106 0.9985567 0.0145017 -0.0489044
194.743500 -11.5042276 0.0726047 5.6768308 0.0173422 0.9986930 0.0142345 -0.0459217
194.952100 -11.5117207 0.0746882 5.5889444 0.0185382 0.9987465 0.0144914 -0.0441787
195.160600 -11.5199356 0.0774305 5.4958520 0.0203917 0.9987656 0.0158157 -0.0424406
195.369000 -11.5274210 0.0801674 5.3988471 0.0218678 0.9987993 0.0156018 -0.0409676
195.577500 -11.5352106 0.0825842 5.2973037 0.0214966 0.9989164 0.0123990 -0.0393718
195.786100 -11.5423317 0.0848428 5.1909051 0.0196508 0.9989907 0.0136379 -0.0380179
195.994400 -11.5504475 0.0877682 5.0821557 0.0212031 0.9989294 0.0190785 -0.0364194
196.202800 -11.5580826 0.0908961 4.9739337 0.0243446 0.9988793 0.0216622 -0.0343268
196.411200 -11.5651855 0.0935372 4.8660126 0.0241442 0.9990097 0.0189284 -0.0322227
196.619500 -11.5709362 0.0962609 4.7583914 0.0210787 0.9991556 0.0190047 -0.0297075
196.828000 -11.5767555 0.0990218 4.6512470 0.0198735 0.9992315 0.0196151 -0.0275067
197.036300 -11.5816231 0.1015513 4.5434237 0.0207134 0.9992765 0.0198779 -0.0249457
197.244800 -11.5862446 0.1037084 4.4364228 0.0213481 0.9993016 0.0205111 -0.0227997
197.453100 -11.5902281 0.1058310 4.3289433 0.0192499 0.9993713 0.0211389 -0.0209651
197.661500 -11.5940905 0.1085981 4.2220006 0.0180349 0.9994161 0.0212611 -0.0197510
197.869800 -11.5974989 0.1110759 4.1171570 0.0179060 0.9994476 0.0203698 -0.0192085
198.078100 -11.6012888 0.1134730 4.0130143 0.0184796 0.9994567 0.0202830 -0.0182596
198.286400 -11.6048479 0.1156898 3.9090908 0.0192055 0.9994314 0.0218059 -0.0171021
198.494500 -11.6077814 0.1184573 3.8059039 0.0181569 0.9994951 0.0210045 -0.0154466
198.806900 -11.6104774 0.1219561 3.6519890 0.0165248 0.9995533 0.0213210 -0.0128712
199.015000 -11.6126337 0.1243170 3.5494184 0.0160767 0.9996349 0.0186186 -0.0111753
199.327500 -11.6148262 0.1275068 3.3968918 0.0151056 0.9996067 0.0212400 -0.0103532
199.535700 -11.6168976 0.1298155 3.2954924 0.0153489 0.9996353 0.0197481 -0.0101765
199.744000 -11.6178484 0.1315129 3.1948581 0.0137491 0.9996720 0.0178240 -0.0122150
199.952500 -11.6200180 0.1337758 3.0945673 0.0133114 0.9996066 0.0185283 -0.0163147
200.265000 -11.6255274 0.1371605 2.9454734 0.0172676 0.9994516 0.0180112 -0.0217677
200.577400 -11.6312904 0.1405981 2.7985494 0.0142179 0.9992496 0.0260304 -0.0249090
200.785700 -11.6350470 0.1435761 2.7016125 0.0099630 0.9992877 0.0247627 -0.0266773
201.098000 -11.6431103 0.1473947 2.5552297 0.0127724 0.9994048 0.0178671 -0.0266017
201.306400 -11.6473484 0.1494481 2.4569259 0.0133622 0.9993147 0.0218246 -0.0267427
201.514700 -11.6518650 0.1522343 2.3597276 0.0125355 0.9992501 0.0246245 -0.0271263
201.827200 -11.6592855 0.1565564 2.2130513 0.0134681 0.9992774 0.0228062 -0.0272634
202.035500 -11.6638937 0.1589861 2.1181426 0.0137870 0.9993022 0.0228230 -0.0261555
202.243800 -11.6675634 0.1618815 2.0229821 0.0128882 0.9993322 0.0238035 -0.0245427
202.452100 -11.6722336 0.1647316 1.9256203 0.0128507 0.9993833 0.0237719 -0.0224223
202.660400 -11.6749077 0.1675205 1.8297969 0.0120801 0.9994351 0.0235042 -0.0207657
202.972900 -11.6788578 0.1708106 1.6883100 0.0105385 0.9995067 0.0231862 -0.0183799
203.285500 -11.6828318 0.1751008 1.5470395 0.0090203 0.9995375 0.0235986 -0.0169282
203.598100 -11.6859818 0.1787190 1.4082148 0.0078654 0.9995502 0.0230854 -0.0174512
203.806500 -11.6881304 0.1812488 1.3162746 0.0064903 0.9995511 0.0226568 -0.0184990
204.015000 -11.6915569 0.1836374 1.2249683 0.0050920 0.9994962 0.0232070 -0.0210427
204.223400 -11.6948309 0.1859420 1.1337960 0.0055898 0.9994060 0.0239919 -0.0241012
204.536200 -11.7009621 0.1897255 0.9993597 0.0057972 0.9993246 0.0229375 -0.0281182
204.744700 -11.7056255 0.1919537 0.9113716 0.0057822 0.9992768 0.0230698 -0.0296685
204.953000 -11.7102461 0.1943982 0.8240793 0.0058745 0.9992272 0.0233247 -0.0310878
205.265300 -11.7172565 0.1981941 0.6923737 0.0062314 0.9991879 0.0223059 -0.0329715
205.473600 -11.7211523 0.2008313 0.6058807 0.0069271 0.9991628 0.0232591 -0.0329360
205.681700 -11.7251911 0.2038534 0.5194569 0.0083281 0.9992681 0.0229211 -0.0294701
205.993700 -11.7288733 0.2086356 0.3900952 0.0089655 0.9995461 0.0225048 -0.0179094
206.201800 -11.7300615 0.2107452 0.3055247 0.0085671 0.9996617 0.0233645 -0.0075630
206.409700 -11.7289515 0.2135148 0.2198092 0.0087788 0.9996758 0.0236814 0.0032163
206.722100 -11.7241669 0.2174504 0.0931354 0.0108373 0.9994946 0.0204947 0.0217490
206.929800 -11.7176208 0.2195179 0.0086247 0.0125583 0.9989480 0.0219711 0.0382419
207.137600 -11.7083511 0.2216293 -0.0744675 0.0137052 0.9980384 0.0199226 0.0577466
207.345600 -11.6952333 0.2233888 -0.1568948 0.0127064 0.9966745 0.0201028 0.0779374
207.553700 -11.6790848 0.2251330 -0.2392144 0.0128433 0.9947929 0.0201877 0.0990688
207.761600 -11.6592798 0.2267052 -0.3210840 0.0132974 0.9923086 0.0192550 0.1215570
207.969500 -11.6352186 0.2283008 -0.4025095 0.0133671 0.9892305 0.0170280 0.1447565
208.073600 -11.6219330 0.2289386 -0.4428244 0.0131827 0.9874566 0.0168636 0.1564329
208.281600 -11.5918646 0.2301410 -0.5238643 0.0128298 0.9834501 0.0177046 0.1798552
208.489700 -11.5575199 0.2314877 -0.6044142 0.0147149 0.9788128 0.0189281 0.2033487
208.698000 -11.5187712 0.2325377 -0.6830964 0.0150162 0.9736245 0.0180830 0.2269422
208.905800 -11.4765072 0.2333385 -0.7604465 0.0135356 0.9682680 0.0193528 0.2487956
209.114100 -11.4300194 0.2346786 -0.8371391 0.0132586 0.9628724 0.0155555 0.2691822
209.322400 -11.3796196 0.2351261 -0.9133101 0.0122026 0.9576634 0.0146950 0.2872560
209.531200 -11.3259678 0.2357204 -0.9893627 0.0100235 0.9536796 0.0131588 0.3003690
209.739400 -11.2696438 0.2362047 -1.0659060 0.0076059 0.9510978 0.0124480 0.3085452
209.947900 -11.2113667 0.2366429 -1.1431828 0.0073971 0.9496799 0.0114782 0.3129245
210.156700 -11.1519442 0.2366208 -1.2211237 0.0074772 0.9488672 0.0096617 0.3154391
210.364800 -11.0921726 0.2362557 -1.2996740 0.0063812 0.9483823 0.0096540 0.3169182
210.574900 -11.0307655 0.2360874 -1.3796811 0.0060533 0.9483278 0.0102272 0.3170696
210.781700 -10.9701090 0.2356386 -1.4588861 0.0050246 0.9489965 0.0097663 0.3150951
210.990100 -10.9102306 0.2359056 -1.5387564 0.0028398 0.9505734 0.0100261 0.3103249
211.198700 -10.8519897 0.2356793 -1.6190395 0.0021853 0.9525220 0.0103600 0.3042857
211.406900 -10.7948523 0.2357038 -1.6999784 0.0016256 0.9547763 0.0099173 0.2971551
211.615300 -10.7396564 0.2356975 -1.7813303 0.0015989 0.9573351 0.0106576 0.2887790
211.823900 -10.6862364 0.2361524 -1.8634241 0.0036518 0.9596176 0.0118890 0.2810327
212.031900 -10.6337662 0.2361614 -1.9454513 0.0081145 0.9609210 0.0128934 0.2764032
212.240100 -10.5825338 0.2363637 -2.0274072 0.0101069 0.9614729 0.0139508 0.2743595
212.448400 -10.5323486 0.2369417 -2.1082823 0.0118101 0.9619259 0.0143989 0.2726751
212.656400 -10.4828348 0.2368642 -2.1882668 0.0146683 0.9621860 0.0155790 0.2715515
212.864600 -10.4342098 0.2369658 -2.2679050 0.0176745 0.9622568 0.0160616 0.2710929
213.072700 -10.3859110 0.2372425 -2.3460937 0.0189705 0.9623268 0.0167217 0.2707168
213.280800 -10.3381023 0.2375939 -2.4246144 0.0210075 0.9624353 0.0181113 0.2700907
213.489000 -10.2914934 0.2378932 -2.5016489 0.0220665 0.9624862 0.0188743 0.2697724
213.697100 -10.2452192 0.2380592 -2.5763981 0.0221066 0.9624882 0.0194026 0.2697244
213.905100 -10.2011642 0.2387479 -2.6478047 0.0231527 0.9614578 0.0205346 0.2732053
214.113100 -10.1585035 0.2390508 -2.7142694 0.0235528 0.9598176 0.0218297 0.2787810
214.321100 -10.1174641 0.2394687 -2.7765131 0.0248837 0.9576849 0.0205382 0.2860046
214.529200 -10.0783720 0.2394421 -2.8336680 0.0233191 0.9557761 0.0217516 0.2923612
214.737400 -10.0410366 0.2397523 -2.8864748 0.0222824 0.9539025 0.0207979 0.2985646
214.945500 -10.0063829 0.2396315 -2.9341302 0.0214808 0.9520548 0.0201245 0.3045081
215.153700 -9.9738007 0.2398355 -2.9781573 0.0214926 0.9501799 0.0203327 0.3102947
215.362200 -9.9426613 0.2398070 -3.0185845 0.0220353 0.9477029 0.0210262 0.3176971
215.570100 -9.9127188 0.2397747 -3.0553067 0.0227545 0.9441336 0.0202039 0.3281551
215.778200 -9.8832245 0.2398118 -3.0898862 0.0228932 0.9396346 0.0186590 0.3409027
215.986200 -9.8545227 0.2397463 -3.1214716 0.0237738 0.9346170 0.0177633 0.3544156
216.194900 -9.8262272 0.2395268 -3.1507006 0.0251888 0.9286174 0.0173328 0.3697769
216.402400 -9.7985897 0.2391910 -3.1767969 0.0260217 0.9206990 0.0176186 0.3890061
216.610300 -9.7717714 0.2384602 -3.1991231 0.0255324 0.9107925 0.0176006 0.4116982
216.923100 -9.7351952 0.2374499 -3.2239990 0.0202449 0.8938500 0.0134409 0.4477071
217.234800 -9.7029343 0.2366152 -3.2420752 0.0187569 0.8778286 0.0071809 0.4785536
217.443100 -9.6817007 0.2361781 -3.2528427 0.0182063 0.8653674 0.0059058 0.5007724
217.651400 -9.6599731 0.2354574 -3.2612042 0.0140308 0.8510613 0.0056789 0.5248480
217.859600 -9.6381407 0.2348247 -3.2685509 0.0112860 0.8353004 0.0047965 0.5496571
218.067900 -9.6164875 0.2342097 -3.2745900 0.0095999 0.8193567 0.0033199 0.5731940
218.276100 -9.5935440 0.2337875 -3.2793374 0.0083499 0.8022773 0.0007620 0.5968927
218.484300 -9.5689964 0.2330528 -3.2835345 0.0092539 0.7836056 0.0004043 0.6211895
218.692600 -9.5421534 0.2323524 -3.2866604 0.0108268 0.7641802 0.0000211 0.6449119
219.109000 -9.4796848 0.2307306 -3.2885947 0.0139345 0.7221656 -0.0018282 0.6915774
219.317300 -9.4437904 0.2299424 -3.2866390 0.0135226 0.7002668 -0.0044983 0.7137390
219.525600 -9.4047213 0.2288349 -3.2826686 0.0112442 0.6786426 -0.0042001 0.7343705
219.735500 -9.3614044 0.2278454 -3.2767224 0.0108066 0.6589882 -0.0017257 0.7520737
219.942400 -9.3155737 0.2265062 -3.2677279 0.0102963 0.6422365 -0.0001798 0.7664374
220.151400 -9.2658110 0.2256572 -3.2557631 0.0104652 0.6243644 -0.0008170 0.7810626
220.359200 -9.2123613 0.2247210 -3.2407317 0.0103271 0.6044755 0.0028175 0.7965518
220.567600 -9.1553879 0.2235380 -3.2217731 0.0099761 0.5829583 0.0098237 0.8123814
220.775800 -9.0967960 0.2226661 -3.1982198 0.0123044 0.5594376 0.0141582 0.8286602
220.880200 -9.0668745 0.2221165 -3.1852911 0.0157389 0.5471374 0.0158939 0.8367439
221.088500 -9.0058784 0.2208306 -3.1550505 0.0223565 0.5232186 0.0173158 0.8517292
221.192700 -8.9743795 0.2197795 -3.1376414 0.0214578 0.5126830 0.0174593 0.8581322
221.401400 -8.9097490 0.2176921 -3.0985665 0.0181374 0.4944676 0.0179074 0.8688223
221.505700 -8.8765879 0.2167186 -3.0777178 0.0171554 0.4870848 0.0174875 0.8730111
221.714400 -8.8092384 0.2149531 -3.0332499 0.0165015 0.4767875 0.0142005 0.8787490
221.923300 -8.7394485 0.2130185 -2.9854999 0.0143265 0.4723911 0.0102205 0.8812133
222.132200 -8.6669750 0.2104697 -2.9369624 0.0122971 0.4724245 0.0087310 0.8812421
222.341000 -8.5924606 0.2084953 -2.8866525 0.0147099 0.4733333 0.0072116 0.8807310
222.549900 -8.5156937 0.2056678 -2.8353920 0.0128121 0.4743949 0.0073798 0.8801880
222.758100 -8.4368353 0.2038516 -2.7834971 0.0105549 0.4757726 0.0075327 0.8794727
222.966600 -8.3562899 0.2015651 -2.7310565 0.0108106 0.4775719 0.0056676 0.8785079
223.175200 -8.2743340 0.1990069 -2.6781485 0.0119456 0.4801655 0.0027692 0.8770922
223.383700 -8.1896076 0.1967700 -2.6241617 0.0081663 0.4835999 0.0030331 0.8752458
223.592100 -8.1032352 0.1944377 -2.5702634 0.0057364 0.4886833 0.0019933 0.8724402
223.800700 -8.0149221 0.1921239 -2.5173347 0.0063426 0.4938560 0.0028309 0.8695160
224.008900 -7.9250097 0.1902982 -2.4651361 0.0061359 0.4991422 0.0058484 0.8664786
224.217200 -7.8332109 0.1877878 -2.4125290 0.0063568 0.5050394 0.0061945 0.8630506
224.425500 -7.7411051 0.1857561 -2.3614399 0.0073306 0.5117592 0.0041021 0.8590879
224.633700 -7.6474199 0.1832235 -2.3117106 0.0056659 0.5185065 0.0048844 0.8550410
224.841700 -7.5542002 0.1809565 -2.2645144 0.0043157 0.5243979 0.0046158 0.8514499
225.049800 -7.4607291 0.1789171 -2.2177806 0.0016070 0.5290129 0.0054750 0.8485947
225.257700 -7.3679576 0.1772001 -2.1723492 0.0051062 0.5312819 0.0070558 0.8471503
225.465900 -7.2754469 0.1751297 -2.1278765 0.0099456 0.5315148 0.0065809 0.8469650
225.673700 -7.1829557 0.1727521 -2.0823965 0.0070958 0.5321846 0.0074183 0.8465661
225.881700 -7.0908289 0.1707891 -2.0378311 0.0061496 0.5330604 0.0069173 0.8460265
225.986100 -7.0442777 0.1696566 -2.0154023 0.0079320 0.5329841 0.0066557 0.8460619
226.089900 -6.9982080 0.1686990 -1.9933574 0.0108248 0.5329276 0.0064516 0.8460670
226.193900 -6.9525380 0.1671653 -1.9712745 0.0126880 0.5332509 0.0063814 0.8458379
226.297800 -6.9060826 0.1656499 -1.9488678 0.0130713 0.5336379 0.0065078 0.8455870
226.505900 -6.8128719 0.1626310 -1.9047141 0.0116125 0.5338648 0.0076241 0.8454558
226.714100 -6.7201476 0.1596626 -1.8602039 0.0119812 0.5345936 0.0086916 0.8449796
226.818100 -6.6737552 0.1580529 -1.8382485 0.0126180 0.5346605 0.0079124 0.8449357
226.922100 -6.6275377 0.1567169 -1.8161687 0.0135095 0.5349016 0.0078109 0.8447703
227.130200 -6.5352969 0.1535074 -1.7723999 0.0109981 0.5353735 0.0084815 0.8445012
227.234600 -6.4897242 0.1522877 -1.7508497 0.0097743 0.5354653 0.0091167 0.8444514
227.338400 -6.4440570 0.1512120 -1.7292902 0.0099854 0.5351909 0.0095185 0.8446185
227.546300 -6.3537707 0.1483925 -1.6867009 0.0123675 0.5335507 0.0093349 0.8456261
227.650500 -6.3087788 0.1469740 -1.6648962 0.0125718 0.5328450 0.0090752 0.8460708
227.858600 -6.2201238 0.1441992 -1.6220914 0.0112583 0.5313634 0.0095642 0.8470151
228.066700 -6.1326604 0.1409415 -1.5791911 0.0117027 0.5305677 0.0072051 0.8475311
228.275000 -6.0446625 0.1383139 -1.5359854 0.0065946 0.5328440 0.0051450 0.8461722
228.483200 -5.9573627 0.1361203 -1.4936547 0.0017378 0.5387989 0.0023343 0.8424294
228.691700 -5.8702006 0.1339981 -1.4547970 0.0047882 0.5467171 -0.0044472 0.8372919
228.900100 -5.7819619 0.1310302 -1.4169475 0.0009868 0.5559195 -0.0042235 0.8312248
229.109100 -5.6931167 0.1291537 -1.3818784 0.0007136 0.5642513 -0.0032834 0.8255963
229.316600 -5.6033983 0.1266330 -1.3482263 0.0045315 0.5696068 -0.0031143 0.8218989
229.524700 -5.5130510 0.1243141 -1.3154104 0.0022264 0.5731986 0.0015194 0.8194121
229.733000 -5.4236465 0.1223232 -1.2830763 0.0060881 0.5772336 -0.0025636 0.8165524
229.941100 -5.3335428 0.1196683 -1.2516547 0.0052429 0.5803097 -0.0052872 0.8143619
230.149200 -5.2426734 0.1171225 -1.2211957 0.0032787 0.5813887 -0.0027804 0.8136146
230.357400 -5.1513686 0.1147513 -1.1896281 -0.0008903 0.5823025 -0.0038803 0.8129625
230.565700 -5.0609584 0.1125928 -1.1590402 -0.0028604 0.5854751 -0.0092192 0.8106329
230.878200 -4.9244204 0.1084432 -1.1160178 0.0040804 0.5926642 -0.0126755 0.8053396
231.086700 -4.8321419 0.1050325 -1.0885838 0.0027465 0.5989153 -0.0091692 0.8007552
231.295200 -4.7391472 0.1020653 -1.0621021 0.0020482 0.6058215 -0.0084523 0.7955530
231.503300 -4.6457801 0.0989684 -1.0373932 0.0032678 0.6126371 -0.0077619 0.7903194
231.711800 -4.5507627 0.0959870 -1.0142785 0.0033539 0.6184499 -0.0060944 0.7857935
231.920100 -4.4533901 0.0935834 -0.9915860 0.0033716 0.6236224 -0.0044402 0.7817058
232.128200 -4.3563223 0.0908689 -0.9702768 0.0048390 0.6276293 -0.0022946 0.7784939
232.336500 -4.2598252 0.0880602 -0.9494084 0.0087097 0.6297579 -0.0014727 0.7767412
232.440500 -4.2117648 0.0865235 -0.9393944 0.0085701 0.6307584 -0.0006630 0.7759317
232.651700 -4.1157503 0.0837290 -0.9201952 0.0056611 0.6327805 0.0022546 0.7743073
232.752900 -4.0684342 0.0821962 -0.9110992 0.0057131 0.6338958 0.0030147 0.7733915
232.856900 -4.0206757 0.0814375 -0.9016775 0.0067787 0.6350549 0.0027470 0.7724323
233.065000 -3.9265735 0.0782578 -0.8830612 0.0065618 0.6373014 0.0040774 0.7705759
233.273100 -3.8310161 0.0763696 -0.8650796 0.0068411 0.6388098 0.0045459 0.7693208
233.481200 -3.7355773 0.0739224 -0.8480718 0.0069143 0.6400573 0.0030458 0.7682900
233.689400 -3.6400580 0.0714079 -0.8308501 0.0063022 0.6412842 0.0039677 0.7672673
233.897200 -3.5427163 0.0694917 -0.8141463 0.0063576 0.6425495 0.0056279 0.7661971
234.105200 -3.4467289 0.0670012 -0.7979866 0.0095981 0.6436046 0.0061303 0.7652734
234.417200 -3.3001196 0.0635476 -0.7743051 0.0090749 0.6453499 0.0086954 0.7637838
234.729300 -3.1567416 0.0616824 -0.7535897 0.0103481 0.6467078 0.0077451 0.7626283
235.041400 -3.0131884 0.0576150 -0.7312580 0.0125987 0.6492404 0.0067525 0.7604489
235.249300 -2.9178877 0.0549742 -0.7176511 0.0117389 0.6511177 0.0045222 0.7588724
235.457500 -2.8215075 0.0524630 -0.7037152 0.0093177 0.6531282 0.0053214 0.7571713
235.665500 -2.7259395 0.0501550 -0.6902550 0.0113925 0.6546347 0.0037375 0.7558503
235.977600 -2.5858424 0.0457311 -0.6717474 0.0128249 0.6566290 0.0043907 0.7540919
236.185900 -2.4921789 0.0425632 -0.6604890 0.0128406 0.6576771 0.0065630 0.7531619
236.394600 -2.3974135 0.0396802 -0.6489536 0.0120973 0.6588641 0.0069254 0.7521328
236.705900 -2.2611134 0.0369416 -0.6329218 0.0157091 0.6601765 0.0069166 0.7509144
236.914000 -2.1718135 0.0344818 -0.6228735 0.0155810 0.6607735 0.0079177 0.7503819
237.122100 -2.0854783 0.0324426 -0.6126456 0.0152857 0.6616251 0.0080377 0.7496359
237.330200 -2.0014186 0.0299197 -0.6034945 0.0160880 0.6621131 0.0084718 0.7491834
237.538300 -1.9217190 0.0273505 -0.5939122 0.0138573 0.6627844 0.0121693 0.7485831
237.747400 -1.8441027 0.0265559 -0.5854685 0.0114740 0.6634756 0.0148571 0.7479624
237.954600 -1.7695429 0.0253840 -0.5778996 0.0125666 0.6639398 0.0141979 0.7475456
238.162700 -1.6999869 0.0243298 -0.5699049 0.0138073 0.6646963 0.0109591 0.7469057
238.475100 -1.6012321 0.0215825 -0.5599134 0.0149511 0.6646715 0.0110073 0.7469050
238.787500 -1.5091686 0.0186675 -0.5490585 0.0129918 0.6634613 0.0122849 0.7479969
239.204200 -1.3983026 0.0154998 -0.5356463 0.0149872 0.6644745 0.0101015 0.7470923
239.412800 -1.3468633 0.0141420 -0.5301722 0.0165973 0.6658984 0.0111113 0.7457750
239.621100 -1.2987362 0.0123751 -0.5253372 0.0173652 0.6671802 0.0139399 0.7445634
239.829500 -1.2534539 0.0111083 -0.5205614 0.0183487 0.6685629 0.0132197 0.7433117
240.037800 -1.2127398 0.0096182 -0.5166150 0.0194971 0.6697633 0.0116848 0.7422267
240.246200 -1.1770107 0.0079358 -0.5129388 0.0228542 0.6704655 0.0088152 0.7415362
240.558700 -1.1303728 0.0062557 -0.5085703 0.0241092 0.6700026 0.0075492 0.7419288
240.767000 -1.1039028 0.0051799 -0.5051457 0.0240644 0.6677349 0.0063493 0.7439830
240.975100 -1.0793369 0.0037981 -0.5016610 0.0225183 0.6630469 0.0054093 0.7482195
241.391100 -1.0352849 0.0018147 -0.4933746 0.0230106 0.6441786 0.0052570 0.7645109
241.703200 -1.0048937 0.0002744 -0.4842197 0.0185797 0.6241758 0.0028129 0.7810579
249.624000 -0.9696441 -0.0014128 -0.4728452 0.0183220 0.6077765 0.0006352 0.7938964
250.248700 -0.9537274 -0.0022588 -0.4664271 0.0215522 0.5927050 -0.0041559 0.8051205
250.664600 -0.9257736 -0.0035450 -0.4529974 0.0206865 0.5596882 -0.0039274 0.8284357
250.872200 -0.9067457 -0.0042569 -0.4422691 0.0184137 0.5345134 -0.0017814 0.8449575
251.080000 -0.8854803 -0.0052302 -0.4285115 0.0156060 0.5034951 -0.0015135 0.8638558
251.391500 -0.8504968 -0.0072288 -0.3994309 0.0096589 0.4480267 -0.0052363 0.8939527
251.702800 -0.8138819 -0.0084214 -0.3606701 0.0074244 0.3819245 -0.0069292 0.9241377
252.014500 -0.7770748 -0.0100465 -0.3105798 0.0061337 0.3110702 -0.0069575 0.9503417
252.222500 -0.7536334 -0.0110353 -0.2692894 0.0025888 0.2638904 -0.0054098 0.9645340
252.430600 -0.7333155 -0.0112912 -0.2224245 0.0031222 0.2179634 -0.0075633 0.9759226
252.639000 -0.7139783 -0.0122956 -0.1681965 0.0010678 0.1762379 -0.0040134 0.9843388
252.743200 -0.7051805 -0.0123269 -0.1390723 0.0012401 0.1572763 -0.0022213 0.9875513
252.951700 -0.6889005 -0.0131585 -0.0777687 0.0032545 0.1210365 0.0048170 0.9926310
253.264300 -0.6723382 -0.0144606 0.0249951 0.0040906 0.0696662 0.0087815 0.9975233
254.725500 -0.6815990 -0.0270255 0.6362010 0.0075420 -0.0215995 -0.0028320 0.9997342
255.767800 -0.7104676 -0.0354525 1.1635273 -0.0002986 -0.0284197 -0.0030204 0.9995915
256.080400 -0.7209461 -0.0383962 1.3220543 -0.0004951 -0.0308306 -0.0047975 0.9995130
257.226000 -0.7591385 -0.0492338 1.8907803 -0.0043368 -0.0319668 0.0007324 0.9994792
260.766700 -0.8754320 -0.0780463 3.5437763 -0.0021701 -0.0309509 -0.0009891 0.9995180
261.079100 -0.8841150 -0.0812862 3.6820829 0.0050163 -0.0286752 -0.0012234 0.9995754
261.704200 -0.8982241 -0.0872906 3.9587157 0.0015830 -0.0204587 -0.0001150 0.9997894
262.016600 -0.9041617 -0.0911206 4.0943751 0.0111723 -0.0190576 0.0009942 0.9997554
262.329100 -0.9112014 -0.0954722 4.2314062 0.0059501 -0.0189362 -0.0027755 0.9997991
262.641500 -0.9182291 -0.0978507 4.3720746 -0.0018777 -0.0203660 -0.0030217 0.9997863
262.954000 -0.9240606 -0.0982456 4.5163550 -0.0045034 -0.0229342 -0.0006690 0.9997266
263.266600 -0.9319357 -0.1002356 4.6625509 0.0070887 -0.0237723 0.0021194 0.9996900
263.579100 -0.9403386 -0.1041325 4.8137808 0.0066198 -0.0245271 0.0022478 0.9996747
263.787300 -0.9463084 -0.1067653 4.9170418 0.0035848 -0.0253047 0.0023222 0.9996707
263.995700 -0.9525790 -0.1091857 5.0206089 0.0059153 -0.0267211 0.0013328 0.9996246
264.204000 -0.9593312 -0.1115567 5.1258702 0.0021694 -0.0281815 0.0010491 0.9995999
264.412200 -0.9662805 -0.1139108 5.2304950 0.0007684 -0.0297206 0.0007736 0.9995577
264.620500 -0.9730881 -0.1159624 5.3363767 0.0013172 -0.0314717 0.0010616 0.9995032
264.828700 -0.9801158 -0.1179243 5.4416265 0.0000737 -0.0327888 0.0006068 0.9994621
265.037100 -0.9881167 -0.1202863 5.5464854 0.0009290 -0.0326327 -0.0000421 0.9994670
265.349500 -0.9995563 -0.1239096 5.7029781 -0.0010387 -0.0332130 0.0010618 0.9994472
265.453600 -1.0031154 -0.1244564 5.7554483 -0.0029398 -0.0341344 0.0017551 0.9994114
265.661800 -1.0109466 -0.1261291 5.8600583 -0.0025062 -0.0355213 0.0013977 0.9993648
265.870100 -1.0188568 -0.1281785 5.9646530 0.0007493 -0.0362242 0.0006069 0.9993432
266.078300 -1.0265536 -0.1301694 6.0668511 -0.0002477 -0.0349478 0.0003391 0.9993891
266.286700 -1.0331962 -0.1322203 6.1677356 -0.0007081 -0.0337956 0.0002659 0.9994285
266.495100 -1.0396723 -0.1338570 6.2670441 -0.0005608 -0.0323814 -0.0002113 0.9994754
266.703500 -1.0465889 -0.1360488 6.3656940 -0.0010034 -0.0308572 -0.0012775 0.9995225
266.911700 -1.0529590 -0.1383728 6.4620509 0.0005266 -0.0292960 -0.0015663 0.9995694
267.120100 -1.0591673 -0.1402421 6.5582075 0.0025318 -0.0275601 -0.0033959 0.9996111
267.432700 -1.0671165 -0.1435348 6.7018046 0.0023913 -0.0248728 0.0001699 0.9996877
267.641100 -1.0724384 -0.1461917 6.7967215 0.0042648 -0.0240570 -0.0024800 0.9996984
267.849300 -1.0785632 -0.1486685 6.8920884 0.0092993 -0.0235469 -0.0081363 0.9996464
268.057600 -1.0842195 -0.1518060 6.9886112 0.0078416 -0.0252905 -0.0099791 0.9995996
268.161700 -1.0872319 -0.1531872 7.0373774 0.0068588 -0.0262596 -0.0091739 0.9995895
268.370100 -1.0921870 -0.1553892 7.1346908 0.0040622 -0.0281124 -0.0037876 0.9995893
268.474200 -1.0950300 -0.1567230 7.1834993 0.0007952 -0.0292623 -0.0031495 0.9995665
268.682600 -1.1007838 -0.1574284 7.2819133 -0.0062159 -0.0310000 0.0009762 0.9994996
268.890800 -1.1072536 -0.1579037 7.3806658 -0.0021905 -0.0327097 0.0021289 0.9994602
269.099200 -1.1144068 -0.1594740 7.4811125 0.0030372 -0.0333418 0.0015113 0.9994382
269.932600 -1.1431431 -0.1688681 7.9070463 0.0044162 -0.0312221 -0.0003278 0.9995027
271.807200 -1.2012678 -0.1911827 8.8561296 -0.0009949 -0.0271157 -0.0026896 0.9996282
272.640500 -1.2215011 -0.1995596 9.2231798 0.0036814 -0.0253545 -0.0030510 0.9996670
273.161500 -1.2316625 -0.2045762 9.4457960 0.0029422 -0.0229149 0.0026106 0.9997297
273.578400 -1.2384624 -0.2088356 9.6229134 0.0042393 -0.0195133 0.0057752 0.9997839
273.995000 -1.2457705 -0.2146442 9.7987881 0.0175784 -0.0219226 0.0065279 0.9995838
274.411500 -1.2588491 -0.2216279 9.9765062 0.0031335 -0.0372734 0.0008895 0.9992998
274.724000 -1.2704000 -0.2238633 10.1095819 -0.0011461 -0.0471731 -0.0003792 0.9988860
275.037000 -1.2844782 -0.2253010 10.2498140 0.0030955 -0.0456286 -0.0033889 0.9989479
275.349900 -1.2964914 -0.2278333 10.3949165 0.0066314 -0.0425880 0.0031732 0.9990657
275.558400 -1.3048751 -0.2304390 10.4940987 0.0100469 -0.0410510 0.0035640 0.9991002
275.766900 -1.3138568 -0.2334460 10.5957298 0.0071479 -0.0398921 0.0021055 0.9991762
275.975400 -1.3217965 -0.2358643 10.7005367 0.0050109 -0.0390997 0.0033846 0.9992170
276.183900 -1.3300828 -0.2383179 10.8056660 0.0066567 -0.0383237 0.0065355 0.9992219
276.392200 -1.3382936 -0.2412480 10.9108334 0.0105102 -0.0382946 0.0074359 0.9991835
276.600600 -1.3470232 -0.2443479 11.0170307 0.0060627 -0.0376905 0.0049825 0.9992586
276.809000 -1.3551385 -0.2474209 11.1234198 0.0028426 -0.0376283 0.0044607 0.9992778
277.017400 -1.3635659 -0.2498049 11.2295122 0.0025850 -0.0375272 0.0031684 0.9992872
277.225700 -1.3721142 -0.2524034 11.3326759 0.0058237 -0.0371073 0.0033168 0.9992888
277.434000 -1.3802414 -0.2558312 11.4362431 0.0077180 -0.0368374 0.0034036 0.9992857
277.642400 -1.3880172 -0.2589692 11.5374689 0.0039510 -0.0365655 0.0060594 0.9993051
277.850700 -1.3954625 -0.2613616 11.6378040 0.0035468 -0.0362863 0.0033368 0.9993296
278.059100 -1.4034140 -0.2639307 11.7362776 0.0058310 -0.0355235 -0.0005343 0.9993517
278.267400 -1.4103930 -0.2671216 11.8333817 0.0045623 -0.0356699 -0.0005358 0.9993531
278.475700 -1.4175739 -0.2696632 11.9285831 0.0016775 -0.0367118 0.0009130 0.9993241
278.684000 -1.4247297 -0.2721745 12.0212727 0.0030266 -0.0379856 0.0009187 0.9992733
278.996200 -1.4358790 -0.2763238 12.1557579 0.0028634 -0.0399692 -0.0001839 0.9991968
279.204500 -1.4430470 -0.2781352 12.2425966 -0.0020512 -0.0413627 -0.0001917 0.9991421
279.516900 -1.4544778 -0.2808261 12.3670521 0.0005264 -0.0421230 -0.0008764 0.9991119
279.725100 -1.4615173 -0.2828564 12.4489117 0.0026673 -0.0427310 0.0001986 0.9990830
280.037700 -1.4722003 -0.2856829 12.5712700 0.0022022 -0.0422313 -0.0007351 0.9991052
280.246100 -1.4792449 -0.2880374 12.6516809 0.0067076 -0.0402184 -0.0035887 0.9991620
280.454600 -1.4861555 -0.2905143 12.7316217 0.0104159 -0.0378760 -0.0059656 0.9992104
280.663000 -1.4930160 -0.2933738 12.8121405 0.0099221 -0.0347893 -0.0087918 0.9993067
280.871400 -1.4980377 -0.2960416 12.8935575 0.0083537 -0.0318442 -0.0068020 0.9994348
281.079700 -1.5031753 -0.2984080 12.9750500 0.0071360 -0.0285413 -0.0062886 0.9995474
281.288100 -1.5078021 -0.3005467 13.0582142 0.0053871 -0.0253900 -0.0058157 0.9996462
281.496600 -1.5121212 -0.3025424 13.1431942 0.0034688 -0.0217061 -0.0074122 0.9997309
281.705000 -1.5156165 -0.3043466 13.2289076 0.0069711 -0.0178450 -0.0078080 0.9997860
281.913400 -1.5180088 -0.3062123 13.3168335 0.0039598 -0.0137681 -0.0056026 0.9998817
282.121900 -1.5203404 -0.3080531 13.4068117 0.0110840 -0.0100965 -0.0038857 0.9998801
282.330200 -1.5218832 -0.3111722 13.4986553 0.0124415 -0.0059765 -0.0037658 0.9998977
282.538600 -1.5227954 -0.3140211 13.5913553 0.0082099 -0.0016800 -0.0040771 0.9999566
282.747000 -1.5230446 -0.3168686 13.6845617 0.0118782 0.0026168 -0.0038934 0.9999185
282.955500 -1.5223430 -0.3209516 13.7792215 0.0144026 0.0067952 -0.0045863 0.9998627
283.163700 -1.5209529 -0.3245761 13.8759861 0.0114503 0.0111639 -0.0049126 0.9998600
283.372200 -1.5182198 -0.3275696 13.9737291 0.0077167 0.0152263 -0.0036112 0.9998478
283.580600 -1.5149223 -0.3309626 14.0723495 0.0071614 0.0186972 -0.0019105 0.9997977
283.788900 -1.5111561 -0.3339868 14.1719418 0.0113579 0.0200843 -0.0005375 0.9997336
283.997100 -1.5076153 -0.3378248 14.2724314 0.0116499 0.0210994 -0.0006158 0.9997093
284.205400 -1.5036353 -0.3412724 14.3751459 0.0094420 0.0217298 -0.0004438 0.9997192
284.413600 -1.4988531 -0.3447256 14.4790230 0.0109880 0.0213491 0.0009836 0.9997112
284.621900 -1.4951735 -0.3483173 14.5837049 0.0105389 0.0209467 0.0013210 0.9997241
284.830100 -1.4909427 -0.3520570 14.6892509 0.0061573 0.0202501 0.0028076 0.9997720
285.038200 -1.4873732 -0.3553149 14.7926493 0.0063849 0.0193720 0.0039775 0.9997841
285.246400 -1.4844859 -0.3585850 14.8956394 0.0082196 0.0185535 0.0019257 0.9997922
285.454600 -1.4814270 -0.3622078 14.9982977 0.0082671 0.0172381 0.0016788 0.9998158
285.662700 -1.4784641 -0.3659178 15.1008272 0.0077564 0.0159633 0.0002574 0.9998425
285.871000 -1.4760895 -0.3695681 15.2019320 0.0084863 0.0146274 -0.0012725 0.9998562
286.079200 -1.4740545 -0.3734268 15.3027954 0.0076286 0.0128911 -0.0009982 0.9998873
286.287400 -1.4726397 -0.3770615 15.4021254 0.0122827 0.0107713 0.0008444 0.9998662
286.495600 -1.4706266 -0.3806081 15.5025854 0.0048539 0.0088303 0.0022848 0.9999466
286.703900 -1.4699893 -0.3829017 15.6015329 -0.0002974 0.0081433 0.0008380 0.9999664
286.912200 -1.4699816 -0.3852185 15.6991253 0.0058294 0.0074969 -0.0051666 0.9999415
287.120500 -1.4694827 -0.3882299 15.7951107 0.0078162 0.0071085 -0.0082871 0.9999098
287.328700 -1.4690896 -0.3911915 15.8912001 0.0043010 0.0062875 -0.0111029 0.9999093
287.537000 -1.4686656 -0.3937190 15.9853821 0.0044170 0.0045292 -0.0117185 0.9999113
