3.630286 0.0000000 0.0000000 0.0000000 0.0000000 0.0000000 0.0000000 1.0000000
3.837524 0.0017853 -0.0001779 0.0390051 0.0008566 0.0263568 0.0034499 0.9996463
3.941290 0.0032484 -0.0003351 0.0580652 0.0011712 0.0376423 0.0056102 0.9992748
4.148625 0.0080711 -0.0006373 0.0985470 0.0008961 0.0565221 0.0107681 0.9983429
4.355974 0.0140405 -0.0009496 0.1393159 0.0006000 0.0713824 0.0136547 0.9973554
4.459609 0.0171741 -0.0010875 0.1598058 -0.0000593 0.0780965 0.0137846 0.9968505
4.563217 0.0207050 -0.0013713 0.1802818 -0.0001060 0.0841095 0.0138304 0.9963605
4.666947 0.0245645 -0.0015271 0.2011757 0.0012251 0.0897072 0.0138246 0.9958715
4.770559 0.0287167 -0.0016326 0.2222684 0.0029377 0.0947394 0.0139230 0.9954004
4.874319 0.0329785 -0.0017948 0.2437918 0.0041813 0.0995229 0.0144556 0.9949215
4.977967 0.0376033 -0.0019018 0.2656379 0.0047703 0.1032414 0.0144400 0.9945401
5.081656 0.0423706 -0.0021292 0.2880035 0.0050594 0.1061634 0.0142468 0.9942337
5.185269 0.0473181 -0.0023130 0.3106239 0.0059248 0.1087778 0.0148065 0.9939381
5.288943 0.0525292 -0.0025821 0.3335657 0.0066793 0.1110162 0.0141391 0.9936956
5.392622 0.0578501 -0.0028498 0.3569326 0.0071321 0.1131258 0.0144713 0.9934497
5.600026 0.0690022 -0.0034241 0.4046900 0.0057003 0.1157999 0.0146954 0.9931475
5.807340 0.0807198 -0.0040527 0.4539627 0.0055038 0.1179776 0.0161405 0.9928698
6.014715 0.0929011 -0.0044270 0.5046198 0.0061061 0.1189156 0.0167366 0.9927445
6.221927 0.1057114 -0.0049815 0.5570325 0.0070492 0.1186121 0.0164614 0.9927792
6.429280 0.1186074 -0.0056783 0.6104856 0.0064762 0.1172726 0.0165347 0.9929410
6.636673 0.1316631 -0.0063989 0.6657255 0.0072420 0.1162457 0.0168495 0.9930512
6.844097 0.1451529 -0.0071515 0.7224967 0.0075467 0.1152879 0.0171846 0.9931548
7.051471 0.1585936 -0.0076979 0.7804721 0.0061545 0.1145632 0.0196982 0.9932016
7.258923 0.1724980 -0.0086276 0.8388745 0.0074236 0.1137473 0.0211074 0.9932578
7.466210 0.1859694 -0.0097310 0.8980799 0.0070286 0.1132612 0.0210246 0.9933179
7.673572 0.2002522 -0.0106061 0.9594795 0.0066765 0.1130678 0.0218127 0.9933254
7.881024 0.2141758 -0.0112119 1.0213653 0.0071700 0.1133943 0.0222321 0.9932754
8.088400 0.2284445 -0.0123178 1.0840653 0.0077683 0.1143344 0.0216967 0.9931750
8.295863 0.2431284 -0.0131857 1.1478927 0.0076782 0.1156679 0.0204468 0.9930478
8.503235 0.2585928 -0.0140593 1.2126966 0.0070746 0.1161124 0.0189758 0.9930296
8.814436 0.2823724 -0.0157583 1.3126181 0.0083131 0.1206522 0.0188682 0.9924807
9.021867 0.2997323 -0.0169892 1.3797638 0.0073725 0.1249616 0.0173497 0.9919825
9.229148 0.3166398 -0.0183342 1.4464592 0.0084431 0.1299157 0.0167085 0.9913483
9.436507 0.3345911 -0.0197012 1.5138143 0.0093735 0.1349448 0.0155402 0.9906869
9.643856 0.3536523 -0.0213041 1.5818095 0.0086179 0.1402638 0.0135232 0.9899843
9.747566 0.3634180 -0.0217796 1.6161425 0.0084420 0.1432123 0.0129205 0.9895716
9.954854 0.3836824 -0.0227870 1.6847513 0.0091833 0.1491498 0.0130465 0.9886859
10.058450 0.3940319 -0.0233816 1.7189620 0.0099208 0.1522228 0.0128915 0.9882123
10.162270 0.4049170 -0.0241716 1.7533896 0.0098238 0.1553008 0.0132863 0.9877290
10.369540 0.4268370 -0.0257385 1.8219138 0.0099962 0.1609696 0.0121374 0.9868341
10.577010 0.4496943 -0.0270921 1.8914863 0.0103012 0.1664730 0.0124297 0.9859139
10.680800 0.4618703 -0.0279406 1.9260883 0.0103208 0.1684620 0.0140105 0.9855545
10.888380 0.4864916 -0.0294346 1.9954280 0.0106813 0.1719544 0.0139890 0.9849477
10.992100 0.4991613 -0.0303468 2.0303040 0.0105461 0.1736522 0.0136469 0.9846560
11.096280 0.5121094 -0.0312027 2.0649014 0.0109933 0.1752345 0.0131105 0.9843780
11.199650 0.5249383 -0.0319856 2.0998158 0.0113690 0.1774557 0.0124992 0.9839838
11.303360 0.5378246 -0.0330927 2.1346667 0.0109797 0.1797747 0.0121896 0.9835710
11.407080 0.5508338 -0.0341115 2.1692114 0.0111380 0.1821104 0.0122572 0.9831386
11.510570 0.5642796 -0.0351071 2.2041070 0.0113689 0.1842685 0.0121781 0.9827347
11.614180 0.5778505 -0.0361308 2.2390103 0.0113126 0.1865758 0.0118703 0.9823037
11.821430 0.6055591 -0.0381511 2.3090289 0.0109124 0.1908336 0.0122288 0.9814855
11.925060 0.6196436 -0.0390629 2.3439100 0.0111957 0.1928432 0.0127329 0.9810831
12.028650 0.6338873 -0.0400143 2.3788056 0.0117084 0.1947032 0.0127789 0.9807091
12.132140 0.6483794 -0.0411077 2.4141269 0.0123925 0.1966364 0.0126349 0.9803168
12.235950 0.6632165 -0.0420821 2.4494605 0.0130058 0.1983325 0.0128990 0.9799636
12.339620 0.6780878 -0.0431303 2.4848363 0.0133287 0.2000140 0.0126133 0.9796212
12.546850 0.7083728 -0.0454674 2.5555491 0.0132089 0.2038936 0.0126697 0.9788219
12.754210 0.7396594 -0.0475023 2.6264994 0.0134757 0.2075439 0.0145985 0.9780239
12.961450 0.7711236 -0.0496881 2.6970110 0.0128300 0.2103782 0.0148455 0.9774231
13.168790 0.8032417 -0.0518155 2.7676773 0.0142810 0.2132705 0.0138085 0.9767912
13.376170 0.8357560 -0.0541794 2.8386180 0.0157192 0.2166072 0.0127268 0.9760493
13.583380 0.8686798 -0.0566352 2.9098902 0.0164278 0.2204531 0.0122654 0.9751821
13.790730 0.9025041 -0.0594649 2.9809213 0.0154039 0.2242186 0.0121046 0.9743419
13.998450 0.9370860 -0.0618460 3.0516710 0.0153623 0.2281919 0.0115514 0.9734265
14.205920 0.9723228 -0.0645843 3.1221044 0.0159735 0.2317729 0.0110559 0.9725759
14.412870 1.0082035 -0.0671940 3.1924884 0.0159632 0.2344736 0.0118633 0.9719190
14.620330 1.0442730 -0.0698184 3.2623868 0.0159384 0.2371721 0.0134494 0.9712438
14.827390 1.0804460 -0.0722573 3.3320193 0.0164446 0.2399592 0.0127860 0.9705595
15.034850 1.1167660 -0.0746980 3.4021971 0.0178923 0.2431026 0.0123669 0.9697567
15.242180 1.1546044 -0.0777392 3.4714775 0.0184968 0.2457599 0.0116726 0.9690840
15.449500 1.1918578 -0.0800724 3.5418210 0.0179431 0.2487178 0.0129193 0.9683236
15.656680 1.2308289 -0.0834547 3.6117914 0.0177845 0.2519152 0.0116315 0.9675159
15.864040 1.2696855 -0.0865345 3.6814990 0.0173542 0.2556197 0.0107693 0.9665616
16.071400 1.3088500 -0.0895477 3.7506618 0.0173247 0.2594743 0.0103170 0.9655395
16.278760 1.3484250 -0.0923654 3.8203158 0.0172567 0.2640367 0.0095115 0.9643114
16.486210 1.3891022 -0.0955968 3.8884149 0.0178635 0.2676734 0.0098592 0.9632937
16.693380 1.4305041 -0.0989116 3.9568915 0.0180901 0.2715580 0.0092364 0.9622077
16.900690 1.4712393 -0.1018335 4.0249038 0.0184002 0.2756144 0.0098425 0.9610417
17.107930 1.5142322 -0.1052598 4.0935097 0.0200014 0.2791443 0.0118625 0.9599676
17.315330 1.5572449 -0.1087805 4.1613784 0.0209482 0.2821973 0.0133210 0.9590352
17.522740 1.5997052 -0.1112684 4.2292352 0.0226919 0.2856473 0.0142562 0.9579601
17.730020 1.6438830 -0.1148235 4.2967424 0.0230382 0.2892281 0.0137416 0.9568843
17.937820 1.6892784 -0.1180949 4.3646145 0.0239448 0.2927482 0.0136532 0.9557922
18.144610 1.7343802 -0.1216274 4.4325004 0.0242410 0.2957948 0.0138239 0.9548438
18.351820 1.7823472 -0.1253913 4.5011539 0.0239638 0.2978466 0.0152866 0.9541905
18.559140 1.8299341 -0.1291106 4.5697656 0.0232826 0.3001969 0.0152455 0.9534712
18.766280 1.8779926 -0.1325035 4.6382527 0.0231023 0.3026471 0.0164093 0.9526814
18.869920 1.9025939 -0.1341688 4.6727872 0.0236270 0.3036468 0.0160286 0.9523568
19.077140 1.9510107 -0.1375962 4.7416935 0.0248173 0.3069114 0.0146444 0.9513018
19.180870 1.9760441 -0.1395785 4.7766666 0.0241450 0.3093572 0.0141367 0.9505342
19.388220 2.0264912 -0.1431123 4.8461175 0.0222264 0.3148740 0.0124698 0.9487913
19.491840 2.0529709 -0.1451287 4.8807507 0.0222506 0.3168735 0.0131904 0.9481151
19.595460 2.0791280 -0.1464977 4.9153223 0.0228362 0.3189980 0.0140361 0.9473763
19.699070 2.1055226 -0.1482886 4.9500718 0.0231569 0.3211518 0.0143053 0.9466365
19.802840 2.1319976 -0.1500663 4.9848642 0.0229353 0.3232861 0.0146728 0.9459095
19.906420 2.1585224 -0.1517639 5.0197062 0.0222366 0.3258786 0.0151292 0.9450290
20.010030 2.1854568 -0.1535215 5.0539632 0.0213822 0.3278626 0.0144519 0.9443728
20.217270 2.2398562 -0.1572116 5.1222286 0.0211704 0.3320387 0.0144853 0.9429169
20.424500 2.2953949 -0.1605552 5.1911011 0.0208223 0.3365659 0.0160720 0.9412925
20.528120 2.3232589 -0.1622279 5.2253923 0.0205760 0.3385003 0.0154110 0.9406151
20.631730 2.3515201 -0.1639156 5.2594814 0.0200471 0.3401952 0.0158380 0.9400077
20.735350 2.3795629 -0.1655071 5.2932038 0.0195945 0.3417425 0.0163771 0.9394466
20.838960 2.4078648 -0.1669702 5.3270164 0.0195677 0.3433706 0.0150566 0.9388754
20.942580 2.4357705 -0.1685734 5.3602738 0.0196732 0.3451103 0.0131136 0.9382643
21.046320 2.4640489 -0.1700985 5.3934336 0.0199770 0.3464374 0.0115711 0.9377890
21.149940 2.4928274 -0.1719029 5.4267807 0.0187161 0.3480229 0.0110413 0.9372342
21.253550 2.5211387 -0.1734869 5.4595971 0.0183903 0.3495500 0.0119966 0.9366603
21.357170 2.5491300 -0.1750300 5.4919624 0.0185904 0.3511075 0.0117037 0.9360774
21.460820 2.5774429 -0.1765184 5.5246282 0.0183807 0.3527897 0.0108301 0.9354594
21.564620 2.6055355 -0.1781628 5.5570822 0.0165590 0.3546892 0.0105317 0.9347783
21.668140 2.6340604 -0.1796845 5.5893002 0.0153617 0.3562353 0.0098010 0.9342186
21.875360 2.6899860 -0.1823023 5.6524181 0.0154940 0.3597021 0.0095228 0.9328899
21.979040 2.7177992 -0.1837182 5.6830969 0.0152968 0.3613076 0.0098424 0.9322693
22.082650 2.7457078 -0.1850386 5.7138319 0.0147183 0.3629384 0.0095426 0.9316480
22.186210 2.7729874 -0.1864079 5.7439113 0.0143778 0.3646156 0.0079153 0.9310135
22.290250 2.8004718 -0.1876857 5.7738991 0.0141777 0.3663095 0.0027626 0.9303809
22.497250 2.8539824 -0.1911623 5.8314366 0.0213719 0.3696760 0.0014319 0.9289138
22.600850 2.8814268 -0.1930206 5.8600278 0.0205722 0.3701479 0.0056994 0.9287275
22.808100 2.9367073 -0.1957435 5.9182091 0.0103792 0.3730323 0.0063301 0.9277387
23.015390 2.9901671 -0.1973719 5.9738407 0.0078674 0.3761214 0.0038576 0.9265289
23.119010 3.0164294 -0.1985348 6.0009346 0.0096880 0.3776327 0.0060138 0.9258853
23.326370 3.0727911 -0.2007872 6.0565910 0.0141849 0.3801324 0.0073212 0.9247943
23.533710 3.1246076 -0.2030152 6.1086807 0.0137360 0.3829029 0.0079943 0.9236519
23.741080 3.1736758 -0.2033767 6.1634784 0.0137010 0.3861119 0.0083681 0.9223123
23.948430 3.2152452 -0.2044712 6.2056179 0.0140249 0.3882700 0.0077605 0.9214063
24.155650 3.2533178 -0.2048108 6.2472095 0.0127962 0.3909000 0.0096368 0.9202937
24.363000 3.2870340 -0.2056244 6.2815261 0.0130043 0.3947681 0.0092336 0.9186424
24.570240 3.2996330 -0.2061146 6.2943130 0.0139305 0.4016716 0.0038510 0.9156697
24.777590 3.3012819 -0.2059525 6.2976403 0.0139846 0.4091577 -0.0003172 0.9123564
24.984880 3.3027906 -0.2059461 6.3004475 0.0138330 0.4165049 -0.0043671 0.9090177
25.191950 3.3036871 -0.2057426 6.3033419 0.0124257 0.4255640 -0.0048270 0.9048302
25.399160 3.3058286 -0.2062589 6.3065510 0.0091146 0.4304738 0.0059317 0.9025376
26.435440 3.3118243 -0.2066933 6.3156805 0.0046739 0.4422271 -0.0158285 0.8967512
26.642670 3.3123064 -0.2066711 6.3161688 0.0049403 0.4416217 -0.0151277 0.8970602
26.849920 3.3124919 -0.2066843 6.3163013 0.0028699 0.4399374 -0.0144266 0.8979079
27.057260 3.3126097 -0.2066930 6.3163691 0.0032411 0.4386358 -0.0169803 0.8984987
27.264530 3.3128414 -0.2066965 6.3165841 0.0044005 0.4376713 -0.0154267 0.8989919
27.471850 3.3131404 -0.2067290 6.3167238 0.0037988 0.4356082 -0.0142594 0.9000154
27.679200 3.3133729 -0.2067365 6.3170128 0.0027664 0.4352715 -0.0144340 0.9001793
27.886560 3.3134823 -0.2067333 6.3170643 0.0031128 0.4343527 -0.0149684 0.9006131
28.301020 3.3137240 -0.2067555 6.3172874 0.0018291 0.4332579 -0.0153296 0.9011378
28.508250 3.3138361 -0.2067596 6.3173819 0.0022371 0.4335071 -0.0153187 0.9010172
28.715630 3.3139811 -0.2067742 6.3175206 0.0013385 0.4336523 -0.0151871 0.9009513
28.922840 3.3140833 -0.2067718 6.3175740 0.0005210 0.4337761 -0.0152500 0.9008915
29.130070 3.3142028 -0.2067683 6.3176565 0.0010200 0.4336584 -0.0161944 0.9009312
29.337430 3.3143115 -0.2067752 6.3177443 0.0009823 0.4336463 -0.0156996 0.9009459
29.544660 3.3144522 -0.2067835 6.3178449 0.0012534 0.4332019 -0.0160871 0.9011524
29.752010 3.3145633 -0.2067902 6.3179350 0.0003136 0.4330741 -0.0153871 0.9012269
30.062730 3.3147440 -0.2067951 6.3180761 0.0004613 0.4325123 -0.0150965 0.9015015
30.373580 3.3149216 -0.2068002 6.3182173 -0.0000499 0.4322687 -0.0152176 0.9016164
30.684470 3.3151007 -0.2068058 6.3183594 -0.0014245 0.4324840 -0.0152836 0.9015109
30.995560 3.3152647 -0.2068125 6.3185005 0.0002117 0.4334623 -0.0165900 0.9010190
31.306520 3.3154559 -0.2068221 6.3186312 -0.0014821 0.4327908 -0.0145838 0.9013752
31.617470 3.3156338 -0.2068276 6.3187571 -0.0006097 0.4323080 -0.0141917 0.9016141
31.928570 3.3158045 -0.2068329 6.3188829 -0.0014529 0.4322161 -0.0127713 0.9016784
32.239540 3.3159771 -0.2068371 6.3190050 -0.0017803 0.4317864 -0.0121164 0.9018927
32.550780 3.3161550 -0.2068398 6.3191223 -0.0025072 0.4305949 -0.0135640 0.9024399
32.861740 3.3163319 -0.2068402 6.3192425 -0.0015023 0.4289632 -0.0120360 0.9032405
33.172920 3.3164990 -0.2068444 6.3193636 -0.0015557 0.4277178 -0.0118946 0.9038327
33.483810 3.3166702 -0.2068466 6.3194857 -0.0018220 0.4263947 -0.0124753 0.9044493
33.794940 3.3168375 -0.2068494 6.3196068 -0.0018087 0.4258151 -0.0140308 0.9046996
34.105990 3.3170002 -0.2068519 6.3197274 -0.0031264 0.4263178 -0.0131390 0.9044726
34.520830 3.3172112 -0.2068541 6.3198805 -0.0007101 0.4259890 -0.0139199 0.9046209
34.935420 3.3173857 -0.2068612 6.3200302 -0.0017330 0.4271084 -0.0123488 0.9041144
35.350130 3.3175724 -0.2068633 6.3201761 -0.0019068 0.4273451 -0.0130627 0.9039922
35.764770 3.3177612 -0.2068698 6.3203154 -0.0021517 0.4260722 -0.0122773 0.9046033
36.075840 3.3179045 -0.2068724 6.3204193 -0.0011437 0.4252361 -0.0129468 0.9049891
36.490550 3.3180904 -0.2068764 6.3205547 -0.0021033 0.4242512 -0.0115805 0.9054680
36.905210 3.3183024 -0.2068773 6.3206863 -0.0008688 0.4217432 -0.0120146 0.9066353
37.319950 3.3184571 -0.2068958 6.3207927 -0.0025159 0.4211414 -0.0136576 0.9068887
37.734660 3.3186128 -0.2068966 6.3209500 -0.0023542 0.4229637 -0.0130774 0.9060492
38.149250 3.3187647 -0.2069044 6.3210430 -0.0026414 0.4228780 -0.0137117 0.9060790
38.563710 3.3189032 -0.2069099 6.3211403 -0.0020236 0.4227038 -0.0121275 0.9061845
38.978300 3.3190188 -0.2069126 6.3212285 -0.0018474 0.4212605 -0.0134343 0.9068383
39.392880 3.3191352 -0.2069145 6.3213186 -0.0021595 0.4200338 -0.0119483 0.9074272
39.807600 3.3192449 -0.2069157 6.3214092 -0.0005583 0.4185145 -0.0124171 0.9081250
40.222330 3.3193536 -0.2069187 6.3215008 -0.0013663 0.4171366 -0.0139690 0.9087355
40.637020 3.3194623 -0.2069205 6.3215909 -0.0006333 0.4161680 -0.0130563 0.9091938
41.051600 3.3195677 -0.2069226 6.3216782 -0.0007053 0.4163465 -0.0144220 0.9090914
41.466320 3.3196774 -0.2069246 6.3217702 0.0004562 0.4154405 -0.0125453 0.9095337
41.880900 3.3197827 -0.2069277 6.3218608 0.0003713 0.4139352 -0.0122973 0.9102232
42.295640 3.3198872 -0.2069300 6.3219514 0.0004109 0.4123121 -0.0135139 0.9109424
42.710200 3.3199868 -0.2069330 6.3220406 0.0001017 0.4111967 -0.0137974 0.9114422
43.124790 3.3201013 -0.2069363 6.3221331 0.0001864 0.4120045 -0.0156835 0.9110468
43.642870 3.3202291 -0.2069396 6.3222437 -0.0001576 0.4137585 -0.0147060 0.9102679
44.161070 3.3203464 -0.2069433 6.3223438 0.0018123 0.4134400 -0.0158338 0.9103919
44.679140 3.3204505 -0.2069462 6.3224349 0.0016238 0.4105749 -0.0140801 0.9117167
45.093740 3.3205175 -0.2069459 6.3225126 0.0002056 0.4090767 -0.0143119 0.9123877
45.508320 3.3206251 -0.2069534 6.3225899 0.0001206 0.4071272 -0.0140902 0.9132628
46.026650 3.3207281 -0.2069540 6.3226905 -0.0012147 0.4082402 -0.0164170 0.9127261
46.544720 3.3208399 -0.2069570 6.3227887 -0.0009204 0.4073350 -0.0160074 0.9131380
47.063060 3.3209481 -0.2069606 6.3228879 -0.0030667 0.4066997 -0.0146629 0.9134391
47.581030 3.3210621 -0.2069659 6.3229861 -0.0030144 0.4033991 -0.0109934 0.9149532
47.995840 3.3211398 -0.2069682 6.3230600 -0.0039631 0.4010986 -0.0117447 0.9159510
48.410450 3.3212183 -0.2069704 6.3231344 -0.0042447 0.3988691 -0.0105990 0.9169368
48.825160 3.3212962 -0.2069725 6.3232112 -0.0048466 0.3975030 -0.0110380 0.9175217
49.964780 3.3213511 -0.2069796 6.3233776 -0.0057888 0.3990192 -0.0114017 0.9168534
50.586610 3.3214130 -0.2069841 6.3234720 -0.0077690 0.3977167 -0.0092526 0.9174287
51.105070 3.3214593 -0.2069882 6.3235536 -0.0067958 0.3955906 -0.0083040 0.9183643
52.349180 3.3215435 -0.2069969 6.3237495 -0.0112586 0.3940670 -0.0065063 0.9189897
52.867640 3.3215752 -0.2070012 6.3238497 -0.0093473 0.3958460 -0.0029721 0.9182645
53.385840 3.3215928 -0.2070085 6.3239613 -0.0099692 0.3982566 -0.0026388 0.9172161
53.800320 3.3216052 -0.2070130 6.3240557 -0.0131360 0.4003799 -0.0019979 0.9162529
54.422370 3.3216910 -0.2070183 6.3241882 -0.0106999 0.4005613 0.0005380 0.9162073
55.458900 3.3217936 -0.2070298 6.3243999 -0.0134378 0.3985933 -0.0016325 0.9170279
55.769890 3.3218243 -0.2070334 6.3244772 -0.0133367 0.3983770 0.0001230 0.9171248
55.977290 3.3218417 -0.2070367 6.3245416 -0.0128537 0.4001327 0.0000159 0.9163671
56.184470 3.3218484 -0.2070400 6.3245974 -0.0158162 0.4011374 0.0029594 0.9158766
56.391700 3.3218813 -0.2070423 6.3246517 -0.0187311 0.4012382 0.0007553 0.9157819
56.598920 3.3219090 -0.2070442 6.3246975 -0.0191096 0.4007569 -0.0014186 0.9159840
56.806030 3.3219328 -0.2070465 6.3247461 -0.0189014 0.4005167 -0.0014907 0.9160933
57.013380 3.3219566 -0.2070495 6.3248081 -0.0183993 0.4021552 0.0012390 0.9153858
57.220620 3.3219805 -0.2070514 6.3248558 -0.0200938 0.4016944 0.0029489 0.9155486
57.842180 3.3220396 -0.2070605 6.3250332 -0.0200973 0.4021196 0.0053646 0.9153509
58.049530 3.3220577 -0.2070633 6.3250999 -0.0264499 0.4032299 0.0055971 0.9146993
58.464000 3.3220840 -0.2070671 6.3251886 -0.0295586 0.3991718 0.0041644 0.9163901
58.671360 3.3220930 -0.2070688 6.3252201 -0.0329439 0.3958143 0.0041422 0.9177302
58.878710 3.3221002 -0.2070697 6.3252597 -0.0372962 0.3925437 0.0038500 0.9189688
59.086070 3.3221931 -0.2070506 6.3252764 -0.0428290 0.3836782 -0.0038009 0.9224653
59.293570 3.3222392 -0.2070537 6.3253188 -0.0489377 0.3791714 -0.0065285 0.9240084
59.500910 3.3222759 -0.2070591 6.3253517 -0.0520548 0.3729598 -0.0060875 0.9263662
59.708260 3.3223259 -0.2070536 6.3253889 -0.0541976 0.3661529 -0.0081823 0.9289390
59.812000 3.3223362 -0.2070589 6.3254004 -0.0532216 0.3621685 -0.0052135 0.9305774
60.019480 3.3223739 -0.2070578 6.3254318 -0.0535993 0.3537889 -0.0027629 0.9337842
60.226840 3.3224120 -0.2070572 6.3254662 -0.0556805 0.3456200 -0.0010407 0.9367206
60.434070 3.3224497 -0.2070563 6.3255014 -0.0578970 0.3368777 -0.0004401 0.9397665
60.537830 3.3224678 -0.2070559 6.3255191 -0.0583863 0.3326030 0.0001183 0.9412578
60.641430 3.3224869 -0.2070546 6.3255377 -0.0595273 0.3283108 0.0008770 0.9426917
60.745170 3.3225055 -0.2070527 6.3255558 -0.0598969 0.3235338 0.0017367 0.9443173
60.848780 3.3225241 -0.2070500 6.3255758 -0.0591590 0.3186702 0.0028030 0.9460136
60.952400 3.3225431 -0.2070469 6.3255959 -0.0591625 0.3137085 0.0039457 0.9476662
61.056140 3.3225613 -0.2070442 6.3256159 -0.0584283 0.3085833 0.0049602 0.9493881
61.159760 3.3225787 -0.2070414 6.3256369 -0.0569812 0.3030969 0.0059200 0.9512362
61.263370 3.3225963 -0.2070386 6.3256574 -0.0564833 0.2975627 0.0067153 0.9530063
61.366980 3.3226132 -0.2070358 6.3256788 -0.0570579 0.2922941 0.0071828 0.9545978
61.470630 3.3226290 -0.2070329 6.3256998 -0.0565000 0.2869757 0.0074694 0.9562411
61.574220 3.3226449 -0.2070301 6.3257213 -0.0556027 0.2806218 0.0082715 0.9581708
61.677850 3.3226607 -0.2070274 6.3257432 -0.0532447 0.2747124 0.0088314 0.9600105
61.784120 3.3226748 -0.2070245 6.3257642 -0.0522194 0.2698214 0.0093751 0.9614477
61.885240 3.3226886 -0.2070216 6.3257866 -0.0521438 0.2642399 0.0079517 0.9630135
62.092420 3.3227105 -0.2070150 6.3258214 -0.0492828 0.2555605 0.0001437 0.9655361
62.196570 3.3227184 -0.2070134 6.3258352 -0.0481975 0.2522704 -0.0029467 0.9664512
62.300010 3.3227236 -0.2070125 6.3258438 -0.0476615 0.2503972 -0.0028642 0.9669651
62.403410 3.3227265 -0.2070119 6.3258486 -0.0471615 0.2495169 -0.0046181 0.9672103
62.714120 3.3227386 -0.2070100 6.3258696 -0.0452033 0.2444473 -0.0028649 0.9686041
62.921550 3.3227468 -0.2070085 6.3258839 -0.0439371 0.2406437 -0.0037294 0.9696113
63.128570 3.3227549 -0.2070069 6.3258991 -0.0430523 0.2368843 -0.0053697 0.9705687
63.335690 3.3227630 -0.2070053 6.3259158 -0.0431612 0.2329443 -0.0053802 0.9715169
63.542910 3.3227704 -0.2070038 6.3259296 -0.0428866 0.2291492 -0.0035675 0.9724395
63.750030 3.3227727 -0.2070034 6.3259330 -0.0414037 0.2276810 -0.0045245 0.9728446
63.957240 3.3227789 -0.2070025 6.3259444 -0.0393673 0.2238775 -0.0048034 0.9738100
64.164350 3.3227844 -0.2070016 6.3259563 -0.0393749 0.2202933 -0.0044550 0.9746284
64.267970 3.3227873 -0.2070012 6.3259625 -0.0398534 0.2188599 -0.0044574 0.9749319
64.371580 3.3227899 -0.2070008 6.3259683 -0.0389000 0.2177173 -0.0048883 0.9752241
64.475200 3.3227930 -0.2070003 6.3259740 -0.0383769 0.2162257 -0.0052682 0.9755747
64.578710 3.3227956 -0.2070001 6.3259807 -0.0377863 0.2148463 -0.0052476 0.9759025
64.785940 3.3228011 -0.2069991 6.3259926 -0.0370928 0.2117386 -0.0042471 0.9766129
64.993150 3.3228068 -0.2069983 6.3260059 -0.0373259 0.2088131 -0.0038194 0.9772355
65.200410 3.3228116 -0.2069972 6.3260188 -0.0378497 0.2059951 -0.0039201 0.9778129
65.407740 3.3228157 -0.2069963 6.3260322 -0.0390336 0.2037604 -0.0032075 0.9782371
65.614970 3.3228188 -0.2069957 6.3260450 -0.0373508 0.2019803 -0.0028786 0.9786729
65.822450 3.3228230 -0.2069958 6.3260598 -0.0323499 0.1989943 -0.0029271 0.9794622
66.029810 3.3228264 -0.2069963 6.3260746 -0.0337813 0.1966496 -0.0010690 0.9798911
66.237180 3.3228254 -0.2069970 6.3260875 -0.0375380 0.1966957 0.0010676 0.9797451
66.444520 3.3228250 -0.2069975 6.3261013 -0.0420651 0.1952821 0.0000144 0.9798446
66.548250 3.3228271 -0.2069972 6.3261042 -0.0409593 0.1911913 0.0027070 0.9806941
66.651880 3.3228285 -0.2069971 6.3261123 -0.0404474 0.1897186 0.0044728 0.9809948
66.859100 3.3228314 -0.2069972 6.3261285 -0.0401950 0.1859735 0.0062171 0.9817126
67.066340 3.3228362 -0.2069969 6.3261418 -0.0416328 0.1789831 0.0091431 0.9829283
67.273570 3.3228412 -0.2069963 6.3261547 -0.0419500 0.1696513 0.0123522 0.9845334
67.377190 3.3228436 -0.2069961 6.3261614 -0.0422959 0.1648205 0.0141814 0.9853142
67.480800 3.3228464 -0.2069956 6.3261685 -0.0412433 0.1597083 0.0166550 0.9861617
67.584290 3.3228483 -0.2069956 6.3261752 -0.0409552 0.1545609 0.0184216 0.9869621
67.791520 3.3228531 -0.2069952 6.3261914 -0.0411822 0.1432910 0.0224748 0.9885679
67.895140 3.3228550 -0.2069952 6.3261995 -0.0421469 0.1375043 0.0232939 0.9893299
67.998740 3.3228569 -0.2069951 6.3262091 -0.0439508 0.1314134 0.0253200 0.9900292
68.205860 3.3228602 -0.2069955 6.3262272 -0.0463711 0.1180451 0.0294160 0.9914886
68.309500 3.3228617 -0.2069954 6.3262382 -0.0473079 0.1107137 0.0310580 0.9922398
68.412960 3.3228631 -0.2069953 6.3262491 -0.0486050 0.1028084 0.0331172 0.9929608
68.516600 3.3228638 -0.2069952 6.3262606 -0.0492096 0.0947118 0.0346784 0.9936828
68.620200 3.3228641 -0.2069951 6.3262730 -0.0488421 0.0858149 0.0359756 0.9944627
68.723700 3.3228648 -0.2069950 6.3262858 -0.0493089 0.0759915 0.0377062 0.9951745
68.827300 3.3228638 -0.2069947 6.3263006 -0.0499723 0.0658699 0.0394504 0.9957950
68.930920 3.3228629 -0.2069944 6.3263140 -0.0503815 0.0560201 0.0411475 0.9963083
69.034420 3.3228626 -0.2069941 6.3263240 -0.0506512 0.0471841 0.0406471 0.9967728
69.138040 3.3228598 -0.2069937 6.3263397 -0.0470612 0.0357449 0.0378833 0.9975331
69.241640 3.3228576 -0.2069936 6.3263507 -0.0448524 0.0271902 0.0351414 0.9980050
69.345250 3.3228555 -0.2069933 6.3263612 -0.0424793 0.0189894 0.0341581 0.9983327
