3.630286 0.0000000 0.0000000 0.0000000 0.0000000 0.0000000 0.0000000 1.0000000
3.837524 0.0056406 -0.0005761 0.0461870 0.0005787 0.0235629 0.0037865 0.9997150
3.941290 0.0210652 -0.0011392 0.0631645 0.0012296 0.0249214 0.0069889 0.9996642
4.148625 0.0392967 -0.0029997 0.1068485 0.0005912 0.0332432 0.0133720 0.9993576
4.252293 0.0493059 -0.0056487 0.1283281 -0.0011875 0.0348804 0.0155597 0.9992697
4.355974 0.0581959 -0.0071300 0.1500366 -0.0024343 0.0364386 0.0173553 0.9991822
4.459609 0.0670252 -0.0083343 0.1714070 -0.0039966 0.0370870 0.0180252 0.9991415
4.563217 0.0752672 -0.0098571 0.1933362 -0.0053631 0.0375703 0.0182764 0.9991124
4.666947 0.0830179 -0.0108625 0.2155189 -0.0050570 0.0376626 0.0186433 0.9991038
4.770559 0.0908611 -0.0115427 0.2382360 -0.0042854 0.0370372 0.0191350 0.9991215
4.874319 0.0981644 -0.0120982 0.2611097 -0.0038300 0.0360400 0.0199547 0.9991438
4.977967 0.1060193 -0.0111500 0.2849970 -0.0026288 0.0334201 0.0200326 0.9992371
5.081656 0.1134243 -0.0105626 0.3091865 -0.0016576 0.0298179 0.0201309 0.9993512
5.185269 0.1202365 -0.0104944 0.3334455 -0.0010145 0.0258990 0.0211887 0.9994395
5.288943 0.1265667 -0.0103508 0.3581746 -0.0002088 0.0216043 0.0209468 0.9995471
5.392622 0.1324399 -0.0100205 0.3831297 0.0005772 0.0169099 0.0216324 0.9996228
5.496314 0.1379739 -0.0097591 0.4086847 0.0004778 0.0113633 0.0220146 0.9996930
5.703641 0.1473823 -0.0100427 0.4608606 -0.0016797 -0.0013815 0.0227064 0.9997398
5.910955 0.1537389 -0.0068226 0.5148885 0.0035837 -0.0163675 0.0224042 0.9996086
6.014715 0.1536658 -0.0067145 0.5350870 0.0044377 -0.0171606 0.0242225 0.9995494
6.118447 0.1529871 -0.0066903 0.5524709 0.0048948 -0.0170317 0.0233158 0.9995711
6.221927 0.1522321 -0.0068369 0.5689465 0.0057841 -0.0171693 0.0230062 0.9995711
6.325669 0.1516899 -0.0070584 0.5860963 0.0057429 -0.0178490 0.0235410 0.9995470
6.429280 0.1509949 -0.0073422 0.6033596 0.0052149 -0.0185434 0.0230725 0.9995482
6.533021 0.1503430 -0.0075900 0.6207977 0.0055574 -0.0191556 0.0236174 0.9995221
6.636673 0.1496917 -0.0078289 0.6386926 0.0059299 -0.0197411 0.0236082 0.9995088
6.740399 0.1490981 -0.0080954 0.6568000 0.0062298 -0.0203135 0.0243363 0.9994780
6.844097 0.1482596 -0.0083500 0.6749667 0.0061910 -0.0207441 0.0241929 0.9994729
6.947755 0.1475329 -0.0086047 0.6932243 0.0053557 -0.0212815 0.0250735 0.9994447
7.051471 0.1468443 -0.0089568 0.7117414 0.0041822 -0.0216347 0.0259429 0.9994205
7.155209 0.1459719 -0.0091487 0.7304734 0.0048035 -0.0219108 0.0268564 0.9993876
7.362568 0.1443896 -0.0097647 0.7681009 0.0055364 -0.0228193 0.0272765 0.9993521
7.466210 0.1434220 -0.0101080 0.7870770 0.0053727 -0.0228969 0.0274215 0.9993473
7.673572 0.1417488 -0.0106660 0.8261915 0.0050138 -0.0232540 0.0281908 0.9993194
7.881024 0.1398207 -0.0113449 0.8658347 0.0051794 -0.0230937 0.0286368 0.9993097
8.088400 0.1377736 -0.0121220 0.9060207 0.0059771 -0.0221087 0.0282294 0.9993390
8.295863 0.1358355 -0.0128003 0.9467290 0.0059858 -0.0207843 0.0273074 0.9993930
8.503235 0.1341149 -0.0133202 0.9881384 0.0058369 -0.0202291 0.0258274 0.9994447
8.710698 0.1322360 -0.0140301 1.0302752 0.0067845 -0.0179120 0.0252104 0.9994987
8.918107 0.1305603 -0.0148272 1.0731003 0.0068743 -0.0131639 0.0245002 0.9995895
9.125548 0.1297212 -0.0158792 1.1163194 0.0069393 -0.0086971 0.0232804 0.9996670
9.332783 0.1292073 -0.0167795 1.1602886 0.0086615 -0.0040079 0.0233530 0.9996817
9.540126 0.1289188 -0.0179359 1.2045491 0.0085910 0.0009764 0.0219016 0.9997227
9.643856 0.1288637 -0.0186187 1.2269232 0.0081513 0.0038302 0.0209237 0.9997405
9.851216 0.1292228 -0.0195481 1.2721680 0.0077243 0.0097956 0.0207458 0.9997070
10.058450 0.1303660 -0.0205358 1.3177198 0.0089281 0.0153939 0.0208051 0.9996251
10.265950 0.1315947 -0.0215073 1.3640956 0.0091677 0.0217551 0.0211410 0.9994977
10.577010 0.1355780 -0.0230349 1.4335598 0.0096377 0.0284305 0.0208452 0.9993320
10.680800 0.1366943 -0.0237972 1.4576222 0.0090869 0.0310670 0.0221455 0.9992306
10.888380 0.1400283 -0.0243949 1.5043209 0.0102511 0.0336022 0.0222506 0.9991350
10.992100 0.1416691 -0.0250623 1.5281681 0.0102265 0.0354255 0.0219676 0.9990785
11.096280 0.1434962 -0.0256649 1.5519793 0.0108073 0.0372046 0.0214934 0.9990180
11.199650 0.1452195 -0.0263373 1.5758939 0.0109898 0.0395086 0.0207235 0.9989439
11.303360 0.1470670 -0.0271069 1.5996112 0.0106038 0.0418472 0.0205315 0.9988568
11.407080 0.1489525 -0.0277290 1.6233125 0.0109118 0.0442340 0.0207116 0.9987469
11.510570 0.1509763 -0.0283909 1.6470766 0.0111530 0.0465090 0.0204634 0.9986460
11.614180 0.1531192 -0.0291339 1.6708999 0.0110386 0.0489315 0.0201268 0.9985383
11.718020 0.1554655 -0.0297371 1.6947795 0.0107796 0.0510965 0.0201194 0.9984329
11.821430 0.1579147 -0.0304507 1.7185349 0.0105930 0.0532738 0.0204482 0.9983144
11.925060 0.1603952 -0.0311032 1.7426125 0.0108082 0.0554315 0.0209799 0.9981835
12.028650 0.1630241 -0.0318202 1.7665688 0.0113071 0.0573362 0.0212133 0.9980655
12.132140 0.1658801 -0.0325176 1.7909738 0.0120581 0.0592232 0.0211177 0.9979485
12.339620 0.1716177 -0.0339800 1.8391030 0.0128711 0.0626856 0.0213693 0.9977215
12.443230 0.1746775 -0.0347269 1.8636154 0.0127881 0.0646338 0.0214090 0.9975974
12.546850 0.1777658 -0.0354298 1.8878889 0.0128995 0.0667421 0.0214353 0.9974566
12.650590 0.1810982 -0.0360500 1.9123192 0.0131946 0.0686162 0.0225118 0.9973018
12.754210 0.1844015 -0.0368660 1.9367696 0.0127865 0.0703538 0.0233371 0.9971671
12.857820 0.1879123 -0.0376319 1.9615680 0.0124960 0.0717636 0.0239250 0.9970564
13.065050 0.1952503 -0.0390070 2.0106680 0.0126391 0.0744262 0.0231884 0.9968768
13.272410 0.2026633 -0.0406569 2.0605953 0.0145322 0.0779898 0.0224703 0.9965950
13.479770 0.2103731 -0.0424243 2.1101820 0.0156908 0.0813400 0.0213505 0.9963341
13.687000 0.2186641 -0.0441683 2.1601114 0.0151695 0.0853408 0.0214923 0.9960045
13.894440 0.2273193 -0.0459140 2.2099509 0.0146669 0.0894485 0.0214855 0.9956517
14.101800 0.2363959 -0.0475294 2.2599514 0.0151721 0.0934295 0.0204944 0.9952993
14.309200 0.2459084 -0.0493326 2.3100123 0.0157138 0.0967016 0.0210851 0.9949660
14.516540 0.2559960 -0.0510420 2.3603246 0.0150100 0.0993185 0.0223174 0.9946921
14.723680 0.2664099 -0.0527951 2.4110665 0.0155970 0.1021135 0.0227067 0.9943913
14.931630 0.2769468 -0.0547892 2.4612615 0.0163646 0.1050818 0.0223439 0.9940779
15.138550 0.2870494 -0.0564407 2.5118065 0.0173560 0.1083290 0.0209246 0.9937433
15.345730 0.2981074 -0.0584888 2.5620344 0.0171966 0.1113841 0.0221724 0.9933812
15.553070 0.3096502 -0.0603696 2.6126630 0.0166085 0.1144270 0.0221689 0.9930454
15.760420 0.3214296 -0.0623629 2.6630278 0.0166869 0.1180031 0.0206672 0.9926579
15.967780 0.3336084 -0.0642318 2.7131295 0.0167899 0.1217577 0.0201406 0.9922134
16.175170 0.3461966 -0.0661243 2.7632577 0.0165749 0.1258971 0.0194965 0.9917132
16.382370 0.3590330 -0.0682844 2.8134131 0.0169111 0.1301230 0.0194505 0.9911628
16.589730 0.3724784 -0.0700092 2.8635798 0.0172339 0.1341008 0.0195597 0.9906247
16.796960 0.3860703 -0.0721364 2.9134851 0.0175212 0.1382899 0.0191845 0.9900509
17.004320 0.4004224 -0.0740263 2.9635825 0.0181638 0.1419990 0.0200612 0.9894968
17.212260 0.4140824 -0.0757709 3.0141931 0.0193358 0.1462101 0.0220826 0.9888180
17.418950 0.4292478 -0.0780840 3.0633948 0.0210020 0.1490448 0.0237924 0.9883211
17.626280 0.4446605 -0.0801560 3.1135645 0.0217523 0.1523465 0.0248375 0.9877755
17.833610 0.4608321 -0.0824440 3.1642721 0.0222424 0.1559598 0.0250297 0.9871957
18.041020 0.4774028 -0.0846925 3.2154570 0.0226708 0.1593656 0.0235638 0.9866779
18.248220 0.4939545 -0.0870446 3.2663505 0.0221718 0.1621036 0.0253691 0.9861984
18.455670 0.5115342 -0.0892996 3.3180678 0.0219144 0.1643421 0.0259187 0.9858193
18.663050 0.5290670 -0.0914461 3.3701406 0.0213794 0.1674110 0.0265171 0.9852986
18.766280 0.5381949 -0.0925084 3.3960643 0.0212735 0.1684974 0.0269081 0.9851051
18.973530 0.5563648 -0.0947436 3.4483457 0.0232550 0.1710289 0.0264324 0.9846368
19.180870 0.5754008 -0.0973302 3.5013001 0.0222758 0.1753866 0.0250680 0.9839283
19.284530 0.5848032 -0.0984195 3.5277777 0.0211676 0.1784244 0.0237676 0.9834387
19.491840 0.6047886 -0.1005004 3.5814416 0.0208393 0.1836251 0.0237903 0.9824874
19.595460 0.6151177 -0.1016814 3.6081820 0.0210923 0.1858459 0.0254444 0.9820229
19.802840 0.6358463 -0.1037974 3.6618099 0.0211477 0.1906586 0.0261875 0.9810792
19.906420 0.6460359 -0.1046802 3.6879339 0.0203774 0.1932883 0.0257856 0.9805914
20.010030 0.6568623 -0.1058695 3.7142863 0.0197133 0.1952478 0.0257334 0.9802181
20.113650 0.6677393 -0.1069157 3.7405188 0.0196820 0.1974390 0.0254972 0.9797859
20.217270 0.6788113 -0.1080524 3.7668772 0.0194304 0.1997728 0.0257541 0.9793110
20.320880 0.6900976 -0.1091109 3.7935879 0.0191714 0.2022247 0.0263999 0.9787955
20.424500 0.7016408 -0.1101200 3.8202472 0.0186970 0.2044816 0.0268259 0.9783241
20.528120 0.7131428 -0.1111107 3.8470318 0.0185454 0.2066249 0.0264127 0.9778878
20.631730 0.7249738 -0.1121639 3.8736155 0.0178715 0.2083603 0.0266293 0.9775262
20.735350 0.7367171 -0.1131890 3.8999174 0.0172490 0.2100177 0.0270527 0.9771710
20.838960 0.7485801 -0.1140410 3.9263206 0.0174958 0.2115918 0.0259697 0.9768564
20.942580 0.7603571 -0.1150634 3.9524899 0.0177019 0.2134562 0.0240009 0.9764974
21.046320 0.7721995 -0.1160066 3.9784143 0.0181303 0.2152709 0.0223309 0.9761307
21.149940 0.7845597 -0.1170931 4.0046196 0.0169975 0.2165603 0.0218205 0.9758773
21.253550 0.7965341 -0.1180306 4.0304198 0.0163868 0.2183589 0.0224256 0.9754732
21.357170 0.8084697 -0.1188495 4.0559421 0.0168396 0.2200794 0.0221679 0.9750847
21.460820 0.8206176 -0.1198201 4.0815272 0.0165917 0.2215889 0.0212900 0.9747666
21.564620 0.8325977 -0.1207656 4.1068316 0.0148214 0.2235121 0.0207538 0.9743674
21.668140 0.8448015 -0.1216360 4.1322150 0.0137936 0.2253978 0.0200171 0.9739635
21.771790 0.8571897 -0.1224803 4.1577520 0.0134497 0.2271112 0.0196049 0.9735786
21.875360 0.8695239 -0.1232061 4.1827731 0.0138254 0.2287092 0.0198495 0.9731942
22.082650 0.8942084 -0.1248294 4.2325354 0.0130383 0.2319119 0.0197054 0.9724498
22.290250 0.9187051 -0.1263872 4.2807274 0.0133663 0.2351214 0.0126483 0.9717918
22.497250 0.9432904 -0.1287326 4.3291945 0.0203147 0.2387444 0.0121521 0.9707939
22.600850 0.9560435 -0.1298834 4.3528495 0.0191561 0.2390893 0.0162370 0.9706728
22.704440 0.9683710 -0.1305701 4.3768425 0.0140489 0.2402108 0.0172111 0.9704665
22.911770 0.9933623 -0.1316989 4.4239421 0.0067348 0.2437057 0.0129517 0.9697393
23.015390 1.0058080 -0.1322414 4.4470935 0.0065817 0.2452493 0.0125291 0.9693567
23.222650 1.0304013 -0.1332498 4.4921341 0.0111342 0.2472514 0.0167215 0.9687431
23.326370 1.0411453 -0.1335160 4.5142045 0.0127779 0.2488436 0.0165343 0.9683182
23.533710 1.0613016 -0.1339871 4.5541868 0.0122448 0.2520161 0.0169227 0.9674976
23.741080 1.0767599 -0.1359508 4.5708790 0.0111774 0.2557911 0.0185667 0.9664891
23.948430 1.0867573 -0.1363386 4.5881028 0.0114307 0.2603920 0.0180785 0.9652660
24.155650 1.0923434 -0.1364770 4.5991883 0.0097486 0.2651862 0.0192723 0.9639553
24.363000 1.0927778 -0.1361271 4.6021838 0.0094022 0.2732494 0.0189494 0.9617106
24.570240 1.0931807 -0.1359645 4.6042032 0.0111258 0.2818145 0.0133892 0.9593109
24.777590 1.0933949 -0.1358162 4.6064248 0.0114377 0.2908008 0.0100315 0.9566627
25.191950 1.0940273 -0.1358424 4.6114058 0.0103954 0.3093400 0.0103783 0.9508380
25.399160 1.0949732 -0.1361362 4.6134157 0.0052814 0.3122085 0.0165670 0.9498544
25.606390 1.0953780 -0.1361448 4.6139555 0.0070126 0.3103656 0.0095452 0.9505435
25.813620 1.0955603 -0.1361275 4.6139269 0.0073543 0.3059893 0.0058444 0.9519886
26.020850 1.0958023 -0.1361234 4.6141152 0.0070054 0.3017913 0.0068821 0.9533234
26.228100 1.0960596 -0.1361274 4.6144276 0.0069897 0.2993170 0.0020501 0.9541259
26.435440 1.0963068 -0.1361432 4.6147799 0.0048936 0.2986888 -0.0058320 0.9543202
26.642670 1.0965513 -0.1361398 4.6150141 0.0048426 0.2971979 -0.0047652 0.9547917
26.849920 1.0968150 -0.1361535 4.6153831 0.0025017 0.2954636 -0.0045715 0.9553398
27.057260 1.0970830 -0.1361576 4.6157403 0.0037967 0.2943218 -0.0068086 0.9556746
27.264530 1.0973570 -0.1361651 4.6160879 0.0043895 0.2928049 -0.0057042 0.9561451
27.471850 1.0976350 -0.1361686 4.6164312 0.0041930 0.2910313 -0.0044380 0.9566941
27.679200 1.0978910 -0.1361968 4.6167746 0.0030061 0.2899120 -0.0044353 0.9570383
27.886560 1.0980601 -0.1361998 4.6170554 0.0032797 0.2895071 -0.0050626 0.9571568
28.093790 1.0983555 -0.1362000 4.6173816 0.0039340 0.2882064 -0.0047445 0.9575485
28.301020 1.0984917 -0.1362266 4.6176634 0.0022558 0.2882696 -0.0052924 0.9575320
28.508250 1.0987030 -0.1362285 4.6179671 0.0026074 0.2884837 -0.0056020 0.9574649
28.715630 1.0989496 -0.1362363 4.6182590 0.0020174 0.2883605 -0.0051629 0.9575059
29.026460 1.0992532 -0.1362443 4.6187277 0.0011505 0.2889590 -0.0060427 0.9573217
29.337430 1.0995783 -0.1362585 4.6191850 0.0015427 0.2885563 -0.0052734 0.9574472
29.648260 1.0998808 -0.1362715 4.6196351 0.0016208 0.2887097 -0.0059116 0.9573970
29.959120 1.1001928 -0.1362799 4.6200848 0.0009457 0.2879185 -0.0056599 0.9576377
30.269960 1.1005121 -0.1362856 4.6205282 0.0005699 0.2876986 -0.0051367 0.9577070
30.580810 1.1008420 -0.1362961 4.6209774 0.0001550 0.2876016 -0.0057279 0.9577330
30.891780 1.1011697 -0.1363066 4.6214123 -0.0005033 0.2875971 -0.0061009 0.9577319
31.202760 1.1014400 -0.1363192 4.6218348 -0.0000655 0.2891139 -0.0058755 0.9572767
31.513850 1.1017904 -0.1363159 4.6222591 0.0001284 0.2880975 -0.0051652 0.9575872
31.824820 1.1021484 -0.1363311 4.6226640 -0.0001142 0.2869405 -0.0044141 0.9579383
32.135930 1.1024779 -0.1363496 4.6231470 -0.0008637 0.2864232 -0.0037758 0.9580954
32.447030 1.1027983 -0.1363561 4.6235886 -0.0027772 0.2859903 -0.0044753 0.9582180
32.758130 1.1031054 -0.1363594 4.6240249 -0.0012223 0.2852321 -0.0035418 0.9584512
33.070500 1.1034297 -0.1363497 4.6244521 -0.0013289 0.2838366 -0.0032164 0.9588664
33.380050 1.1037786 -0.1363497 4.6248808 -0.0015096 0.2816535 -0.0040482 0.9595065
33.691220 1.1040715 -0.1363528 4.6252809 -0.0019759 0.2812583 -0.0052468 0.9596157
34.002380 1.1044099 -0.1363500 4.6257024 -0.0020133 0.2807570 -0.0048022 0.9597648
34.313530 1.1045209 -0.1363602 4.6259818 -0.0012196 0.2816300 -0.0058250 0.9595046
34.728060 1.1046866 -0.1363728 4.6263695 -0.0015840 0.2815412 -0.0050331 0.9595346
35.142780 1.1047769 -0.1363883 4.6267848 -0.0014884 0.2854089 -0.0052217 0.9583905
35.557430 1.1049076 -0.1364119 4.6271982 -0.0021999 0.2868222 -0.0062268 0.9579611
35.972070 1.1050438 -0.1364188 4.6274519 -0.0024146 0.2866531 -0.0059791 0.9580128
36.386840 1.1051555 -0.1364238 4.6276956 -0.0025417 0.2875964 -0.0055872 0.9577320
36.801500 1.1052176 -0.1364336 4.6278701 -0.0024147 0.2875459 -0.0055156 0.9577479
37.216330 1.1054008 -0.1364391 4.6281109 -0.0028593 0.2866330 -0.0062574 0.9580157
37.631050 1.1055099 -0.1364427 4.6283231 -0.0029522 0.2884994 -0.0079205 0.9574428
38.045630 1.1056421 -0.1364422 4.6284947 -0.0031511 0.2887170 -0.0076416 0.9573788
38.460100 1.1057631 -0.1364508 4.6287341 -0.0025296 0.2887161 -0.0054389 0.9573960
38.874760 1.1059045 -0.1364500 4.6288624 -0.0015178 0.2865292 -0.0065431 0.9580480
39.289260 1.1060325 -0.1364508 4.6290412 -0.0027419 0.2843242 -0.0049725 0.9587114
39.703850 1.1061311 -0.1364497 4.6292281 -0.0008761 0.2837799 -0.0051062 0.9588754
40.118690 1.1062716 -0.1364542 4.6294041 -0.0011749 0.2801475 -0.0061616 0.9599365
40.533280 1.1063780 -0.1364558 4.6295986 0.0002602 0.2799067 -0.0053826 0.9600121
40.947990 1.1064858 -0.1364576 4.6297646 -0.0003358 0.2792186 -0.0075877 0.9601975
41.362570 1.1065605 -0.1364585 4.6298738 -0.0001018 0.2771566 -0.0037586 0.9608174
41.880900 1.1066170 -0.1364587 4.6299868 0.0011263 0.2743514 -0.0040070 0.9616205
42.399350 1.1066997 -0.1364619 4.6301188 0.0011566 0.2717684 -0.0059125 0.9623438
42.813810 1.1067708 -0.1364645 4.6302276 0.0002629 0.2714177 -0.0061341 0.9624420
43.228400 1.1068103 -0.1364633 4.6303225 0.0012739 0.2726953 -0.0077984 0.9620680
43.642870 1.1068459 -0.1364623 4.6304197 0.0006373 0.2747915 -0.0071743 0.9614769
44.057450 1.1068717 -0.1364599 4.6305161 0.0030369 0.2758502 -0.0084920 0.9611583
44.471930 1.1068797 -0.1364544 4.6306024 0.0029166 0.2757015 -0.0071651 0.9612122
44.886500 1.1069371 -0.1364567 4.6306982 0.0023403 0.2726196 -0.0063872 0.9620978
45.300980 1.1069614 -0.1364529 4.6307964 0.0018651 0.2718251 -0.0079810 0.9623117
45.819420 1.1070069 -0.1364541 4.6309223 -0.0003609 0.2726852 -0.0089394 0.9620617
46.337490 1.1070759 -0.1364593 4.6310515 0.0000607 0.2720763 -0.0103681 0.9622198
46.752090 1.1071332 -0.1364670 4.6311574 -0.0013893 0.2714994 -0.0073662 0.9624094
47.166550 1.1071805 -0.1364700 4.6312652 -0.0016178 0.2705653 -0.0067260 0.9626768
47.581030 1.1072289 -0.1364763 4.6313686 -0.0026234 0.2677334 -0.0041118 0.9634807
48.410450 1.1073933 -0.1364824 4.6315904 -0.0040014 0.2608539 -0.0040712 0.9653614
48.825160 1.1074059 -0.1364866 4.6316857 -0.0049370 0.2606335 -0.0047150 0.9654137
50.897570 1.1073753 -0.1365124 4.6321707 -0.0079239 0.2674252 -0.0023847 0.9635431
51.830730 1.1075368 -0.1365186 4.6324511 -0.0135981 0.2627866 -0.0018683 0.9647564
52.245440 1.1075451 -0.1365221 4.6325631 -0.0114200 0.2645824 0.0003854 0.9642954
52.763900 1.1075575 -0.1365269 4.6327105 -0.0109548 0.2671355 0.0017035 0.9635952
53.282240 1.1075997 -0.1365229 4.6328611 -0.0096915 0.2674474 0.0016653 0.9635223
54.007650 1.1077013 -0.1365308 4.6330867 -0.0112259 0.2661755 0.0011794 0.9638585
54.837080 1.1077994 -0.1365362 4.6333480 -0.0110866 0.2653781 0.0064722 0.9640589
55.147950 1.1078357 -0.1365381 4.6334476 -0.0118287 0.2650041 0.0011906 0.9641740
55.562540 1.1078769 -0.1365463 4.6335783 -0.0132521 0.2631614 0.0026402 0.9646572
56.184470 1.1079254 -0.1365578 4.6337881 -0.0153519 0.2627664 0.0061589 0.9647177
56.495310 1.1079382 -0.1365591 4.6339102 -0.0175546 0.2653735 0.0016928 0.9639844
56.806030 1.1079460 -0.1365675 4.6340232 -0.0165605 0.2675148 0.0029973 0.9634067
57.013380 1.1079468 -0.1365708 4.6341081 -0.0153410 0.2701758 0.0066634 0.9626657
57.220620 1.1079357 -0.1365745 4.6341915 -0.0168042 0.2732602 0.0085237 0.9617556
57.531360 1.1079352 -0.1365804 4.6343288 -0.0131082 0.2770711 0.0119124 0.9606861
57.842180 1.1079583 -0.1365834 4.6344557 -0.0129944 0.2777071 0.0139638 0.9604764
58.153180 1.1079651 -0.1365881 4.6346016 -0.0184560 0.2814235 0.0159140 0.9592742
58.464000 1.1079782 -0.1365876 4.6347466 -0.0149318 0.2840220 0.0180166 0.9585322
58.878710 1.1079841 -0.1365928 4.6349549 -0.0166308 0.2893140 0.0229638 0.9568142
59.189810 1.1079977 -0.1365852 4.6351280 -0.0135947 0.2937794 0.0258786 0.9554262
59.397170 1.1080146 -0.1365859 4.6352496 -0.0136688 0.2967473 0.0276776 0.9544570
59.604650 1.1080341 -0.1365889 4.6353650 -0.0118986 0.2987575 0.0289515 0.9538156
59.812000 1.1080688 -0.1365887 4.6354880 -0.0108719 0.3006327 0.0300455 0.9532046
60.226840 1.1081107 -0.1365880 4.6357460 -0.0088392 0.3070453 0.0351405 0.9510049
60.434070 1.1081233 -0.1365920 4.6358891 -0.0086583 0.3124605 0.0372088 0.9491622
60.641430 1.1081364 -0.1365998 4.6360340 -0.0087756 0.3184111 0.0401518 0.9470613
60.848780 1.1081518 -0.1366109 4.6361899 -0.0081664 0.3254564 0.0445096 0.9444736
61.056140 1.1081733 -0.1366216 4.6363564 -0.0077523 0.3331124 0.0494408 0.9415581
61.263370 1.1081997 -0.1366352 4.6365323 -0.0062873 0.3411552 0.0541744 0.9384236
61.470630 1.1082556 -0.1366295 4.6366844 -0.0057338 0.3454501 0.0561150 0.9367403
61.677850 1.1082761 -0.1366463 4.6368685 -0.0029590 0.3543883 0.0608267 0.9331132
61.885240 1.1083212 -0.1366590 4.6370525 -0.0053876 0.3619393 0.0621219 0.9301139
62.092420 1.1084012 -0.1366648 4.6372342 -0.0081875 0.3678196 0.0634247 0.9276955
62.300010 1.1084640 -0.1366807 4.6374264 -0.0086073 0.3759929 0.0646972 0.9243211
62.507020 1.1085422 -0.1366950 4.6376238 -0.0089141 0.3836669 0.0673647 0.9209681
62.714120 1.1086304 -0.1367075 4.6378360 -0.0080962 0.3926640 0.0707664 0.9169196
62.921550 1.1087294 -0.1367193 4.6380348 -0.0085105 0.4001735 0.0713120 0.9136210
63.128570 1.1088054 -0.1367292 4.6382041 -0.0089883 0.4074919 0.0749692 0.9100819
63.335690 1.1089116 -0.1367376 4.6383781 -0.0120169 0.4138241 0.0760392 0.9070961
63.542910 1.1090147 -0.1367458 4.6385508 -0.0126105 0.4206098 0.0784842 0.9037525
63.750030 1.1091349 -0.1367406 4.6386929 -0.0124008 0.4230937 0.0786786 0.9025784
63.957240 1.1092534 -0.1367403 4.6388421 -0.0118102 0.4268637 0.0792259 0.9007614
64.164350 1.1093731 -0.1367380 4.6389875 -0.0128896 0.4302084 0.0805364 0.8990375
64.371580 1.1095067 -0.1367289 4.6391048 -0.0139416 0.4303176 0.0794584 0.8990655
64.578710 1.1096413 -0.1367175 4.6392555 -0.0128424 0.4354148 0.0787445 0.8966874
64.682580 1.1097037 -0.1367132 4.6393261 -0.0129453 0.4376552 0.0787694 0.8955924
64.889620 1.1098452 -0.1367042 4.6394472 -0.0132797 0.4388273 0.0802491 0.8948823
65.096770 1.1099819 -0.1366893 4.6395664 -0.0136675 0.4398508 0.0806882 0.8943343
65.304130 1.1101153 -0.1366808 4.6396933 -0.0146713 0.4428056 0.0823510 0.8927072
65.511370 1.1102326 -0.1366706 4.6397791 -0.0141675 0.4389695 0.0853739 0.8943245
65.719300 1.1102660 -0.1366695 4.6398091 -0.0106727 0.4384992 0.0832995 0.8947992
65.926080 1.1102960 -0.1366680 4.6398392 -0.0071764 0.4381322 0.0829974 0.8950419
66.133430 1.1103193 -0.1366685 4.6398711 -0.0092533 0.4381833 0.0844407 0.8948628
66.340900 1.1103411 -0.1366689 4.6399031 -0.0118766 0.4383548 0.0859471 0.8946044
66.548250 1.1103735 -0.1366670 4.6399379 -0.0120697 0.4386538 0.0870669 0.8943470
66.755490 1.1103992 -0.1366632 4.6399727 -0.0109001 0.4389099 0.0867563 0.8942665
66.962720 1.1104188 -0.1366621 4.6400075 -0.0097665 0.4395673 0.0872447 0.8939092
67.169960 1.1104572 -0.1366574 4.6400480 -0.0102428 0.4396033 0.0873379 0.8938770
67.377190 1.1105126 -0.1366537 4.6400876 -0.0101321 0.4378518 0.0888043 0.8945932
67.584290 1.1105635 -0.1366474 4.6401291 -0.0085607 0.4369816 0.0880082 0.8951136
67.791520 1.1106179 -0.1366418 4.6401701 -0.0072827 0.4357800 0.0876020 0.8957503
67.998740 1.1106719 -0.1366368 4.6402121 -0.0082188 0.4343003 0.0882916 0.8963929
68.205860 1.1107262 -0.1366311 4.6402550 -0.0069311 0.4329106 0.0885706 0.8970483
68.412960 1.1107801 -0.1366256 4.6402979 -0.0069485 0.4313254 0.0881573 0.8978521
68.620200 1.1108334 -0.1366206 4.6403399 -0.0050771 0.4300588 0.0865711 0.8986262
68.827300 1.1108873 -0.1366155 4.6403837 -0.0045075 0.4289288 0.0863794 0.8991876
69.034420 1.1109411 -0.1366105 4.6404266 -0.0050461 0.4274340 0.0876053 0.8997778
69.241640 1.1109940 -0.1366057 4.6404705 -0.0037566 0.4262284 0.0867782 0.9004359
69.448870 1.1110474 -0.1366012 4.6405144 -0.0024848 0.4250784 0.0864673 0.9010137
69.656100 1.1110984 -0.1365968 4.6405559 -0.0023690 0.4235864 0.0869051 0.9016743
69.863330 1.1111510 -0.1365924 4.6405993 -0.0027607 0.4221414 0.0864349 0.9023957
70.070460 1.1111915 -0.1365888 4.6406336 -0.0023811 0.4212769 0.0857984 0.9028614
70.277680 1.1112297 -0.1365856 4.6406660 -0.0022583 0.4206555 0.0853292 0.9031959
70.485050 1.1112320 -0.1365854 4.6406698 -0.0018593 0.4216938 0.0853589 0.9027097
70.692380 1.1112442 -0.1365846 4.6406794 -0.0009670 0.4219536 0.0859412 0.9025344
70.899760 1.1112610 -0.1365832 4.6406946 0.0001626 0.4223384 0.0849130 0.9024522
71.107200 1.1112772 -0.1365820 4.6407084 0.0006152 0.4226055 0.0839082 0.9024210
71.314340 1.1112924 -0.1365808 4.6407213 -0.0002825 0.4225276 0.0828918 0.9025515
71.521800 1.1113048 -0.1365800 4.6407328 -0.0004436 0.4227100 0.0829812 0.9024578
71.832900 1.1113173 -0.1365795 4.6407452 0.0000858 0.4225339 0.0843332 0.9024151
72.040250 1.1113257 -0.1365790 4.6407528 0.0007688 0.4220972 0.0844529 0.9026079
72.247600 1.1113358 -0.1365787 4.6407633 0.0014943 0.4219483 0.0839726 0.9027215
72.454960 1.1113443 -0.1365785 4.6407723 0.0022905 0.4220923 0.0838710 0.9026619
72.662320 1.1113535 -0.1365785 4.6407828 0.0016754 0.4225105 0.0835232 0.9024999
72.869690 1.1113616 -0.1365783 4.6407919 0.0026501 0.4225671 0.0826952 0.9025472
73.491740 1.1113949 -0.1365757 4.6408167 0.0028266 0.4211872 0.0811618 0.9033306
74.113680 1.1114101 -0.1365750 4.6408205 0.0024874 0.4143618 0.0820847 0.9063995
74.735780 1.1114309 -0.1365740 4.6408348 0.0025086 0.4104452 0.0819045 0.9081961
74.942980 1.1114398 -0.1365734 4.6408424 0.0023108 0.4098405 0.0814877 0.9085071
75.150340 1.1114480 -0.1365728 4.6408496 0.0017976 0.4098850 0.0813047 0.9085046
75.357700 1.1114560 -0.1365721 4.6408567 0.0011084 0.4095693 0.0818357 0.9086004
75.668790 1.1114682 -0.1365708 4.6408658 0.0010552 0.4088717 0.0814356 0.9089506
76.186870 1.1114897 -0.1365681 4.6408815 0.0026522 0.4068031 0.0816201 0.9098585
76.911950 1.1115152 -0.1365689 4.6409006 0.0004947 0.4028140 0.0837441 0.9114426
77.222770 1.1115261 -0.1365682 4.6409106 -0.0002394 0.4015251 0.0837426 0.9120114
77.533630 1.1115377 -0.1365662 4.6409187 0.0026500 0.3997031 0.0828639 0.9128877
77.844470 1.1115500 -0.1365641 4.6409259 -0.0000774 0.3969239 0.0837105 0.9140262
78.777380 1.1115817 -0.1365625 4.6409554 -0.0014863 0.3956444 0.0831265 0.9146329
79.399200 1.1116035 -0.1365598 4.6409717 -0.0006438 0.3957431 0.0826968 0.9146301
79.710070 1.1116147 -0.1365583 4.6409807 0.0003763 0.3959880 0.0827167 0.9145224
80.021040 1.1116260 -0.1365567 4.6409883 -0.0005542 0.3974513 0.0823104 0.9139240
80.331990 1.1116379 -0.1365554 4.6409955 -0.0016436 0.3995025 0.0821033 0.9130466
82.715890 1.1117181 -0.1365498 4.6410613 -0.0025260 0.4111268 0.0828534 0.9078016
83.026880 1.1117274 -0.1365490 4.6410704 -0.0051934 0.4090977 0.0852039 0.9084890
83.337860 1.1117350 -0.1365481 4.6410809 -0.0040061 0.4079139 0.0842898 0.9091125
83.648840 1.1117488 -0.1365471 4.6410856 -0.0005038 0.4002763 0.0859610 0.9123538
83.960030 1.1117573 -0.1365465 4.6410947 -0.0036223 0.3966281 0.0863138 0.9139053
84.271000 1.1117650 -0.1365458 4.6411042 -0.0028639 0.3950887 0.0877429 0.9144385
84.789410 1.1117803 -0.1365444 4.6411190 -0.0044459 0.3932829 0.0837427 0.9155850
84.996840 1.1117874 -0.1365439 4.6411233 -0.0047281 0.3919124 0.0842051 0.9161287
85.618780 1.1118058 -0.1365424 4.6411400 -0.0048606 0.3902218 0.0858384 0.9166979
85.929770 1.1118150 -0.1365417 4.6411486 -0.0055221 0.3888917 0.0855617 0.9172851
86.240760 1.1118237 -0.1365409 4.6411576 -0.0047820 0.3870814 0.0867852 0.9179398
87.692700 1.1118631 -0.1365372 4.6411972 -0.0047422 0.3778702 0.0887727 0.9215807
88.003840 1.1118715 -0.1365365 4.6412053 -0.0062090 0.3777871 0.0905639 0.9214318
88.314960 1.1118793 -0.1365357 4.6412134 -0.0062976 0.3785635 0.0871810 0.9214388
89.248170 1.1119038 -0.1365334 4.6412373 -0.0104484 0.3817577 0.0911038 0.9197021
89.559150 1.1119109 -0.1365327 4.6412449 -0.0080817 0.3831199 0.0953844 0.9187250
89.870260 1.1119186 -0.1365319 4.6412525 -0.0058282 0.3852571 0.0995242 0.9174083
90.181340 1.1119254 -0.1365311 4.6412597 -0.0046792 0.3882025 0.1033887 0.9157444
90.492430 1.1119326 -0.1365304 4.6412668 -0.0034062 0.3919428 0.1071775 0.9137189
90.803530 1.1119399 -0.1365296 4.6412735 -0.0044085 0.4000138 0.1088740 0.9100087
91.114650 1.1119469 -0.1365288 4.6412802 -0.0051051 0.4130239 0.1076457 0.9043216
91.322130 1.1119514 -0.1365283 4.6412835 -0.0054165 0.4258569 0.1078877 0.8983189
91.529590 1.1119562 -0.1365277 4.6412878 -0.0058724 0.4399150 0.1102301 0.8912293
92.151900 1.1119703 -0.1365260 4.6412973 -0.0090320 0.4897668 0.1141468 0.8643017
92.359390 1.1119752 -0.1365252 4.6413002 -0.0110052 0.5089512 0.1152758 0.8529707
92.566890 1.1119806 -0.1365245 4.6413031 -0.0134513 0.5290924 0.1142323 0.8407326
93.500280 1.1120048 -0.1365208 4.6413112 -0.0236035 0.6238300 0.1141069 0.7728251
93.707670 1.1120098 -0.1365201 4.6413116 -0.0277977 0.6449135 0.1138943 0.7552099
94.122480 1.1120209 -0.1365180 4.6413131 -0.0297333 0.6874136 0.1128483 0.7168289
94.329830 1.1120266 -0.1365169 4.6413131 -0.0331138 0.7075661 0.1128021 0.6967994
94.537200 1.1120321 -0.1365159 4.6413126 -0.0355336 0.7270772 0.1111032 0.6765739
95.677830 1.1120622 -0.1365098 4.6413054 -0.0456949 0.8176380 0.1064452 0.5639588
96.092540 1.1120734 -0.1365073 4.6413007 -0.0474233 0.8465853 0.1013743 0.5203533
96.610910 1.1120874 -0.1365047 4.6412935 -0.0542117 0.8812114 0.0988491 0.4590822
97.129320 1.1120993 -0.1365010 4.6412840 -0.0574178 0.9117878 0.0931236 0.3958209
97.440420 1.1121060 -0.1364993 4.6412773 -0.0604780 0.9286535 0.0897159 0.3548183
97.751640 1.1121125 -0.1364973 4.6412706 -0.0625676 0.9441143 0.0863054 0.3119054
98.062740 1.1121178 -0.1364955 4.6412625 -0.0646151 0.9572703 0.0832024 0.2693250
98.166520 1.1121193 -0.1364948 4.6412597 -0.0657522 0.9611614 0.0815305 0.2553395
98.892150 1.1121280 -0.1364912 4.6412387 -0.0695453 0.9830491 0.0713012 0.1539287
99.099510 1.1121298 -0.1364903 4.6412325 -0.0706204 0.9871175 0.0691579 0.1258130
99.203130 1.1121304 -0.1364898 4.6412292 -0.0716117 0.9887778 0.0685216 0.1117813
99.306750 1.1121314 -0.1364893 4.6412263 -0.0716075 0.9903378 0.0671698 0.0979371
99.617730 1.1121330 -0.1364880 4.6412153 -0.0730908 0.9936311 0.0632654 0.0579008
99.721330 1.1121334 -0.1364876 4.6412120 -0.0727661 0.9943865 0.0619307 0.0454438
100.032400 1.1121337 -0.1364864 4.6412020 -0.0737252 0.9954867 0.0590754 0.0089891
100.136200 1.1121337 -0.1364861 4.6411991 -0.0748941 0.9954739 0.0584375 -0.0027570
100.239800 1.1121337 -0.1364857 4.6411953 -0.0750225 0.9954912 0.0563097 -0.0140751
100.343500 1.1121336 -0.1364853 4.6411915 -0.0752223 0.9953309 0.0552275 -0.0246547
100.447100 1.1121333 -0.1364850 4.6411877 -0.0752309 0.9950814 0.0543399 -0.0346487
100.550800 1.1121330 -0.1364847 4.6411839 -0.0749239 0.9947549 0.0537356 -0.0442906
100.654400 1.1121327 -0.1364844 4.6411805 -0.0744901 0.9944138 0.0529610 -0.0527977
100.758000 1.1121323 -0.1364841 4.6411772 -0.0739652 0.9940829 0.0516181 -0.0605303
100.861600 1.1121318 -0.1364838 4.6411738 -0.0732703 0.9937436 0.0501521 -0.0677489
100.965200 1.1121314 -0.1364835 4.6411695 -0.0726637 0.9933612 0.0486620 -0.0747366
101.068800 1.1121306 -0.1364832 4.6411662 -0.0719057 0.9929602 0.0479764 -0.0809812
101.172400 1.1121299 -0.1364830 4.6411624 -0.0718773 0.9924830 0.0472718 -0.0870434
101.379800 1.1121285 -0.1364824 4.6411552 -0.0722659 0.9914861 0.0458974 -0.0981137
101.483400 1.1121278 -0.1364822 4.6411524 -0.0724562 0.9909661 0.0457360 -0.1031723
101.690600 1.1121261 -0.1364818 4.6411448 -0.0726835 0.9900981 0.0466911 -0.1106478
101.897900 1.1121243 -0.1364812 4.6411371 -0.0720106 0.9895661 0.0461098 -0.1159627
102.105200 1.1121224 -0.1364808 4.6411295 -0.0725274 0.9889333 0.0460221 -0.1209655
102.312600 1.1121205 -0.1364803 4.6411219 -0.0727563 0.9884291 0.0463280 -0.1247720
102.520000 1.1121187 -0.1364799 4.6411147 -0.0729703 0.9880880 0.0457207 -0.1275424
102.727300 1.1121166 -0.1364795 4.6411076 -0.0729501 0.9878603 0.0453219 -0.1294455
102.934700 1.1121145 -0.1364790 4.6410995 -0.0729008 0.9877232 0.0449680 -0.1306374
103.142000 1.1121125 -0.1364786 4.6410918 -0.0723451 0.9875739 0.0455109 -0.1318814
103.349400 1.1121104 -0.1364781 4.6410837 -0.0725093 0.9873631 0.0463109 -0.1330855
103.556700 1.1121082 -0.1364776 4.6410761 -0.0730403 0.9871742 0.0458910 -0.1343363
103.764100 1.1121061 -0.1364772 4.6410689 -0.0730801 0.9870003 0.0463695 -0.1354240
103.971300 1.1121039 -0.1364766 4.6410608 -0.0732796 0.9867834 0.0466140 -0.1368057
104.178700 1.1121018 -0.1364763 4.6410542 -0.0745552 0.9866143 0.0446699 -0.1379799
104.386000 1.1120998 -0.1364758 4.6410460 -0.0746062 0.9864503 0.0432044 -0.1395824
104.593400 1.1120977 -0.1364754 4.6410384 -0.0742026 0.9860185 0.0431861 -0.1428161
104.800900 1.1120956 -0.1364750 4.6410313 -0.0751536 0.9851017 0.0429610 -0.1485965
105.008400 1.1120933 -0.1364747 4.6410246 -0.0763516 0.9837215 0.0419845 -0.1571615
105.319400 1.1120899 -0.1364743 4.6410146 -0.0776823 0.9806256 0.0413150 -0.1750197
105.526900 1.1120875 -0.1364741 4.6410074 -0.0786461 0.9777063 0.0395099 -0.1906417
105.734400 1.1120846 -0.1364739 4.6410012 -0.0794166 0.9740319 0.0362149 -0.2089099
105.941900 1.1120818 -0.1364738 4.6409950 -0.0801419 0.9693975 0.0332261 -0.2296556
106.149400 1.1120784 -0.1364738 4.6409888 -0.0799238 0.9637046 0.0311613 -0.2528133
106.357000 1.1120754 -0.1364738 4.6409836 -0.0809889 0.9564627 0.0276766 -0.2790230
106.668200 1.1120691 -0.1364740 4.6409750 -0.0788377 0.9437272 0.0203962 -0.3205426
106.979300 1.1120629 -0.1364744 4.6409674 -0.0762235 0.9276881 0.0156470 -0.3651576
107.290500 1.1120555 -0.1364749 4.6409597 -0.0772013 0.9073510 0.0090762 -0.4131244
107.705400 1.1120446 -0.1364760 4.6409516 -0.0771526 0.8756403 0.0002580 -0.4767615
108.016400 1.1120363 -0.1364769 4.6409464 0.0760585 -0.8486999 0.0051120 0.5233521
108.223900 1.1120304 -0.1364777 4.6409435 0.0755420 -0.8297604 0.0114418 0.5528653
108.431200 1.1120244 -0.1364785 4.6409411 0.0746842 -0.8095014 0.0172740 0.5820922
108.638800 1.1120180 -0.1364793 4.6409392 0.0739159 -0.7885196 0.0224676 0.6101382
108.845900 1.1120112 -0.1364804 4.6409373 0.0743428 -0.7672185 0.0291922 0.6363936
109.260500 1.1119976 -0.1364826 4.6409354 0.0706636 -0.7268454 0.0374220 0.6821305
109.364400 1.1119939 -0.1364831 4.6409349 0.0702511 -0.7164158 0.0410166 0.6929148
109.467900 1.1119901 -0.1364838 4.6409349 0.0705708 -0.7058774 0.0445379 0.7034012
109.571600 1.1119863 -0.1364844 4.6409354 0.0705999 -0.6943741 0.0449946 0.7147278
109.675300 1.1119834 -0.1364850 4.6409354 0.0689551 -0.6828402 0.0452061 0.7259001
109.779100 1.1119797 -0.1364856 4.6409359 0.0684134 -0.6703548 0.0447594 0.7375234
110.297600 1.1119621 -0.1364891 4.6409388 0.0698511 -0.6059235 0.0556213 0.7904959
110.505100 1.1119550 -0.1364905 4.6409416 0.0681560 -0.5790259 0.0599143 0.8102432
110.608900 1.1119518 -0.1364912 4.6409426 0.0696507 -0.5650661 0.0628508 0.8196943
110.712500 1.1119485 -0.1364919 4.6409440 0.0708095 -0.5511331 0.0650561 0.8288583
110.816200 1.1119447 -0.1364928 4.6409454 0.0712492 -0.5369734 0.0670032 0.8379104
110.920000 1.1119418 -0.1364935 4.6409469 0.0714419 -0.5228106 0.0675250 0.8467618
111.231000 1.1119293 -0.1364968 4.6409540 0.0707956 -0.4805984 0.0684711 0.8713925
111.645800 1.1119242 -0.1364987 4.6409607 0.0669678 -0.4318637 0.0700862 0.8967146
111.749400 1.1119237 -0.1364991 4.6409631 0.0655366 -0.4213699 0.0703327 0.9017792
112.060200 1.1119221 -0.1364997 4.6409659 0.0647469 -0.3938880 0.0738657 0.9138950
112.578200 1.1119164 -0.1365018 4.6409740 0.0606801 -0.3565589 0.0748333 0.9292920
112.681700 1.1119155 -0.1365021 4.6409755 0.0603522 -0.3514320 0.0761656 0.9311563
112.992400 1.1119114 -0.1365032 4.6409807 0.0587313 -0.3404798 0.0759567 0.9353367
113.199600 1.1119086 -0.1365042 4.6409836 0.0576009 -0.3360274 0.0741632 0.9371593
113.303200 1.1119070 -0.1365047 4.6409855 0.0558858 -0.3342791 0.0734637 0.9379431
113.407300 1.1119056 -0.1365051 4.6409869 0.0554051 -0.3324625 0.0730774 0.9386472
113.614200 1.1119018 -0.1365058 4.6409903 0.0559374 -0.3275633 0.0741492 0.9402527
113.823800 1.1118987 -0.1365067 4.6409941 0.0573990 -0.3234592 0.0733223 0.9416493
114.028800 1.1118951 -0.1365076 4.6409969 0.0558011 -0.3188371 0.0742928 0.9432442
