3.116499 0.0000000 0.0000000 0.0000000 0.0000000 0.0000000 0.0000000 1.0000000
3.220123 0.0005628 -0.0003382 0.0419492 -0.0011064 0.0057703 -0.0003301 0.9999827
3.323750 0.0017837 -0.0004236 0.0855464 -0.0021182 0.0111938 -0.0007258 0.9999349
3.427371 0.0034960 -0.0005252 0.1302834 -0.0030429 0.0163254 -0.0009252 0.9998617
3.531001 0.0057014 -0.0006343 0.1763418 -0.0041015 0.0215428 -0.0011849 0.9997588
3.634758 0.0082802 -0.0004276 0.2235617 -0.0047019 0.0269084 -0.0008882 0.9996265
3.738395 0.0114213 -0.0006163 0.2718102 -0.0053855 0.0322595 -0.0007185 0.9994648
3.842137 0.0154622 -0.0004191 0.3207498 -0.0068275 0.0375420 -0.0010482 0.9992712
3.945774 0.0194932 -0.0001700 0.3701444 -0.0087218 0.0434699 -0.0014765 0.9990156
4.049501 0.0244354 0.0000296 0.4200375 -0.0106872 0.0496992 -0.0014306 0.9987060
4.153250 0.0300938 0.0000459 0.4696786 -0.0118596 0.0562689 -0.0014645 0.9983441
4.257002 0.0365562 0.0002965 0.5200310 -0.0120412 0.0634414 -0.0012261 0.9979122
4.464541 0.0520518 0.0007781 0.6201150 -0.0109854 0.0789523 -0.0015195 0.9968167
4.672274 0.0713587 0.0012071 0.7205828 -0.0097260 0.1022958 -0.0040107 0.9946984
4.880125 0.0969848 0.0009831 0.8210262 -0.0096286 0.1341158 -0.0058247 0.9909018
5.088126 0.1306448 0.0007115 0.9204872 -0.0084372 0.1679768 -0.0056419 0.9857387
5.295877 0.1706727 0.0000082 1.0179386 -0.0059723 0.2001839 -0.0071818 0.9797138
5.503628 0.2180386 -0.0017187 1.1115819 -0.0003266 0.2312418 -0.0032583 0.9728908
5.711251 0.2718351 -0.0040058 1.2041702 0.0061468 0.2604135 0.0027154 0.9654738
5.918752 0.3309188 -0.0078081 1.2923592 0.0142686 0.2870230 0.0085855 0.9577789
6.126131 0.3918217 -0.0131695 1.3766663 0.0305105 0.3122724 0.0066070 0.9494795
6.333503 0.4587243 -0.0215569 1.4580587 0.0430267 0.3372284 0.0044535 0.9404286
6.540880 0.5293680 -0.0311528 1.5364408 0.0446862 0.3609016 0.0069073 0.9315071
6.748254 0.6042498 -0.0410975 1.6102207 0.0410809 0.3804247 0.0142608 0.9237890
6.955504 0.6796016 -0.0498820 1.6814549 0.0428843 0.3936055 0.0164994 0.9181304
7.162754 0.7559954 -0.0593192 1.7510521 0.0440946 0.4043368 0.0134717 0.9134473
7.473752 0.8703972 -0.0715634 1.8501463 0.0451964 0.4188930 0.0151464 0.9067836
7.681003 0.9505861 -0.0799557 1.9182005 0.0478986 0.4208196 0.0143096 0.9057659
7.888275 1.0336447 -0.0892310 1.9892392 0.0473592 0.4157298 0.0146902 0.9081355
8.095633 1.1181839 -0.0989172 2.0645080 0.0467436 0.4081048 0.0133823 0.9116395
8.303130 1.2046840 -0.1094300 2.1442223 0.0450648 0.4023865 0.0101388 0.9143038
8.510755 1.2935370 -0.1198124 2.2273550 0.0427030 0.4018875 0.0072186 0.9146643
8.718382 1.3856175 -0.1299450 2.3123703 0.0419151 0.4027766 0.0066815 0.9143137
8.925883 1.4799137 -0.1405682 2.3988414 0.0411217 0.4029042 0.0072329 0.9142893
9.133505 1.5759685 -0.1516631 2.4870181 0.0401851 0.4029990 0.0064668 0.9142949
9.341007 1.6714592 -0.1623026 2.5756719 0.0395718 0.4029290 0.0054800 0.9143589
9.548508 1.7674041 -0.1737864 2.6642842 0.0376052 0.4010708 0.0065061 0.9152517
9.755883 1.8626672 -0.1837868 2.7539384 0.0367817 0.3985417 0.0070884 0.9163849
9.963509 1.9575047 -0.1941354 2.8430762 0.0373480 0.3968798 0.0072668 0.9170817
10.171130 2.0509138 -0.2048029 2.9308722 0.0391299 0.3989106 0.0053071 0.9161392
10.378880 2.1460483 -0.2158565 3.0181684 0.0386887 0.4042056 0.0056105 0.9138324
10.586510 2.2415814 -0.2268234 3.1038227 0.0361041 0.4098460 0.0056510 0.9114224
10.794130 2.3371081 -0.2371483 3.1871619 0.0385397 0.4151994 0.0058385 0.9088950
10.898010 2.3840733 -0.2422708 3.2282474 0.0392347 0.4179108 0.0051510 0.9076259
11.105390 2.4798093 -0.2530438 3.3098853 0.0389121 0.4217241 0.0052290 0.9058738
11.209130 2.5281129 -0.2573780 3.3499813 0.0353626 0.4229076 0.0072856 0.9054532
11.416630 2.6240289 -0.2664859 3.4300351 0.0297418 0.4249505 0.0099918 0.9046727
11.624010 2.7180464 -0.2749265 3.5081277 0.0354687 0.4263552 0.0083829 0.9038213
11.831510 2.8135152 -0.2837068 3.5850735 0.0375211 0.4263679 0.0122777 0.9036879
12.038930 2.9080613 -0.2914978 3.6635365 0.0333573 0.4258617 0.0121128 0.9040920
12.246380 3.0018959 -0.2999760 3.7419634 0.0275244 0.4248776 0.0085396 0.9047920
12.453880 3.0941381 -0.3070490 3.8201158 0.0255727 0.4230538 0.0072302 0.9057148
12.661390 3.1870160 -0.3143118 3.8975577 0.0288868 0.4181719 0.0100947 0.9078524
12.868760 3.2776728 -0.3224872 3.9754565 0.0307839 0.4092711 0.0161130 0.9117510
13.076170 3.3637235 -0.3292444 4.0567665 0.0295335 0.3988067 0.0139987 0.9164524
13.179930 3.4069729 -0.3328155 4.0980921 0.0278697 0.3925838 0.0145536 0.9191787
13.283680 3.4492359 -0.3364011 4.1399145 0.0275006 0.3867167 0.0143146 0.9216773
13.387430 3.4904637 -0.3394807 4.1824455 0.0272287 0.3807650 0.0145938 0.9241557
13.491130 3.5309458 -0.3430746 4.2249956 0.0277004 0.3747413 0.0151532 0.9265916
13.698760 3.6106734 -0.3507720 4.3110113 0.0345307 0.3626108 0.0136906 0.9312001
13.906260 3.6882086 -0.3597397 4.3990779 0.0353574 0.3499624 0.0135686 0.9359979
14.113800 3.7634366 -0.3682661 4.4897985 0.0338583 0.3390194 0.0105141 0.9401112
14.321530 3.8344474 -0.3775611 4.5799723 0.0386859 0.3331982 0.0027147 0.9420589
14.529260 3.9044051 -0.3873813 4.6697259 0.0398221 0.3297189 0.0001739 0.9432389
14.736910 3.9752827 -0.3974767 4.7613721 0.0376568 0.3243704 -0.0012757 0.9451794
14.944510 4.0450068 -0.4080595 4.8538609 0.0342995 0.3189805 -0.0009848 0.9471399
15.152010 4.1123357 -0.4177768 4.9482460 0.0335756 0.3131070 -0.0089945 0.9490815
15.359530 4.1799679 -0.4274962 5.0426173 0.0374791 0.3060340 -0.0084116 0.9512454
15.670890 4.2784905 -0.4435290 5.1861887 0.0324282 0.2959227 -0.0085534 0.9546230
15.878390 4.3419666 -0.4534670 5.2832775 0.0354123 0.2895751 -0.0101965 0.9564456
16.189760 4.4338679 -0.4694353 5.4269071 0.0351622 0.2786023 -0.0090813 0.9597197
16.501030 4.5206919 -0.4856823 5.5682960 0.0348051 0.2679591 -0.0101430 0.9627480
16.812390 4.6052952 -0.5001880 5.7140584 0.0342556 0.2605330 -0.0097816 0.9648075
17.123760 4.6900620 -0.5152422 5.8625197 0.0340533 0.2526838 -0.0022301 0.9669469
17.331410 4.7438097 -0.5246055 5.9603209 0.0344509 0.2482155 -0.0024861 0.9680889
17.642890 4.8225708 -0.5385082 6.1084867 0.0341359 0.2451516 -0.0053577 0.9688688
17.850540 4.8756204 -0.5476643 6.2075419 0.0294428 0.2440429 -0.0040730 0.9693089
18.058140 4.9279771 -0.5563443 6.3056631 0.0308730 0.2429208 -0.0040263 0.9695463
18.265770 4.9791617 -0.5645283 6.4035039 0.0322952 0.2431731 -0.0065786 0.9694228
18.369580 5.0045533 -0.5694914 6.4520760 0.0315958 0.2428207 -0.0073695 0.9695285
18.577160 5.0557108 -0.5785186 6.5486293 0.0332548 0.2421337 -0.0065160 0.9696509
18.680990 5.0801744 -0.5830043 6.5970259 0.0336342 0.2423760 -0.0109323 0.9695376
18.784860 5.1045423 -0.5878696 6.6448321 0.0339959 0.2421775 -0.0141673 0.9695327
18.888520 5.1296654 -0.5927597 6.6920495 0.0359083 0.2418194 -0.0128700 0.9695712
18.992370 5.1545424 -0.5977998 6.7393122 0.0364956 0.2416366 -0.0120957 0.9696048
19.096040 5.1786494 -0.6027803 6.7861662 0.0369278 0.2408682 -0.0128649 0.9697697
19.199890 5.2037601 -0.6074684 6.8332276 0.0370186 0.2399398 -0.0085995 0.9700436
19.303520 5.2288432 -0.6125244 6.8796959 0.0354842 0.2380668 -0.0054348 0.9705852
19.407390 5.2531881 -0.6174052 6.9263282 0.0331378 0.2372332 -0.0026331 0.9708838
19.511150 5.2774830 -0.6220456 6.9731531 0.0329891 0.2353587 -0.0017048 0.9713470
19.614770 5.3008671 -0.6265985 7.0190754 0.0355300 0.2328079 -0.0016784 0.9718720
19.822140 5.3460069 -0.6355925 7.1113763 0.0374747 0.2256103 -0.0012435 0.9734958
20.029410 5.3897057 -0.6448530 7.2034101 0.0348881 0.2146667 0.0024987 0.9760609
20.236640 5.4300427 -0.6534825 7.2953348 0.0369365 0.2006979 0.0040866 0.9789481
20.340390 5.4480343 -0.6577650 7.3403354 0.0372103 0.1939921 0.0054823 0.9802818
20.547770 5.4828706 -0.6671347 7.4316416 0.0409844 0.1805946 0.0031935 0.9826981
20.651520 5.4983339 -0.6718174 7.4769120 0.0450412 0.1743133 -0.0011913 0.9836589
20.859140 5.5292549 -0.6817380 7.5686131 0.0491599 0.1608590 -0.0040783 0.9857439
21.066770 5.5566978 -0.6928591 7.6616149 0.0454644 0.1499265 -0.0075624 0.9876223
21.274520 5.5826411 -0.7035336 7.7530293 0.0522067 0.1420869 -0.0118199 0.9884058
21.482520 5.6092134 -0.7145284 7.8444676 0.0510244 0.1401376 -0.0139233 0.9887184
21.794280 5.6495085 -0.7312827 7.9812632 0.0476581 0.1438971 -0.0128809 0.9883605
22.002150 5.6763802 -0.7418904 8.0701351 0.0471013 0.1479885 -0.0122975 0.9877903
22.210070 5.7039714 -0.7519149 8.1583242 0.0461385 0.1534707 -0.0134119 0.9869844
22.417770 5.7318993 -0.7621636 8.2446203 0.0449399 0.1590811 -0.0121539 0.9861673
22.625400 5.7608147 -0.7720567 8.3311043 0.0466604 0.1636683 -0.0137984 0.9853147
22.832900 5.7903194 -0.7825009 8.4164000 0.0485898 0.1656901 -0.0124873 0.9849010
23.040140 5.8201213 -0.7926668 8.5005846 0.0464488 0.1627803 -0.0088115 0.9855290
23.247420 5.8468065 -0.8028935 8.5832148 0.0469598 0.1536378 -0.0068357 0.9869871
23.454650 5.8704996 -0.8125101 8.6654396 0.0458692 0.1388441 -0.0054231 0.9892365
23.558270 5.8809624 -0.8170698 8.7071209 0.0431108 0.1307871 -0.0073798 0.9904452
23.765650 5.8997135 -0.8253843 8.7902679 0.0361967 0.1143495 -0.0071500 0.9927552
23.869400 5.9080009 -0.8292756 8.8315887 0.0323831 0.1056613 -0.0069640 0.9938504
23.973020 5.9151845 -0.8328832 8.8728056 0.0292884 0.0972409 -0.0076091 0.9948007
24.076780 5.9218135 -0.8362933 8.9136190 0.0281078 0.0882356 -0.0082104 0.9956691
24.284160 5.9324255 -0.8422217 8.9941092 0.0270082 0.0706009 -0.0080341 0.9971066
24.491650 5.9401484 -0.8479062 9.0740480 0.0238400 0.0551941 -0.0117438 0.9981219
24.699270 5.9469786 -0.8531991 9.1528759 0.0220419 0.0434918 -0.0092375 0.9987679
24.906780 5.9510851 -0.8588156 9.2302513 0.0264388 0.0337565 -0.0137229 0.9989861
25.114270 5.9545894 -0.8640413 9.3065872 0.0352112 0.0247478 -0.0113387 0.9990091
25.321770 5.9563594 -0.8696033 9.3856144 0.0300880 0.0186991 -0.0122930 0.9992967
25.529390 5.9573479 -0.8757418 9.4653788 0.0197408 0.0158741 -0.0145966 0.9995725
25.737020 5.9591303 -0.8802551 9.5441151 0.0215059 0.0148918 -0.0116863 0.9995895
25.944520 5.9611292 -0.8841395 9.6234369 0.0203546 0.0130780 -0.0111448 0.9996452
26.151900 5.9620295 -0.8883744 9.7030954 0.0160121 0.0102665 -0.0113388 0.9997548
26.359150 5.9624209 -0.8918377 9.7837276 0.0138105 0.0048497 -0.0099499 0.9998434
26.566610 5.9615293 -0.8952274 9.8659887 0.0118638 -0.0043492 -0.0082633 0.9998860
26.773900 5.9579239 -0.8988879 9.9474564 0.0142478 -0.0162186 -0.0098378 0.9997185
26.981280 5.9523492 -0.9021802 10.0299463 0.0158631 -0.0285356 -0.0100747 0.9994161
27.188790 5.9451346 -0.9058560 10.1134615 0.0133583 -0.0405499 -0.0108698 0.9990291
27.396270 5.9351254 -0.9088246 10.1979151 0.0112873 -0.0515121 -0.0139895 0.9985106
27.603900 5.9233961 -0.9116941 10.2841501 0.0095857 -0.0574076 -0.0160343 0.9981760
27.811650 5.9127722 -0.9144374 10.3722668 0.0093330 -0.0585930 -0.0127637 0.9981567
28.019400 5.9023509 -0.9174697 10.4623852 0.0111037 -0.0577036 -0.0100568 0.9982213
28.227150 5.8921280 -0.9200483 10.5551882 0.0082616 -0.0573017 -0.0070210 0.9982980
28.434770 5.8822856 -0.9234071 10.6496468 0.0052163 -0.0561883 -0.0064158 0.9983860
28.642420 5.8714256 -0.9255174 10.7440605 0.0046924 -0.0543528 -0.0075227 0.9984824
28.849900 5.8608084 -0.9283976 10.8378563 0.0071295 -0.0525906 -0.0070964 0.9985655
29.057520 5.8509798 -0.9309812 10.9319954 0.0114635 -0.0518663 -0.0076029 0.9985593
29.264900 5.8406482 -0.9344194 11.0270433 0.0078445 -0.0502457 -0.0094400 0.9986615
29.472530 5.8297358 -0.9379424 11.1230354 0.0071661 -0.0458385 -0.0133861 0.9988335
29.680170 5.8223906 -0.9415455 11.2179728 0.0062022 -0.0377110 -0.0133146 0.9991807
29.887780 5.8172374 -0.9448877 11.3121338 0.0089423 -0.0267859 -0.0120570 0.9995285
30.095530 5.8142843 -0.9475713 11.4071884 0.0053423 -0.0149174 -0.0107310 0.9998169
30.199280 5.8135509 -0.9490632 11.4544296 0.0015958 -0.0103489 -0.0083448 0.9999104
30.406780 5.8118105 -0.9505300 11.5486727 -0.0023404 -0.0041793 -0.0111655 0.9999262
30.614030 5.8110709 -0.9517289 11.6428032 -0.0034727 -0.0018577 -0.0102339 0.9999399
30.821410 5.8104172 -0.9525543 11.7367506 -0.0017892 -0.0013621 -0.0122556 0.9999224
31.028780 5.8092432 -0.9538231 11.8329477 -0.0030538 -0.0024354 -0.0130530 0.9999072
31.236300 5.8083434 -0.9550307 11.9303217 -0.0039465 -0.0042289 -0.0110394 0.9999223
31.443650 5.8058305 -0.9556805 12.0284586 -0.0055905 -0.0077654 -0.0118439 0.9998841
31.651030 5.8022127 -0.9556661 12.1279221 -0.0102115 -0.0127665 -0.0132622 0.9997784
31.858530 5.7981772 -0.9557863 12.2265720 -0.0088167 -0.0174041 -0.0170830 0.9996637
32.066030 5.7921233 -0.9553217 12.3266478 -0.0055258 -0.0220484 -0.0216317 0.9995076
32.273410 5.7857594 -0.9562981 12.4266577 -0.0053206 -0.0263705 -0.0234982 0.9993619
32.480910 5.7787895 -0.9565633 12.5266457 -0.0039017 -0.0309197 -0.0238642 0.9992293
32.688280 5.7710724 -0.9574349 12.6269722 -0.0043020 -0.0355719 -0.0220276 0.9991150
32.895660 5.7624969 -0.9583078 12.7273149 -0.0029585 -0.0401661 -0.0212409 0.9989628
33.103170 5.7518721 -0.9590484 12.8281708 -0.0047847 -0.0447828 -0.0252619 0.9986658
33.310530 5.7417898 -0.9604838 12.9280901 0.0005944 -0.0492475 -0.0235637 0.9985085
33.518170 5.7291346 -0.9612767 13.0298615 0.0011065 -0.0524146 -0.0300525 0.9981725
33.725530 5.7177391 -0.9618490 13.1318388 -0.0103172 -0.0544378 -0.0284361 0.9980589
33.933050 5.7057295 -0.9611822 13.2326603 -0.0160492 -0.0565210 -0.0304935 0.9978065
34.140410 5.6935706 -0.9596180 13.3332138 -0.0102663 -0.0605041 -0.0300919 0.9976614
34.347780 5.6793923 -0.9596247 13.4326811 -0.0068929 -0.0652007 -0.0283799 0.9974447
34.555160 5.6650615 -0.9591092 13.5349741 -0.0062519 -0.0695867 -0.0278312 0.9971680
34.762530 5.6500521 -0.9589669 13.6361303 -0.0117678 -0.0730499 -0.0265541 0.9969053
34.970030 5.6340218 -0.9576569 13.7391129 -0.0172633 -0.0754170 -0.0254723 0.9966772
35.177560 5.6176338 -0.9554973 13.8417950 -0.0211010 -0.0770400 -0.0254070 0.9964808
35.385050 5.6001568 -0.9540293 13.9425316 -0.0096307 -0.0786592 -0.0299155 0.9964061
35.592410 5.5832982 -0.9525550 14.0443497 -0.0066308 -0.0790667 -0.0294901 0.9964110
35.799780 5.5665221 -0.9525582 14.1455898 -0.0103088 -0.0799934 -0.0295150 0.9963050
36.110910 5.5411415 -0.9517399 14.2991123 -0.0127059 -0.0820047 -0.0267013 0.9961932
36.318290 5.5231142 -0.9506646 14.4013758 -0.0138092 -0.0830711 -0.0284582 0.9960415
36.525780 5.5052109 -0.9494269 14.5035086 -0.0109758 -0.0846528 -0.0270815 0.9959819
36.733280 5.4865570 -0.9479774 14.6070747 -0.0135401 -0.0875077 -0.0259720 0.9957331
36.940790 5.4673996 -0.9466723 14.7096338 -0.0143465 -0.0920115 -0.0247936 0.9953458
37.148290 5.4457350 -0.9450940 14.8116875 -0.0117601 -0.0964057 -0.0275192 0.9948921
37.355660 5.4246035 -0.9443639 14.9132538 -0.0089199 -0.1036733 -0.0251882 0.9942524
37.563030 5.4014153 -0.9438546 15.0149078 -0.0093575 -0.1144912 -0.0202072 0.9931747
37.874040 5.3601608 -0.9424173 15.1671343 -0.0128515 -0.1372377 -0.0199101 0.9902546
38.081530 5.3282413 -0.9408931 15.2666855 -0.0148851 -0.1508500 -0.0234528 0.9881663
38.289160 5.2938890 -0.9386845 15.3660374 -0.0116603 -0.1595519 -0.0284869 0.9867095
38.497160 5.2588048 -0.9373098 15.4650021 -0.0090449 -0.1584878 -0.0352155 0.9866913
38.705160 5.2262335 -0.9365044 15.5647297 -0.0037562 -0.1486546 -0.0395673 0.9880902
38.913290 5.1982937 -0.9364095 15.6649590 -0.0043956 -0.1365494 -0.0357073 0.9899797
39.121160 5.1715097 -0.9369357 15.7656746 -0.0052374 -0.1252872 -0.0358611 0.9914584
39.328910 5.1474514 -0.9370451 15.8676643 -0.0034257 -0.1153304 -0.0324707 0.9927904
39.536410 5.1243000 -0.9371348 15.9697514 -0.0029412 -0.1075576 -0.0346734 0.9935897
39.743820 5.1013265 -0.9370647 16.0737000 -0.0081661 -0.1014272 -0.0374705 0.9941035
39.951290 5.0797548 -0.9361329 16.1784210 -0.0085512 -0.0973591 -0.0393290 0.9944352
40.158660 5.0580387 -0.9365429 16.2808437 0.0019441 -0.0952230 -0.0421170 0.9945627
40.366160 5.0374651 -0.9374889 16.3852673 0.0053616 -0.0937624 -0.0425537 0.9946703
40.573540 5.0168295 -0.9390903 16.4913445 0.0020342 -0.0931244 -0.0425226 0.9947439
40.884790 4.9856234 -0.9410391 16.6511536 -0.0008758 -0.0963945 -0.0405517 0.9945164
41.195790 4.9507742 -0.9421880 16.8117008 -0.0012119 -0.1025656 -0.0429141 0.9937994
41.403160 4.9269333 -0.9423814 16.9191666 0.0015694 -0.1075426 -0.0408730 0.9933587
41.714170 4.8881426 -0.9445734 17.0815125 0.0035060 -0.1189739 -0.0395027 0.9921051
42.025300 4.8427243 -0.9451393 17.2456169 -0.0057417 -0.1305100 -0.0458482 0.9903697
42.232670 4.8106747 -0.9438355 17.3556194 -0.0056692 -0.1390571 -0.0465134 0.9891751
42.543790 4.7599554 -0.9443713 17.5190163 0.0044312 -0.1527721 -0.0418841 0.9873636
42.854790 4.7050714 -0.9459640 17.6843433 0.0017161 -0.1658324 -0.0334262 0.9855858
43.062290 4.6648917 -0.9462634 17.7945213 -0.0048093 -0.1744994 -0.0314221 0.9841440
43.269790 4.6216216 -0.9457291 17.9045963 -0.0058187 -0.1824291 -0.0347076 0.9825890
43.477330 4.5771208 -0.9445542 18.0153770 -0.0082719 -0.1891954 -0.0357528 0.9812535
43.684940 4.5313997 -0.9428266 18.1256657 -0.0053225 -0.1947528 -0.0346182 0.9802268
43.892430 4.4842205 -0.9418077 18.2351723 -0.0038771 -0.2005471 -0.0337155 0.9790961
44.099960 4.4347506 -0.9408594 18.3458309 -0.0084849 -0.2055654 -0.0370787 0.9779039
44.411040 4.3589311 -0.9390833 18.5094261 -0.0031672 -0.2139637 -0.0369001 0.9761392
44.618540 4.3078403 -0.9383007 18.6184597 -0.0044244 -0.2194484 -0.0321376 0.9750846
44.826160 4.2557583 -0.9377360 18.7275124 -0.0056160 -0.2259444 -0.0275767 0.9737336
44.929790 4.2293558 -0.9375727 18.7814693 -0.0072283 -0.2287873 -0.0240355 0.9731528
45.137340 4.1744318 -0.9366741 18.8877602 -0.0083999 -0.2334747 -0.0253924 0.9719950
45.241040 4.1471262 -0.9359374 18.9401302 -0.0072927 -0.2363432 -0.0252456 0.9713143
45.344810 4.1194162 -0.9355718 18.9919281 -0.0070888 -0.2388091 -0.0268353 0.9706697
45.552290 4.0638571 -0.9341950 19.0964966 -0.0090822 -0.2446496 -0.0246561 0.9692554
45.656170 4.0349951 -0.9335319 19.1480103 -0.0077497 -0.2468752 -0.0237253 0.9687258
45.863670 3.9774194 -0.9319575 19.2511559 -0.0094444 -0.2518494 -0.0246855 0.9674054
46.071290 3.9183464 -0.9301630 19.3536053 -0.0108441 -0.2554790 -0.0283785 0.9663372
46.278790 3.8599300 -0.9276816 19.4548626 -0.0135603 -0.2579093 -0.0289939 0.9656388
46.486540 3.8012276 -0.9257451 19.5559368 -0.0075744 -0.2597565 -0.0262007 0.9652889
46.694170 3.7417297 -0.9240051 19.6574783 -0.0088032 -0.2586862 -0.0267833 0.9655499
46.901920 3.6823573 -0.9221328 19.7606945 -0.0118899 -0.2560884 -0.0277967 0.9661804
47.109670 3.6233959 -0.9201980 19.8642941 -0.0088924 -0.2505452 -0.0296589 0.9676096
47.317420 3.5658712 -0.9183470 19.9697151 -0.0054442 -0.2434846 -0.0292651 0.9694479
47.525050 3.5092964 -0.9180693 20.0769196 -0.0058854 -0.2354109 -0.0296110 0.9714269
47.732670 3.4540977 -0.9155728 20.1864548 -0.0100765 -0.2272133 -0.0328696 0.9732380
47.940170 3.4009490 -0.9136038 20.2950878 -0.0107438 -0.2181353 -0.0357298 0.9752051
48.147690 3.3504515 -0.9114141 20.4058857 -0.0046234 -0.2112079 -0.0336131 0.9768521
48.355050 3.3007965 -0.9104892 20.5186939 -0.0062278 -0.2043285 -0.0328414 0.9783315
48.562550 3.2518110 -0.9092780 20.6328926 -0.0076926 -0.1984309 -0.0325628 0.9795436
48.769940 3.2024512 -0.9075152 20.7484322 -0.0083799 -0.1926229 -0.0353930 0.9805986
48.977300 3.1547718 -0.9058043 20.8648071 -0.0078196 -0.1879478 -0.0377874 0.9814207
49.184670 3.1076398 -0.9042194 20.9821873 -0.0069016 -0.1833279 -0.0393794 0.9822385
49.392050 3.0627451 -0.9025306 21.1003208 -0.0070865 -0.1796830 -0.0388735 0.9829307
49.599420 3.0177846 -0.9012439 21.2183685 -0.0078036 -0.1759282 -0.0401613 0.9835525
49.806800 2.9728818 -0.8996615 21.3367596 -0.0077813 -0.1717177 -0.0416369 0.9842352
50.014170 2.9305415 -0.8982185 21.4548569 -0.0064063 -0.1687844 -0.0404479 0.9848019
50.221580 2.8887262 -0.8967171 21.5756340 -0.0135394 -0.1679498 -0.0375920 0.9849855
50.428990 2.8468041 -0.8943201 21.6952209 -0.0155563 -0.1669817 -0.0366279 0.9851566
50.636450 2.8049316 -0.8921837 21.8149967 -0.0089158 -0.1663570 -0.0336296 0.9854516
50.843990 2.7625456 -0.8901474 21.9360161 -0.0088791 -0.1650545 -0.0306178 0.9857691
50.947600 2.7418690 -0.8895082 21.9968758 -0.0112577 -0.1646796 -0.0288124 0.9858619
51.154950 2.7022905 -0.8874388 22.1172924 -0.0153115 -0.1643427 -0.0260937 0.9859392
51.258560 2.6798420 -0.8865650 22.1788120 -0.0158166 -0.1638124 -0.0261556 0.9860179
51.465930 2.6388001 -0.8842564 22.2991123 -0.0135388 -0.1641341 -0.0240453 0.9860520
51.673320 2.5978484 -0.8819637 22.4185486 -0.0156253 -0.1641627 -0.0225500 0.9860517
51.880670 2.5572662 -0.8800158 22.5378017 -0.0154071 -0.1637165 -0.0216243 0.9861500
52.191670 2.4950233 -0.8764467 22.7183285 -0.0164334 -0.1630595 -0.0196919 0.9862828
52.295430 2.4753628 -0.8751226 22.7778492 -0.0173241 -0.1634328 -0.0183819 0.9862311
52.606680 2.4146996 -0.8707433 22.9579277 -0.0208623 -0.1642724 -0.0107294 0.9861360
52.710430 2.3942313 -0.8693091 23.0184250 -0.0217017 -0.1646761 -0.0072003 0.9860826
52.917930 2.3544817 -0.8658460 23.1350250 -0.0237958 -0.1660637 -0.0047967 0.9858162
53.021680 2.3347855 -0.8641334 23.1922913 -0.0250773 -0.1667534 -0.0043791 0.9856700
53.229180 2.2947993 -0.8606752 23.3052654 -0.0254766 -0.1682515 -0.0034581 0.9854088
53.436550 2.2558641 -0.8573363 23.4148331 -0.0274211 -0.1698173 -0.0028350 0.9850899
53.644050 2.2174397 -0.8532203 23.5210991 -0.0324803 -0.1703301 -0.0067780 0.9848283
53.851550 2.1791039 -0.8482354 23.6241684 -0.0356018 -0.1697646 -0.0143275 0.9847371
54.162800 2.1250033 -0.8401600 23.7710247 -0.0349608 -0.1684265 -0.0225045 0.9848369
54.370180 2.0919676 -0.8348007 23.8641872 -0.0330233 -0.1680313 -0.0224313 0.9849730
54.681310 2.0443993 -0.8277295 23.9991798 -0.0326095 -0.1664108 -0.0224138 0.9852622
54.785060 2.0293498 -0.8253714 24.0426636 -0.0328205 -0.1645319 -0.0230044 0.9855571
55.096430 1.9864664 -0.8185798 24.1711769 -0.0329781 -0.1547794 -0.0266308 0.9870393
55.200180 1.9732056 -0.8166938 24.2130470 -0.0299721 -0.1512625 -0.0273586 0.9876603
55.407810 1.9480968 -0.8126243 24.2960205 -0.0254120 -0.1423260 -0.0288539 0.9890728
55.615430 1.9237590 -0.8086659 24.3827839 -0.0294013 -0.1300215 -0.0320784 0.9905559
55.822930 1.9017110 -0.8040910 24.4707184 -0.0339432 -0.1182673 -0.0323975 0.9918725
56.030430 1.8822689 -0.7993579 24.5597553 -0.0340527 -0.1073674 -0.0304419 0.9931697
56.237800 1.8652797 -0.7945133 24.6491928 -0.0296624 -0.0997244 -0.0241379 0.9942799
56.445350 1.8491597 -0.7897108 24.7411957 -0.0316485 -0.0940460 -0.0182570 0.9948972
56.652940 1.8318863 -0.7833285 24.8364983 -0.0468151 -0.0887003 -0.0193669 0.9947691
56.860440 1.8157730 -0.7756743 24.9322605 -0.0553676 -0.0830858 -0.0207928 0.9947858
57.068060 1.8005068 -0.7670333 25.0289307 -0.0542028 -0.0770881 -0.0215219 0.9953172
57.275560 1.7870851 -0.7573621 25.1277733 -0.0592866 -0.0707882 -0.0180801 0.9955638
57.483060 1.7748177 -0.7478681 25.2261086 -0.0623854 -0.0646185 -0.0142866 0.9958556
57.690560 1.7631264 -0.7377114 25.3229923 -0.0612101 -0.0581854 -0.0128153 0.9963451
57.794300 1.7580583 -0.7325025 25.3711376 -0.0610845 -0.0547961 -0.0129309 0.9965435
57.898200 1.7531736 -0.7278883 25.4186859 -0.0614577 -0.0505698 -0.0138102 0.9967321
58.105810 1.7455539 -0.7184477 25.5121422 -0.0611424 -0.0402998 -0.0120756 0.9972420
58.313440 1.7399333 -0.7093287 25.6034374 -0.0622626 -0.0294750 -0.0117645 0.9975551
58.521060 1.7373934 -0.7011931 25.6919327 -0.0586485 -0.0190079 -0.0102506 0.9980451
58.728680 1.7350640 -0.6931546 25.7787361 -0.0498517 -0.0054864 -0.0161116 0.9986116
58.936580 1.7370719 -0.6866837 25.8660374 -0.0451036 0.0128982 -0.0159760 0.9987713
59.144310 1.7438600 -0.6808432 25.9525356 -0.0389521 0.0337960 -0.0119126 0.9985983
59.352060 1.7548802 -0.6762447 26.0404892 -0.0322504 0.0541678 -0.0054673 0.9979959
59.766940 1.7848539 -0.6660824 26.2218075 -0.0421399 0.0871454 -0.0014388 0.9953029
59.974310 1.8015723 -0.6606002 26.3132286 -0.0461889 0.0964247 -0.0020903 0.9942658
60.285560 1.8309381 -0.6495135 26.4538021 -0.0513092 0.1075178 -0.0069589 0.9928539
60.493060 1.8492670 -0.6438771 26.5453682 -0.0373475 0.1139272 -0.0188742 0.9926074
60.804180 1.8810205 -0.6362209 26.6864204 -0.0357235 0.1182999 -0.0255852 0.9920052
61.011600 1.9019213 -0.6330172 26.7802277 -0.0308198 0.1160908 -0.0290818 0.9923342
61.322690 1.9322455 -0.6294286 26.9186325 -0.0099128 0.1088170 -0.0353597 0.9933832
61.530190 1.9506214 -0.6297866 27.0109539 -0.0204941 0.1063484 -0.0373365 0.9934163
61.737600 1.9689300 -0.6294484 27.0991154 -0.0128385 0.1033949 -0.0336614 0.9939877
61.945060 1.9866354 -0.6300308 27.1850014 -0.0084709 0.1006829 -0.0310949 0.9943964
62.152610 2.0032301 -0.6314345 27.2686596 -0.0031566 0.1008040 -0.0299731 0.9944497
62.360060 2.0188076 -0.6327531 27.3507595 0.0005552 0.1021050 -0.0341336 0.9941877
62.671810 2.0447192 -0.6367310 27.4693298 0.0028616 0.1202359 -0.0399525 0.9919370
62.983690 2.0774312 -0.6416545 27.5792694 0.0046727 0.1475954 -0.0350268 0.9884164
63.191440 2.1003752 -0.6448079 27.6459293 0.0061830 0.1649057 -0.0328794 0.9857417
63.399310 2.1232147 -0.6480633 27.7068539 0.0045183 0.1834188 -0.0349281 0.9824038
63.710810 2.1583023 -0.6538093 27.7844887 0.0137228 0.2088967 -0.0293785 0.9774000
63.918440 2.1800785 -0.6572750 27.8280754 0.0238992 0.2222500 -0.0277714 0.9743010
64.125960 2.1998110 -0.6601480 27.8675880 0.0289629 0.2323681 -0.0298171 0.9717392
64.437070 2.2296257 -0.6655627 27.9192715 0.0308304 0.2421771 -0.0195095 0.9695458
64.748080 2.2519531 -0.6700025 27.9632282 0.0266077 0.2493357 -0.0257920 0.9677079
65.059060 2.2704039 -0.6731944 27.9957657 0.0277418 0.2529704 -0.0240030 0.9667783
65.681060 2.2993231 -0.6782330 28.0456276 0.0296068 0.2459943 -0.0137543 0.9687214
65.992190 2.3109312 -0.6805714 28.0704060 0.0315391 0.2397534 -0.0166490 0.9701785
66.303310 2.3237762 -0.6827849 28.0979729 0.0322408 0.2310019 -0.0184574 0.9722438
66.718090 2.3439007 -0.6864663 28.1483421 0.0263606 0.2143949 -0.0261023 0.9760423
67.132820 2.3682609 -0.6914243 28.2075081 0.0262768 0.1870895 -0.0173258 0.9818385
67.443690 2.3834400 -0.6954260 28.2577515 0.0252049 0.1570158 -0.0167192 0.9871328
67.754690 2.3943262 -0.6985323 28.3144436 0.0281418 0.1232918 -0.0245874 0.9916666
68.065690 2.4042277 -0.7030121 28.3783035 0.0265033 0.0848851 -0.0231501 0.9957691
68.376700 2.4093156 -0.7074674 28.4506607 0.0252448 0.0454841 -0.0250974 0.9983306
68.687820 2.4091833 -0.7121345 28.5333195 0.0246306 0.0092826 -0.0240191 0.9993649
68.999070 2.4043331 -0.7170997 28.6267147 0.0241539 -0.0200383 -0.0240762 0.9992174
69.310320 2.3947628 -0.7224399 28.7298813 0.0236158 -0.0479699 -0.0192770 0.9983835
69.621440 2.3786311 -0.7290006 28.8421440 0.0239378 -0.0745402 -0.0181086 0.9967661
69.932840 2.3547807 -0.7349697 28.9645863 0.0221648 -0.0938989 -0.0200716 0.9951326
70.244320 2.3262348 -0.7411181 29.0951653 0.0195177 -0.1044463 -0.0215253 0.9941060
70.555820 2.2944150 -0.7474928 29.2358437 0.0193621 -0.1097389 -0.0235313 0.9934932
70.867190 2.2596684 -0.7545120 29.3861809 0.0207320 -0.1143880 -0.0217046 0.9929826
71.178440 2.2225308 -0.7620913 29.5417290 0.0224240 -0.1185822 -0.0193290 0.9925028
71.489570 2.1816707 -0.7704772 29.7039623 0.0240414 -0.1215619 -0.0176139 0.9921363
71.800950 2.1400452 -0.7800756 29.8703156 0.0262418 -0.1226167 -0.0185617 0.9919335
72.112200 2.0950274 -0.7898607 30.0458832 0.0241027 -0.1232439 -0.0176803 0.9919261
72.423450 2.0486064 -0.7995698 30.2282162 0.0244607 -0.1247140 -0.0141270 0.9917906
72.734700 2.0002618 -0.8102260 30.4166660 0.0245222 -0.1262712 -0.0130584 0.9916067
73.045950 1.9480672 -0.8206244 30.6118031 0.0245793 -0.1267153 -0.0136373 0.9915408
73.253450 1.9131575 -0.8286934 30.7439137 0.0254386 -0.1250139 -0.0173751 0.9916766
73.461070 1.8776255 -0.8369863 30.8797283 0.0284215 -0.1189849 -0.0208342 0.9922705
73.668820 1.8436174 -0.8460301 31.0175514 0.0311862 -0.1069688 -0.0256005 0.9934434
73.772700 1.8286572 -0.8511140 31.0868320 0.0314038 -0.0992502 -0.0271811 0.9941953
73.980600 1.8027549 -0.8612876 31.2270317 0.0288807 -0.0824025 -0.0290701 0.9957563
74.084450 1.7913351 -0.8666624 31.2982254 0.0286977 -0.0732910 -0.0298574 0.9964504
74.292330 1.7732770 -0.8763919 31.4393044 0.0325209 -0.0543965 -0.0305330 0.9975225
74.396200 1.7663879 -0.8816735 31.5114841 0.0334634 -0.0441130 -0.0306237 0.9979962
74.603820 1.7568961 -0.8928938 31.6558666 0.0320254 -0.0212371 -0.0296084 0.9988226
74.811700 1.7547343 -0.9051232 31.7997665 0.0374032 0.0042855 -0.0316554 0.9987895
75.019330 1.7592788 -0.9189231 31.9450455 0.0424127 0.0326627 -0.0351011 0.9979490
75.123330 1.7654302 -0.9262254 32.0165291 0.0446778 0.0480451 -0.0331173 0.9972957
75.330950 1.7837214 -0.9435990 32.1597862 0.0475864 0.0777241 -0.0341278 0.9952536
75.538570 1.8109188 -0.9615045 32.3033638 0.0529967 0.1047360 -0.0314273 0.9925895
75.745950 1.8455048 -0.9806182 32.4454041 0.0544884 0.1278306 -0.0285647 0.9898860
75.953320 1.8871431 -0.9997482 32.5871391 0.0574600 0.1494736 -0.0291123 0.9866653
76.264200 1.9610462 -1.0288248 32.7993813 0.0569191 0.1750675 -0.0232879 0.9826338
76.574950 2.0422945 -1.0595133 33.0106621 0.0613008 0.1845769 -0.0190647 0.9807192
76.885860 2.1257505 -1.0927510 33.2245865 0.0636856 0.1897753 -0.0197667 0.9795605
77.093250 2.1833086 -1.1144414 33.3692932 0.0651512 0.1932750 -0.0187248 0.9788000
77.300580 2.2437582 -1.1363921 33.5152817 0.0614497 0.1955779 -0.0184967 0.9785863
77.507830 2.3050451 -1.1589837 33.6641846 0.0639916 0.1964642 -0.0207790 0.9782000
77.715200 2.3685522 -1.1825738 33.8137894 0.0658122 0.1956799 -0.0197794 0.9782571
77.922710 2.4316940 -1.2068694 33.9665184 0.0656249 0.1956527 -0.0216850 0.9782347
78.130080 2.4942532 -1.2308490 34.1216736 0.0651565 0.1975506 -0.0225967 0.9778639
78.337450 2.5600815 -1.2564986 34.2787094 0.0652270 0.1997700 -0.0222568 0.9774160
78.544830 2.6274261 -1.2819161 34.4378738 0.0654167 0.2025925 -0.0225549 0.9768153
78.752330 2.6965218 -1.3079247 34.5980072 0.0645823 0.2061296 -0.0233081 0.9761130
78.959710 2.7676992 -1.3324802 34.7617378 0.0642434 0.2100554 -0.0243913 0.9752715
79.167080 2.8409824 -1.3585598 34.9250488 0.0650526 0.2126587 -0.0243263 0.9746552
79.374460 2.9150162 -1.3851304 35.0892143 0.0658871 0.2153145 -0.0239255 0.9740257
79.581950 2.9917307 -1.4123366 35.2548752 0.0661102 0.2182459 -0.0239154 0.9733582
79.789450 3.0714617 -1.4393678 35.4211540 0.0661782 0.2215626 -0.0235888 0.9726120
79.996970 3.1514492 -1.4673445 35.5898857 0.0665951 0.2256034 -0.0232872 0.9716614
80.204330 3.2344608 -1.4958670 35.7601929 0.0673373 0.2280356 -0.0228443 0.9710528
80.411710 3.3206215 -1.5251503 35.9335251 0.0674987 0.2296525 -0.0227069 0.9706637
80.619080 3.4071016 -1.5549014 36.1070938 0.0682106 0.2307612 -0.0213160 0.9703825
80.826440 3.4964561 -1.5854497 36.2831497 0.0675978 0.2315673 -0.0200065 0.9702613
81.033840 3.5828152 -1.6149020 36.4584312 0.0676496 0.2329632 -0.0209240 0.9699041
81.137500 3.6289072 -1.6299803 36.5474167 0.0667453 0.2333320 -0.0209642 0.9698772
81.344940 3.7195263 -1.6605375 36.7266960 0.0659534 0.2343133 -0.0198421 0.9697184
81.448590 3.7643490 -1.6752710 36.8162766 0.0669075 0.2345867 -0.0199219 0.9695853
81.656060 3.8558607 -1.7059460 36.9954987 0.0672087 0.2346753 -0.0203054 0.9695351
81.863460 3.9484787 -1.7373900 37.1765747 0.0674778 0.2342268 -0.0198692 0.9696338
81.967080 3.9947691 -1.7530830 37.2680511 0.0686168 0.2339766 -0.0198462 0.9696148
82.174460 4.0869370 -1.7849996 37.4503136 0.0692719 0.2326472 -0.0178387 0.9699271
82.278210 4.1333094 -1.8005729 37.5419579 0.0687456 0.2316319 -0.0164174 0.9702325
82.485710 4.2257099 -1.8323512 37.7231750 0.0679400 0.2299316 -0.0162352 0.9706967
82.693080 4.3168507 -1.8629732 37.9077263 0.0684903 0.2291129 -0.0162276 0.9708517
82.796920 4.3617249 -1.8780277 37.9983177 0.0688441 0.2286648 -0.0158238 0.9709390
83.004230 4.4515018 -1.9104009 38.1801147 0.0683747 0.2280388 -0.0170041 0.9710994
83.107850 4.4960356 -1.9266908 38.2715302 0.0676027 0.2277803 -0.0177926 0.9712000
83.315210 4.5862160 -1.9576986 38.4534378 0.0667287 0.2270648 -0.0154984 0.9714673
83.418960 4.6317987 -1.9729798 38.5440102 0.0672472 0.2264270 -0.0119745 0.9716302
83.522590 4.6763773 -1.9881916 38.6348495 0.0686293 0.2259110 -0.0111688 0.9716632
83.626210 4.7210016 -2.0036206 38.7264214 0.0701318 0.2256506 -0.0117376 0.9716098
83.729960 4.7651415 -2.0200453 38.8177452 0.0699249 0.2255480 -0.0129280 0.9716334
83.833580 4.8090448 -2.0354867 38.9088478 0.0687428 0.2250905 -0.0144704 0.9718021
83.937350 4.8531466 -2.0510988 38.9996033 0.0684434 0.2243599 -0.0148184 0.9719869
84.144710 4.9406319 -2.0826120 39.1826210 0.0681219 0.2236442 -0.0171577 0.9721360
84.352100 5.0277796 -2.1134040 39.3645859 0.0670293 0.2233640 -0.0182377 0.9722567
84.455710 5.0711937 -2.1287427 39.4550323 0.0677778 0.2234816 -0.0170852 0.9721987
84.662980 5.1587744 -2.1598921 39.6350060 0.0681370 0.2229373 -0.0149157 0.9723342
84.766730 5.2020874 -2.1749673 39.7249527 0.0676206 0.2223727 -0.0142360 0.9725097
84.870340 5.2449532 -2.1906683 39.8145218 0.0682857 0.2215587 -0.0142094 0.9726494
85.077720 5.3292131 -2.2216797 39.9929657 0.0692000 0.2204032 -0.0172050 0.9727989
85.285090 5.4106588 -2.2528031 40.1694412 0.0668310 0.2196431 -0.0190018 0.9731030
85.492460 5.4935074 -2.2829571 40.3450508 0.0654820 0.2192674 -0.0162547 0.9733292
85.699750 5.5749483 -2.3122554 40.5192261 0.0663547 0.2196696 -0.0161115 0.9731818
85.907110 5.6561728 -2.3416970 40.6900253 0.0655812 0.2204098 -0.0169784 0.9730521
86.114460 5.7358732 -2.3706045 40.8572044 0.0648000 0.2209147 -0.0172823 0.9729846
86.321830 5.8129053 -2.3984573 41.0194931 0.0618357 0.2218487 -0.0172324 0.9729658
86.529210 5.8867989 -2.4254189 41.1744270 0.0650115 0.2223455 -0.0165946 0.9726565
86.736730 5.9582062 -2.4515018 41.3232689 0.0642352 0.2221401 -0.0161613 0.9727623
86.944090 6.0243683 -2.4761386 41.4639549 0.0627075 0.2208291 -0.0162398 0.9731591
87.151360 6.0866957 -2.4983184 41.5974655 0.0608456 0.2186911 -0.0158509 0.9737663
87.358710 6.1437788 -2.5182676 41.7197571 0.0580963 0.2169496 -0.0163327 0.9743156
87.669860 6.2201214 -2.5460918 41.8845825 0.0600703 0.2158405 -0.0160924 0.9744462
87.981210 6.2834148 -2.5698781 42.0269165 0.0591793 0.2223563 -0.0208607 0.9729441
88.397460 6.3697004 -2.5970120 42.1803246 0.0617820 0.2722726 -0.0243691 0.9599254
88.710100 6.4428806 -2.6159086 42.2745209 0.0631716 0.3364970 -0.0211594 0.9393250
88.918590 6.4982758 -2.6278398 42.3292160 0.0616647 0.3875085 -0.0189894 0.9196054
89.231340 6.5869713 -2.6448858 42.3916016 0.0646928 0.4725809 -0.0172609 0.8787401
89.543710 6.6835747 -2.6603310 42.4304733 0.0723448 0.5559618 -0.0099096 0.8279942
89.855840 6.7879872 -2.6745143 42.4510193 0.0709485 0.6341974 -0.0062116 0.7698840
90.063710 6.8597126 -2.6836848 42.4520950 0.0757370 0.6823372 -0.0010840 0.7271029
90.271490 6.9327803 -2.6919260 42.4452782 0.0798128 0.7289809 -0.0045112 0.6798503
90.479340 7.0086646 -2.7001197 42.4278564 0.0796399 0.7721800 -0.0034397 0.6303838
90.686970 7.0849476 -2.7080750 42.3991661 0.0793890 0.8126248 -0.0016764 0.5773522
90.894590 7.1591835 -2.7153077 42.3587990 0.0812533 0.8497801 -0.0037864 0.5208236
91.102090 7.2325287 -2.7227530 42.3073273 0.0826588 0.8825971 -0.0050574 0.4627788
91.309470 7.3034172 -2.7300916 42.2422562 0.0833525 0.9091277 -0.0032299 0.4080794
91.412970 7.3382282 -2.7338452 42.2058945 0.0837011 0.9199113 -0.0026277 0.3830800
91.620220 7.4048862 -2.7401266 42.1261520 0.0858806 0.9367820 -0.0034431 0.3391934
91.827240 7.4692268 -2.7464099 42.0368195 0.0862588 0.9477850 -0.0020173 0.3070161
92.034130 7.5323696 -2.7522597 41.9393616 0.0805870 0.9552371 0.0016905 0.2846488
92.241220 7.5944233 -2.7577443 41.8378792 0.0754336 0.9611356 0.0034813 0.2655483
92.448600 7.6548405 -2.7623348 41.7304802 0.0670289 0.9669504 0.0053905 0.2459373
92.655970 7.7127037 -2.7647717 41.6176186 0.0592961 0.9725123 0.0084343 0.2250170
92.863470 7.7662525 -2.7669420 41.5001335 0.0481676 0.9781600 0.0134734 0.2017457
93.070970 7.8131104 -2.7669678 41.3791885 0.0426682 0.9832515 0.0154524 0.1765139
93.278470 7.8530807 -2.7651834 41.2537384 0.0415163 0.9875745 0.0197458 0.1502765
93.485840 7.8873615 -2.7629094 41.1244202 0.0429856 0.9906449 0.0253686 0.1270089
93.693120 7.9181757 -2.7586536 40.9922371 0.0420025 0.9922803 0.0294502 0.1129082
93.796720 7.9338331 -2.7560594 40.9242706 0.0410042 0.9926392 0.0322476 0.1092987
94.003970 7.9662228 -2.7506254 40.7854576 0.0356364 0.9929096 0.0362950 0.1074399
94.211350 7.9996738 -2.7425427 40.6444855 0.0299936 0.9930673 0.0313897 0.1092352
94.522220 8.0518351 -2.7351289 40.4279480 0.0316872 0.9923508 0.0239210 0.1168912
94.729720 8.0908594 -2.7310874 40.2792206 0.0293938 0.9918140 0.0239558 0.1219312
94.937220 8.1311054 -2.7272792 40.1279259 0.0283045 0.9918579 0.0185810 0.1227661
95.040970 8.1506138 -2.7259827 40.0530739 0.0268570 0.9918519 0.0185721 0.1231408
95.248350 8.1899242 -2.7229772 39.8989372 0.0279793 0.9916002 0.0202814 0.1246389
95.352090 8.2101021 -2.7212491 39.8213882 0.0295248 0.9914423 0.0219710 0.1252511
95.559540 8.2513056 -2.7178354 39.6657791 0.0297973 0.9909775 0.0241751 0.1284187
95.766850 8.2935171 -2.7137642 39.5098190 0.0316165 0.9903820 0.0245490 0.1324433
95.974250 8.3369665 -2.7104144 39.3548698 0.0341360 0.9896585 0.0251209 0.1370395
96.181600 8.3816366 -2.7066429 39.2011909 0.0346292 0.9891599 0.0234541 0.1407598
96.389100 8.4268560 -2.7038162 39.0486679 0.0347135 0.9888305 0.0259254 0.1426080
96.596600 8.4718943 -2.7003515 38.8995819 0.0347812 0.9886826 0.0233275 0.1440581
96.803990 8.5172672 -2.6971800 38.7505150 0.0336350 0.9886464 0.0263033 0.1440665
97.011470 8.5613356 -2.6937914 38.6056786 0.0334080 0.9886181 0.0252152 0.1445071
97.218890 8.6049776 -2.6911201 38.4620628 0.0343963 0.9884012 0.0251161 0.1457710
97.426220 8.6483011 -2.6878631 38.3216324 0.0352374 0.9880055 0.0237393 0.1484582
97.633720 8.6918631 -2.6853037 38.1848602 0.0353734 0.9875289 0.0264513 0.1511147
97.841240 8.7348938 -2.6829338 38.0532074 0.0340627 0.9871876 0.0247287 0.1539120
98.048750 8.7764788 -2.6806912 37.9268799 0.0339304 0.9868679 0.0242802 0.1560477
98.359970 8.8377485 -2.6772561 37.7487183 0.0310374 0.9867877 0.0234820 0.1572746
98.567470 8.8737411 -2.6755073 37.6386223 0.0334393 0.9862953 0.0267665 0.1593326
98.774870 8.9095345 -2.6742649 37.5372124 0.0308320 0.9860258 0.0283588 0.1612400
99.086100 8.9557514 -2.6714647 37.4034729 0.0313580 0.9855676 0.0272069 0.1641126
99.397230 8.9958191 -2.6695268 37.2903709 0.0342683 0.9852995 0.0260207 0.1653281
99.708350 9.0287867 -2.6679761 37.1990891 0.0320010 0.9852216 0.0263574 0.1661912
100.019300 9.0547304 -2.6663671 37.1256142 0.0347158 0.9850723 0.0254910 0.1666664
100.330500 9.0740585 -2.6657736 37.0682030 0.0353690 0.9848820 0.0261392 0.1675508
100.641500 9.0906096 -2.6643534 37.0195160 0.0370188 0.9848251 0.0224166 0.1680670
101.263600 9.1250086 -2.6634896 36.9251137 0.0360467 0.9848508 0.0217470 0.1682160
101.471000 9.1362867 -2.6630480 36.8936844 0.0368912 0.9848308 0.0226105 0.1680361
101.678400 9.1463032 -2.6624203 36.8632393 0.0377275 0.9847513 0.0229155 0.1682746
101.989600 9.1613321 -2.6607108 36.8200874 0.0372791 0.9847161 0.0223302 0.1686592
102.300700 9.1752272 -2.6605611 36.7819366 0.0370408 0.9847599 0.0231433 0.1683457
102.611900 9.1877146 -2.6601877 36.7500801 0.0377531 0.9848058 0.0219403 0.1680801
103.545200 9.2218781 -2.6589139 36.6557999 0.0354430 0.9848664 0.0217483 0.1682527
103.856400 9.2343407 -2.6585855 36.6226273 0.0359277 0.9847879 0.0191760 0.1689206
104.167400 9.2516165 -2.6578434 36.5751610 0.0373071 0.9843026 0.0148505 0.1718605
104.478200 9.2772570 -2.6571648 36.5095558 0.0397206 0.9829147 0.0129855 0.1792552
104.789400 9.3120470 -2.6568868 36.4270706 0.0410565 0.9805633 0.0111995 0.1915323
105.100500 9.3552389 -2.6561961 36.3290672 0.0443043 0.9773410 0.0134713 0.2065435
105.411500 9.4095755 -2.6562719 36.2177658 0.0449646 0.9740514 0.0142472 0.2213573
105.618900 9.4509020 -2.6559796 36.1362953 0.0458668 0.9718736 0.0170730 0.2303614
105.826500 9.4977293 -2.6555243 36.0502472 0.0417857 0.9705188 0.0198158 0.2365473
106.034100 9.5482149 -2.6549590 35.9590759 0.0373263 0.9699203 0.0194354 0.2397574
106.241700 9.6006289 -2.6530447 35.8630524 0.0350259 0.9694093 0.0196902 0.2421385
106.449200 9.6560860 -2.6514404 35.7607956 0.0365280 0.9690158 0.0195610 0.2434981
106.656800 9.7154007 -2.6509957 35.6558113 0.0316982 0.9687836 0.0121044 0.2455748
106.864200 9.7759495 -2.6504538 35.5434914 0.0366773 0.9682236 0.0108461 0.2471439
107.175500 9.8755846 -2.6510952 35.3689308 0.0324647 0.9678308 0.0132678 0.2491454
107.382900 9.9445868 -2.6504834 35.2471581 0.0330149 0.9671336 0.0145838 0.2516942
107.590200 10.0173569 -2.6504803 35.1207314 0.0336679 0.9659367 0.0156539 0.2561010
107.797600 10.0922041 -2.6496663 34.9925232 0.0369226 0.9643062 0.0180015 0.2615842
108.005000 10.1688337 -2.6495268 34.8649521 0.0382263 0.9631539 0.0169459 0.2656806
108.212500 10.2451344 -2.6506410 34.7396011 0.0377772 0.9626899 0.0138935 0.2675969
108.420000 10.3222275 -2.6524866 34.6138992 0.0351268 0.9630882 0.0119443 0.2666168
108.627500 10.3984995 -2.6539271 34.4879456 0.0336600 0.9636303 0.0120098 0.2648384
108.835100 10.4738340 -2.6553986 34.3600159 0.0355147 0.9641875 0.0130207 0.2625103
109.146400 10.5862675 -2.6570780 34.1680374 0.0359370 0.9652346 0.0112698 0.2586576
109.457600 10.6980505 -2.6603746 33.9727707 0.0357111 0.9662758 0.0110475 0.2547818
109.768700 10.8101215 -2.6625547 33.7747116 0.0367170 0.9670612 0.0094287 0.2517053
109.976100 10.8847370 -2.6646013 33.6419296 0.0360127 0.9671587 0.0102382 0.2514007
110.183500 10.9603071 -2.6671424 33.5083694 0.0351404 0.9671853 0.0090878 0.2514659
110.390900 11.0363874 -2.6696181 33.3745499 0.0355363 0.9668704 0.0090526 0.2526198
110.598200 11.1128492 -2.6720419 33.2399902 0.0356168 0.9664668 0.0077550 0.2541914
110.805600 11.1910191 -2.6744003 33.1062431 0.0362323 0.9660345 0.0054088 0.2558035
111.012900 11.2686176 -2.6777682 32.9726982 0.0343844 0.9653461 0.0086045 0.2585548
111.220200 11.3467283 -2.6806557 32.8406525 0.0354578 0.9647941 0.0094346 0.2604344
111.427600 11.4239302 -2.6833882 32.7104378 0.0363049 0.9641978 0.0084567 0.2625512
111.635000 11.5009298 -2.6864789 32.5808716 0.0379036 0.9636076 0.0069269 0.2645292
111.842400 11.5776606 -2.6898882 32.4531822 0.0370951 0.9630101 0.0058644 0.2668352
112.049700 11.6556702 -2.6937718 32.3254204 0.0348035 0.9627205 0.0101122 0.2680592
112.257100 11.7324867 -2.6964595 32.2014046 0.0323302 0.9630183 0.0068291 0.2674021
112.360900 11.7699203 -2.6980774 32.1394310 0.0324226 0.9632064 0.0057155 0.2667386
112.464600 11.8067951 -2.6994374 32.0766869 0.0347598 0.9634796 0.0054203 0.2654606
112.568200 11.8430634 -2.7013695 32.0150986 0.0379491 0.9637118 0.0069541 0.2641422
112.775600 11.9149866 -2.7044961 31.8917446 0.0403063 0.9640856 0.0067538 0.2624287
112.983000 11.9866323 -2.7083766 31.7706451 0.0403719 0.9647101 0.0063138 0.2601242
113.190500 12.0550089 -2.7129602 31.6551991 0.0390702 0.9654573 -0.0010730 0.2576132
113.397800 12.1194592 -2.7183819 31.5439548 0.0373973 0.9659764 -0.0057975 0.2558464
113.605200 12.1797791 -2.7246332 31.4378281 0.0397249 0.9662460 -0.0014012 0.2545362
113.812600 12.2347431 -2.7302699 31.3400307 0.0421392 0.9662939 -0.0017708 0.2539631
114.020100 12.2845688 -2.7350500 31.2505951 0.0463028 0.9660950 -0.0054997 0.2539413
114.331400 12.3538942 -2.7432020 31.1285172 0.0449369 0.9660254 -0.0038847 0.2544807
114.850000 12.4568644 -2.7546515 30.9508305 0.0414001 0.9663374 -0.0079515 0.2538008
115.161100 12.5132360 -2.7612987 30.8536987 0.0386914 0.9667299 -0.0070797 0.2527573
115.679700 12.5951662 -2.7703075 30.7052345 0.0436445 0.9668087 -0.0061344 0.2516715
116.198300 12.6666851 -2.7786531 30.5770473 0.0463017 0.9663741 -0.0093109 0.2527659
116.509400 12.7038260 -2.7835610 30.5098686 0.0516753 0.9653460 -0.0112015 0.2555607
116.924200 12.7496567 -2.7889781 30.4347687 0.0482479 0.9640178 -0.0139398 0.2610507
117.235400 12.7770452 -2.7929661 30.3899422 0.0493466 0.9630812 -0.0139337 0.2642829
117.961500 12.8236790 -2.7999246 30.3116608 0.0505417 0.9629540 -0.0186060 0.2642329
118.376300 12.8428097 -2.8029437 30.2807465 0.0501845 0.9627315 -0.0198501 0.2650199
118.791000 12.8578129 -2.8052454 30.2565422 0.0503421 0.9625180 -0.0204896 0.2657161
119.309600 12.8715715 -2.8071787 30.2339096 0.0503828 0.9622759 -0.0217634 0.2664829
119.931900 12.8822832 -2.8089771 30.2158508 0.0508865 0.9620351 -0.0226643 0.2671804
120.968600 12.8901672 -2.8103132 30.2035141 0.0509173 0.9619117 -0.0244328 0.2674628
121.279700 12.8934355 -2.8108058 30.1973152 0.0508907 0.9618416 -0.0243538 0.2677272
122.109400 12.9099655 -2.8136420 30.1713982 0.0501901 0.9619383 -0.0240794 0.2675368
122.731600 12.9307060 -2.8169169 30.1371117 0.0509280 0.9618528 -0.0240854 0.2677039
122.939000 12.9389973 -2.8182721 30.1230164 0.0502023 0.9618449 -0.0237475 0.2678995
123.250000 12.9523525 -2.8203621 30.1006012 0.0509437 0.9617971 -0.0241169 0.2678984
123.457400 12.9621191 -2.8219547 30.0852242 0.0517087 0.9618564 -0.0238928 0.2675587
123.768500 12.9756861 -2.8245337 30.0611076 0.0538757 0.9617921 -0.0222315 0.2675054
124.079600 12.9886036 -2.8268061 30.0405693 0.0532474 0.9618316 -0.0222021 0.2674916
124.494400 13.0016832 -2.8290591 30.0185013 0.0527474 0.9615529 -0.0209528 0.2686909
