0.000000 0.0000000 0.0000000 0.0000000 0.0000000 0.0000000 0.0000000 1.0000000
0.103391 -0.0004265 -0.0001639 0.0815980 0.0022681 0.0007590 -0.0004309 0.9999970
0.207106 -0.0002520 0.0000191 0.1624886 0.0027251 0.0010936 0.0006200 0.9999955
0.310262 -0.0003930 -0.0000167 0.2436359 0.0006923 0.0012524 0.0014428 0.9999979
0.413621 -0.0001520 -0.0002102 0.3248199 -0.0023619 0.0008471 0.0026670 0.9999933
0.517929 -0.0002352 0.0000893 0.4046599 -0.0023517 0.0002408 0.0044544 0.9999873
0.620389 -0.0002148 0.0003283 0.4839146 -0.0009018 -0.0001714 0.0056147 0.9999838
0.724219 -0.0002845 0.0004010 0.5627283 0.0007701 -0.0006335 0.0059643 0.9999817
0.827211 -0.0006895 0.0005512 0.6417803 0.0010881 -0.0010218 0.0058068 0.9999820
0.930557 -0.0012991 0.0007085 0.7204036 0.0002430 -0.0015297 0.0056557 0.9999828
1.034070 -0.0017554 0.0007137 0.7989479 -0.0012017 -0.0018965 0.0055460 0.9999821
1.137438 -0.0020173 0.0006822 0.8768769 -0.0020614 -0.0024195 0.0057429 0.9999785
1.244258 -0.0027295 0.0012572 0.9543418 -0.0023532 -0.0027065 0.0062552 0.9999740
1.344229 -0.0027050 0.0011011 1.0319966 -0.0024325 -0.0032837 0.0062830 0.9999719
1.551083 -0.0048166 0.0018672 1.1851389 -0.0006988 -0.0042768 0.0066705 0.9999683
1.654521 -0.0050882 0.0021114 1.2614187 -0.0000800 -0.0052747 0.0072911 0.9999595
1.757843 -0.0064637 0.0020886 1.3375131 0.0001955 -0.0059997 0.0071060 0.9999567
1.964724 -0.0098006 0.0022651 1.4894791 0.0007521 -0.0075816 0.0058124 0.9999541
2.171620 -0.0132108 0.0018851 1.6406448 -0.0004913 -0.0090287 0.0059007 0.9999417
2.378626 -0.0168456 0.0017723 1.7889433 -0.0007787 -0.0103674 0.0061770 0.9999269
2.585514 -0.0206344 0.0020213 1.9361830 -0.0006636 -0.0118349 0.0061950 0.9999105
2.793694 -0.0250887 0.0027230 2.0808365 -0.0028982 -0.0126458 0.0064504 0.9998950
2.999556 -0.0293610 0.0029560 2.2218506 -0.0031658 -0.0133472 0.0061441 0.9998870
3.206573 -0.0343983 0.0035711 2.3579323 -0.0009221 -0.0140501 0.0052846 0.9998869
3.413963 -0.0395355 0.0037721 2.4917755 -0.0004711 -0.0150689 0.0046636 0.9998755
3.620721 -0.0439636 0.0033799 2.6237245 -0.0000696 -0.0171901 0.0047189 0.9998411
3.827725 -0.0489015 0.0040461 2.7528119 -0.0017290 -0.0193241 0.0049987 0.9997993
4.034871 -0.0551215 0.0042130 2.8775809 -0.0025607 -0.0212439 0.0038400 0.9997637
4.243437 -0.0619006 0.0047508 2.9980268 -0.0017165 -0.0230465 0.0017879 0.9997313
4.449183 -0.0684971 0.0050693 3.1164429 -0.0032883 -0.0243895 0.0009265 0.9996967
4.656235 -0.0753027 0.0048912 3.2301099 -0.0025170 -0.0238707 -0.0021927 0.9997095
4.863788 -0.0808268 0.0060336 3.3393610 0.0001328 -0.0218906 -0.0031371 0.9997554
5.174268 -0.0892189 0.0057361 3.4993389 -0.0034144 -0.0166554 -0.0082737 0.9998212
5.381142 -0.0928968 0.0065092 3.5991240 -0.0039309 -0.0118238 -0.0125325 0.9998438
5.691619 -0.0960413 0.0065184 3.7385151 -0.0056838 -0.0021325 -0.0186528 0.9998076
5.898736 -0.0963979 0.0069404 3.8229694 -0.0056263 0.0053056 -0.0226040 0.9997146
6.209506 -0.0952174 0.0072461 3.9346142 -0.0029822 0.0173454 -0.0261761 0.9995024
6.416516 -0.0916643 0.0073520 4.0002532 -0.0042334 0.0253311 -0.0266384 0.9993151
6.934429 -0.0816060 0.0069809 4.1283574 -0.0042974 0.0487231 -0.0316252 0.9983023
7.141701 -0.0748321 0.0070479 4.1722851 -0.0003454 0.0613595 -0.0311661 0.9976290
7.353300 -0.0675019 0.0067491 4.2148104 0.0008102 0.0774092 -0.0329469 0.9964545
7.556580 -0.0576238 0.0062629 4.2566848 0.0014707 0.0950242 -0.0326692 0.9949377
8.177962 -0.0171900 0.0039832 4.3776641 0.0026596 0.1636087 -0.0361664 0.9858586
8.593446 0.0250481 0.0011298 4.4555893 0.0044033 0.2261984 -0.0351924 0.9734353
8.799662 0.0522579 -0.0002345 4.4929280 0.0081010 0.2637860 -0.0348762 0.9639165
9.008027 0.0840783 -0.0020179 4.5305843 0.0104187 0.3043585 -0.0367939 0.9517897
9.214197 0.1216729 -0.0042371 4.5703282 0.0103953 0.3478024 -0.0412073 0.9366041
9.630085 0.2232139 -0.0106460 4.6471615 0.0114055 0.4434897 -0.0397918 0.8953231
9.836009 0.2870312 -0.0146114 4.6816359 0.0129625 0.4938661 -0.0385524 0.8685862
10.043900 0.3599912 -0.0182402 4.7122736 0.0111260 0.5415446 -0.0380937 0.8397348
10.250360 0.4396349 -0.0220684 4.7367144 0.0099381 0.5854532 -0.0399026 0.8096626
10.457170 0.5263559 -0.0277070 4.7507186 0.0154284 0.6235689 -0.0304587 0.7810224
10.664530 0.6194326 -0.0326301 4.7606215 0.0195781 0.6552020 -0.0275224 0.7546983
10.870220 0.7189460 -0.0387181 4.7660074 0.0244875 0.6785887 -0.0226284 0.7337613
11.077200 0.8223761 -0.0438558 4.7669029 0.0272732 0.6949837 -0.0182047 0.7182774
11.284150 0.9312607 -0.0499189 4.7672110 0.0284611 0.7055767 -0.0179673 0.7078338
11.488980 1.0446723 -0.0565573 4.7645774 0.0315963 0.7128742 -0.0173117 0.7003659
11.695270 1.1627653 -0.0631447 4.7604198 0.0335900 0.7167889 -0.0161912 0.6962925
11.901710 1.2868290 -0.0697802 4.7567220 0.0285465 0.7189983 -0.0145144 0.6942737
12.108000 1.4138619 -0.0762945 4.7513137 0.0270571 0.7196304 -0.0101038 0.6937563
12.314500 1.5432011 -0.0831006 4.7462640 0.0319528 0.7192569 -0.0119494 0.6939062
12.521050 1.6767640 -0.0893696 4.7422605 0.0355480 0.7176555 -0.0147199 0.6953347
12.727430 1.8148715 -0.0977933 4.7390170 0.0314612 0.7161156 -0.0111720 0.6971828
12.934130 1.9524335 -0.1059485 4.7356315 0.0349906 0.7139923 -0.0104066 0.6992012
13.141650 2.0902696 -0.1136469 4.7339687 0.0356972 0.7119092 -0.0141771 0.7012203
13.348030 2.2299192 -0.1232787 4.7331791 0.0329536 0.7091271 -0.0116646 0.7042136
13.554880 2.3683915 -0.1320415 4.7335515 0.0365734 0.7070155 -0.0120626 0.7061487
13.761270 2.5086071 -0.1402366 4.7351346 0.0352603 0.7043337 -0.0138349 0.7088577
13.968170 2.6488590 -0.1497102 4.7359743 0.0374867 0.7018200 -0.0097969 0.7112998
14.175050 2.7884345 -0.1583501 4.7384090 0.0390480 0.6996151 -0.0089706 0.7133958
14.382120 2.9291427 -0.1673090 4.7416615 0.0395983 0.6969908 -0.0068008 0.7159536
14.588970 3.0701139 -0.1766750 4.7474456 0.0386232 0.6949333 -0.0090051 0.7179797
14.795970 3.2116663 -0.1847558 4.7524238 0.0386269 0.6928160 -0.0092268 0.7200200
15.002870 3.3538349 -0.1943617 4.7603450 0.0371123 0.6910595 -0.0108233 0.7217633
15.209870 3.4973812 -0.2035991 4.7681217 0.0383360 0.6886225 -0.0136133 0.7239780
15.416750 3.6419282 -0.2133424 4.7772365 0.0380190 0.6861915 -0.0170576 0.7262264
15.623920 3.7888303 -0.2239962 4.7883024 0.0374516 0.6840653 -0.0174239 0.7282503
15.830620 3.9361608 -0.2344363 4.7997622 0.0366654 0.6812604 -0.0197913 0.7308545
16.039410 4.0848494 -0.2455055 4.8120699 0.0358653 0.6779027 -0.0191890 0.7340254
16.244300 4.2341170 -0.2572505 4.8270788 0.0384660 0.6737384 -0.0250031 0.7375444
16.453450 4.3848939 -0.2698591 4.8440151 0.0395323 0.6681447 -0.0294299 0.7423973
16.658020 4.5383654 -0.2833197 4.8636565 0.0372455 0.6626449 -0.0292946 0.7474332
16.968080 4.7692676 -0.3031994 4.8972387 0.0292358 0.6544725 -0.0254148 0.7550928
17.175580 4.9212542 -0.3146981 4.9218903 0.0292694 0.6488483 -0.0249867 0.7599440
17.485440 5.1412501 -0.3325424 4.9611292 0.0338816 0.6425273 -0.0297500 0.7649351
17.693880 5.2855859 -0.3449575 4.9881864 0.0334173 0.6384089 -0.0280050 0.7684615
17.899360 5.4276953 -0.3564848 5.0167961 0.0279191 0.6356032 -0.0241039 0.7711343
18.209790 5.6328616 -0.3713410 5.0602427 0.0249133 0.6321205 -0.0259402 0.7740349
18.417190 5.7636323 -0.3815438 5.0893240 0.0262541 0.6305080 -0.0301176 0.7751538
18.727490 5.9542274 -0.3962327 5.1315770 0.0285819 0.6284045 -0.0332093 0.7766518
18.934680 6.0777717 -0.4068222 5.1585283 0.0265400 0.6279551 -0.0311946 0.7771711
19.245500 6.2569451 -0.4215800 5.1980047 0.0256607 0.6292659 -0.0312891 0.7761359
19.452110 6.3700628 -0.4309655 5.2216721 0.0287971 0.6309308 -0.0330763 0.7745985
19.660070 6.4813666 -0.4402041 5.2439694 0.0290213 0.6324744 -0.0323577 0.7733607
19.866980 6.5899591 -0.4496415 5.2661152 0.0262061 0.6344460 -0.0302245 0.7719314
20.073350 6.6939707 -0.4581494 5.2861071 0.0292380 0.6360102 -0.0280837 0.7706150
20.383850 6.8468137 -0.4704995 5.3135614 0.0328610 0.6379222 -0.0292101 0.7688447
20.590890 6.9493756 -0.4790106 5.3320646 0.0347393 0.6382117 -0.0253922 0.7686574
20.797730 7.0525584 -0.4868839 5.3502779 0.0368004 0.6366190 -0.0221576 0.7699811
21.004610 7.1567893 -0.4952468 5.3724260 0.0356941 0.6332228 -0.0235702 0.7727867
21.316100 7.3162336 -0.5076632 5.4086504 0.0348959 0.6242694 -0.0222698 0.7801116
21.624800 7.4794912 -0.5208900 5.4518852 0.0326900 0.6127252 -0.0262559 0.7891830
21.833000 7.5913215 -0.5292609 5.4852190 0.0322178 0.6043538 -0.0298132 0.7955059
22.038410 7.7064309 -0.5381563 5.5218034 0.0319504 0.5959758 -0.0319111 0.8017316
22.245290 7.8253007 -0.5471113 5.5624323 0.0308568 0.5872054 -0.0338150 0.8081425
22.452170 7.9481287 -0.5568258 5.6050682 0.0279258 0.5783572 -0.0284634 0.8148085
22.659440 8.0750608 -0.5664605 5.6533856 0.0252326 0.5692217 -0.0257106 0.8213946
22.865960 8.2056837 -0.5735459 5.7038374 0.0278985 0.5614677 -0.0194828 0.8267987
23.072970 8.3407049 -0.5819805 5.7573929 0.0285714 0.5553087 -0.0106254 0.8310854
23.280040 8.4749422 -0.5899751 5.8152432 0.0338481 0.5486051 -0.0111893 0.8353212
23.487620 8.6073933 -0.5993322 5.8745890 0.0379774 0.5428557 -0.0123527 0.8388759
23.694540 8.7379560 -0.6099822 5.9380860 0.0342780 0.5390286 -0.0180138 0.8413968
23.903510 8.8648920 -0.6208118 5.9990005 0.0360987 0.5350959 -0.0214174 0.8437479
24.108220 8.9889698 -0.6322137 6.0605040 0.0348984 0.5317214 -0.0231453 0.8458834
24.315110 9.1111536 -0.6429167 6.1201735 0.0328454 0.5280041 -0.0207880 0.8483517
24.522420 9.2277870 -0.6528611 6.1802087 0.0319544 0.5247431 -0.0221502 0.8503723
24.728750 9.3417854 -0.6622543 6.2385511 0.0330319 0.5224110 -0.0207672 0.8518007
24.935580 9.4513464 -0.6717914 6.2956285 0.0328736 0.5208138 -0.0201375 0.8527994
25.245970 9.6093426 -0.6860878 6.3781495 0.0352543 0.5173246 -0.0193955 0.8548428
25.556300 9.7595625 -0.6990278 6.4576745 0.0370407 0.5126211 -0.0164952 0.8576570
25.763160 9.8554239 -0.7080554 6.5107532 0.0374066 0.5093953 -0.0154629 0.8595802
26.074530 9.9956713 -0.7208555 6.5902166 0.0398933 0.5037408 -0.0147879 0.8628065
26.384510 10.1321173 -0.7337861 6.6723480 0.0434385 0.4953181 -0.0225063 0.8673331
26.590190 10.2215757 -0.7440175 6.7302547 0.0447695 0.4888926 -0.0281348 0.8707401
26.900360 10.3588400 -0.7593092 6.8203802 0.0350045 0.4798817 -0.0320827 0.8760474
27.210600 10.5012541 -0.7728554 6.9200802 0.0283071 0.4701073 -0.0358828 0.8814251
27.417420 10.5998650 -0.7819240 6.9907045 0.0289940 0.4633123 -0.0396263 0.8848338
27.624170 10.7018881 -0.7909437 7.0655479 0.0283511 0.4562016 -0.0418267 0.8884407
27.831080 10.8066463 -0.8010328 7.1464581 0.0252499 0.4487462 -0.0436198 0.8922368
28.141050 10.9678774 -0.8157514 7.2772584 0.0230865 0.4362196 -0.0449451 0.8984205
28.451340 11.1375113 -0.8291631 7.4180260 0.0224183 0.4244959 -0.0458720 0.9039891
28.660870 11.2521992 -0.8396276 7.5164056 0.0230727 0.4202779 -0.0433331 0.9060665
28.866830 11.3714256 -0.8506563 7.6176825 0.0249561 0.4165156 -0.0368184 0.9080398
29.073550 11.4935265 -0.8610649 7.7230101 0.0252208 0.4127465 -0.0305577 0.9099838
29.279330 11.6150608 -0.8717840 7.8317184 0.0251276 0.4087174 -0.0305640 0.9118029
29.486390 11.7360096 -0.8815097 7.9443164 0.0232884 0.4046063 -0.0359615 0.9134868
29.692890 11.8595915 -0.8913586 8.0605698 0.0177613 0.4007019 -0.0351838 0.9153604
29.899820 11.9828081 -0.8997118 8.1783323 0.0137334 0.3959693 -0.0317492 0.9176120
30.106560 12.1070681 -0.9077717 8.2961311 0.0203605 0.3900161 -0.0256607 0.9202252
30.313330 12.2294264 -0.9171878 8.4175034 0.0276260 0.3831722 -0.0238108 0.9229566
30.520070 12.3523254 -0.9272994 8.5432529 0.0262399 0.3757416 -0.0191161 0.9261556
30.726980 12.4737158 -0.9382267 8.6705332 0.0303148 0.3690985 -0.0169557 0.9287410
30.933840 12.5934353 -0.9485623 8.8012066 0.0309074 0.3645953 -0.0161775 0.9305124
31.142770 12.7143393 -0.9592642 8.9309340 0.0288884 0.3618577 -0.0115767 0.9317137
31.347740 12.8347273 -0.9687448 9.0638247 0.0277129 0.3613474 -0.0092457 0.9319735
31.555590 12.9542999 -0.9790050 9.1965103 0.0272427 0.3618267 -0.0109705 0.9317827
31.763200 13.0739183 -0.9884636 9.3289948 0.0274014 0.3638565 -0.0148478 0.9309335
31.970850 13.1935930 -0.9989185 9.4614582 0.0255493 0.3668951 -0.0179772 0.9297376
32.176640 13.3145771 -1.0084480 9.5908947 0.0228343 0.3700228 -0.0178880 0.9285697
32.382560 13.4347429 -1.0182353 9.7180481 0.0250232 0.3738433 -0.0171773 0.9269952
32.589890 13.5544834 -1.0282369 9.8438187 0.0305991 0.3781726 -0.0241634 0.9249137
32.796560 13.6758394 -1.0398544 9.9681492 0.0250806 0.3830296 -0.0247139 0.9230648
33.003430 13.7956486 -1.0505306 10.0898685 0.0226419 0.3877575 -0.0243025 0.9211628
33.211600 13.9186220 -1.0601531 10.2074442 0.0245310 0.3915381 -0.0223764 0.9195626
33.417090 14.0419188 -1.0704474 10.3245888 0.0281698 0.3962163 -0.0208783 0.9174874
33.623980 14.1661367 -1.0814737 10.4413242 0.0273659 0.4011204 -0.0222058 0.9153472
33.830820 14.2912893 -1.0914655 10.5566053 0.0274958 0.4077303 -0.0231802 0.9123939
34.037880 14.4175482 -1.1027633 10.6704187 0.0307214 0.4150945 -0.0287330 0.9088053
34.244700 14.5479317 -1.1143590 10.7812901 0.0279030 0.4228285 -0.0283848 0.9053352
34.451590 14.6837339 -1.1254460 10.8950453 0.0193025 0.4312171 -0.0275403 0.9016212
34.659100 14.8202991 -1.1338516 11.0041561 0.0185676 0.4398634 -0.0294096 0.8973909
34.866170 14.9600201 -1.1435133 11.1099825 0.0269238 0.4474076 -0.0301051 0.8934177
35.074860 15.1039438 -1.1557423 11.2130880 0.0282282 0.4553163 -0.0275460 0.8894557
35.279490 15.2492352 -1.1678621 11.3144627 0.0267780 0.4630468 -0.0244893 0.8855907
35.486280 15.3921032 -1.1795434 11.4113035 0.0277242 0.4700519 -0.0234154 0.8818924
35.693160 15.5343781 -1.1909410 11.5044727 0.0257954 0.4754430 -0.0195876 0.8791501
35.900040 15.6737328 -1.2020313 11.5951481 0.0249371 0.4801637 -0.0206060 0.8765822
36.108200 15.8112526 -1.2126235 11.6825199 0.0295037 0.4835234 -0.0229752 0.8745323
36.313700 15.9466438 -1.2226039 11.7676830 0.0276630 0.4866736 -0.0227647 0.8728489
36.417070 16.0144997 -1.2283293 11.8095865 0.0250732 0.4879949 -0.0194350 0.8722698
36.623970 16.1473083 -1.2378079 11.8899078 0.0266528 0.4908040 -0.0144765 0.8707419
36.727360 16.2122688 -1.2420800 11.9282646 0.0287717 0.4917677 -0.0146275 0.8701280
36.934690 16.3387585 -1.2526691 12.0054569 0.0343128 0.4936469 -0.0204088 0.8687455
37.040370 16.4016094 -1.2576081 12.0425606 0.0369515 0.4948107 -0.0196728 0.8679919
37.141020 16.4648743 -1.2627097 12.0794888 0.0335444 0.4960420 -0.0179341 0.8674650
37.347880 16.5892429 -1.2728326 12.1554346 0.0202961 0.4993886 -0.0190049 0.8659318
37.451400 16.6498528 -1.2770715 12.1907749 0.0206513 0.5003055 -0.0200193 0.8653711
37.658150 16.7700005 -1.2847083 12.2598724 0.0248615 0.5028489 -0.0201701 0.8637813
37.865070 16.8878574 -1.2931930 12.3265324 0.0233099 0.5052766 -0.0199331 0.8624122
38.072390 17.0026302 -1.3013790 12.3906841 0.0238440 0.5079305 -0.0193736 0.8608500
38.278810 17.1159191 -1.3099620 12.4521236 0.0258039 0.5116355 -0.0200320 0.8585814
38.485830 17.2261028 -1.3175271 12.5115881 0.0277358 0.5163295 -0.0213788 0.8556737
38.692720 17.3365746 -1.3260871 12.5687637 0.0314607 0.5221376 -0.0223924 0.8519866
38.899920 17.4497738 -1.3346648 12.6257505 0.0303849 0.5282393 -0.0255808 0.8481660
39.106870 17.5651131 -1.3441367 12.6811028 0.0293350 0.5340872 -0.0274514 0.8444742
39.313880 17.6820450 -1.3540418 12.7357464 0.0307716 0.5407498 -0.0310015 0.8400486
39.520900 17.8034248 -1.3638365 12.7895870 0.0318906 0.5472445 -0.0341120 0.8356690
39.727990 17.9277706 -1.3754187 12.8432865 0.0327140 0.5540184 -0.0363211 0.8310680
39.934800 18.0577621 -1.3868616 12.8948584 0.0347051 0.5603908 -0.0348180 0.8267680
40.141680 18.1915836 -1.3988175 12.9471788 0.0320788 0.5671276 -0.0335037 0.8223227
40.350540 18.3320751 -1.4101806 12.9982052 0.0305102 0.5725725 -0.0299225 0.8187397
40.556060 18.4760704 -1.4211159 13.0497284 0.0258804 0.5776274 -0.0260950 0.8154728
40.764080 18.6224403 -1.4319650 13.0985260 0.0323414 0.5816029 -0.0257639 0.8124212
41.072760 18.8436165 -1.4493170 13.1696053 0.0447280 0.5870075 -0.0252782 0.8079497
41.385110 19.0803547 -1.4720918 13.2414570 0.0437199 0.5929716 -0.0213970 0.8037509
41.693290 19.3171101 -1.4939337 13.3145704 0.0421360 0.5991527 -0.0273186 0.7990584
41.900180 19.4817181 -1.5089740 13.3624496 0.0395738 0.6037220 -0.0280033 0.7957195
42.106940 19.6463280 -1.5234184 13.4081182 0.0419851 0.6076570 -0.0288514 0.7925641
42.313830 19.8133183 -1.5390965 13.4516277 0.0434167 0.6109715 -0.0263272 0.7900226
42.520590 19.9819851 -1.5552796 13.4947205 0.0436163 0.6137667 -0.0250540 0.7878835
42.727360 20.1508255 -1.5707502 13.5371943 0.0413733 0.6159440 -0.0247431 0.7863135
42.934150 20.3193741 -1.5860953 13.5801182 0.0400928 0.6177557 -0.0277008 0.7848587
43.140760 20.4890709 -1.6016135 13.6206627 0.0402996 0.6191114 -0.0282429 0.7837597
43.347610 20.6584339 -1.6175244 13.6605349 0.0383009 0.6201975 -0.0258760 0.7830827
43.660340 20.9092789 -1.6401277 13.7194881 0.0413569 0.6220554 -0.0279432 0.7813808
43.971430 21.1608982 -1.6646100 13.7783432 0.0399024 0.6252345 -0.0286105 0.7788909
44.278660 21.4120522 -1.6869906 13.8341026 0.0357531 0.6296787 -0.0262837 0.7755873
44.589150 21.6631222 -1.7085664 13.8863773 0.0362302 0.6347136 -0.0266349 0.7714380
44.796760 21.8287792 -1.7232645 13.9182491 0.0354018 0.6378798 -0.0262923 0.7688724
45.003060 21.9947243 -1.7372420 13.9490404 0.0345072 0.6410493 -0.0279633 0.7662135
45.209900 22.1592712 -1.7516849 13.9782791 0.0320380 0.6438425 -0.0302256 0.7638893
45.416890 22.3245354 -1.7659454 14.0083408 0.0327821 0.6463375 -0.0359532 0.7614989
45.623680 22.4892712 -1.7808907 14.0356178 0.0314358 0.6488320 -0.0367983 0.7593910
45.830550 22.6543522 -1.7956989 14.0623388 0.0291917 0.6515514 -0.0342781 0.7572672
46.037440 22.8176556 -1.8093337 14.0865641 0.0294101 0.6541615 -0.0334755 0.7550412
46.140840 22.8998775 -1.8163385 14.0989647 0.0297571 0.6557468 -0.0345411 0.7536030
46.347740 23.0640736 -1.8302774 14.1207685 0.0320889 0.6596615 -0.0312506 0.7502269
46.554470 23.2289124 -1.8445179 14.1416864 0.0310518 0.6633376 -0.0293048 0.7471012
46.761380 23.3881607 -1.8583580 14.1594172 0.0413238 0.6665676 -0.0365144 0.7434021
46.968250 23.5484009 -1.8751466 14.1778212 0.0387668 0.6707372 -0.0380597 0.7397028
47.175200 23.7086811 -1.8913116 14.1929064 0.0330276 0.6746632 -0.0356709 0.7365231
47.278520 23.7881813 -1.8986256 14.1995525 0.0316475 0.6768122 -0.0370483 0.7345414
47.588920 24.0229759 -1.9194955 14.2179832 0.0241469 0.6848643 -0.0375413 0.7273021
47.795800 24.1757469 -1.9330997 14.2256861 0.0282355 0.6895022 -0.0374134 0.7227654
48.105950 24.4089603 -1.9527889 14.2339878 0.0277818 0.6964251 -0.0365257 0.7161607
48.416100 24.6400814 -1.9723536 14.2377415 0.0309876 0.7019265 -0.0367856 0.7106236
48.726120 24.8693733 -1.9929419 14.2390652 0.0333904 0.7049709 -0.0330212 0.7076798
49.036150 25.0986824 -2.0128248 14.2386265 0.0352324 0.7066348 -0.0304690 0.7060437
49.242780 25.2501831 -2.0262358 14.2376366 0.0382950 0.7064874 -0.0295609 0.7060702
49.452210 25.3972034 -2.0401196 14.2374239 0.0398700 0.7056788 -0.0288871 0.7068192
49.656580 25.5423775 -2.0541093 14.2381220 0.0404958 0.7042032 -0.0272468 0.7083188
49.863540 25.6835747 -2.0670586 14.2400618 0.0391363 0.7022644 -0.0250887 0.7103968
50.069330 25.8212795 -2.0795028 14.2430334 0.0364450 0.6997973 -0.0242322 0.7129995
50.172720 25.8883934 -2.0857370 14.2455854 0.0349458 0.6983964 -0.0257227 0.7143946
50.379340 26.0204716 -2.0966189 14.2503166 0.0345002 0.6955351 -0.0272103 0.7171474
50.586570 26.1495247 -2.1078434 14.2555170 0.0315973 0.6930322 -0.0262346 0.7197359
50.793430 26.2737980 -2.1182320 14.2612953 0.0308171 0.6901563 -0.0264239 0.7225208
50.999580 26.3910522 -2.1276653 14.2679253 0.0320862 0.6873557 -0.0275019 0.7250906
51.206270 26.5047131 -2.1374226 14.2757721 0.0317227 0.6849831 -0.0302476 0.7272393
51.413610 26.6133766 -2.1467972 14.2839537 0.0306146 0.6824591 -0.0317601 0.7295914
51.622300 26.7179508 -2.1557107 14.2924061 0.0303394 0.6800594 -0.0325517 0.7318054
51.826760 26.8176994 -2.1646230 14.3017540 0.0297371 0.6780514 -0.0349996 0.7335783
52.033540 26.9150829 -2.1736088 14.3108101 0.0287033 0.6757519 -0.0354932 0.7357144
52.240390 27.0083466 -2.1819558 14.3199053 0.0288903 0.6734779 -0.0363815 0.7377461
52.447130 27.0970573 -2.1901138 14.3291807 0.0300233 0.6715818 -0.0370985 0.7393917
52.654640 27.1836700 -2.1977172 14.3387737 0.0303226 0.6702158 -0.0386443 0.7405390
52.860930 27.2685223 -2.2053976 14.3482990 0.0309092 0.6692525 -0.0401279 0.7413066
53.067800 27.3533440 -2.2134111 14.3573227 0.0315099 0.6693330 -0.0402947 0.7411996
53.274690 27.4404583 -2.2215419 14.3671961 0.0299969 0.6702788 -0.0403758 0.7404028
53.481550 27.5297279 -2.2300663 14.3753872 0.0329538 0.6716747 -0.0401505 0.7390230
53.688500 27.6204166 -2.2387247 14.3830624 0.0392214 0.6730586 -0.0404930 0.7374375
53.895510 27.7159042 -2.2474322 14.3921232 0.0400937 0.6747416 -0.0419182 0.7357711
54.102390 27.8158092 -2.2578983 14.3985643 0.0420916 0.6760672 -0.0347493 0.7348155
54.412740 27.9722176 -2.2730453 14.4120922 0.0415130 0.6785731 -0.0380980 0.7323685
54.723200 28.1363640 -2.2890306 14.4222507 0.0445596 0.6800921 -0.0330321 0.7310254
55.033520 28.3083420 -2.3062046 14.4350910 0.0441936 0.6819990 -0.0375495 0.7290503
55.343740 28.4893532 -2.3247988 14.4469604 0.0423381 0.6839144 -0.0397119 0.7272493
55.653990 28.6780510 -2.3457117 14.4587889 0.0480349 0.6855492 -0.0425848 0.7251906
55.964160 28.8730869 -2.3679705 14.4685793 0.0496341 0.6867170 -0.0377926 0.7242430
56.274290 29.0728073 -2.3902168 14.4767332 0.0518793 0.6876529 -0.0354250 0.7233167
56.584420 29.2786980 -2.4128525 14.4880371 0.0520359 0.6876819 -0.0344312 0.7233258
56.894350 29.4916706 -2.4362929 14.5000439 0.0509866 0.6864365 -0.0329999 0.7246491
57.204360 29.7085781 -2.4600315 14.5120058 0.0508963 0.6844606 -0.0306077 0.7266267
57.514200 29.9308510 -2.4834673 14.5260086 0.0522672 0.6814291 -0.0280718 0.7294755
57.824090 30.1564064 -2.5072827 14.5426836 0.0534508 0.6781559 -0.0273327 0.7324619
58.133900 30.3853798 -2.5313301 14.5643091 0.0524459 0.6752392 -0.0308669 0.7350841
58.443830 30.6160717 -2.5575347 14.5860901 0.0503781 0.6731260 -0.0302635 0.7371890
58.753660 30.8496857 -2.5817962 14.6077557 0.0510172 0.6719807 -0.0294970 0.7382202
59.063680 31.0816631 -2.6063557 14.6305590 0.0476598 0.6715378 -0.0295741 0.7388443
59.373860 31.3108997 -2.6312842 14.6534719 0.0475639 0.6712487 -0.0315108 0.7390331
59.683780 31.5375233 -2.6563718 14.6770420 0.0471134 0.6710576 -0.0325696 0.7391896
59.890360 31.6872520 -2.6727357 14.6918373 0.0469259 0.6708224 -0.0321034 0.7394353
60.200330 31.9105167 -2.6968656 14.7144547 0.0489755 0.6700494 -0.0302579 0.7400809
60.510030 32.1337624 -2.7202804 14.7375135 0.0545503 0.6675993 -0.0281779 0.7419848
60.716680 32.2826309 -2.7369754 14.7531471 0.0581465 0.6650229 -0.0268603 0.7440713
61.026630 32.5042801 -2.7624316 14.7790661 0.0597829 0.6610780 -0.0262710 0.7474702
61.336450 32.7266884 -2.7876930 14.8085957 0.0548565 0.6564546 -0.0247614 0.7519608
61.543140 32.8752136 -2.8038800 14.8313999 0.0530441 0.6524429 -0.0255926 0.7555459
61.853030 33.0971680 -2.8275986 14.8680038 0.0522870 0.6441118 -0.0282678 0.7626185
62.059540 33.2421265 -2.8435814 14.8963203 0.0517675 0.6369234 -0.0298441 0.7686079
62.472790 33.5330734 -2.8764234 14.9603539 0.0498840 0.6227795 -0.0314742 0.7801710
62.679430 33.6788673 -2.8934891 14.9967499 0.0488383 0.6177275 -0.0323231 0.7842084
62.886160 33.8256798 -2.9098918 15.0342932 0.0484239 0.6137720 -0.0330692 0.7873027
63.092920 33.9738960 -2.9265122 15.0728912 0.0481238 0.6100858 -0.0334024 0.7901669
63.299560 34.1223755 -2.9433646 15.1133938 0.0482123 0.6064913 -0.0333759 0.7929249
63.506200 34.2701988 -2.9602747 15.1552086 0.0465910 0.6028600 -0.0328495 0.7958078
63.712840 34.4176064 -2.9765844 15.1985569 0.0451169 0.5991654 -0.0312563 0.7987417
63.919450 34.5634232 -2.9927518 15.2432337 0.0441133 0.5956135 -0.0311067 0.8014556
64.125870 34.7051926 -3.0093970 15.2881012 0.0452207 0.5916109 -0.0341907 0.8042279
64.332410 34.8476295 -3.0253155 15.3345833 0.0426190 0.5884784 -0.0340834 0.8066691
64.539060 34.9890671 -3.0407004 15.3818159 0.0389660 0.5868457 -0.0359973 0.8079591
64.745710 35.1263847 -3.0558841 15.4287796 0.0412071 0.5858730 -0.0403612 0.8083475
64.952280 35.2641296 -3.0717063 15.4756813 0.0378946 0.5855899 -0.0406833 0.8086986
65.158820 35.4005775 -3.0867126 15.5220451 0.0337342 0.5855868 -0.0400560 0.8089163
65.365480 35.5348473 -3.0999563 15.5675192 0.0342608 0.5860859 -0.0400387 0.8085335
65.571960 35.6692505 -3.1132998 15.6118259 0.0355595 0.5864921 -0.0371509 0.8083207
65.778660 35.8036461 -3.1278923 15.6562510 0.0362189 0.5867748 -0.0368596 0.8080996
65.985180 35.9366226 -3.1409416 15.6998701 0.0412647 0.5866452 -0.0387670 0.8078624
66.295140 36.1408157 -3.1633370 15.7683315 0.0385684 0.5873103 -0.0377210 0.8075619
66.605040 36.3507080 -3.1852946 15.8371639 0.0420228 0.5869538 -0.0385977 0.8076072
66.914810 36.5678329 -3.2090669 15.9082689 0.0414577 0.5867750 -0.0358433 0.8078933
67.224700 36.7895508 -3.2323132 15.9802265 0.0451883 0.5856060 -0.0318949 0.8087066
67.534610 37.0102158 -3.2561016 16.0531387 0.0464763 0.5843121 -0.0274774 0.8097310
67.844550 37.2302971 -3.2789226 16.1274586 0.0422484 0.5837618 -0.0257639 0.8104157
68.154890 37.4482422 -3.3008699 16.2010040 0.0450424 0.5827115 -0.0253146 0.8110349
68.464300 37.6612244 -3.3230712 16.2736969 0.0436399 0.5824808 -0.0241150 0.8113138
68.774690 37.8674889 -3.3439286 16.3435879 0.0423561 0.5832549 -0.0222231 0.8108797
69.084250 38.0652618 -3.3633435 16.4102917 0.0430476 0.5846635 -0.0212745 0.8098536
69.394410 38.2535973 -3.3828235 16.4736977 0.0477282 0.5862358 -0.0268851 0.8082864
69.704490 38.4431229 -3.4030850 16.5356884 0.0442818 0.5879365 -0.0247947 0.8073135
70.118000 38.6879005 -3.4290910 16.6148415 0.0463901 0.5887382 -0.0238826 0.8066381
70.429610 38.8713531 -3.4472079 16.6733551 0.0489970 0.5888013 -0.0236221 0.8064455
70.841960 39.1174278 -3.4731603 16.7525444 0.0485932 0.5882517 -0.0231887 0.8068835
71.151220 39.3008385 -3.4927657 16.8126221 0.0469131 0.5863729 -0.0211422 0.8084053
71.462150 39.4751244 -3.5103927 16.8713474 0.0469097 0.5838619 -0.0232236 0.8101638
71.977870 39.7488785 -3.5395923 16.9671497 0.0440593 0.5813286 -0.0238420 0.8121252
72.394080 39.9507103 -3.5614009 17.0385151 0.0446568 0.5795026 -0.0226279 0.8134313
72.908190 40.1843033 -3.5856295 17.1219482 0.0436282 0.5774533 -0.0239910 0.8149041
73.322240 40.3550758 -3.6027961 17.1838112 0.0432006 0.5763959 -0.0237467 0.8156823
73.632800 40.4734116 -3.6152668 17.2268906 0.0454227 0.5753654 -0.0271699 0.8161821
73.942010 40.5840263 -3.6269345 17.2666550 0.0462520 0.5750397 -0.0260515 0.8164015
74.252330 40.6847725 -3.6382461 17.3033962 0.0442113 0.5767666 -0.0259947 0.8152974
74.459100 40.7475624 -3.6449847 17.3255768 0.0439256 0.5776777 -0.0256222 0.8146794
74.769280 40.8345490 -3.6543176 17.3557911 0.0434694 0.5789243 -0.0244102 0.8138558
74.976100 40.8881416 -3.6599703 17.3749199 0.0424732 0.5798653 -0.0250804 0.8132178
75.182880 40.9379730 -3.6647832 17.3927078 0.0422446 0.5809056 -0.0255607 0.8124720
75.596260 41.0322113 -3.6742713 17.4248714 0.0436525 0.5818752 -0.0253929 0.8117086
76.112930 41.1439018 -3.6852620 17.4645996 0.0417790 0.5788097 -0.0268538 0.8139488
76.319510 41.1882362 -3.6896100 17.4810333 0.0422358 0.5745736 -0.0265718 0.8169304
76.628920 41.2552910 -3.6970263 17.5090466 0.0422002 0.5626579 -0.0284900 0.8251203
76.835380 41.3017960 -3.7017963 17.5298500 0.0422342 0.5509537 -0.0289768 0.8329626
77.041770 41.3483009 -3.7067461 17.5535774 0.0414406 0.5354633 -0.0318067 0.8429413
77.661290 41.4798737 -3.7218149 17.6347065 0.0424471 0.4877936 -0.0426678 0.8708818
77.972190 41.5403748 -3.7289424 17.6722431 0.0422081 0.4952689 -0.0446998 0.8665617
78.283030 41.5989151 -3.7370567 17.7013588 0.0451344 0.5183519 -0.0405999 0.8530099
78.593920 41.6596565 -3.7444081 17.7260628 0.0455122 0.5475778 -0.0394313 0.8345852
78.904330 41.7245331 -3.7526569 17.7471008 0.0477715 0.5725403 -0.0353300 0.8177207
79.214940 41.7903328 -3.7605367 17.7666893 0.0476665 0.5895679 -0.0331714 0.8056285
79.631890 41.8708229 -3.7700648 17.7886372 0.0473411 0.5958797 -0.0308226 0.8010844
79.940110 41.9234390 -3.7763500 17.8067665 0.0471194 0.5840706 -0.0292087 0.8098075
80.245950 41.9664116 -3.7815592 17.8272552 0.0437295 0.5659689 -0.0349659 0.8225231
80.864960 42.0295944 -3.7898784 17.8616009 0.0477163 0.5246575 -0.0343950 0.8492789
81.174860 42.0530968 -3.7925022 17.8790340 0.0435646 0.5059564 -0.0366634 0.8606777
82.106980 42.0980988 -3.7983532 17.9191437 0.0383702 0.4656667 -0.0468170 0.8828875
82.415420 42.1093559 -3.7994170 17.9269543 0.0377821 0.4577326 -0.0406952 0.8873541
82.726180 42.1158333 -3.8002608 17.9356270 0.0348837 0.4505393 -0.0463583 0.8908694
