0.000000 -0.0000000 -0.0000000 0.0000000 0.0000000 0.0000000 0.0000000 1.0000000
0.519499 -0.0031385 -0.0005844 0.0450589 0.0016403 -0.0217015 -0.0009171 0.9997627
0.623377 -0.0053348 -0.0005684 0.0563865 0.0020965 -0.0283963 -0.0008836 0.9995942
0.830874 -0.0095489 -0.0009052 0.0819858 0.0020293 -0.0461074 -0.0000948 0.9989344
1.453253 -0.0409308 -0.0030501 0.1749607 0.0050917 -0.1208536 -0.0056433 0.9926413
1.660772 -0.0571621 -0.0038692 0.2092595 0.0047803 -0.1531128 -0.0078434 0.9881660
1.971750 -0.0861847 -0.0048111 0.2580853 0.0047932 -0.2056504 -0.0119256 0.9785411
2.282875 -0.1223527 -0.0049154 0.3085392 0.0047000 -0.2652802 -0.0078373 0.9641281
2.697329 -0.1918146 -0.0063754 0.3717365 0.0023511 -0.3631472 -0.0128554 0.9316401
2.904641 -0.2350466 -0.0061186 0.4028571 -0.0000149 -0.4162610 -0.0079792 0.9092101
3.112001 -0.2861766 -0.0061543 0.4305326 -0.0030477 -0.4687766 -0.0064776 0.8832877
3.215751 -0.3144946 -0.0054874 0.4426538 -0.0038590 -0.4952399 -0.0063782 0.8687242
3.319374 -0.3443016 -0.0051923 0.4533593 -0.0048954 -0.5213731 -0.0065048 0.8532900
3.423126 -0.3759291 -0.0052250 0.4621807 -0.0064649 -0.5468096 -0.0068142 0.8372043
3.526893 -0.4093303 -0.0041025 0.4700888 -0.0067870 -0.5716032 -0.0075037 0.8204678
3.630648 -0.4447577 -0.0043351 0.4769146 -0.0092066 -0.5952490 -0.0077260 0.8034514
3.734395 -0.4815111 -0.0044840 0.4827963 -0.0115244 -0.6174108 -0.0071175 0.7865243
3.942122 -0.5607305 -0.0039322 0.4881709 -0.0115086 -0.6560848 -0.0078593 0.7545585
4.046284 -0.6034079 -0.0028650 0.4886987 -0.0107760 -0.6720645 -0.0086197 0.7403640
4.150266 -0.6467913 -0.0012417 0.4884200 -0.0094565 -0.6861066 -0.0084812 0.7273902
4.358512 -0.7380974 0.0002476 0.4841758 -0.0075174 -0.7096672 -0.0065921 0.7044661
4.566885 -0.8353052 0.0018714 0.4762873 -0.0057005 -0.7261945 -0.0052925 0.6874453
4.775500 -0.9402077 0.0038352 0.4652663 -0.0057292 -0.7361265 -0.0049936 0.6768013
4.984250 -1.0492753 0.0044341 0.4525275 -0.0054974 -0.7416140 -0.0070259 0.6707675
5.192878 -1.1628137 0.0061843 0.4387792 -0.0066876 -0.7434814 -0.0068971 0.6686876
5.401501 -1.2832131 0.0078274 0.4257315 -0.0087072 -0.7426615 -0.0079769 0.6695629
5.610008 -1.4066832 0.0087843 0.4120268 -0.0065891 -0.7414641 -0.0086290 0.6709046
5.818377 -1.5379027 0.0113586 0.3991226 -0.0075251 -0.7404873 -0.0093591 0.6719630
6.026772 -1.6746341 0.0132124 0.3853559 -0.0088396 -0.7392161 -0.0120176 0.6733030
6.235023 -1.8150831 0.0158220 0.3713644 -0.0060219 -0.7379782 -0.0122646 0.6746863
6.443143 -1.9607908 0.0186470 0.3580945 -0.0073252 -0.7369727 -0.0120326 0.6757758
6.651280 -2.1096137 0.0207475 0.3448321 -0.0096573 -0.7361138 -0.0124321 0.6766747
6.859377 -2.2599218 0.0227727 0.3321081 -0.0062225 -0.7358980 -0.0074571 0.6770227
7.067377 -2.4133763 0.0243024 0.3192979 -0.0064787 -0.7362037 -0.0044300 0.6767145
7.275272 -2.5699062 0.0254883 0.3051075 -0.0109027 -0.7362688 -0.0104466 0.6765207
7.483251 -2.7258387 0.0272125 0.2904783 -0.0115978 -0.7364474 -0.0139987 0.6762505
7.691129 -2.8802047 0.0300349 0.2761709 -0.0094010 -0.7366761 -0.0116505 0.6760800
7.899003 -3.0343931 0.0322054 0.2620394 -0.0097171 -0.7366789 -0.0139582 0.6760288
8.107005 -3.1872075 0.0341868 0.2482593 -0.0069414 -0.7365742 -0.0119940 0.6762148
8.315006 -3.3404868 0.0354669 0.2339672 -0.0055039 -0.7362711 -0.0112521 0.6765708
8.522877 -3.4946783 0.0368442 0.2206157 -0.0084196 -0.7359853 -0.0134690 0.6768112
8.730751 -3.6489196 0.0390859 0.2073200 -0.0113674 -0.7357574 -0.0167192 0.6769434
8.938756 -3.8014691 0.0429268 0.1940000 -0.0101003 -0.7356989 -0.0145953 0.6770762
9.146631 -3.9534459 0.0449030 0.1790273 -0.0060917 -0.7353886 -0.0139016 0.6774756
9.458529 -4.1798854 0.0468419 0.1595617 -0.0042840 -0.7363660 -0.0103758 0.6764902
9.666385 -4.3303509 0.0478349 0.1460926 -0.0067242 -0.7372586 -0.0093930 0.6755120
9.874249 -4.4809313 0.0492347 0.1324845 -0.0115251 -0.7384957 -0.0114782 0.6740620
10.082130 -4.6281137 0.0506010 0.1171151 -0.0088841 -0.7392957 -0.0108778 0.6732345
10.290010 -4.7738628 0.0525709 0.1008710 -0.0041387 -0.7401659 -0.0121231 0.6723022
10.497760 -4.9196205 0.0534326 0.0852402 -0.0044375 -0.7408153 -0.0138027 0.6715522
10.705630 -5.0633550 0.0550664 0.0695603 -0.0032571 -0.7412741 -0.0145410 0.6710370
11.017510 -5.2764311 0.0576826 0.0483590 -0.0069356 -0.7417138 -0.0170741 0.6704633
11.433260 -5.5505605 0.0618072 0.0204325 -0.0061163 -0.7424561 -0.0152770 0.6696926
11.953260 -5.8665357 0.0646949 -0.0092018 -0.0038472 -0.7381985 -0.0148408 0.6744093
12.369630 -6.0944004 0.0660799 -0.0240971 -0.0041558 -0.7236285 -0.0186794 0.6899244
12.891130 -6.3390613 0.0695597 -0.0130357 -0.0052961 -0.6774652 -0.0177336 0.7353219
13.204380 -6.4615436 0.0701564 0.0129898 -0.0071124 -0.6301507 -0.0164003 0.7762670
13.622130 -6.6065750 0.0704645 0.0785213 -0.0109766 -0.5446839 -0.0037438 0.8385612
13.830760 -6.6742163 0.0718877 0.1226468 -0.0117578 -0.4970005 -0.0027542 0.8676662
14.039380 -6.7349520 0.0730925 0.1754053 -0.0171120 -0.4500117 0.0056658 0.8928407
14.247880 -6.7891121 0.0730505 0.2320716 -0.0123031 -0.4007907 0.0076217 0.9160553
14.456380 -6.8390493 0.0732598 0.2960322 -0.0015625 -0.3472945 0.0076368 0.9377237
14.560630 -6.8630686 0.0734251 0.3323104 0.0000936 -0.3193796 0.0077590 0.9475951
14.769010 -6.9099178 0.0726257 0.4148479 0.0025747 -0.2630273 0.0067149 0.9647616
14.977150 -6.9499211 0.0706521 0.5069542 0.0021698 -0.2127835 0.0027599 0.9770930
15.081160 -6.9693813 0.0701051 0.5560944 0.0033989 -0.1904541 0.0003204 0.9816902
15.288760 -7.0036755 0.0688035 0.6627134 0.0020189 -0.1556738 -0.0021628 0.9878041
15.496190 -7.0346656 0.0677259 0.7783884 0.0000898 -0.1321346 -0.0017193 0.9912303
15.703610 -7.0643349 0.0671644 0.9014660 -0.0015331 -0.1149875 -0.0053039 0.9933516
16.014760 -7.1034946 0.0654391 1.0980417 -0.0020089 -0.0948792 -0.0064606 0.9954658
16.118550 -7.1155496 0.0654233 1.1668067 -0.0022894 -0.0874735 -0.0067002 0.9961417
16.326140 -7.1381416 0.0639510 1.3087975 -0.0012216 -0.0738188 -0.0079664 0.9972391
16.533760 -7.1579623 0.0623470 1.4551035 0.0043526 -0.0633051 -0.0076535 0.9979554
16.741260 -7.1760883 0.0611953 1.6077924 0.0015024 -0.0560087 -0.0081490 0.9983959
16.948890 -7.1940937 0.0584749 1.7622974 -0.0045484 -0.0513581 -0.0104925 0.9986148
17.156420 -7.2093735 0.0572469 1.9144659 -0.0035825 -0.0481335 -0.0098245 0.9987862
17.364000 -7.2239742 0.0560404 2.0674679 -0.0059855 -0.0454459 -0.0081810 0.9989154
17.571660 -7.2375302 0.0555996 2.2196846 -0.0049729 -0.0426190 -0.0064086 0.9990585
17.779390 -7.2508068 0.0539110 2.3693943 0.0025436 -0.0410134 -0.0083236 0.9991207
17.987010 -7.2636676 0.0504088 2.5196738 0.0036406 -0.0392864 -0.0094931 0.9991763
18.194760 -7.2763224 0.0479258 2.6701193 -0.0007272 -0.0370101 -0.0125488 0.9992358
18.402390 -7.2868876 0.0464185 2.8216956 -0.0015112 -0.0351267 -0.0103103 0.9993286
18.610130 -7.2975707 0.0439013 2.9697967 -0.0007111 -0.0340800 -0.0089279 0.9993790
18.817760 -7.3075848 0.0418260 3.1208751 -0.0002089 -0.0333691 -0.0075864 0.9994143
19.025510 -7.3191290 0.0399894 3.2735548 -0.0002397 -0.0328208 -0.0091627 0.9994192
19.233260 -7.3303452 0.0382148 3.4265990 -0.0004213 -0.0345725 -0.0081030 0.9993693
19.440890 -7.3429227 0.0360889 3.5831008 -0.0001508 -0.0377507 -0.0106244 0.9992307
19.648510 -7.3571801 0.0342305 3.7407472 0.0042297 -0.0401075 -0.0117829 0.9991170
19.960140 -7.3793817 0.0293199 3.9831858 0.0038111 -0.0431539 -0.0104786 0.9990062
20.167930 -7.3942313 0.0271146 4.1484075 0.0011973 -0.0447224 -0.0097751 0.9989509
20.375760 -7.4106359 0.0246091 4.3169937 -0.0023338 -0.0447593 -0.0095234 0.9989496
20.583640 -7.4257708 0.0232034 4.4861922 -0.0016251 -0.0430098 -0.0108662 0.9990143
20.791530 -7.4399714 0.0209535 4.6569366 0.0001782 -0.0413242 -0.0080353 0.9991134
20.999260 -7.4529023 0.0194939 4.8287134 -0.0008156 -0.0400909 -0.0062998 0.9991758
21.207140 -7.4658484 0.0172080 4.9987984 -0.0022334 -0.0394175 -0.0045152 0.9992101
21.519010 -7.4871235 0.0118886 5.2505937 0.0049914 -0.0380902 -0.0074933 0.9992337
21.726890 -7.5013704 0.0072939 5.4167624 0.0082590 -0.0371585 -0.0096485 0.9992287
21.934640 -7.5136881 0.0031684 5.5841117 0.0008847 -0.0374768 -0.0077882 0.9992667
22.142620 -7.5257869 0.0002551 5.7478013 -0.0018349 -0.0395344 -0.0060552 0.9991982
22.350390 -7.5378046 -0.0031370 5.9089794 0.0003476 -0.0421658 -0.0030057 0.9991060
22.558370 -7.5535626 -0.0063903 6.0673561 0.0033248 -0.0449803 -0.0049164 0.9989703
22.766140 -7.5686512 -0.0103288 6.2237692 0.0071996 -0.0487947 -0.0064586 0.9987620
22.974020 -7.5859232 -0.0146460 6.3788242 0.0065628 -0.0523147 -0.0104758 0.9985541
23.181990 -7.6039009 -0.0184061 6.5315809 0.0009790 -0.0563305 -0.0122676 0.9983363
23.389770 -7.6224999 -0.0203857 6.6817808 -0.0011203 -0.0622578 -0.0117903 0.9979898
23.597640 -7.6425581 -0.0231004 6.8281074 -0.0029047 -0.0686891 -0.0107348 0.9975761
23.805540 -7.6662207 -0.0240817 6.9727817 -0.0001935 -0.0745177 -0.0143032 0.9971171
24.013390 -7.6895251 -0.0260848 7.1146550 0.0019847 -0.0803801 -0.0143593 0.9966589
24.221270 -7.7146158 -0.0279447 7.2559557 -0.0025277 -0.0859757 -0.0151897 0.9961782
24.429140 -7.7408662 -0.0298921 7.3943954 -0.0017738 -0.0926315 -0.0142451 0.9955969
24.636890 -7.7691202 -0.0312539 7.5300255 0.0027195 -0.1014890 -0.0120390 0.9947601
24.844640 -7.8001933 -0.0329095 7.6647782 -0.0016988 -0.1126477 -0.0114343 0.9935678
25.052390 -7.8345242 -0.0338976 7.7989750 -0.0070903 -0.1245255 -0.0120631 0.9921178
25.364010 -7.8918209 -0.0349918 7.9925213 0.0027020 -0.1428266 -0.0132289 0.9896556
25.571790 -7.9336958 -0.0355951 8.1232586 -0.0033476 -0.1551066 -0.0123177 0.9878153
25.779520 -7.9793797 -0.0367340 8.2526236 -0.0052953 -0.1678127 -0.0107614 0.9857459
26.091270 -8.0517654 -0.0387440 8.4423504 0.0028204 -0.1824461 -0.0070157 0.9831868
26.299290 -8.1039181 -0.0407280 8.5690823 0.0045115 -0.1903924 -0.0098428 0.9816484
26.611020 -8.1851978 -0.0428934 8.7597837 -0.0041265 -0.2024211 -0.0095409 0.9792434
26.818890 -8.2444782 -0.0441983 8.8851357 -0.0042567 -0.2085026 -0.0180179 0.9778466
27.026890 -8.3017807 -0.0444578 9.0097580 0.0027741 -0.2141622 -0.0137441 0.9766974
27.234770 -8.3622627 -0.0459902 9.1350403 0.0011365 -0.2185773 -0.0169781 0.9756713
27.546520 -8.4552135 -0.0492296 9.3230572 0.0028657 -0.2267893 -0.0159945 0.9738083
27.754390 -8.5187893 -0.0510466 9.4467468 0.0071024 -0.2319299 -0.0159988 0.9725750
28.066150 -8.6164713 -0.0548301 9.6315784 0.0040968 -0.2388331 -0.0181950 0.9708815
28.274040 -8.6821918 -0.0573655 9.7532682 0.0043667 -0.2435257 -0.0163351 0.9697471
28.481890 -8.7492628 -0.0595134 9.8733358 0.0040549 -0.2480097 -0.0168275 0.9686029
28.689660 -8.8160915 -0.0617850 9.9906778 0.0061151 -0.2527994 -0.0161440 0.9673647
28.897520 -8.8825359 -0.0647591 10.1060200 0.0094455 -0.2573277 -0.0145147 0.9661690
29.105390 -8.9498348 -0.0675846 10.2202425 0.0033266 -0.2609531 -0.0159441 0.9652141
29.313270 -9.0155458 -0.0695905 10.3310337 -0.0043386 -0.2639700 -0.0146812 0.9644094
29.521140 -9.0792913 -0.0702610 10.4361687 -0.0026377 -0.2672245 -0.0125398 0.9635491
29.729040 -9.1406860 -0.0714495 10.5362606 -0.0009977 -0.2702729 -0.0109761 0.9627207
29.936770 -9.1995392 -0.0724338 10.6306419 -0.0013920 -0.2727444 -0.0100521 0.9620330
30.144650 -9.2544098 -0.0735772 10.7178040 -0.0026713 -0.2750777 -0.0088080 0.9613779
30.352400 -9.3046064 -0.0737102 10.7982540 -0.0023316 -0.2775564 -0.0073284 0.9606786
30.560270 -9.3528013 -0.0748817 10.8699331 0.0016929 -0.2797180 -0.0071277 0.9600543
30.767900 -9.3958111 -0.0769572 10.9360285 0.0012040 -0.2840357 -0.0032022 0.9588076
31.287140 -9.4938488 -0.0782196 11.0738134 -0.0059888 -0.3004704 -0.0099572 0.9537203
31.494660 -9.5260248 -0.0789543 11.1178417 -0.0081856 -0.3106106 -0.0068258 0.9504775
31.702150 -9.5569963 -0.0794124 11.1554976 -0.0096415 -0.3254695 -0.0057595 0.9454858
31.909520 -9.5867701 -0.0801038 11.1867418 -0.0079009 -0.3449028 -0.0064546 0.9385830
32.220650 -9.6286459 -0.0799985 11.2251387 -0.0001324 -0.3764666 -0.0061493 0.9264098
32.531770 -9.6729212 -0.0797187 11.2588673 0.0015979 -0.4093453 -0.0093627 0.9123301
32.842900 -9.7203140 -0.0799623 11.2894831 -0.0015702 -0.4479838 -0.0114382 0.8939671
33.154020 -9.7710361 -0.0794365 11.3140306 -0.0029515 -0.4882224 -0.0167321 0.8725539
33.465270 -9.8232479 -0.0803249 11.3329296 -0.0040321 -0.5294362 -0.0208817 0.8480832
33.672790 -9.8620520 -0.0802280 11.3437529 -0.0011928 -0.5599943 -0.0188471 0.8282812
33.880040 -9.9088707 -0.0793759 11.3536329 -0.0004807 -0.5948677 -0.0181359 0.8036188
34.087400 -9.9625416 -0.0781205 11.3594170 0.0000881 -0.6317450 -0.0165093 0.7750005
34.294770 -10.0217323 -0.0772724 11.3597374 -0.0002167 -0.6695844 -0.0159433 0.7425648
34.502140 -10.0872765 -0.0758387 11.3550282 -0.0034890 -0.7078658 -0.0163589 0.7061488
34.709660 -10.1559334 -0.0742752 11.3434448 -0.0075665 -0.7448538 -0.0154660 0.6670055
34.917150 -10.2314386 -0.0707630 11.3233585 -0.0095222 -0.7792413 -0.0152469 0.6264662
35.021020 -10.2709169 -0.0695940 11.3098173 -0.0110776 -0.7949587 -0.0147073 0.6063841
35.228670 -10.3526478 -0.0665369 11.2753363 -0.0147886 -0.8242884 -0.0122544 0.5658444
35.436400 -10.4373703 -0.0642936 11.2308903 -0.0183141 -0.8499585 -0.0104712 0.5264271
35.644400 -10.5258713 -0.0611103 11.1745501 0.0195265 0.8709326 0.0097745 -0.4909171
35.852770 -10.6186447 -0.0576279 11.1075754 0.0185739 0.8853539 0.0098938 -0.4644412
36.061290 -10.7172470 -0.0544900 11.0316448 0.0172064 0.8941216 0.0103344 -0.4473742
36.269900 -10.8201876 -0.0508090 10.9492750 0.0184305 0.8998364 0.0103634 -0.4357148
36.478420 -10.9278431 -0.0476074 10.8609867 0.0188113 0.9037615 0.0110532 -0.4274800
36.582670 -10.9834251 -0.0457161 10.8133764 0.0188979 0.9052492 0.0113136 -0.4243096
36.791110 -11.0989914 -0.0418680 10.7151814 0.0196090 0.9073739 0.0114342 -0.4197111
36.999490 -11.2192364 -0.0380046 10.6117249 0.0203131 0.9082204 0.0115988 -0.4178379
37.207650 -11.3444538 -0.0334672 10.5043201 0.0204864 0.9086738 0.0106191 -0.4168686
37.415890 -11.4745445 -0.0284429 10.3913298 0.0205123 0.9090331 0.0104143 -0.4160885
37.624150 -11.6086941 -0.0242148 10.2735271 0.0207879 0.9094013 0.0129948 -0.4151967
37.832280 -11.7459173 -0.0198701 10.1536732 0.0207663 0.9098011 0.0119383 -0.4143528
38.040280 -11.8868618 -0.0145773 10.0293188 0.0222420 0.9100680 0.0103349 -0.4137326
38.248280 -12.0307875 -0.0100193 9.9025335 0.0224812 0.9105438 0.0086019 -0.4127112
38.456150 -12.1791201 -0.0063085 9.7717686 0.0200357 0.9111601 0.0053317 -0.4115306
38.664150 -12.3289309 -0.0030339 9.6365433 0.0182632 0.9110293 0.0066292 -0.4118835
38.872030 -12.4825773 0.0001355 9.5002632 0.0196238 0.9110554 0.0089941 -0.4117185
39.079900 -12.6370440 0.0037108 9.3639355 0.0210331 0.9112372 0.0098921 -0.4112257
39.287780 -12.7889786 0.0072991 9.2272434 0.0205529 0.9112080 0.0105243 -0.4112988
39.495830 -12.9421520 0.0119129 9.0914879 0.0207645 0.9113340 0.0115544 -0.4109814
39.703630 -13.0962019 0.0163797 8.9553089 0.0211291 0.9116202 0.0117192 -0.4103229
40.015280 -13.3244429 0.0228263 8.7516947 0.0218452 0.9123057 0.0106850 -0.4087871
40.223030 -13.4748611 0.0272702 8.6152325 0.0213508 0.9126801 0.0102395 -0.4079882
40.534990 -13.7008228 0.0328979 8.4100590 0.0187794 0.9128755 0.0110205 -0.4076571
40.742540 -13.8519192 0.0353150 8.2733402 0.0174696 0.9124330 0.0111132 -0.4087021
40.950400 -14.0034342 0.0393083 8.1379414 0.0170370 0.9117333 0.0105479 -0.4102936
41.158230 -14.1564388 0.0438201 8.0028114 0.0201055 0.9111829 0.0127681 -0.4113132
41.365930 -14.3078594 0.0490431 7.8689003 0.0232304 0.9107544 0.0158833 -0.4119885
41.469820 -14.3827248 0.0518978 7.8018112 0.0220635 0.9106782 0.0139401 -0.4122913
41.677410 -14.5330315 0.0570169 7.6691775 0.0211032 0.9107167 0.0117632 -0.4123243
41.885060 -14.6825428 0.0613732 7.5368795 0.0222445 0.9107693 0.0138045 -0.4120849
42.092740 -14.8323593 0.0659516 7.4044375 0.0219826 0.9111504 0.0122059 -0.4113062
42.300170 -14.9803848 0.0708481 7.2733512 0.0229949 0.9114863 0.0146482 -0.4104258
42.507790 -15.1266098 0.0763043 7.1424274 0.0243164 0.9116475 0.0159219 -0.4099439
42.715290 -15.2704716 0.0818952 7.0139508 0.0241202 0.9120303 0.0141112 -0.4091696
42.922920 -15.4140234 0.0875434 6.8845754 0.0221589 0.9118964 0.0140149 -0.4095822
43.130550 -15.5570412 0.0926432 6.7565756 0.0206210 0.9116517 0.0144328 -0.4101921
43.338330 -15.6999893 0.0976334 6.6303539 0.0206391 0.9114513 0.0147507 -0.4106251
43.545910 -15.8403788 0.1016824 6.5047560 0.0195734 0.9111795 0.0139205 -0.4113088
43.753650 -15.9814539 0.1065420 6.3805342 0.0217452 0.9108755 0.0136151 -0.4118830
43.961280 -16.1187916 0.1108916 6.2606936 0.0215301 0.9108443 0.0123989 -0.4120017
44.169050 -16.2543411 0.1152752 6.1419597 0.0214022 0.9105737 0.0090762 -0.4126926
44.376660 -16.3862648 0.1175790 6.0248556 0.0202951 0.9103175 0.0109040 -0.4132691
44.584310 -16.5154095 0.1204989 5.9123440 0.0198202 0.9104391 0.0106447 -0.4130310
44.792180 -16.6400185 0.1229991 5.8034005 0.0198603 0.9104683 0.0105085 -0.4129680
44.999710 -16.7604809 0.1258756 5.6971121 0.0190702 0.9105051 0.0108297 -0.4129158
45.207330 -16.8785210 0.1281039 5.5923548 0.0200368 0.9105117 0.0120402 -0.4128221
45.415240 -16.9946136 0.1312552 5.4908075 0.0212488 0.9105752 0.0136684 -0.4125705
45.622980 -17.1060791 0.1347722 5.3926506 0.0234766 0.9107511 0.0137041 -0.4120601
45.831090 -17.2129478 0.1373590 5.2990041 0.0240595 0.9112231 0.0137224 -0.4109809
46.038180 -17.3135605 0.1399320 5.2087107 0.0254767 0.9119811 0.0124107 -0.4092522
46.349680 -17.4574585 0.1443883 5.0769744 0.0287596 0.9164363 0.0096784 -0.3990285
46.557220 -17.5451698 0.1470360 4.9901514 0.0310154 0.9214171 0.0090360 -0.3872299
46.764550 -17.6266518 0.1487944 4.9034562 0.0343023 0.9282356 0.0079542 -0.3703225
47.075560 -17.7341766 0.1521300 4.7709479 0.0357526 0.9420421 0.0080712 -0.3334865
47.282920 -17.7928486 0.1533207 4.6810174 0.0331705 0.9524927 0.0104263 -0.3025703
47.490160 -17.8434601 0.1554754 4.5901818 0.0325697 0.9637366 0.0117680 -0.2645988
47.801160 -17.8953552 0.1566571 4.4557095 0.0209412 0.9801012 0.0127764 -0.1969767
48.008600 -17.9174385 0.1558002 4.3649998 0.0134852 0.9884810 0.0113461 -0.1503153
48.216060 -17.9336433 0.1567851 4.2711172 0.0125098 0.9948164 0.0105864 -0.1003585
48.423630 -17.9392262 0.1575422 4.1765895 0.0090361 0.9986349 0.0134300 -0.0496618
48.631190 -17.9330254 0.1586029 4.0824933 0.0031813 0.9998321 0.0179966 0.0013223
48.838780 -17.9215527 0.1600005 3.9894269 0.0098022 0.9983762 0.0170013 0.0534777
49.046410 -17.8985462 0.1599967 3.9019532 0.0124174 0.9943925 0.0152402 0.1039094
49.254030 -17.8673153 0.1615751 3.8171744 0.0131732 0.9878542 0.0131284 0.1542663
49.461780 -17.8288937 0.1634633 3.7330389 0.0173477 0.9789513 0.0128142 0.2029509
49.669780 -17.7798538 0.1635516 3.6521211 0.0138793 0.9691426 0.0153832 0.2456286
49.878030 -17.7269211 0.1645282 3.5707264 0.0167252 0.9595649 0.0191478 0.2803370
50.086410 -17.6665897 0.1650761 3.4920182 0.0161771 0.9513665 0.0200818 0.3069802
50.295050 -17.6031628 0.1660095 3.4135346 0.0151648 0.9452386 0.0193050 0.3254554
50.503680 -17.5346565 0.1671062 3.3343816 0.0134724 0.9413100 0.0178639 0.3368008
50.712390 -17.4648075 0.1682732 3.2541614 0.0135647 0.9386051 0.0157767 0.3443654
50.920920 -17.3919792 0.1692481 3.1696062 0.0159268 0.9368560 0.0161629 0.3489785
51.129530 -17.3142242 0.1693623 3.0841365 0.0131967 0.9359122 0.0138236 0.3517145
51.338030 -17.2326031 0.1709636 2.9924407 0.0128440 0.9354747 0.0141984 0.3528747
51.650530 -17.1038017 0.1714488 2.8465810 0.0141706 0.9357613 0.0121048 0.3521414
51.858780 -17.0133629 0.1721551 2.7448106 0.0152633 0.9359635 0.0065815 0.3517045
52.066910 -16.9176064 0.1717113 2.6355948 0.0153012 0.9361420 0.0078234 0.3512019
52.275030 -16.8159256 0.1709170 2.5223341 0.0100811 0.9361935 0.0079629 0.3512503
52.483160 -16.7115250 0.1715026 2.4034634 0.0087619 0.9361020 0.0098998 0.3514799
52.691180 -16.6012077 0.1721787 2.2778583 0.0066915 0.9361376 0.0124080 0.3513511
52.899160 -16.4877930 0.1735978 2.1510739 0.0066103 0.9360055 0.0093208 0.3517999
53.107160 -16.3713608 0.1746639 2.0178199 0.0075933 0.9358860 0.0131785 0.3519745
53.315160 -16.2535496 0.1754920 1.8825521 0.0096583 0.9358254 0.0148664 0.3520177
53.523150 -16.1317139 0.1770592 1.7433863 0.0142084 0.9357935 0.0122486 0.3520491
53.731040 -16.0078201 0.1779638 1.6018777 0.0144992 0.9360018 0.0105419 0.3515385
53.938910 -15.8808842 0.1769584 1.4577651 0.0127014 0.9361895 0.0132601 0.3510158
54.146780 -15.7562218 0.1773463 1.3145308 0.0151844 0.9362749 0.0162677 0.3505626
54.354660 -15.6334953 0.1779926 1.1703444 0.0192486 0.9361510 0.0202192 0.3504883
54.562530 -15.5087719 0.1800432 1.0269551 0.0203180 0.9360477 0.0265516 0.3502813
54.770420 -15.3857498 0.1822550 0.8855338 0.0219469 0.9362543 0.0222142 0.3499325
54.978530 -15.2641544 0.1832729 0.7469974 0.0241870 0.9366673 0.0168531 0.3489777
55.185920 -15.1425934 0.1827574 0.6082630 0.0235671 0.9369557 0.0194520 0.3481094
55.393730 -15.0217266 0.1827350 0.4678774 0.0218781 0.9376969 0.0197207 0.3462038
55.601700 -14.9032440 0.1831928 0.3292880 0.0192462 0.9404868 0.0192072 0.3387406
55.809690 -14.7930565 0.1833159 0.1912174 0.0202747 0.9448503 0.0198287 0.3262724
56.017930 -14.6886730 0.1857783 0.0460806 0.0222104 0.9507977 0.0234063 0.3081273
56.226190 -14.5934372 0.1883828 -0.0999064 0.0246073 0.9585289 0.0247059 0.2828541
56.434670 -14.5061579 0.1921199 -0.2539434 0.0273825 0.9670570 0.0261383 0.2517296
56.643030 -14.4320259 0.1948815 -0.4088788 0.0308174 0.9748018 0.0217890 0.2198569
56.851430 -14.3674850 0.1964415 -0.5657921 0.0308316 0.9817607 0.0137129 0.1871025
57.059650 -14.3114967 0.1963826 -0.7274532 0.0275106 0.9871472 0.0128949 0.1568993
57.163560 -14.2870140 0.1962738 -0.8088982 0.0281398 0.9891037 0.0122610 0.1439853
57.371290 -14.2443342 0.1975790 -0.9762337 0.0292245 0.9918273 0.0119099 0.1236231
57.475150 -14.2241831 0.1978517 -1.0615141 0.0275889 0.9929845 0.0145772 0.1140529
57.579070 -14.2058334 0.1986967 -1.1472429 0.0275721 0.9939978 0.0157073 0.1046970
57.786690 -14.1735277 0.2013119 -1.3213427 0.0271909 0.9956858 0.0132261 0.0877236
57.994890 -14.1458120 0.2040665 -1.4982854 0.0317729 0.9965592 0.0135653 0.0753405
58.201850 -14.1215391 0.2079715 -1.6819293 0.0357848 0.9966223 0.0228202 0.0703045
58.409230 -14.0947599 0.2131596 -1.8668897 0.0332874 0.9968179 0.0213423 0.0692129
58.616560 -14.0657997 0.2172939 -2.0549982 0.0265920 0.9971467 0.0176488 0.0684087
58.824030 -14.0375385 0.2211377 -2.2468848 0.0229880 0.9972045 0.0185981 0.0686205
58.927820 -14.0237007 0.2233773 -2.3448622 0.0219519 0.9971799 0.0192810 0.0691274
59.135420 -13.9951363 0.2276524 -2.5409217 0.0206877 0.9971221 0.0187204 0.0704918
59.239170 -13.9809246 0.2297225 -2.6400907 0.0200827 0.9971147 0.0178600 0.0709933
59.343070 -13.9655762 0.2316750 -2.7397799 0.0189110 0.9971452 0.0167023 0.0711674
59.550680 -13.9358263 0.2349563 -2.9410002 0.0161625 0.9972540 0.0161317 0.0704496
59.654550 -13.9215441 0.2364459 -3.0415034 0.0154315 0.9973108 0.0163999 0.0697439
59.862460 -13.8921566 0.2388240 -3.2413855 0.0148025 0.9974282 0.0167552 0.0680957
59.965990 -13.8770428 0.2394318 -3.3415518 0.0143247 0.9974653 0.0179019 0.0673589
60.173450 -13.8501377 0.2433119 -3.5375733 0.0137604 0.9974912 0.0196802 0.0665935
60.381050 -13.8230257 0.2465018 -3.7318420 0.0133852 0.9975857 0.0177857 0.0657821
60.588540 -13.7951078 0.2488834 -3.9247108 0.0130090 0.9976751 0.0172930 0.0646235
60.797000 -13.7676277 0.2518633 -4.1162319 0.0121404 0.9978186 0.0183492 0.0622406
61.003920 -13.7436943 0.2541775 -4.2986269 0.0109480 0.9980170 0.0180959 0.0592861
61.107700 -13.7336292 0.2558266 -4.3884907 0.0108212 0.9981077 0.0175167 0.0579413
61.315290 -13.7118492 0.2584395 -4.5653658 0.0102128 0.9982668 0.0189722 0.0547647
61.522950 -13.6946745 0.2624429 -4.7391319 0.0111299 0.9983592 0.0195885 0.0526431
61.730990 -13.6760674 0.2652854 -4.9115915 0.0113327 0.9984762 0.0190153 0.0505501
61.938390 -13.6583376 0.2680455 -5.0805702 0.0104442 0.9985474 0.0193616 0.0491844
62.145930 -13.6416092 0.2699976 -5.2484612 0.0102011 0.9986231 0.0165320 0.0487287
62.353660 -13.6254845 0.2721247 -5.4141512 0.0101013 0.9986401 0.0146249 0.0490099
62.457420 -13.6170950 0.2731806 -5.4974308 0.0104053 0.9986150 0.0150734 0.0493222
62.665290 -13.5996313 0.2751728 -5.6625113 0.0120347 0.9985541 0.0160655 0.0498678
62.872800 -13.5824776 0.2768963 -5.8255739 0.0127723 0.9984797 0.0170784 0.0508275
63.080660 -13.5643425 0.2795932 -5.9870911 0.0125205 0.9984571 0.0163718 0.0515624
63.288240 -13.5467567 0.2801324 -6.1458836 0.0143437 0.9983178 0.0155331 0.0539861
63.495820 -13.5276928 0.2816427 -6.3031473 0.0135370 0.9982045 0.0144210 0.0565387
63.703640 -13.5092802 0.2829846 -6.4574986 0.0134548 0.9981175 0.0142238 0.0581212
63.911420 -13.4904795 0.2837744 -6.6077595 0.0118651 0.9981183 0.0163416 0.0578968
64.119460 -13.4715462 0.2854775 -6.7554455 0.0111697 0.9981952 0.0167893 0.0565649
64.327430 -13.4552221 0.2867530 -6.8965406 0.0097229 0.9983760 0.0168293 0.0535503
64.431450 -13.4489889 0.2868031 -6.9644456 0.0099747 0.9985043 0.0170279 0.0509875
64.639590 -13.4370174 0.2885081 -7.0976038 0.0111061 0.9988428 0.0173263 0.0434687
64.847590 -13.4280472 0.2892519 -7.2240410 0.0140329 0.9990963 0.0184546 0.0356256
65.055500 -13.4212818 0.2913014 -7.3435736 0.0156940 0.9993015 0.0189919 0.0280994
65.367480 -13.4144440 0.2935018 -7.5056028 0.0170874 0.9995142 0.0184562 0.0184040
65.575320 -13.4124155 0.2947637 -7.6021333 0.0187351 0.9995759 0.0178954 0.0132939
65.783300 -13.4103365 0.2956382 -7.6895123 0.0194862 0.9995782 0.0196613 0.0087871
65.991170 -13.4096680 0.2969759 -7.7662568 0.0202390 0.9995760 0.0202243 0.0053915
66.199080 -13.4093761 0.2977196 -7.8350830 0.0220286 0.9995360 0.0208268 0.0029516
66.407050 -13.4084930 0.2987946 -7.8942108 0.0223130 0.9995086 0.0219577 0.0016304
66.512930 -13.4090843 0.2988089 -7.9194441 0.0219595 0.9995054 0.0224196 0.0020136
66.718800 -13.4074268 0.2997768 -7.9655051 0.0196856 0.9995684 0.0214942 0.0036729
67.758210 -13.4004688 0.3014208 -8.1074305 0.0177822 0.9995323 0.0179723 0.0172050
70.047250 -13.3910408 0.3032527 -8.1754980 0.0139069 0.9986964 0.0162950 0.0463311
75.871360 -13.3775578 0.3030942 -8.2034245 0.0135852 0.9948136 0.0153315 0.0996310
76.079100 -13.3726196 0.3027446 -8.2137375 0.0129311 0.9930085 0.0134364 0.1165608
76.702070 -13.3438663 0.3034829 -8.2744350 0.0118225 0.9836944 0.0168288 0.1786679
76.909690 -13.3287716 0.3041152 -8.3006144 0.0127652 0.9787342 0.0184240 0.2039042
77.117090 -13.3109350 0.3048723 -8.3293428 0.0137182 0.9721351 0.0212213 0.2330553
77.324460 -13.2885094 0.3053479 -8.3593054 0.0144554 0.9630626 0.0216797 0.2680140
77.739080 -13.2213745 0.3058842 -8.4283381 0.0148461 0.9336361 0.0178382 0.3574705
77.946530 -13.1726437 0.3069598 -8.4681473 0.0176948 0.9131738 0.0152471 0.4069005
78.153970 -13.1094513 0.3076776 -8.5089493 0.0184458 0.8903892 0.0151151 0.4545749
78.361560 -13.0330105 0.3080706 -8.5474920 0.0178285 0.8649911 0.0173646 0.5011696
78.569310 -12.9459496 0.3082390 -8.5826235 0.0183223 0.8362373 0.0230532 0.5475766
78.776930 -12.8458910 0.3087786 -8.6123695 0.0182268 0.8048769 0.0272641 0.5925349
78.984860 -12.7332344 0.3104550 -8.6338463 0.0184827 0.7729787 0.0297613 0.6334640
79.192960 -12.6076078 0.3123500 -8.6466188 0.0209816 0.7446815 0.0293877 0.6664425
79.401310 -12.4722538 0.3133147 -8.6502151 0.0214334 0.7240543 0.0264401 0.6889026
79.610070 -12.3249607 0.3128310 -8.6508684 0.0228733 0.7106408 0.0254396 0.7027227
79.818800 -12.1697330 0.3114331 -8.6476097 0.0252868 0.7003713 0.0251496 0.7128872
80.027420 -12.0051546 0.3095549 -8.6406260 0.0285871 0.6899074 0.0231293 0.7229630
80.235930 -11.8319368 0.3064679 -8.6277218 0.0261168 0.6820838 0.0199475 0.7305353
80.444550 -11.6497908 0.3034369 -8.6113815 0.0237020 0.6795533 0.0168024 0.7330506
80.653190 -11.4569111 0.3010884 -8.5944271 0.0232055 0.6789452 0.0175494 0.7336122
80.965550 -11.1535397 0.2949813 -8.5668507 0.0234289 0.6745659 0.0179317 0.7376249
81.069680 -11.0469856 0.2929390 -8.5571585 0.0234464 0.6728101 0.0177775 0.7392299
81.277810 -10.8326492 0.2882360 -8.5333519 0.0224350 0.6692216 0.0187972 0.7424862
81.485930 -10.6119490 0.2838933 -8.5063257 0.0206713 0.6660181 0.0215546 0.7453375
81.798060 -10.2720366 0.2792923 -8.4654665 0.0212281 0.6660215 0.0200533 0.7453607
82.006180 -10.0403023 0.2762437 -8.4357443 0.0204550 0.6669435 0.0222442 0.7444952
82.214180 -9.8098726 0.2709720 -8.4076576 0.0199139 0.6678221 0.0236663 0.7436780
82.318180 -9.6961508 0.2685841 -8.3944607 0.0199630 0.6680825 0.0239905 0.7434323
82.526180 -9.4698200 0.2635120 -8.3679171 0.0210567 0.6688622 0.0227026 0.7427412
82.734050 -9.2411079 0.2619836 -8.3422108 0.0200547 0.6694495 0.0223948 0.7422490
82.942060 -9.0137053 0.2571998 -8.3164730 0.0193619 0.6700134 0.0224999 0.7417552
83.149930 -8.7885380 0.2525264 -8.2916937 0.0212111 0.6703873 0.0217711 0.7413885
83.357930 -8.5638237 0.2493752 -8.2653894 0.0182544 0.6709358 0.0226723 0.7409439
83.565930 -8.3402519 0.2472124 -8.2398691 0.0163453 0.6715413 0.0209296 0.7404911
83.773690 -8.1176720 0.2431912 -8.2162828 0.0165547 0.6718575 0.0199933 0.7402254
83.877560 -8.0069818 0.2415907 -8.2045021 0.0158484 0.6719840 0.0199725 0.7401267
83.981560 -7.8959231 0.2396073 -8.1932793 0.0157684 0.6719664 0.0208321 0.7401206
84.189660 -7.6734180 0.2361384 -8.1701002 0.0179504 0.6723236 0.0211951 0.7397361
84.397140 -7.4530487 0.2318731 -8.1479912 0.0201412 0.6714457 0.0229577 0.7404242
84.604690 -7.2329721 0.2266672 -8.1257248 0.0197311 0.6690434 0.0245421 0.7425559
84.812320 -7.0139570 0.2236548 -8.0996017 0.0184599 0.6671156 0.0225790 0.7443831
85.020090 -6.7972794 0.2218280 -8.0751276 0.0190875 0.6648206 0.0213151 0.7464549
85.227440 -6.5828094 0.2164430 -8.0461712 0.0175410 0.6638676 0.0214159 0.7473376
85.435100 -6.3696504 0.2117213 -8.0213680 0.0171360 0.6624649 0.0221713 0.7485687
85.642600 -6.1642356 0.2075378 -7.9929714 0.0154001 0.6626224 0.0215421 0.7484854
85.850400 -5.9623971 0.2032825 -7.9669971 0.0152862 0.6632863 0.0208960 0.7479178
86.058060 -5.7601509 0.1992834 -7.9403019 0.0166876 0.6650649 0.0224723 0.7462608
86.369740 -5.4574680 0.1934250 -7.9036465 0.0195824 0.6682054 0.0248456 0.7433040
86.681310 -5.1566143 0.1891092 -7.8699317 0.0174492 0.6708970 0.0253614 0.7409113
86.889090 -4.9576101 0.1852332 -7.8466806 0.0181953 0.6727791 0.0235023 0.7392461
87.096690 -4.7598109 0.1819188 -7.8263941 0.0200558 0.6741177 0.0220248 0.7380230
87.408330 -4.4665017 0.1766700 -7.7974558 0.0182952 0.6747727 0.0232555 0.7374322
87.616060 -4.2727489 0.1737459 -7.7795734 0.0150928 0.6741824 0.0219714 0.7380837
87.927320 -3.9841149 0.1704452 -7.7470345 0.0114301 0.6741565 0.0168931 0.7383068
88.238710 -3.6956205 0.1655825 -7.7176147 0.0126158 0.6735696 0.0153539 0.7388566
88.550190 -3.4064348 0.1621113 -7.6870456 0.0110749 0.6727528 0.0215910 0.7394693
88.861690 -3.1262352 0.1580967 -7.6586633 0.0144100 0.6720444 0.0186232 0.7401364
89.069450 -2.9409108 0.1557647 -7.6402502 0.0155066 0.6716933 0.0190842 0.7404212
89.381180 -2.6640728 0.1497755 -7.6119666 0.0195217 0.6721426 0.0193736 0.7399107
89.588990 -2.4805763 0.1466781 -7.5924859 0.0183264 0.6728927 0.0223451 0.7391753
89.900710 -2.2083068 0.1421562 -7.5658350 0.0178076 0.6741320 0.0207219 0.7381054
90.108700 -2.0288272 0.1392686 -7.5487065 0.0164597 0.6750256 0.0211707 0.7373068
90.212510 -1.9393890 0.1377698 -7.5406008 0.0159757 0.6753839 0.0217024 0.7369738
90.420320 -1.7622904 0.1353934 -7.5243659 0.0167085 0.6761019 0.0220394 0.7362889
90.628220 -1.5880191 0.1327846 -7.5088210 0.0151736 0.6766630 0.0216400 0.7358183
90.732220 -1.5028213 0.1313848 -7.5006876 0.0145946 0.6771567 0.0214007 0.7353828
90.940100 -1.3366797 0.1295358 -7.4863973 0.0131410 0.6776612 0.0211275 0.7349532
91.044070 -1.2564703 0.1282747 -7.4795146 0.0121245 0.6776843 0.0212201 0.7349467
91.148110 -1.1787779 0.1268481 -7.4723115 0.0124407 0.6774032 0.0218385 0.7351825
91.251940 -1.1031100 0.1262207 -7.4657607 0.0128417 0.6764903 0.0211961 0.7360344
91.459820 -0.9563962 0.1250408 -7.4521842 0.0124984 0.6738422 0.0198964 0.7385016
91.667690 -0.8180317 0.1230701 -7.4371271 0.0126293 0.6703038 0.0182184 0.7417556
91.875570 -0.6865053 0.1209924 -7.4203844 0.0150425 0.6644255 0.0180380 0.7469854
92.083700 -0.5635720 0.1177004 -7.4019980 0.0162737 0.6557341 0.0176059 0.7546111
92.291780 -0.4489696 0.1147084 -7.3805399 0.0165203 0.6458036 0.0178297 0.7631165
92.498710 -0.3442146 0.1119443 -7.3576493 0.0158581 0.6333973 0.0181374 0.7734516
92.706330 -0.2459083 0.1097292 -7.3310027 0.0147894 0.6182938 0.0146981 0.7856705
92.913890 -0.1530906 0.1071793 -7.3020091 0.0144442 0.6006362 0.0147253 0.7992563
93.121320 -0.0653973 0.1042200 -7.2682042 0.0139273 0.5801744 0.0133513 0.8142638
93.328690 0.0155892 0.1017705 -7.2304630 0.0160987 0.5535834 0.0110272 0.8325651
93.536240 0.0917943 0.0992068 -7.1880546 0.0183318 0.5191162 0.0119992 0.8544228
93.743290 0.1619022 0.0955957 -7.1377592 0.0165722 0.4755243 0.0127011 0.8794548
93.950650 0.2217019 0.0913433 -7.0807352 0.0156315 0.4301274 0.0081542 0.9025960
94.158110 0.2783773 0.0874532 -7.0202446 0.0183666 0.3821987 0.0095588 0.9238482
94.365720 0.3249650 0.0843768 -6.9523058 0.0136722 0.3350659 0.0031114 0.9420903
94.573250 0.3675117 0.0813111 -6.8811197 0.0079876 0.2853493 0.0014856 0.9583892
94.780820 0.4018738 0.0792052 -6.8041916 0.0015626 0.2364371 0.0021682 0.9716431
94.988570 0.4277282 0.0775227 -6.7206831 -0.0042272 0.1876461 -0.0046569 0.9822165
95.196460 0.4488076 0.0771017 -6.6370139 -0.0022890 0.1412232 -0.0052596 0.9899611
95.404570 0.4624023 0.0767394 -6.5480967 -0.0022226 0.1029965 -0.0085128 0.9946428
95.612820 0.4725108 0.0764999 -6.4562426 -0.0020284 0.0718698 -0.0121243 0.9973382
95.925440 0.4831274 0.0754830 -6.3088665 -0.0027101 0.0412664 -0.0115994 0.9990771
96.029700 0.4853064 0.0759900 -6.2567320 -0.0017377 0.0338444 -0.0110597 0.9993644
96.238190 0.4875206 0.0750411 -6.1491075 -0.0011044 0.0196502 -0.0117539 0.9997372
96.342320 0.4876802 0.0746668 -6.0927148 -0.0009352 0.0129120 -0.0114566 0.9998506
96.446460 0.4868670 0.0745668 -6.0337901 -0.0007644 0.0061241 -0.0110945 0.9999194
96.654710 0.4842678 0.0734073 -5.9118805 -0.0006948 -0.0074017 -0.0097582 0.9999248
96.758950 0.4811454 0.0726336 -5.8483896 -0.0001608 -0.0123673 -0.0101412 0.9998721
96.967200 0.4739326 0.0717833 -5.7165780 0.0010972 -0.0195426 -0.0109052 0.9997489
97.175570 0.4651398 0.0705614 -5.5784240 0.0014660 -0.0228816 -0.0104959 0.9996820
97.383810 0.4566111 0.0690300 -5.4347644 0.0000855 -0.0256015 -0.0095750 0.9996263
97.592070 0.4468217 0.0674906 -5.2868915 -0.0024177 -0.0285907 -0.0083704 0.9995533
97.800340 0.4369980 0.0659306 -5.1394720 -0.0045240 -0.0319640 -0.0073313 0.9994519
98.008320 0.4256061 0.0646860 -4.9918413 -0.0049682 -0.0353148 -0.0050416 0.9993511
98.216470 0.4129183 0.0635445 -4.8458657 -0.0048710 -0.0386355 -0.0041860 0.9992327
98.424320 0.3995724 0.0627558 -4.6995974 -0.0047939 -0.0408850 -0.0049932 0.9991399
98.632320 0.3856002 0.0616622 -4.5529847 -0.0046401 -0.0416603 -0.0056380 0.9991052
98.840320 0.3716861 0.0607991 -4.4065895 -0.0049541 -0.0418224 -0.0054982 0.9990976
99.048200 0.3577349 0.0598478 -4.2608099 -0.0060232 -0.0419315 -0.0053275 0.9990881
99.256070 0.3440892 0.0595818 -4.1161647 -0.0062813 -0.0418786 -0.0053835 0.9990885
99.464100 0.3305022 0.0583939 -3.9719131 -0.0058347 -0.0413444 -0.0057159 0.9991116
99.671950 0.3169651 0.0581893 -3.8289061 -0.0053834 -0.0399577 -0.0054550 0.9991720
99.879940 0.3047219 0.0574830 -3.6908410 -0.0057548 -0.0386775 -0.0044294 0.9992254
100.087800 0.2941649 0.0567017 -3.5571380 -0.0076835 -0.0375989 -0.0053041 0.9992493
100.295700 0.2832568 0.0558276 -3.4280059 -0.0061214 -0.0366817 -0.0042284 0.9992993
100.503700 0.2726738 0.0548631 -3.3036773 -0.0031633 -0.0359048 -0.0052776 0.9993363
100.711600 0.2621229 0.0531017 -3.1805904 -0.0021705 -0.0356087 -0.0068703 0.9993398
100.919600 0.2520224 0.0508342 -3.0606165 -0.0015875 -0.0349284 -0.0072055 0.9993626
101.127400 0.2416226 0.0490029 -2.9420977 -0.0005591 -0.0348029 -0.0085914 0.9993571
101.335400 0.2321924 0.0475383 -2.8253150 -0.0007414 -0.0351816 -0.0090216 0.9993399
101.543300 0.2221356 0.0456852 -2.7098429 -0.0010282 -0.0356606 -0.0085128 0.9993272
101.751200 0.2123069 0.0439243 -2.5960689 -0.0001923 -0.0370676 -0.0078416 0.9992820
101.959100 0.2020378 0.0428456 -2.4838197 0.0005446 -0.0385841 -0.0079567 0.9992235
102.166900 0.1913325 0.0410636 -2.3727815 0.0007066 -0.0403482 -0.0073585 0.9991583
102.374800 0.1808006 0.0397164 -2.2621818 0.0002298 -0.0421717 -0.0060049 0.9990923
102.686600 0.1653117 0.0362801 -2.1008861 -0.0014417 -0.0447342 -0.0065576 0.9989763
102.998500 0.1487930 0.0337223 -1.9454259 -0.0019439 -0.0457031 -0.0067741 0.9989302
103.206500 0.1386048 0.0324671 -1.8459694 -0.0017174 -0.0444560 -0.0079674 0.9989781
103.518300 0.1244387 0.0298057 -1.7057537 -0.0015761 -0.0421036 -0.0075904 0.9990832
103.830300 0.1127001 0.0275205 -1.5740713 -0.0009954 -0.0402261 -0.0079561 0.9991584
104.038400 0.1053924 0.0259770 -1.4925964 -0.0012442 -0.0390826 -0.0078849 0.9992041
104.350600 0.0962727 0.0236783 -1.3808910 -0.0026625 -0.0376577 -0.0077527 0.9992571
104.662200 0.0872907 0.0220069 -1.2857981 -0.0025563 -0.0361100 -0.0079659 0.9993128
104.974200 0.0807412 0.0205888 -1.2062966 -0.0018059 -0.0351200 -0.0076019 0.9993526
105.181900 0.0763578 0.0195932 -1.1581610 -0.0004194 -0.0345455 -0.0072947 0.9993764
105.390000 0.0734335 0.0188550 -1.1103333 0.0007175 -0.0342747 -0.0069753 0.9993879
105.805700 0.0657743 0.0173655 -1.0168326 -0.0001131 -0.0338678 -0.0062266 0.9994069
106.013700 0.0626572 0.0163601 -0.9704897 -0.0002375 -0.0341461 -0.0060916 0.9993982
106.325500 0.0571578 0.0148789 -0.9029582 -0.0004045 -0.0384740 -0.0049329 0.9992474
106.533200 0.0516007 0.0142485 -0.8588918 -0.0001488 -0.0452465 -0.0052973 0.9989618
106.949400 0.0400014 0.0131982 -0.7724876 0.0004027 -0.0566347 -0.0071499 0.9983693
107.156800 0.0342011 0.0116124 -0.7302600 0.0001734 -0.0611108 -0.0074279 0.9981033
107.364700 0.0277305 0.0115109 -0.6877714 0.0008167 -0.0624789 -0.0098394 0.9979975
107.676800 0.0191159 0.0097985 -0.6245956 0.0005419 -0.0601337 -0.0094202 0.9981458
107.989000 0.0125700 0.0092771 -0.5632401 0.0008375 -0.0566084 -0.0089692 0.9983558
108.197100 0.0076997 0.0081788 -0.5232428 0.0007121 -0.0533864 -0.0090790 0.9985324
108.509100 0.0017020 0.0072725 -0.4620246 0.0010935 -0.0471705 -0.0088075 0.9988474
108.821000 -0.0036047 0.0062667 -0.3944959 0.0030150 -0.0404516 -0.0082612 0.9991428
109.028800 -0.0067981 0.0050581 -0.3444926 0.0026081 -0.0355391 -0.0076170 0.9993359
109.340700 -0.0108898 0.0040931 -0.2618996 0.0009083 -0.0278696 -0.0054628 0.9995962
109.652600 -0.0148757 0.0030994 -0.1719759 -0.0001877 -0.0210813 -0.0052056 0.9997642
110.276000 -0.0217791 -0.0004274 0.0286008 0.0021284 -0.0128080 -0.0046370 0.9999050
110.795600 -0.0193651 -0.0046208 0.2078332 0.0041240 -0.0024249 0.0044074 0.9999788
111.314000 -0.0350884 -0.0086794 0.3754971 0.0091152 -0.0469171 -0.0023427 0.9988545
111.728700 -0.0647193 -0.0119794 0.5031476 0.0000746 -0.0979551 -0.0091655 0.9951486
112.144200 -0.0999329 -0.0146083 0.6226981 -0.0063190 -0.1314021 -0.0153909 0.9911895
112.561000 -0.1282567 -0.0152653 0.7381604 -0.0091622 -0.1218180 -0.0142206 0.9924083
112.873300 -0.1409936 -0.0150583 0.8002450 -0.0106753 -0.1065667 -0.0141938 0.9941469
113.185700 -0.1455981 -0.0155426 0.8333465 -0.0092085 -0.0949883 -0.0117474 0.9953665
