0.000000 -0.9005195 0.0024158 -0.9695022 -0.0028833 -0.0116013 0.0004524 0.9999284
0.208477 -0.9016835 0.0016652 -0.9124451 -0.0017325 -0.0132376 0.0016942 0.9999095
0.312729 -0.9023138 0.0011102 -0.8837680 -0.0011448 -0.0143205 0.0018903 0.9998950
0.416979 -0.9032888 0.0008761 -0.8554440 -0.0001913 -0.0152571 0.0028438 0.9998795
0.521227 -0.9040897 0.0004593 -0.8271105 0.0008594 -0.0161084 0.0040950 0.9998615
0.625476 -0.9050568 -0.0000962 -0.7984247 0.0010628 -0.0168501 0.0047011 0.9998464
0.729727 -0.9064384 -0.0004432 -0.7690484 0.0008879 -0.0175618 0.0046222 0.9998347
0.833976 -0.9075321 -0.0011235 -0.7395061 0.0009964 -0.0181745 0.0049940 0.9998218
0.938359 -0.9088216 -0.0017650 -0.7098579 0.0024079 -0.0187485 0.0046159 0.9998107
1.042605 -0.9106477 -0.0025070 -0.6796194 0.0042345 -0.0192412 0.0037949 0.9997987
1.146853 -0.9119077 -0.0030830 -0.6486676 0.0060073 -0.0200014 0.0032805 0.9997765
1.355354 -0.9153291 -0.0036798 -0.5844344 0.0028087 -0.0211574 0.0010608 0.9997717
1.459603 -0.9170035 -0.0040722 -0.5518295 -0.0024393 -0.0214006 0.0007236 0.9997677
1.668106 -0.9205850 -0.0053021 -0.4831881 -0.0053862 -0.0224757 -0.0008551 0.9997325
1.876603 -0.9248525 -0.0052173 -0.4133337 0.0013117 -0.0231939 -0.0019963 0.9997281
2.085105 -0.9286021 -0.0053755 -0.3379059 -0.0040460 -0.0240152 -0.0005056 0.9997033
2.293607 -0.9327459 -0.0052890 -0.2592843 -0.0089874 -0.0244653 0.0003686 0.9996602
2.502107 -0.9369895 -0.0045970 -0.1777708 -0.0071687 -0.0242530 0.0012528 0.9996794
2.710606 -0.9413241 -0.0043084 -0.0938727 -0.0026415 -0.0234177 0.0016266 0.9997209
2.919104 -0.9454076 -0.0049276 -0.0074273 0.0032714 -0.0224733 0.0022813 0.9997395
3.127481 -0.9492894 -0.0061476 0.0822612 0.0034730 -0.0226744 0.0013666 0.9997360
3.335979 -0.9529354 -0.0080251 0.1731075 0.0050846 -0.0229890 -0.0007944 0.9997225
3.544357 -0.9575438 -0.0102606 0.2654665 0.0054247 -0.0230876 -0.0034327 0.9997128
3.752729 -0.9617125 -0.0121942 0.3594927 0.0055446 -0.0234256 -0.0039992 0.9997022
3.961233 -0.9662552 -0.0144179 0.4545637 0.0039601 -0.0240960 -0.0048492 0.9996901
4.169606 -0.9705870 -0.0166986 0.5519291 0.0038828 -0.0246110 -0.0050431 0.9996768
4.377982 -0.9758332 -0.0184628 0.6497892 0.0040376 -0.0249592 -0.0055203 0.9996651
4.586357 -0.9811277 -0.0203422 0.7487347 0.0008662 -0.0255436 -0.0051437 0.9996601
4.794755 -0.9866502 -0.0220833 0.8496999 -0.0005857 -0.0259971 -0.0051305 0.9996487
5.003109 -0.9923875 -0.0232892 0.9508361 0.0004858 -0.0265797 -0.0051360 0.9996334
5.211513 -0.9982729 -0.0247934 1.0529664 -0.0010515 -0.0273750 -0.0048815 0.9996127
5.419858 -1.0043951 -0.0263077 1.1544225 -0.0022588 -0.0279129 -0.0057254 0.9995914
5.628235 -1.0103403 -0.0282022 1.2556911 0.0014744 -0.0283580 -0.0067387 0.9995740
5.836733 -1.0166558 -0.0299791 1.3573499 0.0003274 -0.0282985 -0.0071596 0.9995738
6.045107 -1.0228405 -0.0315803 1.4593678 -0.0013214 -0.0282033 -0.0066233 0.9995794
6.253481 -1.0290809 -0.0327918 1.5608618 0.0001943 -0.0276751 -0.0062900 0.9995972
6.461983 -1.0346937 -0.0346452 1.6620716 0.0025357 -0.0276703 -0.0057167 0.9995975
6.670359 -1.0400811 -0.0377232 1.7627753 0.0047391 -0.0276476 -0.0041160 0.9995980
6.878731 -1.0457317 -0.0398939 1.8636491 0.0006639 -0.0275488 -0.0026326 0.9996168
7.086981 -1.0513029 -0.0413502 1.9639046 -0.0027084 -0.0272982 -0.0011731 0.9996230
7.295357 -1.0564446 -0.0427333 2.0650592 0.0003270 -0.0273601 0.0011004 0.9996250
7.503734 -1.0624346 -0.0448076 2.1667426 0.0045301 -0.0273976 0.0000714 0.9996144
7.712108 -1.0684901 -0.0470189 2.2686591 0.0031749 -0.0268120 -0.0032615 0.9996302
7.920378 -1.0733420 -0.0491971 2.3702922 0.0016943 -0.0270484 -0.0037057 0.9996258
8.128736 -1.0788622 -0.0511947 2.4721830 0.0005827 -0.0273814 -0.0023927 0.9996220
8.336986 -1.0846721 -0.0530184 2.5749125 -0.0012965 -0.0278698 -0.0011617 0.9996101
8.545359 -1.0908360 -0.0550927 2.6763310 0.0012132 -0.0283444 -0.0008138 0.9995971
8.753612 -1.0972624 -0.0571168 2.7765300 0.0013948 -0.0290990 -0.0019914 0.9995736
8.961860 -1.1033790 -0.0589957 2.8764830 -0.0027011 -0.0298201 -0.0029963 0.9995471
9.170238 -1.1097475 -0.0606203 2.9762855 -0.0020308 -0.0304543 -0.0033652 0.9995285
9.378487 -1.1164036 -0.0618639 3.0746560 -0.0013740 -0.0308861 -0.0031085 0.9995171
9.586735 -1.1225388 -0.0636554 3.1705995 -0.0023162 -0.0317100 -0.0019979 0.9994924
9.690863 -1.1260273 -0.0645025 3.2174327 -0.0036831 -0.0319377 -0.0019800 0.9994811
9.899109 -1.1327448 -0.0657489 3.3082933 -0.0041812 -0.0333761 -0.0011065 0.9994335
10.003370 -1.1359853 -0.0665476 3.3517857 -0.0038509 -0.0350199 -0.0007124 0.9993789
10.211610 -1.1429436 -0.0678945 3.4366488 -0.0035133 -0.0383166 -0.0006919 0.9992592
10.419890 -1.1503619 -0.0692306 3.5161407 -0.0046259 -0.0412402 -0.0016084 0.9991373
10.628240 -1.1574939 -0.0700627 3.5915112 -0.0055445 -0.0440998 -0.0029946 0.9990073
10.940860 -1.1686020 -0.0718278 3.6941886 -0.0032502 -0.0479588 -0.0054306 0.9988292
11.253490 -1.1787293 -0.0734518 3.7838323 0.0006116 -0.0507375 -0.0086273 0.9986746
11.670740 -1.1898670 -0.0759616 3.8875394 -0.0020404 -0.0423158 -0.0133705 0.9990127
11.879370 -1.1926947 -0.0767616 3.9338787 -0.0039938 -0.0315945 -0.0131796 0.9994059
12.192740 -1.1931027 -0.0780380 3.9958282 -0.0024025 -0.0084250 -0.0119582 0.9998901
12.401640 -1.1906562 -0.0789123 4.0345511 0.0020238 0.0142669 -0.0106265 0.9998397
12.715240 -1.1825638 -0.0804271 4.0898294 0.0046661 0.0594347 -0.0066612 0.9981990
12.924370 -1.1738613 -0.0815344 4.1244721 0.0057633 0.0971588 -0.0035029 0.9952461
13.133360 -1.1625974 -0.0828997 4.1573238 0.0066742 0.1393918 -0.0025568 0.9902115
13.342370 -1.1490260 -0.0841302 4.1879921 0.0059390 0.1864110 -0.0035781 0.9824474
13.551240 -1.1317273 -0.0852084 4.2171450 0.0058585 0.2350278 -0.0024079 0.9719680
13.760010 -1.1117514 -0.0865743 4.2436399 0.0086663 0.2835163 -0.0027632 0.9589243
13.968740 -1.0891956 -0.0878338 4.2690291 0.0115989 0.3339031 -0.0069684 0.9425103
14.177490 -1.0627815 -0.0891254 4.2920465 0.0128008 0.3853360 -0.0086589 0.9226469
14.386120 -1.0327998 -0.0902988 4.3121791 0.0115874 0.4358512 -0.0062969 0.8999221
14.490490 -1.0167403 -0.0908334 4.3216333 0.0105044 0.4612462 -0.0057717 0.8871913
14.699110 -0.9823148 -0.0923016 4.3375850 0.0079881 0.5112019 -0.0032665 0.8594173
14.803370 -0.9640316 -0.0928818 4.3446803 0.0066025 0.5356113 -0.0042345 0.8444282
15.011990 -0.9252337 -0.0940743 4.3561749 0.0086615 0.5805152 -0.0086986 0.8141569
15.220240 -0.8830612 -0.0955470 4.3642321 0.0121532 0.6170184 -0.0068772 0.7868248
15.428120 -0.8370182 -0.0967680 4.3697438 0.0166135 0.6428432 -0.0036122 0.7658091
15.636010 -0.7869062 -0.0983732 4.3756695 0.0112589 0.6632402 -0.0048365 0.7483063
15.739890 -0.7603804 -0.0994183 4.3780041 0.0076593 0.6721765 -0.0053379 0.7403321
15.947760 -0.7044353 -0.1014939 4.3797331 0.0111118 0.6879342 -0.0004967 0.7256878
16.155710 -0.6443609 -0.1030903 4.3803792 0.0154351 0.6994016 -0.0015496 0.7145606
16.363390 -0.5793945 -0.1049258 4.3810096 0.0166209 0.7055842 -0.0032801 0.7084236
16.570990 -0.5104009 -0.1071721 4.3802700 0.0176694 0.7062091 0.0013731 0.7077814
16.778640 -0.4374433 -0.1097390 4.3817472 0.0159722 0.7051067 -0.0002561 0.7089213
16.986490 -0.3608646 -0.1122388 4.3824725 0.0162401 0.7042925 -0.0014740 0.7097226
17.194620 -0.2803636 -0.1147452 4.3838444 0.0150099 0.7038606 -0.0016704 0.7101776
17.402740 -0.1964050 -0.1176331 4.3840308 0.0143086 0.7036814 0.0002090 0.7103716
17.610870 -0.1120153 -0.1202345 4.3854451 0.0122427 0.7045598 -0.0000700 0.7095390
17.819120 -0.0252180 -0.1225106 4.3859134 0.0121977 0.7053604 0.0027777 0.7087385
18.027490 0.0626156 -0.1252336 4.3869648 0.0114844 0.7063267 -0.0006824 0.7077926
18.235760 0.1522834 -0.1280373 4.3876524 0.0140899 0.7070729 -0.0024729 0.7069959
18.444000 0.2431958 -0.1310387 4.3886886 0.0097242 0.7080631 -0.0025144 0.7060777
18.652370 0.3341902 -0.1338661 4.3889074 0.0040246 0.7082219 -0.0007201 0.7059781
18.860740 0.4246510 -0.1367076 4.3893976 0.0060912 0.7079549 -0.0025021 0.7062269
19.069120 0.5136417 -0.1391003 4.3895445 0.0135317 0.7073400 -0.0068395 0.7067109
19.277500 0.6034264 -0.1424181 4.3899326 0.0105311 0.7066141 -0.0005836 0.7075205
19.485910 0.6914667 -0.1454067 4.3906426 0.0096754 0.7066005 0.0002501 0.7075465
19.694390 0.7785737 -0.1485828 4.3916497 0.0078894 0.7077394 -0.0021076 0.7064264
19.902930 0.8653232 -0.1510549 4.3918853 0.0077845 0.7093057 -0.0028137 0.7048524
20.111410 0.9506069 -0.1535216 4.3918333 0.0065843 0.7107369 -0.0040396 0.7034155
20.319990 1.0354221 -0.1567037 4.3913312 0.0060207 0.7122789 -0.0035541 0.7018617
20.528590 1.1186504 -0.1591930 4.3904147 0.0066387 0.7133150 -0.0039157 0.7008012
20.737490 1.2009661 -0.1618051 4.3890128 0.0068586 0.7142602 -0.0024680 0.6998423
20.945510 1.2817137 -0.1643935 4.3878207 0.0052716 0.7151238 -0.0032102 0.6989706
21.153990 1.3587494 -0.1670996 4.3862457 0.0043407 0.7155850 -0.0029165 0.6985061
21.362520 1.4336039 -0.1692436 4.3850560 0.0066778 0.7157268 -0.0047863 0.6983320
21.571010 1.5070878 -0.1720318 4.3840165 0.0067628 0.7158421 -0.0062168 0.6982018
21.779630 1.5797455 -0.1749094 4.3820968 0.0068952 0.7158554 -0.0053621 0.6981940
21.988560 1.6519808 -0.1776580 4.3814669 0.0048508 0.7160638 -0.0077061 0.6979755
22.196780 1.7231932 -0.1799385 4.3801765 0.0048113 0.7165425 -0.0065175 0.6974964
22.405410 1.7937286 -0.1822963 4.3785014 0.0021617 0.7195286 -0.0087586 0.6944042
22.614140 1.8634217 -0.1846679 4.3749580 0.0064803 0.7238035 -0.0089033 0.6899183
22.822680 1.9345304 -0.1873600 4.3713570 0.0051974 0.7284949 -0.0110014 0.6849432
23.031260 2.0065186 -0.1897352 4.3663697 0.0042914 0.7317751 -0.0119580 0.6814278
23.239660 2.0802605 -0.1919664 4.3613234 0.0026365 0.7341207 -0.0112449 0.6789207
23.448150 2.1556025 -0.1945629 4.3553991 0.0011344 0.7352236 -0.0084561 0.6777710
23.552380 2.1938291 -0.1956879 4.3527594 0.0007654 0.7357470 -0.0086333 0.6772010
23.760760 2.2706387 -0.1979129 4.3461776 0.0061029 0.7359648 -0.0086337 0.6769373
23.969260 2.3486514 -0.2009233 4.3390164 0.0106842 0.7363458 -0.0076915 0.6764773
24.177660 2.4276333 -0.2036407 4.3327780 0.0077883 0.7364506 -0.0057746 0.6764218
24.386170 2.5060344 -0.2065263 4.3260927 0.0076395 0.7367793 -0.0041687 0.6760773
24.490410 2.5449243 -0.2078771 4.3231835 0.0074322 0.7374555 -0.0050073 0.6753362
24.698880 2.6225977 -0.2106231 4.3163996 0.0079932 0.7389646 -0.0051712 0.6736770
24.907380 2.7003186 -0.2132138 4.3090801 0.0080670 0.7401910 -0.0050107 0.6723295
25.115970 2.7786446 -0.2158916 4.3023887 0.0077098 0.7412869 -0.0067058 0.6711105
25.428740 2.8977232 -0.2192582 4.2910199 0.0071607 0.7423787 -0.0069538 0.6699061
25.637140 2.9776211 -0.2217460 4.2833891 0.0038216 0.7433140 -0.0074194 0.6688906
25.845770 3.0591235 -0.2246245 4.2746515 0.0048950 0.7445886 -0.0061297 0.6674775
26.262800 3.2238004 -0.2303234 4.2565451 0.0105176 0.7463227 -0.0095134 0.6654332
26.471270 3.3078573 -0.2337376 4.2465949 0.0126173 0.7459918 -0.0073713 0.6657947
26.784000 3.4367385 -0.2389241 4.2328835 0.0100154 0.7451418 -0.0056444 0.6668070
26.992430 3.5233879 -0.2417526 4.2238436 0.0082542 0.7439754 -0.0027914 0.6681502
27.200890 3.6099756 -0.2448185 4.2152395 0.0095055 0.7429632 -0.0046278 0.6692488
27.409410 3.6964881 -0.2479466 4.2069144 0.0122782 0.7417933 -0.0088552 0.6704577
27.617880 3.7834041 -0.2512717 4.1988316 0.0103064 0.7409744 -0.0073814 0.6714136
27.826410 3.8707452 -0.2548872 4.1910257 0.0097006 0.7406114 -0.0065070 0.6718321
28.034970 3.9575200 -0.2581159 4.1827307 0.0097673 0.7401381 -0.0051627 0.6723641
28.243410 4.0438786 -0.2615476 4.1745076 0.0113754 0.7395219 -0.0037520 0.6730259
28.451910 4.1301217 -0.2651368 4.1672316 0.0119580 0.7390386 -0.0057352 0.6735325
28.764800 4.2581568 -0.2701568 4.1568379 0.0055793 0.7393157 -0.0086129 0.6732808
28.973270 4.3420849 -0.2737588 4.1500764 0.0066436 0.7400954 -0.0126241 0.6723505
29.181800 4.4252219 -0.2774833 4.1418538 0.0073331 0.7402374 -0.0117944 0.6722022
29.390270 4.5078006 -0.2810209 4.1345630 0.0096898 0.7406991 -0.0124019 0.6716526
29.598790 4.5888076 -0.2850859 4.1272101 0.0094936 0.7412986 -0.0137309 0.6709678
29.807270 4.6686277 -0.2895043 4.1195121 0.0087097 0.7430768 -0.0143885 0.6689948
30.015910 4.7474613 -0.2933807 4.1115646 0.0094427 0.7452910 -0.0168394 0.6664598
30.224420 4.8253031 -0.2976241 4.1029944 0.0094911 0.7474120 -0.0157582 0.6641061
30.432920 4.9020691 -0.3020468 4.0940514 0.0102412 0.7487505 -0.0188791 0.6625039
30.641400 4.9780135 -0.3066448 4.0850930 0.0140868 0.7502053 -0.0219808 0.6606893
30.850030 5.0543380 -0.3113003 4.0753942 0.0111269 0.7523339 -0.0182465 0.6584352
31.058390 5.1296401 -0.3158351 4.0659862 0.0109037 0.7537680 -0.0191987 0.6567696
31.266890 5.2039380 -0.3202881 4.0561981 0.0118097 0.7554196 -0.0227252 0.6547406
31.475390 5.2775650 -0.3253216 4.0462146 0.0160921 0.7568334 -0.0245818 0.6529471
31.683900 5.3501267 -0.3305219 4.0353718 0.0159650 0.7584778 -0.0245289 0.6510414
31.892590 5.4225001 -0.3357690 4.0238223 0.0165053 0.7617293 -0.0201204 0.6473726
32.101220 5.4940329 -0.3408883 4.0121822 0.0154388 0.7666854 -0.0205196 0.6415092
32.309930 5.5646110 -0.3454904 3.9987130 0.0157738 0.7740301 -0.0215661 0.6325848
32.518590 5.6338048 -0.3507930 3.9831438 0.0170232 0.7818727 -0.0203315 0.6228738
32.727140 5.7028999 -0.3553552 3.9657364 0.0193672 0.7888158 -0.0176971 0.6140695
32.935760 5.7709422 -0.3603695 3.9475002 0.0225087 0.7943218 -0.0137270 0.6069249
33.144180 5.8374872 -0.3649638 3.9285746 0.0232713 0.7978324 -0.0108398 0.6023325
33.248440 5.8702312 -0.3671944 3.9186912 0.0242744 0.7984659 -0.0068870 0.6015110
33.352510 5.9032702 -0.3692037 3.9088578 0.0258417 0.7988492 -0.0036243 0.6009651
33.456640 5.9357958 -0.3711396 3.8992836 0.0260131 0.7991056 -0.0020789 0.6006240
33.560850 5.9681273 -0.3732267 3.8901682 0.0285515 0.7991149 -0.0030934 0.6004921
33.769250 6.0317192 -0.3769132 3.8725662 0.0301349 0.7986517 -0.0036215 0.6010276
33.977780 6.0945077 -0.3809934 3.8548598 0.0296639 0.7977818 -0.0004450 0.6022159
34.185940 6.1563482 -0.3846071 3.8375559 0.0312392 0.7965257 -0.0007255 0.6037966
34.394020 6.2172041 -0.3882683 3.8213162 0.0322313 0.7936541 0.0001187 0.6075149
34.602300 6.2775226 -0.3918923 3.8055983 0.0317842 0.7903600 0.0024330 0.6118128
34.706380 6.3074017 -0.3937058 3.7982435 0.0315678 0.7891532 0.0028884 0.6133779
34.914790 6.3662491 -0.3966624 3.7832441 0.0323639 0.7864873 0.0059624 0.6167290
35.019540 6.3953018 -0.3978238 3.7758126 0.0325863 0.7851837 0.0072790 0.6183621
35.227510 6.4517479 -0.4006349 3.7636619 0.0310355 0.7831537 0.0053153 0.6210305
35.436220 6.5072560 -0.4038830 3.7509363 0.0341442 0.7797776 0.0039849 0.6251121
35.748270 6.5897031 -0.4081134 3.7357774 0.0320920 0.7716814 0.0026735 0.6351935
35.956520 6.6439962 -0.4110316 3.7267804 0.0318535 0.7632852 0.0037582 0.6452650
36.268770 6.7244167 -0.4157808 3.7180161 0.0304532 0.7450635 0.0032580 0.6662900
36.581010 6.8037071 -0.4206134 3.7157669 0.0264312 0.7228940 -0.0034229 0.6904448
36.789390 6.8564358 -0.4233168 3.7171757 0.0227331 0.7111197 -0.0081636 0.7026559
36.998010 6.9082813 -0.4264067 3.7188337 0.0154523 0.7067438 -0.0126627 0.7071875
37.102920 6.9342823 -0.4278833 3.7193375 0.0120531 0.7090713 -0.0139213 0.7048963
37.207180 6.9598575 -0.4290025 3.7187700 0.0104533 0.7133836 -0.0135462 0.7005649
37.311660 6.9857254 -0.4303714 3.7180178 0.0097015 0.7181621 -0.0130121 0.6956865
37.520670 7.0361800 -0.4329063 3.7148488 0.0107007 0.7267076 -0.0106825 0.6867805
37.625170 7.0606074 -0.4340561 3.7129350 0.0094774 0.7314369 -0.0117228 0.6817425
37.834140 7.1094356 -0.4363213 3.7081835 0.0078511 0.7429365 -0.0120014 0.6692083
37.938540 7.1337976 -0.4374434 3.7050219 0.0079191 0.7481112 -0.0112336 0.6634310
38.147940 7.1811924 -0.4395133 3.6979184 0.0077156 0.7576633 -0.0093158 0.6525335
38.251530 7.2033029 -0.4405958 3.6937990 0.0067496 0.7620640 -0.0097182 0.6473935
38.460120 7.2483063 -0.4426418 3.6850872 0.0080286 0.7696343 -0.0085670 0.6383770
38.668540 7.2921138 -0.4447351 3.6754401 0.0107428 0.7751388 -0.0079026 0.6316502
38.876940 7.3351555 -0.4463573 3.6661639 0.0106976 0.7776451 -0.0072027 0.6285712
39.189420 7.3983531 -0.4491051 3.6523430 0.0117468 0.7788440 -0.0051089 0.6270869
39.502140 7.4612761 -0.4516594 3.6384752 0.0127764 0.7819564 -0.0076726 0.6231550
39.710790 7.5049052 -0.4535604 3.6283627 0.0113067 0.7854831 -0.0075469 0.6187339
39.919470 7.5498228 -0.4553218 3.6166487 0.0135096 0.7889239 -0.0062395 0.6143106
40.128060 7.5960989 -0.4570292 3.6044393 0.0141911 0.7925295 -0.0078717 0.6096176
40.336550 7.6433005 -0.4590229 3.5912607 0.0167288 0.7959042 -0.0063426 0.6051582
40.545050 7.6917667 -0.4611199 3.5775723 0.0170357 0.7986757 -0.0055527 0.6014949
40.753570 7.7407331 -0.4631101 3.5633545 0.0155058 0.8008031 -0.0028590 0.5987200
40.962050 7.7903247 -0.4652852 3.5484295 0.0163733 0.8023027 0.0009447 0.5966920
41.170430 7.8399258 -0.4669358 3.5342882 0.0161642 0.8028409 0.0003580 0.5959740
41.378780 7.8888512 -0.4686955 3.5198288 0.0177353 0.8023291 0.0005877 0.5966181
41.587170 7.9373136 -0.4704755 3.5059166 0.0177272 0.8008934 0.0003400 0.5985444
41.795430 7.9853063 -0.4721931 3.4925599 0.0192813 0.7992558 0.0002309 0.6006815
42.107930 8.0540733 -0.4749405 3.4736378 0.0204168 0.7957816 -0.0006859 0.6052391
42.316180 8.0971870 -0.4771593 3.4627202 0.0188287 0.7931157 0.0010900 0.6087790
42.524580 8.1373148 -0.4789997 3.4527507 0.0175007 0.7891559 0.0051561 0.6139219
42.732820 8.1743460 -0.4806492 3.4446230 0.0165806 0.7827519 0.0059261 0.6220847
42.940920 8.2097006 -0.4819886 3.4380169 0.0163535 0.7731787 0.0039052 0.6339653
43.148930 8.2444687 -0.4832438 3.4332972 0.0195411 0.7595524 0.0015302 0.6501507
43.357740 8.2788858 -0.4842994 3.4310653 0.0177760 0.7414907 0.0004746 0.6707275
43.565080 8.3129225 -0.4856005 3.4313903 0.0135642 0.7198660 -0.0019470 0.6939778
43.773070 8.3459806 -0.4869491 3.4344535 0.0078967 0.6980588 -0.0033281 0.7159892
43.981040 8.3789940 -0.4878263 3.4388671 0.0047133 0.6749848 -0.0020621 0.7378137
44.189150 8.4109955 -0.4888744 3.4453468 0.0033104 0.6496269 -0.0017357 0.7602440
44.397150 8.4427891 -0.4895012 3.4545732 0.0044628 0.6209775 -0.0036435 0.7838072
44.605140 8.4752159 -0.4907757 3.4665120 0.0056959 0.5878273 -0.0043379 0.8089548
44.813580 8.5060825 -0.4918579 3.4829361 0.0049481 0.5506431 -0.0105268 0.8346597
45.021230 8.5375271 -0.4931564 3.5023818 0.0076117 0.5097758 -0.0116341 0.8601949
45.645680 8.6327620 -0.4975024 3.5903375 0.0063713 0.3778753 -0.0129798 0.9257436
45.958150 8.6780891 -0.4996268 3.6510222 0.0066399 0.3129724 -0.0107833 0.9496778
46.062500 8.6928635 -0.5005450 3.6743166 0.0061238 0.2932920 -0.0106825 0.9559436
46.271110 8.7214785 -0.5018793 3.7250648 0.0044416 0.2585152 -0.0110107 0.9659342
46.479940 8.7490559 -0.5030291 3.7810538 0.0011879 0.2308028 -0.0105888 0.9729422
46.688930 8.7765293 -0.5039951 3.8419168 -0.0007333 0.2102912 -0.0082264 0.9776039
46.897820 8.8034115 -0.5049685 3.9065363 -0.0003021 0.1924859 -0.0039120 0.9812919
47.106530 8.8291397 -0.5058379 3.9755995 0.0002728 0.1747992 -0.0023415 0.9846013
47.315280 8.8529997 -0.5068291 4.0484533 0.0000960 0.1593906 -0.0028515 0.9872115
47.524300 8.8762264 -0.5077013 4.1244497 -0.0015216 0.1528354 -0.0060944 0.9882317
47.733280 8.9005432 -0.5084021 4.2033453 -0.0021875 0.1518761 -0.0060239 0.9883788
47.837650 8.9135075 -0.5088428 4.2430496 -0.0019355 0.1516328 -0.0049238 0.9884228
48.046420 8.9391975 -0.5098391 4.3257051 -0.0001411 0.1517612 -0.0033565 0.9884115
48.255170 8.9655218 -0.5109587 4.4105115 -0.0011493 0.1524183 -0.0032787 0.9883100
48.463660 8.9925222 -0.5121254 4.4970598 -0.0028875 0.1533766 -0.0016855 0.9881622
48.567920 9.0064068 -0.5127989 4.5405865 -0.0030631 0.1535513 -0.0014554 0.9881349
48.776450 9.0343828 -0.5137608 4.6274314 -0.0030186 0.1537600 0.0001247 0.9881036
48.985000 9.0621700 -0.5146619 4.7159967 -0.0050602 0.1541403 0.0018189 0.9880343
49.193280 9.0903053 -0.5155255 4.8033285 -0.0043105 0.1538368 0.0035233 0.9880806
49.407810 9.1185198 -0.5162612 4.8911324 -0.0026632 0.1533294 0.0041510 0.9881628
49.610180 9.1454935 -0.5173987 4.9780521 -0.0025712 0.1522320 0.0043072 0.9883320
49.818560 9.1721897 -0.5188172 5.0656424 -0.0034559 0.1511600 0.0039783 0.9884952
50.026950 9.1992569 -0.5198345 5.1537037 -0.0033327 0.1496325 0.0037107 0.9887291
50.235330 9.2262506 -0.5206156 5.2421322 -0.0037142 0.1481153 0.0042372 0.9889541
50.443670 9.2522936 -0.5217201 5.3290014 -0.0046789 0.1464327 0.0048413 0.9891977
50.652030 9.2783661 -0.5222077 5.4156737 -0.0044899 0.1445233 0.0060790 0.9894726
50.860320 9.3038197 -0.5228226 5.5012226 -0.0038136 0.1424844 0.0061274 0.9897707
51.068710 9.3275127 -0.5237783 5.5843382 -0.0065181 0.1401306 0.0069535 0.9900872
51.277040 9.3497725 -0.5246015 5.6651163 -0.0069013 0.1380548 0.0075997 0.9903714
51.485450 9.3711176 -0.5249597 5.7426209 -0.0028594 0.1355313 0.0060410 0.9907505
51.693900 9.3908043 -0.5261010 5.8168206 -0.0032360 0.1329982 0.0053884 0.9910963
51.902300 9.4093380 -0.5271799 5.8879499 -0.0061503 0.1290888 0.0064892 0.9915927
52.110910 9.4259415 -0.5279573 5.9545898 -0.0074498 0.1249491 0.0058872 0.9921177
52.319330 9.4407930 -0.5283793 6.0162883 -0.0059674 0.1214978 0.0043501 0.9925642
52.527830 9.4543638 -0.5293627 6.0728221 -0.0043916 0.1204654 0.0021942 0.9927054
52.840660 9.4724197 -0.5306087 6.1494131 -0.0011447 0.1187724 0.0019809 0.9929188
53.049160 9.4835138 -0.5314370 6.1968074 -0.0022218 0.1173512 0.0010783 0.9930874
53.257570 9.4937124 -0.5323887 6.2423310 -0.0017823 0.1138883 0.0021204 0.9934897
53.570100 9.5069685 -0.5335401 6.3090329 -0.0014286 0.0980447 0.0050483 0.9951682
53.777930 9.5124016 -0.5342328 6.3521090 -0.0004952 0.0777055 0.0042869 0.9969670
54.089790 9.5151892 -0.5351582 6.4148498 -0.0026239 0.0325391 0.0034735 0.9994610
54.297670 9.5125751 -0.5356983 6.4551659 -0.0046337 -0.0050999 0.0013553 0.9999753
54.609440 9.5011463 -0.5364289 6.5133061 -0.0066157 -0.0709536 -0.0062825 0.9974379
54.817300 9.4892387 -0.5360835 6.5503044 -0.0099135 -0.1200324 -0.0084423 0.9926845
55.025330 9.4735355 -0.5362205 6.5859489 -0.0140750 -0.1731774 -0.0084888 0.9847535
55.233280 9.4540920 -0.5359522 6.6189499 -0.0171769 -0.2279507 -0.0107156 0.9734622
55.441330 9.4310389 -0.5353875 6.6491508 -0.0181439 -0.2847082 -0.0134976 0.9583474
55.649410 9.4044008 -0.5338745 6.6760678 -0.0189344 -0.3405503 -0.0132307 0.9399425
55.857760 9.3750191 -0.5324765 6.6999674 -0.0222452 -0.3953907 -0.0116268 0.9181700
55.961860 9.3593054 -0.5319082 6.7103815 -0.0237122 -0.4221843 -0.0115161 0.9061266
56.066000 9.3428030 -0.5313942 6.7200322 -0.0257654 -0.4485033 -0.0110943 0.8933408
56.170220 9.3255062 -0.5305524 6.7286558 -0.0257914 -0.4740472 -0.0124579 0.8800334
56.274310 9.3077850 -0.5299087 6.7358775 -0.0247782 -0.4986302 -0.0141639 0.8663449
56.378550 9.2898741 -0.5292373 6.7419319 -0.0228412 -0.5228531 -0.0161027 0.8519645
56.482840 9.2716742 -0.5285251 6.7473001 -0.0216507 -0.5460131 -0.0162990 0.8373382
56.587120 9.2529144 -0.5276832 6.7521324 -0.0206749 -0.5677446 -0.0162543 0.8227845
56.795690 9.2142601 -0.5264219 6.7592411 -0.0175893 -0.6055444 -0.0175603 0.7954233
56.900200 9.1947365 -0.5256333 6.7618418 -0.0157183 -0.6211947 -0.0183294 0.7832842
57.004560 9.1742506 -0.5248137 6.7648759 -0.0163211 -0.6349140 -0.0164300 0.7722356
57.109200 9.1536884 -0.5237436 6.7676554 -0.0191875 -0.6464913 -0.0132778 0.7625644
57.318320 9.1095657 -0.5217922 6.7713203 -0.0207072 -0.6644557 -0.0143105 0.7469037
57.422830 9.0861673 -0.5209038 6.7722788 -0.0198409 -0.6716989 -0.0168937 0.7403658
57.527320 9.0618916 -0.5202583 6.7732110 -0.0194941 -0.6770902 -0.0193497 0.7353873
57.631790 9.0366955 -0.5192217 6.7743759 -0.0198274 -0.6821806 -0.0180737 0.7306913
57.736570 9.0108852 -0.5181620 6.7753935 -0.0197840 -0.6880229 -0.0149136 0.7252659
57.840730 8.9838943 -0.5170524 6.7764692 -0.0192143 -0.6941568 -0.0116599 0.7194729
58.049450 8.9254894 -0.5145513 6.7761006 -0.0207050 -0.7062603 -0.0093127 0.7075882
58.258220 8.8620968 -0.5124885 6.7726645 -0.0192860 -0.7163977 -0.0146725 0.6972712
58.467090 8.7947149 -0.5097460 6.7685623 -0.0181132 -0.7232295 -0.0165091 0.6901727
58.676060 8.7231236 -0.5069033 6.7637920 -0.0174173 -0.7260876 -0.0181956 0.6871407
58.884940 8.6474133 -0.5038556 6.7582874 -0.0145473 -0.7271962 -0.0207465 0.6859618
59.093910 8.5674982 -0.5003703 6.7526426 -0.0102885 -0.7244483 -0.0241617 0.6888288
59.302920 8.4842138 -0.4969833 6.7496295 -0.0081102 -0.7183799 -0.0269652 0.6950809
59.512300 8.3971443 -0.4940550 6.7470551 -0.0063804 -0.7113586 -0.0286101 0.7022177
59.720720 8.3073025 -0.4907844 6.7471499 -0.0045964 -0.7043215 -0.0301540 0.7092255
59.929310 8.2126217 -0.4868466 6.7488866 -0.0040673 -0.6967446 -0.0317737 0.7166037
60.137820 8.1161041 -0.4827711 6.7531605 -0.0046717 -0.6894981 -0.0337471 0.7234858
60.346310 8.0176640 -0.4790983 6.7586188 -0.0053687 -0.6831030 -0.0350137 0.7294625
60.554790 7.9197102 -0.4753612 6.7653704 -0.0059795 -0.6779970 -0.0348286 0.7342147
60.763240 7.8215446 -0.4713823 6.7731571 -0.0064575 -0.6754674 -0.0334206 0.7366038
60.971470 7.7234740 -0.4677354 6.7816105 -0.0060599 -0.6746016 -0.0335560 0.7373940
61.284050 7.5742178 -0.4620363 6.7944679 -0.0049544 -0.6732594 -0.0338392 0.7386150
61.492290 7.4749670 -0.4583947 6.8029118 -0.0049404 -0.6728795 -0.0341564 0.7389467
61.700910 7.3751903 -0.4548250 6.8119125 -0.0041111 -0.6732972 -0.0348868 0.7385370
61.909070 7.2752404 -0.4515341 6.8203878 -0.0031887 -0.6738861 -0.0334296 0.7380717
62.117440 7.1764531 -0.4481464 6.8283720 -0.0046384 -0.6741946 -0.0355732 0.7376820
62.221590 7.1269851 -0.4461418 6.8323731 -0.0056266 -0.6743524 -0.0362146 0.7374996
62.429920 7.0288558 -0.4423945 6.8401814 -0.0042864 -0.6744615 -0.0364864 0.7373954
62.638450 6.9315343 -0.4385137 6.8483829 -0.0039250 -0.6740789 -0.0367771 0.7377328
62.849550 6.8358808 -0.4351678 6.8568158 -0.0042649 -0.6727834 -0.0376189 0.7388702
63.159760 6.6945791 -0.4300730 6.8693781 -0.0035738 -0.6713662 -0.0366931 0.7402083
63.472300 6.5552449 -0.4250972 6.8822794 -0.0030507 -0.6707247 -0.0370728 0.7407730
63.680820 6.4636216 -0.4219502 6.8914485 -0.0039494 -0.6702412 -0.0371261 0.7412035
63.993600 6.3261986 -0.4169149 6.9044509 -0.0037590 -0.6696960 -0.0360522 0.7417502
64.202080 6.2355738 -0.4134425 6.9134507 -0.0024016 -0.6694092 -0.0347877 0.7420750
64.515140 6.0967488 -0.4086483 6.9275866 -0.0028667 -0.6683825 -0.0349202 0.7429920
64.723370 6.0043697 -0.4055461 6.9370861 -0.0032557 -0.6676760 -0.0349264 0.7436251
64.931710 5.9102759 -0.4015769 6.9475622 -0.0066722 -0.6666721 -0.0339784 0.7445464
65.140170 5.8166804 -0.3979853 6.9572792 -0.0047823 -0.6661234 -0.0335049 0.7450733
65.349010 5.7220469 -0.3946788 6.9677019 -0.0032318 -0.6659514 -0.0318566 0.7453076
65.557260 5.6267953 -0.3917853 6.9775929 -0.0033653 -0.6668724 -0.0328040 0.7444419
65.765550 5.5305557 -0.3880042 6.9871993 -0.0045679 -0.6693885 -0.0316462 0.7422241
65.973960 5.4334350 -0.3848571 6.9959097 -0.0046077 -0.6730127 -0.0320531 0.7389216
66.182330 5.3356810 -0.3812417 7.0041795 -0.0050609 -0.6769470 -0.0332108 0.7352647
66.390840 5.2378240 -0.3777939 7.0100532 -0.0032684 -0.6794716 -0.0335462 0.7329272
66.599380 5.1388354 -0.3745078 7.0167475 -0.0004829 -0.6805080 -0.0317277 0.7320533
66.807680 5.0392632 -0.3717253 7.0236101 -0.0026646 -0.6810959 -0.0298537 0.7315805
67.017940 4.9398732 -0.3681257 7.0304270 -0.0059841 -0.6816518 -0.0302164 0.7310281
67.328970 4.7916427 -0.3626551 7.0401568 -0.0073348 -0.6823903 -0.0329394 0.7302086
67.641720 4.6445646 -0.3573625 7.0493817 -0.0064932 -0.6829216 -0.0331774 0.7297090
67.850040 4.5471988 -0.3539513 7.0547600 -0.0049531 -0.6832672 -0.0330914 0.7294014
68.058600 4.4504461 -0.3505287 7.0601659 -0.0044484 -0.6834528 -0.0328899 0.7292398
68.266970 4.3535566 -0.3470934 7.0660992 -0.0040263 -0.6835235 -0.0331998 0.7291620
68.475450 4.2571468 -0.3437198 7.0721426 -0.0037955 -0.6833695 -0.0328714 0.7293225
68.683820 4.1604185 -0.3406954 7.0780134 -0.0041099 -0.6832312 -0.0337132 0.7294118
68.892240 4.0638752 -0.3374177 7.0835185 -0.0035760 -0.6831157 -0.0337922 0.7295192
69.100450 3.9671865 -0.3340064 7.0895858 -0.0031333 -0.6830680 -0.0341280 0.7295503
69.308840 3.8706007 -0.3307595 7.0956259 -0.0048513 -0.6830790 -0.0353224 0.7294737
69.517240 3.7751751 -0.3273360 7.1014104 -0.0039795 -0.6834317 -0.0351899 0.7291550
69.725600 3.6801105 -0.3240385 7.1069608 -0.0038451 -0.6838097 -0.0366722 0.7287281
69.933920 3.5854614 -0.3204801 7.1118293 -0.0007967 -0.6841063 -0.0371726 0.7284340
70.142350 3.4914439 -0.3172898 7.1167336 0.0039740 -0.6830608 -0.0374820 0.7293884
70.350780 3.3971767 -0.3146065 7.1229134 0.0021753 -0.6814125 -0.0389856 0.7308573
70.559170 3.3035474 -0.3111804 7.1296959 0.0002356 -0.6798517 -0.0392685 0.7322974
70.767540 3.2094007 -0.3076669 7.1368332 -0.0008388 -0.6781460 -0.0394757 0.7338658
70.976260 3.1156032 -0.3042318 7.1437712 0.0000198 -0.6765086 -0.0402721 0.7353328
71.184470 3.0217237 -0.3007826 7.1512518 0.0023910 -0.6753525 -0.0382014 0.7365012
71.392800 2.9276683 -0.2981040 7.1587825 0.0035147 -0.6748570 -0.0373325 0.7369952
71.601510 2.8331490 -0.2955040 7.1670322 0.0003265 -0.6747371 -0.0368483 0.7371377
71.809460 2.7383566 -0.2925711 7.1752367 -0.0002803 -0.6752042 -0.0359227 0.7367556
72.017800 2.6432543 -0.2891543 7.1827374 -0.0029884 -0.6759230 -0.0362394 0.7360746
72.226050 2.5478821 -0.2852359 7.1899419 -0.0044146 -0.6758119 -0.0388297 0.7360374
72.538690 2.4061575 -0.2804544 7.2016706 -0.0002198 -0.6754010 -0.0323068 0.7367426
72.851340 2.2630458 -0.2757902 7.2132626 -0.0044301 -0.6755331 -0.0344964 0.7365090
73.163840 2.1206362 -0.2704230 7.2249613 -0.0048809 -0.6775839 -0.0341051 0.7346380
73.476280 1.9779863 -0.2652342 7.2347856 -0.0067726 -0.6810305 -0.0322772 0.7315120
73.684600 1.8832984 -0.2621009 7.2410684 -0.0065244 -0.6829380 -0.0319315 0.7297489
73.997240 1.7405872 -0.2569891 7.2494307 -0.0062938 -0.6853055 -0.0327110 0.7274935
74.309810 1.5979981 -0.2515831 7.2563720 -0.0056308 -0.6860274 -0.0340188 0.7267582
74.518190 1.5030513 -0.2482530 7.2611985 -0.0051211 -0.6863228 -0.0333736 0.7265129
74.726710 1.4083418 -0.2448670 7.2656546 -0.0061144 -0.6868926 -0.0332734 0.7259710
74.935080 1.3144946 -0.2417103 7.2708158 -0.0069972 -0.6879843 -0.0333663 0.7249243
75.143430 1.2210745 -0.2384958 7.2753596 -0.0070774 -0.6891372 -0.0321823 0.7238813
75.351710 1.1286082 -0.2346598 7.2794681 -0.0071473 -0.6904344 -0.0311338 0.7226894
75.560080 1.0367489 -0.2318131 7.2830081 -0.0055611 -0.6922739 -0.0274325 0.7210919
75.768340 0.9451131 -0.2290338 7.2860703 -0.0051152 -0.6938636 -0.0264427 0.7196027
75.976580 0.8545591 -0.2266187 7.2885551 -0.0082494 -0.6953555 -0.0278898 0.7180772
76.185000 0.7642851 -0.2235605 7.2905645 -0.0079479 -0.6957475 -0.0286957 0.7176690
76.393300 0.6753857 -0.2206242 7.2927990 -0.0075382 -0.6955830 -0.0299680 0.7177808
76.601900 0.5868313 -0.2175377 7.2948217 -0.0080050 -0.6954345 -0.0321346 0.7178259
76.810120 0.4991221 -0.2141377 7.2972965 -0.0071502 -0.6957759 -0.0317017 0.7175234
77.018320 0.4132223 -0.2110963 7.2996173 -0.0071861 -0.6970761 -0.0325195 0.7162232
77.226680 0.3295157 -0.2078145 7.3010836 -0.0072099 -0.6983034 -0.0335589 0.7149785
77.436110 0.2473292 -0.2049890 7.3015528 -0.0065510 -0.6995795 -0.0337236 0.7137284
77.643330 0.1664942 -0.2018979 7.3025661 -0.0061881 -0.7012303 -0.0333921 0.7121254
77.851700 0.0871828 -0.1989396 7.3032928 -0.0060114 -0.7024196 -0.0333335 0.7109568
78.060100 0.0097866 -0.1961547 7.3035517 -0.0060695 -0.7034128 -0.0343073 0.7099272
78.268580 -0.0648885 -0.1938468 7.3039122 -0.0054459 -0.7037085 -0.0356121 0.7095748
78.477150 -0.1368919 -0.1911481 7.3043470 -0.0036857 -0.7023100 -0.0360806 0.7109468
78.581420 -0.1717220 -0.1899069 7.3047428 -0.0033568 -0.7012632 -0.0355927 0.7120054
78.685710 -0.2063655 -0.1888045 7.3049049 -0.0027851 -0.7003499 -0.0356299 0.7129044
78.789980 -0.2403684 -0.1878015 7.3056736 -0.0030952 -0.6993783 -0.0350436 0.7138854
78.998610 -0.3083352 -0.1853954 7.3073983 -0.0028958 -0.6975556 -0.0342603 0.7157053
79.207090 -0.3753275 -0.1833416 7.3089705 -0.0028380 -0.6957316 -0.0336966 0.7175054
79.311290 -0.4082342 -0.1822152 7.3100958 -0.0036513 -0.6950752 -0.0336922 0.7181379
79.415550 -0.4410998 -0.1811273 7.3109007 -0.0044758 -0.6943757 -0.0337248 0.7188081
79.521320 -0.4732783 -0.1799645 7.3119869 -0.0045739 -0.6940551 -0.0336699 0.7191196
79.936810 -0.5978194 -0.1755914 7.3166003 -0.0048173 -0.6922231 -0.0336301 0.7208835
80.145310 -0.6574508 -0.1735520 7.3190031 -0.0064303 -0.6907141 -0.0340125 0.7222990
80.353800 -0.7133287 -0.1713812 7.3213978 -0.0064624 -0.6886585 -0.0336971 0.7242736
80.562510 -0.7671075 -0.1696243 7.3243465 -0.0072852 -0.6861349 -0.0331186 0.7266836
80.770930 -0.8177311 -0.1677242 7.3278456 -0.0086226 -0.6834488 -0.0329778 0.7292022
81.083960 -0.8881251 -0.1653960 7.3334246 -0.0091511 -0.6770038 -0.0329438 0.7351848
81.501230 -0.9739642 -0.1629326 7.3434215 -0.0073184 -0.6622088 -0.0298807 0.7486876
81.918580 -1.0499446 -0.1605941 7.3572445 -0.0074762 -0.6411365 -0.0260661 0.7669476
82.544740 -1.1452923 -0.1590104 7.3860431 -0.0079319 -0.5921639 -0.0183747 0.8055690
83.171270 -1.2253094 -0.1575683 7.4270124 -0.0127111 -0.5173289 -0.0187563 0.8554867
83.588800 -1.2721505 -0.1574199 7.4632883 -0.0056595 -0.4511417 -0.0142065 0.8923213
83.797550 -1.2947967 -0.1565914 7.4855213 0.0001846 -0.4139504 -0.0135590 0.9101985
84.006450 -1.3160563 -0.1562237 7.5115938 -0.0016193 -0.3745597 -0.0090492 0.9271572
84.215120 -1.3362906 -0.1563330 7.5403490 -0.0026610 -0.3330888 -0.0089685 0.9428490
84.423690 -1.3554819 -0.1566718 7.5726500 -0.0023523 -0.2904720 -0.0079612 0.9568475
84.632280 -1.3729098 -0.1570723 7.6086111 0.0009091 -0.2488757 -0.0078526 0.9685032
84.840760 -1.3899285 -0.1570632 7.6493626 0.0039045 -0.2075013 -0.0099572 0.9781763
85.051210 -1.4054482 -0.1576980 7.6961212 0.0040644 -0.1655517 -0.0125496 0.9861129
85.257700 -1.4174531 -0.1590006 7.7478552 0.0033280 -0.1230895 -0.0129512 0.9923055
85.466110 -1.4266121 -0.1595203 7.8036056 0.0077723 -0.0850398 -0.0136331 0.9962540
85.674100 -1.4318321 -0.1607341 7.8636374 0.0081409 -0.0544404 -0.0111742 0.9984213
85.881970 -1.4354050 -0.1624275 7.9270544 0.0088197 -0.0332953 -0.0075042 0.9993784
86.089690 -1.4374926 -0.1636197 7.9931321 0.0090210 -0.0212516 -0.0047931 0.9997219
86.297530 -1.4393208 -0.1656082 8.0625038 0.0076321 -0.0136994 -0.0022535 0.9998745
86.505090 -1.4406757 -0.1673502 8.1349039 0.0079316 -0.0119622 0.0005622 0.9998968
86.712810 -1.4428215 -0.1693092 8.2101011 0.0071313 -0.0135611 0.0010565 0.9998820
86.920680 -1.4455078 -0.1713672 8.2885351 0.0071317 -0.0167919 0.0018970 0.9998318
87.128650 -1.4488519 -0.1736193 8.3686466 0.0099885 -0.0195798 0.0020904 0.9997562
87.336860 -1.4518473 -0.1761900 8.4501724 0.0083646 -0.0218900 0.0018656 0.9997237
87.544840 -1.4562645 -0.1789591 8.5321960 0.0042847 -0.0226224 0.0008178 0.9997346
87.753060 -1.4605548 -0.1809204 8.6139421 0.0057816 -0.0234842 -0.0014029 0.9997065
87.961420 -1.4651785 -0.1829459 8.6962280 0.0065804 -0.0243278 -0.0029805 0.9996780
88.169700 -1.4690912 -0.1854036 8.7799454 0.0045730 -0.0251813 -0.0021218 0.9996702
88.377940 -1.4738073 -0.1874593 8.8631706 0.0040593 -0.0268643 -0.0021307 0.9996286
88.586360 -1.4786038 -0.1894686 8.9462910 0.0021311 -0.0288711 -0.0009331 0.9995804
88.794690 -1.4835725 -0.1912856 9.0289116 0.0008120 -0.0309219 -0.0009933 0.9995210
89.003140 -1.4890907 -0.1926498 9.1101208 0.0007110 -0.0327245 -0.0001270 0.9994642
89.211590 -1.4948794 -0.1944501 9.1910934 0.0018775 -0.0342623 -0.0002234 0.9994111
89.419930 -1.5002365 -0.1962896 9.2712040 0.0042741 -0.0354877 -0.0005067 0.9993609
89.628430 -1.5061026 -0.1982798 9.3495207 0.0014092 -0.0352600 -0.0018846 0.9993754
89.836930 -1.5111551 -0.1999412 9.4255352 0.0005883 -0.0349825 -0.0008934 0.9993873
90.045560 -1.5166662 -0.2016311 9.4971581 0.0030494 -0.0352352 -0.0023560 0.9993716
90.253860 -1.5218358 -0.2030917 9.5654888 0.0025722 -0.0368335 -0.0027898 0.9993142
90.462220 -1.5269616 -0.2047331 9.6300306 0.0003099 -0.0394488 -0.0028534 0.9992175
90.670570 -1.5322576 -0.2060796 9.6893511 0.0017901 -0.0425956 -0.0028612 0.9990867
90.879050 -1.5376253 -0.2071487 9.7448168 0.0022343 -0.0454300 -0.0027844 0.9989612
91.087510 -1.5424995 -0.2090563 9.7964277 0.0018671 -0.0472520 -0.0028552 0.9988772
91.296000 -1.5466986 -0.2103232 9.8439665 0.0018612 -0.0447376 -0.0037619 0.9989899
91.504730 -1.5499938 -0.2112191 9.8889818 0.0023827 -0.0370869 -0.0045331 0.9992989
91.713820 -1.5517025 -0.2122893 9.9331303 0.0030662 -0.0229699 -0.0061981 0.9997122
91.922450 -1.5510912 -0.2135478 9.9767323 0.0033347 -0.0038424 -0.0053244 0.9999729
92.131240 -1.5482779 -0.2150146 10.0187206 0.0074461 0.0203322 -0.0063767 0.9997452
92.340330 -1.5422429 -0.2164544 10.0602760 0.0101003 0.0515221 -0.0064259 0.9986001
92.549480 -1.5329889 -0.2178592 10.0993862 0.0102742 0.0873395 -0.0025835 0.9961223
92.758490 -1.5204678 -0.2195480 10.1361427 0.0101097 0.1259224 0.0045264 0.9919783
92.968320 -1.5054958 -0.2212496 10.1715307 0.0085882 0.1663385 0.0104232 0.9859762
93.176360 -1.4887309 -0.2228485 10.2054424 0.0098662 0.2100384 0.0083916 0.9776073
93.385200 -1.4689074 -0.2240829 10.2372589 0.0152570 0.2553729 0.0058607 0.9667045
93.594110 -1.4444170 -0.2254439 10.2671986 0.0198193 0.3006940 0.0105221 0.9534566
93.802820 -1.4174566 -0.2266340 10.2963467 0.0209949 0.3477540 0.0051809 0.9373364
94.011550 -1.3881307 -0.2289537 10.3244476 0.0147887 0.3941947 -0.0055436 0.9188913
94.220100 -1.3534112 -0.2309187 10.3480120 0.0191321 0.4407355 -0.0008746 0.8974327
94.428710 -1.3152201 -0.2322206 10.3692455 0.0219915 0.4875514 -0.0026451 0.8728133
94.639870 -1.2727919 -0.2346540 10.3898916 0.0153200 0.5324668 -0.0101205 0.8462518
94.845720 -1.2261081 -0.2374804 10.4056082 0.0129223 0.5725673 -0.0082622 0.8197142
95.054000 -1.1756351 -0.2391618 10.4177637 0.0179436 0.6049742 -0.0065568 0.7960159
95.365960 -1.0926559 -0.2423274 10.4331007 0.0168262 0.6406066 -0.0047977 0.7676699
95.573810 -1.0328255 -0.2449436 10.4407406 0.0134697 0.6605887 -0.0051797 0.7506093
95.781890 -0.9698005 -0.2474066 10.4456825 0.0148023 0.6772888 -0.0068029 0.7355368
95.989690 -0.9029031 -0.2494540 10.4477396 0.0165335 0.6908739 -0.0037893 0.7227763
96.197610 -0.8316568 -0.2519580 10.4492216 0.0124799 0.7017173 -0.0025868 0.7123415
96.301480 -0.7954350 -0.2534621 10.4491034 0.0129608 0.7053794 -0.0016015 0.7087097
96.509210 -0.7206100 -0.2553523 10.4473248 0.0181536 0.7092299 0.0007536 0.7047431
96.717080 -0.6416806 -0.2579849 10.4472666 0.0155661 0.7114247 0.0018130 0.7025875
96.924880 -0.5607767 -0.2605214 10.4460001 0.0150279 0.7121000 0.0014644 0.7019156
97.132730 -0.4771712 -0.2627767 10.4446526 0.0150812 0.7127869 0.0044922 0.7012041
97.340580 -0.3945128 -0.2652296 10.4434061 0.0145269 0.7109395 0.0065223 0.7030728
97.548460 -0.3114473 -0.2677887 10.4429808 0.0163348 0.7084514 0.0061440 0.7055438
97.756480 -0.2279332 -0.2699383 10.4436150 0.0155656 0.7060781 0.0068016 0.7079301
97.964520 -0.1447256 -0.2726145 10.4443169 0.0166080 0.7037714 0.0057184 0.7102093
98.173950 -0.0602596 -0.2748041 10.4461327 0.0157574 0.7021796 0.0039919 0.7118143
98.380720 0.0251941 -0.2777435 10.4486952 0.0114619 0.7009314 0.0030457 0.7131300
98.588990 0.1113420 -0.2799449 10.4511156 0.0113849 0.6997945 0.0000025 0.7142534
98.797260 0.1966538 -0.2826199 10.4533081 0.0111009 0.6993344 -0.0002360 0.7147083
99.005460 0.2828686 -0.2856025 10.4555540 0.0101719 0.6995834 0.0009505 0.7144780
99.213720 0.3684506 -0.2884486 10.4572401 0.0106454 0.6998308 0.0013602 0.7142281
99.422060 0.4545971 -0.2906789 10.4597940 0.0095918 0.7005363 0.0005228 0.7135521
99.630630 0.5400966 -0.2933125 10.4617634 0.0074846 0.7020764 -0.0011501 0.7120613
99.943090 0.6665570 -0.2968026 10.4636679 0.0033627 0.7042753 -0.0009044 0.7099185
100.151300 0.7501757 -0.2992679 10.4644547 0.0011371 0.7051694 0.0002541 0.7090378
100.463900 0.8741473 -0.3020852 10.4656830 0.0060837 0.7053856 -0.0020276 0.7087948
100.672200 0.9558848 -0.3042809 10.4661674 0.0068029 0.7055036 -0.0019428 0.7086710
100.985100 1.0770779 -0.3078386 10.4676113 0.0042491 0.7070275 -0.0019894 0.7071705
101.297200 1.1962286 -0.3112893 10.4677839 0.0030026 0.7084621 -0.0024177 0.7057384
101.609900 1.3154501 -0.3145239 10.4676228 0.0041493 0.7081023 -0.0013509 0.7060964
101.922300 1.4321929 -0.3173040 10.4690075 0.0005277 0.7074934 -0.0016726 0.7067178
102.130600 1.5096892 -0.3188667 10.4692850 0.0024556 0.7073884 -0.0019312 0.7068182
102.339000 1.5859958 -0.3205778 10.4698563 0.0027574 0.7077170 -0.0037467 0.7064807
102.547400 1.6623006 -0.3228445 10.4698114 0.0034446 0.7076507 -0.0014976 0.7065524
102.755600 1.7367089 -0.3253341 10.4701166 0.0100271 0.7074248 -0.0086913 0.7066640
102.964100 1.8107834 -0.3279938 10.4697943 0.0131678 0.7068133 -0.0068460 0.7072445
103.172400 1.8853822 -0.3312892 10.4708347 0.0081068 0.7055053 -0.0039907 0.7086470
103.380700 1.9585823 -0.3336804 10.4717703 0.0078223 0.7041733 -0.0026269 0.7099802
103.589200 2.0309377 -0.3359313 10.4734812 0.0037474 0.7039394 -0.0061182 0.7102238
103.797500 2.1023703 -0.3383565 10.4747190 0.0034690 0.7047118 -0.0080125 0.7094400
104.006000 2.1734219 -0.3409009 10.4756336 0.0021101 0.7058632 -0.0084930 0.7082942
104.214400 2.2437301 -0.3429931 10.4756994 0.0028408 0.7066650 -0.0065834 0.7075120
104.422700 2.3122447 -0.3451310 10.4761782 0.0018416 0.7066306 -0.0065362 0.7075500
104.630800 2.3796890 -0.3474375 10.4771252 0.0021259 0.7059631 -0.0084804 0.7081946
104.839200 2.4464383 -0.3497493 10.4779806 0.0037451 0.7055939 -0.0100401 0.7085354
105.047500 2.5121899 -0.3520487 10.4787931 0.0037140 0.7054194 -0.0097081 0.7087139
105.256000 2.5776634 -0.3543413 10.4797125 0.0018715 0.7052854 -0.0095295 0.7088569
105.464400 2.6426592 -0.3567210 10.4797907 0.0032751 0.7063920 -0.0073413 0.7077751
105.672800 2.7067909 -0.3588921 10.4802294 0.0016211 0.7084982 -0.0082587 0.7056624
105.881400 2.7707448 -0.3607659 10.4796762 0.0034349 0.7103969 -0.0075845 0.7037520
106.089900 2.8348119 -0.3631103 10.4785089 0.0055012 0.7146086 -0.0100003 0.6994315
106.298500 2.9014342 -0.3652908 10.4768667 0.0046570 0.7185265 -0.0117299 0.6953850
106.507000 2.9696457 -0.3680647 10.4734669 0.0055693 0.7224160 -0.0100937 0.6913625
106.715500 3.0394075 -0.3700563 10.4702396 0.0046669 0.7266315 -0.0110415 0.6869228
106.924000 3.1111434 -0.3726429 10.4657059 0.0033508 0.7303780 -0.0085971 0.6829808
107.132400 3.1849163 -0.3748536 10.4600325 0.0054409 0.7342634 -0.0089394 0.6787840
107.340700 3.2613623 -0.3772734 10.4534454 0.0086195 0.7373862 -0.0089360 0.6753573
107.549200 3.3397489 -0.3794126 10.4456711 0.0087779 0.7402507 -0.0058844 0.6722479
107.757500 3.4224350 -0.3821672 10.4374504 0.0082744 0.7419511 -0.0022653 0.6703991
107.965800 3.5064988 -0.3842504 10.4289074 0.0091576 0.7425568 -0.0001349 0.6697205
108.174000 3.5934560 -0.3866465 10.4201965 0.0125224 0.7423174 -0.0001422 0.6699314
108.382200 3.6833906 -0.3891219 10.4113092 0.0155681 0.7414301 0.0023694 0.6708453
108.590400 3.7762561 -0.3918542 10.4020844 0.0178180 0.7387481 0.0057707 0.6737214
108.798500 3.8713596 -0.3941818 10.3944063 0.0180846 0.7355289 0.0080647 0.6772038
109.006700 3.9688227 -0.3969534 10.3876553 0.0187157 0.7323313 0.0067981 0.6806574
109.214800 4.0685720 -0.3993987 10.3814716 0.0186013 0.7287333 0.0081036 0.6844970
109.423000 4.1688867 -0.4027195 10.3764362 0.0195098 0.7259820 0.0056909 0.6874133
109.631400 4.2695990 -0.4062557 10.3721609 0.0232387 0.7248344 0.0019665 0.6885282
109.839600 4.3717585 -0.4103756 10.3673592 0.0207766 0.7239459 0.0062269 0.6895157
110.047800 4.4741764 -0.4137019 10.3625870 0.0196723 0.7231627 0.0101876 0.6903223
110.256100 4.5753760 -0.4168824 10.3585081 0.0189616 0.7227412 0.0101790 0.6907836
110.465500 4.6769972 -0.4198973 10.3544073 0.0211889 0.7220121 0.0076714 0.6915134
110.672600 4.7784934 -0.4235708 10.3511524 0.0202516 0.7213381 0.0086588 0.6922328
110.881000 4.8798308 -0.4270392 10.3479156 0.0213613 0.7200199 0.0059414 0.6935990
111.089200 4.9800129 -0.4303640 10.3452415 0.0205601 0.7182747 0.0068085 0.6954224
111.297500 5.0794253 -0.4337079 10.3434172 0.0179909 0.7164751 0.0084306 0.6973297
111.505700 5.1785140 -0.4369349 10.3418760 0.0175039 0.7149356 0.0068109 0.6989380
111.714100 5.2765322 -0.4402995 10.3411131 0.0126161 0.7137896 0.0050512 0.7002283
111.922300 5.3742294 -0.4432985 10.3402119 0.0109247 0.7136065 0.0022169 0.7004580
112.130600 5.4704123 -0.4468803 10.3391104 0.0128861 0.7138603 -0.0007252 0.7001691
112.338800 5.5656323 -0.4502456 10.3377924 0.0156347 0.7139286 -0.0011878 0.7000429
112.547100 5.6602912 -0.4539280 10.3367701 0.0115211 0.7148879 0.0003590 0.6991441
112.755500 5.7533512 -0.4572958 10.3345976 0.0094925 0.7162137 -0.0005773 0.6978163
112.964100 5.8458247 -0.4601182 10.3326893 0.0082568 0.7188004 -0.0014043 0.6951661
113.172100 5.9370441 -0.4629911 10.3296270 0.0073173 0.7216749 -0.0019528 0.6921906
113.380300 6.0287824 -0.4662590 10.3262320 0.0069408 0.7244349 -0.0045383 0.6892934
113.588800 6.1194072 -0.4689843 10.3215914 0.0083794 0.7282792 -0.0039348 0.6852180
113.797100 6.2106395 -0.4721899 10.3155746 0.0074822 0.7336895 -0.0034820 0.6794348
114.005500 6.3010139 -0.4749636 10.3077660 0.0058364 0.7398498 -0.0008991 0.6727462
114.213900 6.3916631 -0.4771868 10.2984276 0.0047469 0.7460996 -0.0013823 0.6658159
114.423500 6.4822493 -0.4791887 10.2870016 0.0055279 0.7521982 -0.0002622 0.6589137
114.735000 6.6174574 -0.4829600 10.2667885 0.0080984 0.7623931 0.0004974 0.6470634
115.047500 6.7523384 -0.4863614 10.2417278 0.0130690 0.7720927 0.0033596 0.6353666
115.359900 6.8872991 -0.4899055 10.2127924 0.0185396 0.7760565 0.0090349 0.6303260
115.568000 6.9767232 -0.4927071 10.1939783 0.0235396 0.7755225 0.0105211 0.6307931
115.775900 7.0665312 -0.4952599 10.1758718 0.0266194 0.7723803 0.0134521 0.6344597
115.983800 7.1564302 -0.4977306 10.1587248 0.0261822 0.7680650 0.0200671 0.6395217
116.191900 7.2461538 -0.4999818 10.1432791 0.0287544 0.7646729 0.0203794 0.6434542
116.295900 7.2908220 -0.5010297 10.1353559 0.0310990 0.7626079 0.0186535 0.6458437
116.504000 7.3800921 -0.5042096 10.1218061 0.0325344 0.7588739 0.0171597 0.6501980
116.712100 7.4699345 -0.5071448 10.1092310 0.0293971 0.7542856 0.0189567 0.6556140
116.920200 7.5592184 -0.5099354 10.0977764 0.0294480 0.7502542 0.0193108 0.6602110
117.128700 7.6471238 -0.5129609 10.0873184 0.0310597 0.7484809 0.0169414 0.6622119
117.441200 7.7749033 -0.5171879 10.0720320 0.0291581 0.7478618 0.0213747 0.6628693
117.649600 7.8568020 -0.5195256 10.0627480 0.0270928 0.7474890 0.0238626 0.6632923
117.962300 7.9749880 -0.5225542 10.0485954 0.0316175 0.7471705 0.0187513 0.6636150
118.170700 8.0540848 -0.5250561 10.0397472 0.0311346 0.7474982 0.0185778 0.6632738
118.379200 8.1329679 -0.5271880 10.0302057 0.0295433 0.7484039 0.0220575 0.6622177
118.587700 8.2119484 -0.5292314 10.0204124 0.0292462 0.7493342 0.0265367 0.6610134
118.796200 8.2901878 -0.5312281 10.0110979 0.0329616 0.7500771 0.0241223 0.6600879
119.005100 8.3674297 -0.5330154 10.0010290 0.0367250 0.7487602 0.0219633 0.6614583
119.212900 8.4443884 -0.5357102 9.9924603 0.0335660 0.7463237 0.0240741 0.6643001
119.421900 8.5197048 -0.5376352 9.9852467 0.0313921 0.7435287 0.0237947 0.6675429
119.629500 8.5947628 -0.5400420 9.9777327 0.0320077 0.7410374 0.0223143 0.6703291
119.837900 8.6697683 -0.5420374 9.9708967 0.0330474 0.7389066 0.0222061 0.6726305
120.046300 8.7437420 -0.5439983 9.9644976 0.0296346 0.7375841 0.0252152 0.6741332
120.254600 8.8151083 -0.5460466 9.9585848 0.0295150 0.7369428 0.0228767 0.6749228
120.463100 8.8847103 -0.5477858 9.9531765 0.0291907 0.7369202 0.0177343 0.6751162
120.671400 8.9520807 -0.5499653 9.9482183 0.0253377 0.7372742 0.0176229 0.6748883
120.984100 9.0453405 -0.5527394 9.9404669 0.0222129 0.7375568 0.0193099 0.6746434
121.400800 9.1532583 -0.5560152 9.9323597 0.0256474 0.7369261 0.0154571 0.6753097
121.817900 9.2437172 -0.5594954 9.9254265 0.0253247 0.7374596 0.0120870 0.6748081
122.238500 9.3279572 -0.5629961 9.9174261 0.0263919 0.7436197 0.0103629 0.6680014
122.548000 9.3851871 -0.5651120 9.9101076 0.0270969 0.7487186 0.0126998 0.6622122
123.069400 9.4625578 -0.5679768 9.8988533 0.0290239 0.7553379 0.0117143 0.6545877
123.591600 9.5349455 -0.5704589 9.8868198 0.0287849 0.7640609 0.0131824 0.6443668
123.903600 9.5767069 -0.5721079 9.8784628 0.0291634 0.7717138 0.0114722 0.6351973
124.112400 9.6050577 -0.5730248 9.8718023 0.0295144 0.7795436 0.0098736 0.6255743
124.321000 9.6337929 -0.5737683 9.8638039 0.0293197 0.7889183 0.0079626 0.6137466
124.738300 9.6944847 -0.5760173 9.8443966 0.0271792 0.8100784 0.0059364 0.5856612
124.947000 9.7262421 -0.5772309 9.8321314 0.0276864 0.8229190 0.0042772 0.5674676
125.155700 9.7596474 -0.5784178 9.8172417 0.0248173 0.8374341 0.0015708 0.5459724
125.364500 9.7938795 -0.5797426 9.7991552 0.0224350 0.8530336 0.0003509 0.5213734
125.573000 9.8291721 -0.5809637 9.7773762 0.0219561 0.8694168 0.0020414 0.4935871
125.781800 9.8650007 -0.5821280 9.7518663 0.0203681 0.8859330 0.0032854 0.4633542
125.990400 9.9001303 -0.5827458 9.7222767 0.0206449 0.9020275 0.0038389 0.4311676
126.198900 9.9347773 -0.5837167 9.6887188 0.0193317 0.9175718 0.0056718 0.3970594
126.408300 9.9683838 -0.5841120 9.6510983 0.0174332 0.9320099 0.0056498 0.3619693
126.616000 9.9997559 -0.5844523 9.6093750 0.0172789 0.9451542 0.0057818 0.3261158
126.824500 10.0298662 -0.5848272 9.5638590 0.0183550 0.9565802 0.0054054 0.2908405
127.032900 10.0577774 -0.5857261 9.5136776 0.0187429 0.9661660 0.0059790 0.2571695
127.241400 10.0834913 -0.5856927 9.4595041 0.0162146 0.9749005 0.0070190 0.2219386
127.449800 10.1064796 -0.5857208 9.4005947 0.0177414 0.9825478 0.0123257 0.1847516
127.658400 10.1256580 -0.5855702 9.3383846 0.0155875 0.9890361 0.0156697 0.1460101
127.867100 10.1394300 -0.5846015 9.2730293 0.0177920 0.9940181 0.0154912 0.1066376
128.075400 10.1484156 -0.5832478 9.2047710 0.0215387 0.9974496 0.0140521 0.0665800
128.283700 10.1526985 -0.5825249 9.1350517 0.0224176 0.9992794 0.0091927 0.0292162
128.492100 10.1516733 -0.5817879 9.0631828 0.0255813 0.9996444 0.0071708 -0.0022999
128.700300 10.1476555 -0.5815502 8.9892015 0.0262086 0.9991577 0.0099738 -0.0299585
128.908300 10.1399736 -0.5807394 8.9143524 0.0261049 0.9982152 0.0113644 -0.0524952
129.116400 10.1292791 -0.5794072 8.8376656 0.0243325 0.9970027 0.0140948 -0.0720751
129.324500 10.1154823 -0.5772122 8.7580252 0.0226971 0.9952796 0.0192478 -0.0923736
129.532700 10.0982990 -0.5752164 8.6783533 0.0188227 0.9933125 0.0232189 -0.1115209
129.844800 10.0669088 -0.5712650 8.5578680 0.0161047 0.9907620 0.0159778 -0.1337013
130.156900 10.0292387 -0.5675920 8.4333181 0.0182034 0.9887400 0.0155251 -0.1477186
130.365000 10.0026379 -0.5660361 8.3495884 0.0224885 0.9877825 0.0146566 -0.1535096
130.573100 9.9757214 -0.5643673 8.2649870 0.0228170 0.9871741 0.0137803 -0.1574064
130.784300 9.9480028 -0.5625625 8.1805954 0.0246094 0.9868782 0.0130399 -0.1590466
130.989400 9.9193954 -0.5612179 8.0944433 0.0270848 0.9870887 0.0133694 -0.1573005
131.197300 9.8919764 -0.5597541 8.0088158 0.0302454 0.9876558 0.0138803 -0.1530638
131.405400 9.8664541 -0.5579491 7.9231024 0.0309943 0.9885417 0.0149549 -0.1469730
131.613500 9.8419409 -0.5567570 7.8369117 0.0310088 0.9894880 0.0152820 -0.1404223
131.821600 9.8188210 -0.5547585 7.7514877 0.0319219 0.9903582 0.0149006 -0.1339757
132.029800 9.7974701 -0.5531806 7.6676126 0.0312328 0.9911076 0.0158242 -0.1283740
132.238000 9.7774229 -0.5515559 7.5864763 0.0308475 0.9916498 0.0170976 -0.1240436
132.448000 9.7588835 -0.5501839 7.5091333 0.0296211 0.9918853 0.0173478 -0.1224141
132.654900 9.7410955 -0.5486608 7.4353132 0.0286861 0.9919381 0.0166762 -0.1223021
132.865500 9.7239876 -0.5473893 7.3655534 0.0282156 0.9918216 0.0170350 -0.1233025
133.072500 9.7067852 -0.5459576 7.3001900 0.0281658 0.9914756 0.0169109 -0.1260830
133.280500 9.6909342 -0.5450701 7.2385144 0.0273050 0.9908581 0.0169565 -0.1310230
133.489200 9.6737909 -0.5444969 7.1787653 0.0265534 0.9898755 0.0165586 -0.1384456
133.802200 9.6472464 -0.5417984 7.0912352 0.0257008 0.9867656 0.0165598 -0.1592450
134.115500 9.6152325 -0.5409699 7.0120912 0.0258080 0.9805627 0.0167289 -0.1937802
134.429100 9.5765076 -0.5390906 6.9397869 0.0224286 0.9686975 0.0154321 -0.2467466
134.638300 9.5464706 -0.5381918 6.8964367 0.0226865 0.9568652 0.0130823 -0.2893496
134.847300 9.5129175 -0.5367485 6.8575182 0.0227426 0.9418303 0.0117049 -0.3351141
135.056400 9.4757175 -0.5354819 6.8223743 0.0212698 0.9230530 0.0136768 -0.3838406
135.265300 9.4356155 -0.5342615 6.7918139 0.0185906 0.9013527 0.0159095 -0.4323940
135.473900 9.3926182 -0.5324771 6.7670302 0.0193088 0.8773841 0.0164975 -0.4791159
135.682600 9.3454895 -0.5306390 6.7452302 -0.0163802 -0.8509497 -0.0192958 0.5246370
135.891300 9.2957172 -0.5283885 6.7281342 -0.0152019 -0.8228595 -0.0212646 0.5676433
136.204000 9.2153864 -0.5253701 6.7103033 -0.0136702 -0.7809073 -0.0225382 0.6240906
136.517700 9.1283035 -0.5225791 6.7003450 -0.0173003 -0.7466804 -0.0261337 0.6644441
136.828000 9.0350885 -0.5190014 6.6950512 -0.0126355 -0.7214943 -0.0263295 0.6918043
137.243700 8.8987646 -0.5126253 6.6955023 -0.0087750 -0.7004779 -0.0274964 0.7130902
137.659600 8.7488232 -0.5065926 6.7032423 -0.0085765 -0.6847259 -0.0280902 0.7282086
140.158400 7.6256166 -0.4635565 6.7880955 -0.0047676 -0.6718540 -0.0327375 0.7399445
150.887800 2.2997234 -0.2779064 7.2259059 -0.0072518 -0.6776839 -0.0284272 0.7347679
157.242100 -0.5785519 -0.1772451 7.3403268 -0.0095158 -0.6568026 -0.0285253 0.7534628
157.658800 -0.7000428 -0.1733206 7.3582892 -0.0159727 -0.6544494 -0.0234968 0.7555718
158.179400 -0.8357663 -0.1683143 7.3759003 -0.0216919 -0.6620719 -0.0206535 0.7488416
158.804400 -0.9663010 -0.1636309 7.3889976 -0.0203943 -0.6721271 -0.0178396 0.7399399
159.221300 -1.0299629 -0.1618105 7.3938699 -0.0183753 -0.6773545 -0.0171715 0.7352268
159.846600 -1.0979357 -0.1601171 7.3977199 -0.0152422 -0.6824221 -0.0165656 0.7306116
160.472200 -1.1531909 -0.1588395 7.4003940 -0.0134348 -0.6867670 -0.0144472 0.7266098
160.889200 -1.1896094 -0.1578909 7.4018974 -0.0158131 -0.6897162 -0.0135816 0.7237797
161.306000 -1.2266307 -0.1570496 7.4021411 -0.0113603 -0.6937163 -0.0159536 0.7199820
161.722800 -1.2739122 -0.1562498 7.4025245 -0.0077108 -0.6986962 -0.0147833 0.7152241
162.035400 -1.3182701 -0.1550854 7.4024582 -0.0047874 -0.7021415 -0.0132435 0.7118982
162.452400 -1.3924999 -0.1535401 7.4021373 -0.0003447 -0.7018396 -0.0165591 0.7121425
162.869300 -1.4840680 -0.1506293 7.4032311 -0.0061622 -0.7000917 -0.0238953 0.7136264
163.182100 -1.5606997 -0.1485439 7.4060388 -0.0160586 -0.6994746 -0.0170356 0.7142739
163.494700 -1.6461143 -0.1447515 7.4068308 -0.0151261 -0.7012619 -0.0156417 0.7125716
163.807300 -1.7399088 -0.1413771 7.4078074 -0.0194592 -0.7040941 -0.0127143 0.7097262
164.119900 -1.8399286 -0.1382723 7.4061661 -0.0076106 -0.7061774 -0.0068934 0.7079605
164.432600 -1.9488389 -0.1361972 7.4046144 -0.0151336 -0.7068959 -0.0107195 0.7070744
164.745400 -2.0619168 -0.1332457 7.4030442 -0.0093030 -0.7083839 -0.0097650 0.7056984
165.058000 -2.1840465 -0.1306387 7.4011321 -0.0113420 -0.7088557 -0.0138127 0.7051270
165.370800 -2.3093345 -0.1278768 7.3993545 -0.0136289 -0.7089360 -0.0156990 0.7049664
165.683600 -2.4415305 -0.1246513 7.3976746 -0.0102858 -0.7073093 -0.0152838 0.7066641
165.892000 -2.5320446 -0.1223943 7.3965387 -0.0115982 -0.7058210 -0.0168395 0.7080951
166.100600 -2.6237135 -0.1196623 7.3959632 -0.0122634 -0.7044783 -0.0164264 0.7094294
166.308900 -2.7174888 -0.1174371 7.3958545 -0.0128989 -0.7038676 -0.0152572 0.7100502
166.517400 -2.8119085 -0.1149461 7.3955383 -0.0127269 -0.7039196 -0.0149506 0.7100082
166.725700 -2.9076059 -0.1127725 7.3950620 -0.0128412 -0.7042823 -0.0163563 0.7096154
166.934000 -3.0035515 -0.1102821 7.3947811 -0.0107877 -0.7048861 -0.0154202 0.7090709
167.142500 -3.1003056 -0.1082496 7.3938069 -0.0113222 -0.7050117 -0.0181145 0.7088739
167.351000 -3.1981490 -0.1056582 7.3932657 -0.0128451 -0.7047896 -0.0178104 0.7090764
167.455000 -3.2468634 -0.1045656 7.3931928 -0.0138826 -0.7046204 -0.0180816 0.7092182
167.663200 -3.3450320 -0.1018903 7.3923244 -0.0147436 -0.7041903 -0.0184532 0.7096183
167.767400 -3.3940215 -0.1003737 7.3919649 -0.0138705 -0.7041253 -0.0186959 0.7096940
167.871500 -3.4424591 -0.0988364 7.3914070 -0.0123121 -0.7039096 -0.0192615 0.7099216
167.975600 -3.4911373 -0.0977452 7.3910284 -0.0107059 -0.7036727 -0.0187111 0.7101972
168.079800 -3.5400190 -0.0962386 7.3905945 -0.0088546 -0.7035862 -0.0196737 0.7102823
168.183900 -3.5895071 -0.0950247 7.3900294 -0.0090576 -0.7034444 -0.0223322 0.7103416
168.392100 -3.6886511 -0.0917009 7.3898954 -0.0142209 -0.7033392 -0.0276114 0.7101756
168.600500 -3.7864337 -0.0877067 7.3890290 -0.0104632 -0.7032239 -0.0262280 0.7104075
168.808900 -3.8836036 -0.0848049 7.3889065 -0.0061831 -0.7027772 -0.0214710 0.7110591
169.017300 -3.9816430 -0.0827857 7.3895130 -0.0077213 -0.7025558 -0.0216574 0.7112571
169.225900 -4.0797305 -0.0800611 7.3899717 -0.0096495 -0.7024482 -0.0207336 0.7113674
169.434000 -4.1782608 -0.0776545 7.3895917 -0.0092818 -0.7026229 -0.0186614 0.7112571
169.642300 -4.2766676 -0.0751918 7.3896518 -0.0104175 -0.7031850 -0.0185067 0.7106897
169.850700 -4.3746777 -0.0725422 7.3896294 -0.0140411 -0.7035233 -0.0204846 0.7102382
170.059000 -4.4723091 -0.0693528 7.3889499 -0.0103564 -0.7039859 -0.0184208 0.7098995
170.267400 -4.5683875 -0.0669706 7.3892107 -0.0086807 -0.7044147 -0.0187861 0.7094869
170.580000 -4.7135549 -0.0633765 7.3888664 -0.0114391 -0.7048404 -0.0215848 0.7089451
170.788300 -4.8100419 -0.0602549 7.3881960 -0.0083702 -0.7056651 -0.0217873 0.7081610
171.100700 -4.9558473 -0.0565410 7.3865438 -0.0055006 -0.7079213 -0.0222255 0.7059201
171.308900 -5.0527883 -0.0539307 7.3857069 -0.0074470 -0.7100794 -0.0195931 0.7038096
171.517300 -5.1493073 -0.0518571 7.3841348 -0.0049146 -0.7116953 -0.0164921 0.7022775
171.725500 -5.2467985 -0.0505141 7.3815989 -0.0053511 -0.7132794 -0.0180119 0.7006279
171.933900 -5.3442545 -0.0485883 7.3786674 -0.0083881 -0.7145735 -0.0216389 0.6991753
172.142500 -5.4410272 -0.0460029 7.3753533 -0.0078057 -0.7160853 -0.0199853 0.6976830
172.351200 -5.5376391 -0.0440599 7.3716044 -0.0058573 -0.7178143 -0.0165574 0.6960131
172.558700 -5.6346245 -0.0423843 7.3674755 -0.0067138 -0.7196225 -0.0175983 0.6941100
172.766900 -5.7316895 -0.0405968 7.3624439 -0.0070933 -0.7212679 -0.0188637 0.6923630
172.975200 -5.8288569 -0.0383736 7.3567576 -0.0069387 -0.7228338 -0.0188742 0.6907293
173.183400 -5.9270458 -0.0362936 7.3514643 -0.0068954 -0.7247254 -0.0167265 0.6888003
173.391600 -6.0241585 -0.0348196 7.3448620 -0.0076423 -0.7259982 -0.0161795 0.6874638
173.599900 -6.1199365 -0.0330887 7.3386397 -0.0078924 -0.7272412 -0.0143476 0.6861867
174.016400 -6.3127298 -0.0294335 7.3256493 -0.0107138 -0.7294896 -0.0143233 0.6837580
174.329000 -6.4580259 -0.0266411 7.3143921 -0.0100929 -0.7306767 -0.0129597 0.6825261
174.641400 -6.6037798 -0.0238506 7.3034344 -0.0117967 -0.7314882 -0.0117045 0.6816516
174.849700 -6.7008715 -0.0224599 7.2962470 -0.0144247 -0.7313198 -0.0105740 0.6818001
175.058000 -6.7978539 -0.0209142 7.2886214 -0.0117618 -0.7313433 -0.0085912 0.6818540
175.266300 -6.8949304 -0.0195918 7.2805362 -0.0092336 -0.7310414 -0.0114688 0.6821743
175.474500 -6.9922328 -0.0181616 7.2728782 -0.0114489 -0.7312804 -0.0130775 0.6818554
175.682800 -7.0889931 -0.0160878 7.2647638 -0.0114503 -0.7315256 -0.0141372 0.6815712
175.891100 -7.1855803 -0.0144562 7.2575607 -0.0094196 -0.7321103 -0.0135508 0.6809862
176.099300 -7.2820544 -0.0124199 7.2490215 -0.0077011 -0.7320650 -0.0147321 0.6810319
176.307600 -7.3788033 -0.0110494 7.2408428 -0.0078688 -0.7320002 -0.0157652 0.6810765
176.515700 -7.4767666 -0.0089956 7.2337575 -0.0088251 -0.7318240 -0.0144119 0.6812841
176.723900 -7.5732336 -0.0075483 7.2256918 -0.0094138 -0.7317243 -0.0137862 0.6813963
176.932200 -7.6700978 -0.0060616 7.2178397 -0.0074778 -0.7317055 -0.0121540 0.6814715
177.140500 -7.7667704 -0.0047373 7.2098689 -0.0086129 -0.7316168 -0.0148060 0.6815009
177.348600 -7.8633070 -0.0029785 7.2023740 -0.0108693 -0.7318384 -0.0122560 0.6812813
177.556900 -7.9601555 -0.0014327 7.1948647 -0.0124216 -0.7322559 -0.0113787 0.6808212
177.764900 -8.0563908 0.0000790 7.1865449 -0.0113396 -0.7322794 -0.0107288 0.6808254
177.973600 -8.1530046 0.0015419 7.1784039 -0.0138780 -0.7321784 -0.0134460 0.6808388
178.181400 -8.2488632 0.0034129 7.1708302 -0.0154257 -0.7320843 -0.0117227 0.6809385
178.389700 -8.3426752 0.0046241 7.1624427 -0.0079093 -0.7315331 -0.0070563 0.6817236
178.598000 -8.4377785 0.0051802 7.1548100 -0.0125127 -0.7311945 -0.0104117 0.6819748
178.806200 -8.5317602 0.0072114 7.1469154 -0.0166532 -0.7307589 -0.0137733 0.6822935
179.014500 -8.6244173 0.0087248 7.1396217 -0.0140385 -0.7305503 -0.0086394 0.6826599
179.222700 -8.7161169 0.0094174 7.1323729 -0.0136058 -0.7310005 -0.0030002 0.6822347
179.430800 -8.8090467 0.0111339 7.1258755 -0.0270270 -0.7311326 -0.0106455 0.6816167
179.638900 -8.8994207 0.0137779 7.1187487 -0.0243068 -0.7309839 -0.0122271 0.6818521
179.847200 -8.9871693 0.0151698 7.1114454 -0.0140860 -0.7312625 -0.0062589 0.6819220
180.055500 -9.0751171 0.0163524 7.1042533 -0.0148453 -0.7314523 -0.0086625 0.6816760
180.159600 -9.1190968 0.0172611 7.1008306 -0.0175456 -0.7315729 -0.0128913 0.6814154
180.367800 -9.2052116 0.0194817 7.0935149 -0.0194475 -0.7317876 -0.0161106 0.6810647
180.576000 -9.2901506 0.0215805 7.0869055 -0.0193942 -0.7322744 -0.0141179 0.6805871
180.784300 -9.3738642 0.0234225 7.0795727 -0.0170988 -0.7321087 -0.0103815 0.6808940
180.992700 -9.4566736 0.0246111 7.0730410 -0.0181997 -0.7313061 -0.0107777 0.6817213
181.201300 -9.5390873 0.0263024 7.0669699 -0.0149639 -0.7304719 -0.0096834 0.6827101
181.409200 -9.6197205 0.0278040 7.0607243 -0.0138870 -0.7300264 -0.0104068 0.6831986
181.513300 -9.6599483 0.0283126 7.0576549 -0.0149971 -0.7301279 -0.0109915 0.6830574
181.617500 -9.6997271 0.0290434 7.0544534 -0.0153301 -0.7303507 -0.0117896 0.6827986
181.825600 -9.7789869 0.0299894 7.0480461 -0.0138068 -0.7317778 -0.0116419 0.6813040
182.033900 -9.8576040 0.0316736 7.0408950 -0.0132217 -0.7339836 -0.0124474 0.6789244
182.241800 -9.9350271 0.0331452 7.0334215 -0.0155031 -0.7367879 -0.0135568 0.6758102
182.554000 -10.0491085 0.0351236 7.0208788 -0.0149753 -0.7420000 -0.0095741 0.6701642
182.762300 -10.1240063 0.0365709 7.0112877 -0.0165174 -0.7460455 -0.0086462 0.6656340
182.970500 -10.1988792 0.0382284 7.0004215 -0.0188504 -0.7504939 -0.0121475 0.6604968
183.283100 -10.3082409 0.0410832 6.9835463 -0.0147452 -0.7560542 -0.0096990 0.6542710
183.491500 -10.3804665 0.0424290 6.9708982 -0.0115075 -0.7571147 -0.0149332 0.6530098
183.700300 -10.4515858 0.0436464 6.9588156 -0.0095460 -0.7566907 -0.0189803 0.6534277
183.908700 -10.5225887 0.0454786 6.9477272 -0.0098174 -0.7559649 -0.0208923 0.6542050
184.117400 -10.5915804 0.0472406 6.9363074 -0.0061856 -0.7542039 -0.0237508 0.6561814
184.326100 -10.6579647 0.0489571 6.9262333 -0.0022152 -0.7495948 -0.0258691 0.6613876
184.430300 -10.6908255 0.0497036 6.9218082 -0.0009862 -0.7453936 -0.0278129 0.6660434
184.534700 -10.7228804 0.0503010 6.9179411 -0.0000054 -0.7409412 -0.0292031 0.6709347
184.743300 -10.7844810 0.0521290 6.9122176 -0.0000545 -0.7322903 -0.0286756 0.6803886
184.951900 -10.8425598 0.0531978 6.9087005 -0.0004997 -0.7236504 -0.0294208 0.6895392
185.264800 -10.9263983 0.0547864 6.9057703 -0.0012006 -0.7087469 -0.0308233 0.7047881
185.473400 -10.9799337 0.0561446 6.9061503 -0.0009618 -0.6981853 -0.0303378 0.7152733
185.681900 -11.0322065 0.0572556 6.9086790 -0.0016549 -0.6875161 -0.0285323 0.7256065
185.994600 -11.1064358 0.0588482 6.9150867 -0.0008628 -0.6710753 -0.0253919 0.7409538
186.203000 -11.1529799 0.0593854 6.9207258 -0.0015286 -0.6601754 -0.0242250 0.7507192
186.411400 -11.1981506 0.0601024 6.9270825 -0.0037120 -0.6499550 -0.0235424 0.7595989
186.619800 -11.2411156 0.0606034 6.9339695 -0.0040232 -0.6407550 -0.0243738 0.7673479
186.828000 -11.2821350 0.0611376 6.9417758 -0.0056676 -0.6351228 -0.0219810 0.7720775
187.036100 -11.3212481 0.0614719 6.9491191 -0.0081985 -0.6335127 -0.0201902 0.7734254
187.244300 -11.3587236 0.0623174 6.9556761 -0.0090701 -0.6350990 -0.0199125 0.7721208
187.452300 -11.3944769 0.0631296 6.9610763 -0.0103114 -0.6404730 -0.0190805 0.7676744
187.764200 -11.4438963 0.0639742 6.9663553 -0.0124240 -0.6572182 -0.0172917 0.7533996
188.179900 -11.5026217 0.0659106 6.9681544 -0.0154801 -0.6917281 -0.0161099 0.7218124
188.491800 -11.5412130 0.0669260 6.9635310 -0.0133209 -0.7263963 -0.0188711 0.6868879
188.803700 -11.5759745 0.0673592 6.9550185 -0.0091336 -0.7636085 -0.0165815 0.6454019
189.115800 -11.6095295 0.0682349 6.9429889 -0.0079067 -0.7977034 -0.0172917 0.6027502
189.324100 -11.6304760 0.0690400 6.9323435 -0.0035065 -0.8185123 -0.0194801 0.5741479
189.532400 -11.6511259 0.0695685 6.9205065 0.0007138 -0.8376417 -0.0224447 0.5457583
189.740600 -11.6710854 0.0700474 6.9079733 -0.0007120 -0.8546523 -0.0259769 0.5185500
190.053200 -11.6991920 0.0710534 6.8870487 -0.0024580 0.8772990 0.0272106 -0.4791660
190.261700 -11.7173634 0.0721247 6.8717031 -0.0057578 0.8882089 0.0309053 -0.4583631
190.470300 -11.7357349 0.0728117 6.8559141 -0.0082438 0.8975025 0.0284841 -0.4400114
190.678900 -11.7537651 0.0727707 6.8399057 -0.0035863 0.9050438 0.0255787 -0.4245333
190.887500 -11.7717018 0.0738346 6.8231125 -0.0028909 0.9125853 0.0208065 -0.4083463
191.304400 -11.8071003 0.0754274 6.7851243 -0.0003981 0.9276259 0.0168705 -0.3731293
191.512700 -11.8242273 0.0757140 6.7634649 0.0034906 0.9367018 0.0193080 -0.3495779
191.723100 -11.8407135 0.0764161 6.7398071 0.0051542 0.9458231 0.0192409 -0.3240709
191.929600 -11.8563766 0.0769968 6.7139273 0.0054930 0.9548692 0.0204955 -0.2962677
192.137900 -11.8716116 0.0781359 6.6853485 0.0080090 0.9637390 0.0184627 -0.2660867
192.345600 -11.8852024 0.0793996 6.6541963 0.0065496 0.9721350 0.0154982 -0.2338170
192.553800 -11.8980646 0.0806561 6.6191058 0.0046759 0.9795998 0.0157150 -0.2002884
192.762500 -11.9111977 0.0816035 6.5799732 0.0095787 0.9850088 0.0161337 -0.1714806
192.970700 -11.9232969 0.0825789 6.5366883 0.0066251 0.9885137 0.0173248 -0.1499886
193.179500 -11.9360876 0.0840703 6.4893780 0.0067727 0.9901593 0.0182626 -0.1385824
193.388000 -11.9501057 0.0859506 6.4372826 0.0139546 0.9918545 0.0170839 -0.1254508
193.596300 -11.9623013 0.0872291 6.3809905 0.0154808 0.9937504 0.0143662 -0.1096087
193.804800 -11.9738979 0.0897265 6.3186378 0.0180256 0.9953306 0.0151044 -0.0936163
194.013300 -11.9845095 0.0915374 6.2508020 0.0197804 0.9965580 0.0171915 -0.0786465
194.221800 -11.9936781 0.0940581 6.1783705 0.0195731 0.9974564 0.0146681 -0.0669509
194.430500 -12.0023127 0.0961469 6.1015320 0.0199552 0.9979005 0.0146219 -0.0598550
194.639200 -12.0114279 0.0981860 6.0192995 0.0199567 0.9981292 0.0154642 -0.0556834
194.847700 -12.0204954 0.1005678 5.9329548 0.0199283 0.9982567 0.0149117 -0.0535165
195.056300 -12.0300436 0.1030234 5.8420725 0.0221980 0.9982931 0.0158243 -0.0516503
195.264800 -12.0385141 0.1056802 5.7483120 0.0247164 0.9982780 0.0171986 -0.0503430
195.473300 -12.0480471 0.1088006 5.6487303 0.0254064 0.9983902 0.0143751 -0.0486307
195.681900 -12.0569887 0.1111236 5.5450778 0.0236176 0.9985155 0.0135434 -0.0471758
195.890200 -12.0660639 0.1135932 5.4378643 0.0236980 0.9985161 0.0168116 -0.0460570
196.098500 -12.0758171 0.1170283 5.3299403 0.0262807 0.9984243 0.0227387 -0.0440592
196.307000 -12.0839062 0.1204145 5.2243552 0.0273641 0.9985046 0.0212646 -0.0422807
196.515400 -12.0919771 0.1231459 5.1167397 0.0254011 0.9986919 0.0194897 -0.0398676
196.723700 -12.0995350 0.1257105 5.0096822 0.0233187 0.9988201 0.0203372 -0.0374320
196.932000 -12.1061907 0.1283477 4.9028606 0.0229359 0.9989041 0.0208683 -0.0350581
197.140500 -12.1129417 0.1312291 4.7963715 0.0249911 0.9989419 0.0208268 -0.0325081
197.348800 -12.1186886 0.1339164 4.6910939 0.0241130 0.9990066 0.0215205 -0.0306804
197.557200 -12.1239433 0.1364282 4.5855289 0.0220408 0.9990953 0.0216381 -0.0292335
197.765600 -12.1296692 0.1391192 4.4809136 0.0215481 0.9991250 0.0217691 -0.0284783
197.973900 -12.1349773 0.1417643 4.3773217 0.0218154 0.9991691 0.0205053 -0.0276559
198.182200 -12.1400938 0.1445870 4.2738528 0.0229050 0.9991440 0.0217665 -0.0266996
198.390400 -12.1451235 0.1468740 4.1713681 0.0224278 0.9991867 0.0219774 -0.0252960
198.598700 -12.1490088 0.1499260 4.0700450 0.0210587 0.9992670 0.0215941 -0.0235703
198.806900 -12.1525984 0.1518329 3.9691591 0.0206368 0.9993072 0.0219878 -0.0218150
199.015000 -12.1565228 0.1541228 3.8679512 0.0201573 0.9994074 0.0193744 -0.0200821
199.223300 -12.1597404 0.1563291 3.7676187 0.0194960 0.9994054 0.0207427 -0.0194562
199.431800 -12.1629524 0.1589841 3.6679182 0.0194206 0.9993952 0.0217257 -0.0189774
199.744000 -12.1671658 0.1623603 3.5191948 0.0182702 0.9994400 0.0183098 -0.0212313
199.952500 -12.1709642 0.1646588 3.4210873 0.0175300 0.9993414 0.0192032 -0.0253106
200.265000 -12.1783924 0.1683716 3.2757020 0.0212245 0.9991257 0.0187259 -0.0307692
200.473300 -12.1844521 0.1713027 3.1781201 0.0202187 0.9989778 0.0232969 -0.0330432
200.681600 -12.1895828 0.1737554 3.0813892 0.0170694 0.9988558 0.0276784 -0.0350651
200.889800 -12.1949663 0.1760180 2.9863744 0.0143710 0.9990094 0.0217938 -0.0360395
201.098000 -12.2016935 0.1786370 2.8907251 0.0173874 0.9990392 0.0186490 -0.0356445
201.410600 -12.2111034 0.1823229 2.7449460 0.0183853 0.9989008 0.0242681 -0.0356415
201.618900 -12.2175121 0.1853737 2.6486387 0.0176844 0.9988697 0.0248884 -0.0364316
201.931300 -12.2267647 0.1899357 2.5067596 0.0186844 0.9989142 0.0232437 -0.0357905
202.139600 -12.2327681 0.1923378 2.4123006 0.0192937 0.9989386 0.0238878 -0.0343334
202.347900 -12.2371550 0.1951513 2.3174326 0.0179567 0.9989977 0.0245884 -0.0328101
202.660400 -12.2447376 0.1993054 2.1748126 0.0171680 0.9991070 0.0242520 -0.0300389
202.868700 -12.2486525 0.2019812 2.0807593 0.0162337 0.9991804 0.0239350 -0.0283221
203.077100 -12.2517185 0.2047790 1.9877121 0.0151658 0.9992274 0.0237223 -0.0274202
203.285500 -12.2560196 0.2068656 1.8961315 0.0141934 0.9992487 0.0244236 -0.0265343
203.598100 -12.2604208 0.2109173 1.7579274 0.0126489 0.9992567 0.0239201 -0.0274555
203.806500 -12.2642012 0.2132814 1.6684663 0.0114821 0.9992508 0.0236214 -0.0284256
204.015000 -12.2684469 0.2159384 1.5785257 0.0098555 0.9991693 0.0242460 -0.0312345
204.223400 -12.2732420 0.2189117 1.4885027 0.0103490 0.9990479 0.0247777 -0.0343825
204.536200 -12.2816238 0.2228241 1.3562101 0.0106081 0.9989181 0.0239229 -0.0384438
204.744700 -12.2872982 0.2254183 1.2696841 0.0104448 0.9988510 0.0239324 -0.0401857
204.953000 -12.2932339 0.2278427 1.1838628 0.0105390 0.9987779 0.0242434 -0.0417611
205.161200 -12.2994900 0.2302968 1.0977513 0.0109883 0.9987293 0.0237723 -0.0430566
205.369400 -12.3057842 0.2328912 1.0124586 0.0110533 0.9986857 0.0240358 -0.0438979
205.577700 -12.3111477 0.2360640 0.9264865 0.0121225 0.9987207 0.0245396 -0.0425178
205.785700 -12.3149433 0.2397667 0.8408608 0.0129771 0.9989243 0.0236631 -0.0377090
205.993700 -12.3191643 0.2425986 0.7554183 0.0134550 0.9992074 0.0235412 -0.0291417
206.201800 -12.3218508 0.2450353 0.6711174 0.0131600 0.9994363 0.0243318 -0.0190229
206.305800 -12.3220673 0.2464766 0.6285086 0.0131895 0.9995087 0.0247707 -0.0139562
206.513700 -12.3223763 0.2486231 0.5448488 0.0142199 0.9996151 0.0236744 -0.0026468
206.722100 -12.3196106 0.2520991 0.4616845 0.0149738 0.9996124 0.0213588 0.0097280
206.929800 -12.3152952 0.2541874 0.3777521 0.0169223 0.9992501 0.0228397 0.0262911
207.137600 -12.3078423 0.2559949 0.2944076 0.0178939 0.9985784 0.0208904 0.0456585
207.345600 -12.2964497 0.2579040 0.2111517 0.0170968 0.9974653 0.0209896 0.0658042
207.553700 -12.2818527 0.2597221 0.1279368 0.0172217 0.9958478 0.0209825 0.0868927
207.761600 -12.2638397 0.2612994 0.0453341 0.0176529 0.9936525 0.0200266 0.1092800
207.969500 -12.2414064 0.2629043 -0.0375910 0.0176888 0.9908672 0.0177237 0.1324961
208.073600 -12.2289162 0.2634070 -0.0787182 0.0175684 0.9892439 0.0176107 0.1441449
208.281600 -12.2002583 0.2648856 -0.1613524 0.0171212 0.9855590 0.0181687 0.1674822
208.489700 -12.1673841 0.2662432 -0.2440271 0.0189255 0.9812203 0.0192714 0.1909898
208.698000 -12.1298704 0.2672466 -0.3254099 0.0192598 0.9763232 0.0183140 0.2146779
208.905800 -12.0883417 0.2680920 -0.4060855 0.0177435 0.9712572 0.0194220 0.2365742
209.114100 -12.0425930 0.2691620 -0.4859176 0.0173826 0.9661401 0.0156683 0.2569545
209.322400 -11.9929295 0.2695257 -0.5656447 0.0163612 0.9611445 0.0146830 0.2751691
209.531200 -11.9394569 0.2699107 -0.6453929 0.0141290 0.9573655 0.0131977 0.2882318
209.739400 -11.8832874 0.2701227 -0.7259240 0.0115715 0.9549145 0.0124293 0.2963949
209.947900 -11.8251476 0.2703738 -0.8075476 0.0114338 0.9535131 0.0114941 0.3009150
210.156700 -11.7650671 0.2699669 -0.8902364 0.0113732 0.9527757 0.0096204 0.3033093
210.364800 -11.7046957 0.2693425 -0.9738970 0.0102277 0.9522946 0.0096237 0.3048567
210.574900 -11.6419401 0.2690680 -1.0595055 0.0099128 0.9522530 0.0102047 0.3049784
210.781700 -11.5805922 0.2682858 -1.1440635 0.0089096 0.9528861 0.0097210 0.3030415
211.094400 -11.4880009 0.2677636 -1.2744598 0.0065382 0.9553509 0.0103548 0.2952199
211.302700 -11.4287319 0.2677400 -1.3612142 0.0056915 0.9574009 0.0103540 0.2885204
211.615300 -11.3438120 0.2675847 -1.4918094 0.0056775 0.9609935 0.0107021 0.2763056
211.823900 -11.2891054 0.2676482 -1.5796938 0.0074992 0.9632040 0.0119176 0.2684025
212.031900 -11.2354603 0.2676679 -1.6682141 0.0119329 0.9644125 0.0126777 0.2638285
212.240100 -11.1829271 0.2675865 -1.7572782 0.0139073 0.9649125 0.0137041 0.2618445
212.448400 -11.1310520 0.2678832 -1.8453856 0.0156907 0.9653768 0.0141429 0.2600027
212.760400 -11.0544548 0.2677144 -1.9773583 0.0198596 0.9656206 0.0157520 0.2587168
212.968600 -11.0044689 0.2678667 -2.0629466 0.0221293 0.9657597 0.0154192 0.2580324
213.176800 -10.9547739 0.2677987 -2.1480980 0.0233187 0.9658696 0.0167409 0.2574332
213.384900 -10.9055519 0.2679765 -2.2333236 0.0249257 0.9659382 0.0175309 0.2569726
213.593100 -10.8572884 0.2684048 -2.3163502 0.0249181 0.9661239 0.0177722 0.2562573
213.801100 -10.8110037 0.2684443 -2.3960764 0.0253403 0.9656307 0.0187598 0.2579988
214.009100 -10.7666388 0.2686354 -2.4697309 0.0254963 0.9644470 0.0203919 0.2622520
214.217100 -10.7242155 0.2688085 -2.5385621 0.0266665 0.9626249 0.0194731 0.2688179
214.425200 -10.6830378 0.2689955 -2.6031475 0.0260150 0.9607157 0.0191606 0.2756475
214.633200 -10.6442108 0.2691411 -2.6622736 0.0247674 0.9589041 0.0196934 0.2819602
214.841300 -10.6075382 0.2689578 -2.7160661 0.0235323 0.9571900 0.0182408 0.2879250
215.052500 -10.5729818 0.2691755 -2.7658250 0.0228055 0.9554948 0.0178827 0.2935808
215.257800 -10.5404882 0.2690421 -2.8119261 0.0229033 0.9534706 0.0185107 0.3000441
215.466200 -10.5092430 0.2691775 -2.8540542 0.0236850 0.9506162 0.0183482 0.3089195
215.674000 -10.4787588 0.2687421 -2.8926919 0.0243265 0.9466847 0.0173904 0.3207707
215.882200 -10.4487572 0.2683469 -2.9286573 0.0244947 0.9421766 0.0157195 0.3338504
216.090300 -10.4186831 0.2679949 -2.9623981 0.0255138 0.9369236 0.0151978 0.3482704
216.402400 -10.3750734 0.2669537 -3.0065076 0.0270194 0.9263685 0.0153203 0.3753353
216.610300 -10.3471289 0.2662157 -3.0313435 0.0266650 0.9167420 0.0152675 0.3982964
216.923100 -10.3084974 0.2651167 -3.0590870 0.0211838 0.9004367 0.0109297 0.4343334
217.234800 -10.2743378 0.2637965 -3.0799632 0.0194316 0.8847520 0.0047840 0.4656323
217.547200 -10.2401390 0.2626745 -3.0972347 0.0172233 0.8659226 0.0039557 0.4998657
217.755500 -10.2168188 0.2619312 -3.1063318 0.0130794 0.8510594 0.0028452 0.5248987
217.963700 -10.1935501 0.2611180 -3.1141567 0.0108590 0.8357376 0.0022067 0.5490173
218.172000 -10.1695251 0.2604043 -3.1207104 0.0088039 0.8195918 -0.0003395 0.5728801
218.380200 -10.1437778 0.2599066 -3.1261833 0.0086289 0.8020191 -0.0018518 0.5972332
218.588500 -10.1160641 0.2589939 -3.1313663 0.0102012 0.7834625 -0.0020497 0.6213519
218.796700 -10.0853653 0.2580756 -3.1348944 0.0117508 0.7636113 -0.0033051 0.6455609
219.004900 -10.0518656 0.2571964 -3.1369581 0.0129916 0.7429514 -0.0043762 0.6692050
219.213100 -10.0157423 0.2561159 -3.1372082 0.0140098 0.7215537 -0.0053111 0.6921963
219.421400 -9.9759398 0.2552155 -3.1346054 0.0123864 0.7000355 -0.0074915 0.7139613
219.629700 -9.9316273 0.2540071 -3.1307359 0.0104972 0.6795773 -0.0053465 0.7335093
219.838100 -9.8837490 0.2523890 -3.1239338 0.0106774 0.6618676 -0.0030698 0.7495385
220.046600 -9.8318911 0.2511225 -3.1140642 0.0099150 0.6452534 -0.0028483 0.7638990
220.255100 -9.7761459 0.2503225 -3.1013749 0.0099787 0.6266927 -0.0028553 0.7791973
220.359200 -9.7467098 0.2495531 -3.0938089 0.0099843 0.6165377 0.0002632 0.7872620
220.567600 -9.6846981 0.2480602 -3.0750234 0.0096231 0.5953714 0.0072990 0.8033599
220.775800 -9.6205034 0.2466485 -3.0515039 0.0118158 0.5721306 0.0115275 0.8199964
220.984200 -9.5544472 0.2452446 -3.0235612 0.0197380 0.5478446 0.0141372 0.8362277
221.192700 -9.4855680 0.2432735 -2.9897361 0.0208431 0.5259401 0.0146680 0.8501397
221.401400 -9.4141817 0.2411120 -2.9496655 0.0175236 0.5079184 0.0151405 0.8610939
221.610100 -9.3405800 0.2388217 -2.9056740 0.0161606 0.4949229 0.0134644 0.8686823
221.818800 -9.2647371 0.2367702 -2.8580673 0.0149606 0.4875293 0.0092187 0.8729298
222.027700 -9.1854820 0.2346352 -2.8080602 0.0120200 0.4856342 0.0068763 0.8740524
222.241200 -9.1047401 0.2319803 -2.7573237 0.0127940 0.4865125 0.0050180 0.8735656
222.445200 -9.0216627 0.2295685 -2.7060516 0.0137346 0.4872814 0.0046991 0.8731244
222.653900 -8.9359150 0.2268685 -2.6529727 0.0108793 0.4884687 0.0050207 0.8724991
222.862400 -8.8476467 0.2239166 -2.5988395 0.0091806 0.4900960 0.0037994 0.8716118
223.070900 -8.7577934 0.2208429 -2.5439644 0.0100395 0.4923499 0.0012610 0.8703386
223.279400 -8.6646585 0.2180215 -2.4881229 0.0090274 0.4953435 -0.0008695 0.8686498
223.488000 -8.5697422 0.2154984 -2.4319124 0.0040723 0.4996580 -0.0011423 0.8662124
223.696300 -8.4722404 0.2133192 -2.3761678 0.0044026 0.5051587 -0.0009666 0.8630148
223.904700 -8.3727665 0.2109249 -2.3225079 0.0047069 0.5099423 0.0010389 0.8601951
224.113300 -8.2719631 0.2088679 -2.2682257 0.0044269 0.5155649 0.0035611 0.8568317
224.321300 -8.1696930 0.2061432 -2.2149897 0.0055394 0.5217180 0.0019124 0.8530979
224.529600 -8.0672398 0.2032315 -2.1630788 0.0049710 0.5286274 0.0011854 0.8488386
224.737700 -7.9643497 0.2011663 -2.1138430 0.0041007 0.5349383 0.0021467 0.8448784
224.945800 -7.8614497 0.1985241 -2.0655627 0.0013285 0.5403662 0.0020264 0.8414265
225.153800 -7.7587996 0.1968797 -2.0185819 -0.0004087 0.5439324 0.0023564 0.8391256
225.361700 -7.6575031 0.1946213 -1.9737095 0.0075101 0.5449196 0.0027650 0.8384501
225.569800 -7.5561433 0.1917598 -1.9286023 0.0068392 0.5451148 0.0044799 0.8383216
225.673700 -7.5057545 0.1903308 -1.9065691 0.0055287 0.5453895 0.0041439 0.8381543
225.881700 -7.4052696 0.1883152 -1.8624264 0.0046128 0.5461320 0.0035667 0.8376788
226.089900 -7.3043928 0.1862212 -1.8183272 0.0091975 0.5460255 0.0029282 0.8377129
226.297800 -7.2048435 0.1830553 -1.7744952 0.0114834 0.5466946 0.0029035 0.8372483
226.505900 -7.1055079 0.1796444 -1.7312318 0.0099852 0.5469794 0.0041542 0.8370762
226.714100 -7.0067501 0.1764625 -1.6881764 0.0103633 0.5475761 0.0051984 0.8366756
226.922100 -6.9081025 0.1734582 -1.6456161 0.0119299 0.5477139 0.0042892 0.8365696
227.130200 -6.8091183 0.1703315 -1.6024390 0.0096116 0.5483035 0.0049361 0.8362096
227.338400 -6.7117481 0.1676097 -1.5605807 0.0085198 0.5480444 0.0058821 0.8363852
227.546300 -6.6154685 0.1645613 -1.5193157 0.0109161 0.5462744 0.0056492 0.8375161
227.858600 -6.4750776 0.1598565 -1.4574457 0.0094099 0.5438883 0.0057468 0.8390852
228.066700 -6.3833189 0.1561455 -1.4163437 0.0098222 0.5430102 0.0036096 0.8396609
228.379100 -6.2446976 0.1523527 -1.3539990 0.0002156 0.5478783 0.0008486 0.8365576
228.691700 -6.1079874 0.1481175 -1.2980624 0.0027012 0.5586397 -0.0079536 0.8293679
229.109100 -5.9205861 0.1424010 -1.2297281 -0.0017323 0.5754087 -0.0069924 0.8178343
229.524700 -5.7301025 0.1368440 -1.1657007 -0.0002262 0.5842865 -0.0021240 0.8115447
229.733000 -5.6354914 0.1346163 -1.1343725 0.0036862 0.5883005 -0.0061277 0.8086108
229.941100 -5.5399323 0.1317099 -1.1040561 0.0028384 0.5913125 -0.0086486 0.8063911
230.149200 -5.4440432 0.1291792 -1.0747502 0.0009256 0.5924583 -0.0062240 0.8055765
230.357400 -5.3479676 0.1268904 -1.0452371 -0.0032042 0.5931525 -0.0071607 0.8050519
230.461600 -5.2999773 0.1261841 -1.0304189 -0.0056070 0.5943452 -0.0098486 0.8041303
230.669900 -5.2045884 0.1233495 -1.0015765 -0.0022863 0.5984687 -0.0160006 0.8009831
230.878200 -5.1079721 0.1195580 -0.9740777 0.0015696 0.6035849 -0.0159023 0.7971386
231.086700 -5.0102758 0.1159544 -0.9486150 0.0003664 0.6095982 -0.0123224 0.7926147
231.295200 -4.9129729 0.1125601 -0.9235685 -0.0003984 0.6165374 -0.0114235 0.7872427
231.503300 -4.8148708 0.1095584 -0.9007362 0.0008830 0.6233264 -0.0109537 0.7818846
231.711800 -4.7161298 0.1066260 -0.8802913 0.0010556 0.6288919 -0.0095658 0.7774332
231.920100 -4.6152697 0.1038002 -0.8600559 0.0009366 0.6341433 -0.0080474 0.7731731
232.128200 -4.5153356 0.1006818 -0.8429186 0.0023125 0.6375914 -0.0057223 0.7703500
232.232300 -4.4650936 0.0993496 -0.8339076 0.0045156 0.6385937 -0.0051806 0.7695134
232.440500 -4.3665562 0.0959796 -0.8170361 0.0062154 0.6401966 -0.0036887 0.7681772
232.651700 -4.2676549 0.0924470 -0.8003455 0.0034294 0.6420979 -0.0002011 0.7666149
232.856900 -4.1699123 0.0901872 -0.7842960 0.0048477 0.6443157 0.0007012 0.7647440
233.065000 -4.0727658 0.0880708 -0.7681873 0.0053088 0.6463915 0.0019802 0.7629849
233.273100 -3.9746883 0.0860402 -0.7535234 0.0054380 0.6475501 0.0024231 0.7619996
233.585300 -3.8286071 0.0827037 -0.7326873 0.0053758 0.6488920 0.0002230 0.7608615
233.793200 -3.7299461 0.0802262 -0.7187053 0.0050261 0.6500108 0.0034000 0.7599007
234.105200 -3.5835900 0.0772586 -0.6985166 0.0086761 0.6514717 0.0042033 0.7586117
234.313200 -3.4856503 0.0752780 -0.6876226 0.0091557 0.6519948 0.0053676 0.7581491
234.729300 -3.2923462 0.0720494 -0.6660580 0.0095861 0.6531617 0.0058794 0.7571349
234.937900 -3.1957879 0.0700817 -0.6532977 0.0115858 0.6544389 0.0049248 0.7560101
235.145400 -3.1002276 0.0668188 -0.6408638 0.0126247 0.6565626 0.0033940 0.7541583
235.353500 -3.0049264 0.0644843 -0.6284717 0.0103192 0.6588050 0.0025671 0.7522386
235.561500 -2.9099135 0.0617396 -0.6186645 0.0098469 0.6599374 0.0022899 0.7512525
235.769400 -2.8188150 0.0587876 -0.6095045 0.0130771 0.6606762 0.0016686 0.7505552
235.977600 -2.7312567 0.0557479 -0.5995396 0.0133302 0.6618664 0.0025576 0.7494989
236.185900 -2.6444023 0.0526951 -0.5908657 0.0136087 0.6627583 0.0048951 0.7486937
236.394600 -2.5569787 0.0500832 -0.5816823 0.0132740 0.6640009 0.0057203 0.7475920
236.705900 -2.4329665 0.0470368 -0.5692714 0.0170981 0.6653208 0.0060179 0.7463375
236.914000 -2.3511381 0.0444879 -0.5612369 0.0170539 0.6659194 0.0071088 0.7457948
237.226100 -2.2337413 0.0406870 -0.5503647 0.0167720 0.6668722 0.0070562 0.7449499
237.434200 -2.1569533 0.0384748 -0.5431066 0.0159858 0.6674299 0.0088646 0.7444482
237.642300 -2.0847585 0.0369660 -0.5366341 0.0134012 0.6678762 0.0132043 0.7440346
237.954600 -1.9845220 0.0351323 -0.5270073 0.0140195 0.6690172 0.0137985 0.7429866
238.266900 -1.8899595 0.0329854 -0.5181905 0.0161027 0.6700881 0.0097042 0.7420434
238.683400 -1.7739000 0.0293928 -0.5082557 0.0147344 0.6685675 0.0116091 0.7434149
239.308600 -1.6204334 0.0242517 -0.4940954 0.0173398 0.6695791 0.0105509 0.7424634
239.725300 -1.5316783 0.0211834 -0.4868659 0.0192662 0.6719930 0.0134317 0.7401850
240.142100 -1.4574993 0.0182682 -0.4808071 0.0222051 0.6740804 0.0093672 0.7382647
240.662800 -1.3861787 0.0154066 -0.4747055 0.0255951 0.6733841 0.0066465 0.7388197
241.079100 -1.3412399 0.0131587 -0.4689078 0.0226378 0.6635669 0.0049136 0.7477582
241.287100 -1.3213938 0.0122130 -0.4656670 0.0235958 0.6543125 0.0050551 0.7558392
241.495100 -1.3021380 0.0112802 -0.4613768 0.0234387 0.6416222 0.0048451 0.7666473
241.703200 -1.2836709 0.0102931 -0.4558039 0.0195287 0.6284232 0.0024906 0.7776225
250.248700 -1.2364812 0.0079774 -0.4403826 0.0226125 0.5970536 -0.0044690 0.8018701
250.664600 -1.2104213 0.0065960 -0.4284300 0.0215244 0.5640985 -0.0043320 0.8254155
250.872200 -1.1923212 0.0059786 -0.4186634 0.0193815 0.5389087 -0.0021062 0.8421386
251.080000 -1.1722834 0.0050689 -0.4060776 0.0166271 0.5079741 -0.0018093 0.8612099
251.287600 -1.1500605 0.0037962 -0.3894178 0.0123073 0.4719984 -0.0042658 0.8815032
251.495200 -1.1270719 0.0025669 -0.3687574 0.0092404 0.4311356 -0.0067861 0.9022143
251.806700 -1.0914359 0.0012523 -0.3293936 0.0093001 0.3629845 -0.0081702 0.9317129
252.014500 -1.0676026 -0.0000078 -0.2968464 0.0068221 0.3152465 -0.0077926 0.9489533
252.222500 -1.0454093 -0.0009943 -0.2581608 0.0033202 0.2683508 -0.0061837 0.9632957
252.430600 -1.0255227 -0.0017396 -0.2138994 0.0035233 0.2225198 -0.0086585 0.9748834
252.639000 -1.0058104 -0.0025658 -0.1619270 0.0015606 0.1807332 -0.0048662 0.9835189
252.847500 -0.9879461 -0.0034330 -0.1029662 0.0027852 0.1436204 -0.0009703 0.9896285
253.056000 -0.9717041 -0.0048242 -0.0370141 0.0041057 0.1078157 0.0072027 0.9941363
254.725500 -0.9629165 -0.0187125 0.6641869 0.0075062 -0.0180223 -0.0032056 0.9998043
255.663600 -0.9848386 -0.0266338 1.1514415 -0.0023017 -0.0244060 -0.0023590 0.9996967
257.226000 -1.0316905 -0.0412090 1.9490432 -0.0043921 -0.0292188 0.0012316 0.9995626
260.454200 -1.1327089 -0.0691683 3.5065570 -0.0010248 -0.0309240 0.0006459 0.9995210
260.870800 -1.1450871 -0.0720851 3.7004681 -0.0008335 -0.0279574 -0.0011405 0.9996081
261.287500 -1.1560843 -0.0767266 3.8917854 0.0037241 -0.0242337 -0.0014914 0.9996983
261.704200 -1.1638262 -0.0804871 4.0832791 0.0015861 -0.0185212 0.0004225 0.9998271
262.120700 -1.1721858 -0.0862522 4.2710986 0.0103746 -0.0169791 0.0001778 0.9998020
262.433200 -1.1780343 -0.0906737 4.4176483 0.0027601 -0.0173350 -0.0019794 0.9998440
262.745600 -1.1828442 -0.0915037 4.5643086 -0.0046538 -0.0200121 -0.0011189 0.9997883
263.058100 -1.1895540 -0.0920940 4.7167139 -0.0027072 -0.0219455 0.0024381 0.9997525
263.370700 -1.1965120 -0.0945232 4.8726501 0.0106813 -0.0231835 0.0043622 0.9996647
263.683200 -1.2046069 -0.0995618 5.0338392 0.0042173 -0.0244201 0.0045683 0.9996824
263.995700 -1.2140148 -0.1030892 5.1976213 0.0061372 -0.0265012 0.0034764 0.9996239
264.204000 -1.2211169 -0.1058112 5.3078418 0.0022498 -0.0279852 0.0028744 0.9996017
264.412200 -1.2281890 -0.1080182 5.4176455 0.0010488 -0.0296816 0.0025566 0.9995556
264.620500 -1.2347287 -0.1103296 5.5284133 0.0016329 -0.0316457 0.0024223 0.9994949
264.828700 -1.2422311 -0.1123357 5.6395931 0.0005013 -0.0330442 0.0018757 0.9994520
265.037100 -1.2507896 -0.1148226 5.7493052 0.0015089 -0.0328108 0.0007874 0.9994602
265.349500 -1.2630674 -0.1188230 5.9127007 -0.0004421 -0.0334573 0.0016037 0.9994388
265.557700 -1.2715809 -0.1205120 6.0228148 -0.0026079 -0.0350620 0.0018866 0.9993799
265.870100 -1.2849709 -0.1238828 6.1868496 0.0014471 -0.0363148 0.0008219 0.9993390
266.182600 -1.2965502 -0.1273869 6.3466654 -0.0001176 -0.0346822 0.0004609 0.9993983
266.703500 -1.3172050 -0.1329930 6.6053886 -0.0002141 -0.0305232 -0.0012666 0.9995332
266.911700 -1.3240333 -0.1353278 6.7060976 0.0014850 -0.0290709 -0.0013790 0.9995753
267.328500 -1.3361950 -0.1403656 6.9070773 0.0041985 -0.0254745 -0.0004298 0.9996666
267.432700 -1.3393583 -0.1416574 6.9570713 0.0029723 -0.0244260 0.0002389 0.9996972
267.641100 -1.3444519 -0.1442892 7.0564170 0.0050212 -0.0237926 -0.0024223 0.9997014
267.849300 -1.3510898 -0.1470464 7.1553621 0.0100489 -0.0233009 -0.0083148 0.9996434
267.953500 -1.3542930 -0.1489074 7.2057376 0.0088116 -0.0237720 -0.0092402 0.9996359
268.161700 -1.3605562 -0.1521897 7.3066311 0.0075453 -0.0259733 -0.0093750 0.9995902
268.266000 -1.3633127 -0.1535644 7.3576245 0.0071585 -0.0269007 -0.0061027 0.9995939
268.370100 -1.3659320 -0.1546461 7.4090433 0.0047641 -0.0277593 -0.0040969 0.9995949
268.578500 -1.3722461 -0.1566341 7.5125399 -0.0033884 -0.0296237 -0.0015437 0.9995542
268.786700 -1.3783306 -0.1574510 7.6162715 -0.0047405 -0.0311981 0.0022946 0.9994993
268.995100 -1.3853559 -0.1587240 7.7198272 0.0015654 -0.0330255 0.0022318 0.9994508
269.932600 -1.4198575 -0.1697089 8.2168465 0.0050716 -0.0305447 -0.0009199 0.9995201
271.390600 -1.4666725 -0.1904275 9.0021448 0.0005164 -0.0289260 -0.0032128 0.9995763
272.327900 -1.4913199 -0.2011217 9.4579744 0.0024305 -0.0260695 -0.0032964 0.9996517
272.953000 -1.5061873 -0.2076720 9.7391367 0.0036207 -0.0245363 0.0004456 0.9996923
273.474100 -1.5162724 -0.2136022 9.9686661 0.0045474 -0.0207783 0.0023227 0.9997711
273.890900 -1.5202723 -0.2184997 10.1550503 0.0176252 -0.0213163 0.0062335 0.9995980
274.307300 -1.5319579 -0.2260272 10.3383245 0.0092385 -0.0343665 0.0021381 0.9993643
274.724000 -1.5481795 -0.2299642 10.5123444 -0.0000549 -0.0484638 -0.0009112 0.9988245
275.037000 -1.5628225 -0.2323247 10.6528940 0.0038516 -0.0468548 -0.0038860 0.9988867
275.349900 -1.5754749 -0.2348190 10.8003111 0.0074784 -0.0437276 0.0026256 0.9990121
275.662600 -1.5887843 -0.2389172 10.9501724 0.0103633 -0.0416149 0.0027046 0.9990763
275.975400 -1.6020334 -0.2439657 11.1055794 0.0056349 -0.0400417 0.0027910 0.9991782
276.183900 -1.6106784 -0.2463306 11.2110367 0.0074940 -0.0392066 0.0057110 0.9991867
276.496500 -1.6239128 -0.2510749 11.3717937 0.0097921 -0.0388521 0.0053827 0.9991825
276.704900 -1.6330178 -0.2544273 11.4814835 0.0049724 -0.0384559 0.0041994 0.9992391
277.017400 -1.6469324 -0.2586939 11.6442604 0.0035169 -0.0380452 0.0023012 0.9992672
277.225700 -1.6551783 -0.2616901 11.7483625 0.0065691 -0.0378496 0.0027486 0.9992581
277.538200 -1.6674008 -0.2667487 11.9042339 0.0073442 -0.0373448 0.0046734 0.9992645
277.746600 -1.6754043 -0.2696482 12.0075455 0.0030801 -0.0371110 0.0042113 0.9992976
278.059100 -1.6880264 -0.2729828 12.1537676 0.0067499 -0.0360131 -0.0013063 0.9993277
278.267400 -1.6950033 -0.2761746 12.2532253 0.0056119 -0.0362667 -0.0017043 0.9993249
278.579900 -1.7062624 -0.2805718 12.3972740 0.0026910 -0.0378206 -0.0000181 0.9992809
278.788100 -1.7138077 -0.2834445 12.4896231 0.0046539 -0.0391388 -0.0004447 0.9992229
279.100400 -1.7251666 -0.2877014 12.6250000 0.0015969 -0.0411308 -0.0013011 0.9991516
279.516900 -1.7404349 -0.2913390 12.7958364 0.0014651 -0.0426726 -0.0021510 0.9990857
279.829400 -1.7514250 -0.2947727 12.9211550 0.0033230 -0.0434810 -0.0009229 0.9990483
280.037700 -1.7589858 -0.2965145 13.0038700 0.0031873 -0.0427454 -0.0020765 0.9990788
280.246100 -1.7662873 -0.2991055 13.0858059 0.0076592 -0.0407082 -0.0050002 0.9991292
280.454600 -1.7735701 -0.3017888 13.1673565 0.0113812 -0.0382915 -0.0074510 0.9991740
280.663000 -1.7805603 -0.3048799 13.2498274 0.0108492 -0.0352377 -0.0100521 0.9992695
280.871400 -1.7859631 -0.3077023 13.3331289 0.0093047 -0.0322518 -0.0081119 0.9994035
281.079700 -1.7912042 -0.3100023 13.4166708 0.0081689 -0.0290416 -0.0074089 0.9995174
281.288100 -1.7960500 -0.3125092 13.5013447 0.0063966 -0.0258452 -0.0070765 0.9996204
281.496600 -1.8007704 -0.3145392 13.5883493 0.0045044 -0.0221259 -0.0087193 0.9997070
281.809300 -1.8057195 -0.3175822 13.7205248 0.0068147 -0.0163790 -0.0076654 0.9998133
282.017600 -1.8083217 -0.3198994 13.8117037 0.0072346 -0.0124401 -0.0056685 0.9998804
282.226000 -1.8106718 -0.3228635 13.9033260 0.0146757 -0.0084035 -0.0048956 0.9998450
282.434500 -1.8123219 -0.3262596 13.9980593 0.0096762 -0.0040650 -0.0057308 0.9999285
282.642900 -1.8125858 -0.3292340 14.0933886 0.0109913 0.0001383 -0.0055272 0.9999243
282.851200 -1.8126531 -0.3328300 14.1895676 0.0143671 0.0043503 -0.0060153 0.9998692
283.059600 -1.8114542 -0.3372036 14.2875996 0.0151793 0.0086266 -0.0062370 0.9998281
283.268000 -1.8090627 -0.3410394 14.3875074 0.0097042 0.0127856 -0.0056747 0.9998550
283.476400 -1.8061942 -0.3442836 14.4886303 0.0080325 0.0167374 -0.0052717 0.9998137
283.684800 -1.8026659 -0.3476122 14.5901680 0.0099118 0.0193116 -0.0025257 0.9997612
283.997100 -1.7971110 -0.3532261 14.7446699 0.0126376 0.0206408 -0.0026965 0.9997035
284.205400 -1.7931988 -0.3568449 14.8501282 0.0104332 0.0213477 -0.0025287 0.9997145
284.413600 -1.7884653 -0.3606864 14.9561195 0.0119667 0.0209733 -0.0010573 0.9997079
284.726000 -1.7826850 -0.3669518 15.1153259 0.0092879 0.0203859 -0.0001025 0.9997491
284.934100 -1.7790310 -0.3702205 15.2217903 0.0064915 0.0195764 0.0006145 0.9997871
285.142400 -1.7755208 -0.3738044 15.3271275 0.0084821 0.0188374 0.0007068 0.9997863
285.350500 -1.7724433 -0.3778901 15.4320946 0.0093038 0.0175603 -0.0011196 0.9998019
285.558700 -1.7693689 -0.3816005 15.5365963 0.0085797 0.0163612 -0.0017024 0.9998279
285.766900 -1.7663378 -0.3852546 15.6404572 0.0094229 0.0149387 -0.0030854 0.9998392
285.975100 -1.7642034 -0.3893254 15.7434998 0.0086748 0.0134936 -0.0035781 0.9998649
286.183400 -1.7624046 -0.3934450 15.8452854 0.0110227 0.0114100 -0.0029719 0.9998697
286.391500 -1.7604898 -0.3973634 15.9467678 0.0113382 0.0093000 0.0004685 0.9998924
286.599700 -1.7596222 -0.4005634 16.0479755 0.0017573 0.0081405 -0.0006370 0.9999651
286.808100 -1.7590216 -0.4030786 16.1475277 0.0022413 0.0074078 -0.0042473 0.9999610
287.016400 -1.7593235 -0.4058775 16.2452984 0.0091263 0.0068550 -0.0087969 0.9998962
287.224600 -1.7586980 -0.4093504 16.3431625 0.0065629 0.0062543 -0.0116297 0.9998913
287.432900 -1.7584519 -0.4118668 16.4401188 0.0046227 0.0049234 -0.0132726 0.9998891
