0.000000 0.0000000 0.0000000 0.0000000 0.0000000 0.0000000 0.0000000 1.0000000
0.103391 -0.0001882 -0.0002046 0.0819312 0.0022594 0.0006984 -0.0003948 0.9999971
0.207106 -0.0002236 -0.0001500 0.1632476 0.0026851 0.0010756 0.0006482 0.9999956
0.310262 -0.0003916 -0.0000675 0.2448063 0.0007082 0.0012311 0.0014343 0.9999980
0.413621 -0.0001266 -0.0002783 0.3260931 -0.0023580 0.0008612 0.0026310 0.9999934
0.517929 -0.0000938 -0.0000082 0.4064671 -0.0023409 0.0001899 0.0044362 0.9999874
0.620389 0.0001397 0.0002182 0.4859714 -0.0009303 -0.0002898 0.0056538 0.9999835
0.724219 0.0001240 0.0003854 0.5649038 0.0007697 -0.0007722 0.0060098 0.9999813
0.827211 -0.0003539 0.0003120 0.6443934 0.0010236 -0.0011207 0.0058119 0.9999819
0.930557 -0.0011966 0.0003651 0.7232074 0.0001409 -0.0015748 0.0056207 0.9999830
1.034070 -0.0015442 0.0005610 0.8020006 -0.0012456 -0.0019900 0.0056275 0.9999814
1.137438 -0.0019191 0.0002435 0.8801680 -0.0022244 -0.0024888 0.0057283 0.9999780
1.244258 -0.0026295 0.0008744 0.9577850 -0.0025060 -0.0027698 0.0062695 0.9999734
1.344229 -0.0028524 0.0006995 1.0356627 -0.0025882 -0.0032913 0.0063532 0.9999710
1.551083 -0.0048908 0.0013256 1.1896992 -0.0009292 -0.0043128 0.0068481 0.9999668
1.654521 -0.0057577 0.0021931 1.2662555 -0.0000780 -0.0051610 0.0074058 0.9999592
1.861353 -0.0089211 0.0020976 1.4191256 0.0006056 -0.0066136 0.0067645 0.9999551
2.068236 -0.0120650 0.0022082 1.5706519 0.0001952 -0.0082121 0.0062894 0.9999465
2.275131 -0.0160412 0.0020930 1.7208834 -0.0007638 -0.0094131 0.0058153 0.9999385
2.482010 -0.0197012 0.0022654 1.8688934 -0.0003590 -0.0110012 0.0065004 0.9999183
2.689023 -0.0236987 0.0027136 2.0148911 -0.0014624 -0.0121249 0.0065488 0.9999040
2.896139 -0.0272552 0.0027116 2.1582451 -0.0038380 -0.0129260 0.0069516 0.9998849
3.103545 -0.0317413 0.0033543 2.2969038 -0.0018844 -0.0137759 0.0057601 0.9998868
3.310078 -0.0361719 0.0036496 2.4323294 -0.0008524 -0.0146855 0.0053506 0.9998775
3.517076 -0.0406794 0.0034446 2.5650661 -0.0002555 -0.0163839 0.0052566 0.9998519
3.827725 -0.0486781 0.0032684 2.7589245 -0.0019739 -0.0193036 0.0054111 0.9997971
4.034871 -0.0550617 0.0037046 2.8828123 -0.0027651 -0.0211772 0.0041698 0.9997632
4.243437 -0.0615158 0.0041762 3.0039959 -0.0019406 -0.0230960 0.0023466 0.9997286
4.449183 -0.0680817 0.0046482 3.1222913 -0.0034740 -0.0244235 0.0012816 0.9996948
4.656235 -0.0748733 0.0044112 3.2356188 -0.0027297 -0.0238645 -0.0016749 0.9997101
4.863788 -0.0806610 0.0054313 3.3454478 -0.0001055 -0.0219052 -0.0027675 0.9997562
5.174268 -0.0887678 0.0051655 3.5060842 -0.0036561 -0.0166802 -0.0077334 0.9998243
5.381142 -0.0924478 0.0060971 3.6067898 -0.0041737 -0.0118974 -0.0120998 0.9998473
5.588095 -0.0948289 0.0067321 3.7011032 -0.0058726 -0.0057613 -0.0165787 0.9998287
5.795223 -0.0960298 0.0064142 3.7887995 -0.0060083 0.0015366 -0.0200170 0.9997804
6.002373 -0.0961521 0.0069569 3.8700275 -0.0046223 0.0092738 -0.0244042 0.9996485
6.209506 -0.0943276 0.0072627 3.9423451 -0.0031259 0.0172343 -0.0257147 0.9995159
6.416516 -0.0906333 0.0074287 4.0082870 -0.0043889 0.0252011 -0.0262330 0.9993285
6.830809 -0.0836677 0.0074019 4.1129775 -0.0052072 0.0433076 -0.0316497 0.9985468
7.245330 -0.0709300 0.0071301 4.2006078 0.0002560 0.0691656 -0.0314870 0.9971081
7.452592 -0.0625129 0.0066460 4.2420015 0.0008621 0.0859241 -0.0327409 0.9957632
8.074250 -0.0257319 0.0049195 4.3630428 0.0026568 0.1503186 -0.0343033 0.9880387
8.283921 -0.0086108 0.0038225 4.4029169 0.0022958 0.1778581 -0.0368792 0.9833621
8.488779 0.0125073 0.0023586 4.4418030 0.0030436 0.2088086 -0.0363443 0.9772762
8.696029 0.0377302 0.0009424 4.4788842 0.0059025 0.2446690 -0.0340911 0.9689892
8.903911 0.0671198 -0.0005900 4.5162430 0.0092522 0.2836010 -0.0352220 0.9582506
9.110580 0.1016839 -0.0024246 4.5550585 0.0102777 0.3258478 -0.0385205 0.9445812
9.525112 0.1917274 -0.0082641 4.6316953 0.0107443 0.4189346 -0.0396924 0.9070848
9.732384 0.2511539 -0.0114966 4.6681585 0.0122250 0.4688715 -0.0390063 0.8823200
9.939685 0.3209019 -0.0155970 4.7007551 0.0119861 0.5179297 -0.0379917 0.8544950
10.146770 0.3965164 -0.0197688 4.7290401 0.0086232 0.5641297 -0.0395055 0.8246955
10.353670 0.4788587 -0.0246045 4.7476168 0.0121505 0.6054244 -0.0358570 0.7950018
10.457170 0.5233333 -0.0264110 4.7543893 0.0151516 0.6237231 -0.0302605 0.7809125
10.562990 0.5691193 -0.0290966 4.7597790 0.0178135 0.6405810 -0.0275841 0.7671883
10.767050 0.6639740 -0.0344283 4.7673402 0.0223943 0.6678008 -0.0250963 0.7435797
10.973420 0.7645309 -0.0406252 4.7701082 0.0255036 0.6879088 -0.0198584 0.7250770
11.077200 0.8167793 -0.0429004 4.7706623 0.0266664 0.6951880 -0.0180673 0.7181060
11.284150 0.9239693 -0.0490806 4.7702899 0.0279593 0.7056723 -0.0177047 0.7077651
11.488980 1.0366688 -0.0556082 4.7672887 0.0310072 0.7129170 -0.0171036 0.7003537
11.695270 1.1543339 -0.0618057 4.7628589 0.0330061 0.7168107 -0.0160450 0.6963014
11.901710 1.2767360 -0.0681542 4.7600951 0.0279257 0.7190979 -0.0144425 0.6941972
12.108000 1.4033099 -0.0746957 4.7546668 0.0264043 0.7196900 -0.0099972 0.6937213
12.314500 1.5324252 -0.0813393 4.7496600 0.0313032 0.7193289 -0.0118810 0.6938623
12.521050 1.6644390 -0.0876284 4.7460465 0.0348952 0.7177717 -0.0146183 0.6952499
12.727430 1.8017743 -0.0955789 4.7425108 0.0308883 0.7161857 -0.0110860 0.6971378
12.934130 1.9379028 -0.1033234 4.7394285 0.0345686 0.7140843 -0.0102058 0.6991313
13.141650 2.0744767 -0.1109646 4.7379127 0.0352113 0.7120252 -0.0140126 0.7011304
13.348030 2.2125642 -0.1203670 4.7372255 0.0324841 0.7092592 -0.0114550 0.7041058
13.554880 2.3494620 -0.1284999 4.7369957 0.0362637 0.7070336 -0.0118823 0.7061496
13.761270 2.4880698 -0.1368992 4.7381573 0.0348605 0.7042823 -0.0135278 0.7089345
13.968170 2.6268830 -0.1462731 4.7394695 0.0370250 0.7018490 -0.0095197 0.7112992
14.175050 2.7652593 -0.1546190 4.7420807 0.0386048 0.6996564 -0.0086921 0.7133828
14.382120 2.9039934 -0.1635896 4.7454219 0.0391179 0.6970792 -0.0064377 0.7158973
14.588970 3.0433533 -0.1721129 4.7508011 0.0382806 0.6949540 -0.0087484 0.7179812
14.795970 3.1835575 -0.1803275 4.7560182 0.0381600 0.6928877 -0.0089807 0.7199790
15.002870 3.3241882 -0.1897429 4.7640247 0.0366650 0.6911488 -0.0105201 0.7217051
15.209870 3.4661031 -0.1992250 4.7717686 0.0376944 0.6887132 -0.0132711 0.7239317
15.416750 3.6090145 -0.2083338 4.7806115 0.0374592 0.6862224 -0.0167464 0.7262335
15.623920 3.7541265 -0.2184820 4.7916598 0.0368726 0.6841341 -0.0172081 0.7282203
15.830620 3.8996394 -0.2285945 4.8025851 0.0360925 0.6812322 -0.0195482 0.7309158
16.039410 4.0466061 -0.2393131 4.8148208 0.0352673 0.6779645 -0.0190130 0.7340019
16.244300 4.1940346 -0.2509165 4.8301282 0.0378722 0.6738328 -0.0247887 0.7374962
16.554450 4.4180632 -0.2692277 4.8566623 0.0370901 0.6655387 -0.0298385 0.7448438
16.761400 4.5686650 -0.2825700 4.8762350 0.0350308 0.6600217 -0.0282305 0.7498981
16.968080 4.7203531 -0.2949307 4.8984408 0.0286279 0.6545290 -0.0251996 0.7550743
17.175580 4.8701491 -0.3065287 4.9234076 0.0284996 0.6489844 -0.0248625 0.7598611
17.383340 5.0155764 -0.3173835 4.9487100 0.0323343 0.6446262 -0.0284388 0.7632842
17.588870 5.1593843 -0.3298579 4.9754515 0.0321036 0.6404189 -0.0301504 0.7667620
17.795780 5.3012004 -0.3410237 5.0021987 0.0305171 0.6367371 -0.0253369 0.7700601
18.106340 5.5070038 -0.3566524 5.0453844 0.0242404 0.6329376 -0.0244583 0.7734367
18.313370 5.6386733 -0.3661831 5.0745707 0.0242584 0.6314663 -0.0286531 0.7744939
18.623970 5.8301768 -0.3812269 5.1168742 0.0285883 0.6290048 -0.0323487 0.7762018
18.830950 5.9540601 -0.3911095 5.1445975 0.0266793 0.6282471 -0.0320844 0.7768940
19.038030 6.0747614 -0.4006700 5.1711750 0.0256928 0.6281025 -0.0304525 0.7771099
19.245500 6.1913919 -0.4103256 5.1966391 0.0249189 0.6293327 -0.0311846 0.7761102
19.452110 6.3042173 -0.4198922 5.2207422 0.0279938 0.6310458 -0.0328970 0.7745420
19.660070 6.4144287 -0.4286620 5.2425900 0.0282497 0.6325559 -0.0322894 0.7733255
19.866980 6.5224252 -0.4379714 5.2645350 0.0255116 0.6345231 -0.0301294 0.7718949
20.073350 6.6263237 -0.4465425 5.2841907 0.0285320 0.6360091 -0.0278822 0.7706497
20.280310 6.7279825 -0.4544270 5.3028803 0.0313539 0.6376288 -0.0280772 0.7691932
20.487640 6.8289580 -0.4628808 5.3213110 0.0321328 0.6385512 -0.0280226 0.7683975
20.694250 6.9317431 -0.4704484 5.3399787 0.0351628 0.6376815 -0.0232839 0.7691448
20.902080 7.0345931 -0.4788069 5.3598208 0.0350250 0.6355265 -0.0227850 0.7709476
21.108200 7.1384850 -0.4870692 5.3815289 0.0349948 0.6307624 -0.0225483 0.7748585
21.316100 7.2444997 -0.4949807 5.4068146 0.0340560 0.6244829 -0.0222676 0.7799779
21.524290 7.3522239 -0.5032931 5.4344845 0.0323441 0.6169993 -0.0234091 0.7859502
21.730330 7.4622211 -0.5112734 5.4662561 0.0317042 0.6091208 -0.0279020 0.7919521
21.936170 7.5752935 -0.5199903 5.5004692 0.0318122 0.6002458 -0.0308123 0.7985885
22.141920 7.6912546 -0.5293763 5.5383501 0.0311274 0.5917322 -0.0320473 0.8048957
22.348790 7.8111253 -0.5377473 5.5798082 0.0284394 0.5828807 -0.0319876 0.8114296
22.555690 7.9347820 -0.5474492 5.6250110 0.0260995 0.5738446 -0.0264167 0.8181219
22.762490 8.0622931 -0.5552504 5.6744823 0.0263995 0.5653818 -0.0231323 0.8240822
22.969530 8.1932278 -0.5627179 5.7262225 0.0273236 0.5588592 -0.0135962 0.8287008
23.176610 8.3278074 -0.5715448 5.7819095 0.0289058 0.5523666 -0.0098209 0.8330421
23.487620 8.5267124 -0.5833457 5.8699579 0.0373726 0.5432195 -0.0123705 0.8386673
23.694540 8.6564732 -0.5941928 5.9320478 0.0336252 0.5391142 -0.0178651 0.8413715
23.903510 8.7826080 -0.6049980 5.9924965 0.0353916 0.5352461 -0.0210896 0.8436908
24.213210 8.9676218 -0.6209702 6.0833645 0.0336437 0.5297190 -0.0212150 0.8472401
24.422100 9.0851002 -0.6313654 6.1424456 0.0313161 0.5265630 -0.0207536 0.8493056
24.625310 9.1993160 -0.6407403 6.2014699 0.0321952 0.5235890 -0.0214482 0.8510923
24.832200 9.3109140 -0.6498080 6.2576923 0.0328648 0.5216417 -0.0193259 0.8523123
25.039090 9.4186745 -0.6585481 6.3142447 0.0329221 0.5198601 -0.0189138 0.8534072
25.245970 9.5224009 -0.6679553 6.3682556 0.0348521 0.5172242 -0.0188300 0.8549327
25.556300 9.6717539 -0.6816474 6.4477201 0.0363320 0.5126871 -0.0160276 0.8576567
25.866530 9.8148193 -0.6943970 6.5271444 0.0373400 0.5077592 -0.0146330 0.8605651
26.177790 9.9534092 -0.7070751 6.6058836 0.0400095 0.5011926 -0.0159150 0.8642638
26.486950 10.0881453 -0.7207229 6.6914797 0.0434497 0.4924498 -0.0253333 0.8688864
26.796950 10.2242002 -0.7348812 6.7793097 0.0388275 0.4832028 -0.0306130 0.8741111
27.003850 10.3175821 -0.7445465 6.8425698 0.0306736 0.4769120 -0.0328471 0.8778013
27.313990 10.4612112 -0.7576480 6.9438400 0.0282163 0.4668437 -0.0375046 0.8830936
27.624170 10.6120863 -0.7709906 7.0541186 0.0279543 0.4563504 -0.0413291 0.8884001
27.831080 10.7161703 -0.7813481 7.1336904 0.0246862 0.4488321 -0.0430911 0.8922351
28.037820 10.8220434 -0.7907522 7.2183638 0.0237023 0.4406700 -0.0425647 0.8963462
28.244420 10.9309931 -0.7997612 7.3087301 0.0228936 0.4317334 -0.0447243 0.9006009
28.451340 11.0429211 -0.8094972 7.4026632 0.0219027 0.4246215 -0.0450603 0.9039837
28.660870 11.1574993 -0.8198674 7.5003033 0.0223744 0.4203616 -0.0426011 0.9060798
28.866830 11.2752781 -0.8303804 7.6006179 0.0243520 0.4165810 -0.0361098 0.9080547
29.073550 11.3963280 -0.8398392 7.7051277 0.0248169 0.4128196 -0.0298348 0.9099857
29.279330 11.5165243 -0.8504226 7.8129964 0.0246035 0.4088826 -0.0299851 0.9117624
29.486390 11.6362200 -0.8599464 7.9245281 0.0227389 0.4047867 -0.0354268 0.9134417
29.692890 11.7580070 -0.8695318 8.0390205 0.0172145 0.4009031 -0.0345740 0.9153060
29.899820 11.8797264 -0.8773719 8.1552925 0.0132288 0.3962186 -0.0311898 0.9175310
30.106560 12.0030184 -0.8850518 8.2716866 0.0198566 0.3902341 -0.0251499 0.9201579
30.313330 12.1241045 -0.8939936 8.3912697 0.0271248 0.3833347 -0.0232494 0.9229183
30.520070 12.2454414 -0.9037959 8.5155811 0.0257652 0.3759353 -0.0184367 0.9261041
30.726980 12.3657703 -0.9141337 8.6414175 0.0298802 0.3692591 -0.0163503 0.9287021
30.933840 12.4840927 -0.9242375 8.7707014 0.0304513 0.3647589 -0.0154801 0.9304752
31.142770 12.6033392 -0.9347175 8.8989630 0.0283812 0.3620910 -0.0108203 0.9316478
31.347740 12.7222815 -0.9437627 9.0299015 0.0272349 0.3614986 -0.0084855 0.9319361
31.555590 12.8403101 -0.9534708 9.1607628 0.0268288 0.3619790 -0.0101658 0.9317446
31.763200 12.9575691 -0.9627501 9.2916727 0.0269334 0.3641080 -0.0140816 0.9308607
31.970850 13.0758114 -0.9724762 9.4216175 0.0251974 0.3670264 -0.0170468 0.9297130
32.176640 13.1949348 -0.9819936 9.5493755 0.0223705 0.3702436 -0.0170128 0.9285094
32.382560 13.3137369 -0.9913242 9.6743841 0.0246235 0.3739567 -0.0162386 0.9269770
32.589890 13.4315062 -1.0010796 9.7981043 0.0301553 0.3783522 -0.0231656 0.9248803
32.796560 13.5518026 -1.0120186 9.9208193 0.0247584 0.3831057 -0.0235650 0.9230719
33.003430 13.6703615 -1.0220964 10.0418787 0.0223262 0.3879248 -0.0234468 0.9211222
33.211600 13.7914820 -1.0315385 10.1573801 0.0241706 0.3916088 -0.0212849 0.9195680
33.417090 13.9128571 -1.0417459 10.2731314 0.0277394 0.3963900 -0.0200010 0.9174451
33.623980 14.0351629 -1.0521280 10.3882341 0.0269932 0.4013455 -0.0214362 0.9152779
33.830820 14.1585102 -1.0618469 10.5017662 0.0270606 0.4078602 -0.0224687 0.9123667
34.037880 14.2838802 -1.0728102 10.6147728 0.0301804 0.4152922 -0.0282291 0.9087490
34.244700 14.4128284 -1.0836804 10.7242546 0.0274945 0.4229753 -0.0278159 0.9052967
34.451590 14.5477047 -1.0949582 10.8364000 0.0187726 0.4312488 -0.0268634 0.9016376
34.659100 14.6823215 -1.1030927 10.9437170 0.0179925 0.4398876 -0.0287318 0.8974128
34.866170 14.8197365 -1.1123842 11.0479555 0.0263385 0.4474438 -0.0294693 0.8934382
35.074860 14.9602842 -1.1244620 11.1491871 0.0276186 0.4554186 -0.0267829 0.8894458
35.279490 15.1029568 -1.1358476 11.2483358 0.0262399 0.4631173 -0.0235965 0.8855942
35.486280 15.2430182 -1.1469076 11.3436184 0.0271456 0.4701339 -0.0225936 0.8818882
35.693160 15.3828325 -1.1574645 11.4348974 0.0253495 0.4754868 -0.0186897 0.8791589
35.900040 15.5199280 -1.1682130 11.5246735 0.0244877 0.4802836 -0.0196254 0.8765517
36.108200 15.6558266 -1.1777200 11.6104975 0.0292696 0.4835712 -0.0220079 0.8745387
36.313700 15.7892599 -1.1875745 11.6949911 0.0272875 0.4867823 -0.0219175 0.8728219
36.520460 15.9220247 -1.1972389 11.7744379 0.0245830 0.4892089 -0.0155353 0.8716817
36.727360 16.0507793 -1.2057469 11.8528252 0.0285636 0.4918364 -0.0136894 0.8701113
36.934690 16.1757851 -1.2158800 11.9287291 0.0342595 0.4936592 -0.0192783 0.8687665
37.141020 16.3002644 -1.2257352 12.0019903 0.0334076 0.4960944 -0.0168025 0.8674629
37.347880 16.4230499 -1.2351892 12.0770054 0.0201373 0.4994894 -0.0180730 0.8658973
37.554790 16.5418301 -1.2437484 12.1461067 0.0227018 0.5016735 -0.0191783 0.8645464
37.761670 16.6594734 -1.2509035 12.2125912 0.0237364 0.5040362 -0.0191539 0.8631437
37.968550 16.7746258 -1.2586949 12.2779007 0.0227515 0.5065097 -0.0188386 0.8617281
38.176120 16.8879490 -1.2662193 12.3409958 0.0249077 0.5098115 -0.0186676 0.8597229
38.382320 16.9987793 -1.2742654 12.4009275 0.0264454 0.5141255 -0.0199115 0.8570759
38.692720 17.1628857 -1.2862521 12.4858170 0.0313735 0.5222060 -0.0214479 0.8519722
38.899920 17.2742043 -1.2945325 12.5418911 0.0302232 0.5283358 -0.0246974 0.8481379
39.106870 17.3885365 -1.3038666 12.5972452 0.0291379 0.5342445 -0.0266649 0.8444068
39.313880 17.5049381 -1.3135445 12.6519089 0.0305242 0.5409489 -0.0302569 0.8399566
39.520900 17.6253357 -1.3231230 12.7053413 0.0317553 0.5474574 -0.0332821 0.8355682
39.727990 17.7487888 -1.3344545 12.7583294 0.0325679 0.5542013 -0.0354641 0.8309889
39.934800 17.8788929 -1.3459885 12.8094749 0.0345341 0.5605540 -0.0337398 0.8267093
40.038300 17.9447155 -1.3516800 12.8353434 0.0337874 0.5639434 -0.0327707 0.8244709
40.245190 18.0805779 -1.3631520 12.8869858 0.0304326 0.5702158 -0.0309959 0.8203456
40.350540 18.1514816 -1.3683674 12.9118938 0.0303803 0.5727431 -0.0290655 0.8186560
40.556060 18.2942162 -1.3788979 12.9630718 0.0256939 0.5777907 -0.0252798 0.8153886
40.764080 18.4399490 -1.3896025 13.0121660 0.0321634 0.5818424 -0.0249425 0.8122824
41.072760 18.6681671 -1.4073088 13.0846691 0.0446105 0.5871240 -0.0242868 0.8079019
41.385110 18.9065704 -1.4293492 13.1572399 0.0436280 0.5930542 -0.0202609 0.8037243
41.592690 19.0635166 -1.4432845 13.2056732 0.0452874 0.5968034 -0.0269381 0.8006554
41.796670 19.2251263 -1.4594176 13.2539520 0.0395264 0.6014749 -0.0261201 0.7974856
42.003560 19.3902035 -1.4732273 13.3006010 0.0406154 0.6056799 -0.0286113 0.7941559
42.210320 19.5587463 -1.4889355 13.3450203 0.0430559 0.6093546 -0.0262173 0.7912937
42.417600 19.7294407 -1.5043468 13.3887596 0.0434017 0.6123682 -0.0247842 0.7889913
42.623970 19.9006577 -1.5204644 13.4327316 0.0420210 0.6147608 -0.0245290 0.7872114
42.830730 20.0717964 -1.5361806 13.4760513 0.0396425 0.6168356 -0.0249293 0.7856977
43.037390 20.2416801 -1.5513406 13.5181856 0.0401479 0.6181517 -0.0272010 0.7845615
43.244710 20.4149799 -1.5669248 13.5595350 0.0398363 0.6194973 -0.0268528 0.7835274
43.450910 20.5828342 -1.5825986 13.5990009 0.0386493 0.6207307 -0.0235440 0.7827166
43.660340 20.7511768 -1.5972289 13.6383572 0.0411095 0.6217945 -0.0271251 0.7816303
43.865300 20.9211655 -1.6136569 13.6771088 0.0419958 0.6236231 -0.0283817 0.7800801
44.176790 21.1782455 -1.6380600 13.7348661 0.0361230 0.6275201 -0.0241769 0.7773861
44.382090 21.3481979 -1.6521333 13.7715206 0.0360934 0.6308535 -0.0253013 0.7746490
44.589150 21.5179710 -1.6661551 13.8050976 0.0361360 0.6338921 -0.0250538 0.7721705
44.796760 21.6850166 -1.6808041 13.8378048 0.0352386 0.6371030 -0.0248275 0.7695724
45.003060 21.8532047 -1.6947534 13.8686028 0.0342621 0.6401246 -0.0265662 0.7670468
45.209900 22.0214119 -1.7093523 13.8990202 0.0316640 0.6428941 -0.0288838 0.7647550
45.416890 22.1880436 -1.7233031 13.9300308 0.0325810 0.6454571 -0.0344959 0.7623212
45.623680 22.3537655 -1.7379007 13.9582996 0.0311614 0.6480080 -0.0355165 0.7601665
45.830550 22.5204620 -1.7528268 13.9853230 0.0289494 0.6506538 -0.0327528 0.7581153
46.037440 22.6846466 -1.7657940 14.0105610 0.0291025 0.6533549 -0.0321400 0.7558091
46.140840 22.7665653 -1.7729640 14.0225582 0.0297043 0.6548459 -0.0328155 0.7544652
46.347740 22.9313545 -1.7864747 14.0451956 0.0320294 0.6588113 -0.0295510 0.7510449
46.554470 23.0957642 -1.8003520 14.0659428 0.0307062 0.6624691 -0.0280027 0.7479356
46.657980 23.1765156 -1.8070506 14.0758066 0.0361230 0.6639098 -0.0313601 0.7462811
46.761380 23.2553501 -1.8141229 14.0840836 0.0410649 0.6656607 -0.0349520 0.7443036
46.968250 23.4169636 -1.8301098 14.1026840 0.0386534 0.6698358 -0.0364483 0.7406061
47.175200 23.5780735 -1.8462796 14.1178780 0.0328628 0.6736801 -0.0339704 0.7375101
47.278520 23.6577816 -1.8536260 14.1252699 0.0313492 0.6758963 -0.0353945 0.7354785
47.485460 23.8158722 -1.8670726 14.1386414 0.0260983 0.6811596 -0.0361275 0.7307772
47.692300 23.9730644 -1.8804598 14.1485901 0.0261145 0.6863087 -0.0348462 0.7260056
47.899190 24.1284924 -1.8928173 14.1556997 0.0295687 0.6908500 -0.0357636 0.7215074
48.105950 24.2860527 -1.9057657 14.1615362 0.0277458 0.6954286 -0.0348273 0.7172142
48.416100 24.5194626 -1.9250376 14.1663094 0.0309196 0.7009920 -0.0350903 0.7116339
48.726120 24.7512016 -1.9451445 14.1686668 0.0333550 0.7040251 -0.0312270 0.7087037
49.036150 24.9824409 -1.9652481 14.1690483 0.0351372 0.7056925 -0.0285375 0.7070708
49.242780 25.1350956 -1.9778998 14.1687527 0.0382342 0.7055981 -0.0278279 0.7070326
49.452210 25.2843037 -1.9920307 14.1682959 0.0398612 0.7046457 -0.0269579 0.7079257
49.656580 25.4302940 -2.0057106 14.1696501 0.0405657 0.7032810 -0.0252197 0.7093055
49.863540 25.5730000 -2.0182641 14.1720924 0.0391583 0.7013422 -0.0231648 0.7113714
50.069330 25.7121677 -2.0305567 14.1754513 0.0364337 0.6988342 -0.0223228 0.7140063
50.172720 25.7803345 -2.0366714 14.1781607 0.0349689 0.6974333 -0.0238968 0.7153971
50.379340 25.9138012 -2.0474937 14.1832495 0.0344989 0.6945391 -0.0252490 0.7181836
50.586570 26.0433922 -2.0583334 14.1890087 0.0317146 0.6920822 -0.0242268 0.7207146
50.793430 26.1690712 -2.0684509 14.1950111 0.0309757 0.6891925 -0.0244779 0.7235019
50.999580 26.2877560 -2.0780027 14.2019424 0.0321039 0.6864015 -0.0255601 0.7260640
51.206270 26.4022331 -2.0875089 14.2104168 0.0317974 0.6840494 -0.0282495 0.7281945
51.413610 26.5110149 -2.0966651 14.2188015 0.0306691 0.6815262 -0.0298259 0.7305421
51.622300 26.6158485 -2.1053283 14.2275429 0.0303898 0.6791306 -0.0305957 0.7327497
51.826760 26.7161903 -2.1140065 14.2371645 0.0298671 0.6771085 -0.0330071 0.7345356
52.033540 26.8139820 -2.1227190 14.2465057 0.0287611 0.6747351 -0.0336859 0.7367297
52.240390 26.9074650 -2.1308639 14.2561445 0.0290653 0.6725491 -0.0344005 0.7386809
52.447130 26.9968338 -2.1388240 14.2658539 0.0301448 0.6706971 -0.0352341 0.7402805
52.757460 27.1258850 -2.1501863 14.2799463 0.0308552 0.6686121 -0.0374905 0.7420245
53.067800 27.2530308 -2.1618166 14.2947025 0.0315710 0.6684787 -0.0383740 0.7420693
53.378120 27.3852005 -2.1733265 14.3088503 0.0309474 0.6700853 -0.0382904 0.7406496
53.585110 27.4741917 -2.1828275 14.3168545 0.0366425 0.6713812 -0.0374800 0.7392563
53.792070 27.5675430 -2.1907883 14.3260117 0.0399866 0.6730956 -0.0399016 0.7373948
53.999020 27.6660233 -2.2000122 14.3343849 0.0406287 0.6745793 -0.0376704 0.7361202
54.205940 27.7694416 -2.2103362 14.3412838 0.0423718 0.6759687 -0.0320156 0.7350143
54.412740 27.8742352 -2.2199602 14.3511200 0.0416426 0.6776794 -0.0362008 0.7332845
54.723200 28.0402546 -2.2357697 14.3618708 0.0445228 0.6792311 -0.0313654 0.7319010
55.033520 28.2141914 -2.2525959 14.3755379 0.0441643 0.6812043 -0.0359969 0.7298729
55.343740 28.3979340 -2.2708921 14.3879404 0.0422283 0.6830425 -0.0382996 0.7281502
55.653990 28.5857449 -2.2916856 14.3999653 0.0479996 0.6847172 -0.0409452 0.7260729
55.964160 28.7815742 -2.3136280 14.4101734 0.0495458 0.6858510 -0.0362362 0.7251487
56.274290 28.9824791 -2.3352809 14.4190998 0.0517373 0.6868264 -0.0339753 0.7241812
56.584420 29.1890316 -2.3577690 14.4300556 0.0521823 0.6866856 -0.0325030 0.7243505
56.894350 29.4021225 -2.3808868 14.4432154 0.0507222 0.6855068 -0.0314311 0.7256168
57.204360 29.6199856 -2.4037676 14.4563894 0.0507783 0.6835757 -0.0291298 0.7275282
57.514200 29.8429546 -2.4266679 14.4714870 0.0521521 0.6805844 -0.0265671 0.7303281
57.824090 30.0694923 -2.4502687 14.4894543 0.0532952 0.6773686 -0.0258646 0.7332546
58.133900 30.2999439 -2.4740257 14.5114765 0.0523723 0.6743869 -0.0292950 0.7359357
58.443830 30.5326157 -2.5000343 14.5341091 0.0502768 0.6722416 -0.0287386 0.7380633
58.753660 30.7674541 -2.5234394 14.5573006 0.0508463 0.6712087 -0.0283082 0.7389805
59.063680 31.0015221 -2.5476198 14.5806293 0.0476754 0.6707337 -0.0280302 0.7396334
59.373860 31.2303295 -2.5721412 14.6039925 0.0476381 0.6704311 -0.0298578 0.7398387
59.683780 31.4575520 -2.5964272 14.6281185 0.0471450 0.6703086 -0.0310385 0.7399326
59.993680 31.6825333 -2.6210320 14.6506901 0.0476384 0.6699508 -0.0314847 0.7402062
60.303580 31.9094810 -2.6442680 14.6747541 0.0482703 0.6687976 -0.0276862 0.7413591
60.613290 32.1330872 -2.6679955 14.6987581 0.0569590 0.6655042 -0.0266093 0.7437418
60.923310 32.3550758 -2.6944594 14.7246780 0.0598525 0.6615857 -0.0247514 0.7470672
61.233200 32.5781860 -2.7194853 14.7542858 0.0560689 0.6574382 -0.0228781 0.7510712
61.543140 32.8007584 -2.7432818 14.7875032 0.0531822 0.6516319 -0.0237831 0.7562948
61.956290 33.0905190 -2.7743607 14.8389463 0.0522711 0.6398341 -0.0273308 0.7662461
62.162940 33.2364311 -2.7910151 14.8685818 0.0515791 0.6324879 -0.0283917 0.7723293
62.472790 33.4567986 -2.8155341 14.9180365 0.0499780 0.6220084 -0.0296609 0.7808508
62.679430 33.6039810 -2.8321886 14.9546375 0.0488716 0.6169316 -0.0307312 0.7848966
62.886160 33.7506638 -2.8485379 14.9924116 0.0484650 0.6129771 -0.0314264 0.7879865
63.092920 33.8979568 -2.8646071 15.0314713 0.0481470 0.6093197 -0.0318773 0.7908193
63.299560 34.0461807 -2.8812785 15.0722027 0.0482386 0.6056939 -0.0317900 0.7935976
63.506200 34.1942139 -2.8979893 15.1144371 0.0465981 0.6020601 -0.0312556 0.7964768
63.712840 34.3414040 -2.9141264 15.1582212 0.0451177 0.5984039 -0.0296435 0.7993737
63.919450 34.4868813 -2.9299617 15.2031136 0.0441774 0.5948161 -0.0294628 0.8021060
64.125870 34.6292648 -2.9464073 15.2486820 0.0452250 0.5908511 -0.0326052 0.8048519
64.332410 34.7719383 -2.9618754 15.2955275 0.0427191 0.5877193 -0.0324461 0.8072845
64.539060 34.9130211 -2.9772911 15.3431444 0.0389743 0.5861195 -0.0344101 0.8085548
64.745710 35.0507736 -2.9920278 15.3905773 0.0413000 0.5851639 -0.0387534 0.8089349
64.952280 35.1887054 -3.0078068 15.4376459 0.0379618 0.5848302 -0.0391002 0.8093230
65.158820 35.3249931 -3.0225894 15.4842882 0.0337705 0.5848033 -0.0384708 0.8095583
65.365480 35.4594421 -3.0360043 15.5303440 0.0342699 0.5853221 -0.0383315 0.8091689
65.571960 35.5940704 -3.0489130 15.5752926 0.0355616 0.5858180 -0.0355857 0.8088797
65.778660 35.7300491 -3.0633285 15.6201878 0.0362229 0.5860370 -0.0353521 0.8087019
65.985180 35.8641472 -3.0760767 15.6642094 0.0412820 0.5858908 -0.0372595 0.8084798
66.191750 36.0004501 -3.0907819 15.7101774 0.0390767 0.5863881 -0.0359890 0.8082864
66.503710 36.2081070 -3.1121886 15.7789850 0.0412896 0.5862945 -0.0368827 0.8082039
66.811530 36.4238663 -3.1343226 15.8504257 0.0406513 0.5861207 -0.0353625 0.8084303
67.122370 36.6432419 -3.1578550 15.9227657 0.0450180 0.5854292 -0.0316027 0.8088555
67.431360 36.8657036 -3.1817262 15.9956646 0.0485216 0.5837269 -0.0261117 0.8100782
67.741230 37.0856323 -3.2047641 16.0707207 0.0416673 0.5832495 -0.0236070 0.8108801
68.051170 37.3032379 -3.2266383 16.1442642 0.0450376 0.5824253 -0.0246197 0.8112621
68.361010 37.5184174 -3.2480760 16.2177391 0.0438542 0.5817993 -0.0220370 0.8118502
68.670920 37.7264481 -3.2691317 16.2891159 0.0431633 0.5822035 -0.0217186 0.8116060
68.981020 37.9282303 -3.2891040 16.3577347 0.0416185 0.5835439 -0.0197715 0.8107734
69.394410 38.1846199 -3.3149273 16.4431515 0.0477874 0.5854618 -0.0250225 0.8089034
69.704490 38.3738937 -3.3345017 16.5056381 0.0442969 0.5871818 -0.0230889 0.8079123
70.014150 38.5591965 -3.3530507 16.5659313 0.0458269 0.5879585 -0.0223352 0.8072830
70.324290 38.7443085 -3.3718011 16.6250763 0.0480164 0.5879114 -0.0219492 0.8072006
70.634290 38.9280357 -3.3903213 16.6842880 0.0496127 0.5878502 -0.0224144 0.8071359
70.946380 39.1125298 -3.4097598 16.7441998 0.0481379 0.5868045 -0.0207745 0.8080295
71.255370 39.2928009 -3.4287097 16.8046932 0.0466710 0.5846915 -0.0202192 0.8096597
71.564460 39.4645691 -3.4458749 16.8640652 0.0463016 0.5823185 -0.0218916 0.8113459
71.874710 39.6291809 -3.4633884 16.9212017 0.0441859 0.5808660 -0.0218546 0.8125052
72.184720 39.7837982 -3.4791865 16.9760056 0.0443904 0.5795097 -0.0215151 0.8134710
72.495110 39.9334373 -3.4944291 17.0281086 0.0446817 0.5778680 -0.0213974 0.8146253
72.804810 40.0738525 -3.5089121 17.0785522 0.0444605 0.5766308 -0.0217485 0.8155043
73.114920 40.2064362 -3.5226936 17.1270237 0.0422734 0.5758013 -0.0221525 0.8161955
73.425090 40.3304291 -3.5353503 17.1726036 0.0440009 0.5750057 -0.0233323 0.8166321
73.735300 40.4460564 -3.5471706 17.2149334 0.0465042 0.5739280 -0.0250612 0.8172001
74.045380 40.5532074 -3.5594258 17.2545166 0.0449946 0.5745890 -0.0243302 0.8168421
74.355660 40.6511040 -3.5697680 17.2900162 0.0440525 0.5762744 -0.0239230 0.8157174
74.562490 40.7115936 -3.5760136 17.3121338 0.0434807 0.5773003 -0.0235852 0.8150322
74.872800 40.7963562 -3.5849946 17.3413277 0.0429493 0.5784552 -0.0228085 0.8142633
75.389540 40.9208755 -3.5971782 17.3852062 0.0435569 0.5805660 -0.0235752 0.8127054
75.699680 40.9899750 -3.6042295 17.4091911 0.0428729 0.5806887 -0.0238123 0.8126472
75.906260 41.0345345 -3.6084960 17.4251995 0.0420321 0.5797841 -0.0244207 0.8133187
76.216170 41.1008492 -3.6145785 17.4493752 0.0418559 0.5761013 -0.0250369 0.8159219
76.526720 41.1683006 -3.6214089 17.4768944 0.0418982 0.5663303 -0.0261258 0.8226980
76.835380 41.2373352 -3.6286867 17.5071983 0.0420771 0.5499026 -0.0272086 0.8337244
77.144940 41.3075218 -3.6356907 17.5440655 0.0422366 0.5255463 -0.0310267 0.8491493
77.454530 41.3744278 -3.6440961 17.5846291 0.0429586 0.4969983 -0.0347775 0.8659894
77.764930 41.4366684 -3.6505184 17.6268272 0.0423009 0.4871526 -0.0420836 0.8712761
78.075790 41.4964218 -3.6581249 17.6612015 0.0430437 0.5008792 -0.0419179 0.8634293
78.386780 41.5556946 -3.6657786 17.6889038 0.0457429 0.5270050 -0.0379791 0.8477800
78.697630 41.6178818 -3.6731551 17.7123737 0.0453845 0.5557064 -0.0370550 0.8293115
79.007710 41.6838913 -3.6813037 17.7322655 0.0485956 0.5780995 -0.0322500 0.8138792
79.322290 41.7491074 -3.6886508 17.7504635 0.0469263 0.5919240 -0.0301676 0.8040608
79.631890 41.8090706 -3.6953363 17.7676907 0.0474500 0.5946164 -0.0291469 0.8020787
80.245950 41.9060173 -3.7067981 17.8078575 0.0439717 0.5648457 -0.0332940 0.8233513
80.555530 41.9417648 -3.7111554 17.8248520 0.0467874 0.5447677 -0.0288715 0.8367828
80.864960 41.9691582 -3.7150545 17.8423176 0.0480256 0.5234402 -0.0327492 0.8500773
81.174860 41.9926872 -3.7175522 17.8595543 0.0439680 0.5046562 -0.0350556 0.8614871
81.795010 42.0280685 -3.7219272 17.8884544 0.0408585 0.4752354 -0.0376841 0.8781013
82.415420 42.0488853 -3.7245421 17.9073753 0.0382851 0.4563456 -0.0389906 0.8881231
82.726180 42.0552750 -3.7256467 17.9159241 0.0351972 0.4491081 -0.0448130 0.8916585
