3.116499 0.0000000 0.0000000 0.0000000 0.0000000 0.0000000 0.0000000 1.0000000
3.220123 0.0005103 -0.0002715 0.0430125 -0.0010647 0.0057881 -0.0003441 0.9999826
3.323750 0.0018267 -0.0002536 0.0878427 -0.0020558 0.0111717 -0.0006849 0.9999352
3.427371 0.0034083 -0.0004887 0.1335992 -0.0030387 0.0163776 -0.0009201 0.9998608
3.531001 0.0055155 -0.0004866 0.1810486 -0.0040183 0.0216746 -0.0012349 0.9997562
3.634758 0.0083178 -0.0003490 0.2296101 -0.0046667 0.0269825 -0.0008368 0.9996247
3.738395 0.0113170 -0.0006421 0.2791551 -0.0054083 0.0324147 -0.0006931 0.9994596
3.842137 0.0153298 -0.0004768 0.3295357 -0.0068925 0.0377144 -0.0010798 0.9992642
3.945774 0.0194729 -0.0003557 0.3798877 -0.0088194 0.0436517 -0.0014950 0.9990067
4.049501 0.0249253 -0.0001301 0.4309572 -0.0107532 0.0497547 -0.0014808 0.9987025
4.153250 0.0307406 -0.0000589 0.4820349 -0.0119231 0.0563189 -0.0015138 0.9983405
4.257002 0.0372042 0.0003003 0.5336561 -0.0120432 0.0635249 -0.0013100 0.9979067
4.360751 0.0444423 0.0008296 0.5851070 -0.0114490 0.0708950 -0.0016518 0.9974167
4.464541 0.0532010 0.0010592 0.6368335 -0.0108607 0.0790884 -0.0015189 0.9968073
4.568398 0.0626471 0.0012573 0.6887153 -0.0101409 0.0894503 -0.0023426 0.9959369
4.776128 0.0853470 0.0011306 0.7918104 -0.0097370 0.1175886 -0.0050565 0.9930018
4.984148 0.1160863 0.0010555 0.8943209 -0.0092231 0.1511867 -0.0058381 0.9884450
5.192023 0.1536589 0.0002721 0.9947284 -0.0075656 0.1841680 -0.0061617 0.9828464
5.399752 0.1984309 -0.0007952 1.0934178 -0.0035346 0.2160361 -0.0053792 0.9763642
5.607400 0.2505124 -0.0027332 1.1881754 0.0033430 0.2462193 0.0006431 0.9692082
5.815003 0.3087224 -0.0057708 1.2806742 0.0093137 0.2739827 0.0074777 0.9616604
6.022375 0.3703629 -0.0107952 1.3690133 0.0219963 0.2996511 0.0096258 0.9537467
6.229773 0.4352358 -0.0178547 1.4538708 0.0377322 0.3249146 0.0050085 0.9449771
6.540880 0.5420657 -0.0322160 1.5744801 0.0446723 0.3608683 0.0080767 0.9315112
6.748254 0.6188042 -0.0415278 1.6511455 0.0412010 0.3805503 0.0150648 0.9237191
7.059005 0.7340839 -0.0547038 1.7589542 0.0441648 0.3988864 0.0169573 0.9157792
7.266377 0.8132804 -0.0635875 1.8292975 0.0433622 0.4103265 0.0134780 0.9108074
7.577401 0.9334494 -0.0767893 1.9309015 0.0466630 0.4208001 0.0153867 0.9058218
7.784655 1.0162433 -0.0853844 2.0017183 0.0478895 0.4189611 0.0156399 0.9066055
8.095633 1.1459889 -0.0999606 2.1161084 0.0469076 0.4080839 0.0137835 0.9116344
8.303130 1.2349733 -0.1102672 2.1981750 0.0452940 0.4023957 0.0101271 0.9142886
8.510755 1.3261658 -0.1209774 2.2834563 0.0428868 0.4019055 0.0072712 0.9146474
8.718382 1.4216176 -0.1316669 2.3707323 0.0421549 0.4025644 0.0073009 0.9143914
8.925883 1.5178427 -0.1424267 2.4589844 0.0413568 0.4026757 0.0077648 0.9143749
9.133505 1.6161318 -0.1534402 2.5493789 0.0405682 0.4027742 0.0068616 0.9143741
9.341007 1.7145056 -0.1650409 2.6400232 0.0399000 0.4025818 0.0061844 0.9144931
9.548508 1.8128529 -0.1764825 2.7312288 0.0379111 0.4007577 0.0069148 0.9153733
9.755883 1.9100962 -0.1865501 2.8230603 0.0372380 0.3982880 0.0075713 0.9164729
10.067270 2.0548286 -0.2032954 2.9593205 0.0383055 0.3971193 0.0070028 0.9169405
10.275010 2.1502750 -0.2147922 3.0486097 0.0395023 0.4010815 0.0047938 0.9151777
10.482760 2.2477417 -0.2257291 3.1370428 0.0373456 0.4068550 0.0071059 0.9127014
10.690390 2.3449392 -0.2362555 3.2233627 0.0379509 0.4123697 0.0066617 0.9102014
10.794130 2.3937681 -0.2409119 3.2654271 0.0389737 0.4149217 0.0062518 0.9090005
11.001750 2.4900312 -0.2518793 3.3486698 0.0395781 0.4195732 0.0047482 0.9068458
11.209130 2.5875530 -0.2621201 3.4307177 0.0355318 0.4227441 0.0075501 0.9055208
11.416630 2.6851008 -0.2717112 3.5120251 0.0299171 0.4247133 0.0104735 0.9047728
11.624010 2.7798748 -0.2799183 3.5912585 0.0356794 0.4262747 0.0085899 0.9038490
11.831510 2.8765197 -0.2887503 3.6692314 0.0376584 0.4262706 0.0124402 0.9037259
12.038930 2.9719243 -0.2966872 3.7485435 0.0334458 0.4257612 0.0122368 0.9041344
12.246380 3.0658035 -0.3047968 3.8280847 0.0276482 0.4251395 0.0083982 0.9046665
12.453880 3.1591718 -0.3119287 3.9071081 0.0257150 0.4233138 0.0069878 0.9055911
12.661390 3.2526119 -0.3190716 3.9853194 0.0289540 0.4185222 0.0094940 0.9076952
12.868760 3.3437262 -0.3272376 4.0646839 0.0309184 0.4101541 0.0152685 0.9113641
13.076170 3.4316597 -0.3342674 4.1468577 0.0298263 0.3993426 0.0135475 0.9162163
13.179930 3.4758072 -0.3382282 4.1887155 0.0279746 0.3930600 0.0143710 0.9189748
13.283680 3.5187304 -0.3417484 4.2312994 0.0276610 0.3873428 0.0139377 0.9214153
13.491130 3.6014438 -0.3486627 4.3170991 0.0278868 0.3753131 0.0147879 0.9263605
13.594890 3.6429472 -0.3529883 4.3601813 0.0300001 0.3685936 0.0141408 0.9289988
13.802490 3.7218070 -0.3603488 4.4472942 0.0370966 0.3562163 0.0120082 0.9335896
13.906260 3.7604685 -0.3646230 4.4926424 0.0354057 0.3505138 0.0114721 0.9358178
14.010030 3.7982297 -0.3689492 4.5379272 0.0335015 0.3446664 0.0106559 0.9380667
14.113800 3.8357995 -0.3734746 4.5834656 0.0339408 0.3395268 0.0087424 0.9399431
14.217640 3.8724921 -0.3784706 4.6291995 0.0362708 0.3359954 0.0055023 0.9411489
14.425390 3.9448438 -0.3881695 4.7209921 0.0399313 0.3318540 -0.0006450 0.9424850
14.529260 3.9804366 -0.3933512 4.7669454 0.0397734 0.3301413 -0.0018162 0.9430915
14.633120 4.0164318 -0.3985589 4.8132496 0.0396791 0.3276977 -0.0026723 0.9439452
14.736910 4.0522995 -0.4039378 4.8599348 0.0375536 0.3248565 -0.0032780 0.9450118
14.840760 4.0877271 -0.4091075 4.9063940 0.0356964 0.3221894 -0.0026530 0.9459983
14.944510 4.1235647 -0.4146796 4.9538150 0.0341913 0.3192048 -0.0027785 0.9470647
15.048260 4.1574831 -0.4196367 5.0008817 0.0333255 0.3164037 -0.0068787 0.9480141
15.152010 4.1907287 -0.4244056 5.0480418 0.0335250 0.3134686 -0.0108335 0.9489447
15.255760 4.2251816 -0.4296125 5.0951962 0.0355703 0.3098401 -0.0104445 0.9500657
15.463280 4.2918811 -0.4397701 5.1899958 0.0362984 0.3031619 -0.0109018 0.9521851
15.670890 4.3586588 -0.4504309 5.2875471 0.0324176 0.2960753 -0.0097826 0.9545642
15.878390 4.4226017 -0.4606075 5.3838158 0.0353029 0.2897597 -0.0119717 0.9563732
16.086050 4.4850140 -0.4711360 5.4819546 0.0352629 0.2827452 -0.0123542 0.9584671
16.293510 4.5467830 -0.4819843 5.5788579 0.0355997 0.2749978 -0.0094007 0.9607396
16.501030 4.6066909 -0.4927344 5.6782374 0.0351151 0.2681766 -0.0115975 0.9626597
16.812390 4.6931515 -0.5080255 5.8263497 0.0342887 0.2607420 -0.0114399 0.9647316
17.123760 4.7794409 -0.5230404 5.9773431 0.0341524 0.2527730 -0.0043263 0.9669130
17.331410 4.8337402 -0.5332258 6.0766177 0.0342535 0.2485019 -0.0045868 0.9680147
17.642890 4.9144473 -0.5478042 6.2269726 0.0341827 0.2451962 -0.0069239 0.9688459
17.850540 4.9681187 -0.5568011 6.3278255 0.0294465 0.2443210 -0.0061340 0.9692278
18.058140 5.0211716 -0.5659153 6.4266930 0.0308570 0.2430280 -0.0059351 0.9695102
18.265770 5.0722599 -0.5741207 6.5250583 0.0324265 0.2434003 -0.0080784 0.9693500
18.473380 5.1236291 -0.5839062 6.6224585 0.0326425 0.2427325 -0.0059583 0.9695256
18.680990 5.1743507 -0.5931560 6.7205315 0.0338942 0.2425644 -0.0117198 0.9694722
18.784860 5.1988711 -0.5979992 6.7689791 0.0343157 0.2424389 -0.0150178 0.9694433
18.992370 5.2495852 -0.6080513 6.8648014 0.0366634 0.2420455 -0.0138299 0.9694733
19.096040 5.2746615 -0.6133547 6.9128213 0.0373024 0.2410921 -0.0136247 0.9696894
19.199890 5.3000126 -0.6183723 6.9607134 0.0371825 0.2402899 -0.0095739 0.9699416
19.303520 5.3258781 -0.6235735 7.0083847 0.0356374 0.2383008 -0.0065172 0.9705154
19.407390 5.3509154 -0.6285616 7.0560923 0.0332578 0.2373341 -0.0041028 0.9708499
19.511150 5.3752737 -0.6331792 7.1036816 0.0331795 0.2356811 -0.0034092 0.9712579
19.614770 5.3992004 -0.6379832 7.1505365 0.0357178 0.2330397 -0.0032795 0.9718055
19.718390 5.4224634 -0.6426840 7.1973352 0.0372979 0.2297578 -0.0026816 0.9725292
19.925670 5.4680500 -0.6518432 7.2920742 0.0355043 0.2208165 -0.0011800 0.9746682
20.132890 5.5118074 -0.6608529 7.3875313 0.0366110 0.2080653 0.0021789 0.9774271
20.236640 5.5325813 -0.6655020 7.4353223 0.0371610 0.2008620 0.0020047 0.9789124
20.444020 5.5686779 -0.6745020 7.5286102 0.0381013 0.1877341 0.0025124 0.9814774
20.651520 5.6021738 -0.6844687 7.6217275 0.0451836 0.1746351 -0.0039199 0.9835882
20.859140 5.6338587 -0.6945829 7.7150378 0.0493521 0.1610567 -0.0064806 0.9856892
21.066770 5.6619549 -0.7057183 7.8101950 0.0455512 0.1502661 -0.0107721 0.9875369
21.274520 5.6880689 -0.7166364 7.9022326 0.0522304 0.1423871 -0.0149422 0.9883191
21.482520 5.7151666 -0.7277090 7.9947534 0.0511065 0.1404298 -0.0168612 0.9886270
21.794280 5.7555628 -0.7448499 8.1322317 0.0477199 0.1441917 -0.0157577 0.9882728
22.002150 5.7824936 -0.7554184 8.2213297 0.0472238 0.1483777 -0.0152957 0.9876841
22.210070 5.8103628 -0.7655556 8.3098478 0.0463568 0.1537381 -0.0162943 0.9868891
22.417770 5.8384371 -0.7760109 8.3965054 0.0450154 0.1593723 -0.0152502 0.9860738
22.625400 5.8670249 -0.7858114 8.4830837 0.0468241 0.1642331 -0.0172044 0.9851594
22.832900 5.8972960 -0.7964700 8.5687370 0.0488266 0.1658395 -0.0156353 0.9848192
23.040140 5.9270592 -0.8069259 8.6531324 0.0465360 0.1630627 -0.0118316 0.9854466
23.247420 5.9538326 -0.8172266 8.7361326 0.0470276 0.1539948 -0.0100298 0.9869009
23.454650 5.9779730 -0.8270274 8.8191719 0.0460029 0.1390903 -0.0081827 0.9891768
23.558270 5.9886127 -0.8318946 8.8609314 0.0429541 0.1308783 -0.0101506 0.9904155
23.765650 6.0074844 -0.8401915 8.9446144 0.0360749 0.1145254 -0.0097697 0.9927170
23.869400 6.0157123 -0.8439757 8.9862623 0.0323308 0.1058649 -0.0096074 0.9938083
23.973020 6.0228920 -0.8476289 9.0275497 0.0292221 0.0975023 -0.0102885 0.9947530
24.180540 6.0352802 -0.8541965 9.1088715 0.0271678 0.0794906 -0.0097390 0.9964177
24.284160 6.0402026 -0.8570457 9.1490250 0.0267016 0.0707682 -0.0101865 0.9970833
24.491650 6.0472751 -0.8627085 9.2294626 0.0235190 0.0557537 -0.0139816 0.9980696
24.699270 6.0545387 -0.8679174 9.3087664 0.0216857 0.0437899 -0.0114762 0.9987394
24.906780 6.0585966 -0.8734264 9.3849249 0.0260305 0.0340418 -0.0161646 0.9989506
25.114270 6.0618582 -0.8786696 9.4611444 0.0347831 0.0252808 -0.0139030 0.9989783
25.425520 6.0636625 -0.8868181 9.5786285 0.0236752 0.0173086 -0.0172438 0.9994211
25.633210 6.0650206 -0.8923479 9.6575098 0.0195611 0.0160159 -0.0156334 0.9995582
25.840800 6.0672150 -0.8964627 9.7352505 0.0213317 0.0146109 -0.0123902 0.9995889
26.048150 6.0687413 -0.8998546 9.8143311 0.0182276 0.0123811 -0.0140433 0.9996586
26.255540 6.0695162 -0.9042524 9.8938847 0.0142374 0.0085873 -0.0128505 0.9997792
26.462800 6.0692730 -0.9074016 9.9741201 0.0119238 0.0014252 -0.0115335 0.9998614
26.670290 6.0672598 -0.9113851 10.0550079 0.0118549 -0.0095512 -0.0111721 0.9998217
26.877670 6.0630646 -0.9146585 10.1370554 0.0149381 -0.0218748 -0.0126299 0.9995693
27.085020 6.0567708 -0.9183177 10.2199965 0.0134689 -0.0339827 -0.0117599 0.9992625
27.188790 6.0528784 -0.9198958 10.2619123 0.0125662 -0.0400557 -0.0124660 0.9990407
27.396270 6.0427961 -0.9227791 10.3463993 0.0104977 -0.0509665 -0.0156334 0.9985228
27.500020 6.0374417 -0.9239512 10.3889046 0.0104782 -0.0548183 -0.0174201 0.9982894
27.603900 6.0318384 -0.9254802 10.4324465 0.0088143 -0.0570051 -0.0176968 0.9981781
27.707780 6.0267458 -0.9269255 10.4762926 0.0072488 -0.0583251 -0.0163762 0.9981370
27.915520 6.0161810 -0.9297662 10.5649443 0.0089452 -0.0576886 -0.0136608 0.9982011
28.123280 6.0059314 -0.9320589 10.6556873 0.0099602 -0.0571583 -0.0103351 0.9982619
28.330900 5.9950047 -0.9342121 10.7469721 0.0063043 -0.0558153 -0.0097371 0.9983737
28.538650 5.9850206 -0.9371983 10.8384190 0.0046780 -0.0542801 -0.0097212 0.9984674
28.746150 5.9743624 -0.9395665 10.9321203 0.0048283 -0.0521873 -0.0110472 0.9985645
28.953800 5.9651918 -0.9426426 11.0228500 0.0098431 -0.0512897 -0.0105309 0.9985798
29.161270 5.9547114 -0.9448647 11.1175690 0.0095927 -0.0497143 -0.0120267 0.9986450
29.368650 5.9446931 -0.9486961 11.2116184 0.0072428 -0.0476287 -0.0153890 0.9987203
29.576300 5.9363060 -0.9512278 11.3047466 0.0063317 -0.0414390 -0.0164362 0.9989858
29.783900 5.9301438 -0.9543496 11.3972139 0.0076095 -0.0314174 -0.0144025 0.9993736
29.991660 5.9256992 -0.9574785 11.4885731 0.0086254 -0.0195256 -0.0163835 0.9996379
30.199280 5.9238458 -0.9600986 11.5809650 0.0017914 -0.0091367 -0.0113105 0.9998927
30.406780 5.9223242 -0.9617762 11.6732836 -0.0020780 -0.0029334 -0.0137690 0.9998987
30.510400 5.9222631 -0.9621915 11.7193813 -0.0028458 -0.0016757 -0.0135949 0.9999021
30.717780 5.9216399 -0.9631905 11.8122005 -0.0020437 -0.0003015 -0.0131919 0.9999108
30.925160 5.9209833 -0.9646785 11.9045820 -0.0021454 -0.0004665 -0.0156589 0.9998749
31.132530 5.9202971 -0.9658991 11.9986048 -0.0037156 -0.0020700 -0.0152309 0.9998749
31.340050 5.9194989 -0.9665067 12.0926771 -0.0042728 -0.0046527 -0.0131651 0.9998934
31.443650 5.9181662 -0.9669175 12.1406946 -0.0053571 -0.0068478 -0.0141632 0.9998619
31.651030 5.9146981 -0.9671795 12.2370186 -0.0100172 -0.0117356 -0.0154784 0.9997612
31.858530 5.9107242 -0.9674951 12.3336754 -0.0087767 -0.0162791 -0.0193529 0.9996417
32.066030 5.9051166 -0.9668649 12.4306431 -0.0053728 -0.0208627 -0.0238494 0.9994834
32.273410 5.8991246 -0.9679275 12.5274820 -0.0051926 -0.0251703 -0.0256507 0.9993405
32.480910 5.8925390 -0.9680477 12.6256447 -0.0037288 -0.0297190 -0.0263031 0.9992052
32.688280 5.8849874 -0.9690019 12.7233171 -0.0043119 -0.0343934 -0.0247430 0.9990928
32.895660 5.8765612 -0.9696757 12.8205929 -0.0028209 -0.0387666 -0.0238764 0.9989590
33.103170 5.8667412 -0.9704036 12.9182901 -0.0046159 -0.0434939 -0.0283181 0.9986416
33.206780 5.8618279 -0.9711457 12.9671230 -0.0029359 -0.0455819 -0.0271627 0.9985870
33.414280 5.8510909 -0.9720619 13.0639915 0.0029357 -0.0496722 -0.0296354 0.9983215
33.621780 5.8393059 -0.9728731 13.1621075 -0.0042249 -0.0522907 -0.0327828 0.9980847
33.829280 5.8285646 -0.9726495 13.2609167 -0.0146854 -0.0539425 -0.0322949 0.9979136
34.036660 5.8168855 -0.9722029 13.3570080 -0.0137573 -0.0566950 -0.0329750 0.9977520
34.244030 5.8044696 -0.9712311 13.4531431 -0.0081906 -0.0614647 -0.0318985 0.9975658
34.451530 5.7915134 -0.9706404 13.5486231 -0.0057328 -0.0660424 -0.0310570 0.9973169
34.658910 5.7789388 -0.9709061 13.6425762 -0.0092307 -0.0703017 -0.0289239 0.9970636
34.970030 5.7569637 -0.9687787 13.7868023 -0.0174481 -0.0741501 -0.0274335 0.9967170
35.281280 5.7329273 -0.9662446 13.9302673 -0.0170688 -0.0766039 -0.0314581 0.9964190
35.488660 5.7172875 -0.9643033 14.0251474 -0.0057253 -0.0778210 -0.0314866 0.9964536
35.696160 5.7015743 -0.9637498 14.1217260 -0.0100775 -0.0777988 -0.0318778 0.9964083
35.903530 5.6859679 -0.9629022 14.2183084 -0.0100311 -0.0793057 -0.0298550 0.9963527
36.110910 5.6700039 -0.9618684 14.3150940 -0.0127904 -0.0806251 -0.0284557 0.9962561
36.318290 5.6531420 -0.9605560 14.4121895 -0.0138077 -0.0816804 -0.0301744 0.9961060
36.525780 5.6363955 -0.9596467 14.5089626 -0.0110617 -0.0832490 -0.0283797 0.9960632
36.733280 5.6189518 -0.9582269 14.6064196 -0.0136606 -0.0860824 -0.0275109 0.9958144
36.837040 5.6100478 -0.9577526 14.6564426 -0.0148560 -0.0883093 -0.0272408 0.9956097
37.044540 5.5909863 -0.9572124 14.7529755 -0.0140452 -0.0927050 -0.0270108 0.9952281
37.252040 5.5709887 -0.9554368 14.8496208 -0.0100595 -0.0980844 -0.0285637 0.9947172
37.563030 5.5392885 -0.9546666 14.9949903 -0.0096068 -0.1132754 -0.0220308 0.9932729
37.770280 5.5146236 -0.9533737 15.0898113 -0.0107576 -0.1282893 -0.0214199 0.9914471
37.977790 5.4865160 -0.9520154 15.1841259 -0.0151069 -0.1432722 -0.0226289 0.9893093
38.081530 5.4716187 -0.9511773 15.2304306 -0.0153136 -0.1495716 -0.0248616 0.9883196
38.289160 5.4393911 -0.9494764 15.3240070 -0.0121446 -0.1582114 -0.0303696 0.9868634
38.497160 5.4077392 -0.9479948 15.4161482 -0.0096058 -0.1573651 -0.0366054 0.9868151
38.705160 5.3768530 -0.9473659 15.5104227 -0.0043554 -0.1474298 -0.0410382 0.9882112
38.913290 5.3504639 -0.9470214 15.6065693 -0.0049012 -0.1355099 -0.0369588 0.9900743
39.121160 5.3251820 -0.9473979 15.7028418 -0.0057330 -0.1242263 -0.0371249 0.9915426
39.328910 5.3024750 -0.9473023 15.8005877 -0.0038689 -0.1143724 -0.0338429 0.9928538
39.536410 5.2798014 -0.9475387 15.8990469 -0.0034795 -0.1063599 -0.0363290 0.9936577
39.743820 5.2583575 -0.9472994 15.9997816 -0.0086762 -0.1004490 -0.0386443 0.9941536
39.951290 5.2376904 -0.9463501 16.0998631 -0.0091016 -0.0962994 -0.0408789 0.9944710
40.158660 5.2169781 -0.9463714 16.1978436 0.0014715 -0.0940269 -0.0438067 0.9946043
40.366160 5.1976519 -0.9474378 16.2977524 0.0048107 -0.0926546 -0.0442593 0.9947025
40.573540 5.1779876 -0.9489620 16.3992786 0.0014564 -0.0919586 -0.0442588 0.9947777
40.884790 5.1484981 -0.9505333 16.5519447 -0.0013699 -0.0952196 -0.0423126 0.9945557
41.092170 5.1268935 -0.9509286 16.6543655 -0.0014692 -0.0995639 -0.0426897 0.9941139
41.299420 5.1038961 -0.9513412 16.7561626 -0.0003524 -0.1038207 -0.0449433 0.9935800
41.506790 5.0809922 -0.9523530 16.8587761 0.0030257 -0.1095321 -0.0413148 0.9931197
41.714170 5.0564437 -0.9530200 16.9616184 0.0031541 -0.1178729 -0.0411985 0.9921687
41.921540 5.0282402 -0.9534639 17.0647125 -0.0028645 -0.1253390 -0.0452666 0.9910766
42.128920 4.9987082 -0.9527588 17.1688366 -0.0077519 -0.1333352 -0.0481809 0.9898688
42.336290 4.9683709 -0.9520844 17.2720490 -0.0027946 -0.1424929 -0.0470647 0.9886723
42.647420 4.9185958 -0.9525025 17.4276199 0.0057807 -0.1556218 -0.0404550 0.9869710
42.854790 4.8840585 -0.9535289 17.5320702 0.0012527 -0.1644677 -0.0353428 0.9857483
43.062290 4.8463855 -0.9537802 17.6369705 -0.0051600 -0.1731912 -0.0336274 0.9843004
43.269790 4.8057146 -0.9530229 17.7415543 -0.0061495 -0.1812299 -0.0368830 0.9827296
43.373560 4.7841077 -0.9522812 17.7942333 -0.0069514 -0.1848125 -0.0391048 0.9819709
43.581040 4.7415671 -0.9507725 17.8993168 -0.0078954 -0.1903601 -0.0384572 0.9809290
43.684940 4.7198863 -0.9500483 17.9515495 -0.0056333 -0.1931672 -0.0371758 0.9804451
43.892430 4.6754565 -0.9486647 18.0564709 -0.0042528 -0.1991065 -0.0359496 0.9793090
43.996060 4.6518583 -0.9480507 18.1094856 -0.0062859 -0.2014953 -0.0383214 0.9787194
44.099960 4.6282582 -0.9472969 18.1619167 -0.0087824 -0.2038783 -0.0391819 0.9781724
44.307300 4.5806279 -0.9456790 18.2668648 -0.0061331 -0.2095197 -0.0400071 0.9769664
44.514790 4.5323925 -0.9448816 18.3710842 -0.0039169 -0.2152440 -0.0364027 0.9758737
44.722330 4.4830461 -0.9440813 18.4755058 -0.0057452 -0.2207141 -0.0316082 0.9748093
44.826160 4.4581370 -0.9435589 18.5274734 -0.0059141 -0.2242839 -0.0296613 0.9740544
44.929790 4.4329748 -0.9430557 18.5794163 -0.0073512 -0.2271617 -0.0260944 0.9734796
45.033540 4.4069009 -0.9427307 18.6304817 -0.0085471 -0.2297823 -0.0276867 0.9728106
45.241040 4.3548651 -0.9412624 18.7317028 -0.0076121 -0.2347916 -0.0272060 0.9716351
45.448540 4.3018832 -0.9398991 18.8319225 -0.0079244 -0.2399174 -0.0257271 0.9704200
45.656170 4.2480731 -0.9386498 18.9315701 -0.0079674 -0.2452923 -0.0260789 0.9690655
45.967420 4.1660900 -0.9364733 19.0786839 -0.0109270 -0.2520668 -0.0300077 0.9671828
46.175050 4.1093926 -0.9341021 19.1764030 -0.0144381 -0.2548427 -0.0301985 0.9664030
46.382670 4.0530086 -0.9316651 19.2736015 -0.0115775 -0.2573810 -0.0304988 0.9657592
46.694170 3.9686561 -0.9288557 19.4203281 -0.0093582 -0.2570632 -0.0286951 0.9659231
46.901920 3.9120927 -0.9267510 19.5202866 -0.0122153 -0.2545475 -0.0301581 0.9665127
47.213560 3.8282743 -0.9237076 19.6694794 -0.0069787 -0.2453511 -0.0324891 0.9688646
47.525050 3.7475863 -0.9222715 19.8231297 -0.0061348 -0.2337988 -0.0321044 0.9717354
47.732670 3.6945968 -0.9201822 19.9281597 -0.0104494 -0.2253180 -0.0356961 0.9735751
47.940170 3.6434617 -0.9176981 20.0333881 -0.0110229 -0.2162961 -0.0382856 0.9755146
48.147690 3.5955138 -0.9149459 20.1395473 -0.0047789 -0.2093320 -0.0359610 0.9771715
48.458800 3.5244989 -0.9137791 20.3023357 -0.0073620 -0.1992432 -0.0354277 0.9792818
48.769940 3.4547319 -0.9108528 20.4680290 -0.0085139 -0.1907095 -0.0377202 0.9808846
48.977300 3.4101653 -0.9091502 20.5789642 -0.0080753 -0.1860539 -0.0400068 0.9816915
49.288320 3.3444586 -0.9066783 20.7481308 -0.0070013 -0.1796347 -0.0406625 0.9828677
49.495800 3.3013973 -0.9052789 20.8623848 -0.0074979 -0.1757623 -0.0409805 0.9835507
49.806800 3.2369757 -0.9035574 21.0348454 -0.0081128 -0.1697926 -0.0442620 0.9844519
50.014170 3.1969204 -0.9017199 21.1492538 -0.0066304 -0.1670042 -0.0427730 0.9850056
50.325300 3.1372123 -0.8982670 21.3248672 -0.0160462 -0.1660963 -0.0393022 0.9851953
50.532690 3.0967717 -0.8959475 21.4394779 -0.0121614 -0.1650150 -0.0370814 0.9855187
50.740210 3.0574098 -0.8943793 21.5547943 -0.0078340 -0.1642638 -0.0330706 0.9858308
50.843990 3.0373468 -0.8936912 21.6133461 -0.0090248 -0.1635710 -0.0323891 0.9859585
51.051200 2.9985552 -0.8921803 21.7280521 -0.0134621 -0.1625397 -0.0299983 0.9861540
51.154950 2.9796348 -0.8911990 21.7851524 -0.0152265 -0.1623311 -0.0293312 0.9861827
51.362310 2.9411378 -0.8892021 21.8996220 -0.0147375 -0.1623399 -0.0269474 0.9862568
51.569680 2.9024558 -0.8871419 22.0126343 -0.0139165 -0.1624733 -0.0253718 0.9862885
51.673320 2.8829288 -0.8862118 22.0691853 -0.0158339 -0.1622707 -0.0247931 0.9863077
51.880670 2.8446760 -0.8839770 22.1811562 -0.0154787 -0.1616017 -0.0242988 0.9864354
52.088050 2.8067150 -0.8815972 22.2937164 -0.0153503 -0.1611978 -0.0226189 0.9865435
52.295430 2.7685981 -0.8791506 22.4065609 -0.0174446 -0.1612329 -0.0208832 0.9865412
52.502930 2.7319202 -0.8764578 22.5186176 -0.0195058 -0.1619097 -0.0160374 0.9864824
52.710430 2.6951485 -0.8736234 22.6309204 -0.0218106 -0.1627671 -0.0093944 0.9863787
52.917930 2.6580467 -0.8701336 22.7413006 -0.0239112 -0.1641324 -0.0073021 0.9861214
53.125430 2.6199250 -0.8667716 22.8507710 -0.0253306 -0.1654284 -0.0065884 0.9858744
53.332930 2.5831151 -0.8632593 22.9563122 -0.0260771 -0.1669862 -0.0051674 0.9856008
53.540300 2.5466557 -0.8595648 23.0598679 -0.0296054 -0.1683999 -0.0066739 0.9852515
53.747800 2.5098915 -0.8552712 23.1602192 -0.0348386 -0.1681177 -0.0139115 0.9850529
53.955300 2.4749017 -0.8498260 23.2558651 -0.0360072 -0.1674807 -0.0201073 0.9850124
54.162800 2.4420514 -0.8446516 23.3469582 -0.0349876 -0.1666191 -0.0249187 0.9850852
54.370180 2.4116411 -0.8398241 23.4343185 -0.0332352 -0.1661335 -0.0245002 0.9852384
54.681310 2.3674464 -0.8329480 23.5610313 -0.0326993 -0.1644937 -0.0248423 0.9855229
54.785060 2.3534660 -0.8307815 23.6019154 -0.0329258 -0.1625699 -0.0255243 0.9858171
54.992680 2.3269277 -0.8262590 23.6817360 -0.0337143 -0.1562508 -0.0278316 0.9867494
55.200180 2.3024530 -0.8228111 23.7592373 -0.0301738 -0.1494288 -0.0298155 0.9878622
55.407810 2.2792706 -0.8185929 23.8374348 -0.0254182 -0.1405221 -0.0311040 0.9892623
55.615430 2.2576590 -0.8150215 23.9178352 -0.0294693 -0.1284669 -0.0344114 0.9906784
55.822930 2.2376828 -0.8107222 24.0000744 -0.0339737 -0.1168714 -0.0346156 0.9919620
56.030430 2.2200532 -0.8063526 24.0835419 -0.0341030 -0.1061028 -0.0328146 0.9932283
56.237800 2.2040100 -0.8018850 24.1681805 -0.0297948 -0.0984489 -0.0267617 0.9943359
56.341580 2.1961174 -0.7996941 24.2114849 -0.0291972 -0.0953311 -0.0234532 0.9947409
56.549070 2.1804729 -0.7947327 24.3002186 -0.0392182 -0.0896947 -0.0202695 0.9949904
56.756680 2.1640453 -0.7883322 24.3910046 -0.0543251 -0.0841284 -0.0239407 0.9946849
56.964280 2.1498003 -0.7801228 24.4815502 -0.0549186 -0.0784845 -0.0249167 0.9950896
57.171890 2.1366594 -0.7714248 24.5738583 -0.0566033 -0.0723113 -0.0222659 0.9955257
57.379330 2.1249259 -0.7622213 24.6676464 -0.0615740 -0.0656635 -0.0184485 0.9957693
57.586810 2.1138957 -0.7529252 24.7607117 -0.0616906 -0.0596199 -0.0158766 0.9961866
57.794300 2.1039882 -0.7434921 24.8520985 -0.0613703 -0.0530022 -0.0159235 0.9965796
58.001930 2.0959160 -0.7341673 24.9418240 -0.0614149 -0.0438986 -0.0161899 0.9970151
58.209680 2.0900037 -0.7253721 25.0295811 -0.0614849 -0.0328736 -0.0147821 0.9974570
58.417310 2.0865035 -0.7174480 25.1139832 -0.0611929 -0.0223845 -0.0133832 0.9977852
58.728680 2.0835817 -0.7063668 25.2388554 -0.0502060 -0.0035218 -0.0202710 0.9985269
58.936580 2.0859382 -0.6999264 25.3219261 -0.0450461 0.0147065 -0.0199998 0.9986764
59.144310 2.0924311 -0.6944088 25.4040260 -0.0388638 0.0357214 -0.0162820 0.9984731
59.352060 2.1030881 -0.6901497 25.4873505 -0.0320622 0.0562930 -0.0100687 0.9978486
59.766940 2.1320660 -0.6804810 25.6573200 -0.0417559 0.0891544 -0.0065896 0.9951203
60.078080 2.1566689 -0.6728663 25.7859421 -0.0473465 0.1022490 -0.0088219 0.9935923
60.389310 2.1834288 -0.6632879 25.9165058 -0.0463678 0.1132504 -0.0196774 0.9922888
60.700580 2.2136183 -0.6560954 26.0464306 -0.0294245 0.1199221 -0.0270007 0.9919798
61.011600 2.2436426 -0.6513697 26.1781902 -0.0306375 0.1179296 -0.0335190 0.9919831
61.322690 2.2715187 -0.6484445 26.3056335 -0.0097421 0.1106811 -0.0402324 0.9929935
61.530190 2.2888281 -0.6489161 26.3905106 -0.0203587 0.1081966 -0.0417573 0.9930435
61.841310 2.3141527 -0.6487279 26.5123997 -0.0092801 0.1039704 -0.0364107 0.9938704
62.048840 2.3308311 -0.6500266 26.5917110 -0.0060368 0.1023053 -0.0334307 0.9941728
62.256400 2.3455822 -0.6513521 26.6685162 -0.0007683 0.1032182 -0.0353704 0.9940293
62.463960 2.3606403 -0.6534554 26.7430134 0.0015160 0.1072650 -0.0407037 0.9933957
62.671810 2.3774776 -0.6560456 26.8160381 0.0030337 0.1221716 -0.0440567 0.9915261
62.879830 2.3977628 -0.6592643 26.8853722 0.0041256 0.1406274 -0.0406360 0.9892197
63.087560 2.4192486 -0.6625323 26.9492283 0.0059833 0.1579353 -0.0375565 0.9867169
63.295440 2.4410009 -0.6653978 27.0079231 0.0059971 0.1754736 -0.0379889 0.9837326
63.503190 2.4626336 -0.6682367 27.0616474 0.0058782 0.1944739 -0.0380255 0.9801527
63.710810 2.4845648 -0.6723745 27.1074028 0.0143512 0.2104332 -0.0334250 0.9769313
63.918440 2.5047197 -0.6755303 27.1476097 0.0246676 0.2238110 -0.0320115 0.9737943
64.125960 2.5230789 -0.6784595 27.1843700 0.0297101 0.2339030 -0.0339942 0.9712111
64.333310 2.5419645 -0.6820955 27.2169266 0.0316679 0.2409805 -0.0277910 0.9696150
64.748080 2.5720510 -0.6880771 27.2725449 0.0273996 0.2506301 -0.0298797 0.9672337
64.955310 2.5837240 -0.6901777 27.2938385 0.0271810 0.2533656 -0.0298928 0.9665265
65.162710 2.5938025 -0.6922334 27.3102150 0.0297635 0.2546369 -0.0258635 0.9662325
65.784810 2.6200228 -0.6968331 27.3563156 0.0314295 0.2451894 -0.0168232 0.9688196
66.199690 2.6343174 -0.6998534 27.3878136 0.0331263 0.2354513 -0.0223084 0.9710652
66.510690 2.6472778 -0.7018969 27.4187489 0.0293338 0.2247638 -0.0290463 0.9735385
67.029070 2.6745887 -0.7080134 27.4831867 0.0261585 0.1965581 -0.0224455 0.9798861
67.340070 2.6893287 -0.7112058 27.5281391 0.0256363 0.1693529 -0.0207577 0.9850033
67.651080 2.7011328 -0.7144974 27.5785236 0.0273958 0.1362848 -0.0259482 0.9899508
67.962080 2.7109241 -0.7181488 27.6357117 0.0273232 0.0989729 -0.0282414 0.9943140
68.273070 2.7172351 -0.7222312 27.6997013 0.0257206 0.0600785 -0.0280713 0.9974673
68.584070 2.7192311 -0.7263700 27.7727203 0.0250357 0.0217351 -0.0284869 0.9990442
68.895320 2.7165756 -0.7311702 27.8554535 0.0238190 -0.0096641 -0.0277414 0.9992846
69.206570 2.7094293 -0.7360916 27.9471130 0.0229955 -0.0373305 -0.0250316 0.9987247
69.413950 2.7017279 -0.7393098 28.0132542 0.0230062 -0.0562874 -0.0213916 0.9979203
69.621440 2.6908913 -0.7428355 28.0829754 0.0235648 -0.0732497 -0.0220706 0.9967909
69.932840 2.6695499 -0.7483986 28.1951809 0.0215231 -0.0926101 -0.0238478 0.9951841
70.244320 2.6443086 -0.7537239 28.3169136 0.0189858 -0.1033926 -0.0254184 0.9941345
70.555820 2.6155033 -0.7588850 28.4461269 0.0189311 -0.1086725 -0.0273970 0.9935197
70.867190 2.5833287 -0.7652778 28.5850887 0.0201076 -0.1131862 -0.0254447 0.9930444
71.178440 2.5486441 -0.7726002 28.7309132 0.0215761 -0.1173474 -0.0231970 0.9925855
71.489570 2.5114369 -0.7797480 28.8806667 0.0233542 -0.1203415 -0.0213342 0.9922285
71.800950 2.4730592 -0.7882829 29.0355244 0.0255504 -0.1213835 -0.0221788 0.9920289
72.112200 2.4319477 -0.7968664 29.1969070 0.0234345 -0.1220307 -0.0213392 0.9920201
72.423450 2.3894506 -0.8053517 29.3651886 0.0238607 -0.1234063 -0.0178095 0.9919094
72.734700 2.3445029 -0.8149718 29.5393429 0.0239033 -0.1247650 -0.0168876 0.9917546
72.942200 2.3127637 -0.8215479 29.6586227 0.0243285 -0.1253783 -0.0172409 0.9916608
73.149700 2.2804670 -0.8284748 29.7788506 0.0235467 -0.1245204 -0.0199963 0.9917361
73.357220 2.2483678 -0.8357238 29.9021416 0.0260277 -0.1211473 -0.0222813 0.9920431
73.564950 2.2172856 -0.8426979 30.0282650 0.0292640 -0.1124262 -0.0267199 0.9928696
73.772700 2.1879029 -0.8512174 30.1564140 0.0308430 -0.0976250 -0.0309546 0.9942635
73.980600 2.1638045 -0.8601364 30.2857952 0.0284292 -0.0805935 -0.0329802 0.9957955
74.188450 2.1450217 -0.8695841 30.4156189 0.0298921 -0.0623188 -0.0336609 0.9970405
74.396200 2.1306407 -0.8791645 30.5463066 0.0329306 -0.0421354 -0.0346244 0.9979686
74.603820 2.1220431 -0.8889866 30.6787090 0.0317107 -0.0191592 -0.0338256 0.9987408
74.811700 2.1207292 -0.9002435 30.8108768 0.0371976 0.0063005 -0.0354962 0.9986574
75.019330 2.1256156 -0.9138867 30.9438190 0.0419158 0.0346195 -0.0391377 0.9977539
75.227100 2.1381335 -0.9276564 31.0747738 0.0455228 0.0653859 -0.0395997 0.9960343
75.434820 2.1592202 -0.9438179 31.2060070 0.0507400 0.0938409 -0.0371409 0.9935995
75.642200 2.1892667 -0.9604003 31.3356590 0.0541806 0.1184286 -0.0335145 0.9909167
75.849580 2.2240620 -0.9782522 31.4667072 0.0558255 0.1407072 -0.0335033 0.9879081
76.056950 2.2653656 -0.9970496 31.5960083 0.0581552 0.1617745 -0.0323487 0.9845814
76.264200 2.3108854 -1.0158496 31.7236252 0.0568221 0.1769477 -0.0269420 0.9822092
76.471330 2.3606462 -1.0346313 31.8521500 0.0607454 0.1842340 -0.0228008 0.9807385
76.678580 2.4107370 -1.0541606 31.9799500 0.0608367 0.1881312 -0.0235654 0.9799746
76.885860 2.4619789 -1.0743129 32.1095924 0.0636071 0.1915820 -0.0235020 0.9791313
77.093250 2.5156546 -1.0948226 32.2416573 0.0649082 0.1948897 -0.0223286 0.9784203
77.300580 2.5708761 -1.1147742 32.3754272 0.0613085 0.1973730 -0.0221108 0.9781596
77.507830 2.6266136 -1.1351233 32.5116348 0.0641206 0.1984496 -0.0243122 0.9777092
77.715200 2.6838694 -1.1572216 32.6489639 0.0657484 0.1981140 -0.0233829 0.9776918
77.922710 2.7421188 -1.1801460 32.7883339 0.0653356 0.1979978 -0.0252404 0.9776968
78.130080 2.8005552 -1.2027771 32.9309082 0.0648141 0.1997528 -0.0260115 0.9773543
78.337450 2.8613262 -1.2259636 33.0749893 0.0650622 0.2020326 -0.0257965 0.9768748
78.544830 2.9245176 -1.2493355 33.2211227 0.0653491 0.2047196 -0.0262351 0.9762843
78.752330 2.9883528 -1.2734213 33.3674126 0.0646758 0.2080719 -0.0265894 0.9756106
78.959710 3.0544806 -1.2964835 33.5181961 0.0642459 0.2119808 -0.0275723 0.9747699
79.167080 3.1229076 -1.3209350 33.6695442 0.0649863 0.2148303 -0.0275094 0.9740985
79.374460 3.1929331 -1.3460071 33.8208466 0.0656736 0.2173251 -0.0270963 0.9735104
79.581950 3.2635670 -1.3716888 33.9745750 0.0657834 0.2205593 -0.0270879 0.9727756
79.685700 3.2998590 -1.3848979 34.0505219 0.0653886 0.2221965 -0.0272568 0.9724249
79.893210 3.3748446 -1.4102056 34.2062073 0.0654788 0.2262595 -0.0272462 0.9714817
80.100580 3.4510803 -1.4363329 34.3617096 0.0664659 0.2292601 -0.0263177 0.9707366
80.307980 3.5290003 -1.4619589 34.5190201 0.0671515 0.2314010 -0.0262555 0.9701829
80.515330 3.6083612 -1.4895897 34.6782188 0.0670770 0.2327989 -0.0257227 0.9698679
80.722740 3.6900177 -1.5176353 34.8387909 0.0677235 0.2338376 -0.0248117 0.9695968
80.826440 3.7309694 -1.5309620 34.9204788 0.0673365 0.2343882 -0.0242892 0.9695040
81.033840 3.8134518 -1.5593719 35.0841713 0.0671283 0.2355461 -0.0249611 0.9692207
81.137500 3.8557596 -1.5731118 35.1663666 0.0662536 0.2361032 -0.0254003 0.9691339
81.344940 3.9402390 -1.6015291 35.3308372 0.0656304 0.2370852 -0.0239203 0.9689742
81.448590 3.9823790 -1.6153336 35.4128113 0.0665052 0.2372108 -0.0240748 0.9688800
81.656060 4.0672884 -1.6435020 35.5770264 0.0667635 0.2373575 -0.0244384 0.9688172
81.863460 4.1513052 -1.6725740 35.7416725 0.0668912 0.2374138 -0.0243017 0.9687980
81.967080 4.1945238 -1.6868739 35.8247566 0.0680944 0.2369307 -0.0242790 0.9688331
82.174460 4.2790976 -1.7164886 35.9903297 0.0688136 0.2356296 -0.0218823 0.9691566
82.278210 4.3220139 -1.7309775 36.0740051 0.0682631 0.2346830 -0.0203757 0.9694580
82.381960 4.3649368 -1.7459083 36.1569939 0.0675680 0.2336445 -0.0200764 0.9697638
82.485710 4.4074554 -1.7602277 36.2400894 0.0675575 0.2329194 -0.0201373 0.9699376
82.589430 4.4494696 -1.7744849 36.3232002 0.0674425 0.2325531 -0.0195785 0.9700450
82.796920 4.5321493 -1.8023822 36.4898758 0.0682117 0.2319222 -0.0195890 0.9701420
82.900600 4.5731106 -1.8171918 36.5720100 0.0679208 0.2315569 -0.0196778 0.9702479
83.107850 4.6552153 -1.8467646 36.7372093 0.0670161 0.2312221 -0.0212815 0.9703568
83.211580 4.6968384 -1.8609595 36.8196182 0.0666810 0.2310157 -0.0201308 0.9704536
83.418960 4.7805004 -1.8893788 36.9849014 0.0666530 0.2298283 -0.0152576 0.9708262
83.626210 4.8628254 -1.9186373 37.1513557 0.0689416 0.2291654 -0.0151593 0.9708247
83.833580 4.9459600 -1.9476352 37.3191719 0.0677592 0.2284216 -0.0178605 0.9710372
84.144710 5.0662699 -1.9907541 37.5689926 0.0670818 0.2274334 -0.0204361 0.9712654
84.352100 5.1470480 -2.0182016 37.7359123 0.0661468 0.2271348 -0.0214068 0.9713784
84.559380 5.2283678 -2.0463524 37.9013367 0.0673356 0.2270662 -0.0198268 0.9713464
84.662980 5.2692251 -2.0604701 37.9837227 0.0672252 0.2266667 -0.0182385 0.9714784
84.870340 5.3488636 -2.0889034 38.1478653 0.0674523 0.2253895 -0.0172500 0.9717779
85.077720 5.4270840 -2.1172671 38.3091698 0.0681681 0.2241459 -0.0204873 0.9719527
85.388710 5.5407286 -2.1600866 38.5500259 0.0646997 0.2232698 -0.0207637 0.9723854
85.596110 5.6171827 -2.1866395 38.7076302 0.0646655 0.2230201 -0.0197826 0.9724655
85.803450 5.6913404 -2.2129107 38.8631859 0.0648241 0.2238321 -0.0199944 0.9722640
86.010840 5.7643309 -2.2391157 39.0145226 0.0643414 0.2244526 -0.0209185 0.9721336
86.218210 5.8362236 -2.2646484 39.1635323 0.0621544 0.2255422 -0.0211389 0.9720189
86.425590 5.9053297 -2.2888668 39.3047409 0.0612957 0.2260421 -0.0209418 0.9719616
86.529210 5.9394875 -2.3006222 39.3738060 0.0640208 0.2260462 -0.0202586 0.9717994
86.736730 6.0048618 -2.3237700 39.5066528 0.0634299 0.2257349 -0.0195461 0.9719251
86.840340 6.0357494 -2.3347018 39.5705528 0.0622344 0.2250085 -0.0191365 0.9721789
86.944090 6.0656967 -2.3454442 39.6326942 0.0620209 0.2241857 -0.0193830 0.9723777
87.047710 6.0943489 -2.3556414 39.6929665 0.0612571 0.2232271 -0.0198962 0.9726363
87.151360 6.1221466 -2.3656883 39.7517319 0.0599549 0.2221630 -0.0190934 0.9729771
87.358710 6.1741209 -2.3840628 39.8620262 0.0571762 0.2205211 -0.0195053 0.9735096
87.566210 6.2214117 -2.4008000 39.9633141 0.0589711 0.2199627 -0.0191272 0.9735363
87.669860 6.2434425 -2.4086075 40.0099831 0.0592018 0.2195886 -0.0193759 0.9736018
87.877340 6.2842083 -2.4232528 40.0965843 0.0585851 0.2209720 -0.0221835 0.9732662
88.085210 6.3221560 -2.4361434 40.1740952 0.0584459 0.2336889 -0.0260452 0.9702037
88.293330 6.3599548 -2.4488926 40.2422562 0.0592220 0.2593802 -0.0283009 0.9635423
88.501590 6.4020958 -2.4603112 40.3035049 0.0628367 0.2941236 -0.0257058 0.9533530
88.710100 6.4475336 -2.4713981 40.3584061 0.0627977 0.3396767 -0.0245561 0.9381222
88.918590 6.4971867 -2.4820414 40.4072571 0.0614729 0.3907465 -0.0225290 0.9181671
89.127090 6.5503445 -2.4924166 40.4463882 0.0638582 0.4466802 -0.0206986 0.8921717
89.335590 6.6060400 -2.5022988 40.4767761 0.0671496 0.5044226 -0.0205175 0.8605973
89.647840 6.6950836 -2.5163596 40.5046005 0.0729844 0.5855117 -0.0121789 0.8072800
89.855840 6.7578406 -2.5249043 40.5146790 0.0719753 0.6368731 -0.0097254 0.7675400
90.063710 6.8218493 -2.5337834 40.5154762 0.0767382 0.6849729 -0.0045021 0.7245020
90.271490 6.8870106 -2.5415697 40.5086632 0.0810293 0.7313697 -0.0078645 0.6771047
90.479340 6.9548464 -2.5492492 40.4926300 0.0811108 0.7744038 -0.0067077 0.6274351
90.686970 7.0224071 -2.5567725 40.4667053 0.0811414 0.8146369 -0.0048229 0.5742470
90.894590 7.0877752 -2.5638785 40.4302635 0.0831227 0.8515235 -0.0067525 0.5176415
91.102090 7.1529579 -2.5709612 40.3838463 0.0848353 0.8841076 -0.0078817 0.4594504
91.309470 7.2156906 -2.5777617 40.3253365 0.0857104 0.9104264 -0.0060237 0.4046495
91.516590 7.2765007 -2.5848579 40.2577896 0.0868057 0.9302641 -0.0054757 0.3564315
91.620220 7.3051987 -2.5875180 40.2206802 0.0883952 0.9377612 -0.0060992 0.3357870
91.723710 7.3334007 -2.5902915 40.1813736 0.0884870 0.9437715 -0.0061228 0.3184776
91.827240 7.3613453 -2.5937638 40.1405296 0.0887115 0.9485883 -0.0045609 0.3037923
92.034130 7.4173212 -2.5999854 40.0539742 0.0831205 0.9560841 -0.0005613 0.2810585
92.241220 7.4716816 -2.6050723 39.9627724 0.0781089 0.9618656 0.0011541 0.2621301
92.448600 7.5246477 -2.6093292 39.8666573 0.0700009 0.9675884 0.0030338 0.2426177
92.655970 7.5755968 -2.6122420 39.7659492 0.0621865 0.9731501 0.0062041 0.2215246
92.863470 7.6225224 -2.6147640 39.6609879 0.0509943 0.9787601 0.0112998 0.1982439
93.070970 7.6637135 -2.6153128 39.5529213 0.0456759 0.9837916 0.0133838 0.1728830
93.278470 7.6987581 -2.6143732 39.4407158 0.0444235 0.9880452 0.0177889 0.1465493
93.485840 7.7287035 -2.6127515 39.3249855 0.0458819 0.9910381 0.0233847 0.1232535
93.693120 7.7558422 -2.6097093 39.2067719 0.0450241 0.9926518 0.0276823 0.1088526
93.900350 7.7827506 -2.6046021 39.0851822 0.0414614 0.9932010 0.0325541 0.1037931
94.107640 7.8119001 -2.5984919 38.9607849 0.0327494 0.9935246 0.0323508 0.1038740
94.314990 7.8407373 -2.5937159 38.8355141 0.0319554 0.9934035 0.0252610 0.1071924
94.625970 7.8870602 -2.5890555 38.6385651 0.0327650 0.9924355 0.0227548 0.1161059
94.729720 7.9041796 -2.5877540 38.5724258 0.0311498 0.9922729 0.0220310 0.1180629
94.937220 7.9391479 -2.5848036 38.4382820 0.0297882 0.9923345 0.0165104 0.1187956
95.040970 7.9566269 -2.5833309 38.3702049 0.0278470 0.9923637 0.0160276 0.1190879
95.248350 7.9916191 -2.5808671 38.2309151 0.0287272 0.9921387 0.0175728 0.1205268
95.455870 8.0268345 -2.5784640 38.0892715 0.0291556 0.9917671 0.0208378 0.1229378
95.663110 8.0631247 -2.5762458 37.9485245 0.0317310 0.9912184 0.0215435 0.1265510
95.870470 8.1008930 -2.5736988 37.8082771 0.0342751 0.9905688 0.0231293 0.1306283
96.077860 8.1395350 -2.5715380 37.6682930 0.0345293 0.9899713 0.0214241 0.1352981
96.285350 8.1798744 -2.5685635 37.5284843 0.0349007 0.9895980 0.0223021 0.1377696
96.492870 8.2191830 -2.5665371 37.3906174 0.0350212 0.9893194 0.0220854 0.1397600
96.700350 8.2592907 -2.5643690 37.2552872 0.0348542 0.9892457 0.0221223 0.1403169
96.907730 8.2986088 -2.5619097 37.1220207 0.0335737 0.9892346 0.0238793 0.1404191
97.115100 8.3368416 -2.5595822 36.9914627 0.0357761 0.9890990 0.0221986 0.1411043
97.322500 8.3749628 -2.5578728 36.8624611 0.0362553 0.9887910 0.0223517 0.1431019
97.529990 8.4135952 -2.5557904 36.7373009 0.0357219 0.9884152 0.0221071 0.1458443
97.737470 8.4511709 -2.5542498 36.6156311 0.0359478 0.9879138 0.0238866 0.1488737
97.945070 8.4883499 -2.5525584 36.4993401 0.0345866 0.9876187 0.0215451 0.1514890
98.152470 8.5252132 -2.5511265 36.3871956 0.0346991 0.9874387 0.0218130 0.1525939
98.359970 8.5612001 -2.5500560 36.2817993 0.0319183 0.9874437 0.0209142 0.1532932
98.567470 8.5927649 -2.5488143 36.1822586 0.0342622 0.9869632 0.0240226 0.1554115
98.774870 8.6239471 -2.5482924 36.0911446 0.0317528 0.9866927 0.0256849 0.1573836
98.982350 8.6516418 -2.5467911 36.0081940 0.0315158 0.9863677 0.0256359 0.1594625
99.189730 8.6765833 -2.5458846 35.9336243 0.0338943 0.9860825 0.0242558 0.1609476
99.397230 8.6982203 -2.5448208 35.8678856 0.0357450 0.9858757 0.0232128 0.1619647
99.604600 8.7193537 -2.5445197 35.8111649 0.0319380 0.9860411 0.0226335 0.1618354
99.811980 8.7350416 -2.5440373 35.7618332 0.0363984 0.9856220 0.0240401 0.1632371
100.019300 8.7497187 -2.5432763 35.7196503 0.0359124 0.9856404 0.0227869 0.1634139
100.226700 8.7619400 -2.5432284 35.6838226 0.0362913 0.9854929 0.0233199 0.1641430
100.434100 8.7725477 -2.5427597 35.6534348 0.0368097 0.9854427 0.0218480 0.1645309
100.848900 8.7922754 -2.5423880 35.5959625 0.0387275 0.9853848 0.0202300 0.1646441
101.056200 8.8022671 -2.5419333 35.5677147 0.0383604 0.9854623 0.0197417 0.1643251
101.471000 8.8219624 -2.5415082 35.5115280 0.0380727 0.9854448 0.0199348 0.1644738
101.678400 8.8312759 -2.5410726 35.4840775 0.0389140 0.9853948 0.0201809 0.1645461
101.885900 8.8404942 -2.5407004 35.4582214 0.0381543 0.9854220 0.0196988 0.1646197
102.508300 8.8637457 -2.5399532 35.3916740 0.0379977 0.9854274 0.0192474 0.1646774
102.715600 8.8702297 -2.5397294 35.3717461 0.0406717 0.9853696 0.0193866 0.1643675
103.649000 8.9005413 -2.5395727 35.2879906 0.0367524 0.9854485 0.0189264 0.1648702
103.960100 8.9119911 -2.5391266 35.2555656 0.0383865 0.9852384 0.0148784 0.1661637
104.271000 8.9302063 -2.5388460 35.2075577 0.0386463 0.9845780 0.0112527 0.1702526
104.582000 8.9550562 -2.5383594 35.1439896 0.0421607 0.9829141 0.0092927 0.1789298
104.893000 8.9876366 -2.5389264 35.0648842 0.0447760 0.9801593 0.0089318 0.1928810
105.204100 9.0297813 -2.5388732 34.9729080 0.0453028 0.9770011 0.0093789 0.2081550
105.411500 9.0624475 -2.5393250 34.9041367 0.0464547 0.9748015 0.0115884 0.2178753
105.618900 9.0990953 -2.5394387 34.8308411 0.0473490 0.9726749 0.0143179 0.2268403
105.826500 9.1409006 -2.5397115 34.7536011 0.0432387 0.9714282 0.0172069 0.2327263
106.034100 9.1852827 -2.5395913 34.6713409 0.0388171 0.9707939 0.0168034 0.2361568
106.241700 9.2319345 -2.5384183 34.5849304 0.0367281 0.9703240 0.0170950 0.2383908
106.449200 9.2800913 -2.5374517 34.4933777 0.0386620 0.9699005 0.0170201 0.2398095
106.656800 9.3321304 -2.5379143 34.4000015 0.0338277 0.9696646 0.0096267 0.2418958
106.968000 9.4138832 -2.5382619 34.2478409 0.0369286 0.9690713 0.0093469 0.2438232
107.382900 9.5341949 -2.5391393 34.0342178 0.0346647 0.9681203 0.0118613 0.2477917
107.693900 9.6293278 -2.5397704 33.8646317 0.0371095 0.9660820 0.0139234 0.2551754
107.901200 9.6958189 -2.5403483 33.7501640 0.0398749 0.9646167 0.0153846 0.2601693
108.108700 9.7630911 -2.5414939 33.6369324 0.0409366 0.9637676 0.0129520 0.2632650
108.316200 9.8310156 -2.5434375 33.5247498 0.0387045 0.9638224 0.0100171 0.2635300
108.523700 9.9000282 -2.5452938 33.4112091 0.0359867 0.9643377 0.0084023 0.2620823
108.731200 9.9666233 -2.5471947 33.2969322 0.0370955 0.9647340 0.0098305 0.2604143
108.938900 10.0338478 -2.5494721 33.1808205 0.0375269 0.9654006 0.0092986 0.2578893
109.146400 10.1007633 -2.5515172 33.0636024 0.0383680 0.9660325 0.0086667 0.2554095
109.457600 10.2004414 -2.5557718 32.8863144 0.0379883 0.9670472 0.0084774 0.2516046
109.768700 10.3010836 -2.5590887 32.7053833 0.0387384 0.9678429 0.0069444 0.2484578
109.976100 10.3681355 -2.5613041 32.5841751 0.0381923 0.9679560 0.0076265 0.2480813
110.183500 10.4357033 -2.5643415 32.4630127 0.0373811 0.9679561 0.0064312 0.2482384
110.390900 10.5044479 -2.5672295 32.3411674 0.0377535 0.9676936 0.0062429 0.2492082
110.598200 10.5730782 -2.5701909 32.2182922 0.0378187 0.9673098 0.0049510 0.2507130
110.909200 10.6777000 -2.5758719 32.0346222 0.0375383 0.9664991 0.0038284 0.2538810
111.116600 10.7486448 -2.5792465 31.9127216 0.0368139 0.9659127 0.0065688 0.2561528
111.324000 10.8187208 -2.5826263 31.7916603 0.0380877 0.9653623 0.0058920 0.2580510
111.531400 10.8878155 -2.5861273 31.6719551 0.0400859 0.9646652 0.0051869 0.2603597
111.738700 10.9576340 -2.5898771 31.5535431 0.0404525 0.9641775 0.0027935 0.2621401
111.842400 10.9927492 -2.5917411 31.4951649 0.0395265 0.9639011 0.0030085 0.2632931
112.049700 11.0633335 -2.5962203 31.3780117 0.0370873 0.9636554 0.0072207 0.2644632
112.257100 11.1325798 -2.5997181 31.2632370 0.0347807 0.9639136 0.0039391 0.2639039
112.464600 11.1999903 -2.6034198 31.1482220 0.0375526 0.9643425 0.0027315 0.2619656
112.568200 11.2330847 -2.6053929 31.0916672 0.0399892 0.9646145 0.0040575 0.2605827
112.775600 11.2973509 -2.6093266 30.9786987 0.0426725 0.9649288 0.0040379 0.2589888
112.983000 11.3616648 -2.6135862 30.8687134 0.0426760 0.9655599 0.0035594 0.2566323
113.190500 11.4230928 -2.6187294 30.7629509 0.0412544 0.9662968 -0.0037843 0.2540752
113.397800 11.4807940 -2.6244082 30.6611404 0.0394126 0.9667970 -0.0085706 0.2523426
113.605200 11.5351191 -2.6305954 30.5634727 0.0416956 0.9670516 -0.0042997 0.2511058
113.812600 11.5848055 -2.6363795 30.4734840 0.0440912 0.9671034 -0.0047095 0.2504890
114.020100 11.6299620 -2.6414440 30.3916969 0.0480678 0.9669313 -0.0084000 0.2503254
114.331400 11.6920061 -2.6490698 30.2801666 0.0468414 0.9668586 -0.0069841 0.2508817
114.850000 11.7845860 -2.6606669 30.1179695 0.0433202 0.9672128 -0.0110804 0.2500000
115.161100 11.8346596 -2.6672332 30.0294991 0.0406200 0.9675878 -0.0102697 0.2490349
115.679700 11.9081030 -2.6765237 29.8944283 0.0456209 0.9676756 -0.0092764 0.2478643
116.198300 11.9717607 -2.6849334 29.7773800 0.0483462 0.9671903 -0.0125004 0.2490969
116.613300 12.0158520 -2.6909590 29.6980629 0.0532557 0.9657374 -0.0151587 0.2535455
117.235400 12.0702772 -2.6993265 29.6071777 0.0513786 0.9639354 -0.0171101 0.2605688
117.754000 12.1018705 -2.7046618 29.5535488 0.0520540 0.9638674 -0.0206208 0.2604318
118.376300 12.1288500 -2.7091079 29.5078468 0.0520059 0.9635559 -0.0230480 0.2613890
119.102100 12.1501446 -2.7126596 29.4728222 0.0516401 0.9632094 -0.0248682 0.2625692
119.413200 12.1564617 -2.7137375 29.4617462 0.0525358 0.9630202 -0.0250477 0.2630678
120.035500 12.1651621 -2.7154570 29.4470425 0.0527889 0.9628279 -0.0257864 0.2636489
121.072400 12.1720829 -2.7165699 29.4360180 0.0527604 0.9627028 -0.0275351 0.2639346
122.005600 12.1865177 -2.7191465 29.4123859 0.0519283 0.9627761 -0.0272007 0.2638668
122.213100 12.1915417 -2.7199836 29.4039116 0.0521759 0.9627035 -0.0272787 0.2640750
122.420500 12.1973295 -2.7209921 29.3940411 0.0527636 0.9627143 -0.0272186 0.2639248
123.042600 12.2189350 -2.7248449 29.3576965 0.0517688 0.9626715 -0.0269403 0.2643064
123.250000 12.2270298 -2.7261939 29.3439579 0.0528482 0.9626266 -0.0272993 0.2642193
123.457400 12.2354603 -2.7277522 29.3295288 0.0535295 0.9626101 -0.0270464 0.2641683
123.664800 12.2436228 -2.7294044 29.3144722 0.0560071 0.9625407 -0.0256396 0.2640475
124.079600 12.2596025 -2.7326112 29.2885876 0.0551137 0.9626179 -0.0253158 0.2639854
124.287000 12.2661009 -2.7337894 29.2779579 0.0551498 0.9624673 -0.0247310 0.2645818
