0.000000 0.0000000 0.0000000 0.0000000 0.0000000 0.0000000 0.0000000 1.0000000
0.104128 -0.0001143 -0.0007649 0.0472293 -0.0008463 -0.0001557 0.0003395 0.9999996
0.208254 -0.0002406 -0.0014391 0.0942570 -0.0008367 -0.0003748 0.0008582 0.9999992
0.312504 -0.0003288 -0.0021783 0.1412428 -0.0003980 -0.0004543 0.0016787 0.9999984
0.416625 -0.0005395 -0.0029398 0.1879923 -0.0004657 -0.0004130 0.0019300 0.9999979
0.520755 -0.0004902 -0.0037119 0.2356817 -0.0008826 -0.0005469 0.0020936 0.9999973
0.625004 -0.0009062 -0.0043479 0.2827951 -0.0015036 -0.0002908 0.0027926 0.9999949
0.729128 -0.0010514 -0.0049652 0.3301790 -0.0017043 -0.0004341 0.0025866 0.9999951
0.833252 -0.0012376 -0.0056987 0.3779870 -0.0008395 -0.0006148 0.0021857 0.9999971
0.937506 -0.0014473 -0.0063157 0.4253943 0.0003317 -0.0007825 0.0008442 0.9999993
1.041630 -0.0020647 -0.0071936 0.4727006 0.0007045 -0.0006338 -0.0008000 0.9999992
1.145875 -0.0024409 -0.0079451 0.5209317 0.0007761 -0.0006420 -0.0020298 0.9999974
1.354255 -0.0028076 -0.0095579 0.6170067 -0.0010740 -0.0004231 -0.0012575 0.9999985
1.562526 -0.0030224 -0.0107127 0.7129480 -0.0007796 -0.0004262 0.0021163 0.9999974
1.771007 -0.0033821 -0.0122259 0.8092787 0.0010030 -0.0001488 0.0014055 0.9999985
1.979377 -0.0040235 -0.0138329 0.9063296 -0.0019047 0.0004606 -0.0002353 0.9999980
2.187759 -0.0042208 -0.0148409 1.0039902 -0.0019660 0.0005979 0.0030700 0.9999931
2.396132 -0.0043000 -0.0163021 1.1021155 0.0005203 0.0008030 0.0033383 0.9999940
2.604383 -0.0048887 -0.0180974 1.2011249 0.0018733 0.0013984 0.0012913 0.9999964
2.812757 -0.0049666 -0.0197790 1.3010666 0.0010717 0.0011834 0.0006977 0.9999985
3.021006 -0.0053803 -0.0217232 1.4014889 -0.0000020 0.0010880 -0.0012290 0.9999986
3.229379 -0.0058208 -0.0233217 1.5032637 -0.0000480 0.0011099 -0.0035699 0.9999930
3.437629 -0.0061460 -0.0251313 1.6048559 -0.0000811 0.0007379 -0.0036198 0.9999931
3.645880 -0.0064684 -0.0266760 1.7062473 0.0000963 -0.0000692 -0.0025735 0.9999967
3.854131 -0.0072180 -0.0282538 1.8087543 -0.0002607 -0.0010559 -0.0028272 0.9999954
4.062383 -0.0083313 -0.0295089 1.9116333 -0.0007125 -0.0019554 -0.0030150 0.9999933
4.270633 -0.0092903 -0.0311561 2.0147564 -0.0013729 -0.0026781 -0.0013647 0.9999945
4.478884 -0.0101875 -0.0326577 2.1173973 -0.0012669 -0.0029351 0.0005850 0.9999947
4.687259 -0.0109117 -0.0337808 2.2216551 -0.0019108 -0.0025405 0.0021978 0.9999925
4.895505 -0.0117713 -0.0353398 2.3248150 -0.0013436 -0.0021521 0.0042730 0.9999877
5.103758 -0.0123771 -0.0367166 2.4274669 -0.0010150 -0.0017114 0.0033637 0.9999924
5.311998 -0.0132663 -0.0381530 2.5290754 -0.0022719 -0.0011121 0.0000014 0.9999968
5.520244 -0.0151323 -0.0400083 2.6285758 -0.0023991 -0.0002613 -0.0044910 0.9999870
5.728633 -0.0161418 -0.0413933 2.7289298 -0.0019744 0.0004305 -0.0068107 0.9999748
5.936757 -0.0169653 -0.0432570 2.8288405 -0.0021065 0.0007432 -0.0064664 0.9999766
6.145012 -0.0163929 -0.0444566 2.9275780 -0.0016969 0.0001874 -0.0050957 0.9999856
6.353135 -0.0176147 -0.0459909 3.0269833 -0.0015258 -0.0000688 -0.0050308 0.9999862
6.561386 -0.0186131 -0.0472504 3.1248438 -0.0020470 -0.0008412 -0.0046937 0.9999865
6.769636 -0.0189997 -0.0485402 3.2235510 -0.0026981 -0.0021743 -0.0025737 0.9999907
6.977759 -0.0198875 -0.0502202 3.3206594 -0.0026763 -0.0028424 -0.0006431 0.9999922
7.186013 -0.0206228 -0.0514547 3.4173691 -0.0021302 -0.0030995 -0.0001382 0.9999929
7.394135 -0.0215958 -0.0530647 3.5139592 -0.0016764 -0.0030118 -0.0001441 0.9999940
7.602386 -0.0227143 -0.0543924 3.6093149 -0.0025626 -0.0027325 -0.0005297 0.9999928
7.810511 -0.0239338 -0.0556782 3.7041862 -0.0024491 -0.0025163 -0.0011903 0.9999931
8.018763 -0.0251273 -0.0571203 3.7988977 -0.0005850 -0.0025053 -0.0008511 0.9999963
8.226883 -0.0260186 -0.0585986 3.8939354 -0.0022386 -0.0020537 0.0013967 0.9999944
8.435138 -0.0265863 -0.0600095 3.9885426 -0.0019241 -0.0013096 0.0027943 0.9999934
8.643387 -0.0275422 -0.0614868 4.0824065 0.0003171 -0.0002923 0.0006569 0.9999997
8.851635 -0.0281811 -0.0629656 4.1767907 -0.0006412 0.0010403 -0.0015206 0.9999981
9.059886 -0.0281361 -0.0643106 4.2711105 -0.0020345 0.0019449 -0.0012659 0.9999952
9.268135 -0.0280067 -0.0657618 4.3649797 -0.0015722 0.0030030 -0.0024433 0.9999912
9.476392 -0.0282662 -0.0668992 4.4602356 -0.0007727 0.0041719 -0.0038670 0.9999835
9.684640 -0.0278019 -0.0682714 4.5542331 -0.0002456 0.0052227 -0.0037917 0.9999791
9.892888 -0.0272342 -0.0699090 4.6499109 -0.0013204 0.0059142 -0.0029216 0.9999774
10.101140 -0.0266875 -0.0714121 4.7439861 -0.0014262 0.0062993 -0.0019158 0.9999773
10.309390 -0.0258989 -0.0727654 4.8389511 -0.0016356 0.0058649 -0.0003277 0.9999814
10.517510 -0.0251523 -0.0743104 4.9330463 -0.0020507 0.0047213 0.0008967 0.9999864
10.829890 -0.0249776 -0.0766976 5.0736785 -0.0018976 0.0031516 0.0019000 0.9999914
11.142270 -0.0243933 -0.0788718 5.2150774 -0.0003465 0.0014924 0.0058822 0.9999815
11.454640 -0.0239000 -0.0807815 5.3564124 -0.0006191 -0.0002687 0.0148966 0.9998888
11.663020 -0.0245224 -0.0824795 5.4504232 0.0020308 0.0005007 0.0124548 0.9999202
11.975390 -0.0243089 -0.0850684 5.5921102 -0.0010023 0.0014546 0.0169232 0.9998552
12.287890 -0.0238273 -0.0870521 5.7348633 -0.0020038 0.0018596 0.0185937 0.9998234
12.600390 -0.0244117 -0.0895009 5.8787498 -0.0001638 0.0033926 0.0132004 0.9999071
12.912790 -0.0241283 -0.0921168 6.0239205 0.0005996 0.0031309 0.0103074 0.9999418
13.225270 -0.0247429 -0.0952717 6.1691828 0.0019273 0.0029627 0.0033518 0.9999881
13.537640 -0.0241026 -0.0975578 6.3138533 -0.0003799 0.0027361 0.0030993 0.9999914
13.850020 -0.0242161 -0.1003555 6.4617023 0.0037735 0.0000588 0.0033990 0.9999871
14.162520 -0.0269240 -0.1040642 6.6101880 0.0019009 0.0001486 -0.0019027 0.9999964
14.474890 -0.0277360 -0.1063894 6.7577982 0.0002004 0.0003337 -0.0011560 0.9999992
14.787290 -0.0272087 -0.1087244 6.9075232 -0.0006002 0.0005562 0.0032732 0.9999943
14.995520 -0.0273981 -0.1099827 7.0072103 -0.0012569 0.0010996 0.0067502 0.9999758
15.203790 -0.0279134 -0.1116785 7.1082635 0.0034475 0.0013258 0.0020930 0.9999910
15.412140 -0.0285448 -0.1138600 7.2098241 0.0015764 0.0025675 -0.0061191 0.9999768
15.620390 -0.0288734 -0.1155176 7.3118601 0.0002807 0.0028238 -0.0059984 0.9999780
15.828640 -0.0284889 -0.1170365 7.4140725 0.0007246 0.0017192 -0.0034130 0.9999924
16.036770 -0.0285271 -0.1188954 7.5175385 0.0008324 0.0012543 -0.0041198 0.9999904
16.245020 -0.0289054 -0.1208148 7.6209335 0.0006204 0.0010534 -0.0043899 0.9999896
16.453270 -0.0293428 -0.1226848 7.7245269 0.0012695 0.0008004 -0.0038900 0.9999913
16.661520 -0.0300461 -0.1243580 7.8292942 0.0015693 0.0005390 -0.0042544 0.9999896
16.869650 -0.0303104 -0.1266128 7.9333458 0.0017250 0.0001055 -0.0045758 0.9999880
17.077890 -0.0307897 -0.1285210 8.0385590 0.0018452 -0.0001336 -0.0046789 0.9999874
17.286140 -0.0312610 -0.1304615 8.1441317 0.0019760 -0.0002693 -0.0033353 0.9999924
17.494400 -0.0316666 -0.1326564 8.2500906 0.0014869 -0.0002547 -0.0019041 0.9999970
17.702520 -0.0326459 -0.1350059 8.3565569 0.0013953 -0.0001319 -0.0021057 0.9999968
17.910650 -0.0327831 -0.1366355 8.4629574 0.0014747 0.0000459 -0.0028389 0.9999949
18.118900 -0.0334674 -0.1385249 8.5696783 0.0002193 0.0007908 -0.0028484 0.9999956
18.327020 -0.0339944 -0.1405005 8.6762476 0.0017526 0.0013564 -0.0032440 0.9999923
18.535360 -0.0340202 -0.1428394 8.7840710 0.0007617 0.0012367 -0.0029923 0.9999945
18.743480 -0.0344808 -0.1449684 8.8915339 0.0004683 0.0010962 -0.0033405 0.9999937
18.951650 -0.0351948 -0.1466700 8.9985361 0.0004968 0.0014015 -0.0046209 0.9999882
19.159650 -0.0356475 -0.1484310 9.1066771 0.0003101 0.0012941 -0.0040020 0.9999911
19.367870 -0.0355708 -0.1498396 9.2153225 -0.0001772 0.0011616 -0.0018958 0.9999975
19.575900 -0.0360551 -0.1519885 9.3234587 0.0003629 0.0010728 -0.0000515 0.9999993
19.784020 -0.0360266 -0.1534632 9.4312897 -0.0012397 0.0014579 0.0017212 0.9999967
19.992130 -0.0365940 -0.1549780 9.5386105 -0.0002338 0.0019785 0.0019327 0.9999961
20.200150 -0.0367025 -0.1569008 9.6467724 -0.0002667 0.0027625 0.0003506 0.9999961
20.512310 -0.0368685 -0.1603372 9.8082237 0.0000247 0.0043291 -0.0022652 0.9999881
20.720420 -0.0366780 -0.1623933 9.9164743 0.0008119 0.0054241 -0.0028690 0.9999809
20.928690 -0.0357947 -0.1642127 10.0252676 0.0001177 0.0060038 -0.0018800 0.9999802
21.136780 -0.0344369 -0.1663167 10.1333017 0.0012557 0.0061808 -0.0015442 0.9999789
21.344920 -0.0334307 -0.1689187 10.2414789 0.0021836 0.0057053 -0.0012517 0.9999806
21.552900 -0.0326821 -0.1708229 10.3508615 0.0026289 0.0048078 -0.0006375 0.9999848
21.761020 -0.0326226 -0.1732921 10.4602404 0.0025202 0.0043066 -0.0013800 0.9999866
21.969150 -0.0317472 -0.1761645 10.5700235 0.0016178 0.0032207 -0.0008520 0.9999931
22.177150 -0.0315632 -0.1779166 10.6796436 0.0009958 0.0033775 -0.0020970 0.9999916
22.385270 -0.0313738 -0.1793005 10.7885408 0.0013164 0.0040547 -0.0017834 0.9999893
22.593280 -0.0315816 -0.1817265 10.8984184 0.0026737 0.0045058 -0.0000548 0.9999863
22.801400 -0.0310836 -0.1840164 11.0099068 0.0036315 0.0033237 -0.0002008 0.9999878
23.009400 -0.0313463 -0.1864682 11.1218367 0.0016579 0.0021598 -0.0012127 0.9999955
23.217420 -0.0307433 -0.1884953 11.2360725 -0.0002300 0.0023200 -0.0000865 0.9999973
23.425400 -0.0309043 -0.1901913 11.3489380 0.0005000 0.0026746 0.0008419 0.9999959
23.633550 -0.0310353 -0.1921933 11.4611845 0.0005688 0.0032446 0.0001442 0.9999946
23.841660 -0.0311759 -0.1945673 11.5737133 0.0011363 0.0038852 -0.0007757 0.9999915
24.049650 -0.0305240 -0.1967929 11.6859264 -0.0004242 0.0043238 0.0006757 0.9999903
24.257780 -0.0298019 -0.1988408 11.7983227 0.0003072 0.0041915 0.0002261 0.9999911
24.465780 -0.0293371 -0.2009697 11.9098635 0.0027922 0.0036486 -0.0014772 0.9999884
24.673900 -0.0292007 -0.2036158 12.0214930 0.0007352 0.0028847 -0.0025188 0.9999924
24.882030 -0.0292898 -0.2055540 12.1338844 -0.0000447 0.0016586 -0.0034687 0.9999926
25.090170 -0.0292966 -0.2076341 12.2439098 0.0000794 -0.0002558 -0.0022468 0.9999974
25.298280 -0.0297128 -0.2094825 12.3544312 0.0003260 -0.0008641 -0.0015923 0.9999983
25.506530 -0.0303758 -0.2111063 12.4656916 0.0010207 -0.0012000 -0.0010852 0.9999982
25.714650 -0.0312137 -0.2134281 12.5761719 0.0012354 -0.0010528 -0.0006581 0.9999985
25.922780 -0.0317710 -0.2156944 12.6867409 0.0014743 -0.0009976 -0.0002433 0.9999984
26.130900 -0.0320296 -0.2180999 12.7975798 0.0026145 -0.0012050 0.0002107 0.9999958
26.339150 -0.0324279 -0.2202363 12.9078102 0.0012470 -0.0012081 0.0018121 0.9999968
26.547800 -0.0330989 -0.2224648 13.0178480 0.0019978 -0.0010087 0.0015224 0.9999963
26.757930 -0.0336608 -0.2248988 13.1280212 0.0009949 -0.0008122 0.0003978 0.9999991
26.862580 -0.0342494 -0.2255653 13.1833735 0.0014111 -0.0003856 0.0002305 0.9999989
27.067820 -0.0350106 -0.2278550 13.2950783 0.0018596 -0.0001796 0.0001004 0.9999983
27.276060 -0.0352435 -0.2299806 13.4077463 0.0019677 -0.0002567 -0.0007810 0.9999977
27.380140 -0.0354992 -0.2310156 13.4637976 0.0017799 -0.0002142 -0.0014647 0.9999973
27.588410 -0.0363552 -0.2329587 13.5746508 0.0028793 0.0002854 -0.0027958 0.9999919
27.692530 -0.0365186 -0.2343559 13.6281805 0.0025426 0.0004441 -0.0027104 0.9999930
27.796540 -0.0367151 -0.2355648 13.6830969 0.0020376 0.0006467 -0.0034937 0.9999916
28.005230 -0.0370154 -0.2378070 13.7918730 0.0022189 0.0011551 -0.0047348 0.9999856
