0.000000 0.0000060 0.0000010 -0.0000320 -0.0000003 0.0000428 0.0000020 1.0000000
0.519499 -0.0049892 -0.0002454 0.0428925 0.0019802 -0.0209391 -0.0007999 0.9997784
0.830874 -0.0114427 -0.0004344 0.0776757 0.0024468 -0.0451609 -0.0000330 0.9989767
0.934622 -0.0144774 -0.0006142 0.0907995 0.0025678 -0.0551247 0.0005092 0.9984760
1.245873 -0.0282241 -0.0020991 0.1334616 0.0044492 -0.0912290 -0.0035509 0.9958137
1.349627 -0.0339758 -0.0026339 0.1482544 0.0051212 -0.1049417 -0.0050345 0.9944524
1.660772 -0.0559081 -0.0035730 0.1959472 0.0050366 -0.1518917 -0.0075904 0.9883552
2.282875 -0.1167718 -0.0049063 0.2881016 0.0050044 -0.2639068 -0.0080198 0.9645019
2.593620 -0.1634765 -0.0058768 0.3323807 0.0029333 -0.3356545 -0.0133085 0.9418866
2.800890 -0.2006201 -0.0065249 0.3604458 0.0012653 -0.3877145 -0.0105922 0.9217178
3.008248 -0.2436945 -0.0061963 0.3864705 -0.0008816 -0.4400330 -0.0075134 0.8979498
3.215751 -0.2913812 -0.0038822 0.4054002 -0.0004735 -0.4918193 -0.0086521 0.8706542
3.423126 -0.3462480 -0.0051383 0.4212908 -0.0052725 -0.5424626 -0.0077393 0.8400277
3.630648 -0.4139110 -0.0046093 0.4376637 -0.0086507 -0.5914258 -0.0083423 0.8062698
3.838251 -0.4885766 -0.0033809 0.4486968 -0.0119503 -0.6342377 -0.0065682 0.7730178
4.046284 -0.5697236 -0.0018807 0.4513830 -0.0103874 -0.6685826 -0.0086836 0.7435146
4.254380 -0.6579978 -0.0001061 0.4510077 -0.0085134 -0.6952565 -0.0074572 0.7186726
4.358512 -0.7045396 0.0004235 0.4489226 -0.0076528 -0.7064291 -0.0063450 0.7077140
4.462646 -0.7527463 0.0007982 0.4458856 -0.0067476 -0.7157942 -0.0060210 0.6982527
4.566885 -0.8028500 0.0019691 0.4421165 -0.0056455 -0.7231049 -0.0053149 0.6906947
4.775500 -0.9084668 0.0035608 0.4323154 -0.0058340 -0.7330595 -0.0048382 0.6801223
4.984250 -1.0194979 0.0038668 0.4209999 -0.0056417 -0.7386232 -0.0067676 0.6740609
5.192878 -1.1375736 0.0052196 0.4086212 -0.0070178 -0.7405135 -0.0066171 0.6719722
5.401501 -1.2622241 0.0067817 0.3967343 -0.0089400 -0.7396301 -0.0077548 0.6729096
5.610008 -1.3912213 0.0079870 0.3834738 -0.0068411 -0.7383335 -0.0082789 0.6743503
5.818377 -1.5275034 0.0103451 0.3713730 -0.0076454 -0.7372778 -0.0092065 0.6754837
6.026772 -1.6692801 0.0119446 0.3593672 -0.0090501 -0.7360218 -0.0118610 0.6767934
6.235023 -1.8170310 0.0144645 0.3461421 -0.0062705 -0.7347560 -0.0122077 0.6781927
6.443143 -1.9696872 0.0173756 0.3340437 -0.0075410 -0.7337282 -0.0119780 0.6792957
6.651280 -2.1262071 0.0197498 0.3216787 -0.0099244 -0.7328133 -0.0122839 0.6802465
6.859377 -2.2835672 0.0213973 0.3101339 -0.0063983 -0.7325694 -0.0075473 0.6806204
7.067377 -2.4446533 0.0231666 0.2982414 -0.0065558 -0.7328160 -0.0045230 0.6803803
7.275272 -2.6093588 0.0243550 0.2850095 -0.0110770 -0.7327928 -0.0104414 0.6802815
7.483251 -2.7739556 0.0263094 0.2708583 -0.0117956 -0.7328479 -0.0139587 0.6801471
7.691129 -2.9372244 0.0291816 0.2573874 -0.0095055 -0.7330163 -0.0117188 0.6800438
8.003004 -3.1797471 0.0319118 0.2392491 -0.0091212 -0.7330213 -0.0138399 0.6800038
8.315006 -3.4221869 0.0349619 0.2192989 -0.0055085 -0.7324494 -0.0113622 0.6807044
8.626899 -3.6668289 0.0378614 0.2002221 -0.0105817 -0.7316961 -0.0152681 0.6813778
8.834756 -3.8265424 0.0402803 0.1882513 -0.0116192 -0.7315350 -0.0166189 0.6815023
9.146631 -4.0645647 0.0442454 0.1696736 -0.0060858 -0.7311394 -0.0142581 0.6820519
9.458529 -4.3039088 0.0473652 0.1521491 -0.0042829 -0.7320129 -0.0104002 0.6811979
9.770380 -4.5409966 0.0484671 0.1334372 -0.0095422 -0.7331097 -0.0109069 0.6799560
10.082130 -4.7732182 0.0505182 0.1139710 -0.0086897 -0.7344844 -0.0110688 0.6784796
10.393880 -4.9998145 0.0523211 0.0921232 -0.0037270 -0.7352929 -0.0135148 0.6776045
10.705630 -5.2214394 0.0537570 0.0737379 -0.0031581 -0.7359775 -0.0148978 0.6768347
11.017510 -5.4383116 0.0568935 0.0561762 -0.0069974 -0.7363654 -0.0170027 0.6763341
11.537150 -5.7836924 0.0615986 0.0256187 -0.0050317 -0.7367550 -0.0142908 0.6759900
11.953260 -6.0397305 0.0630675 0.0051297 -0.0040592 -0.7322106 -0.0149115 0.6809030
12.473910 -6.3245125 0.0660826 -0.0059368 -0.0042857 -0.7109190 -0.0191007 0.7030014
12.682390 -6.4255195 0.0663185 -0.0006993 -0.0048418 -0.6940576 -0.0194087 0.7196416
13.099880 -6.6020508 0.0685267 0.0268816 -0.0062084 -0.6407696 -0.0167999 0.7675243
13.413260 -6.7173085 0.0685656 0.0682561 -0.0098589 -0.5824268 -0.0104069 0.8127567
13.726510 -6.8218527 0.0701071 0.1292512 -0.0108658 -0.5125334 -0.0037728 0.8585903
14.039380 -6.9139891 0.0707821 0.2074742 -0.0169864 -0.4415861 0.0053720 0.8970420
14.247880 -6.9686146 0.0710327 0.2658784 -0.0120384 -0.3920137 0.0073496 0.9198512
14.352150 -6.9937992 0.0715489 0.2975550 -0.0059836 -0.3657507 0.0082387 0.9306571
14.456380 -7.0186687 0.0714660 0.3314157 -0.0012483 -0.3381734 0.0071676 0.9410557
14.560630 -7.0424900 0.0714992 0.3690310 0.0005071 -0.3101354 0.0070338 0.9506662
14.664880 -7.0647349 0.0710341 0.4093709 0.0013445 -0.2819051 0.0072651 0.9594138
14.873160 -7.1064382 0.0696711 0.4976420 0.0023750 -0.2273377 0.0055812 0.9737971
15.081160 -7.1437521 0.0680695 0.5954032 0.0037687 -0.1810764 -0.0002147 0.9834618
15.288760 -7.1764545 0.0669679 0.7033358 0.0024188 -0.1461205 -0.0027259 0.9892601
15.496190 -7.2056599 0.0662253 0.8203695 0.0005910 -0.1225418 -0.0020087 0.9924611
15.703610 -7.2332726 0.0651329 0.9444904 -0.0011851 -0.1053771 -0.0056621 0.9944155
15.911010 -7.2581959 0.0637675 1.0746889 -0.0017502 -0.0919832 -0.0068600 0.9957354
16.118550 -7.2803478 0.0633716 1.2110509 -0.0018848 -0.0776927 -0.0071169 0.9969501
16.326140 -7.3004661 0.0621019 1.3541430 -0.0008159 -0.0640346 -0.0081282 0.9979143
16.533760 -7.3170214 0.0600467 1.5009041 0.0047031 -0.0536065 -0.0079316 0.9985195
16.741260 -7.3326507 0.0585482 1.6542332 0.0018254 -0.0462324 -0.0085453 0.9988925
16.948890 -7.3478589 0.0559417 1.8093350 -0.0040773 -0.0415015 -0.0109934 0.9990696
17.156420 -7.3602958 0.0542750 1.9622960 -0.0031546 -0.0382614 -0.0105282 0.9992073
17.364000 -7.3717523 0.0524121 2.1157463 -0.0056664 -0.0356035 -0.0088824 0.9993104
17.571660 -7.3826799 0.0515661 2.2685370 -0.0047004 -0.0327745 -0.0072936 0.9994251
17.779390 -7.3937511 0.0496621 2.4190907 0.0027477 -0.0310789 -0.0092256 0.9994706
17.987010 -7.4038801 0.0462616 2.5692649 0.0038845 -0.0293254 -0.0105066 0.9995071
18.194760 -7.4137630 0.0434667 2.7200651 -0.0005234 -0.0271448 -0.0133958 0.9995416
18.402390 -7.4224086 0.0410317 2.8705273 -0.0015084 -0.0252243 -0.0111164 0.9996189
18.610130 -7.4302568 0.0390595 3.0195448 -0.0005409 -0.0242072 -0.0098458 0.9996583
18.817760 -7.4377141 0.0367046 3.1701772 -0.0000593 -0.0235241 -0.0083245 0.9996886
19.025510 -7.4464178 0.0347498 3.3228946 -0.0001505 -0.0230341 -0.0100053 0.9996846
19.233260 -7.4543233 0.0323524 3.4775507 -0.0004444 -0.0250304 -0.0087959 0.9996479
19.440890 -7.4650202 0.0301146 3.6339707 -0.0001919 -0.0280352 -0.0115287 0.9995404
19.648510 -7.4763436 0.0280958 3.7922413 0.0041182 -0.0306108 -0.0124627 0.9994452
19.960140 -7.4941573 0.0228310 4.0348191 0.0036070 -0.0337401 -0.0113929 0.9993592
20.167930 -7.5060515 0.0206682 4.2016006 0.0009885 -0.0355115 -0.0107309 0.9993111
20.479750 -7.5253983 0.0176200 4.4531112 -0.0024857 -0.0348965 -0.0119322 0.9993166
20.687510 -7.5377536 0.0156451 4.6205268 -0.0008049 -0.0333023 -0.0106099 0.9993887
20.999260 -7.5569096 0.0132366 4.8721552 -0.0012348 -0.0309416 -0.0068785 0.9994968
21.311120 -7.5745926 0.0098909 5.1238217 -0.0009730 -0.0296517 -0.0059828 0.9995419
21.622900 -7.5919118 0.0045148 5.3680573 0.0075858 -0.0284704 -0.0107389 0.9995081
21.934640 -7.6071424 -0.0016496 5.6115971 0.0004247 -0.0283390 -0.0083558 0.9995633
22.142620 -7.6171427 -0.0042955 5.7707882 -0.0022830 -0.0304611 -0.0066569 0.9995112
22.350390 -7.6271715 -0.0073940 5.9267225 -0.0000252 -0.0329076 -0.0038597 0.9994509
22.558370 -7.6396704 -0.0105715 6.0799513 0.0028359 -0.0360071 -0.0057523 0.9993309
22.766140 -7.6533203 -0.0141817 6.2314444 0.0066553 -0.0396698 -0.0073190 0.9991639
22.974020 -7.6689167 -0.0179983 6.3820391 0.0059553 -0.0431627 -0.0114860 0.9989843
23.181990 -7.6850467 -0.0218717 6.5310068 0.0001729 -0.0472147 -0.0127718 0.9988031
23.389770 -7.7019830 -0.0236144 6.6763992 -0.0019536 -0.0531006 -0.0124298 0.9985099
23.597640 -7.7212391 -0.0256888 6.8208137 -0.0036241 -0.0591824 -0.0116445 0.9981727
23.805540 -7.7428460 -0.0274858 6.9627700 -0.0012160 -0.0651811 -0.0151761 0.9977573
24.013390 -7.7639093 -0.0291877 7.1023884 0.0010048 -0.0711810 -0.0153003 0.9973456
24.221270 -7.7873821 -0.0307021 7.2425427 -0.0034887 -0.0768391 -0.0163479 0.9969034
24.429140 -7.8111587 -0.0330696 7.3777585 -0.0029078 -0.0835754 -0.0150312 0.9963838
24.636890 -7.8360953 -0.0345237 7.5097451 0.0014665 -0.0926246 -0.0128872 0.9956166
24.844640 -7.8637981 -0.0361669 7.6429944 -0.0030933 -0.1041734 -0.0121294 0.9944804
25.052390 -7.8959599 -0.0366694 7.7731848 -0.0084256 -0.1161002 -0.0128109 0.9931191
25.364010 -7.9494896 -0.0374934 7.9632163 0.0012880 -0.1344834 -0.0142163 0.9908130
25.571790 -7.9884105 -0.0382608 8.0917635 -0.0049694 -0.1469501 -0.0131228 0.9890444
25.883390 -8.0535793 -0.0386726 8.2813768 -0.0046389 -0.1659573 -0.0107937 0.9860629
26.195270 -8.1229382 -0.0400565 8.4676027 0.0024343 -0.1786810 -0.0079173 0.9838722
26.507020 -8.1994839 -0.0428548 8.6535683 -0.0015912 -0.1912040 -0.0102700 0.9814953
26.818890 -8.2818556 -0.0441303 8.8384027 -0.0060350 -0.2010218 -0.0189573 0.9793847
27.026890 -8.3362293 -0.0439641 8.9599648 0.0009505 -0.2066955 -0.0146485 0.9782952
27.442660 -8.4515963 -0.0459687 9.2055082 -0.0018649 -0.2169990 -0.0173155 0.9760165
27.650520 -8.5103607 -0.0466745 9.3259354 0.0047563 -0.2222229 -0.0165343 0.9748441
27.962300 -8.6028099 -0.0500167 9.5074749 0.0027165 -0.2292291 -0.0190581 0.9731821
28.274040 -8.6957893 -0.0530359 9.6853333 0.0027743 -0.2364025 -0.0174883 0.9714938
28.481890 -8.7590551 -0.0543697 9.8017998 0.0025051 -0.2408481 -0.0179599 0.9703934
28.689660 -8.8219080 -0.0565488 9.9162664 0.0045202 -0.2456912 -0.0174407 0.9691807
28.897520 -8.8842001 -0.0588889 10.0282726 0.0078420 -0.2503126 -0.0156627 0.9680066
29.105390 -8.9476519 -0.0612713 10.1390295 0.0017317 -0.2538408 -0.0172341 0.9670909
29.313270 -9.0092154 -0.0627876 10.2469082 -0.0058808 -0.2568927 -0.0159468 0.9662905
29.521140 -9.0694675 -0.0628545 10.3494148 -0.0041218 -0.2601423 -0.0138461 0.9654622
29.729040 -9.1276875 -0.0634123 10.4468040 -0.0024133 -0.2630456 -0.0123504 0.9647014
29.936770 -9.1833687 -0.0640364 10.5385008 -0.0028152 -0.2654392 -0.0115524 0.9640543
30.248520 -9.2601404 -0.0651445 10.6632214 -0.0043958 -0.2688600 -0.0094147 0.9631232
30.456270 -9.3070116 -0.0657639 10.7368269 -0.0018959 -0.2708195 -0.0094889 0.9625815
30.767900 -9.3695650 -0.0669836 10.8357735 -0.0001280 -0.2764585 -0.0046022 0.9610148
31.079540 -9.4277105 -0.0680896 10.9198017 -0.0026404 -0.2854610 -0.0094366 0.9583402
31.390900 -9.4782171 -0.0680795 10.9914465 -0.0086260 -0.2969495 -0.0096540 0.9548054
31.702150 -9.5226841 -0.0684938 11.0487881 -0.0110168 -0.3173688 -0.0071062 0.9482116
32.013150 -9.5649586 -0.0690350 11.0930090 -0.0067414 -0.3473859 -0.0073830 0.9376690
32.324400 -9.6056309 -0.0689030 11.1281719 0.0006836 -0.3785608 -0.0106384 0.9255151
32.635530 -9.6490631 -0.0680250 11.1618271 -0.0010976 -0.4131104 -0.0097063 0.9106286
32.946650 -9.6961040 -0.0676081 11.1900101 -0.0039844 -0.4530792 -0.0144411 0.8913444
33.257770 -9.7447405 -0.0678950 11.2120876 -0.0051102 -0.4933227 -0.0203995 0.8695921
33.569020 -9.7964630 -0.0679969 11.2310295 -0.0045425 -0.5364479 -0.0210024 0.8436598
33.776420 -9.8384037 -0.0665813 11.2425175 -0.0020078 -0.5695414 -0.0191047 0.8217381
33.983650 -9.8870249 -0.0650778 11.2512445 -0.0015997 -0.6053802 -0.0181838 0.7957271
34.294770 -9.9709291 -0.0639389 11.2559757 -0.0017684 -0.6626003 -0.0167584 0.7487836
34.502140 -10.0346394 -0.0620772 11.2530966 -0.0049602 -0.7012514 -0.0168620 0.7126973
34.709660 -10.1013842 -0.0597057 11.2438641 -0.0087053 -0.7386851 -0.0158641 0.6738077
34.917150 -10.1748648 -0.0563757 11.2261953 -0.0107331 -0.7733924 -0.0156197 0.6336442
35.124770 -10.2527199 -0.0530547 11.2000341 -0.0137779 -0.8046648 -0.0139292 0.5934060
35.332520 -10.3342648 -0.0509358 11.1639290 -0.0180823 -0.8326137 -0.0113799 0.5534419
35.540420 -10.4193506 -0.0483252 11.1169548 -0.0206451 -0.8565484 -0.0100963 0.5155548
35.748650 -10.5097294 -0.0454229 11.0580616 0.0210160 0.8746057 0.0098754 -0.4842785
35.957050 -10.6050158 -0.0419191 10.9893942 0.0191934 0.8861509 0.0099871 -0.4628913
36.165670 -10.7059603 -0.0382716 10.9131393 0.0193588 0.8931506 0.0103454 -0.4492219
36.374170 -10.8125343 -0.0348515 10.8302755 0.0205120 0.8980557 0.0106401 -0.4392744
36.582670 -10.9239769 -0.0311215 10.7401533 0.0201919 0.9013920 0.0114502 -0.4323813
36.791110 -11.0393715 -0.0270821 10.6443691 0.0208826 0.9034675 0.0115478 -0.4279918
36.999490 -11.1606617 -0.0226894 10.5445223 0.0215869 0.9043717 0.0116265 -0.4260406
37.207650 -11.2869921 -0.0183926 10.4400558 0.0216696 0.9048181 0.0108274 -0.4251089
37.415890 -11.4178791 -0.0129638 10.3306904 0.0217351 0.9051795 0.0106247 -0.4243404
37.624150 -11.5536642 -0.0083333 10.2166462 0.0221178 0.9055951 0.0130744 -0.4233643
37.832280 -11.6922588 -0.0038506 10.1000853 0.0221733 0.9059911 0.0120451 -0.4225440
38.040280 -11.8359985 0.0019566 9.9792204 0.0234864 0.9063824 0.0104340 -0.4216758
38.248280 -11.9813185 0.0061017 9.8565817 0.0238917 0.9068864 0.0087668 -0.4206060
38.456150 -12.1312418 0.0103063 9.7295780 0.0213790 0.9075224 0.0055081 -0.4194230
38.664150 -12.2833977 0.0141062 9.5989161 0.0195518 0.9074910 0.0067648 -0.4195617
38.872030 -12.4401827 0.0170438 9.4673386 0.0209534 0.9077623 0.0092927 -0.4188582
39.079900 -12.5960226 0.0213393 9.3344965 0.0223010 0.9078980 0.0100710 -0.4184763
39.391750 -12.8281641 0.0269550 9.1365671 0.0217789 0.9080979 0.0112812 -0.4180391
39.599580 -12.9830570 0.0321070 9.0066290 0.0225007 0.9083943 0.0122858 -0.4173280
39.807870 -13.1371384 0.0366311 8.8754320 0.0225881 0.9088845 0.0115237 -0.4162763
40.015280 -13.2907391 0.0404027 8.7438145 0.0229395 0.9094376 0.0112820 -0.4150539
40.326930 -13.5181742 0.0470410 8.5482073 0.0218301 0.9102194 0.0105078 -0.4134170
40.534990 -13.6686516 0.0511014 8.4158611 0.0199471 0.9103341 0.0116529 -0.4132288
40.846410 -13.8963146 0.0570715 8.2198267 0.0178649 0.9098344 0.0109052 -0.4144434
41.054600 -14.0483932 0.0610293 8.0918798 0.0196421 0.9093757 0.0112820 -0.4153586
41.262460 -14.2003651 0.0655480 7.9627490 0.0245872 0.9088961 0.0156282 -0.4160037
41.469820 -14.3511600 0.0714521 7.8337622 0.0240427 0.9088016 0.0142991 -0.4162896
41.677410 -14.5017929 0.0771635 7.7066908 0.0230951 0.9090663 0.0120121 -0.4158375
41.885060 -14.6507874 0.0814776 7.5797558 0.0241979 0.9091855 0.0141469 -0.4154468
42.092740 -14.8006544 0.0865692 7.4516902 0.0238618 0.9096801 0.0125425 -0.4144339
42.300170 -14.9486408 0.0918185 7.3243461 0.0248443 0.9101664 0.0149500 -0.4132267
42.507790 -15.0948706 0.0974026 7.1997557 0.0263215 0.9106252 0.0161948 -0.4120760
42.715290 -15.2379532 0.1034611 7.0756330 0.0263234 0.9110664 0.0142761 -0.4111707
42.922920 -15.3810043 0.1090313 6.9504676 0.0240335 0.9111314 0.0144010 -0.4111623
43.130550 -15.5234013 0.1145362 6.8268209 0.0226504 0.9110746 0.0147600 -0.4113542
43.442050 -15.7352209 0.1216735 6.6460247 0.0218234 0.9109533 0.0148797 -0.4116630
43.649770 -15.8742943 0.1261224 6.5289545 0.0220172 0.9110251 0.0140999 -0.4115212
43.857500 -16.0144844 0.1302947 6.4129148 0.0240417 0.9111449 0.0141853 -0.4111397
44.065190 -16.1520996 0.1350730 6.2974401 0.0230281 0.9113139 0.0111291 -0.4109170
44.272790 -16.2850914 0.1386820 6.1818323 0.0216721 0.9110355 0.0112021 -0.4116056
44.480540 -16.4144573 0.1415359 6.0698462 0.0215740 0.9111787 0.0118338 -0.4112760
44.688220 -16.5391884 0.1443885 5.9613433 0.0215905 0.9112110 0.0115193 -0.4112125
44.895870 -16.6619797 0.1475214 5.8548484 0.0208964 0.9114468 0.0118378 -0.4107165
45.103550 -16.7801743 0.1500365 5.7497749 0.0211642 0.9115335 0.0121403 -0.4105015
45.415240 -16.9532681 0.1557651 5.5987496 0.0230245 0.9117686 0.0144147 -0.4098049
45.622980 -17.0625877 0.1589107 5.5034442 0.0251587 0.9120720 0.0146821 -0.4089941
45.831090 -17.1672478 0.1627770 5.4112802 0.0255981 0.9125937 0.0145402 -0.4078065
46.038180 -17.2673492 0.1659283 5.3217001 0.0269557 0.9134400 0.0131704 -0.4058660
46.349680 -17.4093723 0.1705317 5.1916637 0.0302923 0.9179826 0.0105011 -0.3953228
46.660970 -17.5366440 0.1739401 5.0621657 0.0339355 0.9260829 0.0096209 -0.3756677
46.971930 -17.6498737 0.1775008 4.9319968 0.0382718 0.9385027 0.0081416 -0.3430476
47.282920 -17.7410793 0.1798705 4.7986269 0.0348167 0.9538503 0.0113340 -0.2980420
47.593870 -17.8094006 0.1831357 4.6643963 0.0320301 0.9706077 0.0132461 -0.2381582
47.904910 -17.8521690 0.1843314 4.5305238 0.0181726 0.9852799 0.0127478 -0.1695015
48.216060 -17.8777275 0.1846844 4.3930602 0.0137742 0.9952645 0.0108272 -0.0956120
48.423630 -17.8836288 0.1848615 4.3006411 0.0103716 0.9988694 0.0137680 -0.0443025
48.631190 -17.8803959 0.1863607 4.2065320 0.0043968 0.9997933 0.0181052 0.0081402
48.838780 -17.8752594 0.1889096 4.1147218 0.0106862 0.9977999 0.0165222 0.0633108
49.046410 -17.8564491 0.1896376 4.0280805 0.0135140 0.9930800 0.0143793 0.1157704
49.254030 -17.8265190 0.1915506 3.9458399 0.0139438 0.9858488 0.0119748 0.1666259
49.461780 -17.7899456 0.1921919 3.8677363 0.0183248 0.9762614 0.0121111 0.2154788
49.669780 -17.7445908 0.1917633 3.7916317 0.0148081 0.9657457 0.0147559 0.2586469
49.878030 -17.6981525 0.1928440 3.7164168 0.0171812 0.9553573 0.0185419 0.2943695
50.086410 -17.6471024 0.1921009 3.6495128 0.0170830 0.9465867 0.0196809 0.3213945
50.295050 -17.5880795 0.1926540 3.5802965 0.0159929 0.9404367 0.0189726 0.3390620
50.503680 -17.5287971 0.1934715 3.5070128 0.0145901 0.9356749 0.0176377 0.3521201
50.712390 -17.4637203 0.1945108 3.4321156 0.0146401 0.9326066 0.0155806 0.3602607
50.920920 -17.3931503 0.1950670 3.3521366 0.0169994 0.9305524 0.0161580 0.3654070
51.129530 -17.3145142 0.1949719 3.2686839 0.0143179 0.9294109 0.0138112 0.3685101
51.338030 -17.2309437 0.1967543 3.1810379 0.0139979 0.9289042 0.0141172 0.3697861
51.546400 -17.1445293 0.1967911 3.0913258 0.0165535 0.9291330 0.0147203 0.3690816
51.650530 -17.0985870 0.1969706 3.0432510 0.0150357 0.9291711 0.0118810 0.3691529
51.858780 -17.0061436 0.1976314 2.9449573 0.0163275 0.9291825 0.0063519 0.3692058
52.066910 -16.9081078 0.1964872 2.8396130 0.0163691 0.9292004 0.0076922 0.3691337
52.275030 -16.8028603 0.1956000 2.7314348 0.0111334 0.9292617 0.0076346 0.3691754
52.483160 -16.6970921 0.1948983 2.6177173 0.0100265 0.9290015 0.0098665 0.3698086
52.691180 -16.5819912 0.1952509 2.4963870 0.0078980 0.9289388 0.0123008 0.3699446
52.899160 -16.4643822 0.1962385 2.3728514 0.0079682 0.9285954 0.0091914 0.3708943
53.107160 -16.3422966 0.1970086 2.2446375 0.0087242 0.9284514 0.0129518 0.3711254
53.315160 -16.2189350 0.1974339 2.1125140 0.0109376 0.9283013 0.0148450 0.3713714
53.523150 -16.0924740 0.1990135 1.9772549 0.0156501 0.9281054 0.0123550 0.3717834
53.731040 -15.9615307 0.1992282 1.8395033 0.0157211 0.9283184 0.0106755 0.3713001
54.042910 -15.7648315 0.1986758 1.6314654 0.0140493 0.9284200 0.0145791 0.3709803
54.354660 -15.5748081 0.1982356 1.4201369 0.0206027 0.9279487 0.0206012 0.3715674
54.666410 -15.3837404 0.2016633 1.2147694 0.0222792 0.9276019 0.0263915 0.3719703
54.874290 -15.2610016 0.2025152 1.0823622 0.0247470 0.9277785 0.0185505 0.3718475
55.082040 -15.1352348 0.2025363 0.9461327 0.0250504 0.9278321 0.0185507 0.3716934
55.290780 -15.0087490 0.2029840 0.8097281 0.0244168 0.9279108 0.0202449 0.3714505
55.497680 -14.8857040 0.2029185 0.6768775 0.0216451 0.9296221 0.0196274 0.3673541
55.705670 -14.7677536 0.2034444 0.5429726 0.0211188 0.9331834 0.0193145 0.3582593
55.913810 -14.6536474 0.2049823 0.4044623 0.0230330 0.9385882 0.0219951 0.3435664
56.122050 -14.5450344 0.2064865 0.2639589 0.0240950 0.9459942 0.0246671 0.3223444
56.330510 -14.4460735 0.2108093 0.1159844 0.0271489 0.9550270 0.0260449 0.2941226
56.538940 -14.3579502 0.2142266 -0.0384183 0.0297436 0.9639293 0.0263523 0.2631753
56.747290 -14.2835054 0.2175740 -0.1940765 0.0333568 0.9720893 0.0176738 0.2315542
56.955550 -14.2153158 0.2175836 -0.3524556 0.0296976 0.9792681 0.0134917 0.1999253
57.163560 -14.1590700 0.2167219 -0.5175600 0.0295876 0.9843028 0.0128175 0.1735173
57.371290 -14.1096468 0.2175207 -0.6877596 0.0306379 0.9875289 0.0127331 0.1539025
57.579070 -14.0634985 0.2189497 -0.8611760 0.0290091 0.9901931 0.0164793 0.1356635
57.786690 -14.0236635 0.2213888 -1.0390263 0.0286175 0.9923407 0.0140905 0.1193412
57.994890 -13.9870291 0.2245473 -1.2216742 0.0332016 0.9935579 0.0145770 0.1073675
58.201850 -13.9513712 0.2277921 -1.4080526 0.0369153 0.9937677 0.0240960 0.1023834
58.409230 -13.9140902 0.2325956 -1.5961800 0.0346444 0.9939493 0.0227843 0.1017128
58.616560 -13.8736439 0.2374550 -1.7890490 0.0280148 0.9942986 0.0187190 0.1011680
58.824030 -13.8344641 0.2418706 -1.9868946 0.0245856 0.9943002 0.0194937 0.1018950
59.031700 -13.7955313 0.2460496 -2.1872568 0.0231021 0.9942020 0.0204626 0.1030045
59.239170 -13.7553616 0.2509681 -2.3931274 0.0214468 0.9941310 0.0187046 0.1043729
59.446780 -13.7145710 0.2548725 -2.5990839 0.0189839 0.9941419 0.0169363 0.1050461
59.654550 -13.6726875 0.2577270 -2.8080726 0.0173297 0.9943944 0.0174590 0.1028329
59.862460 -13.6422253 0.2638807 -3.0327761 0.0160977 0.9945256 0.0171513 0.1018116
60.069690 -13.6285343 0.2695083 -3.2554481 0.0152874 0.9941245 0.0186642 0.1055197
60.381050 -13.5833635 0.2730160 -3.5583613 0.0135360 0.9941235 0.0181419 0.1058592
60.692600 -13.5317860 0.2784307 -3.8734345 0.0125081 0.9943205 0.0178725 0.1041672
60.900200 -13.4969034 0.2832442 -4.0876255 0.0121698 0.9946483 0.0182036 0.1009711
61.107700 -13.4806633 0.2863970 -4.3082705 0.0096880 0.9947451 0.0173298 0.1004387
61.315290 -13.4865828 0.2901155 -4.4975548 0.0104166 0.9942963 0.0190648 0.1044169
61.522950 -13.4614897 0.2941150 -4.6904292 0.0111919 0.9943306 0.0197536 0.1038807
61.730990 -13.4300556 0.2977984 -4.8790851 0.0118421 0.9945113 0.0190957 0.1021878
62.042070 -13.3910027 0.3041489 -5.1648612 0.0097261 0.9948502 0.0186625 0.0991469
62.249910 -13.4060669 0.3084455 -5.3831596 0.0075593 0.9940732 0.0141918 0.1075173
62.457420 -13.3880587 0.3117047 -5.5687218 0.0094084 0.9937227 0.0140928 0.1105802
62.561290 -13.3710575 0.3128791 -5.6561613 0.0101820 0.9937063 0.0145411 0.1106011
62.872800 -13.3348751 0.3170623 -5.9198351 0.0116975 0.9933128 0.0159394 0.1137485
63.080660 -13.3050022 0.3192854 -6.0840349 0.0122908 0.9931503 0.0155261 0.1151537
63.288240 -13.2742777 0.3232496 -6.2637248 0.0139217 0.9929727 0.0139089 0.1166954
63.495820 -13.2501059 0.3234000 -6.4211035 0.0128454 0.9924001 0.0130636 0.1216817
63.703640 -13.2192659 0.3236905 -6.5743704 0.0124386 0.9921221 0.0131451 0.1239611
63.911420 -13.1873674 0.3249870 -6.7320833 0.0109079 0.9920321 0.0149803 0.1246152
64.119460 -13.1557693 0.3261221 -6.8752203 0.0104710 0.9921098 0.0154919 0.1239696
64.327430 -13.1246557 0.3278813 -7.0154810 0.0093317 0.9924246 0.0153269 0.1215378
64.431450 -13.1097803 0.3285552 -7.0830574 0.0094094 0.9927545 0.0153029 0.1188102
64.639590 -13.0831432 0.3288885 -7.2101521 0.0106937 0.9935575 0.0159054 0.1116971
64.847590 -13.0587959 0.3296958 -7.3322792 0.0135215 0.9943432 0.0171398 0.1039473
65.263460 -13.0191746 0.3322120 -7.5542192 0.0159347 0.9956489 0.0175317 0.0901222
65.575320 -12.9959011 0.3330205 -7.6959815 0.0182225 0.9963151 0.0170486 0.0820575
65.887300 -12.9765558 0.3340509 -7.8174233 0.0194674 0.9967604 0.0192269 0.0756312
66.095340 -12.9662848 0.3343116 -7.8902063 0.0202267 0.9969546 0.0201909 0.0725583
66.199080 -12.9625835 0.3348761 -7.9226418 0.0214722 0.9969977 0.0203069 0.0715695
66.303070 -12.9587317 0.3353584 -7.9525032 0.0220347 0.9970310 0.0207112 0.0708152
66.407050 -12.9548302 0.3361598 -7.9793668 0.0217639 0.9970480 0.0211156 0.0705396
66.614800 -12.9479971 0.3377809 -8.0268488 0.0207017 0.9970019 0.0208940 0.0715682
67.238470 -12.9315157 0.3374761 -8.1233110 0.0189112 0.9965962 0.0174159 0.0783261
70.254450 -12.8933983 0.3375462 -8.2435331 0.0139941 0.9934419 0.0157207 0.1123837
75.351710 -12.8850355 0.3363822 -8.2536469 0.0141345 0.9906172 0.0157765 0.1350149
76.286810 -12.8618612 0.3364622 -8.2910433 0.0120876 0.9797132 0.0128849 0.1996245
76.909690 -12.8202906 0.3388976 -8.3540764 0.0120036 0.9631112 0.0170356 0.2682956
77.117090 -12.8014517 0.3393522 -8.3804102 0.0125985 0.9543355 0.0198705 0.2978091
77.324460 -12.7778378 0.3405764 -8.4086075 0.0132786 0.9425509 0.0199918 0.3331993
77.531820 -12.7459841 0.3407505 -8.4363041 0.0114954 0.9271853 0.0172772 0.3740277
77.842690 -12.6801357 0.3415069 -8.4830360 0.0159356 0.8952602 0.0150277 0.4450051
78.153970 -12.5863514 0.3424565 -8.5298824 0.0175291 0.8571419 0.0135458 0.5146039
78.465430 -12.4663067 0.3422654 -8.5695572 0.0160760 0.8128080 0.0182742 0.5820230
78.673060 -12.3733692 0.3423622 -8.5884409 0.0168607 0.7794887 0.0240632 0.6257267
78.880800 -12.2703524 0.3420874 -8.5988054 0.0163444 0.7450016 0.0281736 0.6662670
79.088830 -12.1583643 0.3428487 -8.5996284 0.0177395 0.7120081 0.0296441 0.7013208
79.297060 -12.0361185 0.3440675 -8.5928593 0.0185378 0.6853662 0.0273658 0.7274481
79.505690 -11.9050608 0.3442973 -8.5792236 0.0200074 0.6674777 0.0249152 0.7439438
79.714470 -11.7664824 0.3439590 -8.5617609 0.0216671 0.6556543 0.0247587 0.7543441
79.923050 -11.6176500 0.3427793 -8.5394964 0.0251756 0.6458403 0.0235852 0.7626927
80.131680 -11.4627934 0.3406761 -8.5143356 0.0256906 0.6361528 0.0207760 0.7708554
80.340300 -11.3069801 0.3369527 -8.4938011 0.0230303 0.6294341 0.0178141 0.7765082
80.548940 -11.1394520 0.3343679 -8.4664068 0.0215608 0.6281199 0.0163464 0.7776459
80.757320 -10.9628916 0.3313247 -8.4344521 0.0214632 0.6262262 0.0174747 0.7791499
80.965550 -10.7835894 0.3276821 -8.3954678 0.0217524 0.6230946 0.0173835 0.7816507
81.069680 -10.6899843 0.3261456 -8.3748426 0.0218477 0.6213239 0.0171432 0.7830616
81.173790 -10.5952978 0.3246843 -8.3532019 0.0215447 0.6194354 0.0168160 0.7845718
81.277810 -10.4993391 0.3227403 -8.3317318 0.0209920 0.6175549 0.0177841 0.7860464
81.485930 -10.3066282 0.3182381 -8.2845249 0.0189698 0.6144125 0.0204917 0.7884907
81.589930 -10.2066765 0.3175647 -8.2604618 0.0193230 0.6136833 0.0200856 0.7890601
81.798060 -10.0032263 0.3140889 -8.2116241 0.0196634 0.6150484 0.0187973 0.7880200
82.006180 -9.7965870 0.3098086 -8.1663666 0.0184527 0.6159732 0.0210531 0.7872695
82.214180 -9.5934296 0.3058624 -8.1174774 0.0180828 0.6175084 0.0222715 0.7860410
82.318180 -9.4926672 0.3036687 -8.0958033 0.0183435 0.6178598 0.0228249 0.7857428
82.526180 -9.2875547 0.2999907 -8.0514212 0.0196656 0.6187772 0.0212093 0.7850339
82.734050 -9.0855837 0.2961462 -8.0038595 0.0185362 0.6203845 0.0214248 0.7837860
82.942060 -8.8816891 0.2908384 -7.9649582 0.0176159 0.6203484 0.0212477 0.7838406
83.149930 -8.6788387 0.2857494 -7.9195471 0.0191721 0.6217289 0.0206159 0.7827264
83.253960 -8.5744066 0.2841077 -7.8982220 0.0178885 0.6221122 0.0207063 0.7824498
83.461930 -8.3779402 0.2798676 -7.8568263 0.0147198 0.6225652 0.0216192 0.7821308
83.565930 -8.2735176 0.2789639 -7.8368082 0.0145890 0.6228662 0.0200844 0.7819344
83.773690 -8.0704823 0.2753742 -7.7961411 0.0151079 0.6240013 0.0191973 0.7810414
83.877560 -7.9721508 0.2737733 -7.7759361 0.0146296 0.6240118 0.0192179 0.7810416
83.981560 -7.8708248 0.2723165 -7.7559404 0.0146099 0.6239056 0.0200330 0.7811063
84.085580 -7.7747869 0.2704073 -7.7338495 0.0149192 0.6241746 0.0202478 0.7808800
84.293370 -7.5799880 0.2661957 -7.6905632 0.0178661 0.6247538 0.0212037 0.7803293
84.500970 -7.3810234 0.2634400 -7.6491513 0.0183227 0.6238095 0.0223591 0.7810417
84.708560 -7.1845479 0.2593179 -7.6074023 0.0175167 0.6224358 0.0225785 0.7821490
84.916060 -6.9875588 0.2558224 -7.5647473 0.0172495 0.6222316 0.0196487 0.7823965
85.123720 -6.7919841 0.2518082 -7.5270810 0.0165493 0.6219435 0.0193333 0.7826484
85.331180 -6.5857487 0.2483374 -7.4898286 0.0161188 0.6221045 0.0202637 0.7825060
85.538870 -6.3953547 0.2441010 -7.4519963 0.0145845 0.6240714 0.0197065 0.7809826
85.746450 -6.1873875 0.2397744 -7.4263611 0.0137904 0.6253550 0.0192794 0.7799803
85.954220 -5.9618268 0.2376703 -7.3921585 0.0140933 0.6298013 0.0195978 0.7763811
86.161940 -5.7461228 0.2373031 -7.3643517 0.0173412 0.6324878 0.0205272 0.7741040
86.369740 -5.5518165 0.2311135 -7.3331618 0.0184772 0.6363072 0.0228567 0.7708757
86.577490 -5.3552718 0.2269415 -7.3008046 0.0166699 0.6403656 0.0238111 0.7675201
86.785510 -5.1626525 0.2243811 -7.2722197 0.0164421 0.6438801 0.0222765 0.7646253
86.992950 -4.9654055 0.2213653 -7.2495232 0.0182189 0.6461321 0.0200434 0.7627448
87.096690 -4.8591332 0.2193328 -7.2298536 0.0197575 0.6511935 0.0207327 0.7583712
87.304430 -4.6806345 0.2167303 -7.2079153 0.0197234 0.6510867 0.0209443 0.7584579
87.408330 -4.5819545 0.2134231 -7.1931458 0.0179178 0.6535006 0.0217613 0.7564009
87.616060 -4.3608012 0.2135456 -7.1801195 0.0157912 0.6518726 0.0198882 0.7579031
87.823570 -4.1562605 0.2107855 -7.1581655 0.0131723 0.6543018 0.0166382 0.7559357
88.135050 -3.8546982 0.2051741 -7.1287713 0.0122949 0.6550549 0.0126521 0.7553753
88.238710 -3.7538018 0.2018262 -7.1211057 0.0128622 0.6550245 0.0131887 0.7553830
88.446330 -3.5741751 0.1990509 -7.0997610 0.0110559 0.6548542 0.0189840 0.7554358
88.550190 -3.4861588 0.1975766 -7.0892782 0.0116208 0.6541961 0.0203886 0.7559608
88.653930 -3.3994255 0.1964913 -7.0766926 0.0140806 0.6544982 0.0199275 0.7556698
88.757820 -3.3153505 0.1957047 -7.0659533 0.0157525 0.6539655 0.0188139 0.7561263
88.861690 -3.2259848 0.1948467 -7.0547047 0.0160767 0.6541911 0.0178739 0.7559471
89.069450 -3.0565705 0.1909688 -7.0318465 0.0165736 0.6542025 0.0182005 0.7559188
89.277420 -2.8893995 0.1859998 -7.0067153 0.0197661 0.6552665 0.0183560 0.7549160
89.485130 -2.7216899 0.1820175 -6.9830027 0.0204978 0.6563234 0.0204030 0.7539251
89.692870 -2.5478618 0.1792161 -6.9631314 0.0193062 0.6569988 0.0225742 0.7533063
89.900710 -2.3795595 0.1769036 -6.9430261 0.0193835 0.6580430 0.0201437 0.7524613
90.108700 -2.2157819 0.1731404 -6.9204535 0.0179583 0.6597258 0.0208240 0.7510031
90.316520 -2.0539496 0.1692651 -6.8992982 0.0176883 0.6609198 0.0216947 0.7499343
90.524330 -1.8904717 0.1667285 -6.8805399 0.0176417 0.6613887 0.0212103 0.7495358
90.732220 -1.7322783 0.1634162 -6.8603172 0.0157914 0.6625299 0.0210870 0.7485720
90.940100 -1.5809786 0.1606648 -6.8409476 0.0145612 0.6637090 0.0212310 0.7475477
91.251940 -1.3694659 0.1582375 -6.8139534 0.0143696 0.6632670 0.0211312 0.7479465
91.459820 -1.2338178 0.1566702 -6.7982793 0.0140621 0.6605696 0.0196968 0.7503746
91.771700 -1.0420661 0.1528848 -6.7746105 0.0151242 0.6544164 0.0179481 0.7557700
92.083700 -0.8704628 0.1488945 -6.7452240 0.0178545 0.6426328 0.0174032 0.7657685
92.394820 -0.7192103 0.1442105 -6.7120781 0.0176263 0.6264847 0.0185501 0.7790136
92.607140 -0.6224074 0.1418705 -6.6879835 0.0169526 0.6127456 0.0161396 0.7899335
92.913890 -0.4944111 0.1380825 -6.6446333 0.0159411 0.5873222 0.0144278 0.8090676
93.225060 -0.3759258 0.1334925 -6.5945702 0.0160801 0.5540792 0.0117958 0.8322251
93.432440 -0.3018241 0.1313317 -6.5565257 0.0191969 0.5234705 0.0104138 0.8517639
93.639690 -0.2301433 0.1270170 -6.5110865 0.0192530 0.4838259 0.0133638 0.8748505
93.950650 -0.1374679 0.1199955 -6.4278588 0.0168874 0.4164280 0.0075882 0.9089802
94.158110 -0.0814598 0.1175456 -6.3613124 0.0205014 0.3710411 0.0081312 0.9283545
94.365720 -0.0402765 0.1150272 -6.2947989 0.0162582 0.3259642 0.0007174 0.9452420
94.573250 0.0091944 0.1154080 -6.2216625 0.0123923 0.2769119 -0.0035357 0.9608089
94.780820 0.0490882 0.1126063 -6.1484270 0.0058390 0.2288597 -0.0034313 0.9734359
94.988570 0.0757072 0.1089673 -6.0739179 -0.0004073 0.1801648 -0.0086713 0.9835981
95.196460 0.0997689 0.1073706 -6.0044127 0.0010735 0.1327301 -0.0069748 0.9911271
95.404570 0.1162826 0.1048846 -5.9328690 0.0005192 0.0944629 -0.0095178 0.9954827
95.508570 0.1244127 0.1041228 -5.8944297 0.0006763 0.0765099 -0.0121460 0.9969946
95.717080 0.1323363 0.1028233 -5.8117008 0.0000175 0.0520346 -0.0131782 0.9985583
95.821210 0.1359301 0.1018503 -5.7704086 -0.0005003 0.0418251 -0.0133106 0.9990361
96.029700 0.1438988 0.1003499 -5.6819429 0.0005710 0.0251085 -0.0117624 0.9996154
96.133950 0.1447739 0.0997977 -5.6360097 0.0011279 0.0185872 -0.0123874 0.9997498
96.342320 0.1518540 0.0973236 -5.5421762 0.0011976 0.0038216 -0.0128607 0.9999093
96.550570 0.1530016 0.0959836 -5.4367099 0.0009983 -0.0099912 -0.0113027 0.9998857
96.758950 0.1501089 0.0947685 -5.3240218 0.0019897 -0.0206105 -0.0115509 0.9997188
96.967200 0.1463966 0.0942796 -5.2026486 0.0036004 -0.0274012 -0.0123465 0.9995418
97.175570 0.1431207 0.0919016 -5.0777140 0.0038752 -0.0307972 -0.0120238 0.9994458
97.383810 0.1358529 0.0894495 -4.9544115 0.0022153 -0.0319746 -0.0107597 0.9994283
97.592070 0.1266011 0.0875458 -4.8245692 -0.0002784 -0.0339353 -0.0094040 0.9993798
97.904320 0.1218820 0.0841478 -4.6273813 -0.0029555 -0.0387965 -0.0070029 0.9992182
98.112320 0.1153307 0.0823547 -4.4988976 -0.0028175 -0.0410834 -0.0065288 0.9991304
98.424320 0.1021879 0.0799346 -4.3052845 -0.0024974 -0.0413821 -0.0072651 0.9991139
98.632320 0.1003622 0.0782331 -4.1672740 -0.0023241 -0.0429052 -0.0079592 0.9990447
98.944340 0.0891316 0.0755482 -3.9723942 -0.0031432 -0.0408355 -0.0073803 0.9991337
99.256070 0.0901601 0.0719069 -3.7782745 -0.0042132 -0.0395681 -0.0079328 0.9991765
99.567940 0.1055687 0.0674427 -3.5933928 -0.0043822 -0.0377133 -0.0067982 0.9992558
99.775950 0.0995058 0.0654819 -3.4565575 -0.0041180 -0.0327531 -0.0073417 0.9994280
100.087800 0.1012061 0.0633488 -3.2775853 -0.0069577 -0.0285069 -0.0056173 0.9995536
100.295700 0.1210072 0.0616805 -3.1619053 -0.0053809 -0.0294956 -0.0050236 0.9995378
100.607700 0.1329652 0.0606571 -2.9878767 -0.0011178 -0.0300720 -0.0085943 0.9995102
100.919600 0.1527072 0.0578900 -2.7951872 0.0005563 -0.0306590 -0.0098194 0.9994815
101.231500 0.1660929 0.0538587 -2.6129875 0.0015786 -0.0339690 -0.0109734 0.9993614
101.543300 0.1613570 0.0509295 -2.4583874 0.0010363 -0.0351797 -0.0107634 0.9993225
101.751200 0.1547322 0.0477330 -2.3520861 0.0010849 -0.0353127 -0.0086620 0.9993382
101.959100 0.1443562 0.0451788 -2.2526453 0.0012706 -0.0358421 -0.0084643 0.9993208
102.166900 0.1340030 0.0426676 -2.1529608 0.0012007 -0.0373468 -0.0079590 0.9992700
102.374800 0.1201362 0.0407338 -2.0546300 0.0005803 -0.0371642 -0.0066614 0.9992868
102.686600 0.1063427 0.0378730 -1.9079430 -0.0009806 -0.0392264 -0.0071983 0.9992039
102.894400 0.0980787 0.0364071 -1.8125129 -0.0013687 -0.0401483 -0.0072568 0.9991664
103.102400 0.0901429 0.0351323 -1.7206452 -0.0013010 -0.0397668 -0.0078988 0.9991769
103.414300 0.0808963 0.0323027 -1.5893373 -0.0012845 -0.0384883 -0.0079066 0.9992269
103.622300 0.0748261 0.0307329 -1.5070456 -0.0006437 -0.0370570 -0.0078234 0.9992823
103.934300 0.0678439 0.0288838 -1.3898706 -0.0003438 -0.0362290 -0.0082284 0.9993096
104.142300 0.0623900 0.0272348 -1.3190762 -0.0007428 -0.0348483 -0.0076091 0.9993634
104.350600 0.0578175 0.0258478 -1.2528129 -0.0020158 -0.0338716 -0.0078012 0.9993937
104.662200 0.0522266 0.0239356 -1.1662478 -0.0020302 -0.0328353 -0.0080999 0.9994259
104.974200 0.0475110 0.0225509 -1.0938715 -0.0012776 -0.0318800 -0.0077016 0.9994612
105.286000 0.0434296 0.0212605 -1.0280646 0.0009865 -0.0313780 -0.0070382 0.9994823
105.597900 0.0394769 0.0202380 -0.9634149 0.0008349 -0.0308935 -0.0067622 0.9994994
105.909700 0.0360948 0.0189774 -0.8997211 0.0004546 -0.0312065 -0.0064417 0.9994921
106.221500 0.0322712 0.0178957 -0.8376878 0.0006012 -0.0332449 -0.0050646 0.9994342
106.533200 0.0289558 0.0168932 -0.7751068 0.0008107 -0.0439884 -0.0054749 0.9990167
106.845000 0.0200649 0.0153478 -0.7169218 0.0007330 -0.0522209 -0.0078645 0.9986043
107.156800 0.0114824 0.0145223 -0.6588984 0.0011394 -0.0587504 -0.0075580 0.9982435
107.468800 0.0059540 0.0136129 -0.6012682 0.0018649 -0.0606442 -0.0098944 0.9981087
107.780900 -0.0003424 0.0123093 -0.5447837 0.0015292 -0.0577063 -0.0094253 0.9982879
108.197100 -0.0095136 0.0102722 -0.4710955 0.0014656 -0.0510432 -0.0091199 0.9986537
108.613000 -0.0151367 0.0087758 -0.3960575 0.0027465 -0.0427310 -0.0088265 0.9990438
108.925000 -0.0176481 0.0074403 -0.3318894 0.0034943 -0.0360820 -0.0081671 0.9993094
109.236800 -0.0202406 0.0061023 -0.2595526 0.0021782 -0.0283151 -0.0061210 0.9995779
109.548600 -0.0222349 0.0047427 -0.1802275 0.0009731 -0.0213153 -0.0050932 0.9997594
109.860500 -0.0224014 0.0030564 -0.0950840 -0.0002882 -0.0155797 -0.0035036 0.9998724
110.172100 -0.0225700 0.0011678 -0.0044048 0.0027929 -0.0132000 -0.0026179 0.9999055
110.899200 -0.0208020 -0.0053553 0.2251400 0.0056286 -0.0076127 0.0027068 0.9999515
111.625100 -0.0529655 -0.0111788 0.4368551 0.0013462 -0.0840410 -0.0077661 0.9964311
112.144200 -0.0948836 -0.0139791 0.5783865 -0.0059252 -0.1301578 -0.0155852 0.9913531
112.665100 -0.1277237 -0.0134132 0.7125045 -0.0096171 -0.1155386 -0.0126956 0.9931753
113.081600 -0.1381694 -0.0140810 0.7740583 -0.0091300 -0.0966776 -0.0119903 0.9952016
113.497700 -0.1399441 -0.0142801 0.7882869 -0.0076781 -0.0914620 -0.0115470 0.9957120
