0.000000 -0.0048842 0.0003231 -0.0039033 -0.0000266 0.0000101 0.0000174 1.0000000
0.104499 -0.0032537 -0.0009809 0.0631909 0.0003804 -0.0001307 -0.0002837 0.9999999
0.207793 -0.0025928 -0.0021050 0.1311613 0.0001276 0.0000053 -0.0003608 0.9999999
0.311634 -0.0016807 -0.0032581 0.2008069 -0.0001388 -0.0001128 0.0001362 1.0000000
0.415494 -0.0019206 -0.0035770 0.2702741 0.0004537 0.0006883 0.0004173 0.9999996
0.519644 0.0000112 -0.0048803 0.3391995 0.0002930 -0.0001691 0.0006525 0.9999997
0.623401 0.0007241 -0.0060256 0.4075887 0.0008217 -0.0000416 0.0005578 0.9999995
0.727346 -0.0011446 -0.0071990 0.4722263 0.0010110 0.0013471 0.0004931 0.9999985
0.831180 -0.0014247 -0.0084912 0.5337914 0.0002104 0.0014094 0.0007909 0.9999987
0.935030 -0.0010767 -0.0100674 0.5950549 -0.0003938 0.0005140 0.0012058 0.9999990
1.038877 -0.0015366 -0.0110900 0.6561782 -0.0001890 -0.0005611 0.0017717 0.9999983
1.246636 -0.0016098 -0.0135554 0.7770799 -0.0001764 -0.0026458 0.0015671 0.9999952
1.350553 -0.0034621 -0.0141831 0.8381045 0.0001551 -0.0023574 0.0007368 0.9999970
1.454410 -0.0034890 -0.0149194 0.8994849 0.0002807 -0.0029658 0.0009275 0.9999951
1.558293 -0.0042279 -0.0159527 0.9607615 0.0000017 -0.0030151 0.0011260 0.9999948
1.766057 -0.0056217 -0.0182287 1.0824283 0.0003205 -0.0035128 0.0010912 0.9999932
1.973923 -0.0066238 -0.0202249 1.2010187 0.0005744 -0.0041181 0.0006205 0.9999912
2.181756 -0.0073268 -0.0223453 1.3185990 0.0009951 -0.0052808 0.0009676 0.9999851
2.389627 -0.0090990 -0.0246119 1.4340353 -0.0002901 -0.0062442 0.0014771 0.9999794
2.597363 -0.0110057 -0.0266080 1.5496174 0.0000371 -0.0072411 0.0022671 0.9999712
2.806098 -0.0134090 -0.0291105 1.6657526 0.0004315 -0.0082067 0.0021990 0.9999638
3.013136 -0.0160987 -0.0316241 1.7797279 -0.0001454 -0.0087326 0.0025125 0.9999587
3.221000 -0.0172932 -0.0337367 1.8927203 -0.0000960 -0.0097978 0.0028380 0.9999480
3.428991 -0.0189246 -0.0357501 2.0050914 -0.0010956 -0.0102068 0.0032482 0.9999420
3.636879 -0.0217800 -0.0372058 2.1163840 -0.0011857 -0.0101716 0.0024046 0.9999447
3.948871 -0.0252857 -0.0392583 2.2836361 -0.0035249 -0.0092314 0.0005592 0.9999510
4.156747 -0.0274859 -0.0400321 2.3941119 -0.0065352 -0.0075294 -0.0001772 0.9999503
4.364619 -0.0287986 -0.0402945 2.5034540 -0.0063118 -0.0060691 0.0008024 0.9999613
4.572617 -0.0300335 -0.0408111 2.6111045 -0.0052412 -0.0053611 0.0000507 0.9999719
4.780371 -0.0310862 -0.0412712 2.7165897 -0.0042878 -0.0059495 0.0007604 0.9999728
4.884244 -0.0319808 -0.0416515 2.7697012 -0.0045639 -0.0067967 0.0005896 0.9999663
5.091994 -0.0335916 -0.0425973 2.8740740 -0.0053470 -0.0084054 0.0010197 0.9999499
5.299899 -0.0355866 -0.0436043 2.9785886 -0.0052793 -0.0091666 0.0004182 0.9999440
5.507756 -0.0383905 -0.0446535 3.0815039 -0.0046900 -0.0091666 0.0013391 0.9999461
5.715493 -0.0410756 -0.0447933 3.1836488 -0.0058569 -0.0093841 0.0009015 0.9999384
5.923372 -0.0436725 -0.0453464 3.2854440 -0.0042000 -0.0096133 -0.0001672 0.9999449
6.235244 -0.0477222 -0.0469621 3.4364071 -0.0048017 -0.0094826 -0.0029960 0.9999390
6.443120 -0.0500959 -0.0475502 3.5359209 -0.0055417 -0.0080342 -0.0043311 0.9999430
6.651123 -0.0517145 -0.0485544 3.6342425 -0.0018584 -0.0054540 -0.0022845 0.9999808
6.755121 -0.0526358 -0.0492345 3.6830783 -0.0017418 -0.0039530 -0.0026889 0.9999871
6.859122 -0.0528725 -0.0498889 3.7322423 -0.0035226 -0.0026840 -0.0022542 0.9999877
7.067120 -0.0535476 -0.0509637 3.8283877 -0.0033193 0.0010909 -0.0024857 0.9999908
7.171120 -0.0534849 -0.0514967 3.8763902 -0.0017278 0.0027785 -0.0021889 0.9999923
7.275124 -0.0530583 -0.0521731 3.9230566 0.0000446 0.0044810 -0.0013281 0.9999891
7.379122 -0.0529245 -0.0530994 3.9708755 0.0004096 0.0062861 -0.0011542 0.9999795
7.587125 -0.0515578 -0.0546764 4.0628233 -0.0006593 0.0100730 -0.0016414 0.9999477
7.795143 -0.0497851 -0.0563843 4.1540818 0.0015187 0.0138756 -0.0013837 0.9999016
8.003122 -0.0463650 -0.0578225 4.2444296 0.0013657 0.0165940 -0.0004327 0.9998613
8.211127 -0.0429592 -0.0592741 4.3331785 -0.0001721 0.0193468 -0.0000520 0.9998128
8.523125 -0.0377533 -0.0619797 4.4642363 0.0021061 0.0228632 0.0021010 0.9997342
8.627137 -0.0354810 -0.0626978 4.5083380 0.0035103 0.0237685 0.0017754 0.9997097
8.835121 -0.0317099 -0.0647173 4.5964937 0.0036341 0.0248730 0.0017482 0.9996825
9.043123 -0.0276815 -0.0666057 4.6858640 0.0019659 0.0238064 0.0018696 0.9997129
9.251125 -0.0240978 -0.0680973 4.7766271 0.0013590 0.0216035 0.0013743 0.9997647
9.459001 -0.0216370 -0.0697995 4.8674130 0.0015759 0.0183284 0.0004195 0.9998307
9.666891 -0.0193208 -0.0715407 4.9585557 0.0008811 0.0143796 -0.0000348 0.9998962
9.874750 -0.0177441 -0.0730848 5.0495100 0.0001831 0.0100182 -0.0002114 0.9999498
10.082750 -0.0164628 -0.0745782 5.1411428 0.0001329 0.0049661 -0.0008965 0.9999872
10.290630 -0.0166104 -0.0760599 5.2332358 0.0006714 0.0001511 -0.0015652 0.9999985
10.498620 -0.0176606 -0.0776580 5.3250794 0.0006163 -0.0026181 -0.0035010 0.9999902
10.706750 -0.0188006 -0.0794403 5.4180517 0.0005662 -0.0037217 -0.0052190 0.9999793
10.914750 -0.0206647 -0.0805358 5.5115142 0.0002694 -0.0043149 -0.0058068 0.9999738
11.122750 -0.0218598 -0.0820739 5.6051025 -0.0025312 -0.0052904 -0.0081134 0.9999499
11.330770 -0.0234909 -0.0829340 5.6991844 -0.0013875 -0.0057723 -0.0074929 0.9999543
11.538630 -0.0250681 -0.0840151 5.7933702 -0.0028330 -0.0065416 -0.0048284 0.9999629
11.746630 -0.0263790 -0.0850526 5.8873138 -0.0043240 -0.0067799 -0.0024678 0.9999646
11.954620 -0.0277865 -0.0861176 5.9819951 -0.0030094 -0.0066950 0.0009127 0.9999726
12.162500 -0.0294925 -0.0868902 6.0774393 -0.0028754 -0.0063111 0.0013903 0.9999750
12.370380 -0.0310771 -0.0880150 6.1716242 -0.0047739 -0.0057551 -0.0000982 0.9999720
12.578370 -0.0329478 -0.0890578 6.2653193 -0.0030042 -0.0050963 -0.0003682 0.9999824
12.786250 -0.0343214 -0.0903473 6.3588285 0.0003949 -0.0046524 0.0006078 0.9999889
12.994130 -0.0352475 -0.0923344 6.4519000 0.0024910 -0.0045092 0.0007115 0.9999865
13.202130 -0.0365951 -0.0944207 6.5444417 0.0021590 -0.0045614 0.0006494 0.9999871
13.410000 -0.0384140 -0.0963034 6.6370573 0.0013137 -0.0046011 0.0000881 0.9999886
13.617880 -0.0397630 -0.0981811 6.7294884 0.0014009 -0.0052493 -0.0002208 0.9999852
13.825750 -0.0410588 -0.1002959 6.8204160 0.0004417 -0.0059844 -0.0002058 0.9999820
14.033750 -0.0427721 -0.1019496 6.9115996 0.0016747 -0.0066770 -0.0006973 0.9999760
14.241630 -0.0444056 -0.1041073 7.0030208 0.0019628 -0.0073473 -0.0008734 0.9999707
14.449650 -0.0466711 -0.1061874 7.0944161 0.0023130 -0.0078335 -0.0012412 0.9999658
14.657500 -0.0484620 -0.1078283 7.1852026 0.0015302 -0.0085805 -0.0013759 0.9999611
14.865380 -0.0506912 -0.1093979 7.2757297 0.0013245 -0.0093325 -0.0019188 0.9999537
15.177250 -0.0545121 -0.1124050 7.4122658 0.0017933 -0.0099153 -0.0026409 0.9999458
15.385130 -0.0569661 -0.1144353 7.5030222 0.0032169 -0.0099969 -0.0019381 0.9999430
15.593130 -0.0590737 -0.1165485 7.5934386 0.0011643 -0.0103431 -0.0003465 0.9999458
15.801010 -0.0615507 -0.1184892 7.6829991 -0.0008653 -0.0104618 -0.0005533 0.9999447
16.009010 -0.0637981 -0.1197202 7.7728434 0.0019167 -0.0106332 -0.0012008 0.9999409
16.216880 -0.0659721 -0.1220352 7.8621364 0.0010940 -0.0106717 -0.0010789 0.9999419
16.424880 -0.0681708 -0.1237529 7.9510837 -0.0004586 -0.0102232 -0.0008515 0.9999472
16.736760 -0.0712471 -0.1264938 8.0827551 0.0012564 -0.0082030 -0.0002675 0.9999655
16.840760 -0.0721257 -0.1272873 8.1263504 0.0016182 -0.0074187 0.0001274 0.9999712
17.048760 -0.0736592 -0.1293731 8.2132902 0.0001221 -0.0060805 0.0002398 0.9999815
17.256760 -0.0748269 -0.1307298 8.2988043 0.0000853 -0.0050567 -0.0001194 0.9999872
17.568750 -0.0768227 -0.1331924 8.4259672 0.0000530 -0.0034178 -0.0003097 0.9999941
17.776760 -0.0776249 -0.1348810 8.5087128 0.0000066 -0.0027841 0.0002437 0.9999961
17.984650 -0.0783016 -0.1364515 8.5894060 -0.0009225 -0.0028979 0.0005464 0.9999952
18.192630 -0.0791933 -0.1380593 8.6677179 -0.0003863 -0.0034281 0.0001346 0.9999940
18.296630 -0.0796880 -0.1389242 8.7061672 -0.0000347 -0.0036268 -0.0000157 0.9999934
18.504630 -0.0805801 -0.1405722 8.7817602 -0.0000257 -0.0046536 0.0001294 0.9999892
18.712510 -0.0817690 -0.1419300 8.8553457 -0.0011343 -0.0065240 0.0012230 0.9999774
18.920510 -0.0833225 -0.1432562 8.9274836 -0.0019218 -0.0087504 0.0008897 0.9999595
19.128630 -0.0851675 -0.1445799 8.9969234 -0.0018117 -0.0115533 0.0007966 0.9999313
19.336510 -0.0873541 -0.1459121 9.0632591 -0.0019517 -0.0145749 0.0004563 0.9998918
19.544640 -0.0897379 -0.1470341 9.1264391 -0.0012817 -0.0177057 0.0004310 0.9998423
19.752630 -0.0925571 -0.1485237 9.1863327 -0.0009909 -0.0208470 -0.0000921 0.9997822
19.960780 -0.0956326 -0.1496406 9.2434711 -0.0010662 -0.0223781 -0.0012900 0.9997482
20.168880 -0.0984717 -0.1506318 9.2981281 -0.0017873 -0.0219849 -0.0013773 0.9997557
20.377010 -0.1009871 -0.1517468 9.3507891 -0.0006626 -0.0215623 -0.0016015 0.9997660
20.585260 -0.1032422 -0.1528417 9.4024315 0.0010825 -0.0205847 -0.0018121 0.9997859
20.793380 -0.1055661 -0.1540182 9.4528675 0.0013271 -0.0189777 -0.0019228 0.9998172
21.001510 -0.1074705 -0.1552993 9.5036736 0.0012859 -0.0171522 -0.0016336 0.9998507
21.209640 -0.1091190 -0.1565014 9.5536299 0.0011398 -0.0147839 -0.0012947 0.9998893
21.417760 -0.1104246 -0.1574829 9.6031866 0.0007421 -0.0117366 -0.0003409 0.9999308
21.626010 -0.1113584 -0.1584322 9.6519613 0.0009716 -0.0088191 -0.0000707 0.9999607
21.730010 -0.1118944 -0.1589425 9.6761866 0.0010535 -0.0072127 -0.0000059 0.9999734
21.938260 -0.1126103 -0.1599369 9.7246256 0.0017403 -0.0043260 -0.0005882 0.9999890
22.042260 -0.1128148 -0.1603723 9.7493849 0.0013168 -0.0029010 -0.0007250 0.9999946
22.250510 -0.1130734 -0.1613874 9.7987947 0.0010270 -0.0004282 -0.0004957 0.9999992
22.354510 -0.1131670 -0.1618758 9.8235159 0.0018650 0.0006678 -0.0004911 0.9999979
22.562760 -0.1131337 -0.1628282 9.8737116 0.0039157 0.0020088 0.0000890 0.9999903
22.770760 -0.1132882 -0.1640318 9.9245396 0.0043749 0.0022728 0.0002739 0.9999878
22.874760 -0.1131476 -0.1646996 9.9506330 0.0044664 0.0021497 -0.0004932 0.9999876
23.082900 -0.1131945 -0.1658892 10.0031796 0.0056559 0.0024001 -0.0001376 0.9999811
23.290890 -0.1130601 -0.1671131 10.0557384 0.0071883 0.0030158 0.0032615 0.9999643
23.499010 -0.1130518 -0.1682021 10.1098995 0.0022590 0.0034310 0.0000828 0.9999915
23.915260 -0.1122674 -0.1702581 10.2199554 0.0065152 0.0091279 -0.0000912 0.9999371
24.227390 -0.1101952 -0.1720123 10.3055611 0.0037795 0.0137808 0.0009895 0.9998974
24.435530 -0.1087598 -0.1732304 10.3630075 0.0027134 0.0168661 0.0014985 0.9998530
24.643640 -0.1069861 -0.1746168 10.4209719 0.0049345 0.0193741 0.0001183 0.9998001
24.851760 -0.1050934 -0.1757255 10.4787521 0.0040882 0.0222126 -0.0004924 0.9997448
25.059780 -0.1028494 -0.1768906 10.5372171 0.0035432 0.0254185 -0.0017569 0.9996691
25.267760 -0.0997928 -0.1779569 10.5955667 0.0041782 0.0281040 -0.0013490 0.9995953
25.475770 -0.0963137 -0.1794127 10.6544437 0.0038496 0.0293609 0.0009113 0.9995611
25.683760 -0.0932828 -0.1808718 10.7130966 0.0037728 0.0299817 0.0011043 0.9995427
25.891640 -0.0899359 -0.1821018 10.7721510 0.0034232 0.0295360 0.0006702 0.9995576
26.099520 -0.0868629 -0.1837121 10.8308620 0.0041477 0.0280448 0.0009664 0.9995976
26.307390 -0.0841263 -0.1850380 10.8896103 0.0048001 0.0265439 -0.0002568 0.9996361
26.515270 -0.0818126 -0.1866863 10.9477615 0.0045514 0.0247100 -0.0012959 0.9996834
26.723140 -0.0794974 -0.1879852 11.0068588 0.0028341 0.0212125 -0.0006584 0.9997708
26.931140 -0.0776623 -0.1893909 11.0645714 0.0013630 0.0164171 0.0001348 0.9998643
27.139140 -0.0768594 -0.1906053 11.1205139 0.0007710 0.0117367 0.0006093 0.9999306
27.347260 -0.0764153 -0.1918039 11.1748428 0.0008442 0.0074615 0.0012171 0.9999710
27.555390 -0.0763963 -0.1929910 11.2270889 0.0010395 0.0035441 0.0007228 0.9999929
27.763390 -0.0769661 -0.1941732 11.2756310 0.0014126 -0.0003389 0.0014864 0.9999979
27.971390 -0.0784067 -0.1953226 11.3211536 0.0031138 -0.0057802 -0.0000170 0.9999784
28.179260 -0.0800473 -0.1964524 11.3644857 0.0046611 -0.0152290 -0.0003986 0.9998731
28.490900 -0.0852610 -0.1983147 11.4250126 0.0041033 -0.0401275 -0.0027132 0.9991825
28.802270 -0.0942721 -0.2000920 11.4811058 0.0039834 -0.0781318 -0.0047437 0.9969238
29.217280 -0.1133621 -0.2016381 11.5480843 0.0004911 -0.1483438 -0.0057108 0.9889193
29.424640 -0.1266332 -0.2021875 11.5781536 -0.0015552 -0.1891799 -0.0065008 0.9819197
29.839540 -0.1596828 -0.2026251 11.6321459 -0.0046486 -0.2803838 -0.0047004 0.9598652
30.047140 -0.1804090 -0.2027491 11.6560078 -0.0057456 -0.3300797 -0.0050851 0.9439219
30.254640 -0.2035437 -0.2026473 11.6767435 -0.0075818 -0.3819750 -0.0031684 0.9241361
30.462040 -0.2285686 -0.2024872 11.6947289 -0.0124563 -0.4375216 -0.0003469 0.8991216
30.669520 -0.2555404 -0.2025155 11.7079191 -0.0136971 -0.4932557 -0.0047810 0.8697634
30.980890 -0.2980418 -0.2021346 11.7217121 -0.0149610 -0.5733421 -0.0084099 0.8191363
31.188640 -0.3275614 -0.2015468 11.7261009 -0.0184504 -0.6225840 -0.0094854 0.7822779
31.396270 -0.3585942 -0.2009592 11.7267351 -0.0211466 -0.6713864 -0.0115684 0.7407154
31.603900 -0.3918067 -0.1998779 11.7234488 -0.0256227 -0.7187945 -0.0153264 0.6945812
31.811650 -0.4263213 -0.1986657 11.7154455 -0.0304223 -0.7638233 -0.0196947 0.6444072
32.019400 -0.4618659 -0.1965925 11.7024012 -0.0348208 -0.8051770 -0.0219369 0.5916049
32.227300 -0.4981565 -0.1940139 11.6834707 -0.0366983 -0.8417022 -0.0216930 0.5382565
32.331290 -0.5164070 -0.1926908 11.6720037 -0.0372635 -0.8580897 -0.0213267 0.5117017
32.435430 -0.5348349 -0.1909982 11.6589584 0.0371242 0.8729076 0.0212072 -0.4860085
32.643770 -0.5720806 -0.1880684 11.6279383 0.0376317 0.8972843 0.0218726 -0.4393021
32.852150 -0.6098781 -0.1846291 11.5910921 0.0432854 0.9174256 0.0223262 -0.3949153
33.060520 -0.6478491 -0.1809230 11.5474367 0.0473271 0.9357250 0.0230096 -0.3487827
33.269020 -0.6837902 -0.1773087 11.4957886 0.0452940 0.9508410 0.0200665 -0.3056915
33.477420 -0.7184410 -0.1729697 11.4366484 0.0423660 0.9632963 0.0161871 -0.2645815
33.685770 -0.7496910 -0.1698653 11.3708811 0.0403209 0.9735173 0.0161141 -0.2244520
33.894150 -0.7785981 -0.1669448 11.2977943 0.0420753 0.9820042 0.0156736 -0.1834444
34.102520 -0.8018627 -0.1640244 11.2179327 0.0445171 0.9884008 0.0166810 -0.1442358
34.310770 -0.8222809 -0.1612280 11.1312933 0.0459976 0.9931504 0.0173384 -0.1059998
34.519020 -0.8364429 -0.1579674 11.0396786 0.0448089 0.9963261 0.0142143 -0.0715849
34.727400 -0.8455095 -0.1552724 10.9419794 0.0440347 0.9981219 0.0143131 -0.0401088
34.831660 -0.8481568 -0.1540501 10.8903599 0.0443073 0.9986016 0.0137335 -0.0253588
35.040020 -0.8490467 -0.1515360 10.7842312 0.0427131 0.9989872 0.0141372 0.0005130
35.144150 -0.8475832 -0.1506251 10.7294312 0.0422035 0.9989246 0.0147859 0.0122454
35.352650 -0.8406390 -0.1490176 10.6163311 0.0386192 0.9986991 0.0131602 0.0305856
35.456920 -0.8360729 -0.1480085 10.5584183 0.0362713 0.9985840 0.0126298 0.0368087
35.561270 -0.8304369 -0.1471471 10.4995747 0.0339102 0.9985108 0.0134816 0.0405515
35.665520 -0.8247432 -0.1463491 10.4399214 0.0324499 0.9984770 0.0140342 0.0423508
35.874180 -0.8136731 -0.1444710 10.3168335 0.0302392 0.9985930 0.0128878 0.0416128
36.082520 -0.8028078 -0.1424146 10.1917753 0.0293024 0.9987195 0.0136563 0.0389129
36.290910 -0.7928028 -0.1404160 10.0651999 0.0278507 0.9989132 0.0147542 0.0343391
36.499150 -0.7837170 -0.1387674 9.9356537 0.0275187 0.9990667 0.0166583 0.0288251
36.707280 -0.7759076 -0.1367448 9.8066750 0.0264733 0.9992346 0.0162819 0.0237573
36.915280 -0.7693355 -0.1345804 9.6767893 0.0252757 0.9993976 0.0155427 0.0180023
37.123280 -0.7646399 -0.1322867 9.5494890 0.0254260 0.9994246 0.0182192 0.0131171
37.331150 -0.7612906 -0.1304118 9.4202700 0.0263553 0.9994489 0.0179702 0.0091860
37.539030 -0.7585118 -0.1284604 9.2917185 0.0263422 0.9995035 0.0160405 0.0064440
37.746770 -0.7562125 -0.1257824 9.1606607 0.0259374 0.9995298 0.0158120 0.0041815
37.954400 -0.7539020 -0.1234400 9.0294638 0.0261174 0.9995114 0.0169676 0.0026348
38.162020 -0.7526459 -0.1210417 8.8976068 0.0270341 0.9994851 0.0170483 0.0028225
38.369530 -0.7510051 -0.1191491 8.7646494 0.0284290 0.9994701 0.0154450 0.0035834
38.577050 -0.7490460 -0.1164446 8.6315441 0.0295435 0.9994042 0.0172531 0.0045646
38.784650 -0.7467056 -0.1138649 8.4982347 0.0282494 0.9994219 0.0180976 0.0055042
38.992150 -0.7442161 -0.1112964 8.3627043 0.0263662 0.9994784 0.0176439 0.0060349
39.199650 -0.7416668 -0.1092601 8.2314005 0.0267521 0.9994929 0.0160591 0.0063558
39.407270 -0.7395614 -0.1071597 8.0956726 0.0272908 0.9994663 0.0167133 0.0065588
39.614780 -0.7363412 -0.1043399 7.9604273 0.0267432 0.9994683 0.0174823 0.0064989
39.822150 -0.7340305 -0.1021808 7.8235059 0.0273468 0.9994615 0.0168294 0.0067607
39.925900 -0.7322920 -0.1010680 7.7552061 0.0280897 0.9994354 0.0172086 0.0066149
40.133400 -0.7290404 -0.0983329 7.6185102 0.0285537 0.9994199 0.0174187 0.0064151
40.340780 -0.7264107 -0.0961161 7.4817648 0.0285683 0.9994388 0.0163701 0.0061656
40.652040 -0.7230625 -0.0922117 7.2760596 0.0275837 0.9994663 0.0162449 0.0065060
40.859530 -0.7202033 -0.0897845 7.1387334 0.0267197 0.9994729 0.0173228 0.0063196
41.067040 -0.7179729 -0.0868856 7.0025640 0.0273430 0.9994698 0.0165182 0.0063032
41.274530 -0.7160093 -0.0847851 6.8671966 0.0274764 0.9994277 0.0188436 0.0058407
41.482150 -0.7139889 -0.0824240 6.7333150 0.0263251 0.9994616 0.0190052 0.0047307
41.793530 -0.7117963 -0.0787022 6.5332465 0.0260818 0.9994857 0.0183295 0.0034822
42.001030 -0.7103341 -0.0760979 6.4004126 0.0261894 0.9994873 0.0181704 0.0029942
42.208530 -0.7086705 -0.0737654 6.2681060 0.0256183 0.9994976 0.0185509 0.0020385
42.416050 -0.7077215 -0.0713735 6.1353984 0.0258163 0.9994711 0.0197424 0.0011504
42.623660 -0.7075257 -0.0689948 6.0042567 0.0256155 0.9994990 0.0185778 -0.0006545
42.727400 -0.7070845 -0.0680380 5.9384460 0.0260967 0.9994683 0.0194689 -0.0017322
42.934910 -0.7074113 -0.0654490 5.8092203 0.0267644 0.9994360 0.0199061 -0.0038956
43.142410 -0.7078065 -0.0627531 5.6833801 0.0266214 0.9994178 0.0204915 -0.0059640
43.349910 -0.7088736 -0.0604946 5.5611162 0.0270916 0.9993634 0.0217898 -0.0079956
43.557400 -0.7104640 -0.0581405 5.4415507 0.0277078 0.9993339 0.0217112 -0.0096326
43.764790 -0.7118856 -0.0550867 5.3275771 0.0273642 0.9993117 0.0226983 -0.0105922
43.972290 -0.7134941 -0.0529052 5.2176118 0.0268019 0.9993529 0.0215171 -0.0105997
44.179660 -0.7153008 -0.0508816 5.1127558 0.0274459 0.9993383 0.0215337 -0.0102995
44.387040 -0.7170845 -0.0487624 5.0126147 0.0274415 0.9993116 0.0229725 -0.0097723
44.594530 -0.7182564 -0.0468332 4.9169693 0.0265452 0.9993407 0.0229108 -0.0094090
44.802160 -0.7195296 -0.0449254 4.8264251 0.0268737 0.9993624 0.0217917 -0.0088128
45.009780 -0.7207844 -0.0433698 4.7408490 0.0267063 0.9993575 0.0223842 -0.0083824
45.321160 -0.7222607 -0.0410507 4.6199336 0.0269527 0.9993398 0.0231399 -0.0076238
45.528910 -0.7227081 -0.0392403 4.5428395 0.0266879 0.9993873 0.0215032 -0.0071055
45.944410 -0.7242509 -0.0363293 4.3988624 0.0285370 0.9993756 0.0197507 -0.0066216
46.152410 -0.7247605 -0.0353899 4.3308220 0.0296914 0.9993595 0.0188338 -0.0066498
46.464300 -0.7259946 -0.0339874 4.2305903 0.0301285 0.9993334 0.0192780 -0.0073009
46.880280 -0.7270447 -0.0317186 4.1030827 0.0321867 0.9993201 0.0159804 -0.0082386
47.192290 -0.7280368 -0.0305873 4.0089359 0.0308183 0.9993961 0.0131935 -0.0091431
47.400280 -0.7289228 -0.0299029 3.9466639 0.0329593 0.9992940 0.0152670 -0.0095983
47.608410 -0.7292181 -0.0294916 3.8852503 0.0279440 0.9994615 0.0140200 -0.0099605
47.816410 -0.7300492 -0.0285872 3.8238916 0.0284067 0.9995186 0.0078027 -0.0097287
48.024410 -0.7302086 -0.0284183 3.7611451 0.0241829 0.9996333 0.0077528 -0.0094032
48.336410 -0.7307932 -0.0278950 3.6626916 0.0218776 0.9996680 0.0115308 -0.0072338
48.648410 -0.7310736 -0.0267775 3.5597718 0.0202750 0.9997374 0.0104409 -0.0022155
48.960410 -0.7300765 -0.0247399 3.4501088 0.0206735 0.9996606 0.0156026 0.0028299
49.168540 -0.7292311 -0.0230913 3.3735626 0.0223384 0.9996119 0.0152636 0.0066411
49.376540 -0.7276322 -0.0216738 3.2946138 0.0243510 0.9995528 0.0135593 0.0108275
49.584540 -0.7251391 -0.0199116 3.2118194 0.0255726 0.9994531 0.0147464 0.0149015
49.896540 -0.7201478 -0.0175807 3.0828497 0.0282998 0.9992643 0.0144382 0.0214828
50.104550 -0.7153450 -0.0158301 2.9930131 0.0290897 0.9991828 0.0119505 0.0253904
50.416540 -0.7067963 -0.0145058 2.8540590 0.0287764 0.9991362 0.0107756 0.0279746
50.624670 -0.7013262 -0.0130091 2.7577281 0.0296877 0.9991374 0.0076245 0.0280174
50.936790 -0.6923972 -0.0111328 2.6059904 0.0303602 0.9990736 0.0132711 0.0274594
51.144790 -0.6866741 -0.0094690 2.5016651 0.0293527 0.9991349 0.0113646 0.0271793
51.352790 -0.6796183 -0.0084467 2.3952291 0.0286328 0.9991819 0.0110824 0.0263243
51.560790 -0.6735091 -0.0069315 2.2863538 0.0290736 0.9991800 0.0123536 0.0253269
51.768790 -0.6669950 -0.0054744 2.1749988 0.0283932 0.9992449 0.0125678 0.0233572
51.976790 -0.6616654 -0.0037626 2.0597801 0.0267068 0.9993514 0.0117673 0.0210984
52.080790 -0.6590469 -0.0029102 2.0019708 0.0273243 0.9994107 0.0071013 0.0195245
52.184660 -0.6566654 -0.0023814 1.9430693 0.0274561 0.9994397 0.0057760 0.0182512
52.288680 -0.6546516 -0.0020031 1.8827446 0.0277495 0.9994256 0.0093039 0.0170814
52.392670 -0.6525031 -0.0014495 1.8221210 0.0276862 0.9994118 0.0125713 0.0158608
52.496670 -0.6505691 -0.0004050 1.7610421 0.0269096 0.9994488 0.0126767 0.0147401
52.600670 -0.6485698 0.0005504 1.7000139 0.0263445 0.9994916 0.0119093 0.0134435
52.704540 -0.6467401 0.0013453 1.6381317 0.0262794 0.9995139 0.0113237 0.0123782
52.808540 -0.6454086 0.0019398 1.5755268 0.0267172 0.9995083 0.0116848 0.0115220
53.016420 -0.6429904 0.0039086 1.4483246 0.0275567 0.9994924 0.0125562 0.0098957
53.120310 -0.6417869 0.0044092 1.3849289 0.0273811 0.9994910 0.0136939 0.0089669
53.224160 -0.6405949 0.0058919 1.3215119 0.0262516 0.9995122 0.0148799 0.0080521
53.328040 -0.6390775 0.0062470 1.2598749 0.0261260 0.9994928 0.0168455 0.0069145
53.535790 -0.6372418 0.0083805 1.1340672 0.0257756 0.9995193 0.0163179 0.0055253
53.743420 -0.6354939 0.0100142 1.0094411 0.0260871 0.9995199 0.0160531 0.0046600
53.847310 -0.6348166 0.0108102 0.9483457 0.0258342 0.9995186 0.0166093 0.0043968
53.951170 -0.6338477 0.0117293 0.8869559 0.0253622 0.9995426 0.0160020 0.0039078
54.054920 -0.6328650 0.0124362 0.8261041 0.0253969 0.9995586 0.0149987 0.0035497
54.158790 -0.6322065 0.0136568 0.7645650 0.0258114 0.9995432 0.0153723 0.0032766
54.262540 -0.6315116 0.0145685 0.7037455 0.0261632 0.9995015 0.0173970 0.0030837
54.470160 -0.6299497 0.0168391 0.5823022 0.0261562 0.9994846 0.0182626 0.0035864
54.677690 -0.6275961 0.0194811 0.4611689 0.0253328 0.9995612 0.0147066 0.0044022
54.885290 -0.6259185 0.0203385 0.3407549 0.0249053 0.9995588 0.0153311 0.0051849
55.092920 -0.6243069 0.0223017 0.2216351 0.0252993 0.9994938 0.0183481 0.0059564
55.300540 -0.6220412 0.0243425 0.1028354 0.0243364 0.9995583 0.0159531 0.0060381
55.508190 -0.6200598 0.0261132 -0.0139558 0.0247130 0.9995736 0.0144750 0.0056892
55.715790 -0.6183299 0.0275104 -0.1286498 0.0255527 0.9995217 0.0165699 0.0053655
55.923300 -0.6162467 0.0294957 -0.2444068 0.0234223 0.9995961 0.0154003 0.0046698
56.027170 -0.6151030 0.0297578 -0.2994269 0.0231153 0.9996101 0.0150678 0.0042712
56.234670 -0.6141158 0.0308751 -0.4128245 0.0247296 0.9995772 0.0146852 0.0042779
56.338420 -0.6129583 0.0314810 -0.4690171 0.0255689 0.9995476 0.0153646 0.0038468
56.546040 -0.6119941 0.0330637 -0.5814116 0.0260668 0.9995391 0.0150485 0.0039417
56.649810 -0.6112834 0.0337786 -0.6372513 0.0250610 0.9995674 0.0149109 0.0038050
56.857290 -0.6103759 0.0348152 -0.7477596 0.0232028 0.9996114 0.0150194 0.0036155
56.961060 -0.6096494 0.0353626 -0.8031743 0.0232325 0.9995989 0.0157796 0.0036550
57.064790 -0.6086831 0.0365769 -0.8581026 0.0236528 0.9995924 0.0156234 0.0034040
57.168540 -0.6078802 0.0372328 -0.9128451 0.0241788 0.9995742 0.0160156 0.0031884
57.272300 -0.6071175 0.0379209 -0.9674779 0.0242510 0.9995685 0.0162888 0.0030593
57.376170 -0.6064526 0.0384875 -1.0221680 0.0241154 0.9995928 0.0149546 0.0029893
57.583670 -0.6050581 0.0390242 -1.1299918 0.0208325 0.9997054 0.0121368 0.0028075
57.791170 -0.6034147 0.0398859 -1.2370641 0.0189891 0.9997122 0.0143658 0.0029447
57.998680 -0.6021593 0.0409853 -1.3444401 0.0216891 0.9996217 0.0166335 0.0030598
58.206190 -0.6011320 0.0429122 -1.4513878 0.0250376 0.9995414 0.0167409 0.0031377
58.413800 -0.5999783 0.0450560 -1.5584822 0.0248371 0.9995875 0.0140861 0.0030810
58.621420 -0.5987552 0.0460532 -1.6655399 0.0227654 0.9996382 0.0140439 0.0028139
58.829070 -0.5973728 0.0467495 -1.7733104 0.0226905 0.9996531 0.0131351 0.0025123
59.036550 -0.5966513 0.0477344 -1.8812325 0.0223461 0.9996598 0.0131873 0.0026627
59.244170 -0.5951815 0.0490596 -1.9896314 0.0206915 0.9996973 0.0130876 0.0024421
59.451800 -0.5931885 0.0505009 -2.0982873 0.0182473 0.9997314 0.0141679 0.0018654
59.659420 -0.5924818 0.0516734 -2.2076232 0.0178012 0.9997624 0.0124145 0.0020555
59.866920 -0.5912659 0.0526395 -2.3160858 0.0173920 0.9997784 0.0116279 0.0023187
60.074550 -0.5888633 0.0540967 -2.4245920 0.0163510 0.9998220 0.0091847 0.0020594
60.282170 -0.5875903 0.0541936 -2.5326865 0.0182655 0.9997753 0.0105067 0.0023122
60.593420 -0.5859935 0.0548581 -2.6965244 0.0183640 0.9997836 0.0093393 0.0028853
60.801050 -0.5847042 0.0556561 -2.8068099 0.0181324 0.9997593 0.0118792 0.0033983
61.112300 -0.5824831 0.0572010 -2.9686012 0.0213405 0.9996941 0.0117286 0.0043200
61.319920 -0.5808603 0.0578591 -3.0768685 0.0229298 0.9996521 0.0122096 0.0045517
61.527550 -0.5798548 0.0588027 -3.1851053 0.0250845 0.9995878 0.0130054 0.0050770
61.735050 -0.5779811 0.0593683 -3.2919452 0.0272467 0.9995472 0.0117106 0.0050863
61.942550 -0.5762300 0.0597685 -3.3980613 0.0286861 0.9995344 0.0090082 0.0051893
62.150170 -0.5744874 0.0598511 -3.5048437 0.0281803 0.9995314 0.0108012 0.0051227
62.357670 -0.5727713 0.0602737 -3.6103356 0.0276885 0.9995511 0.0102623 0.0050563
62.565300 -0.5713612 0.0604093 -3.7161038 0.0278957 0.9995522 0.0096551 0.0048862
62.876680 -0.5691043 0.0609405 -3.8746471 0.0274464 0.9995696 0.0097437 0.0035127
63.084300 -0.5683553 0.0610686 -3.9793906 0.0276159 0.9995735 0.0090629 0.0028175
63.291930 -0.5668548 0.0611886 -4.0842190 0.0268927 0.9995894 0.0097252 0.0017719
63.499550 -0.5659646 0.0616041 -4.1887093 0.0261490 0.9996095 0.0097895 0.0010789
63.707170 -0.5655049 0.0612670 -4.2931485 0.0267055 0.9995985 0.0094157 0.0010225
63.914800 -0.5644255 0.0608910 -4.3960848 0.0269383 0.9996030 0.0081774 0.0011804
64.122420 -0.5638685 0.0610466 -4.4991164 0.0283281 0.9995514 0.0095649 0.0017658
64.226180 -0.5636426 0.0608262 -4.5506487 0.0287780 0.9995249 0.0107483 0.0024990
64.433800 -0.5619628 0.0609363 -4.6525507 0.0287654 0.9995442 0.0085975 0.0031674
64.537570 -0.5611456 0.0607404 -4.7029862 0.0278885 0.9995782 0.0074051 0.0033003
64.745300 -0.5599912 0.0605552 -4.8037462 0.0274791 0.9995620 0.0104707 0.0033138
64.952920 -0.5590924 0.0610306 -4.9046106 0.0279183 0.9995350 0.0117704 0.0034238
65.160550 -0.5578278 0.0615783 -5.0043640 0.0274455 0.9995708 0.0098593 0.0027669
65.368050 -0.5571913 0.0618401 -5.1035404 0.0264383 0.9996009 0.0097500 0.0019761
65.575680 -0.5562645 0.0619382 -5.2008753 0.0262177 0.9996064 0.0099044 0.0012789
65.783180 -0.5552669 0.0621115 -5.2982011 0.0262643 0.9996039 0.0100959 0.0005421
65.990800 -0.5542648 0.0618104 -5.3955226 0.0261115 0.9996021 0.0106540 -0.0005732
66.302080 -0.5549707 0.0623946 -5.5407057 0.0260736 0.9996046 0.0104590 -0.0011668
66.509680 -0.5545592 0.0626911 -5.6361952 0.0257400 0.9996144 0.0102398 -0.0019333
66.717300 -0.5542239 0.0625830 -5.7303004 0.0261859 0.9996151 0.0087999 -0.0025459
66.924810 -0.5545782 0.0624254 -5.8245215 0.0264504 0.9995891 0.0106852 -0.0027713
67.132440 -0.5545989 0.0624655 -5.9177041 0.0263347 0.9996006 0.0098834 -0.0027120
67.340050 -0.5545129 0.0627120 -6.0101643 0.0273168 0.9995713 0.0102023 -0.0026249
67.547680 -0.5551402 0.0630627 -6.1028376 0.0271147 0.9995688 0.0110449 -0.0022354
67.755300 -0.5549812 0.0632864 -6.1936116 0.0267146 0.9995811 0.0109226 -0.0021666
67.962930 -0.5548774 0.0639589 -6.2836432 0.0265980 0.9995896 0.0103173 -0.0025874
68.170550 -0.5552081 0.0636604 -6.3715205 0.0255926 0.9996015 0.0112903 -0.0037874
68.378180 -0.5554761 0.0638139 -6.4585056 0.0244506 0.9996275 0.0110121 -0.0050799
68.585930 -0.5563166 0.0638710 -6.5442371 0.0249791 0.9996206 0.0100738 -0.0057708
68.793560 -0.5569813 0.0639952 -6.6283813 0.0256172 0.9995837 0.0120106 -0.0056625
69.001180 -0.5581158 0.0640364 -6.7104630 0.0277134 0.9995273 0.0121542 -0.0054335
69.208930 -0.5583981 0.0642288 -6.7889614 0.0270430 0.9995179 0.0140823 -0.0058532
69.416810 -0.5588291 0.0650056 -6.8645864 0.0259524 0.9995488 0.0130995 -0.0075556
69.728440 -0.5597374 0.0649526 -6.9693327 0.0272070 0.9994905 0.0138236 -0.0093498
70.143930 -0.5599418 0.0645975 -7.0924211 0.0325147 0.9993902 0.0127021 0.0007927
70.558570 -0.5530546 0.0653558 -7.1987753 0.0338263 0.9981149 0.0158012 0.0487101
71.180310 -0.5199218 0.0633206 -7.3171277 0.0359958 0.9838243 0.0108565 0.1751462
71.698810 -0.4680572 0.0604467 -7.3892860 0.0359071 0.9452087 0.0092194 0.3243549
72.009810 -0.4301536 0.0592787 -7.4249401 0.0337814 0.9050877 0.0094537 0.4237755
72.321310 -0.3824513 0.0573936 -7.4487958 0.0279108 0.8550369 0.0073668 0.5177632
72.529060 -0.3485684 0.0555468 -7.4594197 0.0279047 0.8164492 0.0062347 0.5767090
72.736950 -0.3125989 0.0537801 -7.4635940 0.0277203 0.7748556 0.0030970 0.6315225
72.944810 -0.2757386 0.0518767 -7.4637265 0.0228428 0.7285351 0.0045850 0.6846122
73.152830 -0.2369925 0.0502566 -7.4589396 0.0154076 0.6781057 0.0113861 0.7347146
73.256690 -0.2168924 0.0497105 -7.4540596 0.0107827 0.6514315 0.0139243 0.7585030
73.464560 -0.1781044 0.0484400 -7.4397807 0.0046153 0.5949157 0.0162947 0.8036096
73.672580 -0.1395595 0.0483372 -7.4192224 0.0024689 0.5350516 0.0189156 0.8446040
73.880450 -0.1002796 0.0485059 -7.3917255 -0.0014809 0.4722575 0.0220525 0.8811834
74.088440 -0.0639133 0.0484645 -7.3567758 -0.0025517 0.4094080 0.0211026 0.9121038
74.296560 -0.0293832 0.0487978 -7.3155022 0.0011890 0.3482023 0.0216636 0.9371683
74.504810 0.0024662 0.0488953 -7.2661104 0.0006683 0.2873885 0.0221673 0.9575573
74.712820 0.0289528 0.0489886 -7.2098336 -0.0009964 0.2240297 0.0223861 0.9743246
74.921080 0.0501790 0.0486230 -7.1459546 -0.0024343 0.1637360 0.0213845 0.9862694
75.025200 0.0582920 0.0485695 -7.1117134 -0.0021887 0.1374520 0.0184521 0.9903342
75.233810 0.0712181 0.0483706 -7.0384059 -0.0014208 0.0936692 0.0133441 0.9955129
75.442560 0.0809622 0.0481978 -6.9598312 -0.0025829 0.0581736 0.0134217 0.9982129
75.651310 0.0853665 0.0478608 -6.8749800 -0.0030259 0.0300397 0.0111942 0.9994814
75.860220 0.0859084 0.0476657 -6.7868299 -0.0020339 0.0115232 0.0061376 0.9999127
76.069190 0.0859396 0.0475151 -6.6930366 -0.0013866 0.0048293 0.0022878 0.9999847
76.173710 0.0860377 0.0474415 -6.6444497 -0.0017146 0.0042185 0.0021389 0.9999874
76.278060 0.0861791 0.0472743 -6.5951266 -0.0022607 0.0037072 0.0026114 0.9999872
76.486810 0.0863417 0.0468199 -6.4932680 -0.0025134 0.0020805 0.0034277 0.9999888
76.695310 0.0857813 0.0467337 -6.3877120 -0.0028850 0.0000087 0.0033712 0.9999902
76.903560 0.0850876 0.0462878 -6.2794638 -0.0045597 -0.0020117 0.0041365 0.9999790
77.111810 0.0841446 0.0459327 -6.1658254 -0.0033594 -0.0034574 0.0046205 0.9999777
77.320060 0.0828337 0.0462189 -6.0500340 -0.0029588 -0.0044242 0.0043859 0.9999762
77.528190 0.0807157 0.0461830 -5.9293003 -0.0019025 -0.0043217 0.0040736 0.9999806
77.736190 0.0785841 0.0457706 -5.8064332 -0.0023985 -0.0032593 0.0037397 0.9999848
77.944210 0.0779874 0.0451088 -5.6807742 0.0003017 -0.0016793 0.0031486 0.9999936
78.152070 0.0772078 0.0431402 -5.5530605 0.0016021 -0.0001381 0.0040022 0.9999907
78.359820 0.0757848 0.0415870 -5.4213719 0.0013081 -0.0003352 0.0052372 0.9999854
78.567580 0.0748422 0.0393828 -5.2878222 0.0032659 -0.0022375 0.0052043 0.9999786
78.775190 0.0728742 0.0377365 -5.1525974 0.0019712 -0.0047365 0.0054265 0.9999721
78.982940 0.0711320 0.0358944 -5.0137644 0.0025827 -0.0061375 0.0052482 0.9999641
79.190690 0.0686377 0.0333844 -4.8728914 0.0036888 -0.0072083 0.0058007 0.9999504
79.294440 0.0672491 0.0321385 -4.8021741 0.0035579 -0.0077679 0.0047097 0.9999524
79.502200 0.0639508 0.0294200 -4.6583829 0.0011886 -0.0074419 0.0038424 0.9999642
79.709940 0.0613224 0.0281210 -4.5119615 -0.0008925 -0.0070576 0.0043610 0.9999652
79.917560 0.0583872 0.0276355 -4.3634357 -0.0064085 -0.0067729 0.0039426 0.9999487
80.021460 0.0567668 0.0271993 -4.2891331 -0.0080775 -0.0066631 0.0031999 0.9999400
80.228940 0.0540153 0.0273733 -4.1408892 -0.0091475 -0.0066640 0.0030665 0.9999313
80.332810 0.0528417 0.0272978 -4.0673771 -0.0081179 -0.0068439 0.0031984 0.9999385
80.436670 0.0520892 0.0272698 -3.9943225 -0.0069512 -0.0068112 0.0033547 0.9999470
80.540440 0.0505948 0.0267124 -3.9216554 -0.0071304 -0.0062265 0.0041513 0.9999466
80.644320 0.0494220 0.0265759 -3.8487251 -0.0082670 -0.0056567 0.0041046 0.9999414
80.748100 0.0484757 0.0263787 -3.7763197 -0.0080620 -0.0053569 0.0046106 0.9999425
80.851960 0.0476736 0.0262387 -3.7040153 -0.0073369 -0.0051097 0.0044034 0.9999503
80.955700 0.0462742 0.0260291 -3.6325605 -0.0074742 -0.0047579 0.0048432 0.9999490
81.059440 0.0454957 0.0259800 -3.5599306 -0.0081088 -0.0044923 0.0052101 0.9999434
81.163210 0.0447522 0.0253613 -3.4872789 -0.0094721 -0.0042205 0.0054826 0.9999312
81.266940 0.0435483 0.0258783 -3.4157255 -0.0099363 -0.0041057 0.0055409 0.9999269
81.474570 0.0418856 0.0255666 -3.2714472 -0.0072430 -0.0046718 0.0055752 0.9999473
81.682070 0.0397844 0.0250027 -3.1285248 -0.0068879 -0.0052741 0.0034402 0.9999564
81.889700 0.0370924 0.0247194 -2.9872017 -0.0062166 -0.0054267 0.0041156 0.9999575
82.097310 0.0347234 0.0243892 -2.8455477 -0.0079112 -0.0061100 0.0052485 0.9999363
82.304840 0.0317420 0.0243321 -2.7057040 -0.0052657 -0.0071197 0.0054588 0.9999459
82.512440 0.0288614 0.0230480 -2.5662217 -0.0082373 -0.0084052 0.0057747 0.9999141
82.719960 0.0256236 0.0224934 -2.4287536 -0.0078095 -0.0093819 0.0053600 0.9999111
82.927570 0.0221033 0.0225417 -2.2909565 -0.0074606 -0.0094170 0.0045291 0.9999176
83.135190 0.0192988 0.0220096 -2.1531508 -0.0068510 -0.0094548 0.0047525 0.9999205
83.342820 0.0164363 0.0215789 -2.0180824 -0.0068600 -0.0089759 0.0053827 0.9999217
83.550440 0.0139905 0.0213189 -1.8828419 -0.0075315 -0.0083769 0.0065634 0.9999150
83.758190 0.0115799 0.0202009 -1.7482245 -0.0070843 -0.0076198 0.0059616 0.9999281
83.965950 0.0087659 0.0201385 -1.6152391 -0.0054740 -0.0067396 0.0049431 0.9999501
84.069850 0.0078371 0.0193897 -1.5487468 -0.0067839 -0.0066004 0.0042034 0.9999464
84.173690 0.0065444 0.0194002 -1.4827677 -0.0073501 -0.0058972 0.0037255 0.9999487
84.381590 0.0047523 0.0190664 -1.3512952 -0.0063824 -0.0044400 0.0028245 0.9999658
84.589320 0.0035158 0.0184358 -1.2218163 -0.0058536 -0.0029061 0.0032067 0.9999735
84.797070 0.0026119 0.0174105 -1.0933698 -0.0041250 -0.0012664 0.0028884 0.9999865
85.004820 0.0026580 0.0160238 -0.9678572 -0.0002012 -0.0002635 0.0015366 0.9999987
85.212450 0.0053125 0.0134236 -0.8411240 0.0000716 -0.0004566 0.0018988 0.9999981
85.420190 0.0030767 0.0118491 -0.7206535 -0.0015364 0.0013394 0.0020830 0.9999958
85.731590 0.0102093 0.0075975 -0.5399664 -0.0010969 -0.0023491 0.0039653 0.9999888
85.939070 0.0027155 0.0073940 -0.4283601 -0.0009779 0.0003241 0.0024594 0.9999964
86.146690 -0.0020066 0.0060189 -0.3149237 -0.0015833 0.0014753 0.0018413 0.9999959
86.354210 -0.0033554 0.0046510 -0.2014436 0.0002022 0.0006198 0.0020780 0.9999976
86.561820 -0.0056121 0.0015018 -0.0754973 0.0001436 0.0010401 0.0014665 0.9999984
86.769450 -0.0031103 -0.0013169 0.0686855 -0.0000085 -0.0008479 0.0008371 0.9999993
87.495830 -0.0041786 -0.0106102 0.6030401 -0.0007741 -0.0027282 0.0003408 0.9999959
96.632830 -0.0780486 -0.0749056 5.2155223 0.0020367 0.0073347 -0.0087367 0.9999329
102.446200 -0.0737015 -0.1247633 7.9992123 -0.0001173 -0.0026735 0.0004828 0.9999963
106.391100 -0.1083344 -0.1562481 9.5433483 0.0020450 -0.0155668 -0.0022044 0.9998743
106.807100 -0.1107350 -0.1585313 9.6513367 0.0009130 -0.0070827 -0.0005191 0.9999744
107.223000 -0.1115412 -0.1607796 9.7572384 -0.0007422 -0.0001942 -0.0005742 0.9999995
107.639000 -0.1119833 -0.1626086 9.8612452 0.0032252 0.0020162 -0.0005304 0.9999926
109.615000 -0.1089704 -0.1740123 10.3838482 0.0046161 0.0139448 0.0013507 0.9998912
110.966800 -0.0966667 -0.1824449 10.7876558 0.0036635 0.0179235 0.0007595 0.9998323
111.382700 -0.0936886 -0.1856268 10.9161520 0.0049518 0.0134155 -0.0012752 0.9998969
111.798600 -0.0921294 -0.1886204 11.0451622 0.0024494 0.0086811 -0.0026773 0.9999557
112.214600 -0.0915803 -0.1916194 11.1718264 0.0024672 0.0053538 -0.0022545 0.9999801
112.630600 -0.0915843 -0.1944083 11.2927694 0.0021485 0.0029979 -0.0034479 0.9999872
113.046600 -0.0925367 -0.1977459 11.4034958 0.0060209 0.0032048 -0.0078825 0.9999457
113.462600 -0.0925548 -0.2009870 11.5120373 0.0074480 0.0055288 -0.0110153 0.9998963
113.878500 -0.0915498 -0.2043125 11.6155777 0.0037068 0.0057404 -0.0097426 0.9999292
114.294300 -0.0909572 -0.2064752 11.7208271 0.0019305 0.0025250 -0.0073162 0.9999682
