3.116499 0.0000000 0.0000000 0.0000000 0.0000000 0.0000000 0.0000000 1.0000000
3.220123 0.0005486 -0.0002275 0.0420034 -0.0010232 0.0058075 -0.0002899 0.9999826
3.323750 0.0017931 -0.0003441 0.0857582 -0.0020953 0.0112160 -0.0006507 0.9999347
3.427371 0.0033692 -0.0005220 0.1305110 -0.0030601 0.0164371 -0.0008689 0.9998598
3.531001 0.0056885 -0.0005036 0.1767959 -0.0040401 0.0216222 -0.0012038 0.9997573
3.634758 0.0084114 -0.0003366 0.2242627 -0.0046722 0.0269267 -0.0008489 0.9996261
3.738395 0.0115994 -0.0006355 0.2727612 -0.0053977 0.0322638 -0.0006226 0.9994646
3.842137 0.0155770 -0.0005218 0.3218760 -0.0069060 0.0375988 -0.0009909 0.9992686
3.945774 0.0196816 -0.0001601 0.3715293 -0.0087548 0.0435112 -0.0013256 0.9990137
4.049501 0.0248443 0.0000109 0.4211515 -0.0107117 0.0496297 -0.0012235 0.9987095
4.153250 0.0303386 0.0001840 0.4710108 -0.0118625 0.0562432 -0.0013243 0.9983457
4.257002 0.0367543 0.0005485 0.5212581 -0.0119675 0.0633998 -0.0011105 0.9979159
4.360751 0.0435955 0.0009210 0.5716643 -0.0114689 0.0708538 -0.0016096 0.9974195
4.568398 0.0611077 0.0012293 0.6726611 -0.0102335 0.0895000 -0.0024441 0.9959313
4.776128 0.0838244 0.0011839 0.7738606 -0.0097480 0.1174212 -0.0050344 0.9930216
4.984148 0.1135752 0.0010842 0.8738601 -0.0092089 0.1510822 -0.0056476 0.9884622
5.192023 0.1502992 0.0005260 0.9720873 -0.0074774 0.1840951 -0.0059680 0.9828619
5.399752 0.1940760 -0.0008487 1.0693091 -0.0037251 0.2160567 -0.0057245 0.9763569
5.607400 0.2444647 -0.0028273 1.1613491 0.0030454 0.2462867 0.0001689 0.9691922
5.815003 0.3009975 -0.0059897 1.2504733 0.0090805 0.2739005 0.0072753 0.9616876
6.022375 0.3609930 -0.0108443 1.3366973 0.0217068 0.2996632 0.0093433 0.9537523
6.229773 0.4245465 -0.0174799 1.4199982 0.0375827 0.3249200 0.0048023 0.9449823
6.437129 0.4935546 -0.0267668 1.4996499 0.0448284 0.3492787 0.0058352 0.9359277
6.644505 0.5673519 -0.0369563 1.5764347 0.0419905 0.3712078 0.0108120 0.9275369
6.851878 0.6429507 -0.0457690 1.6495047 0.0409481 0.3876556 0.0164114 0.9207481
7.059005 0.7189982 -0.0539619 1.7198180 0.0439900 0.3988250 0.0170343 0.9158129
7.266377 0.7967269 -0.0625622 1.7885406 0.0431789 0.4102174 0.0136782 0.9108623
7.577401 0.9138911 -0.0752434 1.8881519 0.0465052 0.4207833 0.0154716 0.9058362
7.784655 0.9953067 -0.0836693 1.9577008 0.0477218 0.4189436 0.0156607 0.9066221
8.095633 1.1222248 -0.0980154 2.0697036 0.0466584 0.4080723 0.0136966 0.9116536
8.303130 1.2085242 -0.1078894 2.1496570 0.0450857 0.4024712 0.0099168 0.9142680
8.510755 1.2976017 -0.1184087 2.2329063 0.0426983 0.4019985 0.0072082 0.9146158
8.718382 1.3911211 -0.1289811 2.3178561 0.0418720 0.4025752 0.0072721 0.9143999
8.925883 1.4855288 -0.1395796 2.4048791 0.0410147 0.4027981 0.0075831 0.9143380
9.133505 1.5819677 -0.1503627 2.4931893 0.0401756 0.4027959 0.0066391 0.9143836
9.341007 1.6791236 -0.1613939 2.5827389 0.0395361 0.4025627 0.0060601 0.9145182
9.548508 1.7764225 -0.1729385 2.6725380 0.0376260 0.4006837 0.0072496 0.9154149
9.755883 1.8724003 -0.1826444 2.7631345 0.0368980 0.3982035 0.0076416 0.9165229
9.963509 1.9676363 -0.1933667 2.8530273 0.0373269 0.3965889 0.0078454 0.9172035
10.275010 2.1092486 -0.2105565 2.9859009 0.0391400 0.4008985 0.0051583 0.9152715
10.482760 2.2054522 -0.2211142 3.0727715 0.0369838 0.4065897 0.0073869 0.9128321
10.690390 2.3012433 -0.2313341 3.1574605 0.0375563 0.4120187 0.0067450 0.9103761
10.794130 2.3492713 -0.2361616 3.1991465 0.0384727 0.4146320 0.0065210 0.9091522
10.898010 2.3963740 -0.2412279 3.2402658 0.0391580 0.4173084 0.0055413 0.9079040
11.001750 2.4435520 -0.2464678 3.2804246 0.0392822 0.4192010 0.0049940 0.9070294
11.105390 2.4913583 -0.2519195 3.3208878 0.0387162 0.4210608 0.0057196 0.9061877
11.312890 2.5868778 -0.2613705 3.4008715 0.0303550 0.4234531 0.0098635 0.9053556
11.520390 2.6792426 -0.2697380 3.4790394 0.0319294 0.4251802 0.0098960 0.9044912
11.727800 2.7734199 -0.2782838 3.5560889 0.0368230 0.4260259 0.0116360 0.9038864
11.935260 2.8680134 -0.2869347 3.6333141 0.0355327 0.4256251 0.0131996 0.9041054
12.142640 2.9600756 -0.2949572 3.7107866 0.0296000 0.4249520 0.0134389 0.9046320
12.350150 3.0520778 -0.3020427 3.7891574 0.0251012 0.4237808 0.0067645 0.9053916
12.557630 3.1443267 -0.3092681 3.8659458 0.0267102 0.4209253 0.0102421 0.9066441
12.765050 3.2344372 -0.3159102 3.9436083 0.0291396 0.4138856 0.0126814 0.9097740
12.972400 3.3237128 -0.3230569 4.0226002 0.0303117 0.4039843 0.0147934 0.9141439
13.179930 3.4086637 -0.3300950 4.1049995 0.0275331 0.3925915 0.0147681 0.9191821
13.387430 3.4922116 -0.3367565 4.1892309 0.0269587 0.3806374 0.0151001 0.9242080
13.594890 3.5738184 -0.3443439 4.2745275 0.0296979 0.3680048 0.0147398 0.9292326
13.906260 3.6884410 -0.3566929 4.4039664 0.0353651 0.3496123 0.0143783 0.9361163
14.010030 3.7246892 -0.3607771 4.4480295 0.0332671 0.3439246 0.0129134 0.9383189
14.217640 3.7971637 -0.3698848 4.5368180 0.0360405 0.3350013 0.0079538 0.9414945
14.321530 3.8321731 -0.3740687 4.5816302 0.0386873 0.3326907 0.0035552 0.9422354
14.529260 3.9002259 -0.3835071 4.6698570 0.0395599 0.3295186 0.0001217 0.9433199
14.633120 3.9338379 -0.3882950 4.7130504 0.0394926 0.3271007 -0.0007473 0.9441636
14.736910 3.9689410 -0.3933678 4.7587261 0.0373249 0.3241619 -0.0014389 0.9452639
14.840760 4.0031514 -0.3981269 4.8036008 0.0355564 0.3214121 -0.0011158 0.9462709
14.944510 4.0369916 -0.4032589 4.8491426 0.0339373 0.3186536 -0.0016973 0.9472620
15.152010 4.1022329 -0.4127807 4.9405599 0.0332201 0.3127292 -0.0094461 0.9492142
15.255760 4.1355076 -0.4176043 4.9859400 0.0353779 0.3090301 -0.0089470 0.9503519
15.463280 4.2001548 -0.4273255 5.0777907 0.0361236 0.3022251 -0.0088440 0.9525108
15.567140 4.2318068 -0.4323491 5.1244102 0.0336463 0.2989467 -0.0080605 0.9536424
15.774640 4.2936406 -0.4417678 5.2173505 0.0340161 0.2922466 -0.0094356 0.9556913
15.878390 4.3242683 -0.4466972 5.2638807 0.0352870 0.2890150 -0.0097348 0.9566244
16.086050 4.3854418 -0.4568214 5.3590279 0.0352997 0.2820692 -0.0106207 0.9586856
16.293510 4.4445381 -0.4668061 5.4528303 0.0357408 0.2742644 -0.0072989 0.9609622
16.501030 4.5009856 -0.4770003 5.5475531 0.0352884 0.2676302 -0.0096665 0.9628267
16.812390 4.5846915 -0.4918254 5.6911302 0.0344403 0.2601236 -0.0094058 0.9649151
17.123760 4.6674747 -0.5061759 5.8362665 0.0342706 0.2522513 -0.0022780 0.9670520
17.331410 4.7205534 -0.5157205 5.9324894 0.0344951 0.2475536 -0.0024495 0.9682568
17.642890 4.7978816 -0.5295062 6.0778327 0.0343624 0.2444375 -0.0050626 0.9690428
17.850540 4.8494411 -0.5384122 6.1750679 0.0296262 0.2435623 -0.0041468 0.9694238
18.058140 4.9001951 -0.5471460 6.2705612 0.0308991 0.2424801 -0.0042544 0.9696549
18.265770 4.9497089 -0.5549822 6.3659735 0.0323552 0.2428566 -0.0067903 0.9694987
18.369580 4.9742541 -0.5597484 6.4131966 0.0314392 0.2425430 -0.0079155 0.9695988
18.577160 5.0243115 -0.5684928 6.5076590 0.0332773 0.2418090 -0.0068669 0.9697288
18.680990 5.0480647 -0.5730177 6.5547962 0.0335581 0.2420317 -0.0112892 0.9696221
18.784860 5.0719733 -0.5778672 6.6017056 0.0339337 0.2418025 -0.0143539 0.9696257
18.888520 5.0964193 -0.5825184 6.6479802 0.0359148 0.2415235 -0.0132105 0.9696401
18.992370 5.1207523 -0.5875297 6.6944914 0.0363803 0.2414637 -0.0126380 0.9696453
19.096040 5.1446624 -0.5923493 6.7406731 0.0369275 0.2405811 -0.0133523 0.9698344
19.199890 5.1691589 -0.5970024 6.7868037 0.0369446 0.2396620 -0.0091029 0.9701105
19.303520 5.1938992 -0.6020281 6.8328114 0.0355061 0.2377812 -0.0058272 0.9706521
19.407390 5.2176986 -0.6066689 6.8784537 0.0332591 0.2368866 -0.0032025 0.9709626
19.511150 5.2409058 -0.6110244 6.9238191 0.0330538 0.2352480 -0.0024780 0.9713700
19.718390 5.2859011 -0.6198775 7.0135550 0.0372034 0.2294357 -0.0022996 0.9726098
19.822140 5.3075867 -0.6240892 7.0583916 0.0374742 0.2253927 -0.0027022 0.9735433
20.029410 5.3495960 -0.6331742 7.1479039 0.0348489 0.2146466 0.0009950 0.9760694
20.132890 5.3695664 -0.6373183 7.1925273 0.0363369 0.2078224 0.0026652 0.9774878
20.340390 5.4074025 -0.6459019 7.2840195 0.0371951 0.1940812 0.0035416 0.9802737
20.444020 5.4250836 -0.6505207 7.3297577 0.0379655 0.1874315 0.0036006 0.9815371
20.651520 5.4574385 -0.6601272 7.4205236 0.0450128 0.1744046 -0.0031290 0.9836397
20.859140 5.4873204 -0.6701271 7.5096560 0.0489017 0.1610481 -0.0060657 0.9857156
20.962890 5.5012622 -0.6751681 7.5548115 0.0467990 0.1551986 -0.0075682 0.9867451
21.170640 5.5271788 -0.6858106 7.6451755 0.0483854 0.1455539 -0.0118710 0.9880951
21.274520 5.5394516 -0.6910304 7.6891947 0.0519735 0.1422126 -0.0141635 0.9883692
21.482520 5.5648508 -0.7017693 7.7780914 0.0508517 0.1404426 -0.0158846 0.9886545
21.690420 5.5900946 -0.7131559 7.8663688 0.0471722 0.1429121 -0.0152061 0.9884937
22.002150 5.6293602 -0.7281882 7.9962568 0.0470372 0.1483282 -0.0140250 0.9877194
22.106150 5.6427603 -0.7331879 8.0388956 0.0471222 0.1507647 -0.0142992 0.9873424
22.313900 5.6706681 -0.7433241 8.1249828 0.0449301 0.1564466 -0.0137132 0.9865686
22.417770 5.6841197 -0.7479544 8.1669483 0.0449036 0.1592127 -0.0141273 0.9861214
22.625400 5.7118669 -0.7578408 8.2501383 0.0465448 0.1638169 -0.0156377 0.9852680
22.729170 5.7260890 -0.7626909 8.2911444 0.0477610 0.1649668 -0.0158074 0.9850152
22.936520 5.7547779 -0.7723654 8.3736095 0.0482046 0.1654596 -0.0129292 0.9849529
23.143770 5.7822275 -0.7825189 8.4551029 0.0464714 0.1596231 -0.0104522 0.9860282
23.351020 5.8068743 -0.7921612 8.5349455 0.0471987 0.1468169 -0.0075873 0.9880078
23.558270 5.8283315 -0.8013394 8.6162739 0.0430721 0.1311256 -0.0099495 0.9903797
23.765650 5.8466444 -0.8095593 8.6970825 0.0361213 0.1146419 -0.0091681 0.9927076
23.973020 5.8615379 -0.8168529 8.7770519 0.0292260 0.0976705 -0.0096635 0.9947426
24.180540 5.8748369 -0.8232722 8.8550615 0.0271598 0.0790119 -0.0093950 0.9964593
24.387900 5.8835659 -0.8285013 8.9323635 0.0257728 0.0623524 -0.0121049 0.9976479
24.595400 5.8905301 -0.8338020 9.0092440 0.0220511 0.0490795 -0.0113654 0.9984868
24.803110 5.8954515 -0.8392546 9.0850220 0.0228023 0.0385940 -0.0129822 0.9989104
25.010540 5.8985538 -0.8443193 9.1591129 0.0308610 0.0292894 -0.0156254 0.9989722
25.218040 5.9016414 -0.8494879 9.2338877 0.0336939 0.0217448 -0.0126457 0.9991156
25.529390 5.9037642 -0.8576585 9.3490839 0.0193007 0.0158683 -0.0164388 0.9995526
25.737020 5.9057159 -0.8620303 9.4249926 0.0209803 0.0148466 -0.0131401 0.9995833
25.944520 5.9077768 -0.8655876 9.5024328 0.0199303 0.0129478 -0.0126508 0.9996375
26.151900 5.9083385 -0.8698422 9.5800962 0.0153939 0.0102849 -0.0127293 0.9997476
26.359150 5.9087825 -0.8729898 9.6578274 0.0133592 0.0048481 -0.0116301 0.9998314
26.566610 5.9080424 -0.8763852 9.7375317 0.0112670 -0.0043478 -0.0098994 0.9998780
26.773900 5.9044743 -0.8799731 9.8171301 0.0136488 -0.0162614 -0.0114511 0.9997090
26.981280 5.8991194 -0.8830528 9.8972940 0.0152505 -0.0285749 -0.0116315 0.9994076
27.188790 5.8919435 -0.8866829 9.9783621 0.0125975 -0.0405148 -0.0122906 0.9990239
27.396270 5.8823853 -0.8894224 10.0607958 0.0105404 -0.0515139 -0.0154702 0.9984968
27.500020 5.8770633 -0.8905969 10.1024723 0.0104583 -0.0553457 -0.0172325 0.9982638
27.707780 5.8662786 -0.8936578 10.1877117 0.0071784 -0.0587394 -0.0161319 0.9981172
27.915520 5.8559670 -0.8962908 10.2738676 0.0089969 -0.0580747 -0.0134506 0.9981810
28.123280 5.8458395 -0.8983226 10.3616295 0.0100068 -0.0575145 -0.0097508 0.9982469
28.330900 5.8358965 -0.9009155 10.4511108 0.0061019 -0.0565515 -0.0087063 0.9983431
28.538650 5.8258204 -0.9032624 10.5400658 0.0046591 -0.0548183 -0.0086600 0.9984479
28.849900 5.8109727 -0.9071093 10.6781626 0.0067246 -0.0524565 -0.0093540 0.9985567
29.057520 5.8011556 -0.9095753 10.7688961 0.0111561 -0.0514325 -0.0107280 0.9985566
29.264900 5.7912226 -0.9129620 10.8610334 0.0074233 -0.0499240 -0.0120766 0.9986524
29.472530 5.7817984 -0.9161830 10.9520426 0.0067042 -0.0459460 -0.0156025 0.9987996
29.680170 5.7739916 -0.9195167 11.0445623 0.0058398 -0.0375250 -0.0154771 0.9991587
29.887780 5.7689915 -0.9222463 11.1353874 0.0088863 -0.0266068 -0.0140386 0.9995079
30.095530 5.7661448 -0.9250203 11.2273188 0.0051889 -0.0147218 -0.0125055 0.9998000
30.199280 5.7653141 -0.9264176 11.2731838 0.0014619 -0.0100576 -0.0101778 0.9998965
30.406780 5.7639527 -0.9278787 11.3643026 -0.0024271 -0.0040801 -0.0126315 0.9999090
30.614030 5.7634058 -0.9292771 11.4553862 -0.0037361 -0.0018107 -0.0117455 0.9999224
30.821410 5.7624445 -0.9301323 11.5466766 -0.0021278 -0.0011852 -0.0137767 0.9999021
31.028780 5.7612071 -0.9310262 11.6394110 -0.0032355 -0.0021872 -0.0146352 0.9998853
31.236300 5.7604351 -0.9323753 11.7325134 -0.0042594 -0.0039954 -0.0124872 0.9999050
31.443650 5.7581968 -0.9328317 11.8268414 -0.0058667 -0.0075829 -0.0129548 0.9998701
31.651030 5.7547412 -0.9328666 11.9225826 -0.0105098 -0.0126325 -0.0143381 0.9997622
31.858530 5.7509403 -0.9331666 12.0176573 -0.0092570 -0.0172643 -0.0182924 0.9996408
32.066030 5.7451057 -0.9325326 12.1138248 -0.0059361 -0.0218916 -0.0228010 0.9994827
32.273410 5.7388229 -0.9332701 12.2101831 -0.0056532 -0.0261248 -0.0246711 0.9993382
32.480910 5.7322240 -0.9335023 12.3069391 -0.0043152 -0.0307733 -0.0252787 0.9991974
32.688280 5.7250357 -0.9342811 12.4035006 -0.0047142 -0.0355155 -0.0234623 0.9990826
32.895660 5.7168379 -0.9348269 12.5000286 -0.0032689 -0.0401027 -0.0224540 0.9989379
33.103170 5.7068167 -0.9356021 12.5970945 -0.0051009 -0.0447335 -0.0265642 0.9986327
33.310530 5.6972251 -0.9369392 12.6936922 0.0002167 -0.0492768 -0.0248241 0.9984766
33.518170 5.6853371 -0.9376576 12.7907639 0.0006814 -0.0525601 -0.0310557 0.9981345
33.725530 5.6744900 -0.9381294 12.8881302 -0.0107637 -0.0546445 -0.0293887 0.9980152
33.933050 5.6626272 -0.9372965 12.9847212 -0.0163275 -0.0565513 -0.0316263 0.9977651
34.140410 5.6509051 -0.9361795 13.0805712 -0.0107818 -0.0606267 -0.0306606 0.9976313
34.347780 5.6374159 -0.9358591 13.1758499 -0.0074152 -0.0652747 -0.0292129 0.9974121
34.555160 5.6234322 -0.9352552 13.2734613 -0.0067297 -0.0695822 -0.0288047 0.9971375
34.762530 5.6089897 -0.9349372 13.3699017 -0.0122674 -0.0730540 -0.0275205 0.9968727
34.970030 5.5937142 -0.9335575 13.4689703 -0.0176985 -0.0754118 -0.0265098 0.9966429
35.177560 5.5779209 -0.9312592 13.5670347 -0.0215005 -0.0770863 -0.0265304 0.9964395
35.385050 5.5608368 -0.9295746 13.6632166 -0.0098923 -0.0784921 -0.0310153 0.9963831
35.592410 5.5447021 -0.9282206 13.7603779 -0.0069397 -0.0788680 -0.0305732 0.9963920
35.799780 5.5287018 -0.9281369 13.8575153 -0.0106488 -0.0798411 -0.0306452 0.9962795
36.007180 5.5128112 -0.9271476 13.9553814 -0.0104970 -0.0812998 -0.0269268 0.9962706
36.214530 5.4960318 -0.9266719 14.0532818 -0.0145632 -0.0824891 -0.0282988 0.9960837
36.422040 5.4786792 -0.9250503 14.1511250 -0.0120843 -0.0836537 -0.0282229 0.9960218
36.629530 5.4608936 -0.9235158 14.2498522 -0.0122646 -0.0855613 -0.0265657 0.9959031
36.837040 5.4422750 -0.9228280 14.3490267 -0.0151075 -0.0893268 -0.0270574 0.9955202
37.044540 5.4233251 -0.9209137 14.4457846 -0.0139153 -0.0939047 -0.0265866 0.9951289
37.355660 5.3921361 -0.9197382 14.5933094 -0.0093527 -0.1035185 -0.0262859 0.9942361
37.666660 5.3577442 -0.9186854 14.7409420 -0.0098702 -0.1218973 -0.0203453 0.9922851
37.874040 5.3299942 -0.9176111 14.8377523 -0.0134388 -0.1371061 -0.0208630 0.9902455
38.081530 5.2990093 -0.9158784 14.9331808 -0.0154125 -0.1505502 -0.0246528 0.9881747
38.289160 5.2661152 -0.9137754 15.0279217 -0.0122880 -0.1593490 -0.0295479 0.9867035
38.497160 5.2326269 -0.9122632 15.1222305 -0.0096709 -0.1581999 -0.0366055 0.9866809
38.705160 5.2016001 -0.9112060 15.2179146 -0.0043246 -0.1484901 -0.0406129 0.9880701
38.913290 5.1746645 -0.9109195 15.3139362 -0.0049168 -0.1363293 -0.0367836 0.9899682
39.121160 5.1493945 -0.9113096 15.4100809 -0.0057394 -0.1251844 -0.0367352 0.9914365
39.328910 5.1264553 -0.9113369 15.5076656 -0.0039717 -0.1152512 -0.0334037 0.9927666
39.536410 5.1039743 -0.9113593 15.6061859 -0.0035032 -0.1074593 -0.0356334 0.9935645
39.743820 5.0819769 -0.9113152 15.7067099 -0.0087850 -0.1013370 -0.0386590 0.9940619
39.951290 5.0613756 -0.9104658 15.8078051 -0.0092709 -0.0973887 -0.0402625 0.9943885
40.158660 5.0400805 -0.9108024 15.9070740 0.0012136 -0.0951262 -0.0432077 0.9945263
40.366160 5.0201635 -0.9116401 16.0078278 0.0045716 -0.0936934 -0.0435432 0.9946380
40.573540 5.0002308 -0.9129531 16.1104450 0.0012999 -0.0929903 -0.0436662 0.9947082
40.884790 4.9699202 -0.9142182 16.2658329 -0.0014299 -0.0963735 -0.0417870 0.9944667
41.195790 4.9364710 -0.9149047 16.4203491 -0.0016394 -0.1026067 -0.0442238 0.9937371
41.506790 4.9015303 -0.9152241 16.5760632 0.0032235 -0.1106870 -0.0409176 0.9930074
41.817920 4.8627386 -0.9166338 16.7333584 0.0004180 -0.1229057 -0.0426762 0.9915003
42.025300 4.8330698 -0.9165962 16.8378201 -0.0058884 -0.1305532 -0.0470807 0.9903053
42.232670 4.8021836 -0.9154515 16.9428749 -0.0058900 -0.1390370 -0.0478494 0.9891130
42.543790 4.7539554 -0.9155055 17.0999336 0.0043000 -0.1529231 -0.0432273 0.9872829
42.751180 4.7187610 -0.9167483 17.2048969 0.0045214 -0.1610068 -0.0363402 0.9862737
42.958540 4.6816134 -0.9174864 17.3104305 -0.0025886 -0.1700666 -0.0331688 0.9848708
43.166060 4.6419449 -0.9173738 17.4164696 -0.0062619 -0.1783322 -0.0335756 0.9833774
43.373560 4.5988302 -0.9161658 17.5219116 -0.0068394 -0.1859714 -0.0382830 0.9817852
43.581040 4.5557761 -0.9147780 17.6273441 -0.0078707 -0.1915684 -0.0374100 0.9807345
43.788690 4.5116072 -0.9131206 17.7328720 -0.0038326 -0.1977984 -0.0352615 0.9796008
43.996060 4.4655228 -0.9121538 17.8380527 -0.0062148 -0.2028678 -0.0373797 0.9784727
44.099960 4.4416027 -0.9112691 17.8910999 -0.0086746 -0.2053945 -0.0382356 0.9778936
44.307300 4.3935156 -0.9094887 17.9953213 -0.0059957 -0.2108521 -0.0387710 0.9767304
44.514790 4.3447695 -0.9087119 18.0995674 -0.0037397 -0.2164940 -0.0352295 0.9756410
44.722330 4.2951832 -0.9080732 18.2042465 -0.0056886 -0.2221419 -0.0302482 0.9745284
44.826160 4.2701707 -0.9076190 18.2558155 -0.0058257 -0.2256259 -0.0285010 0.9737796
45.033540 4.2188215 -0.9068518 18.3584366 -0.0084201 -0.2311598 -0.0263700 0.9725219
45.137340 4.1926785 -0.9062611 18.4090233 -0.0085695 -0.2333297 -0.0262265 0.9720061
45.241040 4.1663537 -0.9057306 18.4593449 -0.0075957 -0.2360862 -0.0259655 0.9713554
45.448540 4.1133528 -0.9043967 18.5597286 -0.0079594 -0.2413885 -0.0241232 0.9700961
45.552290 4.0867586 -0.9040015 18.6096745 -0.0092362 -0.2445587 -0.0256578 0.9692509
45.759920 4.0328603 -0.9028440 18.7080936 -0.0090558 -0.2497214 -0.0232729 0.9679956
45.967420 3.9761229 -0.9009037 18.8064289 -0.0107895 -0.2535452 -0.0285908 0.9668407
46.175050 3.9197106 -0.8985256 18.9039059 -0.0141905 -0.2564784 -0.0289613 0.9660118
46.382670 3.8624725 -0.8964174 19.0009422 -0.0115405 -0.2587999 -0.0291465 0.9654222
46.694170 3.7784653 -0.8933028 19.1460762 -0.0090227 -0.2584891 -0.0273019 0.9655861
47.109670 3.6661081 -0.8895415 19.3412094 -0.0091078 -0.2500829 -0.0299552 0.9677181
47.421170 3.5856838 -0.8879431 19.4906178 -0.0060754 -0.2390230 -0.0306624 0.9705107
47.732670 3.5083065 -0.8853976 19.6440125 -0.0104305 -0.2269198 -0.0335475 0.9732796
47.940170 3.4580803 -0.8827338 19.7473907 -0.0109625 -0.2180276 -0.0359890 0.9752172
48.147690 3.4096947 -0.8806609 19.8526115 -0.0046648 -0.2109600 -0.0343039 0.9768814
48.355050 3.3633132 -0.8798619 19.9585686 -0.0064305 -0.2040782 -0.0334136 0.9783630
48.562550 3.3167915 -0.8787202 20.0666656 -0.0078155 -0.1980929 -0.0333724 0.9795838
48.769940 3.2703338 -0.8771904 20.1759262 -0.0085993 -0.1923631 -0.0362216 0.9806174
48.977300 3.2256174 -0.8754898 20.2859859 -0.0080902 -0.1877527 -0.0384606 0.9814297
49.184670 3.1807823 -0.8739004 20.3970737 -0.0071056 -0.1830780 -0.0401834 0.9822511
49.392050 3.1384506 -0.8722058 20.5084114 -0.0074299 -0.1793710 -0.0393835 0.9829648
49.495800 3.1169295 -0.8716087 20.5644722 -0.0077292 -0.1773101 -0.0390769 0.9833485
49.703170 3.0747967 -0.8699837 20.6764355 -0.0086360 -0.1734683 -0.0412595 0.9839369
49.910550 3.0336924 -0.8693758 20.7881241 -0.0067321 -0.1696415 -0.0425461 0.9845640
50.014170 3.0137773 -0.8685575 20.8443851 -0.0068729 -0.1685917 -0.0416843 0.9847802
50.221580 2.9745789 -0.8673258 20.9578972 -0.0141346 -0.1676266 -0.0391001 0.9849735
50.428990 2.9342608 -0.8649389 21.0713844 -0.0161178 -0.1663807 -0.0382922 0.9851860
50.636450 2.8952746 -0.8626958 21.1844044 -0.0093222 -0.1659947 -0.0354427 0.9854454
50.843990 2.8555875 -0.8608316 21.2981319 -0.0092811 -0.1647432 -0.0323420 0.9857624
51.051200 2.8178620 -0.8596688 21.4103203 -0.0139893 -0.1639980 -0.0291183 0.9859316
51.258560 2.7789631 -0.8576750 21.5232658 -0.0163523 -0.1633490 -0.0278067 0.9860408
51.362310 2.7598615 -0.8565279 21.5797482 -0.0152128 -0.1634132 -0.0272054 0.9860652
51.569680 2.7213979 -0.8540281 21.6917343 -0.0142559 -0.1635178 -0.0257327 0.9861017
51.673320 2.7022595 -0.8527336 21.7479439 -0.0160502 -0.1634463 -0.0250538 0.9861035
51.880670 2.6638970 -0.8502212 21.8598576 -0.0156268 -0.1629448 -0.0242631 0.9862130
51.984300 2.6449208 -0.8492073 21.9156876 -0.0150259 -0.1627630 -0.0235705 0.9862692
52.191670 2.6061378 -0.8468891 22.0286579 -0.0167025 -0.1623656 -0.0225240 0.9863321
52.399170 2.5686126 -0.8441076 22.1405106 -0.0184637 -0.1628421 -0.0193238 0.9862901
52.606680 2.5311451 -0.8410565 22.2528057 -0.0210614 -0.1634951 -0.0134999 0.9862269
52.814180 2.4939842 -0.8379888 22.3640385 -0.0233975 -0.1645008 -0.0086004 0.9860619
52.917930 2.4752307 -0.8361976 22.4193802 -0.0240720 -0.1653162 -0.0072985 0.9859198
53.125430 2.4378495 -0.8325200 22.5276108 -0.0253332 -0.1667890 -0.0065545 0.9856454
53.332930 2.4008255 -0.8292228 22.6332455 -0.0262915 -0.1685291 -0.0051930 0.9853323
53.540300 2.3638406 -0.8254726 22.7362270 -0.0296393 -0.1697041 -0.0067845 0.9850259
53.747800 2.3271713 -0.8212023 22.8361111 -0.0349725 -0.1695780 -0.0139116 0.9847978
53.851550 2.3093481 -0.8185747 22.8846550 -0.0357752 -0.1692857 -0.0169532 0.9847716
54.059050 2.2744689 -0.8131943 22.9785023 -0.0356413 -0.1684252 -0.0234823 0.9847900
54.162800 2.2579317 -0.8106923 23.0239334 -0.0351942 -0.1678289 -0.0249798 0.9848710
54.370180 2.2268524 -0.8057526 23.1125469 -0.0333713 -0.1674757 -0.0248209 0.9849986
54.473930 2.2116213 -0.8031852 23.1562767 -0.0332738 -0.1671783 -0.0244151 0.9850625
54.681310 2.1816225 -0.7986716 23.2414112 -0.0327398 -0.1658778 -0.0249705 0.9852864
54.888800 2.1533413 -0.7942218 23.3236370 -0.0334195 -0.1610608 -0.0280975 0.9859782
55.096430 2.1273789 -0.7898101 23.4042606 -0.0331007 -0.1544090 -0.0292496 0.9870191
55.304050 2.1025147 -0.7864387 23.4821682 -0.0272399 -0.1467617 -0.0313918 0.9882983
55.511680 2.0793028 -0.7824075 23.5625324 -0.0262570 -0.1356423 -0.0323763 0.9898806
55.822930 2.0483298 -0.7761649 23.6863880 -0.0341658 -0.1181524 -0.0349293 0.9917926
56.030430 2.0301256 -0.7713104 23.7709255 -0.0341474 -0.1073600 -0.0326096 0.9930984
56.341580 2.0057063 -0.7647772 23.8990917 -0.0293209 -0.0964710 -0.0237367 0.9946206
56.549070 1.9901705 -0.7593768 23.9880047 -0.0391943 -0.0909777 -0.0198890 0.9948826
56.756680 1.9738028 -0.7531095 24.0784454 -0.0543086 -0.0856024 -0.0237341 0.9945650
56.964280 1.9591818 -0.7448127 24.1691456 -0.0549453 -0.0799352 -0.0244502 0.9949842
57.171890 1.9461350 -0.7360294 24.2603683 -0.0565608 -0.0738377 -0.0219047 0.9954240
57.379330 1.9340594 -0.7266150 24.3534031 -0.0613352 -0.0671403 -0.0181107 0.9956918
57.586810 1.9231009 -0.7172258 24.4454174 -0.0613367 -0.0613062 -0.0154019 0.9961135
57.690560 1.9180002 -0.7126091 24.4905739 -0.0610084 -0.0581169 -0.0150022 0.9963309
57.898200 1.9085343 -0.7035229 24.5805130 -0.0613638 -0.0504834 -0.0161189 0.9967076
58.001930 1.9045224 -0.6989858 24.6249180 -0.0611850 -0.0454533 -0.0157406 0.9969667
58.209680 1.8984405 -0.6900659 24.7124710 -0.0611380 -0.0345928 -0.0140147 0.9974312
58.417310 1.8944889 -0.6818676 24.7973213 -0.0607968 -0.0240036 -0.0125307 0.9977828
58.624930 1.8918710 -0.6745639 24.8800793 -0.0535645 -0.0123325 -0.0153430 0.9983703
58.728680 1.8909507 -0.6707630 24.9214211 -0.0497582 -0.0050392 -0.0194225 0.9985597
58.936580 1.8930290 -0.6644564 25.0034142 -0.0446104 0.0131912 -0.0186556 0.9987431
59.144310 1.8996444 -0.6591322 25.0847359 -0.0386179 0.0340266 -0.0153289 0.9985569
59.352060 1.9098508 -0.6550640 25.1678772 -0.0317722 0.0546404 -0.0085416 0.9979639
59.663310 1.9303591 -0.6485026 25.2956295 -0.0371874 0.0808979 -0.0058534 0.9960112
59.974310 1.9550557 -0.6408310 25.4248085 -0.0454437 0.0964631 -0.0044185 0.9942888
60.285560 1.9820120 -0.6312385 25.5562038 -0.0508611 0.1078176 -0.0090937 0.9928272
60.493060 1.9994431 -0.6259720 25.6419411 -0.0368530 0.1141082 -0.0213822 0.9925542
60.804180 2.0293410 -0.6185606 25.7745609 -0.0349732 0.1184842 -0.0280159 0.9919443
61.115330 2.0588481 -0.6145803 25.9063511 -0.0177239 0.1142255 -0.0340176 0.9927140
61.322690 2.0774672 -0.6126491 25.9933109 -0.0091319 0.1089644 -0.0380914 0.9932736
61.530190 2.0947988 -0.6132488 26.0799923 -0.0197903 0.1064660 -0.0397859 0.9933229
61.737600 2.1118445 -0.6130449 26.1626492 -0.0121374 0.1036452 -0.0362010 0.9938812
61.945060 2.1283777 -0.6137594 26.2436275 -0.0077504 0.1009403 -0.0336622 0.9942926
62.152610 2.1439552 -0.6151957 26.3223286 -0.0024077 0.1010952 -0.0325771 0.9943404
62.360060 2.1587851 -0.6165813 26.3992500 0.0013284 0.1024067 -0.0367265 0.9940635
62.567930 2.1744363 -0.6193506 26.4737320 0.0027088 0.1120261 -0.0414211 0.9928379
62.879830 2.2027001 -0.6242608 26.5802822 0.0045415 0.1391195 -0.0392235 0.9894881
63.191440 2.2349362 -0.6290112 26.6748371 0.0068836 0.1650892 -0.0355926 0.9856122
63.399310 2.2562304 -0.6320309 26.7319031 0.0053885 0.1836661 -0.0376234 0.9822536
63.814680 2.3003645 -0.6390294 26.8255424 0.0206469 0.2159999 -0.0303290 0.9757038
64.022190 2.3188801 -0.6423122 26.8643112 0.0278184 0.2276404 -0.0326624 0.9727997
64.437070 2.3561401 -0.6491834 26.9306126 0.0318530 0.2421307 -0.0220090 0.9694709
64.851690 2.3827705 -0.6545370 26.9832687 0.0265930 0.2509702 -0.0291899 0.9671891
65.266320 2.4028606 -0.6586365 27.0174980 0.0313565 0.2531123 -0.0238870 0.9666335
65.784810 2.4252176 -0.6623318 27.0563259 0.0316208 0.2437943 -0.0151947 0.9691923
66.199690 2.4392853 -0.6654906 27.0881901 0.0332526 0.2341244 -0.0206863 0.9714176
66.510690 2.4523458 -0.6674298 27.1198616 0.0295420 0.2234373 -0.0274835 0.9738828
67.132820 2.4854703 -0.6745875 27.1999111 0.0270291 0.1870594 -0.0196463 0.9817802
67.443690 2.4992590 -0.6783110 27.2469158 0.0258729 0.1571593 -0.0191812 0.9870479
67.754690 2.5097952 -0.6813165 27.3003540 0.0286868 0.1232812 -0.0269877 0.9915898
68.065690 2.5190275 -0.6856389 27.3600883 0.0270122 0.0848580 -0.0256955 0.9956954
68.376700 2.5236106 -0.6900108 27.4274445 0.0255710 0.0455312 -0.0275657 0.9982551
68.687820 2.5237429 -0.6944363 27.5050945 0.0248985 0.0091917 -0.0263821 0.9992995
68.999070 2.5194366 -0.6992946 27.5920410 0.0242252 -0.0201949 -0.0264323 0.9991530
69.310320 2.5103831 -0.7043310 27.6887245 0.0235836 -0.0481233 -0.0216914 0.9983273
69.621440 2.4952316 -0.7105287 27.7927685 0.0238613 -0.0745522 -0.0206540 0.9967176
69.932840 2.4731045 -0.7160063 27.9069023 0.0220172 -0.0939124 -0.0225234 0.9950821
70.244320 2.4465799 -0.7215189 28.0296879 0.0194253 -0.1045366 -0.0240773 0.9940398
70.555820 2.4166703 -0.7271309 28.1620483 0.0193541 -0.1099189 -0.0261805 0.9934072
70.867190 2.3833208 -0.7334833 28.3034515 0.0207108 -0.1144042 -0.0242196 0.9929230
71.178440 2.3480921 -0.7406263 28.4504299 0.0223295 -0.1186329 -0.0217289 0.9924492
71.489570 2.3106651 -0.7487472 28.6025600 0.0238255 -0.1218096 -0.0201173 0.9920635
71.800950 2.2705994 -0.7573279 28.7601757 0.0261962 -0.1227244 -0.0207748 0.9918774
72.112200 2.2282658 -0.7664470 28.9258003 0.0239784 -0.1234407 -0.0198487 0.9918636
72.423450 2.1842484 -0.7756420 29.0975037 0.0244777 -0.1246989 -0.0165072 0.9917553
72.734700 2.1387730 -0.7855102 29.2741413 0.0244309 -0.1262020 -0.0152668 0.9915861
73.045950 2.0893703 -0.7955387 29.4566460 0.0243085 -0.1265573 -0.0159195 0.9915336
73.253450 2.0569630 -0.8031039 29.5790253 0.0251485 -0.1248749 -0.0195224 0.9916616
73.461070 2.0239654 -0.8101349 29.7053967 0.0282293 -0.1189184 -0.0231833 0.9922318
73.772700 1.9780140 -0.8228305 29.8980999 0.0314132 -0.0991302 -0.0297178 0.9941344
73.980600 1.9542079 -0.8325466 30.0264587 0.0286387 -0.0824397 -0.0319913 0.9956707
74.292330 1.9259639 -0.8473074 30.2276764 0.0321649 -0.0543057 -0.0335040 0.9974436
74.603820 1.9101411 -0.8624227 30.4321251 0.0319804 -0.0209547 -0.0326599 0.9987350
74.811700 1.9083775 -0.8739135 30.5653973 0.0373371 0.0045956 -0.0346710 0.9986905
75.019330 1.9128408 -0.8867590 30.7003880 0.0424364 0.0329649 -0.0381963 0.9978244
75.227100 1.9249768 -0.9010909 30.8313751 0.0457344 0.0637541 -0.0389882 0.9961545
75.434820 1.9458008 -0.9171486 30.9637489 0.0511191 0.0920898 -0.0361914 0.9937789
75.642200 1.9753270 -0.9345176 31.0962906 0.0544149 0.1169198 -0.0326486 0.9911119
75.849580 2.0105982 -0.9522319 31.2289963 0.0560471 0.1392300 -0.0329403 0.9881238
76.056950 2.0524116 -0.9708624 31.3604946 0.0585352 0.1602387 -0.0316484 0.9848328
76.264200 2.0985632 -0.9903479 31.4909401 0.0569771 0.1755112 -0.0264196 0.9824721
76.574950 2.1745319 -1.0197728 31.6870651 0.0611590 0.1849948 -0.0222237 0.9805828
76.782200 2.2253017 -1.0398312 31.8181477 0.0619767 0.1884820 -0.0233128 0.9798418
76.989560 2.2786598 -1.0601187 31.9520874 0.0654494 0.1918575 -0.0221170 0.9789882
77.196950 2.3348532 -1.0814371 32.0872498 0.0634759 0.1946096 -0.0217990 0.9785820
77.404200 2.3909578 -1.1018710 32.2260857 0.0622644 0.1966316 -0.0233069 0.9782208
77.611580 2.4483232 -1.1233017 32.3645973 0.0660097 0.1965131 -0.0238557 0.9779858
77.818950 2.5071154 -1.1466231 32.5067787 0.0659386 0.1963287 -0.0234558 0.9780373
78.026330 2.5663376 -1.1697290 32.6508255 0.0663153 0.1967962 -0.0260023 0.9778535
78.233830 2.6265469 -1.1931357 32.7982178 0.0652955 0.1995353 -0.0262579 0.9773601
78.441200 2.6894302 -1.2170727 32.9467964 0.0663215 0.2018083 -0.0255216 0.9768437
78.648580 2.7534227 -1.2415228 33.0956879 0.0656587 0.2049742 -0.0256903 0.9762246
78.855950 2.8189220 -1.2656810 33.2465515 0.0644002 0.2086642 -0.0265919 0.9755023
79.063330 2.8866568 -1.2904105 33.3995056 0.0645076 0.2119138 -0.0277539 0.9747620
79.270830 2.9560137 -1.3157623 33.5542488 0.0647995 0.2148429 -0.0273845 0.9741117
79.478210 3.0281181 -1.3414724 33.7113953 0.0657215 0.2176207 -0.0279387 0.9734173
79.685700 3.1012907 -1.3693442 33.8682518 0.0648863 0.2208884 -0.0278730 0.9727390
79.893210 3.1778603 -1.3952875 34.0282364 0.0650322 0.2248650 -0.0275525 0.9718269
80.204330 3.2941751 -1.4352379 34.2678871 0.0661918 0.2291342 -0.0268382 0.9707708
80.411710 3.3747883 -1.4630387 34.4292221 0.0663998 0.2305388 -0.0259835 0.9704472
80.619080 3.4573345 -1.4909396 34.5929146 0.0669204 0.2317605 -0.0252975 0.9701385
80.826440 3.5410233 -1.5189314 34.7577171 0.0665000 0.2325941 -0.0240471 0.9699997
80.930080 3.5822601 -1.5324686 34.8401947 0.0667966 0.2332180 -0.0249971 0.9698055
81.033840 3.6239195 -1.5468347 34.9231033 0.0663909 0.2337602 -0.0250284 0.9697020
81.137500 3.6666508 -1.5610194 35.0067902 0.0653268 0.2343265 -0.0254058 0.9696278
81.241210 3.7088289 -1.5749438 35.0903091 0.0644742 0.2350137 -0.0248635 0.9695326
81.344940 3.7514572 -1.5891993 35.1740417 0.0647932 0.2353834 -0.0241058 0.9694408
81.448590 3.7942429 -1.6029744 35.2579956 0.0657814 0.2354825 -0.0241318 0.9693495
81.552330 3.8371983 -1.6176138 35.3417015 0.0660718 0.2355344 -0.0238139 0.9693250
81.759710 3.9228573 -1.6467030 35.5101128 0.0655779 0.2357661 -0.0240962 0.9692953
81.863460 3.9662027 -1.6613028 35.5941582 0.0659530 0.2353683 -0.0242695 0.9693621
81.967080 4.0094948 -1.6756978 35.6793785 0.0671532 0.2351234 -0.0244357 0.9693350
82.174460 4.0960855 -1.7058825 35.8496704 0.0677277 0.2339018 -0.0226068 0.9696349
82.278210 4.1394377 -1.7210057 35.9355392 0.0669791 0.2329466 -0.0209430 0.9699541
82.381960 4.1828299 -1.7357953 36.0211334 0.0663904 0.2320580 -0.0208973 0.9702086
82.589430 4.2688494 -1.7642326 36.1931343 0.0664275 0.2310627 -0.0208455 0.9704447
82.796920 4.3544903 -1.7932587 36.3657570 0.0670321 0.2303308 -0.0205951 0.9705824
83.004230 4.4394064 -1.8237324 36.5358353 0.0664606 0.2295480 -0.0217948 0.9707810
83.211580 4.5243120 -1.8529427 36.7068329 0.0655455 0.2290863 -0.0213095 0.9709630
83.315210 4.5661755 -1.8674648 36.7919922 0.0649262 0.2286566 -0.0200248 0.9711332
83.418960 4.6085958 -1.8816657 36.8770714 0.0653460 0.2281849 -0.0166290 0.9712801
83.522590 4.6506023 -1.8956010 36.9625206 0.0667795 0.2277404 -0.0159409 0.9712985
83.626210 4.6923838 -1.9100554 37.0482597 0.0681511 0.2275099 -0.0165097 0.9712477
83.833580 4.7752762 -1.9386191 37.2201233 0.0672128 0.2271100 -0.0193703 0.9713538
84.040960 4.8576660 -1.9683280 37.3914032 0.0665478 0.2262799 -0.0206351 0.9715673
84.248350 4.9406347 -1.9971602 37.5629158 0.0662870 0.2255536 -0.0219941 0.9717242
84.455710 5.0236111 -2.0260530 37.7340050 0.0660565 0.2257094 -0.0219083 0.9717056
84.559380 5.0653934 -2.0403180 37.8187370 0.0666337 0.2254657 -0.0212291 0.9717379
84.662980 5.1067019 -2.0550098 37.9041290 0.0665243 0.2252847 -0.0198365 0.9718168
84.766730 5.1477385 -2.0693393 37.9892578 0.0659157 0.2249073 -0.0192372 0.9719577
84.870340 5.1886864 -2.0839083 38.0725021 0.0666883 0.2238633 -0.0191353 0.9721480
84.973960 5.2281876 -2.0980413 38.1565399 0.0684315 0.2233585 -0.0208353 0.9721080
85.077720 5.2682133 -2.1128252 38.2399406 0.0673523 0.2229165 -0.0225295 0.9722471
85.181330 5.3064117 -2.1278067 38.3226357 0.0660881 0.2224796 -0.0239489 0.9724000
85.388710 5.3841686 -2.1565905 38.4874458 0.0638719 0.2219436 -0.0226094 0.9727026
85.596110 5.4621305 -2.1841640 38.6512985 0.0638284 0.2219511 -0.0215513 0.9727277
85.699750 5.5014973 -2.1979816 38.7324677 0.0643162 0.2220483 -0.0214823 0.9726749
85.907110 5.5780506 -2.2253144 38.8932648 0.0635483 0.2228210 -0.0221415 0.9725339
86.114460 5.6520653 -2.2517564 39.0484924 0.0628115 0.2235655 -0.0225547 0.9724014
86.321830 5.7236319 -2.2770336 39.1987801 0.0598846 0.2246359 -0.0228212 0.9723331
86.529210 5.7923183 -2.3015273 39.3412018 0.0630297 0.2250337 -0.0223030 0.9720544
86.736730 5.8589926 -2.3253071 39.4777069 0.0623410 0.2247132 -0.0216803 0.9721870
86.944090 5.9204578 -2.3476515 39.6068497 0.0608315 0.2233924 -0.0216985 0.9725865
87.151360 5.9786062 -2.3678000 39.7290421 0.0589717 0.2210415 -0.0213354 0.9732460
87.358710 6.0313883 -2.3860137 39.8434563 0.0563157 0.2197150 -0.0217587 0.9736942
87.669860 6.1026287 -2.4117997 39.9962196 0.0581201 0.2186490 -0.0215212 0.9738334
87.981210 6.1612568 -2.4333463 40.1282883 0.0573687 0.2254322 -0.0263505 0.9722113
88.397460 6.2414122 -2.4584165 40.2695160 0.0601410 0.2753335 -0.0300031 0.9589965
88.710100 6.3097219 -2.4758961 40.3562317 0.0619688 0.3394193 -0.0268757 0.9382069
89.022840 6.3867722 -2.4932261 40.4272385 0.0614496 0.4177584 -0.0232366 0.9061798
89.439590 6.5018654 -2.5129323 40.4892731 0.0699769 0.5316373 -0.0194852 0.8438514
89.751840 6.5958910 -2.5268724 40.5147552 0.0724775 0.6119241 -0.0137425 0.7874688
90.063710 6.6947031 -2.5405607 40.5193443 0.0773842 0.6852100 -0.0066816 0.7241921
90.271490 6.7618284 -2.5486188 40.5126762 0.0819569 0.7316483 -0.0100020 0.6766638
90.479340 6.8313036 -2.5569549 40.4959297 0.0821005 0.7745870 -0.0087952 0.6270543
90.686970 6.9006071 -2.5650585 40.4693794 0.0821724 0.8148534 -0.0068837 0.5737720
90.894590 6.9685335 -2.5727694 40.4319077 0.0842373 0.8517985 -0.0087667 0.5169782
90.998490 7.0019960 -2.5767837 40.4096527 0.0853298 0.8689059 -0.0097735 0.4874688
91.102090 7.0347652 -2.5806050 40.3840599 0.0859368 0.8842766 -0.0097706 0.4588837
91.309470 7.0990839 -2.5883765 40.3237572 0.0869982 0.9105199 -0.0076613 0.4041362
91.516590 7.1601696 -2.5954485 40.2542343 0.0881883 0.9302000 -0.0072095 0.3562287
91.723710 7.2188339 -2.6018198 40.1756897 0.0898334 0.9437410 -0.0076993 0.3181567
91.930590 7.2772064 -2.6091292 40.0903091 0.0883330 0.9526720 -0.0034825 0.2908629
92.137720 7.3343077 -2.6152983 39.9989510 0.0821021 0.9591488 -0.0013935 0.2707230
92.344860 7.3890381 -2.6203542 39.9025421 0.0768480 0.9646959 0.0008776 0.2519034
92.552220 7.4426441 -2.6253655 39.8019753 0.0661842 0.9705372 0.0027625 0.2316670
92.759720 7.4922981 -2.6281300 39.6963425 0.0580957 0.9760617 0.0076394 0.2094519
92.967220 7.5369482 -2.6305106 39.5876465 0.0479717 0.9814296 0.0113358 0.1853812
93.174720 7.5758867 -2.6302435 39.4746628 0.0465265 0.9860796 0.0141981 0.1589988
93.382090 7.6089163 -2.6293435 39.3583145 0.0458813 0.9897904 0.0203481 0.1334008
93.589470 7.6369610 -2.6268821 39.2387543 0.0472524 0.9920480 0.0252053 0.1138982
93.796720 7.6637306 -2.6232786 39.1159935 0.0452091 0.9930019 0.0299145 0.1049210
94.003970 7.6920857 -2.6182103 38.9900894 0.0382370 0.9933611 0.0336623 0.1031437
94.107640 7.7066336 -2.6157076 38.9259186 0.0350138 0.9934608 0.0327292 0.1036265
94.314990 7.7356014 -2.6103876 38.7979050 0.0336679 0.9933595 0.0253489 0.1070550
94.625970 7.7834349 -2.6056089 38.5972252 0.0347119 0.9923967 0.0229101 0.1158408
94.833490 7.8186226 -2.6020091 38.4611664 0.0311185 0.9922691 0.0187011 0.1186760
95.040970 7.8536253 -2.5993669 38.3236351 0.0294073 0.9923536 0.0158928 0.1188149
95.144720 7.8718204 -2.5976925 38.2541580 0.0286362 0.9923389 0.0155911 0.1191656
95.352090 7.9064884 -2.5954564 38.1104240 0.0312771 0.9919836 0.0186256 0.1210097
95.455870 7.9249849 -2.5942206 38.0381737 0.0303411 0.9917964 0.0202779 0.1225080
95.663110 7.9617577 -2.5921755 37.8956604 0.0324577 0.9912821 0.0208216 0.1259869
95.870470 7.9995766 -2.5894895 37.7532959 0.0352109 0.9906018 0.0222103 0.1302884
96.077860 8.0385876 -2.5871353 37.6118088 0.0354124 0.9900219 0.0202142 0.1348854
96.285350 8.0793314 -2.5847955 37.4713364 0.0355441 0.9896721 0.0212648 0.1372353
96.492870 8.1186752 -2.5830159 37.3324165 0.0357661 0.9893795 0.0210227 0.1393088
96.700350 8.1590710 -2.5811114 37.1964149 0.0356607 0.9893138 0.0210255 0.1398017
96.907730 8.1984243 -2.5787816 37.0626564 0.0345313 0.9893083 0.0227184 0.1398590
97.115100 8.2364407 -2.5770414 36.9311066 0.0367584 0.9891433 0.0211580 0.1407005
97.322500 8.2747641 -2.5756500 36.8012276 0.0373549 0.9888352 0.0213739 0.1426629
97.529990 8.3137140 -2.5736656 36.6750412 0.0368371 0.9884696 0.0210385 0.1453556
97.737470 8.3512611 -2.5724416 36.5519714 0.0369908 0.9879576 0.0227852 0.1485001
97.945070 8.3887110 -2.5710433 36.4347382 0.0355692 0.9876788 0.0204537 0.1510200
98.152470 8.4256563 -2.5697830 36.3213348 0.0358491 0.9874826 0.0207022 0.1521985
98.359970 8.4613419 -2.5691175 36.2146759 0.0330667 0.9874549 0.0198777 0.1531152
98.567470 8.4933920 -2.5684314 36.1142883 0.0353248 0.9869887 0.0231735 0.1551399
98.774870 8.5245619 -2.5678306 36.0220795 0.0329023 0.9867264 0.0246626 0.1570995
99.086100 8.5655336 -2.5663836 35.9000702 0.0333057 0.9862794 0.0235651 0.1599633
99.397230 8.6005478 -2.5653105 35.7972107 0.0363788 0.9859800 0.0222627 0.1613207
99.708350 8.6295052 -2.5644517 35.7138138 0.0340655 0.9859024 0.0224806 0.1622674
100.019300 8.6521063 -2.5635428 35.6468735 0.0368875 0.9857232 0.0216458 0.1628512
100.330500 8.6692095 -2.5636039 35.5945702 0.0373860 0.9855375 0.0223392 0.1637655
100.952600 8.6991711 -2.5621958 35.5070076 0.0396238 0.9854396 0.0187660 0.1642759
101.160000 8.7091198 -2.5618134 35.4785538 0.0386686 0.9854996 0.0176321 0.1642695
101.367400 8.7191515 -2.5613327 35.4503326 0.0383557 0.9854909 0.0178959 0.1643664
101.678400 8.7325706 -2.5605617 35.4073868 0.0399115 0.9853525 0.0183961 0.1647699
101.989600 8.7471333 -2.5599747 35.3692360 0.0391950 0.9854251 0.0180904 0.1645415
102.611900 8.7699986 -2.5608582 35.3058662 0.0398920 0.9854667 0.0181188 0.1641212
102.923000 8.7802629 -2.5601974 35.2759018 0.0392746 0.9854702 0.0195282 0.1640874
103.234100 8.7909355 -2.5596743 35.2477875 0.0363216 0.9856112 0.0184494 0.1640455
103.856400 8.8110781 -2.5601068 35.1901779 0.0377864 0.9854389 0.0152392 0.1650762
104.167400 8.8266325 -2.5600564 35.1474152 0.0392076 0.9849791 0.0110048 0.1678029
104.478200 8.8491440 -2.5598495 35.0875816 0.0416166 0.9835882 0.0090765 0.1753282
104.789400 8.8798141 -2.5602779 35.0128975 0.0429131 0.9812674 0.0072529 0.1876705
105.100500 8.9182463 -2.5605028 34.9238968 0.0460002 0.9781188 0.0094715 0.2026766
105.411500 8.9665585 -2.5614042 34.8226814 0.0467972 0.9748869 0.0102195 0.2174881
105.722600 9.0238943 -2.5618696 34.7108498 0.0443412 0.9721001 0.0138441 0.2299208
106.034100 9.0897694 -2.5621774 34.5886650 0.0391980 0.9708893 0.0152563 0.2358068
106.241700 9.1377945 -2.5618136 34.5009613 0.0361153 0.9705240 0.0155772 0.2377734
106.553000 9.2119026 -2.5610919 34.3619995 0.0356517 0.9698836 0.0112283 0.2406840
106.760500 9.2651882 -2.5620153 34.2654648 0.0357603 0.9695812 0.0055898 0.2420790
107.175500 9.3790503 -2.5643394 34.0552406 0.0342596 0.9688478 0.0092450 0.2451016
107.486500 9.4713898 -2.5654204 33.8902359 0.0354640 0.9676687 0.0113197 0.2494622
107.693900 9.5360928 -2.5660238 33.7758064 0.0375122 0.9661857 0.0127033 0.2547872
107.901200 9.6028023 -2.5670404 33.6601677 0.0401611 0.9647234 0.0141195 0.2598008
108.108700 9.6701822 -2.5683384 33.5466270 0.0412764 0.9638710 0.0116638 0.2628934
108.316200 9.7382793 -2.5710201 33.4343109 0.0387753 0.9639636 0.0088022 0.2630460
108.523700 9.8061066 -2.5736849 33.3217850 0.0355472 0.9644745 0.0072248 0.2616737
108.731200 9.8736515 -2.5755649 33.2068787 0.0368410 0.9649276 0.0085814 0.2597766
108.938900 9.9405918 -2.5779362 33.0908890 0.0373854 0.9655820 0.0080045 0.2572737
109.146400 10.0071373 -2.5807047 32.9739532 0.0379362 0.9662181 0.0075421 0.2548070
109.353900 10.0737143 -2.5832403 32.8562012 0.0375200 0.9669337 0.0074287 0.2521433
109.561200 10.1400127 -2.5863881 32.7369843 0.0382806 0.9675729 0.0065612 0.2495880
109.768700 10.2071524 -2.5889277 32.6162109 0.0387606 0.9680691 0.0056676 0.2476041
109.976100 10.2732038 -2.5915313 32.4951706 0.0380607 0.9681385 0.0062364 0.2474274
110.079700 10.3069420 -2.5934074 32.4341125 0.0377204 0.9681829 0.0059789 0.2473122
110.287200 10.3748722 -2.5960808 32.3114014 0.0369851 0.9679972 0.0042071 0.2481851
110.494600 10.4436455 -2.6001289 32.1884232 0.0378350 0.9676202 0.0050935 0.2495071
110.702000 10.5131330 -2.6036708 32.0652847 0.0380244 0.9672419 0.0019400 0.2509851
110.909200 10.5829277 -2.6077511 31.9429398 0.0370905 0.9666749 0.0025522 0.2532932
111.220200 10.6884737 -2.6132431 31.7610645 0.0375380 0.9657913 0.0054590 0.2565312
111.427600 10.7579718 -2.6169436 31.6414185 0.0385172 0.9652098 0.0044586 0.2585855
111.635000 10.8272753 -2.6213412 31.5224609 0.0400116 0.9646165 0.0031520 0.2605844
111.842400 10.8967524 -2.6253533 31.4049072 0.0392525 0.9640408 0.0019374 0.2628323
112.049700 10.9671860 -2.6296742 31.2876511 0.0370027 0.9637875 0.0059961 0.2640237
112.257100 11.0361948 -2.6330142 31.1739922 0.0342249 0.9640797 0.0025907 0.2633862
112.464600 11.1026020 -2.6373208 31.0599899 0.0374430 0.9644428 0.0014857 0.2616218
112.672000 11.1687784 -2.6413746 30.9466324 0.0414938 0.9649616 0.0025718 0.2590768
112.879400 11.2322044 -2.6456783 30.8354816 0.0431604 0.9653503 0.0029774 0.2573462
113.190500 11.3248405 -2.6536853 30.6774826 0.0406835 0.9665443 -0.0051131 0.2532009
113.397800 11.3813667 -2.6595790 30.5777245 0.0388003 0.9670376 -0.0097990 0.2514694
113.605200 11.4340677 -2.6660559 30.4825668 0.0410880 0.9672809 -0.0053787 0.2503011
113.812600 11.4822836 -2.6716337 30.3950024 0.0435110 0.9673336 -0.0058984 0.2496755
114.123900 11.5468559 -2.6799631 30.2772636 0.0470215 0.9671640 -0.0088820 0.2496075
114.538700 11.6239729 -2.6904066 30.1398964 0.0451274 0.9672017 -0.0118881 0.2496861
114.953800 11.6925335 -2.6990287 30.0160046 0.0428472 0.9673674 -0.0105752 0.2495045
115.368600 11.7547560 -2.7072995 29.9036999 0.0423246 0.9677047 -0.0105819 0.2482825
115.783500 11.8103256 -2.7142339 29.8015251 0.0458890 0.9676471 -0.0103549 0.2478831
116.302000 11.8713064 -2.7229326 29.6904659 0.0497913 0.9670312 -0.0147078 0.2493092
116.613300 11.9035702 -2.7271781 29.6321373 0.0523548 0.9657987 -0.0160216 0.2534465
117.028000 11.9420214 -2.7330241 29.5690460 0.0494297 0.9646567 -0.0180477 0.2582024
117.442900 11.9709301 -2.7383382 29.5196838 0.0510958 0.9637267 -0.0191335 0.2612547
117.857700 11.9933977 -2.7418251 29.4805031 0.0517799 0.9639345 -0.0217301 0.2601478
118.272500 12.0109882 -2.7447600 29.4508572 0.0518856 0.9636270 -0.0230501 0.2611504
118.583600 12.0222187 -2.7464721 29.4330597 0.0502997 0.9635097 -0.0247343 0.2617388
118.894800 12.0309858 -2.7481685 29.4180145 0.0512096 0.9633132 -0.0248620 0.2622730
120.139200 12.0518284 -2.7517979 29.3832512 0.0518382 0.9628723 -0.0268180 0.2635726
121.590900 12.0639687 -2.7539597 29.3633881 0.0519095 0.9627603 -0.0280847 0.2638357
121.902000 12.0697365 -2.7549751 29.3541889 0.0513769 0.9628379 -0.0279584 0.2636699
122.420500 12.0823793 -2.7572427 29.3319626 0.0520081 0.9627321 -0.0280744 0.2639201
122.835200 12.0959120 -2.7596021 29.3091278 0.0518155 0.9626989 -0.0279953 0.2640876
123.042600 12.1037121 -2.7609632 29.2964745 0.0509763 0.9627401 -0.0278600 0.2641152
123.353600 12.1155348 -2.7632916 29.2756920 0.0523287 0.9626967 -0.0280487 0.2639885
123.664800 12.1278858 -2.7656803 29.2541943 0.0551822 0.9626353 -0.0264957 0.2637921
123.975900 12.1398602 -2.7682223 29.2346096 0.0543825 0.9627039 -0.0261755 0.2637395
124.287000 12.1497374 -2.7701797 29.2183723 0.0542751 0.9625505 -0.0254458 0.2643922
