3.630286 0.0000000 0.0000000 0.0000000 0.0000000 0.0000000 0.0000000 1.0000000
3.837524 0.0019886 -0.0003610 0.0483509 0.0007317 0.0264374 0.0034690 0.9996442
3.941290 0.0038286 -0.0005192 0.0729645 0.0010789 0.0379026 0.0056020 0.9992651
4.148625 0.0096062 -0.0008230 0.1232888 0.0008888 0.0568093 0.0107542 0.9983267
4.252293 0.0131180 -0.0009807 0.1486294 0.0009478 0.0645662 0.0123946 0.9978360
4.355974 0.0168019 -0.0011330 0.1743302 0.0006344 0.0718645 0.0135200 0.9973226
4.459609 0.0210246 -0.0012925 0.2000290 -0.0000196 0.0784363 0.0135844 0.9968266
4.563217 0.0255052 -0.0015236 0.2258736 0.0000111 0.0844768 0.0135796 0.9963329
4.666947 0.0302442 -0.0017620 0.2519973 0.0013322 0.0901346 0.0135829 0.9958361
4.770559 0.0354302 -0.0018788 0.2784214 0.0030607 0.0951267 0.0137341 0.9953657
4.874319 0.0407675 -0.0020576 0.3052991 0.0043504 0.0999011 0.0143940 0.9948837
4.977967 0.0464718 -0.0022325 0.3328096 0.0048434 0.1037341 0.0142194 0.9944916
5.185269 0.0587908 -0.0028195 0.3892000 0.0059763 0.1090895 0.0146579 0.9939059
5.392622 0.0719492 -0.0035059 0.4472875 0.0072277 0.1134878 0.0143828 0.9934090
5.600026 0.0860010 -0.0040930 0.5072272 0.0058653 0.1161576 0.0144647 0.9931082
5.807340 0.1007189 -0.0050209 0.5688279 0.0055761 0.1183936 0.0157846 0.9928256
6.014715 0.1160381 -0.0057295 0.6320013 0.0060893 0.1192525 0.0167066 0.9927047
6.221927 0.1317790 -0.0063214 0.6974211 0.0069816 0.1192090 0.0160178 0.9927154
6.429280 0.1479024 -0.0071522 0.7640286 0.0064555 0.1179307 0.0160858 0.9928706
6.636673 0.1645393 -0.0079878 0.8329155 0.0072757 0.1167193 0.0164744 0.9930016
6.844097 0.1811924 -0.0088439 0.9033893 0.0076104 0.1157744 0.0168967 0.9931027
7.051471 0.1982481 -0.0098737 0.9752370 0.0059699 0.1149367 0.0192174 0.9931690
7.258923 0.2156027 -0.0109551 1.0483394 0.0073572 0.1141214 0.0206459 0.9932250
7.466210 0.2325420 -0.0123152 1.1222465 0.0069626 0.1136229 0.0206984 0.9932839
7.673572 0.2505733 -0.0131854 1.1988872 0.0067414 0.1133447 0.0213344 0.9933038
7.881024 0.2681794 -0.0143354 1.2765071 0.0070982 0.1136510 0.0220300 0.9932511
8.192118 0.2952588 -0.0162289 1.3943080 0.0079990 0.1153302 0.0209935 0.9930731
8.503235 0.3227929 -0.0174440 1.5144529 0.0072663 0.1169301 0.0189954 0.9929319
8.814436 0.3538963 -0.0203596 1.6380247 0.0081003 0.1205747 0.0189229 0.9924908
9.021867 0.3748305 -0.0219806 1.7213197 0.0070655 0.1252199 0.0173031 0.9919530
9.229148 0.3964585 -0.0233790 1.8049743 0.0083680 0.1299771 0.0165806 0.9913430
9.436507 0.4189941 -0.0251606 1.8890678 0.0092074 0.1348718 0.0154080 0.9907005
9.643856 0.4425034 -0.0269536 1.9744366 0.0088127 0.1405531 0.0134077 0.9899431
9.851216 0.4678408 -0.0284324 2.0604644 0.0085718 0.1461023 0.0132286 0.9891439
10.058450 0.4943548 -0.0299565 2.1465373 0.0100317 0.1516133 0.0132451 0.9883002
10.265950 0.5217625 -0.0316620 2.2342970 0.0101463 0.1577954 0.0131407 0.9873323
10.577010 0.5654890 -0.0340508 2.3658395 0.0111764 0.1655772 0.0126878 0.9860519
10.680800 0.5818538 -0.0347326 2.4098706 0.0116039 0.1670799 0.0141745 0.9857731
10.888380 0.6130652 -0.0364873 2.4976890 0.0122080 0.1702074 0.0141124 0.9852316
11.096280 0.6451167 -0.0392835 2.5862660 0.0123901 0.1738505 0.0133382 0.9846038
11.199650 0.6613377 -0.0405329 2.6306181 0.0126304 0.1760722 0.0127527 0.9842136
11.303360 0.6775820 -0.0421049 2.6742392 0.0123141 0.1782778 0.0127131 0.9838210
11.407080 0.6940056 -0.0433965 2.7181175 0.0125332 0.1805410 0.0129226 0.9834027
11.510570 0.7091991 -0.0443994 2.7609944 0.0128451 0.1831602 0.0124759 0.9829200
11.614180 0.7256311 -0.0457129 2.8041465 0.0127248 0.1855230 0.0122180 0.9824815
11.821430 0.7598110 -0.0487117 2.8908734 0.0122548 0.1898280 0.0127467 0.9816581
12.028650 0.7946275 -0.0511761 2.9775479 0.0131742 0.1937426 0.0133610 0.9808729
12.235950 0.8305815 -0.0539183 3.0644784 0.0143959 0.1973490 0.0134024 0.9801360
12.443230 0.8669703 -0.0572007 3.1513190 0.0146053 0.2007347 0.0135885 0.9794425
12.546850 0.8856380 -0.0582215 3.1951461 0.0148406 0.2028085 0.0133352 0.9790151
12.754210 0.9236729 -0.0612475 3.2825828 0.0148650 0.2063951 0.0152714 0.9782366
12.961450 0.9624543 -0.0641512 3.3698893 0.0142802 0.2091996 0.0156163 0.9776440
13.168790 1.0020373 -0.0670280 3.4579477 0.0158159 0.2122075 0.0145526 0.9769883
13.376170 1.0423162 -0.0702958 3.5460665 0.0170684 0.2155432 0.0134857 0.9762520
13.479770 1.0623190 -0.0718824 3.5898988 0.0174990 0.2172942 0.0123350 0.9758713
13.687000 1.1030802 -0.0756894 3.6778944 0.0169627 0.2212649 0.0126633 0.9749840
13.894440 1.1457372 -0.0789818 3.7665393 0.0166771 0.2251922 0.0128571 0.9740868
14.101800 1.1886668 -0.0824667 3.8542624 0.0170022 0.2291240 0.0119364 0.9731755
14.309200 1.2326515 -0.0860119 3.9427414 0.0175847 0.2324197 0.0120915 0.9723815
14.516540 1.2779913 -0.0897194 4.0307879 0.0169986 0.2349093 0.0135418 0.9717743
14.723680 1.3234429 -0.0931916 4.1188731 0.0176579 0.2376376 0.0138797 0.9710942
14.931630 1.3693672 -0.0969504 4.2059603 0.0184041 0.2403839 0.0133842 0.9704111
15.138550 1.4138722 -0.1002783 4.2934623 0.0192414 0.2435365 0.0118013 0.9696290
15.345730 1.4604481 -0.1045254 4.3800397 0.0192813 0.2464689 0.0131198 0.9688700
15.553070 1.5078996 -0.1084117 4.4672275 0.0186299 0.2495265 0.0132371 0.9680982
15.760420 1.5561806 -0.1122614 4.5543280 0.0186755 0.2528970 0.0118576 0.9672403
15.967780 1.6046380 -0.1161413 4.6405678 0.0186008 0.2565733 0.0113201 0.9662794
16.175170 1.6539739 -0.1200442 4.7266321 0.0182555 0.2606625 0.0105154 0.9652001
16.382370 1.7037971 -0.1242321 4.8126497 0.0186868 0.2648139 0.0104217 0.9640622
16.589730 1.7544675 -0.1275861 4.8980565 0.0191326 0.2686932 0.0105176 0.9629784
16.796960 1.8049959 -0.1319237 4.9832778 0.0193604 0.2729254 0.0101025 0.9617873
17.004320 1.8576443 -0.1359700 5.0680695 0.0201225 0.2765325 0.0108878 0.9607322
17.212260 1.9091256 -0.1393253 5.1535616 0.0216269 0.2803951 0.0127923 0.9595557
17.418950 1.9626691 -0.1437332 5.2375541 0.0235305 0.2833585 0.0140043 0.9586231
17.626280 2.0179148 -0.1478522 5.3226347 0.0245495 0.2865345 0.0149146 0.9576392
17.833610 2.0742464 -0.1527654 5.4081044 0.0249789 0.2900346 0.0150320 0.9565720
18.041020 2.1318116 -0.1572295 5.4940367 0.0251535 0.2932353 0.0133336 0.9556164
18.248220 2.1892061 -0.1622872 5.5803375 0.0250090 0.2959978 0.0153730 0.9547374
18.455670 2.2466166 -0.1667279 5.6665096 0.0249429 0.2985274 0.0160781 0.9539396
18.663050 2.3017452 -0.1707097 5.7530155 0.0246262 0.3023208 0.0169548 0.9527372
18.869920 2.3634348 -0.1755241 5.8402157 0.0250887 0.3044971 0.0172661 0.9520262
19.077140 2.4274328 -0.1803058 5.9282866 0.0265073 0.3067941 0.0163530 0.9512662
19.284530 2.4908192 -0.1852461 6.0171804 0.0246026 0.3121289 0.0148232 0.9496055
19.491840 2.5528483 -0.1896931 6.1043406 0.0239780 0.3178369 0.0143591 0.9477334
19.595460 2.5868554 -0.1922696 6.1486812 0.0242511 0.3199935 0.0155605 0.9469815
19.802840 2.6525965 -0.1967929 6.2355475 0.0244738 0.3244975 0.0163820 0.9454280
19.906420 2.6859274 -0.1993063 6.2795219 0.0234593 0.3272588 0.0163910 0.9445013
20.010030 2.7205110 -0.2015854 6.3231816 0.0225436 0.3293685 0.0157054 0.9438016
20.113650 2.7544658 -0.2036947 6.3662262 0.0227267 0.3315019 0.0153495 0.9430559
20.217270 2.7896109 -0.2063526 6.4097219 0.0222004 0.3337513 0.0154614 0.9422728
20.320880 2.8256192 -0.2087604 6.4538651 0.0221269 0.3359033 0.0162118 0.9414970
20.528120 2.8985710 -0.2132666 6.5424986 0.0214759 0.3400820 0.0161468 0.9400119
20.631730 2.9358854 -0.2156835 6.5865946 0.0209900 0.3415774 0.0165365 0.9394737
20.735350 2.9712467 -0.2179833 6.6307168 0.0204323 0.3436540 0.0168936 0.9387220
20.942580 3.0498800 -0.2224297 6.7215996 0.0203736 0.3459443 0.0138223 0.9379320
21.046320 3.0880299 -0.2246091 6.7667279 0.0206117 0.3477238 0.0120051 0.9372936
21.253550 3.1642022 -0.2286812 6.8555002 0.0191871 0.3510351 0.0120087 0.9360887
21.357170 3.2013564 -0.2308702 6.8982387 0.0194421 0.3526942 0.0117186 0.9354632
21.460820 3.2387228 -0.2330046 6.9411120 0.0191898 0.3543492 0.0110642 0.9348508
21.668140 3.3137424 -0.2374356 7.0258408 0.0161746 0.3578756 0.0104891 0.9335703
21.771790 3.3516288 -0.2392705 7.0686941 0.0158407 0.3598310 0.0100637 0.9328287
21.875360 3.3881145 -0.2410025 7.1086674 0.0161080 0.3614613 0.0102976 0.9321911
21.979040 3.4261618 -0.2427567 7.1509514 0.0159452 0.3632367 0.0103951 0.9315025
22.186210 3.5006099 -0.2463626 7.2324791 0.0152419 0.3665999 0.0087455 0.9302127
22.290250 3.5377970 -0.2483629 7.2730455 0.0148114 0.3684136 0.0034977 0.9295374
22.497250 3.6123433 -0.2530634 7.3532400 0.0220449 0.3721488 0.0021916 0.9279087
22.704440 3.6878576 -0.2579573 7.4315004 0.0163424 0.3736669 0.0082020 0.9273828
22.911770 3.7613115 -0.2606175 7.5099192 0.0085904 0.3778158 0.0049848 0.9258275
23.119010 3.8342285 -0.2630024 7.5850129 0.0105441 0.3810185 0.0068303 0.9244821
23.326370 3.9095011 -0.2660439 7.6597142 0.0149951 0.3837878 0.0079961 0.9232649
23.533710 3.9846239 -0.2693540 7.7350173 0.0145056 0.3873506 0.0086223 0.9217781
23.741080 4.0599174 -0.2721727 7.8093362 0.0139672 0.3901003 0.0090479 0.9206220
23.948430 4.1338472 -0.2750143 7.8805532 0.0139958 0.3917612 0.0094685 0.9199118
24.155650 4.2003193 -0.2768060 7.9396429 0.0128167 0.3935980 0.0112819 0.9191241
24.363000 4.2545457 -0.2786205 7.9922533 0.0123704 0.3971632 0.0115143 0.9175923
24.570240 4.2944727 -0.2801850 8.0306091 0.0130559 0.4013169 0.0073068 0.9158171
24.777590 4.3280945 -0.2826107 8.0684805 0.0116643 0.4067535 0.0051466 0.9134490
24.984880 4.3696837 -0.2851256 8.1055946 0.0109063 0.4107527 0.0029681 0.9116768
25.191950 4.4130406 -0.2870333 8.1450338 0.0084905 0.4139412 0.0061963 0.9102429
25.399160 4.4589615 -0.2881002 8.1874409 0.0056544 0.4154973 0.0115563 0.9095034
25.606390 4.5054836 -0.2891650 8.2301407 0.0058798 0.4172690 0.0033498 0.9087579
25.813620 4.5492072 -0.2907867 8.2684727 0.0046883 0.4176711 -0.0010242 0.9085856
26.020850 4.5933790 -0.2893728 8.3017540 0.0075246 0.4162094 0.0016114 0.9092362
26.228100 4.6346149 -0.2917910 8.3323965 0.0059906 0.4147202 -0.0032626 0.9099234
26.435440 4.6727500 -0.2943127 8.3770695 0.0022754 0.4198929 -0.0105050 0.9075100
26.642670 4.7090058 -0.2949561 8.4077692 0.0023785 0.4209228 -0.0102201 0.9070358
26.849920 4.7430353 -0.2959749 8.4378738 0.0003686 0.4222538 -0.0095136 0.9064276
27.057260 4.7776890 -0.2966927 8.4680643 0.0011798 0.4244103 -0.0115886 0.9053951
27.264530 4.8137426 -0.2975942 8.4970875 0.0017652 0.4254203 -0.0104614 0.9049337
27.471850 4.8496265 -0.2979044 8.5251093 0.0024936 0.4266641 -0.0083398 0.9043683
27.679200 4.8835826 -0.2981973 8.5513401 0.0027105 0.4275717 -0.0074581 0.9039466
27.886560 4.9080248 -0.2989257 8.5708418 0.0028306 0.4282059 -0.0078714 0.9036425
28.093790 4.9125452 -0.2991114 8.5751753 0.0035800 0.4273182 -0.0075301 0.9040629
28.404640 4.9150100 -0.2992516 8.5771542 0.0019752 0.4268005 -0.0084348 0.9043043
28.611870 4.9173765 -0.2992714 8.5788260 0.0025753 0.4264007 -0.0086970 0.9044889
28.922840 4.9207277 -0.2994289 8.5815659 0.0007955 0.4273746 -0.0084495 0.9040348
29.544660 4.9270964 -0.2995947 8.5866508 0.0015886 0.4269142 -0.0092527 0.9042434
29.855620 4.9304695 -0.2997038 8.5894432 0.0000411 0.4258557 -0.0089355 0.9047470
30.166350 4.9337797 -0.2998061 8.5921507 0.0008310 0.4250981 -0.0080325 0.9051113
30.477220 4.9369001 -0.2998530 8.5947275 0.0005599 0.4251547 -0.0091371 0.9050744
30.788170 4.9402018 -0.2999504 8.5974102 -0.0014503 0.4249602 -0.0089128 0.9051670
31.099140 4.9434242 -0.3000253 8.6000757 0.0010268 0.4249841 -0.0102849 0.9051418
31.410110 4.9466934 -0.3001233 8.6026421 -0.0005963 0.4244145 -0.0084185 0.9054287
31.721250 4.9498849 -0.3001904 8.6052914 0.0002573 0.4243562 -0.0084741 0.9054556
32.032190 4.9531174 -0.3002928 8.6078987 -0.0006244 0.4236326 -0.0071324 0.9058058
32.343330 4.9562812 -0.3003576 8.6104755 -0.0017857 0.4227082 -0.0071845 0.9062356
32.654370 4.9591913 -0.3004205 8.6129541 -0.0013431 0.4228024 -0.0074064 0.9061906
32.965700 4.9621487 -0.3004880 8.6154842 -0.0017011 0.4222431 -0.0064175 0.9064583
33.276450 4.9642410 -0.3004997 8.6175995 -0.0008021 0.4220332 -0.0070429 0.9065527
33.587620 4.9664264 -0.3005800 8.6198664 -0.0016818 0.4224343 -0.0079759 0.9063569
33.898640 4.9687281 -0.3006380 8.6220760 -0.0014534 0.4228866 -0.0090282 0.9061365
34.209730 4.9715509 -0.3007081 8.6244678 -0.0025919 0.4237286 -0.0091019 0.9057398
34.520830 4.9742913 -0.3007766 8.6267452 -0.0007430 0.4237652 -0.0090968 0.9057261
34.935420 4.9783177 -0.3008459 8.6298122 -0.0016467 0.4229010 -0.0084233 0.9061352
35.350130 4.9815884 -0.3009182 8.6329060 -0.0021655 0.4238317 -0.0088507 0.9056951
35.764770 4.9854193 -0.3009859 8.6359158 -0.0021584 0.4224812 -0.0093378 0.9063210
36.179530 4.9895134 -0.3010988 8.6389713 -0.0011117 0.4204636 -0.0088669 0.9072654
36.594140 4.9928761 -0.3011774 8.6419497 -0.0024538 0.4202453 -0.0084253 0.9073681
37.008850 4.9962225 -0.3012282 8.6449175 -0.0014133 0.4201793 -0.0092538 0.9073929
37.423720 4.9996529 -0.3013153 8.6479082 -0.0018498 0.4214033 -0.0099813 0.9068165
37.838400 5.0031691 -0.3013960 8.6509247 -0.0023348 0.4234585 -0.0092098 0.9058657
38.252870 5.0067453 -0.3014642 8.6539307 -0.0013013 0.4242361 -0.0090106 0.9055058
38.667310 5.0104294 -0.3015802 8.6569157 -0.0011969 0.4237334 -0.0083377 0.9057478
39.185650 5.0149307 -0.3017057 8.6604424 -0.0027245 0.4226786 -0.0082677 0.9062378
39.600240 5.0184274 -0.3017645 8.6634254 -0.0012424 0.4223407 -0.0084256 0.9063972
40.014950 5.0220237 -0.3018166 8.6663342 -0.0008681 0.4213313 -0.0086829 0.9068648
40.533280 5.0257015 -0.3018532 8.6695118 0.0009156 0.4200528 -0.0088768 0.9074558
40.947990 5.0284243 -0.3019546 8.6718140 -0.0005560 0.4204811 -0.0114199 0.9072292
41.362570 5.0312257 -0.3019986 8.6741676 -0.0004227 0.4195402 -0.0082486 0.9076992
41.777290 5.0339050 -0.3021109 8.6760187 0.0009919 0.4171019 -0.0081112 0.9088230
42.192000 5.0366335 -0.3022105 8.6780319 -0.0000298 0.4148300 -0.0094899 0.9098495
42.710200 5.0401416 -0.3023154 8.6805611 -0.0000582 0.4125838 -0.0092304 0.9108729
43.124790 5.0421925 -0.3023705 8.6824512 -0.0002243 0.4134422 -0.0111976 0.9104615
43.642870 5.0435925 -0.3023377 8.6848297 -0.0005947 0.4169938 -0.0110271 0.9088423
44.057450 5.0455213 -0.3023390 8.6867247 0.0014466 0.4170719 -0.0129655 0.9087799
44.990110 5.0495529 -0.3024170 8.6906052 0.0003182 0.4126572 -0.0104601 0.9108263
45.404710 5.0510836 -0.3024485 8.6924629 0.0001638 0.4117213 -0.0111610 0.9112414
45.819420 5.0531907 -0.3024497 8.6943016 -0.0020715 0.4123128 -0.0120102 0.9109609
46.233900 5.0554829 -0.3026016 8.6959600 -0.0025762 0.4111012 -0.0128266 0.9114959
46.648340 5.0569854 -0.3026808 8.6978245 -0.0021468 0.4114605 -0.0111870 0.9113564
47.063060 5.0589342 -0.3027464 8.6996012 -0.0035895 0.4104940 -0.0106359 0.9117942
47.477390 5.0607376 -0.3028440 8.7014046 -0.0032751 0.4079697 -0.0075263 0.9129586
48.306820 5.0630007 -0.3030459 8.7050667 -0.0048101 0.4063529 -0.0068865 0.9136776
48.721660 5.0647078 -0.3030092 8.7068815 -0.0060260 0.4048990 -0.0068621 0.9143158
49.550580 5.0678902 -0.3031490 8.7106647 -0.0066940 0.4052562 -0.0064060 0.9141562
49.964780 5.0683370 -0.3032325 8.7120323 -0.0069426 0.4069011 -0.0075853 0.9134144
51.519760 5.0718961 -0.3035592 8.7185364 -0.0102416 0.4075862 -0.0024877 0.9131060
51.934500 5.0735226 -0.3036011 8.7203474 -0.0126242 0.4070486 -0.0018744 0.9133174
52.245440 5.0742378 -0.3036509 8.7218094 -0.0116267 0.4086885 -0.0001892 0.9125998
52.971270 5.0759501 -0.3038506 8.7255535 -0.0106680 0.4137601 0.0024593 0.9103202
53.385840 5.0772185 -0.3039567 8.7276611 -0.0109405 0.4151188 0.0024380 0.9096981
54.007650 5.0789928 -0.3040667 8.7307415 -0.0124962 0.4170996 0.0023219 0.9087719
54.422370 5.0798845 -0.3040710 8.7330647 -0.0112830 0.4205540 0.0052075 0.9071824
54.733340 5.0809517 -0.3041316 8.7342510 -0.0107270 0.4194751 0.0078039 0.9076699
55.044310 5.0826540 -0.3042023 8.7356014 -0.0137821 0.4175892 0.0039135 0.9085230
55.355300 5.0844340 -0.3042528 8.7368574 -0.0132091 0.4144453 0.0017714 0.9099767
55.666250 5.0856528 -0.3043259 8.7383490 -0.0146232 0.4130289 0.0049461 0.9105871
55.977290 5.0862007 -0.3044257 8.7402020 -0.0126301 0.4154737 0.0052885 0.9095021
56.288130 5.0867882 -0.3045098 8.7420235 -0.0160665 0.4174446 0.0088897 0.9085168
56.702420 5.0880613 -0.3045913 8.7446337 -0.0167913 0.4211487 0.0053214 0.9068205
57.013380 5.0888796 -0.3047047 8.7467442 -0.0145703 0.4253690 0.0094996 0.9048529
57.427720 5.0905294 -0.3047813 8.7489481 -0.0133949 0.4257039 0.0126631 0.9046748
58.153180 5.0930300 -0.3049544 8.7538614 -0.0152121 0.4308847 0.0194051 0.9020701
58.464000 5.0941219 -0.3050725 8.7561026 -0.0129503 0.4336221 0.0198178 0.9007838
58.774970 5.0952444 -0.3051514 8.7584820 -0.0138056 0.4372150 0.0221904 0.8989772
59.189810 5.0967073 -0.3053248 8.7619228 -0.0131704 0.4434764 0.0246786 0.8958495
59.500910 5.0980144 -0.3053679 8.7644768 -0.0119475 0.4473394 0.0271194 0.8938732
59.812000 5.0994816 -0.3053365 8.7672157 -0.0088072 0.4518980 0.0295614 0.8915362
60.123100 5.1009040 -0.3053643 8.7700872 -0.0069041 0.4572907 0.0334570 0.8886608
60.434070 5.1022940 -0.3054020 8.7731504 -0.0057156 0.4645782 0.0365789 0.8847578
60.745170 5.1038179 -0.3055975 8.7764568 -0.0049439 0.4739686 0.0416096 0.8795442
60.952400 5.1049557 -0.3056942 8.7788296 -0.0031856 0.4811571 0.0456827 0.8754375
61.159760 5.1062241 -0.3058611 8.7812691 -0.0002571 0.4885567 0.0502578 0.8710835
61.366980 5.1076040 -0.3060532 8.7837486 -0.0001324 0.4961908 0.0553917 0.8664447
61.574220 5.1091943 -0.3060663 8.7859592 0.0018239 0.5020872 0.0569778 0.8629361
61.784120 5.1113892 -0.3061202 8.7878609 0.0046260 0.5046448 0.0600123 0.8612263
61.988910 5.1136661 -0.3061328 8.7896900 0.0031849 0.5067131 0.0634810 0.8597685
62.196570 5.1158190 -0.3062854 8.7918625 0.0021294 0.5117073 0.0662277 0.8566008
62.403410 5.1178904 -0.3063974 8.7942066 0.0027725 0.5180927 0.0667521 0.8527113
62.611050 5.1201158 -0.3066397 8.7965689 0.0020882 0.5243872 0.0698098 0.8486108
62.817730 5.1225605 -0.3067107 8.7985878 0.0027457 0.5283003 0.0707308 0.8461019
63.024960 5.1249938 -0.3068241 8.8009605 0.0005786 0.5349390 0.0714056 0.8418677
63.232210 5.1273017 -0.3068464 8.8028984 0.0007922 0.5399811 0.0736362 0.8384495
63.439300 5.1298614 -0.3068882 8.8049698 0.0001885 0.5455410 0.0754081 0.8346847
63.646520 5.1322722 -0.3068430 8.8067122 0.0005555 0.5492787 0.0763864 0.8321404
63.853630 5.1347237 -0.3067371 8.8082209 0.0032067 0.5510879 0.0767235 0.8309063
64.060730 5.1372204 -0.3067840 8.8099775 0.0039860 0.5553541 0.0782106 0.8279185
64.267970 5.1398687 -0.3066232 8.8114786 0.0039988 0.5580464 0.0787516 0.8260548
64.371580 5.1411800 -0.3065732 8.8122168 0.0040867 0.5598205 0.0781754 0.8249078
64.578710 5.1438603 -0.3064061 8.8138094 0.0056037 0.5645468 0.0770830 0.8217747
64.785940 5.1465473 -0.3063484 8.8152456 0.0061151 0.5682549 0.0791082 0.8190182
64.993150 5.1492219 -0.3062017 8.8165836 0.0059312 0.5717223 0.0798319 0.8165324
65.200410 5.1516881 -0.3059686 8.8176231 0.0058848 0.5713400 0.0797118 0.8168121
65.407740 5.1532612 -0.3058635 8.8181105 0.0057406 0.5678664 0.0816013 0.8190458
65.614970 5.1536789 -0.3058679 8.8182392 0.0071080 0.5670289 0.0831160 0.8194629
65.822450 5.1541085 -0.3058361 8.8183689 0.0119287 0.5667623 0.0797944 0.8199214
66.029810 5.1545095 -0.3058181 8.8184958 0.0117264 0.5661066 0.0809021 0.8202687
66.237180 5.1549149 -0.3058032 8.8186207 0.0097280 0.5655852 0.0823261 0.8205128
66.444520 5.1553154 -0.3057849 8.8187408 0.0080763 0.5652152 0.0834953 0.8206675
66.651880 5.1556759 -0.3057590 8.8188543 0.0093711 0.5640602 0.0839236 0.8214043
66.859100 5.1560740 -0.3057442 8.8189688 0.0103579 0.5634735 0.0844686 0.8217393
67.066340 5.1563878 -0.3057288 8.8190880 0.0104913 0.5634559 0.0853123 0.8216625
67.273570 5.1567044 -0.3057121 8.8192062 0.0100599 0.5633667 0.0855106 0.8217084
67.480800 5.1569905 -0.3056988 8.8193150 0.0108243 0.5628660 0.0867931 0.8219073
67.687910 5.1572690 -0.3056781 8.8194370 0.0119712 0.5633661 0.0858436 0.8216484
67.895140 5.1575489 -0.3056621 8.8195543 0.0118162 0.5634039 0.0858515 0.8216240
68.205860 5.1579690 -0.3056338 8.8197279 0.0120701 0.5634243 0.0868541 0.8215008
68.516600 5.1583939 -0.3056067 8.8199024 0.0120940 0.5635751 0.0858711 0.8215005
68.723700 5.1586838 -0.3055880 8.8200178 0.0135522 0.5637826 0.0842405 0.8215042
68.930920 5.1589689 -0.3055694 8.8201323 0.0129169 0.5637438 0.0854307 0.8214180
69.138040 5.1592588 -0.3055504 8.8202496 0.0128160 0.5638407 0.0851853 0.8213786
69.345250 5.1595449 -0.3055320 8.8203650 0.0137174 0.5641694 0.0840043 0.8212600
69.656100 5.1599755 -0.3055053 8.8205376 0.0144384 0.5640476 0.0852459 0.8212034
69.863330 5.1602745 -0.3054893 8.8206577 0.0135955 0.5640283 0.0849871 0.8212578
70.174050 5.1607056 -0.3054633 8.8208303 0.0136505 0.5642576 0.0842363 0.8211768
70.381410 5.1609874 -0.3054452 8.8209429 0.0136415 0.5642852 0.0839635 0.8211859
70.692380 5.1614199 -0.3054180 8.8211193 0.0150695 0.5643740 0.0834648 0.8211507
71.003350 5.1618471 -0.3053928 8.8212910 0.0167023 0.5643946 0.0819709 0.8212554
71.314340 5.1622610 -0.3053687 8.8214579 0.0155826 0.5644624 0.0810895 0.8213183
71.625410 5.1626263 -0.3053488 8.8216114 0.0151762 0.5645028 0.0810749 0.8212996
71.936530 5.1629839 -0.3053340 8.8217621 0.0158936 0.5645698 0.0823299 0.8211152
72.247600 5.1633644 -0.3053117 8.8219147 0.0173111 0.5645107 0.0808645 0.8212727
72.454960 5.1636229 -0.3052987 8.8220186 0.0180548 0.5645337 0.0807551 0.8212517
72.766060 5.1640081 -0.3052784 8.8221731 0.0177494 0.5649544 0.0800791 0.8210352
73.077160 5.1643958 -0.3052588 8.8223286 0.0189850 0.5653856 0.0786610 0.8208479
73.388130 5.1647997 -0.3052434 8.8225002 0.0181999 0.5661023 0.0784970 0.8203872
73.698980 5.1651897 -0.3052264 8.8226614 0.0178727 0.5665805 0.0779093 0.8201203
73.906330 5.1653996 -0.3052160 8.8227453 0.0178444 0.5666722 0.0781232 0.8200371
74.217430 5.1658106 -0.3051996 8.8229113 0.0169403 0.5673121 0.0788980 0.8195395
74.839370 5.1664963 -0.3051888 8.8232155 0.0169191 0.5685265 0.0788763 0.8187001
75.150340 5.1667986 -0.3051772 8.8233290 0.0155688 0.5682609 0.0782452 0.8189718
75.461430 5.1670876 -0.3051609 8.8234425 0.0149359 0.5690950 0.0792300 0.8183095
75.772410 5.1674147 -0.3051472 8.8235798 0.0145696 0.5700829 0.0783832 0.8177098
76.083250 5.1677008 -0.3051321 8.8236885 0.0153504 0.5700745 0.0786327 0.8176774
77.326390 5.1687422 -0.3051397 8.8241014 0.0136349 0.5688316 0.0814328 0.8182991
77.637240 5.1690235 -0.3051313 8.8242121 0.0124884 0.5687442 0.0818399 0.8183375
77.948260 5.1692896 -0.3051230 8.8243093 0.0111185 0.5682803 0.0823223 0.8186312
79.399200 5.1704559 -0.3051202 8.8247881 0.0070320 0.5731450 0.0841853 0.8150879
79.813790 5.1707935 -0.3050997 8.8249168 0.0070900 0.5756415 0.0839498 0.8133505
80.228390 5.1711287 -0.3050738 8.8250418 0.0041879 0.5805899 0.0835714 0.8098850
80.539350 5.1713781 -0.3050539 8.8251295 0.0033587 0.5845168 0.0833084 0.8070865
80.850320 5.1716290 -0.3050344 8.8252201 0.0026372 0.5893010 0.0828222 0.8036528
81.161430 5.1718745 -0.3050134 8.8253012 0.0012999 0.5926921 0.0838906 0.8010473
82.197580 5.1726971 -0.3049874 8.8255844 0.0012311 0.6010447 0.0847475 0.7947085
82.508540 5.1729407 -0.3049691 8.8256569 0.0010814 0.6021658 0.0851737 0.7938140
82.819520 5.1731863 -0.3049483 8.8257208 0.0002579 0.6019442 0.0849398 0.7940078
83.130480 5.1734314 -0.3049272 8.8257866 -0.0025525 0.6002370 0.0886523 0.7948899
83.441640 5.1736660 -0.3049059 8.8258553 0.0013966 0.5989083 0.0850639 0.7962858
83.856290 5.1739874 -0.3048790 8.8259411 0.0004119 0.5946870 0.0881614 0.7991087
84.167410 5.1742229 -0.3048593 8.8260059 0.0001336 0.5930218 0.0886325 0.8002933
84.478430 5.1744590 -0.3048395 8.8260765 -0.0021956 0.5924861 0.0878206 0.8007764
84.893170 5.1747656 -0.3048149 8.8261709 -0.0040765 0.5935516 0.0859159 0.8001865
85.515020 5.1752038 -0.3047900 8.8262959 -0.0049921 0.5950096 0.0869282 0.7989882
85.826500 5.1754141 -0.3047686 8.8263626 -0.0054937 0.5953594 0.0880077 0.7986061
86.137390 5.1756196 -0.3047522 8.8264208 -0.0069186 0.5949033 0.0885416 0.7988758
86.448450 5.1758256 -0.3047351 8.8264894 -0.0043948 0.5944654 0.0879038 0.7992900
87.381660 5.1764231 -0.3046954 8.8266859 -0.0105407 0.5936005 0.0885765 0.7998010
87.692700 5.1766238 -0.3046771 8.8267441 -0.0092593 0.5943940 0.0908601 0.7989709
88.314960 5.1770029 -0.3046508 8.8268576 -0.0130044 0.5984825 0.0897772 0.7959834
88.625980 5.1771955 -0.3046337 8.8269100 -0.0160677 0.6008053 0.0896543 0.7941895
88.937260 5.1773825 -0.3046125 8.8269606 -0.0189533 0.6039934 0.0895059 0.7917206
89.248170 5.1775761 -0.3045924 8.8269987 -0.0184663 0.6065604 0.0934128 0.7893146
89.559150 5.1777749 -0.3045745 8.8270273 -0.0162967 0.6089113 0.0967018 0.7871532
89.870260 5.1779704 -0.3045533 8.8270607 -0.0138456 0.6122006 0.0992827 0.7843224
90.077600 5.1780496 -0.3045455 8.8271017 -0.0133224 0.6160860 0.1009851 0.7810650
90.492430 5.1781974 -0.3045392 8.8271828 -0.0120874 0.6250262 0.1061880 0.7732530
90.699910 5.1782722 -0.3045341 8.8272190 -0.0131048 0.6315243 0.1078167 0.7677115
90.907270 5.1783438 -0.3045298 8.8272552 -0.0140771 0.6393993 0.1089714 0.7609833
91.114650 5.1784172 -0.3045253 8.8272915 -0.0154867 0.6500660 0.1081925 0.7519765
91.529590 5.1785316 -0.3045146 8.8273420 -0.0154690 0.6758619 0.1110837 0.7284448
91.736950 5.1785851 -0.3045114 8.8273706 -0.0148903 0.6907782 0.1142183 0.7138332
91.944420 5.1786370 -0.3045055 8.8273935 -0.0151974 0.7060465 0.1146588 0.6986564
92.359390 5.1787386 -0.3044959 8.8274355 -0.0188564 0.7390558 0.1175634 0.6630384
92.981700 5.1789408 -0.3044606 8.8274555 -0.0302328 0.7924271 0.1155165 0.5981649
93.189210 5.1790061 -0.3044431 8.8274469 -0.0319080 0.8095567 0.1147234 0.5748377
93.396540 5.1790762 -0.3044256 8.8274355 -0.0324363 0.8264177 0.1115125 0.5509506
93.500280 5.1791086 -0.3044167 8.8274250 -0.0326020 0.8342205 0.1105068 0.5392602
93.915120 5.1792307 -0.3043902 8.8273716 -0.0369437 0.8647836 0.1085523 0.4888771
94.122480 5.1792822 -0.3043761 8.8273411 -0.0368408 0.8789877 0.1067829 0.4632718
94.226290 5.1793060 -0.3043696 8.8273258 -0.0378383 0.8855554 0.1068857 0.4504834
94.329830 5.1793299 -0.3043635 8.8273087 -0.0397361 0.8920335 0.1064668 0.4374496
94.640800 5.1793938 -0.3043458 8.8272552 -0.0430846 0.9099202 0.1032212 0.3994176
94.848290 5.1794329 -0.3043345 8.8272190 -0.0446715 0.9206490 0.1024294 0.3740563
95.055660 5.1794691 -0.3043230 8.8271780 -0.0460394 0.9305563 0.1014853 0.3487780
95.263120 5.1795034 -0.3043119 8.8271370 -0.0469239 0.9398655 0.0993113 0.3234009
95.470470 5.1795354 -0.3043014 8.8270941 -0.0482357 0.9481353 0.0973366 0.2987279
95.677830 5.1795664 -0.3042901 8.8270473 -0.0496668 0.9554493 0.0963325 0.2745359
95.988800 5.1796069 -0.3042742 8.8269768 -0.0512718 0.9655966 0.0924525 0.2375857
96.196160 5.1796312 -0.3042632 8.8269262 -0.0521556 0.9718913 0.0885055 0.2118347
96.403410 5.1796532 -0.3042529 8.8268738 -0.0546643 0.9773445 0.0867989 0.1851363
96.610910 5.1796732 -0.3042428 8.8268204 -0.0563637 0.9820890 0.0861509 0.1578047
96.818220 5.1796889 -0.3042330 8.8267641 -0.0574879 0.9863604 0.0826093 0.1302459
97.025580 5.1797028 -0.3042232 8.8267069 -0.0584888 0.9897140 0.0809510 0.1024318
97.233060 5.1797132 -0.3042139 8.8266497 -0.0600352 0.9923641 0.0785718 0.0737272
97.440420 5.1797194 -0.3042057 8.8265905 -0.0620346 0.9942021 0.0758434 0.0442909
97.751640 5.1797223 -0.3041930 8.8264999 -0.0640026 0.9953555 0.0719090 -0.0004230
98.062740 5.1797185 -0.3041819 8.8264103 -0.0656304 0.9944836 0.0683940 -0.0449130
98.270110 5.1797113 -0.3041753 8.8263483 -0.0672542 0.9927979 0.0651743 -0.0747104
98.477450 5.1796999 -0.3041687 8.8262882 -0.0680578 0.9901896 0.0630615 -0.1044795
98.684800 5.1796846 -0.3041633 8.8262281 -0.0691352 0.9867307 0.0594944 -0.1343252
98.892150 5.1796675 -0.3041582 8.8261690 -0.0700130 0.9824958 0.0550944 -0.1635992
99.099510 5.1796465 -0.3041538 8.8261108 -0.0707720 0.9774262 0.0526239 -0.1919897
99.306750 5.1796212 -0.3041501 8.8260546 -0.0717328 0.9716494 0.0502543 -0.2196050
99.513970 5.1795926 -0.3041475 8.8259983 -0.0726670 0.9653855 0.0475002 -0.2459554
99.721330 5.1795616 -0.3041450 8.8259430 -0.0723407 0.9589337 0.0445545 -0.2706068
99.928690 5.1795254 -0.3041428 8.8258877 -0.0726366 0.9521307 0.0413535 -0.2940426
100.136200 5.1794877 -0.3041412 8.8258333 -0.0736986 0.9447857 0.0405553 -0.3167078
100.343500 5.1794472 -0.3041402 8.8257818 -0.0741410 0.9376587 0.0373911 -0.3374926
100.550800 5.1794038 -0.3041401 8.8257322 -0.0731593 0.9309933 0.0353384 -0.3558798
100.758000 5.1793585 -0.3041401 8.8256826 -0.0725793 0.9251924 0.0326433 -0.3710602
100.965200 5.1793098 -0.3041404 8.8256321 -0.0715495 0.9200546 0.0293560 -0.3840813
101.172400 5.1792603 -0.3041408 8.8255835 -0.0708158 0.9151463 0.0273766 -0.3959076
101.379800 5.1792097 -0.3041414 8.8255377 -0.0710501 0.9106934 0.0258910 -0.4061022
101.587000 5.1791592 -0.3041429 8.8254938 -0.0705762 0.9068886 0.0258856 -0.4146107
101.794300 5.1791048 -0.3041450 8.8254471 -0.0698468 0.9044217 0.0254226 -0.4201150
102.001600 5.1790495 -0.3041465 8.8253994 -0.0696149 0.9021586 0.0254184 -0.4249913
102.208900 5.1789904 -0.3041488 8.8253527 -0.0701887 0.9001710 0.0255237 -0.4290854
102.416200 5.1789327 -0.3041509 8.8253050 -0.0704204 0.8987412 0.0256923 -0.4320243
102.623600 5.1788807 -0.3041515 8.8252611 -0.0702046 0.8977132 0.0245969 -0.4342549
102.830900 5.1788273 -0.3041545 8.8252211 -0.0699225 0.8971695 0.0243200 -0.4354381
103.038300 5.1787739 -0.3041567 8.8251772 -0.0698112 0.8966615 0.0241573 -0.4365100
103.245700 5.1787190 -0.3041586 8.8251333 -0.0693766 0.8961597 0.0247652 -0.4375743
103.453000 5.1786633 -0.3041607 8.8250904 -0.0694049 0.8955613 0.0253019 -0.4387627
103.660300 5.1786089 -0.3041628 8.8250465 -0.0700725 0.8950571 0.0249185 -0.4397062
103.867700 5.1785536 -0.3041649 8.8250046 -0.0699251 0.8944435 0.0258745 -0.4409215
104.178700 5.1784701 -0.3041677 8.8249397 -0.0716284 0.8934863 0.0242448 -0.4426781
104.386000 5.1784163 -0.3041706 8.8248968 -0.0721705 0.8927554 0.0230583 -0.4441257
104.697300 5.1783342 -0.3041742 8.8248348 -0.0719086 0.8903012 0.0228056 -0.4490800
105.008400 5.1782532 -0.3041784 8.8247747 -0.0735914 0.8847231 0.0224514 -0.4597231
105.215900 5.1781979 -0.3041814 8.8247337 -0.0735800 0.8794333 0.0218620 -0.4697927
105.526900 5.1781168 -0.3041865 8.8246822 -0.0750474 0.8684238 0.0200161 -0.4897013
105.734400 5.1780624 -0.3041905 8.8246489 0.0757182 -0.8590740 -0.0165369 0.5059499
106.045600 5.1779776 -0.3041974 8.8246050 0.0755032 -0.8420511 -0.0125109 0.5339407
106.357000 5.1778936 -0.3042053 8.8245678 0.0758234 -0.8203162 -0.0074268 0.5668130
106.668200 5.1778073 -0.3042145 8.8245382 0.0748396 -0.7949743 -0.0000113 0.6020090
106.979300 5.1777182 -0.3042248 8.8245182 0.0721849 -0.7657774 0.0053135 0.6390197
107.186900 5.1776576 -0.3042325 8.8245087 0.0721883 -0.7429681 0.0083962 0.6653696
107.394300 5.1775975 -0.3042404 8.8245020 0.0726942 -0.7188650 0.0140927 0.6911946
107.705400 5.1775074 -0.3042533 8.8245029 0.0713717 -0.6810776 0.0205000 0.7284361
108.016400 5.1774187 -0.3042670 8.8245144 0.0702308 -0.6406053 0.0253486 0.7642316
108.223900 5.1773615 -0.3042762 8.8245268 0.0709405 -0.6133357 0.0309484 0.7860209
108.431200 5.1773043 -0.3042867 8.8245430 0.0701669 -0.5847879 0.0363840 0.8073264
108.638800 5.1772456 -0.3042974 8.8245640 0.0698443 -0.5558411 0.0414559 0.8273112
108.845900 5.1771927 -0.3043078 8.8245869 0.0716860 -0.5269300 0.0467136 0.8455908
109.053200 5.1771512 -0.3043171 8.8246050 0.0691375 -0.4994673 0.0507278 0.8620784
109.260500 5.1771235 -0.3043244 8.8246164 0.0667918 -0.4723395 0.0557156 0.8771146
109.467900 5.1771064 -0.3043294 8.8246279 0.0672252 -0.4444482 0.0622707 0.8911055
109.571600 5.1771030 -0.3043303 8.8246298 0.0664169 -0.4300476 0.0629155 0.8981590
109.675300 5.1770926 -0.3043331 8.8246412 0.0639885 -0.4165520 0.0647972 0.9045392
109.882700 5.1770811 -0.3043359 8.8246479 0.0653490 -0.3844062 0.0668885 0.9184156
109.986400 5.1770792 -0.3043368 8.8246517 0.0700883 -0.3687852 0.0692939 0.9242746
110.090100 5.1770782 -0.3043374 8.8246546 0.0711655 -0.3536307 0.0698725 0.9300531
110.297600 5.1770744 -0.3043398 8.8246632 0.0624800 -0.3254482 0.0732321 0.9406470
110.608900 5.1770687 -0.3043422 8.8246775 0.0625549 -0.2805779 0.0781838 0.9545943
110.816200 5.1770668 -0.3043439 8.8246841 0.0636475 -0.2502784 0.0809311 0.9626837
111.231000 5.1770620 -0.3043460 8.8246937 0.0602192 -0.1851027 0.0821291 0.9774280
111.438400 5.1770606 -0.3043467 8.8246956 0.0581918 -0.1522985 0.0816790 0.9832332
111.645800 5.1770592 -0.3043472 8.8246994 0.0548360 -0.1227183 0.0832348 0.9874235
112.060200 5.1770577 -0.3043482 8.8247051 0.0516475 -0.0750664 0.0855947 0.9921548
112.474600 5.1770568 -0.3043486 8.8247080 0.0463041 -0.0437786 0.0872321 0.9941478
113.303200 5.1770577 -0.3043497 8.8247166 0.0386696 -0.0205359 0.0828449 0.9956002
113.717900 5.1770587 -0.3043500 8.8247194 0.0371156 -0.0206538 0.0798932 0.9958981
113.925200 5.1770582 -0.3043503 8.8247223 0.0369138 -0.0172911 0.0780550 0.9961153
114.028800 5.1770587 -0.3043504 8.8247232 0.0352680 -0.0165876 0.0782789 0.9961694
