0.000000 0.0000000 0.0000000 0.0000000 0.0000000 0.0000000 0.0000000 1.0000000
0.103391 -0.0003487 -0.0002549 0.0848718 0.0022404 0.0007385 -0.0003845 0.9999971
0.207106 -0.0002216 -0.0000545 0.1691516 0.0026958 0.0010786 0.0007000 0.9999955
0.310262 -0.0003285 -0.0002082 0.2536682 0.0006357 0.0012163 0.0015285 0.9999979
0.413621 -0.0001809 -0.0002756 0.3380171 -0.0023684 0.0008536 0.0026839 0.9999932
0.517929 -0.0002265 -0.0002279 0.4211698 -0.0024371 0.0002277 0.0044053 0.9999873
0.620389 -0.0002586 0.0002232 0.5038189 -0.0009315 -0.0002135 0.0056369 0.9999837
0.724219 -0.0003319 0.0003618 0.5859212 0.0007647 -0.0006386 0.0059644 0.9999817
0.827211 -0.0007681 0.0003786 0.6682687 0.0010305 -0.0010429 0.0058096 0.9999821
0.930557 -0.0015987 0.0003400 0.7500783 0.0001152 -0.0014771 0.0056121 0.9999831
1.034070 -0.0019430 0.0005484 0.8318424 -0.0012596 -0.0018878 0.0055622 0.9999819
1.137438 -0.0021446 0.0003327 0.9128500 -0.0022075 -0.0024856 0.0057069 0.9999782
1.244258 -0.0027768 0.0009466 0.9939126 -0.0025107 -0.0027505 0.0062010 0.9999738
1.447568 -0.0041278 0.0016157 1.1544929 -0.0017586 -0.0035816 0.0064803 0.9999710
1.654521 -0.0059348 0.0020221 1.3132250 -0.0001672 -0.0050825 0.0072351 0.9999609
1.861353 -0.0084891 0.0019280 1.4727008 0.0005983 -0.0067751 0.0064732 0.9999559
2.068236 -0.0116386 0.0016729 1.6307473 0.0000426 -0.0083894 0.0059056 0.9999474
2.275131 -0.0155381 0.0017879 1.7867521 -0.0008611 -0.0096673 0.0054324 0.9999381
2.482010 -0.0193718 0.0021517 1.9402648 -0.0003905 -0.0112807 0.0062631 0.9999167
2.689023 -0.0234729 0.0022169 2.0923920 -0.0016958 -0.0124322 0.0062297 0.9999019
2.896139 -0.0273465 0.0024943 2.2415309 -0.0039284 -0.0131929 0.0066474 0.9998832
3.103545 -0.0321881 0.0030683 2.3857851 -0.0020173 -0.0140165 0.0054036 0.9998851
3.310078 -0.0371238 0.0033100 2.5263567 -0.0010058 -0.0148741 0.0048997 0.9998769
3.517076 -0.0416668 0.0030802 2.6645904 -0.0004158 -0.0166618 0.0050094 0.9998485
3.827725 -0.0503218 0.0036617 2.8666799 -0.0020347 -0.0194793 0.0051247 0.9997951
4.034871 -0.0574287 0.0042465 2.9958293 -0.0028047 -0.0212391 0.0039792 0.9997626
4.243437 -0.0640604 0.0047366 3.1226804 -0.0019879 -0.0231452 0.0019062 0.9997283
4.449183 -0.0711060 0.0053180 3.2466462 -0.0034875 -0.0245219 0.0010621 0.9996926
4.760815 -0.0815217 0.0051468 3.4228218 -0.0011686 -0.0230189 -0.0027630 0.9997305
4.966824 -0.0864161 0.0061862 3.5370529 -0.0005382 -0.0205189 -0.0035814 0.9997829
5.277498 -0.0939972 0.0060014 3.7017996 -0.0041197 -0.0148678 -0.0105972 0.9998248
5.484644 -0.0968713 0.0064271 3.8040063 -0.0053693 -0.0093935 -0.0144259 0.9998374
5.691619 -0.0989886 0.0066339 3.8996072 -0.0059392 -0.0025120 -0.0184104 0.9998097
5.898736 -0.0991006 0.0071200 3.9875839 -0.0058728 0.0048392 -0.0223043 0.9997222
6.105870 -0.0986393 0.0074268 4.0679450 -0.0032437 0.0128701 -0.0256159 0.9995837
6.313021 -0.0952765 0.0079271 4.1407132 -0.0039239 0.0206956 -0.0254421 0.9994544
6.524037 -0.0916386 0.0085047 4.2059298 -0.0045249 0.0290736 -0.0278361 0.9991794
6.934429 -0.0830464 0.0074657 4.3086066 -0.0045367 0.0481315 -0.0313871 0.9983374
7.141701 -0.0757660 0.0072860 4.3547473 -0.0006599 0.0607380 -0.0311049 0.9976687
7.353300 -0.0677963 0.0071433 4.3988900 0.0005267 0.0766825 -0.0327207 0.9965184
7.556580 -0.0581767 0.0071170 4.4436107 0.0012747 0.0945302 -0.0324248 0.9949930
7.866988 -0.0393927 0.0062513 4.5068045 0.0020241 0.1253001 -0.0332882 0.9915582
8.385961 0.0041264 0.0031605 4.6115413 0.0023333 0.1921573 -0.0373731 0.9806495
8.696029 0.0426911 0.0007624 4.6711717 0.0058796 0.2439156 -0.0339904 0.9691828
9.008027 0.0904081 -0.0016383 4.7305694 0.0101258 0.3037239 -0.0365008 0.9520068
9.317832 0.1525347 -0.0049718 4.7926292 0.0105453 0.3700883 -0.0416922 0.9280006
9.630085 0.2365801 -0.0104116 4.8535476 0.0110777 0.4429251 -0.0396532 0.8956128
9.939685 0.3418880 -0.0164282 4.9067674 0.0121958 0.5173675 -0.0380423 0.8548304
10.146770 0.4218364 -0.0205316 4.9359808 0.0087807 0.5634566 -0.0396478 0.8251470
10.353670 0.5080730 -0.0257852 4.9559984 0.0122651 0.6048979 -0.0360106 0.7953938
10.562990 0.6022629 -0.0307987 4.9682798 0.0176658 0.6400042 -0.0278193 0.7676644
10.664530 0.6512613 -0.0327871 4.9731393 0.0192476 0.6548321 -0.0276384 0.7550236
10.767050 0.7018483 -0.0359264 4.9765425 0.0224425 0.6672986 -0.0253131 0.7440215
10.973420 0.8070240 -0.0424113 4.9795756 0.0256391 0.6874148 -0.0200529 0.7255352
11.180190 0.9172069 -0.0475556 4.9802217 0.0281956 0.7004191 -0.0180703 0.7129456
11.385900 1.0319301 -0.0547736 4.9792085 0.0285102 0.7093661 -0.0179257 0.7040352
11.592550 1.1520017 -0.0613273 4.9744744 0.0332471 0.7146935 -0.0165364 0.6984515
11.799490 1.2775455 -0.0680205 4.9715824 0.0312699 0.7176914 -0.0161106 0.6954723
12.004820 1.4082141 -0.0751324 4.9669237 0.0266263 0.7190271 -0.0119307 0.6943693
12.211190 1.5421892 -0.0823696 4.9613872 0.0284191 0.7191420 -0.0097290 0.6942135
12.417650 1.6781865 -0.0882219 4.9573097 0.0346969 0.7180094 -0.0145840 0.6950151
12.624550 1.8194755 -0.0959193 4.9533968 0.0334006 0.7164962 -0.0132662 0.6966647
12.830730 1.9630181 -0.1049258 4.9511676 0.0296363 0.7147853 -0.0112300 0.6986254
13.037710 2.1041763 -0.1128550 4.9474082 0.0369540 0.7123739 -0.0117573 0.7007280
13.244210 2.2477188 -0.1210732 4.9481831 0.0322915 0.7103611 -0.0144866 0.7029470
13.452770 2.3916070 -0.1308447 4.9466734 0.0345200 0.7074766 -0.0104195 0.7058163
13.657960 2.5346615 -0.1394455 4.9483752 0.0350982 0.7051964 -0.0136614 0.7080110
13.864670 2.6802630 -0.1492445 4.9502234 0.0350340 0.7026439 -0.0111063 0.7105919
14.071640 2.8244052 -0.1581616 4.9515510 0.0383486 0.7000769 -0.0090309 0.7129798
14.382120 3.0422785 -0.1721929 4.9568481 0.0390809 0.6965632 -0.0064927 0.7164009
14.692450 3.2607737 -0.1848613 4.9654942 0.0390463 0.6934241 -0.0082988 0.7194231
15.002870 3.4809699 -0.1992625 4.9770112 0.0365708 0.6906404 -0.0106511 0.7221945
15.313360 3.7034514 -0.2138962 4.9903545 0.0386666 0.6870806 -0.0140510 0.7254155
15.623920 3.9288559 -0.2294754 5.0057216 0.0367746 0.6835431 -0.0171726 0.7287809
15.934250 4.1582198 -0.2456697 5.0237837 0.0349655 0.6791341 -0.0191467 0.7329310
16.244300 4.3903017 -0.2631493 5.0462985 0.0378918 0.6731697 -0.0248186 0.7380995
16.554450 4.6241426 -0.2827620 5.0749454 0.0369763 0.6650535 -0.0299057 0.7452800
16.864710 4.8615384 -0.3038519 5.1069407 0.0320050 0.6566506 -0.0271376 0.7530267
17.175580 5.0968070 -0.3216602 5.1456318 0.0283479 0.6484804 -0.0250109 0.7602921
17.383340 5.2492027 -0.3333144 5.1722231 0.0320196 0.6441343 -0.0286638 0.7637042
17.693880 5.4734960 -0.3527193 5.2140646 0.0321567 0.6379977 -0.0284693 0.7688396
17.899360 5.6205449 -0.3645392 5.2438450 0.0267405 0.6352252 -0.0244283 0.7714773
18.106340 5.7641253 -0.3747998 5.2743235 0.0235824 0.6325799 -0.0250719 0.7737299
18.417190 5.9697642 -0.3899850 5.3194118 0.0250500 0.6300893 -0.0305007 0.7755190
18.727490 6.1672935 -0.4054900 5.3641300 0.0270315 0.6280738 -0.0337627 0.7769509
18.934680 6.2958493 -0.4164247 5.3924375 0.0249300 0.6275781 -0.0318813 0.7775010
19.245500 6.4810925 -0.4316243 5.4331794 0.0241127 0.6288821 -0.0317420 0.7764782
19.557750 6.6573014 -0.4460296 5.4698129 0.0282794 0.6312454 -0.0330500 0.7743624
19.763960 6.7705946 -0.4552818 5.4927192 0.0260932 0.6331007 -0.0321034 0.7729630
19.969850 6.8815365 -0.4649706 5.5142918 0.0256775 0.6347535 -0.0292866 0.7717324
20.177180 6.9872370 -0.4730311 5.5340614 0.0300862 0.6365324 -0.0279181 0.7701570
20.487640 7.1464543 -0.4859395 5.5637035 0.0314826 0.6380262 -0.0284596 0.7688442
20.694250 7.2534852 -0.4935315 5.5829349 0.0344877 0.6371632 -0.0239808 0.7695834
21.004610 7.4156070 -0.5067834 5.6154008 0.0340736 0.6328756 -0.0241392 0.7731266
21.213570 7.5254240 -0.5144789 5.6396194 0.0339220 0.6272455 -0.0239324 0.7777144
21.524290 7.6945162 -0.5278156 5.6823521 0.0316062 0.6164468 -0.0241322 0.7863917
21.730330 7.8096309 -0.5360343 5.7155786 0.0309530 0.6085130 -0.0286376 0.7924227
21.936170 7.9279571 -0.5449797 5.7517080 0.0310529 0.5996960 -0.0316806 0.7989973
22.141920 8.0498667 -0.5550113 5.7917609 0.0302299 0.5911764 -0.0329973 0.8052998
22.348790 8.1757584 -0.5640247 5.8357387 0.0274941 0.5823626 -0.0328052 0.8118016
22.555690 8.3052025 -0.5739743 5.8832808 0.0251822 0.5733424 -0.0273087 0.8184733
22.762490 8.4389734 -0.5820380 5.9352245 0.0255117 0.5648403 -0.0239249 0.8244587
22.969530 8.5772438 -0.5898114 5.9899430 0.0264656 0.5582725 -0.0141989 0.8291138
23.176610 8.7176867 -0.5988611 6.0484848 0.0280314 0.5518777 -0.0106082 0.8333862
23.384670 8.8564930 -0.6060166 6.1092873 0.0362243 0.5451460 -0.0117471 0.8374757
23.694540 9.0617228 -0.6223379 6.2054825 0.0326792 0.5386129 -0.0184474 0.8417172
23.903510 9.1947508 -0.6333154 6.2694254 0.0345097 0.5347077 -0.0217151 0.8440529
24.108220 9.3240995 -0.6445774 6.3329840 0.0334591 0.5311607 -0.0234002 0.8462867
24.422100 9.5133429 -0.6609912 6.4272881 0.0304203 0.5258572 -0.0213425 0.8497608
24.728750 9.6921539 -0.6754295 6.5198131 0.0315057 0.5219079 -0.0209565 0.8521622
25.039090 9.8630505 -0.6897956 6.6085858 0.0317033 0.5193569 -0.0198760 0.8537378
25.349360 10.0254831 -0.7041851 6.6941524 0.0343491 0.5152503 -0.0189430 0.8561416
25.659630 10.1790466 -0.7174687 6.7762747 0.0357686 0.5105107 -0.0162889 0.8589727
25.970230 10.3265476 -0.7303652 6.8582201 0.0371089 0.5051081 -0.0154705 0.8621191
26.280040 10.4703455 -0.7436997 6.9438663 0.0406051 0.4979591 -0.0193369 0.8660335
26.590190 10.6106319 -0.7585269 7.0333157 0.0431005 0.4884022 -0.0284386 0.8710895
26.900360 10.7542906 -0.7729032 7.1283469 0.0337318 0.4793651 -0.0322444 0.8763741
27.210600 10.9024887 -0.7873429 7.2327495 0.0268840 0.4696517 -0.0360076 0.8817074
27.520750 11.0570726 -0.8019706 7.3438506 0.0275026 0.4592839 -0.0410229 0.8869154
27.831080 11.2200699 -0.8165812 7.4672575 0.0237302 0.4481916 -0.0435928 0.8925586
28.141050 11.3865252 -0.8317029 7.6015601 0.0214112 0.4355274 -0.0448386 0.8988031
28.451340 11.5617819 -0.8456215 7.7476678 0.0205800 0.4238912 -0.0456782 0.9043264
28.761830 11.7417269 -0.8621871 7.9010000 0.0221586 0.4177828 -0.0402235 0.9073856
28.970690 11.8660555 -0.8716576 8.0070057 0.0232985 0.4137068 -0.0332886 0.9095030
29.176740 11.9912472 -0.8813569 8.1177454 0.0229763 0.4100109 -0.0296580 0.9113087
29.384830 12.1152258 -0.8912798 8.2313824 0.0230758 0.4059379 -0.0332407 0.9130043
29.589380 12.2400055 -0.9007867 8.3484392 0.0195986 0.4022935 -0.0351121 0.9146273
29.796330 12.3664389 -0.9094245 8.4680147 0.0131700 0.3980107 -0.0332723 0.9166826
30.003170 12.4929018 -0.9176134 8.5886774 0.0137855 0.3924706 -0.0289956 0.9192040
30.313330 12.6803970 -0.9297396 8.7732220 0.0260614 0.3825706 -0.0233257 0.9232640
30.520070 12.8056793 -0.9398953 8.9010057 0.0245935 0.3750156 -0.0186286 0.9265050
30.726980 12.9290838 -0.9498324 9.0305777 0.0288448 0.3683552 -0.0164347 0.9290922
30.933840 13.0509481 -0.9597148 9.1638203 0.0294653 0.3637807 -0.0156259 0.9308873
31.142770 13.1739998 -0.9705796 9.2974854 0.0272857 0.3612057 -0.0109478 0.9320226
31.347740 13.2964087 -0.9792251 9.4329815 0.0262294 0.3606527 -0.0086162 0.9322915
31.555590 13.4178905 -0.9889091 9.5681820 0.0258263 0.3611526 -0.0102043 0.9320931
31.763200 13.5389347 -0.9978243 9.7033930 0.0260011 0.3632640 -0.0141838 0.9312153
31.970850 13.6608429 -1.0076673 9.8371878 0.0242233 0.3660774 -0.0172098 0.9301099
32.176640 13.7835350 -1.0170882 9.9695377 0.0214695 0.3693354 -0.0170670 0.9288914
32.382560 13.9058456 -1.0267556 10.0991917 0.0235510 0.3731472 -0.0164152 0.9273279
32.589890 14.0273085 -1.0360805 10.2273474 0.0292482 0.3775250 -0.0233072 0.9252439
32.796560 14.1516113 -1.0470691 10.3543215 0.0238590 0.3822041 -0.0236210 0.9234678
33.003430 14.2741423 -1.0573548 10.4783897 0.0213954 0.3868262 -0.0233587 0.9216084
33.211600 14.3989782 -1.0669055 10.5998917 0.0231901 0.3907664 -0.0213461 0.9199501
33.417090 14.5241861 -1.0765826 10.7196388 0.0268914 0.3954976 -0.0199738 0.9178559
33.623980 14.6509047 -1.0872334 10.8396635 0.0260905 0.4005590 -0.0215599 0.9156457
33.830820 14.7788944 -1.0972131 10.9560537 0.0261466 0.4068395 -0.0224254 0.9128500
34.037880 14.9073277 -1.1081308 11.0721931 0.0293672 0.4142828 -0.0280202 0.9092426
34.244700 15.0407619 -1.1193292 11.1867399 0.0266242 0.4221067 -0.0276293 0.9057338
34.451590 15.1791773 -1.1304848 11.3020334 0.0179677 0.4303211 -0.0266885 0.9021024
34.659100 15.3185444 -1.1386648 11.4141226 0.0171859 0.4390163 -0.0286093 0.8978590
34.866170 15.4611034 -1.1480442 11.5218668 0.0255147 0.4465214 -0.0293213 0.8939283
35.074860 15.6079750 -1.1597563 11.6276693 0.0268818 0.4544628 -0.0267693 0.8899575
35.279490 15.7557039 -1.1717098 11.7314377 0.0253631 0.4622567 -0.0237127 0.8860661
35.486280 15.9020414 -1.1829127 11.8307638 0.0263709 0.4691908 -0.0226593 0.8824121
35.693160 16.0472679 -1.1939613 11.9262314 0.0244517 0.4745538 -0.0188305 0.8796853
35.900040 16.1901608 -1.2049847 12.0194674 0.0235295 0.4792068 -0.0198101 0.8771629
36.108200 16.3310928 -1.2145728 12.1092710 0.0283349 0.4825761 -0.0221684 0.8751149
36.313700 16.4698391 -1.2248124 12.1970482 0.0263335 0.4856872 -0.0220185 0.8734585
36.520460 16.6074638 -1.2347291 12.2807140 0.0235113 0.4882955 -0.0156985 0.8722203
36.727360 16.7420197 -1.2437805 12.3629265 0.0273664 0.4909099 -0.0138808 0.8706698
36.934690 16.8723469 -1.2539997 12.4418917 0.0330028 0.4925836 -0.0195368 0.8694196
37.141020 17.0024261 -1.2638121 12.5191488 0.0323121 0.4950043 -0.0169965 0.8681231
37.347880 17.1307659 -1.2742121 12.5979509 0.0187418 0.4984195 -0.0183744 0.8665386
37.554790 17.2552910 -1.2824748 12.6707878 0.0215231 0.5006107 -0.0194175 0.8651870
37.761670 17.3783970 -1.2898316 12.7410440 0.0224484 0.5030047 -0.0194273 0.8637736
37.968550 17.4990501 -1.2979383 12.8096132 0.0213815 0.5054447 -0.0191395 0.8623817
38.176120 17.6176872 -1.3052073 12.8759317 0.0235616 0.5087115 -0.0190467 0.8604038
38.382320 17.7337227 -1.3135233 12.9392509 0.0251132 0.5130826 -0.0202841 0.8577319
38.692720 17.9067745 -1.3259137 13.0291872 0.0300204 0.5211451 -0.0217577 0.8526624
38.899920 18.0241013 -1.3343033 13.0885687 0.0289005 0.5273004 -0.0250163 0.8488188
39.106870 18.1440792 -1.3437974 13.1470871 0.0278878 0.5332094 -0.0269387 0.8450943
39.313880 18.2662792 -1.3535609 13.2044830 0.0293029 0.5398754 -0.0305859 0.8406786
39.520900 18.3928699 -1.3635411 13.2609444 0.0304485 0.5463389 -0.0336492 0.8363340
39.727990 18.5223961 -1.3754371 13.3174334 0.0312410 0.5531631 -0.0357448 0.8317193
39.934800 18.6585140 -1.3866669 13.3716888 0.0332325 0.5595731 -0.0343887 0.8274001
40.141680 18.7981052 -1.3988544 13.4268494 0.0306242 0.5663768 -0.0329532 0.8229177
40.350540 18.9445362 -1.4100859 13.4806385 0.0290725 0.5719404 -0.0294852 0.8192494
40.556060 19.0957165 -1.4211292 13.5346622 0.0243987 0.5769408 -0.0257446 0.8160155
40.764080 19.2489910 -1.4318190 13.5863037 0.0309100 0.5809640 -0.0254426 0.8129441
40.969360 19.4039249 -1.4434218 13.6370773 0.0427330 0.5844868 -0.0280576 0.8097912
41.176820 19.5670643 -1.4576627 13.6884222 0.0426533 0.5884591 -0.0204304 0.8071426
41.486770 19.8146324 -1.4804466 13.7657223 0.0442323 0.5942271 -0.0247892 0.8026974
41.796670 20.0644550 -1.5030977 13.8411617 0.0381937 0.6009085 -0.0267339 0.7979571
42.106940 20.3245163 -1.5259895 13.9140100 0.0403051 0.6071571 -0.0285316 0.7930458
42.313830 20.5028934 -1.5422802 13.9612675 0.0418177 0.6105479 -0.0259744 0.7904479
42.623970 20.7706928 -1.5669546 14.0305367 0.0406597 0.6143067 -0.0250167 0.7876219
42.934150 21.0370846 -1.5901799 14.0988789 0.0384705 0.6172680 -0.0274147 0.7853335
43.244710 21.3076572 -1.6146719 14.1635294 0.0383477 0.6191818 -0.0276429 0.7838235
43.555160 21.5753593 -1.6385663 14.2277012 0.0365567 0.6210829 -0.0256475 0.7824717
43.865300 21.8427925 -1.6635077 14.2893829 0.0404314 0.6234342 -0.0289810 0.7802917
44.176790 22.1125584 -1.6872743 14.3496265 0.0346920 0.6273199 -0.0251221 0.7775828
44.382090 22.2910500 -1.7029037 14.3877993 0.0346494 0.6305186 -0.0259093 0.7749674
44.692960 22.5572720 -1.7250718 14.4408684 0.0345960 0.6353588 -0.0251445 0.7710319
45.003060 22.8237095 -1.7465643 14.4915857 0.0328907 0.6400006 -0.0273846 0.7671816
45.209900 22.9995613 -1.7608168 14.5237617 0.0304116 0.6429005 -0.0297507 0.7647672
45.416890 23.1752644 -1.7749134 14.5565481 0.0312563 0.6454971 -0.0355601 0.7622939
45.623680 23.3505421 -1.7903564 14.5862207 0.0298888 0.6480605 -0.0364552 0.7601285
45.830550 23.5254841 -1.8060347 14.6145239 0.0275406 0.6507062 -0.0338573 0.7580742
46.037440 23.6992931 -1.8202705 14.6409454 0.0278888 0.6534021 -0.0328545 0.7557833
46.244200 23.8749847 -1.8345990 14.6662455 0.0291815 0.6566254 -0.0351314 0.7528328
46.451100 24.0490112 -1.8483241 14.6881104 0.0286638 0.6603969 -0.0287970 0.7498167
46.657980 24.2206573 -1.8626382 14.7095642 0.0348990 0.6637803 -0.0321580 0.7464205
46.864950 24.3932285 -1.8779936 14.7295742 0.0407223 0.6678015 -0.0380311 0.7422510
47.175200 24.6505585 -1.9040227 14.7551994 0.0314397 0.6737138 -0.0352110 0.7374831
47.278520 24.7358074 -1.9128133 14.7624378 0.0300597 0.6757653 -0.0362493 0.7356111
47.588920 24.9907475 -1.9342778 14.7840223 0.0225203 0.6839169 -0.0368527 0.7282805
47.795800 25.1558533 -1.9491334 14.7930479 0.0266291 0.6886572 -0.0365591 0.7236750
48.105950 25.4079323 -1.9702923 14.8035898 0.0261966 0.6956345 -0.0354765 0.7170410
48.519480 25.7438393 -1.9966691 14.8096876 0.0304023 0.7024357 -0.0360999 0.7101807
48.932760 26.0772648 -2.0252492 14.8103952 0.0323443 0.7054980 -0.0296102 0.7073540
49.346620 26.4034004 -2.0535307 14.8116770 0.0375678 0.7056847 -0.0282847 0.7069638
49.656580 26.6400623 -2.0756719 14.8126230 0.0388293 0.7037176 -0.0260929 0.7089379
50.069330 26.9450111 -2.1027312 14.8192120 0.0347376 0.6993958 -0.0230995 0.7135161
50.379340 27.1619244 -2.1200409 14.8276110 0.0327953 0.6951268 -0.0261388 0.7176629
50.691000 27.3712196 -2.1376066 14.8371162 0.0284927 0.6912408 -0.0251295 0.7216251
51.103000 27.6269283 -2.1574087 14.8523083 0.0312018 0.6858478 -0.0277041 0.7265478
51.309660 27.7485676 -2.1671486 14.8611040 0.0295256 0.6834624 -0.0300655 0.7287684
51.622300 27.9204159 -2.1815357 14.8749905 0.0287101 0.6798547 -0.0313798 0.7321124
51.930130 28.0832996 -2.1952624 14.8905087 0.0276233 0.6765316 -0.0343314 0.7350941
52.136910 28.1864910 -2.2042534 14.9004030 0.0272157 0.6743787 -0.0347217 0.7370665
52.447130 28.3351173 -2.2168460 14.9157000 0.0284072 0.6712751 -0.0360748 0.7397847
52.654640 28.4293823 -2.2253063 14.9264259 0.0286462 0.6699265 -0.0375195 0.7409252
52.860930 28.5225449 -2.2332916 14.9368277 0.0292381 0.6689841 -0.0390190 0.7416757
53.067800 28.6153831 -2.2417519 14.9470625 0.0297719 0.6691210 -0.0392220 0.7415203
53.274690 28.7108135 -2.2501273 14.9578695 0.0283037 0.6700598 -0.0393109 0.7407249
53.481550 28.8079472 -2.2589316 14.9671040 0.0312410 0.6714881 -0.0390977 0.7393234
53.688500 28.9076958 -2.2683659 14.9756765 0.0374907 0.6728671 -0.0393441 0.7377644
53.895510 29.0124111 -2.2772372 14.9854040 0.0383780 0.6745197 -0.0408669 0.7361252
54.102390 29.1214886 -2.2883887 14.9927711 0.0403123 0.6758793 -0.0336756 0.7351381
54.412740 29.2926311 -2.3041244 15.0074854 0.0398187 0.6783329 -0.0369596 0.7327434
54.723200 29.4734478 -2.3209734 15.0186453 0.0427341 0.6798695 -0.0320142 0.7313866
55.033520 29.6618652 -2.3394661 15.0329323 0.0423240 0.6818475 -0.0364935 0.7293565
55.343740 29.8623009 -2.3588996 15.0462799 0.0405353 0.6837738 -0.0387078 0.7275383
55.653990 30.0685482 -2.3813508 15.0591068 0.0463508 0.6854375 -0.0412989 0.7254802
55.964160 30.2828732 -2.4050169 15.0701780 0.0478534 0.6866485 -0.0365880 0.7244896
56.274290 30.5034580 -2.4285452 15.0791512 0.0502339 0.6875803 -0.0339999 0.7235702
56.584420 30.7317390 -2.4526024 15.0912170 0.0505230 0.6875021 -0.0327854 0.7236805
56.894350 30.9677925 -2.4781089 15.1050911 0.0493220 0.6863847 -0.0313379 0.7248871
57.204360 31.2096214 -2.5037861 15.1187973 0.0493551 0.6843866 -0.0287830 0.7268773
57.514200 31.4581947 -2.5289030 15.1357746 0.0506531 0.6815057 -0.0262123 0.7295870
57.824090 31.7110310 -2.5547807 15.1548901 0.0517722 0.6782137 -0.0254807 0.7325958
58.133900 31.9676418 -2.5801237 15.1795559 0.0509526 0.6753248 -0.0288637 0.7351919
58.443830 32.2274399 -2.6084983 15.2045851 0.0488321 0.6732491 -0.0283916 0.7372550
58.753660 32.4943581 -2.6347964 15.2292547 0.0496514 0.6721187 -0.0273694 0.7382697
59.063680 32.7578354 -2.6619322 15.2546139 0.0464130 0.6716113 -0.0271251 0.7389508
59.373860 33.0188637 -2.6888313 15.2804537 0.0465677 0.6712343 -0.0286098 0.7392277
59.683780 33.2786484 -2.7156272 15.3073807 0.0459054 0.6711064 -0.0300579 0.7393277
59.993680 33.5345459 -2.7426803 15.3331814 0.0464177 0.6708567 -0.0305041 0.7395041
60.303580 33.7920570 -2.7681174 15.3593407 0.0471873 0.6696514 -0.0265604 0.7406989
60.613290 34.0469818 -2.7944915 15.3857307 0.0557996 0.6663007 -0.0255083 0.7431548
60.923310 34.3025055 -2.8243051 15.4147520 0.0587979 0.6624504 -0.0234697 0.7464257
61.233200 34.5576019 -2.8517110 15.4476967 0.0549901 0.6581633 -0.0218562 0.7505461
61.543140 34.8108139 -2.8786907 15.4844770 0.0522515 0.6522849 -0.0224587 0.7558371
62.059540 35.2253876 -2.9223924 15.5583000 0.0508734 0.6368427 -0.0267913 0.7688469
62.369430 35.4725151 -2.9487829 15.6126308 0.0495000 0.6259916 -0.0281473 0.7777480
62.782780 35.8041382 -2.9839606 15.6939354 0.0479965 0.6155903 -0.0299778 0.7860320
62.989540 35.9703941 -3.0015810 15.7371597 0.0472144 0.6118596 -0.0305547 0.7889646
63.196200 36.1377068 -3.0198193 15.7816448 0.0476246 0.6081532 -0.0303296 0.7918091
63.402810 36.3050346 -3.0381560 15.8287907 0.0468580 0.6046278 -0.0299260 0.7945653
63.712840 36.5557098 -3.0654001 15.9010677 0.0443808 0.5990171 -0.0280882 0.7990118
64.125870 36.8825798 -3.1011076 16.0036850 0.0445033 0.5915166 -0.0310581 0.8044644
64.435680 37.1235504 -3.1263835 16.0831642 0.0394190 0.5874592 -0.0311165 0.8076940
64.849050 37.4370613 -3.1591558 16.1895485 0.0398857 0.5856337 -0.0379748 0.8087028
65.055650 37.5928078 -3.1759493 16.2424870 0.0343593 0.5854999 -0.0372734 0.8090858
65.365480 37.8227043 -3.1981385 16.3201389 0.0335921 0.5859758 -0.0369337 0.8087891
65.675410 38.0518379 -3.2204185 16.3952675 0.0346663 0.5863903 -0.0330433 0.8086117
66.088540 38.3549881 -3.2504687 16.4953823 0.0395838 0.5868632 -0.0357881 0.8079257
66.398400 38.5900002 -3.2741103 16.5731716 0.0386145 0.5870889 -0.0349846 0.8078438
66.712060 38.8299866 -3.2981787 16.6529007 0.0407340 0.5868911 -0.0350477 0.8078807
67.018180 39.0769043 -3.3232119 16.7342281 0.0427979 0.5863270 -0.0314130 0.8083330
67.431360 39.4132347 -3.3584056 16.8434277 0.0477668 0.5843887 -0.0246847 0.8096905
67.741230 39.6622124 -3.3831892 16.9274769 0.0410199 0.5838573 -0.0221575 0.8105165
68.051170 39.9073143 -3.4074166 17.0094833 0.0443600 0.5829885 -0.0230688 0.8109404
68.361010 40.1497536 -3.4308984 17.0916252 0.0431870 0.5823531 -0.0203509 0.8115329
68.670920 40.3855095 -3.4536886 17.1720352 0.0425131 0.5827262 -0.0201316 0.8113061
68.981020 40.6148567 -3.4756584 17.2492294 0.0410225 0.5840328 -0.0180446 0.8104919
69.290960 40.8323784 -3.4970016 17.3222923 0.0457145 0.5855353 -0.0216238 0.8090680
69.600870 41.0472031 -3.5187848 17.3933849 0.0455961 0.5871825 -0.0226217 0.8078527
69.910950 41.2591743 -3.5391386 17.4618073 0.0446240 0.5883336 -0.0198774 0.8071413
70.221570 41.4673080 -3.5589805 17.5288773 0.0467801 0.5885511 -0.0202188 0.8068522
70.530930 41.6750908 -3.5792837 17.5957813 0.0486240 0.5884948 -0.0211419 0.8067605
70.841960 41.8838959 -3.5999594 17.6634598 0.0479991 0.5881056 -0.0199678 0.8071116
71.151220 42.0911522 -3.6211185 17.7322254 0.0463193 0.5863087 -0.0180308 0.8085614
71.462150 42.2884331 -3.6409230 17.7985725 0.0462516 0.5837522 -0.0199447 0.8103680
71.771950 42.4800682 -3.6610575 17.8655968 0.0439438 0.5820696 -0.0200906 0.8117021
72.084410 42.6611824 -3.6789117 17.9287796 0.0436136 0.5807126 -0.0201523 0.8126897
72.394080 42.8318596 -3.6957617 17.9883995 0.0441846 0.5791947 -0.0193361 0.8137612
72.701420 42.9943314 -3.7117643 18.0459805 0.0438824 0.5777688 -0.0202149 0.8147693
73.011570 43.1479568 -3.7272546 18.1013374 0.0423099 0.5768239 -0.0206514 0.8155106
73.425090 43.3382759 -3.7456584 18.1702366 0.0434983 0.5756446 -0.0217382 0.8162529
73.735300 43.4689598 -3.7584009 18.2181187 0.0460021 0.5746025 -0.0235262 0.8168001
74.045380 43.5902596 -3.7718639 18.2629814 0.0444313 0.5753238 -0.0228534 0.8163983
74.355660 43.7015724 -3.7828794 18.3029613 0.0436222 0.5769553 -0.0224096 0.8153021
74.665890 43.8036919 -3.7930033 18.3390675 0.0429739 0.5782951 -0.0215984 0.8144087
74.976100 43.8964844 -3.8027139 18.3714714 0.0418630 0.5795626 -0.0218272 0.8135590
75.286270 43.9803543 -3.8110101 18.4013233 0.0422325 0.5810499 -0.0218774 0.8124769
75.596260 44.0600281 -3.8183553 18.4288960 0.0430114 0.5816718 -0.0220535 0.8119862
75.906260 44.1359558 -3.8261123 18.4560318 0.0415169 0.5806112 -0.0228431 0.8128008
76.216170 44.2115021 -3.8325584 18.4840832 0.0413695 0.5770140 -0.0235621 0.8153455
76.526720 44.2876244 -3.8401794 18.5147800 0.0414667 0.5672505 -0.0245009 0.8221357
76.835380 44.3656425 -3.8481758 18.5493088 0.0415986 0.5509375 -0.0257412 0.8331115
77.144940 44.4451675 -3.8560061 18.5908813 0.0417269 0.5265959 -0.0294737 0.8485793
77.557920 44.5447998 -3.8674366 18.6533585 0.0426958 0.4910695 -0.0359974 0.8693285
77.868560 44.6143799 -3.8752103 18.6986084 0.0415818 0.4906241 -0.0413093 0.8693978
78.283030 44.7030869 -3.8863878 18.7445049 0.0446952 0.5184630 -0.0374532 0.8531095
78.697630 44.7966576 -3.8968070 18.7817631 0.0449749 0.5571011 -0.0356726 0.8284582
79.114220 44.8942451 -3.9096546 18.8095016 0.0475348 0.5848622 -0.0306517 0.8091583
79.524510 44.9889488 -3.9200783 18.8364639 0.0462845 0.5970585 -0.0274948 0.8003892
79.940110 45.0704308 -3.9288621 18.8626842 0.0465833 0.5838513 -0.0259481 0.8101076
80.350710 45.1340446 -3.9362526 18.8937740 0.0416657 0.5594410 -0.0317314 0.8272139
80.763430 45.1808357 -3.9422364 18.9166813 0.0502215 0.5309408 -0.0281160 0.8454520
81.174860 45.2168846 -3.9463696 18.9440727 0.0433415 0.5056627 -0.0333326 0.8609969
81.588120 45.2462387 -3.9490869 18.9661770 0.0423996 0.4839576 -0.0321374 0.8734726
82.001790 45.2634277 -3.9524593 18.9856777 0.0384135 0.4678462 -0.0438965 0.8818829
82.415420 45.2803612 -3.9539835 18.9977837 0.0377597 0.4572555 -0.0372767 0.8877511
