4.252293 0.0000000 0.0000000 0.0000000 0.0000000 0.0000000 0.0000000 1.0000000
4.355974 0.0003880 -0.0002085 0.0351322 -0.0003074 0.0073555 0.0012207 0.9999722
4.459609 0.0015699 -0.0005542 0.0702142 -0.0008823 0.0139162 0.0014224 0.9999018
4.563217 0.0029917 -0.0006654 0.1055223 -0.0006934 0.0200201 0.0012995 0.9997985
4.666947 0.0047872 -0.0010952 0.1412302 0.0006508 0.0256922 0.0014564 0.9996687
4.770559 0.0070139 -0.0013723 0.1771366 0.0023844 0.0307394 0.0017353 0.9995231
4.874319 0.0097190 -0.0015695 0.2143608 0.0037252 0.0355105 0.0022901 0.9993597
4.977967 0.0126723 -0.0019478 0.2520090 0.0042472 0.0392778 0.0022316 0.9992168
5.081656 0.0158830 -0.0023727 0.2901787 0.0046086 0.0421039 0.0020360 0.9991005
5.185269 0.0192543 -0.0027441 0.3291855 0.0054984 0.0447180 0.0026762 0.9989809
5.288943 0.0231214 -0.0032692 0.3686178 0.0063127 0.0468825 0.0019613 0.9988785
5.496314 0.0307235 -0.0043480 0.4492942 0.0063690 0.0505188 0.0021303 0.9987006
5.703641 0.0391584 -0.0054861 0.5328536 0.0048211 0.0529105 0.0025384 0.9985844
5.910955 0.0485900 -0.0064213 0.6194902 0.0050920 0.0545301 0.0037780 0.9984920
6.118447 0.0583839 -0.0075917 0.7081668 0.0058056 0.0549373 0.0045702 0.9984624
6.325669 0.0683918 -0.0089068 0.7990546 0.0066324 0.0539325 0.0050619 0.9985097
6.533021 0.0783407 -0.0104346 0.8924443 0.0064324 0.0526738 0.0050262 0.9985784
6.740399 0.0883157 -0.0117891 0.9884520 0.0071095 0.0516842 0.0053680 0.9986237
6.947755 0.0981479 -0.0129029 1.0869240 0.0062891 0.0508527 0.0057074 0.9986700
7.155209 0.1082303 -0.0144289 1.1871934 0.0058250 0.0502891 0.0075183 0.9986894
7.362568 0.1186997 -0.0164141 1.2880675 0.0063562 0.0493335 0.0076742 0.9987326
7.673572 0.1337494 -0.0188996 1.4451730 0.0060144 0.0491568 0.0090168 0.9987323
7.881024 0.1451719 -0.0199777 1.5524943 0.0066871 0.0489301 0.0095445 0.9987342
8.192118 0.1608134 -0.0233520 1.7146646 0.0074952 0.0504955 0.0085207 0.9986598
8.503235 0.1755963 -0.0258363 1.8804417 0.0066820 0.0522828 0.0063500 0.9985898
8.814436 0.1936505 -0.0296157 2.0514588 0.0078880 0.0566997 0.0062564 0.9983405
9.021867 0.2073152 -0.0323873 2.1665077 0.0069668 0.0612841 0.0046156 0.9980854
9.229148 0.2214949 -0.0346206 2.2827597 0.0084128 0.0662058 0.0040187 0.9977624
9.436507 0.2378482 -0.0375059 2.3992984 0.0094562 0.0707472 0.0031118 0.9974446
9.643856 0.2542827 -0.0405434 2.5175834 0.0091339 0.0766407 0.0012089 0.9970162
9.747566 0.2633433 -0.0418168 2.5774832 0.0088976 0.0797420 0.0009338 0.9967754
9.954854 0.2829974 -0.0444942 2.6966441 0.0097116 0.0853278 0.0015009 0.9963045
10.162270 0.3034387 -0.0473082 2.8161621 0.0102474 0.0915563 0.0012969 0.9957463
10.369540 0.3256780 -0.0503970 2.9361799 0.0106563 0.0970461 0.0002090 0.9952228
10.577010 0.3478365 -0.0527299 3.0569024 0.0109819 0.1026898 -0.0000390 0.9946528
10.680800 0.3613873 -0.0547122 3.1174662 0.0107271 0.1043388 0.0015442 0.9944828
10.888380 0.3873126 -0.0576659 3.2387977 0.0115645 0.1077109 0.0019320 0.9941131
10.992100 0.4013452 -0.0597397 3.3001244 0.0112595 0.1093106 0.0013744 0.9939429
11.199650 0.4284526 -0.0637673 3.4221265 0.0119256 0.1135077 0.0004684 0.9934654
11.303360 0.4426766 -0.0659837 3.4836597 0.0116157 0.1157935 -0.0000798 0.9932054
11.407080 0.4571564 -0.0680602 3.5452285 0.0118112 0.1181030 0.0002372 0.9929311
11.510570 0.4723213 -0.0702026 3.6075697 0.0120902 0.1203747 0.0002299 0.9926549
11.718020 0.5025970 -0.0737641 3.7313631 0.0118669 0.1249146 -0.0000704 0.9920965
11.925060 0.5344253 -0.0780583 3.8556361 0.0120219 0.1292207 0.0007448 0.9915427
12.028650 0.5511234 -0.0798989 3.9182854 0.0127408 0.1310371 0.0009341 0.9912952
12.235950 0.5852510 -0.0843970 4.0441027 0.0140221 0.1347239 0.0011706 0.9907833
12.339620 0.6027684 -0.0867961 4.1065989 0.0143653 0.1363598 0.0010207 0.9905547
12.546850 0.6381298 -0.0915370 4.2332053 0.0142444 0.1404233 0.0007409 0.9899888
12.754210 0.6750426 -0.0961444 4.3589411 0.0145010 0.1438909 0.0030486 0.9894826
12.961450 0.7131985 -0.1011484 4.4852195 0.0138982 0.1466790 0.0035183 0.9890803
13.168790 0.7520691 -0.1060728 4.6121483 0.0154479 0.1494941 0.0027963 0.9886380
13.376170 0.7912683 -0.1111033 4.7394257 0.0168540 0.1530251 0.0015414 0.9880773
13.583380 0.8306860 -0.1162092 4.8667712 0.0175870 0.1569688 0.0010068 0.9874464
13.790730 0.8732875 -0.1221043 4.9949255 0.0166679 0.1606238 0.0009102 0.9868745
13.998450 0.9152970 -0.1270375 5.1220512 0.0168115 0.1648028 0.0003651 0.9861832
14.205920 0.9593800 -0.1328580 5.2486849 0.0175262 0.1683319 0.0000069 0.9855745
14.412870 1.0047495 -0.1384944 5.3762445 0.0175078 0.1710302 0.0009120 0.9851098
14.620330 1.0507543 -0.1440672 5.5034208 0.0174191 0.1736575 0.0026256 0.9846485
14.827390 1.0963866 -0.1495088 5.6296763 0.0180595 0.1765571 0.0020101 0.9841226
15.138550 1.1655087 -0.1581845 5.8210297 0.0198193 0.1811698 0.0008009 0.9832518
15.345730 1.2151315 -0.1661198 5.9493294 0.0196317 0.1840762 0.0019732 0.9827139
15.553070 1.2628570 -0.1721652 6.0773396 0.0190765 0.1874503 0.0021391 0.9820865
15.760420 1.3130767 -0.1785713 6.2047095 0.0192461 0.1909630 0.0007335 0.9814082
15.967780 1.3642497 -0.1849294 6.3309689 0.0191790 0.1946638 0.0000801 0.9806825
16.175170 1.4169068 -0.1911291 6.4576597 0.0190778 0.1986016 -0.0003563 0.9798945
16.382370 1.4697170 -0.1980054 6.5842156 0.0195566 0.2028355 -0.0005855 0.9790173
16.589730 1.5244410 -0.2039693 6.7106376 0.0200004 0.2068165 -0.0004828 0.9781752
16.796960 1.5797455 -0.2112570 6.8365002 0.0201951 0.2109214 -0.0008477 0.9772940
17.004320 1.6352301 -0.2169044 6.9627852 0.0210959 0.2149460 -0.0002256 0.9763981
17.212260 1.6929638 -0.2240586 7.0883169 0.0221926 0.2183013 0.0017739 0.9756274
17.522740 1.7829903 -0.2345601 7.2779541 0.0245906 0.2229609 0.0038030 0.9745098
17.730020 1.8438196 -0.2414967 7.4037642 0.0251299 0.2265186 0.0031021 0.9736777
17.937820 1.9062968 -0.2489181 7.5310087 0.0260673 0.2302089 0.0030902 0.9727871
18.144610 1.9698836 -0.2562946 7.6579342 0.0265049 0.2330699 0.0030857 0.9720938
18.351820 2.0340538 -0.2640155 7.7849784 0.0261414 0.2354648 0.0042314 0.9715220
18.559140 2.1010208 -0.2720193 7.9132700 0.0255617 0.2376158 0.0042944 0.9710133
18.766280 2.1662142 -0.2791899 8.0406675 0.0253353 0.2405376 0.0050608 0.9702959
18.973530 2.2313137 -0.2869598 8.1685305 0.0272229 0.2434072 0.0044740 0.9695318
19.180870 2.3043270 -0.2961826 8.3002148 0.0264861 0.2469229 0.0036013 0.9686664
19.388220 2.3734200 -0.3034951 8.4308949 0.0248312 0.2530258 0.0015131 0.9671396
19.595460 2.4494247 -0.3104595 8.5630608 0.0256501 0.2572794 0.0027053 0.9659928
19.802840 2.5229859 -0.3189692 8.6945763 0.0256055 0.2623240 0.0030224 0.9646354
19.906420 2.5609212 -0.3231768 8.7594681 0.0246938 0.2647496 0.0032686 0.9639955
20.010030 2.6006539 -0.3268309 8.8249903 0.0241914 0.2666723 0.0026487 0.9634800
20.113650 2.6389480 -0.3311635 8.8898869 0.0241162 0.2689700 0.0024931 0.9628434
20.320880 2.7188566 -0.3400325 9.0224113 0.0235898 0.2739708 0.0034100 0.9614426
20.424500 2.7602293 -0.3439997 9.0890331 0.0232122 0.2764180 0.0035335 0.9607506
20.528120 2.8019538 -0.3479122 9.1563816 0.0231290 0.2785215 0.0029674 0.9601468
20.631730 2.8451667 -0.3523020 9.2241278 0.0225952 0.2803174 0.0032568 0.9596359
20.735350 2.8885009 -0.3567122 9.2916956 0.0219394 0.2818186 0.0036101 0.9592100
20.838960 2.9329088 -0.3607160 9.3603783 0.0221014 0.2832389 0.0024181 0.9587916
20.942580 2.9772215 -0.3649797 9.4295311 0.0222822 0.2850316 0.0005193 0.9582589
21.046320 3.0220628 -0.3693542 9.4982414 0.0225643 0.2866231 -0.0010988 0.9577770
21.149940 3.0675812 -0.3738556 9.5665178 0.0214103 0.2878717 -0.0013110 0.9574288
21.253550 3.1123776 -0.3780457 9.6336842 0.0209110 0.2893023 -0.0002795 0.9570093
21.357170 3.1564336 -0.3820176 9.7006264 0.0213188 0.2911479 -0.0007331 0.9564402
21.460820 3.2003956 -0.3857582 9.7672968 0.0212199 0.2931045 -0.0017861 0.9558432
21.564620 3.2442977 -0.3899338 9.8329897 0.0194286 0.2950227 -0.0022366 0.9552901
21.668140 3.2884367 -0.3939006 9.8991146 0.0182834 0.2971545 -0.0029613 0.9546497
21.875360 3.3778722 -0.4015920 10.0294437 0.0182349 0.3005572 -0.0031984 0.9535841
22.082650 3.4676018 -0.4092489 10.1601725 0.0176506 0.3039941 -0.0030483 0.9525055
22.186210 3.5152385 -0.4123903 10.2229395 0.0175868 0.3051451 -0.0045220 0.9521328
22.393570 3.6031494 -0.4208011 10.3500042 0.0208535 0.3094049 -0.0148214 0.9505861
22.600850 3.6925969 -0.4305051 10.4741745 0.0240266 0.3114213 -0.0062939 0.9499473
22.808100 3.7836654 -0.4375528 10.5992193 0.0138710 0.3146220 -0.0064713 0.9490936
22.911770 3.8290584 -0.4406022 10.6614075 0.0112369 0.3166717 -0.0088005 0.9484278
23.119010 3.9219964 -0.4470915 10.7853489 0.0130973 0.3199618 -0.0066647 0.9473165
23.326370 4.0174847 -0.4540958 10.9105015 0.0174945 0.3231356 -0.0052549 0.9461764
23.533710 4.1128473 -0.4612394 11.0339699 0.0171052 0.3267392 -0.0046612 0.9449483
23.741080 4.2093668 -0.4684327 11.1566553 0.0163655 0.3296798 -0.0039351 0.9439428
23.948430 4.3055124 -0.4747463 11.2774286 0.0164895 0.3314918 -0.0034339 0.9433078
24.155650 4.3983088 -0.4802188 11.3925858 0.0148904 0.3331442 -0.0017635 0.9427567
24.363000 4.4702396 -0.4842163 11.4756336 0.0147718 0.3362049 -0.0018034 0.9416713
24.570240 4.5050278 -0.4866778 11.5187645 0.0161081 0.3415868 -0.0065956 0.9396890
24.777590 4.5074615 -0.4861709 11.5280418 0.0162747 0.3503882 -0.0112415 0.9363957
25.088320 4.5098667 -0.4861140 11.5396824 0.0164121 0.3644859 -0.0149885 0.9309436
25.295560 4.5127411 -0.4863733 11.5477867 0.0136832 0.3714450 -0.0102040 0.9282981
25.502780 4.5152750 -0.4869652 11.5530033 0.0113398 0.3734437 -0.0099673 0.9275300
25.710010 4.5177140 -0.4870671 11.5560579 0.0121683 0.3726663 -0.0167877 0.9277338
26.020850 4.5188990 -0.4871858 11.5565462 0.0127554 0.3662098 -0.0155419 0.9303151
26.331730 4.5209770 -0.4873257 11.5588722 0.0103310 0.3640870 -0.0246092 0.9309825
26.539060 4.5224466 -0.4874561 11.5604877 0.0094696 0.3635623 -0.0295619 0.9310526
26.746310 4.5237846 -0.4875159 11.5617275 0.0085822 0.3618823 -0.0262560 0.9318144
26.953530 4.5251765 -0.4875852 11.5630894 0.0080419 0.3603937 -0.0277596 0.9323524
27.160890 4.5266199 -0.4877068 11.5647259 0.0091099 0.3591990 -0.0294691 0.9327511
27.471850 4.5287724 -0.4878536 11.5669336 0.0086017 0.3569568 -0.0273590 0.9336805
27.782840 4.5304699 -0.4880064 11.5690842 0.0073428 0.3562912 -0.0273078 0.9339470
28.093790 4.5324497 -0.4881613 11.5713615 0.0081594 0.3555594 -0.0276287 0.9342096
28.404640 4.5345197 -0.4883660 11.5736856 0.0065346 0.3555981 -0.0280613 0.9341948
28.715630 4.5363417 -0.4885073 11.5758781 0.0061886 0.3565512 -0.0280374 0.9338345
29.026460 4.5382566 -0.4886321 11.5780745 0.0051152 0.3571872 -0.0289133 0.9335712
29.337430 4.5402145 -0.4887678 11.5802898 0.0055170 0.3572731 -0.0286265 0.9335449
29.648260 4.5421801 -0.4889128 11.5825253 0.0054336 0.3574838 -0.0291093 0.9334497
29.959120 4.5441394 -0.4890396 11.5847378 0.0045568 0.3570612 -0.0288923 0.9336229
30.269960 4.5461216 -0.4891663 11.5870008 0.0043029 0.3571773 -0.0282143 0.9336004
30.684470 4.5487647 -0.4893534 11.5900431 0.0027060 0.3578719 -0.0287986 0.9333225
31.099140 4.5513649 -0.4895275 11.5930185 0.0048461 0.3589301 -0.0299339 0.9328717
31.513850 4.5540199 -0.4897366 11.5959864 0.0033328 0.3595058 -0.0283610 0.9327058
31.928570 4.5566959 -0.4899145 11.5989389 0.0025133 0.3598842 -0.0272715 0.9325950
32.343330 4.5594625 -0.4900637 11.6019621 0.0017352 0.3595677 -0.0272434 0.9327196
32.758130 4.5621214 -0.4902257 11.6047249 0.0024896 0.3583498 -0.0268050 0.9331992
33.172920 4.5647669 -0.4903745 11.6078701 0.0019859 0.3576520 -0.0268555 0.9334666
33.587620 4.5674944 -0.4905298 11.6109104 0.0012103 0.3568606 -0.0280601 0.9337353
33.898640 4.5694838 -0.4906449 11.6132240 0.0014959 0.3574320 -0.0287116 0.9334965
34.313530 4.5721140 -0.4907774 11.6162367 0.0016435 0.3583990 -0.0291553 0.9331117
34.728060 4.5747600 -0.4909340 11.6192579 0.0015987 0.3588656 -0.0278464 0.9329724
35.142780 4.5774117 -0.4910742 11.6222935 0.0016865 0.3594722 -0.0281839 0.9327286
35.557430 4.5799446 -0.4912021 11.6252842 0.0016172 0.3598954 -0.0289829 0.9325410
35.972070 4.5824466 -0.4913442 11.6281834 0.0013630 0.3600136 -0.0286952 0.9325047
36.386840 4.5850301 -0.4915020 11.6311188 0.0012252 0.3593276 -0.0274415 0.9328071
36.801500 4.5876164 -0.4916320 11.6341038 0.0014922 0.3598162 -0.0279611 0.9326029
37.216330 4.5901942 -0.4917574 11.6370544 0.0015485 0.3608611 -0.0290557 0.9321656
37.734660 4.5935287 -0.4919424 11.6408195 0.0010949 0.3632360 -0.0291299 0.9312410
38.149250 4.5961590 -0.4920627 11.6438494 0.0016860 0.3653934 -0.0291660 0.9303946
38.667310 4.5996780 -0.4922436 11.6476841 0.0027095 0.3657634 -0.0272895 0.9303038
39.185650 4.6029024 -0.4923823 11.6515331 0.0016097 0.3665723 -0.0273573 0.9299859
39.703850 4.6064858 -0.4925785 11.6551361 0.0032159 0.3656246 -0.0272137 0.9303589
40.118690 4.6091843 -0.4927775 11.6580153 0.0026077 0.3649446 -0.0284321 0.9305913
40.637020 4.6126070 -0.4929892 11.6616230 0.0033565 0.3650834 -0.0275304 0.9305616
41.155220 4.6160088 -0.4931238 11.6649942 0.0032267 0.3655595 -0.0276824 0.9303706
41.673550 4.6193914 -0.4933851 11.6686945 0.0058431 0.3661763 -0.0268114 0.9301408
42.192000 4.6229572 -0.4936213 11.6720505 0.0045892 0.3650785 -0.0269933 0.9305740
42.710200 4.6257286 -0.4937762 11.6751823 0.0041487 0.3657148 -0.0274770 0.9303120
43.124790 4.6276612 -0.4938436 11.6777592 0.0048507 0.3701174 -0.0293849 0.9285075
43.539250 4.6297383 -0.4939773 11.6796818 0.0044276 0.3709885 -0.0283480 0.9281942
44.471930 4.6318388 -0.4941308 11.6818895 0.0057854 0.3691255 -0.0286803 0.9289189
44.886500 4.6327114 -0.4941929 11.6827526 0.0053268 0.3655179 -0.0276305 0.9303789
45.300980 4.6335983 -0.4942450 11.6837015 0.0044703 0.3630451 -0.0287557 0.9313170
45.715670 4.6345968 -0.4943332 11.6847534 0.0029817 0.3625183 -0.0278046 0.9315571
46.130280 4.6355057 -0.4943927 11.6857862 0.0026385 0.3629224 -0.0298138 0.9313385
46.441130 4.6364002 -0.4944425 11.6865549 0.0032496 0.3614463 -0.0302360 0.9318969
46.855700 4.6373568 -0.4944966 11.6876106 0.0008999 0.3614452 -0.0281214 0.9319687
47.270160 4.6382070 -0.4945684 11.6886272 0.0016400 0.3591659 -0.0261244 0.9329066
47.581030 4.6389494 -0.4946005 11.6894159 0.0008164 0.3570896 -0.0248148 0.9337401
47.892090 4.6396275 -0.4946278 11.6901274 0.0000377 0.3548677 -0.0257464 0.9345620
48.306820 4.6406345 -0.4946840 11.6912012 0.0000105 0.3524511 -0.0253519 0.9354868
48.617800 4.6412063 -0.4947152 11.6919422 -0.0014064 0.3512119 -0.0250147 0.9359608
48.928780 4.6419373 -0.4947661 11.6927223 -0.0015732 0.3498923 -0.0257110 0.9364357
50.172010 4.6433983 -0.4948605 11.6943502 -0.0029627 0.3458596 -0.0243497 0.9379656
50.690230 4.6433554 -0.4948610 11.6941996 -0.0035604 0.3393575 -0.0238368 0.9403487
51.105070 4.6433129 -0.4948765 11.6940832 -0.0037970 0.3345002 -0.0220789 0.9421294
51.519760 4.6433563 -0.4948930 11.6940861 -0.0061093 0.3322952 -0.0216309 0.9429076
51.934500 4.6434288 -0.4948944 11.6942959 -0.0087197 0.3329247 -0.0228358 0.9426365
53.178480 4.6435232 -0.4949129 11.6949158 -0.0068255 0.3385116 -0.0180521 0.9407642
53.593090 4.6435318 -0.4949224 11.6951180 -0.0078577 0.3395949 -0.0173338 0.9403793
54.007650 4.6436510 -0.4949324 11.6953468 -0.0080515 0.3396066 -0.0189156 0.9403429
54.422370 4.6436629 -0.4949394 11.6955681 -0.0075955 0.3416204 -0.0160784 0.9396698
54.837080 4.6438026 -0.4949493 11.6958046 -0.0076751 0.3409027 -0.0131093 0.9399759
55.251540 4.6439228 -0.4949526 11.6960630 -0.0087934 0.3409700 -0.0199292 0.9398218
55.666250 4.6440644 -0.4949578 11.6963263 -0.0094739 0.3394624 -0.0165229 0.9404268
56.080860 4.6441789 -0.4949766 11.6965923 -0.0091722 0.3391145 -0.0144901 0.9405888
56.806030 4.6444550 -0.4950012 11.6969938 -0.0136032 0.3349081 -0.0182378 0.9419761
57.117000 4.6445808 -0.4950104 11.6971779 -0.0127997 0.3334414 -0.0135265 0.9425869
57.427720 4.6446791 -0.4950158 11.6973867 -0.0131896 0.3331755 -0.0133332 0.9426783
57.738590 4.6448221 -0.4950267 11.6975307 -0.0116702 0.3268788 -0.0097519 0.9449439
57.945800 4.6449127 -0.4950311 11.6976328 -0.0140971 0.3234380 -0.0103133 0.9460881
58.153180 4.6450043 -0.4950379 11.6977272 -0.0174642 0.3193465 -0.0085379 0.9474387
58.464000 4.6451416 -0.4950474 11.6978693 -0.0147513 0.3120776 -0.0085095 0.9499040
58.774970 4.6452804 -0.4950556 11.6980219 -0.0166470 0.3051657 -0.0073934 0.9521250
59.086070 4.6454215 -0.4950632 11.6981840 -0.0167006 0.2977757 -0.0061405 0.9544700
59.397170 4.6455631 -0.4950661 11.6983557 -0.0170209 0.2901656 -0.0055445 0.9568090
59.604650 4.6456566 -0.4950677 11.6984692 -0.0156116 0.2844043 -0.0048866 0.9585649
59.915740 4.6457939 -0.4950683 11.6986504 -0.0140481 0.2761568 -0.0031219 0.9610049
60.123100 4.6458874 -0.4950721 11.6987772 -0.0148726 0.2704440 -0.0012882 0.9626200
60.330460 4.6459780 -0.4950702 11.6989079 -0.0155811 0.2649609 -0.0010163 0.9641327
60.537830 4.6460676 -0.4950703 11.6990404 -0.0160502 0.2597593 -0.0009795 0.9655395
60.745170 4.6461568 -0.4950680 11.6991787 -0.0166489 0.2542854 0.0004490 0.9669858
60.952400 4.6462450 -0.4950650 11.6993189 -0.0167624 0.2485917 0.0016898 0.9684619
61.159760 4.6463313 -0.4950617 11.6994629 -0.0151219 0.2425677 0.0033346 0.9700109
61.366980 4.6464138 -0.4950584 11.6996088 -0.0163334 0.2361472 0.0053961 0.9715650
61.574220 4.6464930 -0.4950536 11.6997509 -0.0152153 0.2289253 0.0078402 0.9732935
61.677850 4.6465316 -0.4950518 11.6998234 -0.0139498 0.2246014 0.0086903 0.9743121
61.885240 4.6466017 -0.4950482 11.6999645 -0.0150480 0.2177291 0.0117983 0.9758219
62.092420 4.6466765 -0.4950385 11.7001495 -0.0170336 0.2093617 0.0154720 0.9775675
62.196570 4.6467123 -0.4950378 11.7002459 -0.0173405 0.2049838 0.0159811 0.9784812
