0.000000 0.0000000 0.0000000 0.0000000 0.0000000 0.0000000 0.0000000 1.0000000
0.104128 -0.0001280 -0.0008452 0.0499820 -0.0008671 -0.0001506 0.0003272 0.9999996
0.208254 -0.0002130 -0.0015864 0.0998195 -0.0008911 -0.0003889 0.0008916 0.9999991
0.312504 -0.0003834 -0.0023221 0.1495791 -0.0003908 -0.0004368 0.0016671 0.9999985
0.416625 -0.0005930 -0.0031242 0.1991286 -0.0004680 -0.0003967 0.0019247 0.9999980
0.520755 -0.0005173 -0.0039576 0.2496933 -0.0008971 -0.0005113 0.0021065 0.9999973
0.625004 -0.0008812 -0.0046049 0.2999291 -0.0015087 -0.0003200 0.0028266 0.9999948
0.729128 -0.0012469 -0.0052669 0.3500634 -0.0017039 -0.0003638 0.0026003 0.9999951
0.833252 -0.0014057 -0.0059854 0.4008496 -0.0008042 -0.0005546 0.0022110 0.9999971
0.937506 -0.0016988 -0.0067754 0.4511811 0.0002706 -0.0006673 0.0008487 0.9999994
1.041630 -0.0022230 -0.0076355 0.5014681 0.0007284 -0.0005741 -0.0008186 0.9999992
1.145875 -0.0027052 -0.0085306 0.5525995 0.0007276 -0.0005498 -0.0020411 0.9999975
1.354255 -0.0032062 -0.0101962 0.6548226 -0.0011093 -0.0002780 -0.0012533 0.9999986
1.562526 -0.0036381 -0.0112340 0.7564823 -0.0007386 -0.0002352 0.0021287 0.9999974
1.771007 -0.0038988 -0.0129542 0.8593412 0.0010262 -0.0000342 0.0014355 0.9999985
1.979377 -0.0044512 -0.0146890 0.9627753 -0.0019297 0.0005157 -0.0000196 0.9999980
2.187759 -0.0045139 -0.0158563 1.0672238 -0.0019340 0.0005804 0.0031946 0.9999928
2.396132 -0.0048633 -0.0173876 1.1718307 0.0005961 0.0009148 0.0032633 0.9999941
2.604383 -0.0051807 -0.0193380 1.2771461 0.0019403 0.0013712 0.0012733 0.9999964
2.812757 -0.0048532 -0.0212039 1.3820387 0.0010880 0.0011805 0.0007426 0.9999985
3.021006 -0.0057091 -0.0230197 1.4886817 0.0000942 0.0012058 -0.0011816 0.9999986
3.229379 -0.0062870 -0.0248432 1.5959741 0.0000045 0.0012860 -0.0035813 0.9999928
3.437629 -0.0065606 -0.0266015 1.7032473 0.0000652 0.0008889 -0.0036442 0.9999930
3.645880 -0.0064926 -0.0285175 1.8104583 0.0001678 -0.0001286 -0.0026995 0.9999963
3.854131 -0.0073480 -0.0301019 1.9187862 -0.0001488 -0.0009777 -0.0029603 0.9999951
4.062383 -0.0086803 -0.0315922 2.0266755 -0.0006991 -0.0018724 -0.0029847 0.9999936
4.270633 -0.0093291 -0.0333685 2.1360152 -0.0013032 -0.0027660 -0.0011710 0.9999946
4.478884 -0.0103053 -0.0349902 2.2443957 -0.0012213 -0.0030147 0.0010127 0.9999942
4.687259 -0.0112744 -0.0362040 2.3539989 -0.0017461 -0.0024935 0.0021010 0.9999931
4.895505 -0.0121796 -0.0379341 2.4624679 -0.0012116 -0.0020845 0.0041665 0.9999884
5.103758 -0.0128154 -0.0395339 2.5699146 -0.0009907 -0.0016156 0.0033810 0.9999925
5.311998 -0.0138486 -0.0412984 2.6764374 -0.0022579 -0.0009364 -0.0001802 0.9999970
5.520244 -0.0152053 -0.0433312 2.7837453 -0.0024373 -0.0002539 -0.0043400 0.9999876
5.728633 -0.0163304 -0.0447501 2.8896923 -0.0019520 0.0005352 -0.0070128 0.9999734
5.936757 -0.0169764 -0.0467725 2.9959455 -0.0019959 0.0007942 -0.0067378 0.9999750
6.249010 -0.0171043 -0.0487243 3.1543729 -0.0016249 0.0001808 -0.0051185 0.9999856
6.457260 -0.0179556 -0.0501840 3.2596073 -0.0015929 -0.0004786 -0.0051225 0.9999855
6.665511 -0.0183095 -0.0519935 3.3638973 -0.0024272 -0.0015794 -0.0041294 0.9999873
6.873636 -0.0189974 -0.0532273 3.4674938 -0.0027223 -0.0026689 -0.0013432 0.9999918
7.081885 -0.0199541 -0.0545623 3.5704653 -0.0021777 -0.0030571 -0.0003321 0.9999929
7.290011 -0.0212245 -0.0563166 3.6728239 -0.0017557 -0.0030852 -0.0002457 0.9999937
7.498256 -0.0226534 -0.0578125 3.7741718 -0.0015113 -0.0027678 -0.0011226 0.9999944
7.706383 -0.0239589 -0.0598039 3.8752921 -0.0031972 -0.0024809 -0.0018495 0.9999901
7.914632 -0.0249691 -0.0611426 3.9755747 -0.0012734 -0.0024553 -0.0015781 0.9999949
8.122760 -0.0256392 -0.0627175 4.0761251 -0.0012977 -0.0025168 -0.0002368 0.9999959
8.331011 -0.0268230 -0.0640009 4.1771150 -0.0024705 -0.0016772 0.0017792 0.9999940
8.539282 -0.0271849 -0.0656002 4.2770877 -0.0008641 -0.0010338 0.0017093 0.9999976
8.747509 -0.0277634 -0.0669542 4.3769588 0.0003246 0.0001030 -0.0010531 0.9999994
8.955763 -0.0284439 -0.0683679 4.4771633 -0.0016901 0.0013879 -0.0015302 0.9999964
9.164012 -0.0280319 -0.0696281 4.5770655 -0.0016480 0.0021746 -0.0014431 0.9999952
9.372259 -0.0281295 -0.0708735 4.6765127 -0.0012622 0.0034439 -0.0033067 0.9999878
9.580513 -0.0284648 -0.0723504 4.7757883 -0.0002286 0.0047157 -0.0046539 0.9999780
9.788784 -0.0278845 -0.0737890 4.8760996 -0.0006811 0.0055086 -0.0038444 0.9999772
9.997010 -0.0267843 -0.0756274 4.9761882 -0.0013898 0.0059708 -0.0028297 0.9999772
10.309390 -0.0255094 -0.0776979 5.1267433 -0.0015344 0.0055809 -0.0001616 0.9999833
10.517510 -0.0250308 -0.0790707 5.2266188 -0.0017828 0.0045787 0.0008855 0.9999875
10.829890 -0.0247603 -0.0811571 5.3770633 -0.0016744 0.0028895 0.0020870 0.9999923
11.142270 -0.0244394 -0.0838028 5.5267997 -0.0002450 0.0013650 0.0063311 0.9999790
11.454640 -0.0236775 -0.0860548 5.6771450 -0.0005312 -0.0005080 0.0153531 0.9998819
11.767160 -0.0244213 -0.0891777 5.8281803 0.0021508 0.0006202 0.0130153 0.9999128
12.079640 -0.0232354 -0.0916950 5.9805017 -0.0016201 0.0010192 0.0192285 0.9998133
12.392020 -0.0229209 -0.0935205 6.1331387 -0.0013415 0.0019541 0.0170028 0.9998526
12.704520 -0.0238095 -0.0960564 6.2850690 -0.0007384 0.0031061 0.0128771 0.9999120
13.016890 -0.0237335 -0.0989075 6.4355092 0.0020852 0.0024172 0.0089353 0.9999550
13.329390 -0.0238078 -0.1025733 6.5901718 0.0010098 0.0025753 0.0029808 0.9999917
13.641770 -0.0235719 -0.1043329 6.7433853 -0.0003487 0.0013754 0.0050010 0.9999865
13.954150 -0.0245397 -0.1080671 6.8963518 0.0038048 -0.0006408 0.0026154 0.9999892
14.266640 -0.0264604 -0.1107624 7.0518556 0.0007510 -0.0001874 -0.0004695 0.9999996
14.474890 -0.0268246 -0.1122127 7.1569343 0.0001179 -0.0002106 0.0006759 0.9999998
14.787290 -0.0270188 -0.1147248 7.3160739 -0.0007078 0.0001024 0.0048679 0.9999879
14.995520 -0.0268996 -0.1163861 7.4219580 -0.0014086 0.0005094 0.0081094 0.9999660
15.203790 -0.0277737 -0.1181150 7.5288963 0.0032951 0.0008471 0.0036586 0.9999875
15.412140 -0.0286357 -0.1203751 7.6366534 0.0014407 0.0020163 -0.0045763 0.9999865
15.620390 -0.0291975 -0.1220946 7.7449579 0.0001674 0.0023330 -0.0045734 0.9999868
15.828640 -0.0290050 -0.1236381 7.8536625 0.0006436 0.0013256 -0.0019487 0.9999970
16.036770 -0.0293209 -0.1254345 7.9631581 0.0008492 0.0009364 -0.0028276 0.9999952
16.245020 -0.0298609 -0.1275603 8.0731249 0.0005455 0.0007558 -0.0028739 0.9999954
16.453270 -0.0302360 -0.1295332 8.1836615 0.0011997 0.0003700 -0.0024127 0.9999963
16.661520 -0.0312688 -0.1312760 8.2953558 0.0015207 0.0001994 -0.0028902 0.9999946
16.869650 -0.0316665 -0.1336538 8.4060154 0.0015989 -0.0002364 -0.0029878 0.9999942
17.077890 -0.0321440 -0.1356355 8.5182276 0.0017516 -0.0005302 -0.0032937 0.9999929
17.286140 -0.0326894 -0.1377408 8.6305447 0.0018792 -0.0006990 -0.0018747 0.9999962
17.494400 -0.0331773 -0.1396400 8.7433443 0.0014857 -0.0007000 -0.0002816 0.9999986
17.702520 -0.0339893 -0.1423433 8.8557596 0.0013494 -0.0006483 -0.0006443 0.9999987
17.910650 -0.0343891 -0.1441802 8.9685879 0.0014230 -0.0004004 -0.0015435 0.9999977
18.118900 -0.0351754 -0.1461242 9.0819397 0.0002479 0.0003101 -0.0014866 0.9999988
18.327020 -0.0358204 -0.1483489 9.1949501 0.0016459 0.0008736 -0.0018499 0.9999965
18.535360 -0.0359741 -0.1507129 9.3088675 0.0007394 0.0007839 -0.0017377 0.9999979
18.743480 -0.0366118 -0.1527588 9.4226999 0.0005672 0.0006456 -0.0020341 0.9999976
18.951650 -0.0371092 -0.1545703 9.5359211 0.0005426 0.0008188 -0.0035496 0.9999932
19.159650 -0.0378093 -0.1563258 9.6504593 0.0004519 0.0007955 -0.0028562 0.9999955
19.367870 -0.0380234 -0.1579906 9.7652349 -0.0002227 0.0007162 -0.0006322 0.9999995
19.575900 -0.0382825 -0.1600147 9.8798752 0.0004377 0.0004451 0.0011903 0.9999991
19.784020 -0.0386045 -0.1617186 9.9944258 -0.0013096 0.0009946 0.0030496 0.9999940
19.992130 -0.0389544 -0.1633805 10.1084118 -0.0003066 0.0013523 0.0036141 0.9999925
20.304270 -0.0387724 -0.1660359 10.2798395 0.0000774 0.0024984 0.0013929 0.9999959
20.616400 -0.0386537 -0.1690191 10.4497871 0.0007758 0.0040452 -0.0002538 0.9999915
20.928690 -0.0375536 -0.1728363 10.6206293 0.0001647 0.0051803 0.0001109 0.9999866
21.136780 -0.0363467 -0.1749504 10.7357407 0.0012218 0.0052138 0.0008182 0.9999853
21.344920 -0.0356734 -0.1774970 10.8505983 0.0023034 0.0047237 0.0010295 0.9999856
21.552900 -0.0349220 -0.1796591 10.9657335 0.0026538 0.0038097 0.0018642 0.9999875
21.761020 -0.0345242 -0.1821286 11.0815220 0.0025651 0.0031314 0.0011310 0.9999912
21.969150 -0.0347230 -0.1851048 11.1975908 0.0017003 0.0023373 0.0017070 0.9999943
22.177150 -0.0353716 -0.1869308 11.3131790 0.0010469 0.0026692 0.0001366 0.9999959
22.385270 -0.0346891 -0.1887089 11.4286766 0.0012772 0.0030979 0.0008541 0.9999940
22.593280 -0.0350228 -0.1911740 11.5461645 0.0026499 0.0035853 0.0022833 0.9999874
22.801400 -0.0345976 -0.1938911 11.6645813 0.0035357 0.0024006 0.0024817 0.9999878
23.009400 -0.0351485 -0.1963998 11.7831955 0.0015823 0.0012062 0.0014363 0.9999970
23.217420 -0.0349974 -0.1984843 11.9032555 -0.0003074 0.0014468 0.0025669 0.9999956
23.321400 -0.0345720 -0.1993298 11.9638042 0.0003452 0.0014998 0.0028512 0.9999948
23.529550 -0.0345544 -0.2016939 12.0832081 0.0001264 0.0017045 0.0034172 0.9999927
23.737530 -0.0342691 -0.2039252 12.2031908 0.0006497 0.0022355 0.0025279 0.9999941
23.945650 -0.0338212 -0.2066531 12.3228016 -0.0002468 0.0028612 0.0027671 0.9999920
24.153670 -0.0337690 -0.2084799 12.4421167 0.0002833 0.0029894 0.0034857 0.9999894
24.465780 -0.0332691 -0.2119232 12.6189899 0.0025627 0.0023489 0.0011989 0.9999933
24.673900 -0.0336853 -0.2143762 12.7362967 0.0006166 0.0016539 0.0001854 0.9999984
24.882030 -0.0337710 -0.2167080 12.8542032 -0.0003094 0.0004105 -0.0006858 0.9999996
25.090170 -0.0340581 -0.2188570 12.9709721 -0.0001013 -0.0014664 0.0003317 0.9999989
25.298280 -0.0349415 -0.2209274 13.0878582 -0.0000457 -0.0020813 0.0010167 0.9999973
25.506530 -0.0357180 -0.2225242 13.2050915 0.0006976 -0.0024890 0.0016530 0.9999953
25.714650 -0.0369143 -0.2247275 13.3223991 0.0010523 -0.0023689 0.0021763 0.9999943
25.922780 -0.0380204 -0.2271304 13.4391317 0.0012659 -0.0022266 0.0024010 0.9999939
26.130900 -0.0389780 -0.2294931 13.5568142 0.0024154 -0.0023189 0.0030606 0.9999897
26.339150 -0.0397913 -0.2318333 13.6732798 0.0009770 -0.0023117 0.0048143 0.9999853
26.547800 -0.0409827 -0.2339543 13.7905188 0.0018321 -0.0020174 0.0044076 0.9999866
26.757930 -0.0422586 -0.2364692 13.9080601 0.0007646 -0.0017031 0.0033675 0.9999926
26.963660 -0.0433287 -0.2386000 14.0264502 0.0013591 -0.0013648 0.0034182 0.9999923
27.171920 -0.0441917 -0.2412470 14.1453743 0.0012923 -0.0012176 0.0033686 0.9999927
27.380140 -0.0451376 -0.2430522 14.2653427 0.0010749 -0.0010242 0.0020560 0.9999968
27.588410 -0.0461200 -0.2453145 14.3853245 0.0020817 -0.0005384 0.0006698 0.9999974
27.692530 -0.0460794 -0.2464140 14.4448500 0.0019585 -0.0005930 0.0004305 0.9999978
27.900670 -0.0466929 -0.2484645 14.5644503 0.0013636 -0.0005540 -0.0003313 0.9999989
28.108940 -0.0473595 -0.2507665 14.6823692 0.0015518 -0.0000867 -0.0012664 0.9999980
