0.000000 0.0000000 0.0000000 -0.0000000 -0.0000000 -0.0000000 -0.0000000 1.0000000
0.519499 -0.0037917 -0.0004604 0.0440649 0.0016538 -0.0214097 -0.0009545 0.9997690
0.623377 -0.0058123 -0.0003640 0.0550496 0.0021415 -0.0281458 -0.0008511 0.9996012
0.934622 -0.0132167 -0.0007147 0.0944777 0.0022309 -0.0558506 0.0003630 0.9984366
1.453253 -0.0409377 -0.0027505 0.1705637 0.0052262 -0.1204159 -0.0057475 0.9926931
1.660772 -0.0568926 -0.0037321 0.2041746 0.0047561 -0.1526295 -0.0077380 0.9882417
2.282875 -0.1200038 -0.0051701 0.2997874 0.0046277 -0.2646756 -0.0081013 0.9642923
2.490144 -0.1501656 -0.0058892 0.3304716 0.0024695 -0.3116503 -0.0113395 0.9501260
2.697329 -0.1871044 -0.0065134 0.3610240 0.0022700 -0.3625166 -0.0130423 0.9318833
2.904641 -0.2288742 -0.0060142 0.3912681 0.0000118 -0.4157096 -0.0079312 0.9094629
3.112001 -0.2777923 -0.0061295 0.4175026 -0.0029734 -0.4682536 -0.0065277 0.8835650
3.319374 -0.3341415 -0.0054003 0.4400626 -0.0051243 -0.5208332 -0.0063046 0.8536198
3.526893 -0.3975550 -0.0047042 0.4570845 -0.0073121 -0.5712079 -0.0070689 0.8207424
3.734395 -0.4681836 -0.0044121 0.4695104 -0.0117808 -0.6169762 -0.0066975 0.7868651
3.942122 -0.5453464 -0.0040750 0.4752903 -0.0121201 -0.6556857 -0.0071711 0.7549027
4.150266 -0.6294819 -0.0018266 0.4752476 -0.0100016 -0.6856236 -0.0079274 0.7278443
4.254380 -0.6736847 -0.0010172 0.4741504 -0.0091951 -0.6981403 -0.0068470 0.7158692
4.358512 -0.7187860 -0.0005258 0.4716360 -0.0082611 -0.7093189 -0.0058651 0.7048149
4.671250 -0.8684948 0.0025152 0.4587263 -0.0058951 -0.7314063 -0.0045214 0.6819015
4.775500 -0.9207553 0.0034951 0.4530546 -0.0063409 -0.7358221 -0.0042493 0.6771319
4.879959 -0.9749972 0.0039852 0.4471879 -0.0063154 -0.7390535 -0.0049779 0.6735987
4.984250 -1.0296566 0.0039530 0.4403953 -0.0059969 -0.7413013 -0.0064125 0.6711150
5.088502 -1.0857399 0.0040325 0.4344622 -0.0064866 -0.7428483 -0.0067551 0.6693942
5.192878 -1.1438485 0.0054937 0.4277036 -0.0072971 -0.7432826 -0.0062101 0.6689090
5.401501 -1.2649454 0.0070564 0.4144557 -0.0092880 -0.7423820 -0.0072811 0.6698728
5.610008 -1.3901825 0.0081317 0.4007234 -0.0071288 -0.7412382 -0.0078507 0.6711583
5.818377 -1.5230356 0.0106664 0.3879831 -0.0079106 -0.7403052 -0.0087563 0.6721674
6.026772 -1.6612947 0.0124046 0.3738958 -0.0092822 -0.7389699 -0.0114067 0.6735778
6.235023 -1.8037645 0.0147947 0.3598161 -0.0064136 -0.7377317 -0.0118133 0.6749602
6.443143 -1.9513810 0.0176642 0.3466432 -0.0078025 -0.7367295 -0.0115064 0.6760446
6.651280 -2.1027670 0.0198266 0.3333597 -0.0101256 -0.7358828 -0.0118782 0.6769291
6.859377 -2.2556491 0.0217869 0.3205065 -0.0066049 -0.7356561 -0.0070396 0.6772864
7.067377 -2.4115574 0.0232719 0.3074918 -0.0068129 -0.7359053 -0.0040551 0.6770381
7.275272 -2.5707302 0.0243868 0.2937469 -0.0113012 -0.7360783 -0.0100245 0.6767278
7.483251 -2.7297742 0.0263466 0.2786140 -0.0119483 -0.7362148 -0.0135360 0.6765070
7.691129 -2.8872945 0.0290511 0.2640530 -0.0096473 -0.7364530 -0.0113210 0.6763252
7.899003 -3.0445938 0.0311453 0.2491911 -0.0100088 -0.7363842 -0.0135695 0.6763535
8.107005 -3.2010319 0.0330464 0.2346866 -0.0071962 -0.7362301 -0.0116303 0.6765931
8.315006 -3.3558705 0.0347642 0.2215095 -0.0058649 -0.7360665 -0.0107073 0.6767991
8.522877 -3.5128672 0.0358819 0.2076825 -0.0088817 -0.7356905 -0.0129469 0.6771359
8.730751 -3.6694691 0.0388530 0.1946515 -0.0118002 -0.7355356 -0.0159670 0.6771951
8.938756 -3.8246808 0.0421568 0.1812562 -0.0104753 -0.7354586 -0.0140510 0.6773430
9.146631 -3.9804304 0.0441691 0.1664373 -0.0064791 -0.7352458 -0.0133052 0.6776390
9.458529 -4.2116947 0.0460906 0.1471203 -0.0046448 -0.7362006 -0.0097846 0.6766767
9.770380 -4.4425778 0.0478772 0.1261609 -0.0098590 -0.7376401 -0.0101274 0.6750461
9.978133 -4.5947003 0.0491303 0.1116660 -0.0114968 -0.7386938 -0.0105874 0.6738599
10.186010 -4.7432551 0.0505558 0.0958016 -0.0062306 -0.7395420 -0.0106217 0.6729978
10.497760 -4.9647374 0.0523145 0.0721371 -0.0048389 -0.7406382 -0.0129672 0.6717615
10.705630 -5.1116214 0.0529256 0.0563459 -0.0038827 -0.7410762 -0.0137089 0.6712698
11.017510 -5.3249092 0.0566377 0.0362102 -0.0075225 -0.7416839 -0.0159505 0.6705177
11.537150 -5.6668444 0.0606054 0.0014514 -0.0055502 -0.7423419 -0.0133550 0.6698651
11.953260 -5.9179778 0.0628760 -0.0214238 -0.0044482 -0.7380685 -0.0138475 0.6745690
12.473910 -6.1994772 0.0656552 -0.0356545 -0.0045195 -0.7172788 -0.0183343 0.6965304
12.891130 -6.3920913 0.0681017 -0.0212523 -0.0057847 -0.6777524 -0.0166809 0.7350782
13.413260 -6.5878396 0.0680161 0.0315784 -0.0103270 -0.5901773 -0.0098714 0.8071473
13.726510 -6.6917849 0.0701599 0.0902352 -0.0117994 -0.5210279 -0.0024869 0.8534545
14.039380 -6.7861028 0.0719272 0.1651154 -0.0178128 -0.4501034 0.0065268 0.8927749
14.247880 -6.8404112 0.0718580 0.2214229 -0.0131017 -0.4008457 0.0084303 0.9160131
14.456380 -6.8895664 0.0721777 0.2851937 -0.0024678 -0.3474948 0.0084300 0.9376408
14.560630 -6.9145303 0.0730085 0.3215976 -0.0006463 -0.3193997 0.0085779 0.9475811
14.769010 -6.9603271 0.0725711 0.4033890 0.0018731 -0.2630881 0.0074303 0.9647414
14.977150 -6.9996123 0.0707843 0.4941375 0.0014183 -0.2127848 0.0034926 0.9770918
15.081160 -7.0184994 0.0703754 0.5423641 0.0026523 -0.1905354 0.0010594 0.9816762
15.185010 -7.0362129 0.0699288 0.5934968 0.0022819 -0.1713386 -0.0015483 0.9852083
15.288760 -7.0524950 0.0691594 0.6468329 0.0011784 -0.1556458 -0.0016656 0.9878108
15.392480 -7.0674825 0.0688075 0.7022381 0.0004399 -0.1430796 -0.0011429 0.9897105
15.496190 -7.0824475 0.0682657 0.7599063 -0.0007193 -0.1322193 -0.0011724 0.9912195
15.703610 -7.1118879 0.0677079 0.8797735 -0.0023790 -0.1149635 -0.0048244 0.9933552
15.911010 -7.1380730 0.0668720 1.0055176 -0.0029884 -0.1016501 -0.0057920 0.9947988
16.014760 -7.1500859 0.0668204 1.0707194 -0.0028130 -0.0948188 -0.0057666 0.9954739
16.222360 -7.1728168 0.0665641 1.2063975 -0.0033875 -0.0803218 -0.0069126 0.9967393
16.429890 -7.1925278 0.0648445 1.3466334 0.0005305 -0.0684893 -0.0075424 0.9976232
16.637520 -7.2109766 0.0638479 1.4937243 0.0036099 -0.0595463 -0.0066090 0.9981971
16.845140 -7.2291164 0.0618612 1.6441896 -0.0034381 -0.0536039 -0.0094133 0.9985120
17.052630 -7.2452078 0.0603854 1.7932371 -0.0048449 -0.0497472 -0.0092646 0.9987071
17.260280 -7.2602973 0.0593432 1.9418031 -0.0055350 -0.0466312 -0.0086586 0.9988593
17.467890 -7.2731962 0.0588268 2.0900493 -0.0076567 -0.0440161 -0.0062630 0.9989818
17.675510 -7.2859273 0.0577823 2.2363229 -0.0021849 -0.0419403 -0.0074095 0.9990903
17.883140 -7.2983861 0.0555602 2.3818839 0.0036560 -0.0404590 -0.0083643 0.9991395
18.090880 -7.3114777 0.0525274 2.5275774 0.0008758 -0.0380979 -0.0106715 0.9992166
18.298510 -7.3229942 0.0504687 2.6736193 -0.0024964 -0.0356974 -0.0113443 0.9992951
18.506260 -7.3331704 0.0493240 2.8194714 -0.0023601 -0.0344429 -0.0091951 0.9993616
18.713910 -7.3428440 0.0471054 2.9626603 -0.0009506 -0.0336303 -0.0079035 0.9994026
18.921640 -7.3525949 0.0454822 3.1093085 -0.0015613 -0.0329334 -0.0089494 0.9994163
19.129390 -7.3633599 0.0440682 3.2549345 -0.0009774 -0.0336852 -0.0087929 0.9993933
19.337010 -7.3755918 0.0421871 3.4036713 -0.0011933 -0.0361101 -0.0085132 0.9993109
19.544760 -7.3883958 0.0406054 3.5543904 0.0016165 -0.0388741 -0.0105711 0.9991869
19.752390 -7.4020395 0.0384439 3.7067044 0.0041282 -0.0410171 -0.0104832 0.9990949
20.064010 -7.4233327 0.0340510 3.9401774 0.0020746 -0.0440361 -0.0096091 0.9989816
20.271890 -7.4379668 0.0323644 4.1004300 -0.0021193 -0.0452991 -0.0087964 0.9989325
20.479750 -7.4532371 0.0307995 4.2607355 -0.0032293 -0.0439434 -0.0105408 0.9989732
20.687510 -7.4675946 0.0296313 4.4222856 -0.0013829 -0.0421836 -0.0094794 0.9990640
20.895390 -7.4808855 0.0277980 4.5849447 -0.0006074 -0.0404045 -0.0068312 0.9991599
21.103270 -7.4933615 0.0262916 4.7484074 -0.0031362 -0.0396197 -0.0043645 0.9992004
21.311120 -7.5059748 0.0238435 4.9094200 -0.0016237 -0.0388605 -0.0049107 0.9992313
21.622900 -7.5256128 0.0194336 5.1445894 0.0070434 -0.0377743 -0.0094448 0.9992169
21.934640 -7.5438700 0.0135310 5.3797522 -0.0001149 -0.0375842 -0.0072992 0.9992668
22.142620 -7.5554600 0.0113307 5.5337090 -0.0028150 -0.0395448 -0.0056502 0.9991978
22.454390 -7.5742388 0.0074997 5.7591834 0.0007229 -0.0433334 -0.0036514 0.9990537
22.662270 -7.5886683 0.0045840 5.9072471 0.0043243 -0.0470595 -0.0050607 0.9988699
22.870160 -7.6038933 0.0004982 6.0533910 0.0063821 -0.0504097 -0.0083811 0.9986731
23.078010 -7.6204934 -0.0027107 6.1971760 0.0028889 -0.0543809 -0.0115116 0.9984497
23.285910 -7.6376247 -0.0054718 6.3389854 -0.0017469 -0.0590477 -0.0107798 0.9981954
23.493760 -7.6561170 -0.0071563 6.4781551 -0.0040763 -0.0651942 -0.0096202 0.9978179
23.701510 -7.6768274 -0.0084965 6.6131186 -0.0031629 -0.0715678 -0.0124465 0.9973531
23.909390 -7.6981630 -0.0100173 6.7448215 0.0002019 -0.0775661 -0.0128663 0.9969041
24.117270 -7.7209544 -0.0114496 6.8786368 -0.0014441 -0.0827771 -0.0144043 0.9964629
24.325140 -7.7454367 -0.0136991 7.0095282 -0.0047737 -0.0889602 -0.0139437 0.9959261
24.533020 -7.7701488 -0.0139724 7.1382060 0.0009176 -0.0969340 -0.0122120 0.9952155
24.740760 -7.7972374 -0.0159055 7.2653999 0.0003903 -0.1071734 -0.0106648 0.9941831
24.948510 -7.8281970 -0.0162505 7.3920879 -0.0063021 -0.1189683 -0.0108566 0.9928187
25.156270 -7.8622875 -0.0178416 7.5155764 -0.0055263 -0.1304533 -0.0128166 0.9913562
25.467890 -7.9177809 -0.0180361 7.6993799 -0.0007133 -0.1493721 -0.0112148 0.9887172
25.675640 -7.9587812 -0.0191002 7.8221636 -0.0070171 -0.1615208 -0.0109287 0.9867839
26.091270 -8.0476351 -0.0205886 8.0607672 0.0020594 -0.1827997 -0.0063295 0.9831277
26.299290 -8.0959158 -0.0225586 8.1781864 0.0036370 -0.1907946 -0.0088932 0.9815829
26.611020 -8.1716633 -0.0245740 8.3548756 -0.0049939 -0.2027990 -0.0085167 0.9791706
26.818890 -8.2265167 -0.0255905 8.4711761 -0.0051591 -0.2089306 -0.0170212 0.9777687
27.026890 -8.2798586 -0.0254191 8.5866289 0.0019065 -0.2144751 -0.0127267 0.9766447
27.234770 -8.3362732 -0.0267363 8.7024832 0.0003293 -0.2189389 -0.0162525 0.9756032
27.650520 -8.4507208 -0.0298021 8.9327946 0.0054151 -0.2298267 -0.0142301 0.9731125
27.962300 -8.5414715 -0.0331427 9.1044483 0.0034934 -0.2366890 -0.0167273 0.9714352
28.377890 -8.6633263 -0.0371627 9.3296022 0.0032962 -0.2462190 -0.0148811 0.9690943
28.689660 -8.7568436 -0.0408401 9.4935484 0.0051882 -0.2531850 -0.0150069 0.9672875
29.001520 -8.8480759 -0.0443639 9.6527672 0.0067064 -0.2598619 -0.0136060 0.9655266
29.313270 -8.9394960 -0.0464593 9.8070536 -0.0049542 -0.2645697 -0.0135080 0.9642592
29.625020 -9.0261726 -0.0472568 9.9509163 -0.0019390 -0.2696451 -0.0106048 0.9628994
29.832900 -9.0816479 -0.0477787 10.0403414 -0.0013971 -0.2722340 -0.0090472 0.9621875
30.144650 -9.1590672 -0.0498695 10.1640911 -0.0032539 -0.2760236 -0.0078822 0.9611130
30.352400 -9.2058859 -0.0504791 10.2382259 -0.0030466 -0.2784351 -0.0064193 0.9604288
30.560270 -9.2499695 -0.0516381 10.3039522 0.0009360 -0.2806473 -0.0062520 0.9597901
30.767900 -9.2899971 -0.0526556 10.3650942 0.0007187 -0.2849111 -0.0022802 0.9585510
30.975650 -9.3283091 -0.0533766 10.4196243 -0.0002025 -0.2909854 -0.0043023 0.9567178
31.390900 -9.3960018 -0.0547036 10.5123625 -0.0078453 -0.3056326 -0.0073530 0.9520888
31.598390 -9.4251070 -0.0544643 10.5500612 -0.0095687 -0.3181297 -0.0047214 0.9479871
31.805770 -9.4535666 -0.0552047 10.5815010 -0.0095685 -0.3352318 -0.0058761 0.9420688
32.013150 -9.4799814 -0.0554117 10.6078930 -0.0056317 -0.3561675 -0.0050637 0.9343914
32.531770 -9.5463820 -0.0550094 10.6616058 0.0013957 -0.4098535 -0.0083640 0.9121119
32.739270 -9.5747023 -0.0551925 10.6812830 -0.0010324 -0.4349615 -0.0080446 0.9004125
32.946650 -9.6052570 -0.0549688 10.6976147 -0.0026060 -0.4618422 -0.0123157 0.8868728
33.154020 -9.6362038 -0.0552610 10.7121429 -0.0033431 -0.4888453 -0.0157421 0.8722220
33.361650 -9.6680107 -0.0557038 10.7241611 -0.0039866 -0.5158714 -0.0201321 0.8564202
33.672790 -9.7204962 -0.0555048 10.7399006 -0.0012717 -0.5607287 -0.0176983 0.8278095
33.880040 -9.7634554 -0.0550635 10.7486439 -0.0006508 -0.5955334 -0.0170119 0.8031501
34.087400 -9.8123512 -0.0542070 10.7540827 -0.0001512 -0.6323757 -0.0154261 0.7745082
34.398420 -9.8968906 -0.0527678 10.7530212 -0.0015454 -0.6895620 -0.0150984 0.7240676
34.605900 -9.9593821 -0.0511144 10.7462740 -0.0053786 -0.7275562 -0.0147743 0.6858678
34.813400 -10.0249853 -0.0493560 10.7314119 -0.0086820 -0.7632922 -0.0140408 0.6458424
35.021020 -10.0969257 -0.0463602 10.7086020 -0.0108498 -0.7957537 -0.0134773 0.6053732
35.228670 -10.1713886 -0.0435638 10.6769161 -0.0144230 -0.8250399 -0.0110328 0.5647826
35.436400 -10.2490396 -0.0416922 10.6356497 -0.0179665 -0.8506752 -0.0092041 0.5253038
35.644400 -10.3293324 -0.0390901 10.5835629 0.0191754 0.8715261 0.0085392 -0.4898997
35.957050 -10.4568796 -0.0351938 10.4895735 0.0174112 0.8908625 0.0086775 -0.4538563
36.165670 -10.5487185 -0.0323033 10.4170780 0.0175187 0.8977602 0.0090605 -0.4400428
36.374170 -10.6447315 -0.0295836 10.3389559 0.0187801 0.9025413 0.0094041 -0.4300907
36.478420 -10.6945724 -0.0281709 10.2965107 0.0185613 0.9042290 0.0098539 -0.4265305
36.686900 -10.7964325 -0.0251056 10.2096958 0.0187872 0.9069293 0.0102259 -0.4207397
36.791110 -10.8496990 -0.0233492 10.1638174 0.0192312 0.9078572 0.0102051 -0.4187137
36.999490 -10.9591951 -0.0197624 10.0693521 0.0199676 0.9087255 0.0102267 -0.4167910
37.207650 -11.0726757 -0.0163266 9.9714699 0.0199892 0.9091793 0.0094689 -0.4158169
37.415890 -11.1908884 -0.0122077 9.8683538 0.0200454 0.9095346 0.0092470 -0.4150416
37.624150 -11.3131399 -0.0085762 9.7607288 0.0204301 0.9099184 0.0117016 -0.4141185
37.832280 -11.4380512 -0.0049359 9.6509619 0.0204676 0.9102933 0.0106359 -0.4133207
38.040280 -11.5669346 -0.0007752 9.5374279 0.0218216 0.9106293 0.0091439 -0.4125464
38.248280 -11.6982746 0.0029114 9.4214191 0.0222124 0.9111232 0.0073495 -0.4114695
38.456150 -11.8316250 0.0059451 9.3018398 0.0195122 0.9116240 0.0041922 -0.4105403
38.664150 -11.9679508 0.0085016 9.1784248 0.0178056 0.9114946 0.0053846 -0.4108911
38.872030 -12.1071796 0.0106754 9.0541582 0.0192048 0.9115078 0.0078014 -0.4107602
39.079900 -12.2481089 0.0134586 8.9297733 0.0205908 0.9117163 0.0087235 -0.4102112
39.287780 -12.3863754 0.0162160 8.8051949 0.0200661 0.9117169 0.0093680 -0.4102218
39.495830 -12.5261755 0.0200179 8.6799068 0.0203982 0.9118356 0.0103614 -0.4099175
39.703630 -12.6665840 0.0239408 8.5559387 0.0210968 0.9121575 0.0103850 -0.4091647
39.911280 -12.8050957 0.0277637 8.4311466 0.0213207 0.9125568 0.0092798 -0.4082883
40.119140 -12.9429159 0.0303960 8.3061867 0.0213787 0.9129817 0.0093232 -0.4073332
40.326930 -13.0794697 0.0333414 8.1821194 0.0205218 0.9132681 0.0088094 -0.4067463
40.534990 -13.2167044 0.0364859 8.0574284 0.0185572 0.9133993 0.0098518 -0.4065222
40.742540 -13.3531609 0.0391852 7.9330721 0.0173702 0.9129060 0.0096115 -0.4076869
40.950400 -13.4900227 0.0416935 7.8105888 0.0167187 0.9122484 0.0093280 -0.4091900
41.158230 -13.6282110 0.0453654 7.6881161 0.0200780 0.9116939 0.0114432 -0.4102198
41.365930 -13.7662687 0.0496809 7.5662332 0.0232202 0.9113448 0.0145378 -0.4107311
41.573580 -13.9017067 0.0539454 7.4443369 0.0210530 0.9112740 0.0106576 -0.4111238
41.781210 -14.0381660 0.0581599 7.3234062 0.0217138 0.9113156 0.0119482 -0.4109617
41.988800 -14.1729364 0.0616886 7.2038546 0.0224752 0.9115489 0.0115404 -0.4104149
42.196450 -14.3067684 0.0657094 7.0851421 0.0223852 0.9119765 0.0113699 -0.4094734
42.404080 -14.4396267 0.0699413 6.9656577 0.0243455 0.9121526 0.0143339 -0.4088759
42.611550 -14.5699215 0.0744357 6.8484054 0.0251198 0.9124630 0.0134112 -0.4081672
42.819190 -14.6988583 0.0789118 6.7310643 0.0235678 0.9125342 0.0124997 -0.4081295
43.026850 -14.8272972 0.0830528 6.6153483 0.0219031 0.9122959 0.0127019 -0.4087481
43.234430 -14.9556236 0.0873556 6.4994025 0.0203543 0.9120083 0.0135099 -0.4094435
43.442050 -15.0832014 0.0906799 6.3853607 0.0198683 0.9118195 0.0131553 -0.4098994
43.649770 -15.2098188 0.0944075 6.2726388 0.0199449 0.9115596 0.0122905 -0.4105000
43.857500 -15.3353081 0.0977254 6.1620502 0.0218951 0.9113256 0.0122865 -0.4109201
44.065190 -15.4577408 0.1011300 6.0537796 0.0212570 0.9111527 0.0090855 -0.4114199
44.272790 -15.5786037 0.1036852 5.9471388 0.0200473 0.9107856 0.0092015 -0.4122901
44.480540 -15.6963482 0.1061376 5.8435335 0.0197242 0.9107849 0.0097376 -0.4122948
44.688220 -15.8113213 0.1086322 5.7429605 0.0198163 0.9108205 0.0092458 -0.4122230
44.895870 -15.9220028 0.1105206 5.6444645 0.0187991 0.9108299 0.0098072 -0.4122369
45.103550 -16.0310650 0.1122107 5.5491929 0.0192277 0.9109984 0.0100511 -0.4118388
45.311220 -16.1367378 0.1146262 5.4553266 0.0203727 0.9109864 0.0118378 -0.4117629
45.518940 -16.2392731 0.1168402 5.3647060 0.0221135 0.9111171 0.0127436 -0.4113567
45.726540 -16.3383560 0.1194648 5.2772522 0.0237227 0.9113550 0.0123253 -0.4107524
45.934310 -16.4322433 0.1218610 5.1932445 0.0245155 0.9118334 0.0122315 -0.4096453
46.245920 -16.5658302 0.1249368 5.0722237 0.0276015 0.9147758 0.0091778 -0.4029132
46.557220 -16.6878090 0.1284875 4.9517179 0.0309742 0.9217346 0.0078617 -0.3865024
46.971930 -16.8304119 0.1319484 4.7924209 0.0365476 0.9373876 0.0059414 -0.3463142
47.179170 -16.8881416 0.1331759 4.7100630 0.0343071 0.9474208 0.0082316 -0.3180394
47.490160 -16.9587135 0.1348372 4.5867829 0.0324756 0.9639110 0.0106759 -0.2640207
47.697410 -16.9926910 0.1353168 4.5046620 0.0265578 0.9752347 0.0117014 -0.2192601
47.904910 -17.0170612 0.1355421 4.4216919 0.0164592 0.9846243 0.0113279 -0.1735391
48.112290 -17.0343666 0.1351762 4.3373342 0.0122953 0.9920380 0.0093685 -0.1249871
48.319780 -17.0443840 0.1361337 4.2514143 0.0119669 0.9970732 0.0102306 -0.0748138
48.527420 -17.0429878 0.1365124 4.1654363 0.0036214 0.9995900 0.0150478 -0.0240889
48.734910 -17.0341454 0.1375221 4.0809770 0.0044388 0.9994788 0.0165940 0.0273306
48.942530 -17.0183525 0.1374612 3.9988017 0.0108367 0.9967424 0.0151458 0.0784713
49.046410 -17.0073032 0.1376908 3.9589412 0.0116118 0.9944313 0.0142914 0.1037656
49.254030 -16.9786224 0.1392002 3.8818889 0.0122320 0.9879212 0.0121305 0.1539966
49.461780 -16.9432335 0.1407457 3.8045740 0.0161747 0.9790671 0.0118954 0.2025450
49.669780 -16.8982162 0.1405089 3.7311192 0.0125222 0.9693378 0.0145557 0.2449807
49.773780 -16.8740349 0.1405548 3.6937833 0.0135939 0.9644427 0.0169535 0.2633971
49.878030 -16.8487053 0.1411296 3.6565223 0.0153946 0.9598393 0.0185066 0.2795158
49.982180 -16.8213692 0.1413768 3.6204267 0.0151004 0.9555747 0.0189026 0.2937545
50.086410 -16.7931862 0.1415557 3.5841317 0.0144440 0.9516914 0.0193864 0.3061030
50.190690 -16.7635956 0.1423895 3.5480037 0.0136965 0.9483936 0.0187739 0.3162428
50.295050 -16.7338238 0.1430120 3.5111098 0.0134042 0.9456188 0.0184930 0.3244741
50.399300 -16.7027321 0.1432759 3.4743557 0.0126972 0.9434316 0.0178403 0.3308433
50.608030 -16.6382523 0.1443609 3.3994117 0.0111316 0.9401672 0.0155865 0.3401745
50.816730 -16.5701847 0.1458902 3.3216929 0.0124260 0.9380707 0.0149360 0.3458987
51.025280 -16.4997482 0.1460861 3.2414370 0.0133183 0.9367216 0.0143407 0.3495276
51.233800 -16.4246349 0.1465455 3.1578250 0.0100140 0.9359892 0.0125582 0.3516621
51.338030 -16.3860435 0.1475681 3.1137767 0.0110136 0.9358331 0.0134040 0.3520162
51.546400 -16.3070011 0.1470959 3.0225787 0.0139591 0.9359852 0.0143073 0.3514714
51.754650 -16.2232895 0.1477256 2.9284120 0.0128459 0.9361871 0.0081299 0.3511733
51.962780 -16.1362267 0.1477167 2.8279610 0.0147527 0.9363322 0.0064808 0.3507456
52.171030 -16.0430527 0.1470390 2.7233806 0.0102822 0.9365159 0.0075690 0.3503927
52.379030 -15.9457598 0.1472098 2.6133509 0.0080807 0.9364229 0.0080365 0.3506884
52.587160 -15.8439484 0.1480794 2.4970431 0.0070686 0.9365239 0.0115080 0.3503436
52.795150 -15.7381668 0.1484934 2.3767929 0.0041020 0.9363264 0.0102053 0.3509585
53.003160 -15.6302738 0.1494013 2.2547207 0.0062623 0.9361345 0.0098861 0.3514475
53.211180 -15.5192099 0.1505651 2.1277347 0.0074845 0.9362075 0.0145273 0.3510676
53.419160 -15.4063759 0.1513612 1.9983788 0.0103069 0.9361367 0.0134447 0.3512280
53.627040 -15.2899199 0.1525251 1.8653140 0.0135267 0.9361596 0.0109928 0.3511431
53.835050 -15.1716385 0.1526513 1.7299809 0.0125562 0.9364094 0.0114045 0.3504991
54.042910 -15.0525026 0.1529491 1.5949259 0.0115981 0.9365673 0.0143065 0.3500036
54.250800 -14.9349022 0.1537083 1.4578524 0.0171389 0.9365924 0.0176982 0.3495536
54.458660 -14.8167057 0.1548737 1.3208117 0.0186872 0.9365259 0.0231963 0.3493307
54.666410 -14.6996346 0.1570583 1.1848555 0.0204333 0.9364216 0.0258730 0.3493246
54.874290 -14.5834007 0.1583931 1.0528817 0.0224100 0.9368991 0.0177899 0.3484271
55.082040 -14.4679012 0.1583232 0.9199891 0.0228032 0.9372228 0.0177769 0.3475304
55.290780 -14.3526363 0.1583713 0.7867532 0.0225031 0.9374923 0.0197317 0.3467168
55.497680 -14.2402802 0.1584260 0.6578436 0.0192629 0.9393246 0.0190124 0.3419602
55.705670 -14.1327133 0.1586919 0.5274796 0.0188616 0.9428590 0.0187049 0.3321314
55.913810 -14.0294285 0.1604180 0.3918648 0.0205151 0.9480856 0.0212408 0.3166412
56.226190 -13.8901424 0.1644400 0.1844110 0.0238723 0.9589994 0.0242180 0.2813606
56.434670 -13.8070679 0.1677689 0.0372267 0.0266599 0.9675030 0.0256347 0.2501403
56.643030 -13.7363548 0.1705578 -0.1105719 0.0298503 0.9752207 0.0211180 0.2181915
56.851430 -13.6748047 0.1719988 -0.2589402 0.0296246 0.9821806 0.0129640 0.1851368
57.059650 -13.6233368 0.1718706 -0.4118764 0.0264997 0.9874668 0.0120770 0.1551171
57.163560 -13.6001453 0.1715534 -0.4883928 0.0272668 0.9894168 0.0114627 0.1420549
57.371290 -13.5603600 0.1729145 -0.6452951 0.0282660 0.9921194 0.0110348 0.1215660
57.579070 -13.5244827 0.1737540 -0.8065686 0.0264759 0.9942612 0.0147793 0.1025929
57.682930 -13.5089321 0.1747440 -0.8884212 0.0264153 0.9951414 0.0146034 0.0937152
57.890570 -13.4811497 0.1759796 -1.0534356 0.0276570 0.9964837 0.0109045 0.0783358
58.098070 -13.4577208 0.1786624 -1.2236112 0.0328874 0.9968750 0.0175798 0.0696382
58.305440 -13.4341736 0.1828118 -1.3968183 0.0336318 0.9969270 0.0221064 0.0672070
58.512810 -13.4094601 0.1868965 -1.5700769 0.0292568 0.9972018 0.0182814 0.0663206
58.720450 -13.3816175 0.1904610 -1.7489886 0.0225655 0.9974372 0.0168533 0.0657703
58.927820 -13.3572464 0.1943758 -1.9305947 0.0205011 0.9973918 0.0185361 0.0666764
59.135420 -13.3314590 0.1985285 -2.1137123 0.0192016 0.9973416 0.0179618 0.0679581
59.343070 -13.3046007 0.2024062 -2.2995193 0.0176380 0.9973591 0.0158189 0.0686549
59.550680 -13.2776499 0.2051752 -2.4872530 0.0147277 0.9974672 0.0151747 0.0679119
59.758420 -13.2498407 0.2076756 -2.6732712 0.0138237 0.9976010 0.0156171 0.0660098
59.965990 -13.2236376 0.2095125 -2.8562737 0.0136005 0.9976758 0.0166587 0.0646575
60.173450 -13.1985435 0.2129235 -3.0372758 0.0129342 0.9977179 0.0183759 0.0636720
60.381050 -13.1740808 0.2154026 -3.2173400 0.0124891 0.9978136 0.0165109 0.0627653
60.588540 -13.1497984 0.2176050 -3.3961675 0.0121449 0.9978898 0.0158888 0.0617736
60.797000 -13.1260624 0.2198666 -3.5743284 0.0111882 0.9980276 0.0171127 0.0593540
60.900200 -13.1149387 0.2208833 -3.6623030 0.0109990 0.9981197 0.0170218 0.0578490
61.003920 -13.1045046 0.2214322 -3.7500548 0.0103452 0.9982136 0.0167604 0.0564057
61.107700 -13.0947762 0.2222101 -3.8357632 0.0094909 0.9983125 0.0162527 0.0549348
61.211580 -13.0847416 0.2232548 -3.9216971 0.0093172 0.9983847 0.0170384 0.0533933
61.315290 -13.0749159 0.2246124 -4.0066681 0.0091434 0.9984575 0.0177074 0.0518218
61.419200 -13.0667982 0.2261370 -4.0919700 0.0095971 0.9984952 0.0183385 0.0507832
61.522950 -13.0577154 0.2274812 -4.1765952 0.0099313 0.9985569 0.0184599 0.0494435
61.626790 -13.0494118 0.2291238 -4.2609959 0.0100448 0.9986135 0.0180198 0.0484296
61.730990 -13.0410204 0.2303236 -4.3450384 0.0101933 0.9986658 0.0176247 0.0474566
61.834510 -13.0323086 0.2313695 -4.4283371 0.0098253 0.9987047 0.0177256 0.0466701
61.938390 -13.0231571 0.2328221 -4.5113215 0.0092719 0.9987434 0.0179505 0.0458635
62.042070 -13.0152855 0.2336741 -4.5938153 0.0088334 0.9987762 0.0173130 0.0454793
62.145930 -13.0069265 0.2347938 -4.6763725 0.0088662 0.9988306 0.0150446 0.0450821
62.353660 -12.9920549 0.2367276 -4.8382702 0.0088271 0.9988455 0.0130340 0.0453861
62.561290 -12.9762259 0.2377608 -4.9987478 0.0100430 0.9987982 0.0141701 0.0458313
62.769050 -12.9602356 0.2388753 -5.1597958 0.0112983 0.9987310 0.0152579 0.0466471
62.976670 -12.9438438 0.2406724 -5.3190308 0.0106263 0.9986979 0.0157317 0.0473501
63.184460 -12.9269934 0.2420751 -5.4762735 0.0119719 0.9986480 0.0145920 0.0484334
63.288240 -12.9189224 0.2427233 -5.5540037 0.0123948 0.9985750 0.0140515 0.0499678
63.495820 -12.9012070 0.2434832 -5.7084231 0.0117158 0.9984710 0.0130682 0.0524181
63.703640 -12.8842239 0.2443694 -5.8602371 0.0114403 0.9983910 0.0128309 0.0540351
63.911420 -12.8664055 0.2450857 -6.0086756 0.0100223 0.9983926 0.0148702 0.0537637
64.119460 -12.8494387 0.2461916 -6.1535196 0.0091469 0.9984604 0.0154642 0.0524794
64.327430 -12.8339205 0.2471145 -6.2922831 0.0075968 0.9986337 0.0154860 0.0493274
64.535560 -12.8220940 0.2475597 -6.4265018 0.0083107 0.9989126 0.0156752 0.0431138
64.743580 -12.8118563 0.2482103 -6.5540085 0.0104868 0.9991888 0.0168270 0.0350504
65.055500 -12.8041277 0.2504113 -6.7341108 0.0136946 0.9994683 0.0175240 0.0238422
65.471470 -12.7992449 0.2523946 -6.9431586 0.0158416 0.9996642 0.0168334 0.0117115
65.575320 -12.7986240 0.2527466 -6.9896450 0.0170027 0.9996772 0.0164553 0.0092499
65.887300 -12.7966652 0.2538420 -7.1156001 0.0182293 0.9996576 0.0185759 0.0027007
65.991170 -12.7963724 0.2532673 -7.1524930 0.0184557 0.9996462 0.0191212 0.0010868
66.199080 -12.7972860 0.2546621 -7.2211442 0.0203666 0.9996009 0.0195330 -0.0012926
66.303070 -12.7977667 0.2551866 -7.2514086 0.0207775 0.9995836 0.0199256 -0.0019693
66.407050 -12.7974977 0.2559208 -7.2791510 0.0205773 0.9995757 0.0204763 -0.0023920
66.512930 -12.7980480 0.2561712 -7.3046479 0.0203417 0.9995733 0.0208751 -0.0019273
66.718800 -12.7964602 0.2561668 -7.3478703 0.0178598 0.9996367 0.0201713 -0.0007303
67.238470 -12.7938137 0.2566677 -7.4269395 0.0173158 0.9996910 0.0171310 0.0049555
67.862190 -12.7907953 0.2575490 -7.4997268 0.0162240 0.9996041 0.0166000 0.0159005
75.559590 -12.7742987 0.2582518 -7.5730820 0.0120041 0.9969391 0.0150671 0.0757713
75.975180 -12.7672710 0.2584471 -7.5893068 0.0115349 0.9944362 0.0135070 0.1038323
76.598340 -12.7427425 0.2590880 -7.6425323 0.0109272 0.9865356 0.0146107 0.1625256
77.013440 -12.7129002 0.2599834 -7.6942682 0.0112790 0.9766842 0.0189068 0.2135496
77.220840 -12.6934509 0.2606581 -7.7231007 0.0120380 0.9691389 0.0212399 0.2453033
77.428190 -12.6689796 0.2608309 -7.7523813 0.0117630 0.9586639 0.0200122 0.2835923
77.635430 -12.6365156 0.2615077 -7.7873254 0.0107334 0.9442271 0.0178235 0.3286370
77.842690 -12.5939426 0.2620834 -7.8259926 0.0149817 0.9254432 0.0162711 0.3782403
78.050250 -12.5385561 0.2633276 -7.8665018 0.0158942 0.9042308 0.0145101 0.4265015
78.257840 -12.4704647 0.2644092 -7.9071832 0.0169737 0.8801908 0.0157402 0.4740551
78.465430 -12.3896523 0.2644177 -7.9447927 0.0155960 0.8533993 0.0196955 0.5206519
78.673060 -12.2986965 0.2652060 -7.9777918 0.0170657 0.8232269 0.0255387 0.5668809
78.880800 -12.1944408 0.2659586 -8.0028667 0.0168374 0.7917593 0.0294263 0.6098917
79.088830 -12.0780258 0.2671352 -8.0214338 0.0185497 0.7610822 0.0309825 0.6476495
79.297060 -11.9511719 0.2690586 -8.0291481 0.0193089 0.7366964 0.0287720 0.6753352
79.505690 -11.8133526 0.2701774 -8.0330038 0.0208287 0.7199729 0.0261968 0.6931947
79.714470 -11.6657991 0.2704774 -8.0339251 0.0224346 0.7086985 0.0258138 0.7046821
79.818800 -11.5891962 0.2697936 -8.0320988 0.0239636 0.7038655 0.0256702 0.7094647
80.027420 -11.4310780 0.2679722 -8.0252905 0.0271874 0.6936890 0.0237550 0.7193692
80.235930 -11.2643576 0.2656175 -8.0142727 0.0247769 0.6859993 0.0205661 0.7268894
80.444550 -11.0887470 0.2631357 -8.0000877 0.0222720 0.6834753 0.0174150 0.7294259
80.653190 -10.9029913 0.2613223 -7.9866543 0.0214846 0.6827443 0.0179975 0.7301197
80.861430 -10.7115612 0.2579217 -7.9713440 0.0218976 0.6800907 0.0190140 0.7325542
81.069680 -10.5109129 0.2547328 -7.9543047 0.0219369 0.6767648 0.0182858 0.7356452
81.277810 -10.3046284 0.2504430 -7.9360504 0.0210226 0.6728461 0.0194870 0.7392269
81.485930 -10.0932379 0.2478398 -7.9113469 0.0193858 0.6697285 0.0222215 0.7420203
81.694050 -9.8761148 0.2461641 -7.8867936 0.0197133 0.6693403 0.0205849 0.7424091
81.798060 -9.7646570 0.2453299 -7.8754792 0.0198250 0.6696815 0.0202879 0.7421065
82.006180 -9.5429411 0.2412582 -7.8494420 0.0191025 0.6707264 0.0231252 0.7410982
82.214180 -9.3216543 0.2381528 -7.8255401 0.0186433 0.6714650 0.0241920 0.7404066
82.318180 -9.2123775 0.2357974 -7.8130622 0.0184716 0.6719821 0.0244205 0.7399341
82.526180 -8.9958935 0.2319208 -7.7916136 0.0196060 0.6724977 0.0230414 0.7394806
82.734050 -8.7788219 0.2298193 -7.7703390 0.0185623 0.6729570 0.0231104 0.7390875
82.942060 -8.5635710 0.2269680 -7.7462440 0.0181149 0.6738204 0.0230052 0.7383147
83.149930 -8.3481674 0.2233354 -7.7258830 0.0199130 0.6740935 0.0222284 0.7380429
83.357930 -8.1352348 0.2200158 -7.7045083 0.0168628 0.6743345 0.0234100 0.7378622
83.565930 -7.9221654 0.2182884 -7.6832786 0.0150212 0.6748561 0.0218493 0.7374729
83.773690 -7.7122087 0.2144244 -7.6629934 0.0152328 0.6751692 0.0211524 0.7372022
83.981560 -7.5008326 0.2122644 -7.6422210 0.0146312 0.6754502 0.0219307 0.7369342
84.189660 -7.2910676 0.2088825 -7.6223555 0.0165838 0.6758045 0.0224754 0.7365515
84.500970 -6.9774017 0.2047813 -7.5943775 0.0184032 0.6739912 0.0243259 0.7381094
84.708560 -6.7714000 0.2008879 -7.5745921 0.0176833 0.6713997 0.0250951 0.7404593
84.916060 -6.5670938 0.1979280 -7.5506706 0.0172570 0.6695927 0.0227185 0.7421803
85.020090 -6.4656858 0.1967422 -7.5392585 0.0170505 0.6685919 0.0223141 0.7430992
85.227440 -6.2645197 0.1939216 -7.5169806 0.0163816 0.6671527 0.0231599 0.7443807
85.331180 -6.1659122 0.1925055 -7.5056324 0.0159760 0.6665490 0.0231801 0.7449294
85.435100 -6.0668635 0.1917032 -7.4943986 0.0157178 0.6660786 0.0232291 0.7453541
85.538870 -5.9680605 0.1899850 -7.4822464 0.0148509 0.6658401 0.0228178 0.7455976
85.642600 -5.8702793 0.1891115 -7.4699922 0.0145723 0.6660201 0.0226834 0.7454464
85.746450 -5.7725053 0.1876545 -7.4584360 0.0141375 0.6664008 0.0217021 0.7451437
85.850400 -5.6752777 0.1867400 -7.4470563 0.0139335 0.6670178 0.0213666 0.7446050
86.058060 -5.4844670 0.1843425 -7.4252410 0.0156929 0.6684610 0.0230193 0.7432253
86.161940 -5.3880610 0.1831058 -7.4151630 0.0172152 0.6692873 0.0236872 0.7424265
86.369740 -5.1974821 0.1803374 -7.3942089 0.0188822 0.6713199 0.0254371 0.7404904
86.577490 -5.0063114 0.1769412 -7.3745680 0.0170807 0.6729935 0.0263543 0.7389814
86.785510 -4.8161373 0.1747497 -7.3560896 0.0166038 0.6746998 0.0249846 0.7374823
86.992950 -4.6294765 0.1729140 -7.3378625 0.0181228 0.6762313 0.0224959 0.7361228
87.200570 -4.4410305 0.1707573 -7.3212328 0.0194598 0.6771763 0.0220462 0.7352330
87.408330 -4.2537284 0.1679424 -7.3051133 0.0177731 0.6773194 0.0235298 0.7350979
87.616060 -4.0683646 0.1658342 -7.2883310 0.0147961 0.6769689 0.0223224 0.7355242
87.823570 -3.8827572 0.1642341 -7.2695971 0.0121741 0.6769312 0.0188601 0.7357039
88.135050 -3.6085639 0.1602643 -7.2453370 0.0111201 0.6761847 0.0151420 0.7364926
88.342600 -3.4239430 0.1582581 -7.2271914 0.0113951 0.6759885 0.0182787 0.7365973
88.653930 -3.1533563 0.1544415 -7.2024331 0.0124196 0.6748328 0.0210047 0.7375671
88.861690 -2.9730513 0.1536661 -7.1840606 0.0143583 0.6747119 0.0188804 0.7377000
89.173320 -2.7070601 0.1498260 -7.1589851 0.0168085 0.6744272 0.0192076 0.7379000
89.485130 -2.4460096 0.1447441 -7.1350627 0.0194252 0.6749564 0.0211313 0.7372991
89.900710 -2.1024899 0.1391844 -7.1039734 0.0176258 0.6765674 0.0209408 0.7358718
90.108700 -1.9329616 0.1361720 -7.0887685 0.0161276 0.6774341 0.0215388 0.7350912
90.316520 -1.7651424 0.1337377 -7.0741253 0.0160931 0.6782203 0.0223692 0.7343417
90.524330 -1.5997406 0.1319416 -7.0606093 0.0161799 0.6788160 0.0222000 0.7337944
90.732220 -1.4375184 0.1293909 -7.0471182 0.0144262 0.6794357 0.0219326 0.7332653
90.940100 -1.2823185 0.1273595 -7.0340586 0.0130491 0.6799540 0.0218203 0.7328139
91.251940 -1.0637610 0.1255524 -7.0155940 0.0128496 0.6788941 0.0217006 0.7338030
91.459820 -0.9266437 0.1236038 -7.0033908 0.0123232 0.6762302 0.0205028 0.7363019
91.771700 -0.7339117 0.1205620 -6.9822788 0.0133492 0.6702502 0.0188243 0.7417763
92.083700 -0.5587425 0.1168179 -6.9582014 0.0161094 0.6583070 0.0183997 0.7523522
92.394820 -0.4006567 0.1134067 -6.9289370 0.0160296 0.6423587 0.0193260 0.7659928
92.706330 -0.2602514 0.1101253 -6.8937740 0.0147410 0.6208087 0.0154620 0.7836710
93.017610 -0.1306543 0.1062885 -6.8524551 0.0137103 0.5934592 0.0147566 0.8046119
93.225060 -0.0521615 0.1036190 -6.8193865 0.0142254 0.5703831 0.0126284 0.8211585
93.432440 0.0210187 0.1011351 -6.7824545 0.0170803 0.5401670 0.0111576 0.8413105
93.639690 0.0896423 0.0981914 -6.7409658 0.0175074 0.5005451 0.0143585 0.8654143
93.847210 0.1514361 0.0951164 -6.6913452 0.0153024 0.4554077 0.0109061 0.8900847
94.054400 0.2062654 0.0919492 -6.6373301 0.0173690 0.4081049 0.0092519 0.9127229
94.261830 0.2556603 0.0891394 -6.5788879 0.0168944 0.3602039 0.0082033 0.9326845
94.469450 0.2973490 0.0864476 -6.5135112 0.0117207 0.3118281 0.0013122 0.9500654
94.677090 0.3353155 0.0846770 -6.4439087 0.0059688 0.2623010 0.0035144 0.9649612
94.780820 0.3497424 0.0831415 -6.4077783 0.0022553 0.2379862 0.0026633 0.9712623
94.884790 0.3621395 0.0824493 -6.3697748 -0.0021110 0.2135753 -0.0028113 0.9769202
94.988570 0.3735938 0.0818429 -6.3311143 -0.0034679 0.1892077 -0.0045322 0.9819205
95.092440 0.3838438 0.0817107 -6.2928648 -0.0024584 0.1649934 -0.0052908 0.9862774
95.196460 0.3928342 0.0811992 -6.2536988 -0.0016290 0.1428826 -0.0048837 0.9897262
95.404570 0.4061801 0.0804983 -6.1715713 -0.0015239 0.1044927 -0.0080257 0.9944921
95.508570 0.4110490 0.0803310 -6.1298337 -0.0014114 0.0874851 -0.0108899 0.9961053
95.717080 0.4196028 0.0795664 -6.0425749 -0.0019779 0.0623477 -0.0120285 0.9979801
95.925440 0.4266030 0.0782465 -5.9520535 -0.0021624 0.0426904 -0.0111170 0.9990242
96.029700 0.4284199 0.0781318 -5.9041672 -0.0012781 0.0353638 -0.0106990 0.9993164
96.133950 0.4305061 0.0777503 -5.8556848 -0.0007986 0.0282727 -0.0111351 0.9995379
96.342320 0.4318977 0.0766862 -5.7526941 -0.0004806 0.0143009 -0.0111521 0.9998354
96.550570 0.4303634 0.0755238 -5.6428366 -0.0006299 0.0004659 -0.0097653 0.9999520
96.758950 0.4260990 0.0749076 -5.5269213 0.0003986 -0.0107895 -0.0099939 0.9998918
96.967200 0.4196021 0.0739615 -5.4044724 0.0016961 -0.0179030 -0.0106212 0.9997818
97.175570 0.4125815 0.0722205 -5.2760501 0.0019766 -0.0213343 -0.0103785 0.9997166
97.383810 0.4047919 0.0708411 -5.1420965 0.0006475 -0.0239650 -0.0094455 0.9996679
97.592070 0.3964192 0.0696277 -5.0048470 -0.0016839 -0.0270214 -0.0083637 0.9995984
97.800340 0.3874824 0.0679338 -4.8671837 -0.0037822 -0.0303052 -0.0072009 0.9995076
98.008320 0.3774324 0.0662701 -4.7295480 -0.0043016 -0.0336998 -0.0050429 0.9994100
98.216470 0.3665745 0.0647647 -4.5932479 -0.0042014 -0.0371501 -0.0044706 0.9992909
98.424320 0.3541554 0.0635340 -4.4569774 -0.0043025 -0.0392303 -0.0051598 0.9992076
98.632320 0.3418750 0.0623595 -4.3199897 -0.0041872 -0.0401140 -0.0057290 0.9991699
98.840320 0.3291518 0.0615404 -4.1834750 -0.0044615 -0.0402163 -0.0053719 0.9991666
99.048200 0.3167009 0.0603102 -4.0475497 -0.0056282 -0.0403595 -0.0051226 0.9991562
99.256070 0.3039380 0.0595332 -3.9126904 -0.0060835 -0.0402082 -0.0050539 0.9991601
99.464100 0.2914335 0.0585154 -3.7779210 -0.0055319 -0.0396368 -0.0053131 0.9991847
99.671950 0.2800963 0.0583703 -3.6444826 -0.0050705 -0.0384624 -0.0049933 0.9992347
99.879940 0.2689528 0.0574898 -3.5150824 -0.0054963 -0.0370595 -0.0039841 0.9992900
100.191800 0.2543240 0.0561092 -3.3277342 -0.0072812 -0.0353305 -0.0047938 0.9993377
100.399700 0.2455029 0.0548530 -3.2094183 -0.0047268 -0.0349361 -0.0034945 0.9993722
100.607700 0.2353264 0.0536534 -3.0927567 -0.0022171 -0.0341738 -0.0064115 0.9993929
100.815600 0.2269158 0.0516882 -2.9773297 -0.0019074 -0.0338292 -0.0064990 0.9994047
101.023600 0.2179769 0.0493224 -2.8643131 -0.0009192 -0.0334896 -0.0075420 0.9994102
101.231500 0.2088500 0.0478839 -2.7531044 -0.0003162 -0.0335315 -0.0087666 0.9993992
101.439300 0.2000889 0.0461003 -2.6433666 -0.0009426 -0.0339098 -0.0081987 0.9993908
101.647200 0.1907343 0.0444390 -2.5339847 -0.0005658 -0.0347603 -0.0077718 0.9993653
101.855100 0.1815527 0.0426924 -2.4257574 0.0004704 -0.0361978 -0.0076980 0.9993149
102.062900 0.1728611 0.0407327 -2.3199852 0.0005361 -0.0380578 -0.0075589 0.9992468
102.270800 0.1632043 0.0388434 -2.2140360 0.0004757 -0.0396866 -0.0061799 0.9991930
102.478700 0.1537356 0.0371904 -2.1102650 -0.0004566 -0.0415243 -0.0057798 0.9991207
102.686600 0.1446194 0.0350840 -2.0076852 -0.0015314 -0.0433921 -0.0063632 0.9990367
102.894400 0.1345435 0.0335971 -1.9084607 -0.0019730 -0.0441645 -0.0062550 0.9990028
103.102400 0.1252574 0.0317760 -1.8125345 -0.0021635 -0.0438207 -0.0071745 0.9990113
103.310300 0.1162072 0.0303242 -1.7208713 -0.0018850 -0.0421884 -0.0078791 0.9990768
103.518300 0.1096359 0.0289706 -1.6324236 -0.0015992 -0.0411151 -0.0075334 0.9991248
103.726300 0.1027422 0.0275277 -1.5480862 -0.0010991 -0.0397404 -0.0079020 0.9991782
103.934300 0.0956494 0.0265287 -1.4678005 -0.0009726 -0.0385319 -0.0081976 0.9992233
104.142300 0.0905632 0.0249430 -1.3918383 -0.0013802 -0.0378159 -0.0075661 0.9992551
104.350600 0.0851211 0.0240134 -1.3218137 -0.0024456 -0.0367475 -0.0078095 0.9992911
104.558200 0.0791774 0.0228955 -1.2596538 -0.0027466 -0.0356892 -0.0086998 0.9993213
104.870200 0.0735603 0.0211638 -1.1790190 -0.0019823 -0.0346846 -0.0074817 0.9993683
105.078600 0.0694861 0.0200557 -1.1314915 -0.0012997 -0.0340264 -0.0075677 0.9993914
105.286000 0.0666288 0.0193499 -1.0853380 0.0005468 -0.0337071 -0.0073161 0.9994048
105.701800 0.0602530 0.0174978 -0.9951267 -0.0000699 -0.0332691 -0.0065863 0.9994247
106.221500 0.0522976 0.0153827 -0.8866508 -0.0003019 -0.0354502 -0.0051666 0.9993581
106.429300 0.0480223 0.0148464 -0.8441366 -0.0002720 -0.0408501 -0.0052962 0.9991512
106.845000 0.0365979 0.0135224 -0.7608894 0.0001919 -0.0534502 -0.0078159 0.9985399
107.260700 0.0245686 0.0118561 -0.6785545 0.0005308 -0.0613078 -0.0090841 0.9980775
107.468800 0.0187648 0.0111473 -0.6378677 0.0009641 -0.0609781 -0.0101365 0.9980872
107.676800 0.0139107 0.0103297 -0.5981947 0.0006756 -0.0593297 -0.0094630 0.9981934
107.989000 0.0077265 0.0093816 -0.5395188 0.0007861 -0.0557525 -0.0092171 0.9984018
108.197100 0.0032865 0.0087268 -0.5010110 0.0008643 -0.0526606 -0.0091665 0.9985700
108.821000 -0.0067400 0.0069606 -0.3769648 0.0031848 -0.0398434 -0.0084649 0.9991650
109.132800 -0.0103102 0.0054786 -0.3038686 0.0023978 -0.0325837 -0.0069279 0.9994421
109.444700 -0.0145160 0.0043742 -0.2224886 0.0008140 -0.0248985 -0.0052551 0.9996758
109.756500 -0.0179700 0.0031952 -0.1341433 -0.0006166 -0.0183156 -0.0048128 0.9998205
110.068200 -0.0195421 0.0007340 -0.0388182 0.0011259 -0.0146866 -0.0020082 0.9998895
110.587800 -0.0212752 -0.0017307 0.1340124 0.0011124 -0.0017319 -0.0013121 0.9999970
111.106600 -0.0276348 -0.0068540 0.3003017 0.0087391 -0.0252437 -0.0038455 0.9996358
111.521300 -0.0478657 -0.0106697 0.4271490 0.0030141 -0.0712541 -0.0054313 0.9974388
111.936400 -0.0799704 -0.0129457 0.5465160 -0.0029986 -0.1201172 -0.0097382 0.9927074
112.352500 -0.1139249 -0.0145651 0.6618415 -0.0072133 -0.1294759 -0.0186025 0.9913818
112.769200 -0.1354404 -0.0141074 0.7605965 -0.0106103 -0.1109498 -0.0136765 0.9936752
113.185700 -0.1437779 -0.0145211 0.8095232 -0.0088976 -0.0942271 -0.0118585 0.9954403
