3.116499 0.0000000 0.0000000 0.0000000 0.0000000 0.0000000 0.0000000 1.0000000
3.220123 0.0004478 -0.0002930 0.0426849 -0.0010750 0.0058112 -0.0003437 0.9999825
3.323750 0.0016087 -0.0003643 0.0870146 -0.0020799 0.0112664 -0.0007414 0.9999341
3.427371 0.0033564 -0.0005256 0.1327164 -0.0030613 0.0164022 -0.0009594 0.9998603
3.531001 0.0054861 -0.0006148 0.1797017 -0.0040782 0.0216706 -0.0012344 0.9997561
3.634758 0.0082540 -0.0005085 0.2278585 -0.0047171 0.0269775 -0.0009423 0.9996245
3.738395 0.0113708 -0.0008668 0.2772704 -0.0055146 0.0323725 -0.0008202 0.9994603
3.842137 0.0155806 -0.0007437 0.3272755 -0.0070243 0.0375947 -0.0011713 0.9992677
3.945774 0.0193845 -0.0002088 0.3776412 -0.0088067 0.0436798 -0.0016096 0.9990055
4.049501 0.0247850 -0.0000710 0.4284510 -0.0107668 0.0497604 -0.0014911 0.9987020
4.153250 0.0305476 -0.0000397 0.4791460 -0.0119515 0.0563435 -0.0015959 0.9983386
4.257002 0.0369665 0.0003020 0.5305367 -0.0121184 0.0635696 -0.0013884 0.9979029
4.360751 0.0439628 0.0009183 0.5817138 -0.0114684 0.0710562 -0.0018251 0.9974047
4.464541 0.0528313 0.0011200 0.6329938 -0.0108690 0.0791406 -0.0016647 0.9968028
4.568398 0.0620181 0.0011748 0.6844658 -0.0102686 0.0895773 -0.0025778 0.9959236
4.776128 0.0847843 0.0010040 0.7864088 -0.0098161 0.1175536 -0.0052080 0.9930044
4.984148 0.1153328 0.0009428 0.8883535 -0.0093519 0.1511798 -0.0059984 0.9884439
5.192023 0.1526904 0.0001792 0.9884822 -0.0076794 0.1841821 -0.0063219 0.9828418
5.399752 0.1977035 -0.0008404 1.0870016 -0.0035612 0.2159049 -0.0054236 0.9763928
5.607400 0.2491837 -0.0025475 1.1806773 0.0033654 0.2461411 0.0005242 0.9692280
5.815003 0.3066525 -0.0057613 1.2722027 0.0091989 0.2739283 0.0072270 0.9616790
6.022375 0.3674603 -0.0105833 1.3595948 0.0218091 0.2996671 0.0091032 0.9537511
6.229773 0.4318247 -0.0175707 1.4439118 0.0376028 0.3249131 0.0044894 0.9449853
6.540880 0.5374420 -0.0319555 1.5635352 0.0444650 0.3608779 0.0074188 0.9315229
6.748254 0.6130198 -0.0409303 1.6395576 0.0410537 0.3806816 0.0143130 0.9236835
7.059005 0.7275968 -0.0538321 1.7473042 0.0439408 0.3991548 0.0159007 0.9156920
7.370130 0.8447118 -0.0670032 1.8505147 0.0437258 0.4152288 0.0135287 0.9085648
7.681003 0.9678587 -0.0798335 1.9532728 0.0477206 0.4207964 0.0134899 0.9057986
7.888275 1.0518801 -0.0895532 2.0253944 0.0473360 0.4158823 0.0142230 0.9080743
8.095633 1.1385016 -0.0995400 2.1022758 0.0466304 0.4082099 0.0126369 0.9116088
8.303130 1.2267864 -0.1101365 2.1834116 0.0450663 0.4024402 0.0094119 0.9142879
8.510755 1.3176293 -0.1207835 2.2684038 0.0426141 0.4020257 0.0064430 0.9146135
8.718382 1.4126172 -0.1315924 2.3551195 0.0418313 0.4026667 0.0064557 0.9143676
8.925883 1.5090604 -0.1422196 2.4437568 0.0410154 0.4028807 0.0065886 0.9143093
9.133505 1.6072762 -0.1531529 2.5340109 0.0402071 0.4029553 0.0056337 0.9143187
9.341007 1.7058705 -0.1647618 2.6246073 0.0396235 0.4027200 0.0051769 0.9144505
9.444755 1.7540486 -0.1708167 2.6696577 0.0387316 0.4021132 0.0054433 0.9147542
9.652155 1.8514106 -0.1820204 2.7600868 0.0366850 0.3996904 0.0066363 0.9158918
9.859630 1.9488666 -0.1922868 2.8519099 0.0368024 0.3973367 0.0066314 0.9169106
10.171130 2.0922623 -0.2084971 2.9867098 0.0390041 0.3987204 0.0050027 0.9162291
10.378880 2.1897485 -0.2193738 3.0762534 0.0387396 0.4039867 0.0053278 0.9139287
10.586510 2.2871671 -0.2310357 3.1634490 0.0359443 0.4096341 0.0054272 0.9115254
10.794130 2.3842821 -0.2412198 3.2483172 0.0385832 0.4149963 0.0056641 0.9089870
10.898010 2.4322631 -0.2465250 3.2900915 0.0392728 0.4176244 0.0049780 0.9077570
11.105390 2.5292583 -0.2576900 3.3730564 0.0388549 0.4215237 0.0050953 0.9059703
11.209130 2.5780077 -0.2621975 3.4137688 0.0352610 0.4227767 0.0070420 0.9055203
11.416630 2.6752808 -0.2714133 3.4951696 0.0297500 0.4248095 0.0099485 0.9047391
11.624010 2.7700231 -0.2797703 3.5745537 0.0354894 0.4263733 0.0079836 0.9038156
11.831510 2.8667297 -0.2890770 3.6531959 0.0374792 0.4264974 0.0121583 0.9036302
12.038930 2.9632955 -0.2972941 3.7332273 0.0333263 0.4259355 0.0121435 0.9040580
12.142640 3.0109854 -0.3014387 3.7735019 0.0299409 0.4255971 0.0118951 0.9043391
12.350150 3.1056404 -0.3086327 3.8541884 0.0255893 0.4245363 0.0051358 0.9050347
12.557630 3.2008345 -0.3167444 3.9331727 0.0269489 0.4216972 0.0086881 0.9062945
12.765050 3.2938447 -0.3237540 4.0129666 0.0295125 0.4146555 0.0113322 0.9094292
12.972400 3.3846440 -0.3311807 4.0941300 0.0306445 0.4051443 0.0132461 0.9136430
13.076170 3.4287140 -0.3349189 4.1361613 0.0295065 0.3995765 0.0125974 0.9161382
13.179930 3.4728985 -0.3388540 4.1785355 0.0277739 0.3935268 0.0134633 0.9187949
13.283680 3.5160923 -0.3423846 4.2211862 0.0274690 0.3877045 0.0131087 0.9212811
13.387430 3.5585830 -0.3456477 4.2643509 0.0272541 0.3815899 0.0135335 0.9238307
13.491130 3.5996590 -0.3492106 4.3077383 0.0277863 0.3757040 0.0139061 0.9262187
13.594890 3.6413577 -0.3534679 4.3511896 0.0298505 0.3691026 0.0130961 0.9288169
13.698760 3.6812861 -0.3573836 4.3946853 0.0344248 0.3632233 0.0125183 0.9309818
13.802490 3.7215848 -0.3612739 4.4392943 0.0369321 0.3565845 0.0112843 0.9334646
14.010030 3.7986586 -0.3704085 4.5299387 0.0332287 0.3448348 0.0104247 0.9380171
14.217640 3.8723390 -0.3797463 4.6211219 0.0360656 0.3362153 0.0052757 0.9410796
14.321530 3.9084213 -0.3838325 4.6672416 0.0386261 0.3339540 0.0002859 0.9417976
14.529260 3.9797404 -0.3944984 4.7587900 0.0396465 0.3305396 -0.0018100 0.9429573
14.736910 4.0514760 -0.4048524 4.8510094 0.0374401 0.3250929 -0.0033071 0.9449348
14.944510 4.1219091 -0.4155086 4.9441257 0.0339692 0.3196424 -0.0032855 0.9469234
15.152010 4.1897068 -0.4253895 5.0390115 0.0332651 0.3137562 -0.0113136 0.9488533
15.359530 4.2580824 -0.4353947 5.1337309 0.0370900 0.3066346 -0.0107636 0.9510435
15.670890 4.3577452 -0.4516457 5.2775674 0.0320345 0.2962335 -0.0103078 0.9545225
15.774640 4.3894749 -0.4564172 5.3257480 0.0336615 0.2932426 -0.0120416 0.9553694
15.982160 4.4532256 -0.4668914 5.4235973 0.0350835 0.2867983 -0.0135578 0.9572524
16.086050 4.4850874 -0.4720307 5.4735355 0.0349342 0.2832208 -0.0133974 0.9583246
16.189760 4.5160007 -0.4771483 5.5225525 0.0349005 0.2792788 -0.0113860 0.9595080
16.293510 4.5464315 -0.4822609 5.5707579 0.0353876 0.2754847 -0.0101994 0.9605998
16.397260 4.5765233 -0.4873781 5.6197066 0.0357635 0.2721082 -0.0095869 0.9615541
16.501030 4.6053677 -0.4927124 5.6695266 0.0349345 0.2689215 -0.0125887 0.9624460
16.708640 4.6633368 -0.5027626 5.7681513 0.0341466 0.2636421 -0.0131065 0.9639269
16.916160 4.7205930 -0.5131289 5.8675852 0.0350150 0.2590732 -0.0116788 0.9651521
17.123760 4.7780108 -0.5234650 5.9673157 0.0339598 0.2535281 -0.0047340 0.9667201
17.331410 4.8330736 -0.5331430 6.0668459 0.0343940 0.2489173 -0.0048605 0.9679016
17.539040 4.8867297 -0.5426822 6.1671124 0.0349281 0.2462443 -0.0073289 0.9685505
17.642890 4.9134502 -0.5475699 6.2173290 0.0342499 0.2457784 -0.0074942 0.9686918
17.850540 4.9673443 -0.5568678 6.3182440 0.0294714 0.2449410 -0.0064663 0.9690684
18.058140 5.0210929 -0.5659493 6.4179053 0.0308942 0.2436453 -0.0063951 0.9693512
18.265770 5.0719614 -0.5740984 6.5162492 0.0322905 0.2441048 -0.0092093 0.9691674
18.369580 5.0981865 -0.5794576 6.5660501 0.0315293 0.2437256 -0.0098692 0.9692813
18.577160 5.1507421 -0.5886282 6.6647177 0.0331995 0.2429507 -0.0090568 0.9694281
18.784860 5.2003064 -0.5981137 6.7628703 0.0338714 0.2431571 -0.0171979 0.9692428
18.888520 5.2257290 -0.6029575 6.8108997 0.0359267 0.2429595 -0.0161109 0.9692370
18.992370 5.2511730 -0.6082669 6.8589730 0.0364049 0.2428709 -0.0153428 0.9692538
19.096040 5.2759113 -0.6132053 6.9067855 0.0370422 0.2420236 -0.0161483 0.9694285
19.303520 5.3267999 -0.6235774 7.0018129 0.0353629 0.2392902 -0.0088198 0.9702638
19.407390 5.3515019 -0.6285023 7.0486588 0.0330286 0.2384060 -0.0062475 0.9705837
19.511150 5.3755965 -0.6329323 7.0952902 0.0329904 0.2366417 -0.0054864 0.9710212
19.614770 5.3990259 -0.6376963 7.1414766 0.0355295 0.2342141 -0.0053363 0.9715210
19.718390 5.4221940 -0.6425069 7.1876769 0.0369814 0.2308198 -0.0047479 0.9722819
19.925670 5.4672675 -0.6513625 7.2811937 0.0353480 0.2220728 -0.0035749 0.9743826
20.029410 5.4891806 -0.6559313 7.3280725 0.0348731 0.2161383 -0.0019358 0.9757379
20.236640 5.5309477 -0.6648180 7.4219661 0.0368999 0.2020333 -0.0001932 0.9786832
20.340390 5.5495481 -0.6696436 7.4679961 0.0369314 0.1953099 0.0012706 0.9800451
20.547770 5.5858550 -0.6792192 7.5616584 0.0408494 0.1817939 -0.0008129 0.9824875
20.651520 5.6017756 -0.6841404 7.6076159 0.0447551 0.1755058 -0.0052276 0.9834467
20.859140 5.6333818 -0.6945412 7.7013645 0.0487235 0.1621902 -0.0083593 0.9855204
21.066770 5.6618204 -0.7056748 7.7957916 0.0450195 0.1511242 -0.0116623 0.9874202
21.274520 5.6882811 -0.7167431 7.8891616 0.0516987 0.1433235 -0.0159118 0.9881966
21.482520 5.7153988 -0.7277066 7.9817657 0.0505790 0.1414670 -0.0181065 0.9884842
21.690420 5.7426138 -0.7393080 8.0739155 0.0469625 0.1437098 -0.0176209 0.9883479
21.898270 5.7706575 -0.7498105 8.1654339 0.0473465 0.1468079 -0.0165276 0.9878930
22.106150 5.7980466 -0.7601892 8.2550888 0.0468455 0.1516975 -0.0171664 0.9871670
22.313900 5.8272285 -0.7710440 8.3446951 0.0446064 0.1574133 -0.0161216 0.9863932
22.521520 5.8566918 -0.7809708 8.4337807 0.0451069 0.1628425 -0.0180953 0.9854543
22.729170 5.8864698 -0.7914580 8.5210857 0.0474793 0.1659510 -0.0186907 0.9848130
22.832900 5.9015489 -0.7966443 8.5643167 0.0483563 0.1667223 -0.0172420 0.9846665
23.040140 5.9320059 -0.8072109 8.6508694 0.0461295 0.1642352 -0.0139733 0.9852429
23.143770 5.9459772 -0.8124646 8.6934710 0.0460848 0.1607018 -0.0135408 0.9858335
23.247420 5.9596276 -0.8173954 8.7356234 0.0467137 0.1549352 -0.0123281 0.9867426
23.351020 5.9723759 -0.8225309 8.7775726 0.0468136 0.1477169 -0.0106268 0.9878640
23.454650 5.9840035 -0.8272349 8.8196220 0.0456558 0.1401294 -0.0105459 0.9890238
23.558270 5.9944544 -0.8320071 8.8619556 0.0427125 0.1322346 -0.0127829 0.9902152
23.662020 6.0046406 -0.8364653 8.9043083 0.0392874 0.1239991 -0.0129262 0.9914200
23.869400 6.0227251 -0.8444251 8.9891958 0.0318128 0.1068262 -0.0120947 0.9936950
23.973020 6.0300694 -0.8481033 9.0312262 0.0287792 0.0985756 -0.0127149 0.9946321
24.180540 6.0430732 -0.8546757 9.1140938 0.0267487 0.0806317 -0.0118962 0.9963140
24.284160 6.0483532 -0.8575028 9.1553764 0.0262597 0.0718299 -0.0123467 0.9969947
24.491650 6.0558596 -0.8632414 9.2378607 0.0230565 0.0566911 -0.0159077 0.9979987
24.699270 6.0631094 -0.8684505 9.3185339 0.0211587 0.0447228 -0.0132767 0.9986871
24.906780 6.0673165 -0.8739147 9.3954496 0.0254764 0.0350567 -0.0180425 0.9988976
25.114270 6.0709953 -0.8791990 9.4726229 0.0341223 0.0260607 -0.0153410 0.9989600
25.321770 6.0727763 -0.8845505 9.5523624 0.0289802 0.0201161 -0.0165474 0.9992406
25.529390 6.0741010 -0.8906152 9.6327133 0.0185597 0.0171863 -0.0186936 0.9995052
25.737020 6.0763707 -0.8950186 9.7122564 0.0202855 0.0161720 -0.0156666 0.9995407
25.944520 6.0785513 -0.8983872 9.7923336 0.0193224 0.0143924 -0.0153723 0.9995915
26.151900 6.0796289 -0.9024708 9.8734512 0.0149876 0.0115686 -0.0155672 0.9996995
26.359150 6.0803390 -0.9060571 9.9545441 0.0126284 0.0061083 -0.0140226 0.9998032
26.566610 6.0797439 -0.9092768 10.0372324 0.0106632 -0.0030986 -0.0123397 0.9998622
26.773900 6.0762863 -0.9130120 10.1197615 0.0128551 -0.0150095 -0.0137046 0.9997108
26.981280 6.0709944 -0.9160082 10.2030830 0.0144452 -0.0273819 -0.0138933 0.9994241
27.188790 6.0638223 -0.9194352 10.2873402 0.0119660 -0.0393829 -0.0146342 0.9990454
27.292530 6.0594325 -0.9211592 10.3299637 0.0111154 -0.0454654 -0.0156442 0.9987816
27.500020 6.0484467 -0.9234446 10.4158869 0.0096783 -0.0542039 -0.0195261 0.9982920
27.603900 6.0428700 -0.9249178 10.4598227 0.0080707 -0.0564295 -0.0198055 0.9981775
27.707780 6.0375619 -0.9261683 10.5040350 0.0065241 -0.0575799 -0.0184809 0.9981485
27.811650 6.0322161 -0.9272578 10.5484047 0.0078434 -0.0576112 -0.0163181 0.9981749
28.019400 6.0216646 -0.9300289 10.6384611 0.0096734 -0.0566110 -0.0139994 0.9982513
28.123280 6.0166111 -0.9310280 10.6841469 0.0092917 -0.0564708 -0.0122102 0.9982864
28.330900 6.0066586 -0.9336743 10.7783012 0.0052928 -0.0556940 -0.0109812 0.9983734
28.538650 5.9963374 -0.9362372 10.8709650 0.0039093 -0.0539117 -0.0113939 0.9984730
28.746150 5.9856005 -0.9385646 10.9652576 0.0039152 -0.0517663 -0.0122864 0.9985760
28.953800 5.9760199 -0.9413297 11.0577602 0.0091754 -0.0507390 -0.0122573 0.9985946
29.161270 5.9657488 -0.9437141 11.1538868 0.0087317 -0.0493207 -0.0136446 0.9986516
29.368650 5.9556904 -0.9474016 11.2492428 0.0063384 -0.0472014 -0.0168524 0.9987231
29.576300 5.9477124 -0.9502271 11.3433781 0.0053068 -0.0412611 -0.0183056 0.9989666
29.783900 5.9413223 -0.9531471 11.4373512 0.0065904 -0.0311734 -0.0161394 0.9993619
29.991660 5.9368024 -0.9561164 11.5313425 0.0076983 -0.0192802 -0.0181831 0.9996191
30.199280 5.9356527 -0.9587182 11.6262646 0.0008859 -0.0091311 -0.0128525 0.9998753
30.303050 5.9354310 -0.9596003 11.6727648 -0.0018015 -0.0053594 -0.0125883 0.9999048
30.406780 5.9344788 -0.9600753 11.7195826 -0.0029300 -0.0030316 -0.0152596 0.9998747
30.510400 5.9341745 -0.9606341 11.7665453 -0.0037956 -0.0016595 -0.0149708 0.9998794
30.614030 5.9338470 -0.9610998 11.8134251 -0.0040697 -0.0006869 -0.0143897 0.9998879
30.821410 5.9325933 -0.9621807 11.9071465 -0.0026933 0.0001712 -0.0166539 0.9998577
31.028780 5.9312806 -0.9630320 12.0021963 -0.0038340 -0.0007034 -0.0179117 0.9998320
31.236300 5.9300981 -0.9638776 12.0978785 -0.0045700 -0.0020825 -0.0158061 0.9998625
31.340050 5.9300208 -0.9639375 12.1453886 -0.0052209 -0.0039218 -0.0152825 0.9998619
31.547410 5.9271655 -0.9643819 12.2420998 -0.0087178 -0.0084828 -0.0173807 0.9997749
31.754790 5.9232993 -0.9641565 12.3402529 -0.0112242 -0.0130050 -0.0190009 0.9996719
31.962280 5.9188457 -0.9635009 12.4364910 -0.0073373 -0.0177542 -0.0241587 0.9995235
32.169650 5.9129200 -0.9638166 12.5343122 -0.0070931 -0.0223585 -0.0274893 0.9993469
32.377150 5.9064832 -0.9640377 12.6321917 -0.0047865 -0.0263404 -0.0287471 0.9992281
32.584530 5.9001727 -0.9645519 12.7299767 -0.0055652 -0.0313500 -0.0285111 0.9990863
32.791900 5.8934383 -0.9649900 12.8263893 -0.0046704 -0.0362327 -0.0254409 0.9990086
32.999410 5.8846693 -0.9656340 12.9231281 -0.0049193 -0.0406682 -0.0282666 0.9987607
33.206780 5.8754187 -0.9665540 13.0206366 -0.0039436 -0.0454463 -0.0286782 0.9985473
33.414280 5.8649721 -0.9671286 13.1164370 0.0020695 -0.0495502 -0.0312231 0.9982814
33.621780 5.8535080 -0.9681805 13.2141657 -0.0052985 -0.0521812 -0.0341386 0.9980399
33.829280 5.8427134 -0.9677360 13.3127527 -0.0156804 -0.0538391 -0.0339106 0.9978505
34.036660 5.8310337 -0.9667766 13.4086609 -0.0146747 -0.0565850 -0.0346845 0.9976872
34.244030 5.8186016 -0.9656360 13.5050259 -0.0091224 -0.0613957 -0.0337647 0.9975005
34.451530 5.8055348 -0.9646337 13.6012669 -0.0066154 -0.0659861 -0.0327879 0.9972597
34.658910 5.7928791 -0.9648730 13.6959743 -0.0100623 -0.0702014 -0.0308658 0.9970044
34.970030 5.7708983 -0.9624976 13.8398533 -0.0183096 -0.0739552 -0.0294825 0.9966575
35.281280 5.7471585 -0.9594889 13.9825668 -0.0178489 -0.0763863 -0.0335383 0.9963542
35.488660 5.7316141 -0.9572984 14.0773106 -0.0064498 -0.0776030 -0.0336841 0.9963943
35.696160 5.7165089 -0.9567372 14.1738424 -0.0108862 -0.0777240 -0.0338209 0.9963416
35.799780 5.7088957 -0.9563290 14.2219210 -0.0113195 -0.0785495 -0.0335475 0.9962813
36.110910 5.6851997 -0.9547912 14.3674212 -0.0138120 -0.0805917 -0.0301886 0.9961942
36.318290 5.6684499 -0.9536572 14.4650717 -0.0150225 -0.0816756 -0.0316633 0.9960426
36.525780 5.6517105 -0.9521989 14.5617371 -0.0120970 -0.0832338 -0.0300438 0.9960036
36.733280 5.6337194 -0.9503042 14.6594896 -0.0147308 -0.0860254 -0.0291282 0.9957581
36.837040 5.6247211 -0.9497316 14.7085276 -0.0158590 -0.0881687 -0.0289908 0.9955573
37.044540 5.6059408 -0.9487292 14.8056822 -0.0149719 -0.0927759 -0.0286243 0.9951628
37.252040 5.5858622 -0.9468546 14.9020681 -0.0110430 -0.0980609 -0.0303130 0.9946573
37.563030 5.5538878 -0.9457272 15.0479736 -0.0106858 -0.1132584 -0.0236889 0.9932256
37.770280 5.5291057 -0.9441821 15.1432419 -0.0118374 -0.1282835 -0.0230635 0.9913987
37.977790 5.5005531 -0.9424616 15.2389622 -0.0161887 -0.1432577 -0.0242011 0.9892570
38.185280 5.4690690 -0.9409977 15.3322697 -0.0147308 -0.1544949 -0.0298298 0.9874333
38.393160 5.4363565 -0.9386779 15.4268513 -0.0125217 -0.1590351 -0.0348224 0.9865792
38.601160 5.4040294 -0.9373020 15.5213785 -0.0080440 -0.1528912 -0.0416876 0.9873306
38.809290 5.3750849 -0.9362128 15.6180334 -0.0047510 -0.1409830 -0.0390085 0.9892318
39.017160 5.3485584 -0.9359825 15.7154732 -0.0058843 -0.1293394 -0.0405437 0.9907537
39.225040 5.3246636 -0.9358494 15.8140888 -0.0054955 -0.1191007 -0.0369512 0.9921792
39.432660 5.3017607 -0.9361310 15.9123869 -0.0037654 -0.1097223 -0.0362578 0.9932936
39.640160 5.2797198 -0.9355716 16.0122032 -0.0066654 -0.1027931 -0.0398860 0.9938804
39.847560 5.2595186 -0.9343726 16.1122131 -0.0112345 -0.0975029 -0.0409206 0.9943302
40.055040 5.2390165 -0.9337689 16.2127037 -0.0056870 -0.0946790 -0.0450632 0.9944711
40.262420 5.2201042 -0.9339328 16.3099422 0.0044156 -0.0932782 -0.0446849 0.9946271
40.469910 5.2006760 -0.9352010 16.4098854 0.0020376 -0.0919560 -0.0465076 0.9946743
40.677280 5.1815166 -0.9358768 16.5098400 -0.0002800 -0.0923079 -0.0441078 0.9947531
40.988410 5.1509743 -0.9366363 16.6615219 -0.0021375 -0.0974277 -0.0439202 0.9942707
41.195790 5.1290073 -0.9366861 16.7629509 -0.0021846 -0.1014093 -0.0462607 0.9937662
41.403160 5.1063251 -0.9367820 16.8639374 0.0004254 -0.1062792 -0.0439871 0.9933628
41.610540 5.0830688 -0.9376903 16.9656830 0.0032731 -0.1133682 -0.0420435 0.9926577
41.817920 5.0563526 -0.9382067 17.0684929 -0.0003393 -0.1214615 -0.0443739 0.9916037
42.025300 5.0273504 -0.9379956 17.1721497 -0.0067097 -0.1290608 -0.0491969 0.9903929
42.232670 4.9975677 -0.9370830 17.2756577 -0.0069927 -0.1376856 -0.0497862 0.9891992
42.543790 4.9500008 -0.9364889 17.4310112 0.0032630 -0.1514286 -0.0451719 0.9874301
42.751180 4.9156752 -0.9369594 17.5346317 0.0036652 -0.1595509 -0.0383753 0.9864367
42.958540 4.8796277 -0.9375656 17.6393299 -0.0035190 -0.1687849 -0.0351587 0.9850194
43.166060 4.8407373 -0.9371274 17.7436733 -0.0070720 -0.1770107 -0.0357123 0.9835353
43.373560 4.7986212 -0.9356411 17.8480225 -0.0077029 -0.1847461 -0.0405318 0.9819199
43.581040 4.7562547 -0.9339619 17.9518585 -0.0087331 -0.1902265 -0.0397005 0.9808983
43.788690 4.7127576 -0.9321260 18.0557919 -0.0047617 -0.1963359 -0.0375647 0.9798053
43.996060 4.6674938 -0.9310365 18.1589737 -0.0071193 -0.2012158 -0.0400713 0.9787011
44.099960 4.6443291 -0.9300018 18.2111359 -0.0096198 -0.2037801 -0.0408166 0.9781182
44.307300 4.5972910 -0.9280289 18.3140850 -0.0068960 -0.2093193 -0.0415144 0.9769413
44.514790 4.5497146 -0.9267987 18.4171638 -0.0046028 -0.2150475 -0.0379075 0.9758567
44.722330 4.5011191 -0.9258063 18.5203571 -0.0065656 -0.2206427 -0.0330161 0.9747736
44.826160 4.4767361 -0.9251961 18.5713291 -0.0067805 -0.2241695 -0.0310512 0.9740317
44.929790 4.4521270 -0.9245259 18.6224289 -0.0082373 -0.2270864 -0.0273896 0.9734545
45.033540 4.4266677 -0.9240891 18.6728840 -0.0093732 -0.2298357 -0.0289512 0.9727536
45.137340 4.4009442 -0.9234061 18.7225628 -0.0095732 -0.2318339 -0.0288435 0.9722805
45.241040 4.3755622 -0.9226519 18.7717476 -0.0085462 -0.2347153 -0.0287168 0.9716023
45.344810 4.3493934 -0.9217253 18.8213272 -0.0081151 -0.2372745 -0.0302643 0.9709372
45.448540 4.3233976 -0.9207228 18.8712196 -0.0088798 -0.2400063 -0.0268249 0.9703600
45.552290 4.2967219 -0.9201061 18.9202099 -0.0100755 -0.2429679 -0.0282853 0.9695695
45.759920 4.2437911 -0.9186555 19.0174980 -0.0100344 -0.2481598 -0.0257933 0.9683236
45.967420 4.1891842 -0.9164340 19.1132183 -0.0117497 -0.2519209 -0.0310257 0.9671790
46.175050 4.1343040 -0.9136509 19.2091942 -0.0151476 -0.2549389 -0.0315003 0.9663252
46.382670 4.0794706 -0.9112262 19.3041229 -0.0124357 -0.2575009 -0.0316003 0.9656811
46.590420 4.0246606 -0.9093229 19.3995819 -0.0092328 -0.2577791 -0.0291476 0.9657200
46.901920 3.9407940 -0.9057701 19.5451393 -0.0130474 -0.2543651 -0.0311951 0.9665170
47.109670 3.8865466 -0.9034459 19.6416912 -0.0099991 -0.2489608 -0.0331215 0.9678954
47.317420 3.8339405 -0.9014498 19.7393646 -0.0066211 -0.2420802 -0.0326293 0.9696848
47.628800 3.7563910 -0.8987167 19.8900223 -0.0080827 -0.2301579 -0.0342755 0.9725159
47.836440 3.7055302 -0.8965635 19.9927216 -0.0141738 -0.2209979 -0.0375289 0.9744489
48.043920 3.6579676 -0.8935093 20.0947132 -0.0080580 -0.2131636 -0.0380374 0.9762425
48.251420 3.6115785 -0.8921993 20.1986141 -0.0061179 -0.2060203 -0.0353845 0.9778886
48.458800 3.5662136 -0.8908996 20.3043385 -0.0080482 -0.1995984 -0.0359887 0.9791836
48.666190 3.5208879 -0.8893853 20.4113827 -0.0092693 -0.1939360 -0.0369085 0.9802758
48.873550 3.4765868 -0.8873990 20.5188503 -0.0091817 -0.1886674 -0.0397046 0.9811951
49.080930 3.4333344 -0.8855585 20.6275940 -0.0084583 -0.1841821 -0.0411862 0.9819924
49.288320 3.3913722 -0.8834517 20.7369785 -0.0078856 -0.1800937 -0.0410161 0.9827623
49.495800 3.3492565 -0.8820623 20.8469582 -0.0085334 -0.1760270 -0.0414463 0.9834754
49.703170 3.3085852 -0.8802040 20.9571152 -0.0094262 -0.1723625 -0.0434987 0.9840275
49.910550 3.2688084 -0.8794783 21.0668392 -0.0076286 -0.1687062 -0.0446070 0.9846269
50.117990 3.2295318 -0.8778718 21.1780472 -0.0104036 -0.1667926 -0.0426457 0.9850144
50.325300 3.1910219 -0.8755990 21.2899475 -0.0174815 -0.1659237 -0.0409308 0.9851337
50.532690 3.1521773 -0.8727434 21.4005737 -0.0134087 -0.1651180 -0.0386784 0.9854239
50.740210 3.1141510 -0.8708875 21.5112286 -0.0092680 -0.1642538 -0.0344432 0.9857730
50.947600 3.0762243 -0.8689558 21.6233788 -0.0127734 -0.1633134 -0.0311857 0.9859985
51.154950 3.0388918 -0.8670841 21.7329617 -0.0170042 -0.1622651 -0.0294824 0.9861600
51.362310 3.0019684 -0.8643930 21.8414650 -0.0161997 -0.1620385 -0.0277099 0.9862623
51.465930 2.9838681 -0.8631234 21.8950958 -0.0150575 -0.1623245 -0.0270155 0.9862526
51.673320 2.9478302 -0.8610867 22.0022964 -0.0172396 -0.1623678 -0.0260566 0.9862356
51.880670 2.9121413 -0.8588235 22.1085320 -0.0171063 -0.1618644 -0.0245071 0.9863603
52.191670 2.8574886 -0.8548161 22.2689991 -0.0179968 -0.1612230 -0.0230649 0.9864843
52.399170 2.8223205 -0.8519896 22.3748493 -0.0198342 -0.1616638 -0.0197928 0.9864480
52.606680 2.7872548 -0.8488414 22.4811897 -0.0224877 -0.1623886 -0.0139750 0.9863716
52.814180 2.7525940 -0.8455302 22.5865173 -0.0246739 -0.1634792 -0.0091752 0.9861955
52.917930 2.7350168 -0.8438678 22.6388130 -0.0254586 -0.1642434 -0.0077552 0.9860607
53.125430 2.6993618 -0.8402517 22.7419453 -0.0267933 -0.1656536 -0.0070655 0.9857947
53.332930 2.6642499 -0.8366956 22.8423424 -0.0276348 -0.1672300 -0.0056755 0.9855142
53.540300 2.6293263 -0.8329462 22.9402542 -0.0310418 -0.1684879 -0.0073870 0.9851871
53.747800 2.5950222 -0.8285397 23.0346737 -0.0364058 -0.1683925 -0.0144002 0.9849423
53.851550 2.5784669 -0.8259581 23.0804787 -0.0371940 -0.1682154 -0.0174965 0.9848929
54.059050 2.5457301 -0.8206068 23.1689358 -0.0370399 -0.1672740 -0.0241395 0.9849187
54.162800 2.5302811 -0.8181648 23.2117996 -0.0366365 -0.1667573 -0.0254286 0.9849889
54.370180 2.5009189 -0.8132017 23.2954178 -0.0347679 -0.1662493 -0.0255109 0.9851404
54.473930 2.4866014 -0.8106972 23.3364449 -0.0346747 -0.1659287 -0.0251134 0.9852079
54.681310 2.4584785 -0.8061054 23.4166031 -0.0340956 -0.1646029 -0.0256861 0.9854357
54.888800 2.4323573 -0.8017801 23.4937191 -0.0347841 -0.1598831 -0.0288518 0.9861009
55.096430 2.4080458 -0.7973059 23.5695934 -0.0344708 -0.1531486 -0.0298634 0.9871502
55.304050 2.3848333 -0.7938869 23.6427078 -0.0285465 -0.1454365 -0.0320618 0.9884358
55.511680 2.3632574 -0.7900466 23.7183113 -0.0275418 -0.1343529 -0.0337031 0.9899772
55.822930 2.3339643 -0.7838508 23.8352394 -0.0353963 -0.1166699 -0.0362339 0.9918782
56.030430 2.3170023 -0.7792925 23.9146099 -0.0354844 -0.1057542 -0.0340773 0.9931746
56.341580 2.2943273 -0.7727163 24.0356655 -0.0306520 -0.0949454 -0.0250363 0.9946954
56.549070 2.2799706 -0.7674818 24.1195660 -0.0405420 -0.0893813 -0.0214115 0.9949417
56.756680 2.2648239 -0.7610595 24.2050571 -0.0555391 -0.0840539 -0.0250041 0.9945980
56.964280 2.2508390 -0.7527874 24.2910271 -0.0560521 -0.0781107 -0.0258072 0.9950331
57.171890 2.2388055 -0.7443931 24.3772278 -0.0577250 -0.0719909 -0.0231134 0.9954652
57.379330 2.2276235 -0.7354882 24.4647293 -0.0625815 -0.0651560 -0.0192247 0.9957252
57.586810 2.2177548 -0.7267258 24.5510674 -0.0627372 -0.0594165 -0.0165788 0.9961219
57.794300 2.2086718 -0.7177360 24.6361771 -0.0623774 -0.0528076 -0.0167495 0.9965138
58.001930 2.2011428 -0.7090824 24.7195930 -0.0625645 -0.0436810 -0.0169557 0.9969404
58.209680 2.1958268 -0.7006536 24.8013287 -0.0625780 -0.0327965 -0.0154082 0.9973820
58.313440 2.1937342 -0.6966729 24.8412266 -0.0634555 -0.0275125 -0.0157455 0.9974811
58.521060 2.1916935 -0.6892633 24.9195347 -0.0597972 -0.0169139 -0.0140981 0.9979677
58.728680 2.1898649 -0.6819880 24.9973793 -0.0509864 -0.0033970 -0.0201985 0.9984893
58.936580 2.1921484 -0.6758456 25.0746956 -0.0459501 0.0146822 -0.0199864 0.9986358
59.040430 2.1946647 -0.6731668 25.1134109 -0.0434850 0.0252225 -0.0183776 0.9985666
59.144310 2.1982675 -0.6706915 25.1520386 -0.0398619 0.0356390 -0.0163959 0.9984348
59.248190 2.2029271 -0.6685771 25.1909142 -0.0358787 0.0459635 -0.0134263 0.9982083
59.455810 2.2143779 -0.6644526 25.2698460 -0.0321850 0.0658220 -0.0079071 0.9972808
59.663310 2.2279651 -0.6601394 25.3510246 -0.0384784 0.0825175 -0.0073621 0.9958193
59.870680 2.2436826 -0.6554630 25.4324512 -0.0456643 0.0940415 -0.0047008 0.9945093
60.078080 2.2598507 -0.6494625 25.5150986 -0.0482383 0.1021408 -0.0082818 0.9935652
60.285560 2.2774627 -0.6432400 25.5974331 -0.0521107 0.1094955 -0.0108937 0.9925606
60.493060 2.2942924 -0.6382594 25.6781921 -0.0381188 0.1156656 -0.0231969 0.9922854
60.700580 2.3134313 -0.6330642 25.7604637 -0.0302851 0.1196789 -0.0263897 0.9919997
60.907960 2.3327041 -0.6296684 25.8448029 -0.0392935 0.1191668 -0.0301234 0.9916390
61.115330 2.3509271 -0.6272960 25.9258232 -0.0192932 0.1157710 -0.0356571 0.9924482
61.322690 2.3686996 -0.6254314 26.0074596 -0.0107008 0.1104610 -0.0392665 0.9930468
61.530190 2.3849721 -0.6255026 26.0893116 -0.0212710 0.1080924 -0.0414713 0.9930477
61.737600 2.4014478 -0.6251462 26.1674385 -0.0136183 0.1052678 -0.0376299 0.9936384
61.945060 2.4171584 -0.6256813 26.2438316 -0.0093567 0.1026496 -0.0350317 0.9940565
62.152610 2.4321887 -0.6268042 26.3181057 -0.0039615 0.1026750 -0.0339696 0.9941269
62.360060 2.4463794 -0.6278210 26.3907509 -0.0001841 0.1039635 -0.0382216 0.9938464
62.567930 2.4609132 -0.6301534 26.4618607 0.0012119 0.1138161 -0.0429348 0.9925730
62.775810 2.4789028 -0.6326252 26.5291233 0.0031928 0.1312951 -0.0428939 0.9904098
63.087560 2.5090904 -0.6373371 26.6227455 0.0051759 0.1580214 -0.0376167 0.9867054
63.295440 2.5298896 -0.6400923 26.6789703 0.0051236 0.1755671 -0.0380784 0.9837174
63.503190 2.5504498 -0.6428437 26.7299137 0.0048813 0.1945423 -0.0380886 0.9801422
63.814680 2.5810575 -0.6479693 26.7936993 0.0193706 0.2178159 -0.0320257 0.9752719
64.022190 2.5985622 -0.6508363 26.8298912 0.0266711 0.2294689 -0.0343035 0.9723456
64.437070 2.6338778 -0.6572698 26.8920441 0.0306694 0.2439572 -0.0236811 0.9690116
64.851690 2.6591644 -0.6622941 26.9416122 0.0253408 0.2527448 -0.0309164 0.9667068
65.577440 2.6912479 -0.6678730 26.9961033 0.0300854 0.2504850 -0.0210111 0.9674248
66.303310 2.7174854 -0.6726464 27.0494671 0.0319927 0.2327787 -0.0226076 0.9717404
66.718090 2.7352581 -0.6757927 27.0936508 0.0261258 0.2161865 -0.0303436 0.9755307
66.925440 2.7463384 -0.6783490 27.1185894 0.0253159 0.2047659 -0.0245399 0.9781758
67.132820 2.7568741 -0.6801288 27.1453953 0.0259673 0.1888916 -0.0216755 0.9814152
67.340070 2.7657123 -0.6825304 27.1743889 0.0247150 0.1698466 -0.0209592 0.9849375
67.547320 2.7740049 -0.6848176 27.2057953 0.0253936 0.1480729 -0.0221647 0.9884019
68.065690 2.7890587 -0.6901426 27.2965641 0.0258194 0.0868504 -0.0274526 0.9955083
68.273070 2.7924771 -0.6925597 27.3381233 0.0248650 0.0607292 -0.0282079 0.9974458
68.584070 2.7943325 -0.6965477 27.4082127 0.0241551 0.0224536 -0.0286698 0.9990448
68.895320 2.7919593 -0.7008486 27.4874630 0.0230483 -0.0089473 -0.0279463 0.9993036
69.206570 2.7854309 -0.7054781 27.5753002 0.0222635 -0.0366565 -0.0252105 0.9987618
69.413950 2.7782583 -0.7086747 27.6387825 0.0220465 -0.0557020 -0.0213516 0.9979756
69.621440 2.7678773 -0.7119640 27.7050076 0.0225788 -0.0725772 -0.0220036 0.9968644
69.829070 2.7548118 -0.7153926 27.7759438 0.0217071 -0.0864399 -0.0232405 0.9957494
70.036720 2.7392745 -0.7185597 27.8509789 0.0193259 -0.0962614 -0.0244932 0.9948670
70.348200 2.7135334 -0.7236563 27.9694862 0.0177018 -0.1045865 -0.0261956 0.9940131
70.659570 2.6853108 -0.7291675 28.0962791 0.0178686 -0.1094408 -0.0267574 0.9934725
70.867190 2.6642766 -0.7325987 28.1859970 0.0192366 -0.1122642 -0.0256802 0.9931602
71.178440 2.6323161 -0.7391013 28.3244781 0.0207045 -0.1166600 -0.0233110 0.9926824
71.489570 2.5976400 -0.7463024 28.4679108 0.0223085 -0.1197890 -0.0215541 0.9923146
71.800950 2.5600910 -0.7538412 28.6166992 0.0246784 -0.1207251 -0.0223079 0.9921284
72.112200 2.5202098 -0.7619832 28.7727242 0.0224457 -0.1212602 -0.0215486 0.9921330
72.423450 2.4800997 -0.7701726 28.9351234 0.0227519 -0.1229028 -0.0179647 0.9919952
72.734700 2.4372754 -0.7791951 29.1022701 0.0227276 -0.1242278 -0.0171863 0.9918445
72.942200 2.4077063 -0.7851846 29.2173290 0.0231560 -0.1252254 -0.0173816 0.9917058
73.149700 2.3765950 -0.7915198 29.3323631 0.0224170 -0.1242445 -0.0201855 0.9917930
73.357220 2.3459764 -0.7981088 29.4497223 0.0247960 -0.1209344 -0.0223796 0.9920984
73.564950 2.3168778 -0.8049388 29.5703678 0.0279349 -0.1123984 -0.0269620 0.9929045
73.772700 2.2893047 -0.8125777 29.6924305 0.0296095 -0.0978454 -0.0308805 0.9942816
73.980600 2.2662668 -0.8205868 29.8154182 0.0273130 -0.0807716 -0.0326844 0.9958221
74.292330 2.2402194 -0.8331342 30.0041924 0.0310473 -0.0525877 -0.0341649 0.9975487
74.603820 2.2265639 -0.8459325 30.1937180 0.0311734 -0.0194254 -0.0331228 0.9987761
74.811700 2.2250044 -0.8573887 30.3201027 0.0361796 0.0061776 -0.0355429 0.9986939
75.019330 2.2293832 -0.8696868 30.4469833 0.0410761 0.0347494 -0.0394836 0.9977707
75.227100 2.2415233 -0.8827910 30.5708389 0.0445066 0.0653613 -0.0398665 0.9960712
75.434820 2.2618146 -0.8979096 30.6959515 0.0497309 0.0937515 -0.0372956 0.9936531
75.642200 2.2902088 -0.9132757 30.8201103 0.0533278 0.1184237 -0.0335747 0.9909615
75.745950 2.3061614 -0.9218800 30.8826141 0.0536816 0.1296283 -0.0325952 0.9895718
75.953320 2.3420935 -0.9389048 31.0068054 0.0567892 0.1515317 -0.0329583 0.9862692
76.160580 2.3844767 -0.9565790 31.1307526 0.0562678 0.1704542 -0.0297438 0.9833080
76.367700 2.4302015 -0.9738801 31.2534389 0.0583222 0.1814391 -0.0242054 0.9813727
76.574950 2.4781151 -0.9921913 31.3765087 0.0603167 0.1865110 -0.0231560 0.9803261
76.782200 2.5261469 -1.0107799 31.5003090 0.0611925 0.1901611 -0.0241270 0.9795469
76.989560 2.5770979 -1.0297732 31.6259747 0.0646885 0.1934371 -0.0228275 0.9787116
77.196950 2.6302786 -1.0498397 31.7534142 0.0626815 0.1962937 -0.0222541 0.9782866
77.404200 2.6840067 -1.0691421 31.8841457 0.0613258 0.1981376 -0.0238208 0.9779638
77.611580 2.7382498 -1.0893824 32.0138016 0.0649409 0.1980376 -0.0243208 0.9777384
77.818950 2.7939034 -1.1110559 32.1466713 0.0648229 0.1977989 -0.0239682 0.9778032
78.026330 2.8496962 -1.1327143 32.2820282 0.0650524 0.1983980 -0.0265086 0.9776010
78.233830 2.9059544 -1.1544187 32.4192924 0.0639247 0.2011941 -0.0265594 0.9771025
78.337450 2.9353209 -1.1651628 32.4876823 0.0641621 0.2021396 -0.0260919 0.9769043
78.544830 2.9952049 -1.1869357 32.6266556 0.0644888 0.2047758 -0.0266667 0.9763181
78.648580 3.0259256 -1.1982436 32.6966248 0.0647633 0.2064023 -0.0258863 0.9759783
78.855950 3.0874720 -1.2205303 32.8375130 0.0634293 0.2102134 -0.0268878 0.9752252
78.959710 3.1186895 -1.2321203 32.9077644 0.0631571 0.2119791 -0.0278592 0.9748333
79.167080 3.1827040 -1.2543852 33.0501328 0.0639594 0.2148890 -0.0281317 0.9741358
79.374460 3.2484503 -1.2781663 33.1932411 0.0646558 0.2174731 -0.0275774 0.9735320
79.478210 3.2822256 -1.2899330 33.2657928 0.0648205 0.2189271 -0.0278850 0.9731863
79.581950 3.3163910 -1.3017240 33.3389435 0.0648464 0.2204634 -0.0277106 0.9728428
79.685700 3.3505754 -1.3137982 33.4110184 0.0645403 0.2221894 -0.0277819 0.9724683
79.789450 3.3851290 -1.3257349 33.4847603 0.0647416 0.2243842 -0.0272385 0.9719662
79.996970 3.4562740 -1.3506360 33.6312561 0.0648650 0.2282105 -0.0271493 0.9710692
80.204330 3.5293274 -1.3754275 33.7791023 0.0655673 0.2305247 -0.0266601 0.9704888
80.411710 3.6047087 -1.4008384 33.9301376 0.0656467 0.2323267 -0.0264971 0.9700581
80.515330 3.6435041 -1.4134693 34.0057564 0.0657203 0.2326625 -0.0261089 0.9699832
80.619080 3.6817427 -1.4259784 34.0825386 0.0665669 0.2333588 -0.0257025 0.9697690
80.722740 3.7205496 -1.4392517 34.1589165 0.0666851 0.2338870 -0.0250496 0.9696507
80.826440 3.7598095 -1.4522104 34.2363853 0.0660482 0.2343495 -0.0242436 0.9696031
80.930080 3.7994556 -1.4649935 34.3142738 0.0664465 0.2349387 -0.0250468 0.9694129
81.137500 3.8783941 -1.4914320 34.4704781 0.0650440 0.2362229 -0.0256254 0.9691808
81.241210 3.9175158 -1.5044110 34.5487747 0.0640485 0.2371298 -0.0250352 0.9690410
81.448590 3.9979296 -1.5307362 34.7051697 0.0653987 0.2374782 -0.0240923 0.9688894
81.552330 4.0380993 -1.5443156 34.7834625 0.0657120 0.2376000 -0.0238441 0.9688445
81.759710 4.1183510 -1.5712917 34.9410095 0.0652412 0.2380337 -0.0243316 0.9687577
81.863460 4.1592808 -1.5851176 35.0195656 0.0655042 0.2377281 -0.0244385 0.9688123
82.070830 4.2405014 -1.6123564 35.1779099 0.0671751 0.2372171 -0.0236747 0.9688421
82.278210 4.3224659 -1.6396484 35.3363571 0.0666993 0.2352796 -0.0215545 0.9693968
82.485710 4.4043131 -1.6658320 35.4955025 0.0663692 0.2337264 -0.0219207 0.9697869
82.796920 4.5234957 -1.7057149 35.7325783 0.0670274 0.2325311 -0.0220420 0.9700262
83.004230 4.6042242 -1.7341096 35.8897247 0.0664865 0.2315219 -0.0231387 0.9702792
83.211580 4.6821156 -1.7608681 36.0457458 0.0655929 0.2312007 -0.0227058 0.9704269
83.418960 4.7596197 -1.7872834 36.1988945 0.0652784 0.2300498 -0.0182293 0.9708159
83.626210 4.8369427 -1.8144896 36.3556252 0.0676734 0.2295481 -0.0180918 0.9707732
83.937350 4.9505644 -1.8532796 36.5879974 0.0663396 0.2285129 -0.0214777 0.9710405
84.248350 5.0633097 -1.8921864 36.8198013 0.0657593 0.2276381 -0.0242295 0.9712206
84.455710 5.1392145 -1.9183757 36.9746513 0.0655336 0.2276874 -0.0240522 0.9712287
84.662980 5.2148333 -1.9450250 37.1296310 0.0658757 0.2276491 -0.0224654 0.9712526
84.870340 5.2887783 -1.9708159 37.2807007 0.0660991 0.2261407 -0.0216136 0.9716091
85.077720 5.3613825 -1.9967310 37.4298668 0.0667934 0.2249614 -0.0251492 0.9717503
85.388710 5.4671764 -2.0364079 37.6526108 0.0633024 0.2239821 -0.0251005 0.9722113
85.596110 5.5378160 -2.0610445 37.7988853 0.0632262 0.2238885 -0.0239324 0.9722673
85.699750 5.5725889 -2.0731592 37.8708954 0.0638073 0.2241263 -0.0238282 0.9721770
85.907110 5.6416159 -2.0977833 38.0140991 0.0629330 0.2249027 -0.0243727 0.9720412
86.010840 5.6755486 -2.1097262 38.0847015 0.0628730 0.2252120 -0.0250728 0.9719557
86.114460 5.7092953 -2.1215117 38.1539116 0.0622876 0.2255174 -0.0248962 0.9719271
86.218210 5.7418003 -2.1330040 38.2220345 0.0607678 0.2261825 -0.0251618 0.9718620
86.425590 5.8060789 -2.1553950 38.3541565 0.0598280 0.2267952 -0.0250577 0.9717802
86.529210 5.8374090 -2.1663234 38.4176025 0.0624979 0.2268332 -0.0243754 0.9716206
86.736730 5.8983517 -2.1876953 38.5407066 0.0619129 0.2264375 -0.0234982 0.9717719
86.944090 5.9551563 -2.2080579 38.6583977 0.0604769 0.2250282 -0.0233008 0.9721944
87.047710 5.9815092 -2.2174296 38.7142448 0.0595672 0.2241277 -0.0240961 0.9724392
87.151360 6.0075636 -2.2265434 38.7690353 0.0583413 0.2229624 -0.0234024 0.9727982
87.254960 6.0324993 -2.2353785 38.8216553 0.0565651 0.2220688 -0.0229874 0.9731174
87.462460 6.0785980 -2.2514026 38.9201508 0.0563835 0.2212430 -0.0234532 0.9733049
87.566210 6.1001844 -2.2588911 38.9662094 0.0574883 0.2209786 -0.0233218 0.9733035
87.773590 6.1402016 -2.2729933 39.0514450 0.0575274 0.2206042 -0.0247721 0.9733503
87.981210 6.1764059 -2.2855356 39.1283302 0.0571487 0.2266323 -0.0282340 0.9718923
88.293330 6.2292995 -2.3034058 39.2266426 0.0578689 0.2605929 -0.0325568 0.9631628
88.501590 6.2685633 -2.3139648 39.2835693 0.0617102 0.2953385 -0.0300259 0.9529247
88.710100 6.3106632 -2.3242214 39.3343811 0.0618910 0.3408331 -0.0290207 0.9376354
88.918590 6.3568192 -2.3340211 39.3791351 0.0608626 0.3917121 -0.0270390 0.9176744
89.127090 6.4059391 -2.3439116 39.4152756 0.0635274 0.4476164 -0.0252343 0.8916093
89.335590 6.4578648 -2.3535166 39.4436455 0.0669699 0.5053968 -0.0250572 0.8599193
89.647840 6.5406857 -2.3668344 39.4697227 0.0734328 0.5865695 -0.0167998 0.8063880
89.959740 6.6281462 -2.3798602 39.4800797 0.0745517 0.6622307 -0.0112675 0.7454969
90.167590 6.6883850 -2.3877316 39.4770279 0.0805367 0.7092471 -0.0106205 0.7002639
90.375470 6.7498474 -2.3951137 39.4665070 0.0838555 0.7540409 -0.0126962 0.6513290
90.583090 6.8130040 -2.4032607 39.4466743 0.0821918 0.7954174 -0.0092551 0.6003915
90.790840 6.8753119 -2.4107306 39.4175606 0.0846990 0.8340337 -0.0098383 0.5450846
90.998490 6.9361467 -2.4178030 39.3787308 0.0865957 0.8690459 -0.0122782 0.4869390
91.102090 6.9662495 -2.4217372 39.3554611 0.0871451 0.8844706 -0.0121725 0.4582241
91.205840 6.9960365 -2.4255986 39.3294067 0.0883478 0.8983579 -0.0106005 0.4301573
91.412970 7.0536890 -2.4330285 39.2702599 0.0886910 0.9214135 -0.0093295 0.3782115
91.620220 7.1084862 -2.4395356 39.2031136 0.0913079 0.9379911 -0.0098807 0.3342723
91.723710 7.1348610 -2.4426374 39.1656799 0.0915129 0.9439428 -0.0098683 0.3170171
91.930590 7.1875439 -2.4500079 39.0873260 0.0899288 0.9527976 -0.0054807 0.2899302
92.137720 7.2388992 -2.4562144 39.0034180 0.0835706 0.9591917 -0.0033645 0.2701035
92.344860 7.2888594 -2.4613242 38.9155006 0.0785430 0.9647529 -0.0008756 0.2511615
92.552220 7.3373728 -2.4658685 38.8242035 0.0681268 0.9706199 0.0007784 0.2307706
92.759720 7.3825254 -2.4688911 38.7272873 0.0600405 0.9761260 0.0056695 0.2086652
92.967220 7.4232187 -2.4714408 38.6277008 0.0501280 0.9814865 0.0093750 0.1846173
93.174720 7.4587936 -2.4717705 38.5242500 0.0486877 0.9861450 0.0124170 0.1580931
93.382090 7.4889307 -2.4712656 38.4175491 0.0480943 0.9898515 0.0184574 0.1324394
93.485840 7.5022058 -2.4705050 38.3628120 0.0494236 0.9911524 0.0209550 0.1213885
93.693120 7.5266495 -2.4682589 38.2515259 0.0488373 0.9927018 0.0253529 0.1073097
93.796720 7.5389853 -2.4664280 38.1945724 0.0479008 0.9930522 0.0279782 0.1037789
94.003970 7.5651464 -2.4621959 38.0811043 0.0406012 0.9934951 0.0316095 0.1015867
94.211350 7.5915914 -2.4567950 37.9642868 0.0355471 0.9936478 0.0267777 0.1033610
94.625970 7.6468887 -2.4518769 37.7221565 0.0370715 0.9925371 0.0204920 0.1143496
94.833490 7.6779089 -2.4497244 37.5990677 0.0335271 0.9923821 0.0164037 0.1174080
95.040970 7.7107010 -2.4478908 37.4738770 0.0318442 0.9924980 0.0135452 0.1172615
95.248350 7.7421379 -2.4464750 37.3450890 0.0322922 0.9922733 0.0149562 0.1188585
95.352090 7.7578726 -2.4459040 37.2805367 0.0342380 0.9920864 0.0166941 0.1196393
95.559540 7.7903614 -2.4445596 37.1510544 0.0343791 0.9916441 0.0188388 0.1229030
95.766850 7.8240147 -2.4429085 37.0221481 0.0361705 0.9910857 0.0193638 0.1267510
95.974250 7.8581686 -2.4414637 36.8932800 0.0385981 0.9903661 0.0197006 0.1315182
96.181600 7.8936338 -2.4398894 36.7664337 0.0389867 0.9898914 0.0180951 0.1351577
96.389100 7.9297247 -2.4387641 36.6399345 0.0392458 0.9895928 0.0204435 0.1369232
96.596600 7.9658966 -2.4377060 36.5166626 0.0391107 0.9894719 0.0179398 0.1381811
96.803990 8.0017662 -2.4364257 36.3924675 0.0379796 0.9894385 0.0208816 0.1383217
97.011470 8.0366402 -2.4351714 36.2723999 0.0378849 0.9894053 0.0198665 0.1387344
97.218890 8.0714083 -2.4340115 36.1530113 0.0390815 0.9891817 0.0196344 0.1400241
97.426220 8.1058550 -2.4328549 36.0367050 0.0396800 0.9888076 0.0182767 0.1426573
97.633720 8.1404848 -2.4322443 35.9233742 0.0399045 0.9883585 0.0210105 0.1453057
97.841240 8.1746569 -2.4316001 35.8144531 0.0384072 0.9880438 0.0192552 0.1480661
98.048750 8.2072439 -2.4307551 35.7102852 0.0384585 0.9877210 0.0186799 0.1502642
98.359970 8.2550154 -2.4297047 35.5634117 0.0356812 0.9876316 0.0178569 0.1516308
98.567470 8.2840853 -2.4290657 35.4725113 0.0383824 0.9871747 0.0210098 0.1535300
98.774870 8.3120775 -2.4293165 35.3887329 0.0357422 0.9869204 0.0226672 0.1555537
99.086100 8.3487024 -2.4284437 35.2782669 0.0361733 0.9864748 0.0215696 0.1584101
99.500850 8.3897762 -2.4275928 35.1582451 0.0373874 0.9862458 0.0193302 0.1598364
99.811980 8.4129419 -2.4276745 35.0880508 0.0399836 0.9859017 0.0209204 0.1611257
100.226700 8.4370461 -2.4276996 35.0169144 0.0399300 0.9857542 0.0203152 0.1621157
100.537900 8.4511309 -2.4271965 34.9760056 0.0410654 0.9856651 0.0172721 0.1627255
100.848900 8.4646530 -2.4275675 34.9366951 0.0424435 0.9856445 0.0172653 0.1624974
101.263600 8.4828348 -2.4268980 34.8845901 0.0409530 0.9857438 0.0158183 0.1624246
101.471000 8.4915400 -2.4274116 34.8588333 0.0417046 0.9857056 0.0170023 0.1623455
101.678400 8.4999714 -2.4269881 34.8338280 0.0425180 0.9856543 0.0171139 0.1624346
102.093200 8.5159674 -2.4269643 34.7874489 0.0423571 0.9856650 0.0175795 0.1623618
103.337900 8.5538931 -2.4273248 34.6794891 0.0403575 0.9857647 0.0167562 0.1623527
103.752600 8.5661821 -2.4270155 34.6449280 0.0403869 0.9857369 0.0150468 0.1626814
103.960100 8.5736504 -2.4271066 34.6232910 0.0420173 0.9855604 0.0119506 0.1635923
104.271000 8.5896072 -2.4269824 34.5798759 0.0421043 0.9848662 0.0082987 0.1679195
104.478200 8.6037397 -2.4272630 34.5420876 0.0446239 0.9838246 0.0076210 0.1733198
104.685700 8.6213140 -2.4270570 34.4984131 0.0445392 0.9824393 0.0055830 0.1811026
104.893000 8.6413603 -2.4277124 34.4489403 0.0480415 0.9804765 0.0056933 0.1905924
105.100500 8.6655769 -2.4283829 34.3936958 0.0489738 0.9783908 0.0078532 0.2007270
105.307700 8.6939974 -2.4290650 34.3341751 0.0485676 0.9762986 0.0056983 0.2108311
105.515300 8.7249870 -2.4298148 34.2686462 0.0510005 0.9740874 0.0099864 0.2201204
105.722600 8.7607384 -2.4304745 34.2002182 0.0474322 0.9724399 0.0120306 0.2279605
105.930200 8.7993240 -2.4310372 34.1274185 0.0439142 0.9713914 0.0132356 0.2330133
106.034100 8.8198109 -2.4313328 34.0891571 0.0421989 0.9712601 0.0135112 0.2338602
106.241700 8.8618097 -2.4310362 34.0098686 0.0398558 0.9707973 0.0136530 0.2361730
106.449200 8.9063301 -2.4312065 33.9251328 0.0412755 0.9703779 0.0136812 0.2376468
106.656800 8.9537563 -2.4318345 33.8388596 0.0368744 0.9701450 0.0061400 0.2396274
106.864200 9.0020876 -2.4331789 33.7469368 0.0416115 0.9696024 0.0049427 0.2410710
107.175500 9.0810862 -2.4360023 33.6034393 0.0375086 0.9692170 0.0074084 0.2432214
107.382900 9.1359949 -2.4366074 33.5039368 0.0380030 0.9685436 0.0085226 0.2457773
107.590200 9.1940374 -2.4382963 33.4000511 0.0387418 0.9673634 0.0095751 0.2502310
107.797600 9.2536688 -2.4398329 33.2950554 0.0419026 0.9657801 0.0121077 0.2556683
108.005000 9.3150082 -2.4412441 33.1901703 0.0432226 0.9646317 0.0109648 0.2598023
108.212500 9.3762531 -2.4439278 33.0872040 0.0425965 0.9641818 0.0078766 0.2616812
108.420000 9.4379072 -2.4467182 32.9840622 0.0403097 0.9645776 0.0059136 0.2606345
108.523700 9.4680834 -2.4484222 32.9330063 0.0387532 0.9649054 0.0051780 0.2596708
108.731200 9.5291290 -2.4506080 32.8278313 0.0405125 0.9653073 0.0064889 0.2578729
108.938900 9.5893354 -2.4536045 32.7223206 0.0409200 0.9659647 0.0059124 0.2553484
109.146400 9.6495380 -2.4563770 32.6156540 0.0415990 0.9665909 0.0053089 0.2528704
109.353900 9.7091570 -2.4596064 32.5084152 0.0410833 0.9672778 0.0053006 0.2503154
109.561200 9.7694416 -2.4630640 32.3993073 0.0421192 0.9679236 0.0044588 0.2476489
109.768700 9.8297825 -2.4659092 32.2890511 0.0426178 0.9683639 0.0034211 0.2458523
109.976100 9.8902740 -2.4694054 32.1782150 0.0418145 0.9684806 0.0042095 0.2455181
110.079700 9.9210243 -2.4712067 32.1223946 0.0416563 0.9685257 0.0037938 0.2453738
110.287200 9.9827757 -2.4747572 32.0100365 0.0407222 0.9683828 0.0021447 0.2461134
110.390900 10.0138321 -2.4766593 31.9541225 0.0415928 0.9681920 0.0027783 0.2467113
110.598200 10.0761652 -2.4804847 31.8413677 0.0415999 0.9678360 0.0014935 0.2481144
110.805600 10.1390972 -2.4846487 31.7288551 0.0421042 0.9673529 -0.0007969 0.2499099
111.012900 10.2023296 -2.4895298 31.6162529 0.0404234 0.9667165 0.0025526 0.2526236
111.324000 10.2977161 -2.4960003 31.4503288 0.0411933 0.9658875 0.0026430 0.2556508
111.531400 10.3604879 -2.5006447 31.3407230 0.0432317 0.9651830 0.0021478 0.2579695
111.738700 10.4238844 -2.5052497 31.2322426 0.0438425 0.9647073 -0.0002000 0.2596491
111.946100 10.4876041 -2.5101087 31.1243057 0.0413199 0.9642564 0.0020929 0.2617210
112.153500 10.5501766 -2.5148220 31.0181599 0.0394862 0.9640904 0.0034194 0.2626003
112.360900 10.6121101 -2.5190151 30.9137192 0.0385734 0.9645623 0.0001560 0.2610204
112.464600 10.6424885 -2.5213473 30.8610878 0.0410786 0.9648121 0.0000438 0.2597117
112.568200 10.6722565 -2.5235646 30.8094482 0.0439578 0.9650411 0.0014396 0.2583820
112.672000 10.7017565 -2.5253880 30.7576485 0.0454494 0.9652234 0.0010471 0.2574434
112.775600 10.7311850 -2.5276494 30.7061138 0.0462274 0.9654425 0.0010721 0.2564812
112.879400 10.7597914 -2.5300906 30.6554146 0.0472094 0.9656074 0.0015145 0.2556782
112.983000 10.7885637 -2.5324702 30.6054649 0.0463007 0.9659956 0.0006235 0.2543785
113.190500 10.8440638 -2.5380125 30.5089054 0.0451027 0.9666969 -0.0066163 0.2518314
113.397800 10.8962784 -2.5439577 30.4163742 0.0432904 0.9672453 -0.0112447 0.2498720
113.605200 10.9446554 -2.5505209 30.3281193 0.0457518 0.9674392 -0.0067363 0.2488428
113.812600 10.9891653 -2.5564213 30.2466908 0.0480350 0.9674951 -0.0071462 0.2481829
114.020100 11.0297899 -2.5618830 30.1723633 0.0519598 0.9673056 -0.0107792 0.2479997
114.227600 11.0680332 -2.5667460 30.1035728 0.0503567 0.9674032 -0.0100119 0.2479820
114.746300 11.1526423 -2.5785661 29.9507675 0.0475224 0.9674405 -0.0145914 0.2481683
115.057400 11.1988354 -2.5856247 29.8679390 0.0452215 0.9677061 -0.0125679 0.2476733
115.576100 11.2671127 -2.5949769 29.7416210 0.0492958 0.9678937 -0.0117077 0.2462004
116.094600 11.3269711 -2.6034770 29.6319237 0.0515581 0.9676267 -0.0134369 0.2466977
116.405600 11.3583775 -2.6088336 29.5736504 0.0565929 0.9669042 -0.0167692 0.2482181
116.820500 11.3972492 -2.6142354 29.5075989 0.0549060 0.9655628 -0.0194002 0.2535694
117.235400 11.4279232 -2.6197691 29.4555035 0.0552688 0.9642740 -0.0194730 0.2583445
117.754000 11.4567423 -2.6251106 29.4066010 0.0561254 0.9642135 -0.0228884 0.2581055
118.065100 11.4700079 -2.6274338 29.3834820 0.0564885 0.9640117 -0.0243577 0.2586448
118.376300 11.4811182 -2.6295173 29.3645153 0.0561812 0.9638678 -0.0252822 0.2591587
118.791000 11.4932909 -2.6316595 29.3441544 0.0563062 0.9636484 -0.0260525 0.2598706
119.102100 11.5005322 -2.6330285 29.3322945 0.0557927 0.9635260 -0.0271031 0.2603275
119.517000 11.5079651 -2.6343246 29.3192177 0.0565119 0.9632984 -0.0276192 0.2609593
120.139200 11.5150309 -2.6358218 29.3071785 0.0567539 0.9631357 -0.0284004 0.2614232
121.902000 11.5312490 -2.6389132 29.2796307 0.0561664 0.9630201 -0.0294883 0.2618551
122.109400 11.5355940 -2.6397362 29.2727470 0.0560204 0.9630419 -0.0296530 0.2617874
122.524300 11.5461102 -2.6416035 29.2546444 0.0566349 0.9629982 -0.0297800 0.2618019
122.731600 11.5523949 -2.6428924 29.2440186 0.0567900 0.9629554 -0.0296319 0.2619423
122.939000 11.5592299 -2.6442347 29.2322235 0.0560799 0.9629584 -0.0292797 0.2621237
123.146200 11.5666122 -2.6456180 29.2198753 0.0559190 0.9629705 -0.0296322 0.2620742
123.664800 11.5853615 -2.6493859 29.1863174 0.0598833 0.9628405 -0.0280859 0.2618461
123.975900 11.5964413 -2.6518998 29.1681309 0.0591817 0.9629248 -0.0277811 0.2617281
124.183200 11.6028452 -2.6531172 29.1576118 0.0590761 0.9628287 -0.0275232 0.2621323
124.494400 11.6105719 -2.6547060 29.1445045 0.0585780 0.9626930 -0.0264427 0.2628527
