0.000000 -1.9318216 0.4763848 -1.0829055 0.0102041 0.0114142 -0.0073746 0.9998556
0.208477 -1.9300514 0.4740974 -1.0249143 0.0113549 0.0096525 -0.0062266 0.9998695
0.312729 -1.9293540 0.4728264 -0.9957071 0.0119852 0.0085570 -0.0060265 0.9998734
0.416979 -1.9288946 0.4717750 -0.9669702 0.0129240 0.0075304 -0.0050949 0.9998751
0.521227 -1.9282888 0.4705793 -0.9379565 0.0139547 0.0066217 -0.0038874 0.9998732
0.625476 -1.9277912 0.4692920 -0.9085295 0.0142285 0.0057790 -0.0033276 0.9998765
0.833976 -1.9276252 0.4665730 -0.8486601 0.0141350 0.0044826 -0.0031485 0.9998851
0.938359 -1.9276937 0.4651119 -0.8182362 0.0154684 0.0039508 -0.0035091 0.9998664
1.042605 -1.9276733 0.4636745 -0.7872840 0.0173680 0.0032327 -0.0044059 0.9998342
1.251125 -1.9279805 0.4609854 -0.7234563 0.0191192 0.0020046 -0.0059237 0.9997976
1.355354 -1.9278311 0.4596477 -0.6905477 0.0156829 0.0013906 -0.0071334 0.9998506
1.563854 -1.9280766 0.4572370 -0.6214384 0.0072071 0.0005805 -0.0077269 0.9999440
1.772352 -1.9288177 0.4545077 -0.5509819 0.0112271 -0.0003456 -0.0101938 0.9998850
1.980855 -1.9287070 0.4526978 -0.4771243 0.0132657 -0.0017715 -0.0088688 0.9998711
2.189354 -1.9293603 0.4504034 -0.3979130 0.0049245 -0.0020761 -0.0081832 0.9999523
2.397855 -1.9298683 0.4487901 -0.3158793 0.0043307 -0.0024466 -0.0067657 0.9999647
2.606377 -1.9306198 0.4473278 -0.2304239 0.0073431 -0.0019296 -0.0077481 0.9999412
2.814856 -1.9311407 0.4446023 -0.1412379 0.0132600 -0.0010036 -0.0050132 0.9998990
3.023358 -1.9319685 0.4414652 -0.0486083 0.0165052 -0.0003141 -0.0065339 0.9998424
3.231728 -1.9319766 0.4373768 0.0471487 0.0168488 -0.0006241 -0.0072848 0.9998313
3.440232 -1.9325186 0.4328998 0.1452546 0.0182523 -0.0007457 -0.0105894 0.9997771
3.648605 -1.9329431 0.4282365 0.2459982 0.0184250 -0.0009044 -0.0118449 0.9997597
3.856982 -1.9334317 0.4230911 0.3482406 0.0177780 -0.0012357 -0.0122940 0.9997656
4.169606 -1.9342148 0.4160699 0.5039352 0.0167907 -0.0016369 -0.0132800 0.9997695
4.377982 -1.9351913 0.4114090 0.6094211 0.0169379 -0.0018913 -0.0139228 0.9997578
4.586357 -1.9360621 0.4067296 0.7165757 0.0138212 -0.0025102 -0.0135297 0.9998098
4.794755 -1.9366838 0.4020745 0.8258092 0.0124251 -0.0031650 -0.0134529 0.9998273
5.003109 -1.9378325 0.3983654 0.9354023 0.0137095 -0.0038225 -0.0138733 0.9998025
5.315611 -1.9400369 0.3911557 1.1015029 0.0106809 -0.0047342 -0.0137891 0.9998367
5.523983 -1.9411776 0.3863287 1.2114903 0.0125082 -0.0053953 -0.0150033 0.9997947
5.732480 -1.9431126 0.3816816 1.3211309 0.0147023 -0.0053476 -0.0158980 0.9997512
5.940858 -1.9446859 0.3768248 1.4321507 0.0122415 -0.0052685 -0.0165444 0.9997743
6.149354 -1.9463027 0.3721756 1.5415981 0.0120273 -0.0050736 -0.0155149 0.9997944
6.357731 -1.9473265 0.3677343 1.6514559 0.0140724 -0.0049171 -0.0153212 0.9997715
6.566109 -1.9487010 0.3620538 1.7611810 0.0168851 -0.0048090 -0.0141590 0.9997456
6.774485 -1.9496862 0.3568581 1.8714566 0.0166885 -0.0046383 -0.0123828 0.9997733
6.982859 -1.9504967 0.3523041 1.9812740 0.0109253 -0.0044687 -0.0108299 0.9998717
7.191236 -1.9514880 0.3479216 2.0915990 0.0121084 -0.0043170 -0.0085774 0.9998806
7.399507 -1.9525419 0.3429646 2.2011814 0.0156307 -0.0045344 -0.0090374 0.9998267
7.607858 -1.9538009 0.3376862 2.3114300 0.0180668 -0.0041775 -0.0104084 0.9997739
7.712108 -1.9550108 0.3352033 2.3677289 0.0164266 -0.0037581 -0.0124724 0.9997802
7.920378 -1.9558799 0.3297745 2.4783351 0.0148629 -0.0038483 -0.0129450 0.9997984
8.128736 -1.9567592 0.3247512 2.5882659 0.0138310 -0.0041300 -0.0114027 0.9998308
8.232862 -1.9574864 0.3225412 2.6437876 0.0128352 -0.0042711 -0.0106931 0.9998513
8.441112 -1.9587241 0.3176270 2.7547970 0.0125657 -0.0047866 -0.0098457 0.9998611
8.649487 -1.9601275 0.3127752 2.8639429 0.0156283 -0.0055802 -0.0105099 0.9998071
8.857735 -1.9617070 0.3076862 2.9736571 0.0126301 -0.0062607 -0.0117872 0.9998311
9.065987 -1.9641938 0.3030028 3.0824621 0.0103238 -0.0066655 -0.0130781 0.9998389
9.274360 -1.9659953 0.2987778 3.1896937 0.0118274 -0.0073552 -0.0129083 0.9998197
9.482610 -1.9673436 0.2940857 3.2954469 0.0117153 -0.0082834 -0.0117596 0.9998279
9.690863 -1.9693403 0.2893262 3.3988299 0.0094739 -0.0089251 -0.0111453 0.9998532
9.899109 -1.9717638 0.2854020 3.4972513 0.0090279 -0.0103954 -0.0103610 0.9998515
10.107490 -1.9745874 0.2814288 3.5910590 0.0099337 -0.0137646 -0.0100471 0.9998055
10.315740 -1.9779527 0.2775088 3.6802955 0.0090958 -0.0169762 -0.0107090 0.9997572
10.524110 -1.9821990 0.2742264 3.7642839 0.0078831 -0.0196867 -0.0118362 0.9997051
10.836610 -1.9887129 0.2696008 3.8802392 0.0079172 -0.0236556 -0.0146151 0.9995820
11.149240 -1.9956248 0.2655089 3.9820948 0.0131801 -0.0271672 -0.0174505 0.9993917
11.462110 -2.0017262 0.2607780 4.0715008 0.0125441 -0.0256898 -0.0216235 0.9993573
11.775110 -2.0050542 0.2571768 4.1513143 0.0096595 -0.0142115 -0.0230426 0.9995868
12.088240 -2.0037653 0.2537673 4.2210317 0.0093215 0.0058342 -0.0221689 0.9996938
12.297110 -2.0006180 0.2515413 4.2634401 0.0130446 0.0254344 -0.0211005 0.9993687
12.715240 -1.9861984 0.2471950 4.3433261 0.0187008 0.0824263 -0.0153962 0.9963027
13.028860 -1.9687743 0.2430375 4.3966770 0.0205676 0.1403087 -0.0099122 0.9898445
13.237880 -1.9540541 0.2405527 4.4305191 0.0214758 0.1851134 -0.0103733 0.9824277
13.551240 -1.9252465 0.2370618 4.4766493 0.0211684 0.2568325 -0.0082028 0.9661893
13.864360 -1.8903259 0.2327094 4.5174317 0.0257054 0.3298440 -0.0090081 0.9436424
14.073120 -1.8630195 0.2307862 4.5426331 0.0281534 0.3808172 -0.0126957 0.9241344
14.281780 -1.8314242 0.2279481 4.5638590 0.0285732 0.4307918 -0.0100130 0.9019433
14.490490 -1.7968490 0.2256713 4.5827999 0.0265897 0.4810021 -0.0076762 0.8762825
14.699110 -1.7592278 0.2229260 4.5982914 0.0242308 0.5303115 -0.0041900 0.8474462
14.803370 -1.7392341 0.2217127 4.6048346 0.0228296 0.5543094 -0.0046007 0.8319848
14.907610 -1.7185133 0.2204691 4.6107845 0.0230631 0.5771301 -0.0068418 0.8162978
15.011990 -1.6973239 0.2192544 4.6154132 0.0246512 0.5987034 -0.0082974 0.8005484
15.116140 -1.6749369 0.2181227 4.6189857 0.0258573 0.6178904 -0.0082627 0.7857955
15.324240 -1.6272686 0.2154713 4.6236644 0.0311963 0.6480548 -0.0027461 0.7609496
15.532120 -1.5760783 0.2126098 4.6274452 0.0311833 0.6703332 -0.0017757 0.7414026
15.739890 -1.5201167 0.2099009 4.6306725 0.0237394 0.6885920 -0.0028208 0.7247549
15.947760 -1.4602860 0.2066890 4.6295438 0.0272771 0.7038847 0.0023157 0.7097865
16.051740 -1.4287745 0.2050378 4.6283832 0.0296065 0.7100568 0.0032550 0.7035142
16.155710 -1.3964678 0.2040903 4.6273518 0.0316447 0.7150809 0.0014849 0.6983235
16.363390 -1.3280032 0.2005843 4.6246810 0.0325195 0.7211728 -0.0002422 0.6919915
16.570990 -1.2542444 0.1968068 4.6208887 0.0336358 0.7217866 0.0044249 0.6912838
16.778640 -1.1765733 0.1928593 4.6186676 0.0319723 0.7206406 0.0027543 0.6925658
16.986490 -1.0948479 0.1891529 4.6160083 0.0324477 0.7199087 0.0015155 0.6933082
17.194620 -1.0093361 0.1846897 4.6132770 0.0310516 0.7194322 0.0013856 0.6938668
17.402740 -0.9208550 0.1800251 4.6098628 0.0303093 0.7193567 0.0032203 0.6939719
17.610870 -0.8313022 0.1758767 4.6069078 0.0282505 0.7201980 0.0029993 0.6931866
17.819120 -0.7388231 0.1717418 4.6033983 0.0282147 0.7210060 0.0058194 0.6923296
18.027490 -0.6463132 0.1672360 4.6001382 0.0274771 0.7220042 0.0024581 0.6913385
18.235760 -0.5514378 0.1625714 4.5962753 0.0300519 0.7226790 0.0006687 0.6905299
18.444000 -0.4548475 0.1575958 4.5928845 0.0255849 0.7236838 0.0007281 0.6896569
18.652370 -0.3583108 0.1528001 4.5887756 0.0198710 0.7239053 0.0027780 0.6896076
18.860740 -0.2628778 0.1481186 4.5844316 0.0219671 0.7234785 0.0009710 0.6899967
19.173270 -0.1198542 0.1412355 4.5787992 0.0278989 0.7225477 -0.0010394 0.6907572
19.381800 -0.0244520 0.1359763 4.5748343 0.0256700 0.7220532 0.0043659 0.6913474
19.590340 0.0692329 0.1318004 4.5714316 0.0247550 0.7224659 0.0020539 0.6909602
19.902930 0.2074505 0.1247523 4.5657387 0.0234554 0.7247515 0.0005306 0.6886107
20.111410 0.2986291 0.1205220 4.5616283 0.0220836 0.7262476 -0.0007588 0.6870780
20.319990 0.3883462 0.1151435 4.5567288 0.0210934 0.7276995 -0.0002994 0.6855716
20.528590 0.4770451 0.1111727 4.5513735 0.0219243 0.7286178 -0.0005518 0.6845693
20.737490 0.5649375 0.1068580 4.5456204 0.0220663 0.7294414 0.0009506 0.6836866
20.945510 0.6513178 0.1027189 4.5406742 0.0204160 0.7304354 0.0002631 0.6826766
21.153990 0.7335935 0.0987235 4.5353556 0.0195891 0.7309175 0.0005246 0.6821844
21.362520 0.8135241 0.0950649 4.5305490 0.0218207 0.7311309 -0.0013415 0.6818869
21.571010 0.8929160 0.0910021 4.5257912 0.0219224 0.7313015 -0.0029452 0.6816955
21.675510 0.9318876 0.0889322 4.5228243 0.0223848 0.7311520 -0.0022513 0.6818435
21.883890 1.0098870 0.0846771 4.5180197 0.0208725 0.7314356 -0.0033930 0.6815826
21.988560 1.0490147 0.0824607 4.5160484 0.0199854 0.7315408 -0.0043093 0.6814911
22.196780 1.1260511 0.0786606 4.5106082 0.0201218 0.7318131 -0.0029314 0.6812019
22.301210 1.1642783 0.0767843 4.5080628 0.0188894 0.7329985 -0.0038250 0.6799572
22.509770 1.2397764 0.0727910 4.5020609 0.0198963 0.7367848 -0.0050485 0.6758157
22.718920 1.3154402 0.0691829 4.4940195 0.0220091 0.7412245 -0.0060810 0.6708688
22.926910 1.3931029 0.0652168 4.4861689 0.0199020 0.7452312 -0.0068088 0.6664743
23.135720 1.4710174 0.0613881 4.4772696 0.0183426 0.7480623 -0.0083909 0.6633219
23.343940 1.5507632 0.0575931 4.4673915 0.0173171 0.7494546 -0.0049362 0.6618108
23.552380 1.6331029 0.0539597 4.4577594 0.0158744 0.7505316 -0.0042386 0.6606303
23.760760 1.7158000 0.0501217 4.4468098 0.0210474 0.7506046 -0.0042300 0.6604028
23.969260 1.7999513 0.0460322 4.4353375 0.0257365 0.7509075 -0.0035533 0.6598961
24.177660 1.8849478 0.0418319 4.4247622 0.0228872 0.7510056 -0.0015197 0.6598973
24.281890 1.9272807 0.0397399 4.4191828 0.0230464 0.7510508 0.0000100 0.6598421
24.490410 2.0123515 0.0353823 4.4086409 0.0225099 0.7519682 -0.0007565 0.6588145
24.698880 2.0967503 0.0314718 4.3975215 0.0229677 0.7534299 -0.0009937 0.6571262
24.907380 2.1807666 0.0276130 4.3857074 0.0229641 0.7546342 -0.0008093 0.6557432
25.115970 2.2666728 0.0232613 4.3743520 0.0226301 0.7557089 -0.0023960 0.6545121
25.428740 2.3954651 0.0176804 4.3561201 0.0219324 0.7567995 -0.0025349 0.6532741
25.637140 2.4832048 0.0141128 4.3442111 0.0185314 0.7578446 -0.0030928 0.6521646
25.845770 2.5724275 0.0097939 4.3302722 0.0196852 0.7589911 -0.0017767 0.6508009
26.158530 2.7077198 0.0037292 4.3089857 0.0234091 0.7602944 -0.0042610 0.6491427
26.367040 2.7991536 -0.0009622 4.2942924 0.0261323 0.7604917 -0.0049765 0.6488026
26.575550 2.8926747 -0.0061214 4.2792478 0.0266997 0.7602515 -0.0023946 0.6490756
26.784000 2.9879193 -0.0112259 4.2649102 0.0247918 0.7594380 -0.0014457 0.6501055
26.992430 3.0829401 -0.0157213 4.2503767 0.0228978 0.7582942 0.0013311 0.6515089
27.200890 3.1778278 -0.0204134 4.2363877 0.0242143 0.7572468 -0.0003567 0.6526797
27.409410 3.2726407 -0.0252719 4.2228060 0.0268130 0.7561465 -0.0046634 0.6538362
27.617880 3.3683631 -0.0302416 4.2091508 0.0250292 0.7552356 -0.0030518 0.6549683
27.826410 3.4648170 -0.0355771 4.1959753 0.0244791 0.7548247 -0.0021127 0.6554662
28.034970 3.5610187 -0.0404930 4.1824331 0.0244115 0.7544085 -0.0008610 0.6559506
28.243410 3.6562054 -0.0455802 4.1686077 0.0261383 0.7536679 0.0006060 0.6567352
28.556140 3.7981501 -0.0531047 4.1504307 0.0233580 0.7530662 -0.0019201 0.6575272
28.764800 3.8919199 -0.0576813 4.1383300 0.0201203 0.7534888 -0.0044288 0.6571378
29.077510 4.0314832 -0.0651995 4.1204920 0.0216451 0.7544678 -0.0084597 0.6559255
29.390270 4.1676431 -0.0733094 4.1013231 0.0241959 0.7548625 -0.0082760 0.6553844
29.598790 4.2568350 -0.0791212 4.0892372 0.0237260 0.7555382 -0.0097577 0.6546021
29.807270 4.3455443 -0.0848602 4.0767369 0.0231318 0.7572627 -0.0103318 0.6526188
30.015910 4.4325991 -0.0902408 4.0639300 0.0239322 0.7593825 -0.0126521 0.6500810
30.224420 4.5183778 -0.0961138 4.0505404 0.0238601 0.7614604 -0.0116490 0.6476674
30.432920 4.6029162 -0.1022279 4.0367546 0.0244852 0.7628165 -0.0146820 0.6459845
30.641400 4.6869607 -0.1081191 4.0229087 0.0284084 0.7641680 -0.0179416 0.6441416
30.850030 4.7709584 -0.1143406 4.0083089 0.0254602 0.7662361 -0.0141290 0.6418990
31.058390 4.8539081 -0.1206406 3.9940958 0.0252212 0.7676078 -0.0149190 0.6402496
31.266890 4.9359007 -0.1266421 3.9794793 0.0260673 0.7692537 -0.0183862 0.6381466
31.475390 5.0171194 -0.1331628 3.9645855 0.0303452 0.7705821 -0.0203709 0.6362920
31.683900 5.0970993 -0.1398797 3.9488153 0.0301823 0.7721124 -0.0202873 0.6344445
31.892590 5.1771269 -0.1465191 3.9324007 0.0308423 0.7752890 -0.0158732 0.6306534
32.101220 5.2559524 -0.1532377 3.9157288 0.0296696 0.7800838 -0.0161057 0.6247635
32.309930 5.3333287 -0.1593543 3.8973792 0.0298395 0.7872480 -0.0169985 0.6156796
32.518590 5.4095173 -0.1658067 3.8762579 0.0311707 0.7947830 -0.0156570 0.6058904
32.622920 5.4475698 -0.1690515 3.8656330 0.0320251 0.7984514 -0.0142721 0.6010375
32.727140 5.4850321 -0.1719501 3.8540168 0.0333396 0.8015667 -0.0126650 0.5968408
32.831540 5.5224848 -0.1747546 3.8422558 0.0353077 0.8043650 -0.0106438 0.5929899
33.040040 5.5966897 -0.1806916 3.8177829 0.0369112 0.8085868 -0.0084327 0.5871574
33.248440 5.6696806 -0.1858466 3.7925558 0.0387982 0.8105733 -0.0021178 0.5843467
33.456640 5.7414346 -0.1911650 3.7674565 0.0407468 0.8109664 0.0031350 0.5836637
33.665120 5.8114824 -0.1960668 3.7436895 0.0441179 0.8104331 0.0005727 0.5841673
33.873500 5.8813634 -0.2006777 3.7204168 0.0447118 0.8097378 0.0025190 0.5850805
34.081820 5.9500275 -0.2056119 3.6976838 0.0450012 0.8086470 0.0046364 0.5865521
34.289910 6.0168896 -0.2098250 3.6763678 0.0472000 0.8067310 0.0036498 0.5890194
34.394020 6.0499611 -0.2123268 3.6659589 0.0472139 0.8051096 0.0048194 0.5912242
34.498170 6.0832763 -0.2147518 3.6553621 0.0472736 0.8032297 0.0060896 0.5937593
34.602300 6.1163888 -0.2167858 3.6455531 0.0468834 0.8017548 0.0067872 0.5957727
34.706380 6.1489239 -0.2191710 3.6361279 0.0465786 0.8005854 0.0071015 0.5973633
34.810660 6.1813636 -0.2211730 3.6266227 0.0465087 0.7993550 0.0078994 0.5990042
34.914790 6.2135162 -0.2232044 3.6169538 0.0472655 0.7980121 0.0100216 0.6007015
35.019540 6.2452264 -0.2250960 3.6074572 0.0474186 0.7967060 0.0114338 0.6023955
35.227510 6.3070340 -0.2289432 3.5908811 0.0458682 0.7945883 0.0095307 0.6053385
35.436220 6.3679724 -0.2331374 3.5745575 0.0488622 0.7913768 0.0079516 0.6093209
35.644150 6.4290371 -0.2369636 3.5602424 0.0474554 0.7868125 0.0062469 0.6153334
35.956520 6.5197406 -0.2429305 3.5414252 0.0467650 0.7753132 0.0074718 0.6297989
36.164640 6.5787873 -0.2472621 3.5315537 0.0460379 0.7642673 0.0070657 0.6432155
36.372770 6.6381202 -0.2513725 3.5244911 0.0446958 0.7499649 0.0053193 0.6599444
36.581010 6.6969800 -0.2561524 3.5214624 0.0417171 0.7357749 -0.0002040 0.6759400
36.789390 6.7555709 -0.2605633 3.5204129 0.0374538 0.7242236 -0.0053128 0.6885269
36.998010 6.8137865 -0.2649829 3.5202084 0.0302540 0.7202263 -0.0097233 0.6930109
37.207180 6.8717537 -0.2689988 3.5178945 0.0248951 0.7268082 -0.0105470 0.6863081
37.416200 6.9284306 -0.2729141 3.5129752 0.0242223 0.7357020 -0.0085604 0.6768180
37.625170 6.9839139 -0.2767117 3.5070236 0.0229375 0.7445226 -0.0087069 0.6671463
37.729650 7.0107756 -0.2780485 3.5036016 0.0214675 0.7500134 -0.0093504 0.6610080
37.834140 7.0380192 -0.2799295 3.4996555 0.0210926 0.7557549 -0.0089369 0.6544538
37.938540 7.0642896 -0.2813801 3.4948058 0.0216401 0.7607838 -0.0077240 0.6485986
38.043370 7.0909691 -0.2828926 3.4899185 0.0218004 0.7654932 -0.0064252 0.6430424
38.147940 7.1169081 -0.2843054 3.4846570 0.0213774 0.7700480 -0.0056890 0.6376023
38.251530 7.1417799 -0.2856885 3.4789624 0.0208966 0.7742963 -0.0055723 0.6324536
38.460120 7.1924710 -0.2886386 3.4670630 0.0219598 0.7816879 -0.0043135 0.6232682
38.564400 7.2169724 -0.2900808 3.4606857 0.0245267 0.7848464 -0.0035295 0.6191948
38.668540 7.2413874 -0.2913670 3.4543602 0.0246858 0.7870713 -0.0036728 0.6163570
38.772660 7.2656345 -0.2926190 3.4481781 0.0254423 0.7886009 -0.0029270 0.6143718
38.981070 7.3138609 -0.2951756 3.4358211 0.0245591 0.7902666 -0.0020251 0.6122675
39.189420 7.3614430 -0.2977899 3.4231534 0.0256930 0.7906509 -0.0007434 0.6117274
39.397920 7.4083204 -0.3002026 3.4109602 0.0263670 0.7924789 -0.0024622 0.6093242
39.606400 7.4569664 -0.3025595 3.3976049 0.0259437 0.7953749 -0.0032576 0.6055534
39.815010 7.5068812 -0.3052708 3.3830664 0.0265093 0.7987641 -0.0020903 0.6010565
40.023700 7.5583386 -0.3078471 3.3678155 0.0277193 0.8022932 -0.0022366 0.5962819
40.232310 7.6110592 -0.3104453 3.3510218 0.0289852 0.8055537 -0.0029063 0.5918062
40.440800 7.6648898 -0.3131941 3.3330209 0.0320093 0.8085422 -0.0004138 0.5875668
40.649320 7.7197442 -0.3159596 3.3148470 0.0305514 0.8109517 0.0003501 0.5843149
40.857780 7.7757211 -0.3187476 3.2955110 0.0302213 0.8125238 0.0044826 0.5821269
41.066270 7.8315454 -0.3216366 3.2766058 0.0294678 0.8135607 0.0061194 0.5807006
41.274690 7.8870344 -0.3239086 3.2581334 0.0309475 0.8133870 0.0052511 0.5808753
41.482890 7.9419928 -0.3261881 3.2395716 0.0314905 0.8123554 0.0052392 0.5822883
41.691270 7.9962502 -0.3289961 3.2216160 0.0320100 0.8107417 0.0054242 0.5845031
42.003780 8.0750961 -0.3329225 3.1956334 0.0343008 0.8074536 0.0040838 0.5889189
42.316180 8.1489477 -0.3366886 3.1730587 0.0330840 0.8035079 0.0057108 0.5943466
42.628660 8.2155399 -0.3403685 3.1539249 0.0314200 0.7966886 0.0102949 0.6034850
42.940920 8.2758465 -0.3433978 3.1398773 0.0308518 0.7838286 0.0081507 0.6201568
43.252900 8.3347502 -0.3463579 3.1296930 0.0342064 0.7617613 0.0049428 0.6469352
43.460950 8.3735962 -0.3483385 3.1277709 0.0300770 0.7422428 0.0027816 0.6694500
43.668930 8.4114914 -0.3505044 3.1277750 0.0255419 0.7204328 -0.0000449 0.6930542
43.877060 8.4493685 -0.3525555 3.1306114 0.0203143 0.6985225 -0.0003494 0.7152996
44.085170 8.4863768 -0.3545381 3.1354549 0.0184030 0.6748891 0.0005328 0.7376894
44.293150 8.5226421 -0.3563650 3.1431644 0.0181833 0.6483904 -0.0006566 0.7610906
44.501140 8.5590067 -0.3579864 3.1534829 0.0204626 0.6179881 -0.0027773 0.7859161
44.709450 8.5951986 -0.3598246 3.1683121 0.0198804 0.5833255 -0.0071138 0.8119640
44.917460 8.6314917 -0.3624066 3.1873033 0.0204621 0.5442528 -0.0127757 0.8385744
45.125340 8.6682472 -0.3653018 3.2102942 0.0246683 0.5028005 -0.0119819 0.8639674
45.541680 8.7420540 -0.3712645 3.2745261 0.0214199 0.4154449 -0.0154597 0.9092347
45.958150 8.8131561 -0.3780653 3.3606694 0.0207436 0.3288013 -0.0148983 0.9440537
46.062500 8.8304090 -0.3800242 3.3863115 0.0201072 0.3093488 -0.0151780 0.9506149
46.167710 8.8477001 -0.3815683 3.4136734 0.0193292 0.2911804 -0.0159610 0.9563397
46.375430 8.8809958 -0.3850990 3.4726095 0.0168596 0.2600908 -0.0158891 0.9653062
46.584500 8.9140482 -0.3885115 3.5376022 0.0133895 0.2363125 -0.0153812 0.9714631
46.793320 8.9472294 -0.3916015 3.6075351 0.0132438 0.2178780 -0.0120359 0.9758120
47.002150 8.9794998 -0.3947812 3.6822228 0.0135584 0.2001776 -0.0086782 0.9796274
47.210900 9.0098362 -0.3982681 3.7615035 0.0138814 0.1831478 -0.0089783 0.9829464
47.419800 9.0391407 -0.4016554 3.8448012 0.0126761 0.1715801 -0.0110638 0.9850265
47.628840 9.0689583 -0.4052995 3.9316845 0.0111183 0.1687857 -0.0136526 0.9854955
47.837650 9.0999670 -0.4090504 4.0201759 0.0114662 0.1683465 -0.0115248 0.9855938
48.046420 9.1322756 -0.4131247 4.1121511 0.0133139 0.1683895 -0.0099841 0.9855800
48.255170 9.1653357 -0.4172680 4.2068624 0.0123598 0.1690849 -0.0099894 0.9854733
48.463660 9.1991005 -0.4217167 4.3032575 0.0106022 0.1699826 -0.0082575 0.9853554
48.567920 9.2162409 -0.4239730 4.3514657 0.0104016 0.1702379 -0.0081480 0.9853144
48.776450 9.2512035 -0.4281730 4.4489641 0.0104018 0.1703541 -0.0064500 0.9853069
48.985000 9.2855606 -0.4321958 4.5466542 0.0084175 0.1708350 -0.0047874 0.9852520
49.193280 9.3209324 -0.4359464 4.6452060 0.0092769 0.1704581 -0.0030323 0.9853166
49.407810 9.3559065 -0.4399905 4.7430344 0.0108991 0.1699660 -0.0025613 0.9853863
49.610180 9.3895330 -0.4441624 4.8399172 0.0110493 0.1688368 -0.0024007 0.9855791
49.818560 9.4227924 -0.4486478 4.9374022 0.0102178 0.1678375 -0.0026836 0.9857581
50.026950 9.4570999 -0.4528269 5.0353832 0.0102629 0.1661543 -0.0030248 0.9860417
50.235330 9.4904480 -0.4567752 5.1339931 0.0098384 0.1648164 -0.0025115 0.9862720
50.443670 9.5234137 -0.4608278 5.2305617 0.0089049 0.1629852 -0.0019426 0.9865865
50.652030 9.5554953 -0.4642435 5.3269548 0.0090898 0.1611671 -0.0007941 0.9868850
50.860320 9.5870275 -0.4678998 5.4217682 0.0098170 0.1591750 -0.0007325 0.9872013
51.068710 9.6169548 -0.4717312 5.5148759 0.0071442 0.1568863 0.0002192 0.9875908
51.277040 9.6450891 -0.4753049 5.6049395 0.0067406 0.1547525 0.0006161 0.9879301
51.485450 9.6719608 -0.4783381 5.6914196 0.0107561 0.1522802 -0.0009052 0.9882784
51.693900 9.6972542 -0.4823353 5.7745843 0.0102759 0.1497001 -0.0013955 0.9886771
52.006530 9.7321930 -0.4872091 5.8924909 0.0061542 0.1434641 -0.0009119 0.9896359
52.215240 9.7520027 -0.4903433 5.9640722 0.0066525 0.1397487 -0.0019714 0.9901627
52.527830 9.7788696 -0.4944308 6.0616817 0.0089952 0.1372414 -0.0043642 0.9904872
52.736490 9.7948847 -0.4970686 6.1201625 0.0110554 0.1356438 -0.0049273 0.9906837
52.944900 9.8093567 -0.4993662 6.1744146 0.0117846 0.1351421 -0.0056282 0.9907402
53.154550 9.8232155 -0.5017637 6.2258291 0.0112863 0.1326989 -0.0056743 0.9910759
53.361840 9.8363056 -0.5041281 6.2765484 0.0118527 0.1270282 -0.0038682 0.9918208
53.570100 9.8474760 -0.5067599 6.3262358 0.0117989 0.1145877 -0.0020234 0.9933410
53.777930 9.8551283 -0.5087124 6.3745766 0.0127001 0.0943134 -0.0031439 0.9954566
53.985990 9.8594704 -0.5106323 6.4223509 0.0113909 0.0663667 -0.0043989 0.9977206
54.193810 9.8600254 -0.5122971 6.4689674 0.0089419 0.0313630 -0.0059782 0.9994502
54.401580 9.8564110 -0.5140479 6.5139680 0.0067354 -0.0091507 -0.0100074 0.9998854
54.609440 9.8480482 -0.5154767 6.5571203 0.0050534 -0.0537616 -0.0155737 0.9984196
54.817300 9.8360729 -0.5159215 6.5994902 0.0012396 -0.1029655 -0.0182576 0.9945166
55.025330 9.8197584 -0.5163425 6.6401224 -0.0031160 -0.1560900 -0.0186387 0.9875621
55.233280 9.7988281 -0.5170090 6.6783123 -0.0071753 -0.2107746 -0.0217824 0.9772657
55.441330 9.7737627 -0.5167730 6.7128472 -0.0089171 -0.2673109 -0.0250969 0.9632422
55.649410 9.7450705 -0.5155428 6.7446914 -0.0107416 -0.3239304 -0.0253769 0.9456795
55.857760 9.7128096 -0.5139319 6.7727003 -0.0146848 -0.3788610 -0.0237059 0.9250334
56.066000 9.6767139 -0.5123916 6.7970133 -0.0185689 -0.4323560 -0.0237909 0.9011978
56.170220 9.6577864 -0.5112467 6.8072324 -0.0187275 -0.4580897 -0.0254831 0.8883432
56.274310 9.6379747 -0.5105508 6.8157120 -0.0183059 -0.4824102 -0.0273137 0.8753281
56.482840 9.5972862 -0.5087073 6.8303452 -0.0163459 -0.5300290 -0.0297657 0.8472993
56.587120 9.5763016 -0.5074431 6.8367739 -0.0154455 -0.5522406 -0.0300016 0.8330016
56.691300 9.5549736 -0.5064306 6.8419991 -0.0142796 -0.5726014 -0.0306073 0.8191379
56.795690 9.5331345 -0.5053719 6.8464966 -0.0129437 -0.5909036 -0.0315594 0.8060207
56.900200 9.5114346 -0.5041937 6.8501201 -0.0113835 -0.6068799 -0.0324414 0.7940496
57.109200 9.4693880 -0.5028403 6.8581877 -0.0149115 -0.6326541 -0.0283035 0.7737734
57.213710 9.4476938 -0.5020664 6.8616610 -0.0174727 -0.6421543 -0.0273770 0.7658871
57.527320 9.3739710 -0.4983730 6.8683004 -0.0161544 -0.6636891 -0.0347673 0.7470255
57.631790 9.3470888 -0.4965875 6.8706369 -0.0163580 -0.6689507 -0.0335612 0.7423685
57.736570 9.3196306 -0.4950426 6.8727055 -0.0164144 -0.6749588 -0.0304352 0.7370448
57.840730 9.2908497 -0.4930921 6.8748822 -0.0157718 -0.6812593 -0.0271473 0.7313686
58.049450 9.2290516 -0.4896051 6.8767657 -0.0177081 -0.6936392 -0.0248212 0.7196770
58.258220 9.1619606 -0.4861569 6.8752027 -0.0166118 -0.7037873 -0.0302525 0.7095718
58.467090 9.0900612 -0.4819174 6.8733659 -0.0155242 -0.7107332 -0.0323002 0.7025483
58.676060 9.0138597 -0.4772007 6.8709917 -0.0148065 -0.7136262 -0.0339325 0.6995477
58.884940 8.9333944 -0.4722902 6.8680105 -0.0122161 -0.7147493 -0.0363466 0.6983288
59.093910 8.8485622 -0.4671111 6.8652577 -0.0079218 -0.7119724 -0.0400153 0.7010217
59.302920 8.7603607 -0.4618774 6.8653078 -0.0055499 -0.7057127 -0.0428584 0.7071788
59.512300 8.6681614 -0.4567410 6.8672128 -0.0035292 -0.6988065 -0.0446432 0.7139075
59.720720 8.5722942 -0.4513383 6.8702254 -0.0014371 -0.6914102 -0.0460642 0.7209910
59.929310 8.4731083 -0.4460880 6.8770132 -0.0007865 -0.6839420 -0.0478191 0.7279671
60.137820 8.3706560 -0.4397482 6.8857312 -0.0011194 -0.6766036 -0.0496929 0.7346679
60.346310 8.2672796 -0.4343375 6.8955636 -0.0017136 -0.6701461 -0.0509835 0.7404741
60.554790 8.1642838 -0.4287995 6.9068856 -0.0021136 -0.6650630 -0.0507116 0.7450605
60.763240 8.0615778 -0.4231398 6.9190097 -0.0025431 -0.6626070 -0.0491633 0.7473477
60.971470 7.9590116 -0.4176241 6.9315853 -0.0021157 -0.6618086 -0.0492649 0.7480494
61.179820 7.8551388 -0.4119806 6.9444184 -0.0011514 -0.6609374 -0.0492562 0.7488219
61.388180 7.7512264 -0.4070999 6.9569635 -0.0011776 -0.6602669 -0.0498404 0.7493745
61.596570 7.6477036 -0.4016119 6.9700813 -0.0005091 -0.6603636 -0.0504336 0.7492504
61.805110 7.5445280 -0.3967663 6.9825468 -0.0002935 -0.6607452 -0.0491095 0.7490020
62.013230 7.4416618 -0.3913603 6.9951196 0.0007655 -0.6613732 -0.0501200 0.7483802
62.221590 7.3392677 -0.3864465 7.0068135 -0.0017451 -0.6617286 -0.0520051 0.7479356
62.429920 7.2364264 -0.3805043 7.0188704 -0.0005944 -0.6619234 -0.0518770 0.7477739
62.638450 7.1342769 -0.3750000 7.0313091 -0.0003600 -0.6616845 -0.0520978 0.7479702
62.849550 7.0325933 -0.3699917 7.0430665 -0.0006269 -0.6602129 -0.0529612 0.7492087
63.159760 6.8813782 -0.3620231 7.0619493 0.0003209 -0.6588735 -0.0522049 0.7504400
63.472300 6.7319717 -0.3542387 7.0807295 0.0007809 -0.6582889 -0.0523453 0.7509428
63.785050 6.5827665 -0.3466114 7.1000085 -0.0002706 -0.6574450 -0.0522880 0.7516862
64.306310 6.3391991 -0.3342404 7.1322250 0.0016960 -0.6568638 -0.0500753 0.7523427
64.723370 6.1419644 -0.3249537 7.1594954 0.0004607 -0.6555437 -0.0501140 0.7534924
65.140170 5.9417343 -0.3148842 7.1876259 -0.0013882 -0.6540387 -0.0484217 0.7549084
65.453010 5.7894502 -0.3075772 7.2096548 0.0007664 -0.6543222 -0.0476791 0.7547109
65.870560 5.5825224 -0.2978919 7.2366629 -0.0015533 -0.6592559 -0.0464654 0.7504801
66.182330 5.4248381 -0.2899869 7.2546473 -0.0020661 -0.6650583 -0.0479687 0.7452465
66.390840 5.3194628 -0.2847389 7.2647662 -0.0004011 -0.6677600 -0.0482356 0.7428120
66.703570 5.1587863 -0.2772171 7.2808404 0.0017110 -0.6692305 -0.0454875 0.7416593
66.911930 5.0506086 -0.2723465 7.2919812 -0.0014569 -0.6698003 -0.0443042 0.7412170
67.224690 4.8897891 -0.2639959 7.3071146 -0.0046918 -0.6704782 -0.0465924 0.7404499
67.537490 4.7286282 -0.2558986 7.3228393 -0.0044157 -0.6710560 -0.0479965 0.7398383
67.745940 4.6221976 -0.2501016 7.3318501 -0.0028575 -0.6712868 -0.0477643 0.7396516
68.058600 4.4631152 -0.2419827 7.3459191 -0.0015933 -0.6717268 -0.0475571 0.7392691
68.266970 4.3573179 -0.2371635 7.3554516 -0.0013265 -0.6717520 -0.0479224 0.7392232
68.579550 4.1992021 -0.2292301 7.3704443 -0.0007442 -0.6716096 -0.0478257 0.7393596
68.787950 4.0936232 -0.2240440 7.3798800 -0.0012451 -0.6715832 -0.0486510 0.7393290
68.996320 3.9883358 -0.2189828 7.3891287 -0.0001987 -0.6713867 -0.0486144 0.7395110
69.100450 3.9354715 -0.2161914 7.3940039 -0.0005237 -0.6713474 -0.0487105 0.7395402
69.204680 3.8830278 -0.2135173 7.3986878 -0.0012000 -0.6714583 -0.0497513 0.7393694
69.413100 3.7768981 -0.2081678 7.4086008 -0.0015954 -0.6715701 -0.0505343 0.7392140
69.621360 3.6721516 -0.2024346 7.4178572 -0.0010696 -0.6719092 -0.0503658 0.7389183
69.829670 3.5675292 -0.1973609 7.4270082 0.0000714 -0.6721874 -0.0526657 0.7385055
70.038070 3.4637578 -0.1917834 7.4357128 0.0048232 -0.6720822 -0.0520930 0.7386261
70.246450 3.3597159 -0.1866468 7.4449692 0.0068475 -0.6705430 -0.0534046 0.7399143
70.454920 3.2557220 -0.1818425 7.4550033 0.0041962 -0.6687179 -0.0539324 0.7415457
70.663330 3.1516821 -0.1767096 7.4661980 0.0022176 -0.6670693 -0.0539016 0.7430399
70.871920 3.0479536 -0.1713770 7.4767847 0.0025347 -0.6653110 -0.0548939 0.7445412
71.082350 2.9443972 -0.1661173 7.4883428 0.0040313 -0.6640570 -0.0542111 0.7457032
71.288550 2.8407800 -0.1612274 7.5001326 0.0061897 -0.6631787 -0.0517410 0.7466449
71.496920 2.7367201 -0.1565947 7.5121021 0.0053320 -0.6628705 -0.0522824 0.7468874
71.705330 2.6314759 -0.1518991 7.5248828 0.0026351 -0.6629221 -0.0510219 0.7469432
71.913580 2.5266333 -0.1467250 7.5366044 0.0019439 -0.6636013 -0.0504336 0.7463819
72.121920 2.4214168 -0.1410933 7.5484214 -0.0012804 -0.6640390 -0.0530937 0.7458094
72.330290 2.3165755 -0.1356476 7.5600305 0.0000863 -0.6637328 -0.0516443 0.7461847
72.538690 2.2118247 -0.1305447 7.5720668 0.0028337 -0.6634697 -0.0470157 0.7467191
72.747080 2.1060936 -0.1257398 7.5841084 -0.0004506 -0.6632072 -0.0488319 0.7468410
72.955480 2.0004239 -0.1202924 7.5958629 -0.0011398 -0.6640219 -0.0488991 0.7461116
73.163840 1.8946738 -0.1147078 7.6079254 -0.0019423 -0.6656326 -0.0485888 0.7446936
73.372080 1.7885669 -0.1094655 7.6188140 -0.0038798 -0.6680478 -0.0474705 0.7425925
73.580420 1.6828287 -0.1037132 7.6290259 -0.0034794 -0.6702232 -0.0464319 0.7406976
73.892960 1.5233607 -0.0957001 7.6436772 -0.0028691 -0.6726490 -0.0463768 0.7385014
74.101330 1.4163852 -0.0896110 7.6519923 -0.0032620 -0.6735270 -0.0484402 0.7375665
74.309810 1.3094999 -0.0840592 7.6613030 -0.0023073 -0.6740969 -0.0490305 0.7370101
74.518190 1.2028743 -0.0787825 7.6697845 -0.0017055 -0.6743035 -0.0484783 0.7368594
74.726710 1.0966058 -0.0731034 7.6790018 -0.0026294 -0.6751049 -0.0482183 0.7361396
74.935080 0.9908509 -0.0680058 7.6870756 -0.0034635 -0.6759248 -0.0484770 0.7353663
75.143430 0.8858542 -0.0625795 7.6958337 -0.0035029 -0.6771879 -0.0471673 0.7342885
75.351710 0.7820458 -0.0572482 7.7032275 -0.0037010 -0.6783515 -0.0461708 0.7332761
75.560080 0.6786792 -0.0523519 7.7100792 -0.0020202 -0.6801589 -0.0425303 0.7318271
75.768340 0.5754706 -0.0476561 7.7165251 -0.0015984 -0.6816927 -0.0415435 0.7304565
75.976580 0.4733123 -0.0431673 7.7232285 -0.0047279 -0.6833422 -0.0428059 0.7288270
76.185000 0.3712095 -0.0381164 7.7288456 -0.0043878 -0.6837285 -0.0436486 0.7284167
76.393300 0.2704730 -0.0333473 7.7345133 -0.0040664 -0.6834949 -0.0449576 0.7285582
76.601900 0.1705148 -0.0282782 7.7399745 -0.0044657 -0.6832695 -0.0471229 0.7286304
76.810120 0.0714921 -0.0230511 7.7458444 -0.0036538 -0.6835868 -0.0467056 0.7283642
77.018320 -0.0256113 -0.0179212 7.7512994 -0.0034719 -0.6847796 -0.0477233 0.7271776
77.226680 -0.1201810 -0.0130050 7.7558570 -0.0038005 -0.6859955 -0.0485469 0.7259745
77.436110 -0.2131315 -0.0084525 7.7589445 -0.0032972 -0.6871115 -0.0486121 0.7249164
77.643330 -0.3046300 -0.0034973 7.7629504 -0.0028910 -0.6887395 -0.0483421 0.7233896
77.851700 -0.3942306 0.0013048 7.7664633 -0.0026493 -0.6898614 -0.0483435 0.7223207
78.060100 -0.4816330 0.0056293 7.7695613 -0.0026498 -0.6908677 -0.0495700 0.7212750
78.268580 -0.5653921 0.0096735 7.7727575 -0.0020451 -0.6911502 -0.0507649 0.7209231
78.477150 -0.6459703 0.0140198 7.7754788 -0.0002607 -0.6895838 -0.0512629 0.7223893
78.685710 -0.7229351 0.0179618 7.7783675 0.0007351 -0.6875237 -0.0508503 0.7243789
78.789980 -0.7613220 0.0197584 7.7803359 0.0004692 -0.6864626 -0.0502188 0.7254288
78.894170 -0.7996100 0.0217473 7.7821183 0.0007485 -0.6854091 -0.0498264 0.7264510
79.102740 -0.8746538 0.0251255 7.7864923 0.0009281 -0.6834998 -0.0488000 0.7283171
79.207090 -0.9114808 0.0268904 7.7889366 0.0009631 -0.6827279 -0.0490088 0.7290266
79.415550 -0.9844328 0.0304990 7.7936859 -0.0005857 -0.6813844 -0.0489592 0.7302862
79.521320 -1.0203710 0.0323628 7.7960796 -0.0005596 -0.6810071 -0.0490362 0.7306329
79.624080 -1.0558805 0.0339190 7.7985091 -0.0008545 -0.6805165 -0.0486006 0.7311186
79.728360 -1.0907230 0.0355392 7.8007784 -0.0007903 -0.6800681 -0.0484168 0.7315481
79.832620 -1.1252224 0.0373643 7.8030953 -0.0007097 -0.6795362 -0.0484535 0.7320398
80.041060 -1.1922669 0.0406088 7.8080115 -0.0019066 -0.6783124 -0.0489721 0.7331373
80.249580 -1.2566731 0.0437943 7.8131390 -0.0027160 -0.6764494 -0.0488512 0.7348622
80.458240 -1.3177581 0.0470378 7.8182507 -0.0026726 -0.6742250 -0.0487972 0.7369072
80.666690 -1.3749611 0.0497400 7.8241801 -0.0040893 -0.6716943 -0.0476772 0.7392814
80.875410 -1.4293034 0.0525822 7.8295360 -0.0045696 -0.6682317 -0.0485363 0.7423543
81.083960 -1.4804360 0.0548462 7.8357220 -0.0049941 -0.6635289 -0.0478463 0.7466024
81.501230 -1.5753736 0.0589133 7.8502054 -0.0027474 -0.6485249 -0.0446984 0.7598749
81.709820 -1.6184635 0.0608506 7.8589873 -0.0027835 -0.6385314 -0.0425898 0.7684113
82.127190 -1.6966723 0.0634123 7.8786230 -0.0028394 -0.6132181 -0.0407183 0.7888584
82.544740 -1.7632306 0.0648352 7.9035921 -0.0017096 -0.5775280 -0.0327528 0.8157118
83.171270 -1.8508058 0.0666828 7.9520402 -0.0052961 -0.5016358 -0.0322074 0.8644629
83.797550 -1.9263463 0.0671686 8.0187778 0.0094312 -0.3966017 -0.0265885 0.9175572
84.006450 -1.9488542 0.0670706 8.0483437 0.0083146 -0.3568231 -0.0217688 0.9338813
84.215120 -1.9705191 0.0662590 8.0810251 0.0078807 -0.3147821 -0.0214923 0.9488879
84.423690 -1.9907742 0.0652892 8.1177187 0.0088012 -0.2718753 -0.0199026 0.9620864
84.632280 -2.0091693 0.0639063 8.1583309 0.0125089 -0.2298625 -0.0196041 0.9729453
84.840760 -2.0263515 0.0629230 8.2034807 0.0159046 -0.1881935 -0.0212136 0.9817740
85.154250 -2.0465333 0.0598032 8.2807045 0.0161898 -0.1244508 -0.0225498 0.9918374
85.361980 -2.0556238 0.0572869 8.3383951 0.0182933 -0.0836710 -0.0232223 0.9960548
85.570070 -2.0607746 0.0547473 8.4006548 0.0215570 -0.0490284 -0.0215282 0.9983326
85.778090 -2.0631585 0.0509736 8.4665108 0.0221581 -0.0226008 -0.0189114 0.9993200
85.881970 -2.0636585 0.0492671 8.5008078 0.0226442 -0.0137224 -0.0166462 0.9995108
86.089690 -2.0633585 0.0455330 8.5723867 0.0228166 -0.0015707 -0.0138430 0.9996426
86.297530 -2.0624747 0.0415650 8.6490021 0.0217695 0.0058875 -0.0111406 0.9996836
86.505090 -2.0610752 0.0372558 8.7279510 0.0220008 0.0077001 -0.0084513 0.9996926
86.712810 -2.0595124 0.0328243 8.8105726 0.0211820 0.0058315 -0.0079531 0.9997270
86.920680 -2.0598464 0.0280212 8.8955793 0.0210850 0.0028368 -0.0072913 0.9997471
87.128650 -2.0602415 0.0230872 8.9831448 0.0238738 0.0000335 -0.0070673 0.9996900
87.336860 -2.0604296 0.0177877 9.0716734 0.0222500 -0.0021221 -0.0074050 0.9997228
87.544840 -2.0618598 0.0124438 9.1613712 0.0182527 -0.0027697 -0.0084893 0.9997935
87.753060 -2.0630307 0.0077959 9.2505865 0.0196676 -0.0036224 -0.0107300 0.9997424
87.961420 -2.0647190 0.0030741 9.3405533 0.0203965 -0.0044120 -0.0123536 0.9997059
88.169700 -2.0659909 -0.0019359 9.4318123 0.0185032 -0.0050381 -0.0116885 0.9997478
88.377940 -2.0674560 -0.0067591 9.5230036 0.0179464 -0.0067977 -0.0116301 0.9997482
88.586360 -2.0689254 -0.0116169 9.6138487 0.0159843 -0.0088908 -0.0103967 0.9997787
88.794690 -2.0712159 -0.0158297 9.7042570 0.0147312 -0.0108274 -0.0104942 0.9997778
89.003140 -2.0737522 -0.0201449 9.7930870 0.0145388 -0.0126515 -0.0097209 0.9997670
89.211590 -2.0765309 -0.0244856 9.8820515 0.0157593 -0.0142156 -0.0100974 0.9997237
89.524190 -2.0810220 -0.0309553 10.0128031 0.0169253 -0.0151590 -0.0111915 0.9996792
89.732690 -2.0838661 -0.0353463 10.0969381 0.0145647 -0.0146774 -0.0113293 0.9997220
89.941180 -2.0862575 -0.0394004 10.1782408 0.0155696 -0.0146053 -0.0119253 0.9997010
90.149600 -2.0892603 -0.0433449 10.2552338 0.0169732 -0.0157248 -0.0131164 0.9996462
90.357970 -2.0919838 -0.0471660 10.3284512 0.0151278 -0.0175420 -0.0128904 0.9996486
90.670570 -2.0968375 -0.0521785 10.4292307 0.0154725 -0.0221623 -0.0128545 0.9995520
90.879050 -2.1003973 -0.0552064 10.4910450 0.0157776 -0.0249934 -0.0127562 0.9994817
91.191720 -2.1049438 -0.0598425 10.5753317 0.0156126 -0.0261085 -0.0133674 0.9994478
91.504730 -2.1079271 -0.0636535 10.6508732 0.0162541 -0.0164864 -0.0143837 0.9996285
91.817860 -2.1067305 -0.0680314 10.7244549 0.0168706 0.0065625 -0.0156275 0.9997140
92.026880 -2.1028090 -0.0707592 10.7720375 0.0192911 0.0279780 -0.0144347 0.9993181
92.235900 -2.0967221 -0.0739394 10.8178263 0.0236535 0.0558352 -0.0157897 0.9980349
92.549480 -2.0798001 -0.0783125 10.8832378 0.0251614 0.1078128 -0.0106939 0.9937952
92.758490 -2.0646725 -0.0813034 10.9235954 0.0255893 0.1464998 -0.0032185 0.9888744
92.968320 -2.0464826 -0.0847270 10.9620829 0.0244514 0.1866823 0.0033937 0.9821101
93.176360 -2.0263600 -0.0879892 10.9990234 0.0259221 0.2302359 0.0020254 0.9727874
93.385200 -2.0026960 -0.0906073 11.0331535 0.0317060 0.2751000 0.0002286 0.9608927
93.594110 -1.9741707 -0.0936124 11.0654926 0.0364283 0.3201703 0.0053896 0.9466440
93.802820 -1.9428043 -0.0960664 11.0962992 0.0381030 0.3667235 0.0010249 0.9295488
94.011550 -1.9090147 -0.1002063 11.1264381 0.0318728 0.4131358 -0.0086782 0.9100701
94.220100 -1.8694146 -0.1039272 11.1506939 0.0363684 0.4590028 -0.0032306 0.8876843
94.428710 -1.8259153 -0.1069027 11.1727600 0.0391507 0.5053686 -0.0041452 0.8620050
94.639870 -1.7780547 -0.1111147 11.1933632 0.0322313 0.5497891 -0.0107445 0.8346123
94.741610 -1.7521446 -0.1136095 11.2017317 0.0293566 0.5703915 -0.0103561 0.8207828
94.949970 -1.6974721 -0.1178065 11.2146406 0.0318337 0.6060559 -0.0072588 0.7947516
95.158090 -1.6383097 -0.1211266 11.2247744 0.0356082 0.6344608 -0.0062185 0.7721093
95.365960 -1.5743825 -0.1251346 11.2333660 0.0336597 0.6562140 -0.0031094 0.7538173
95.573810 -1.5067637 -0.1293253 11.2393475 0.0303256 0.6759557 -0.0030197 0.7363119
95.781890 -1.4359033 -0.1335275 11.2417955 0.0315422 0.6922680 -0.0042613 0.7209382
95.989690 -1.3606997 -0.1372753 11.2412653 0.0333282 0.7056470 -0.0009058 0.7077788
96.197610 -1.2809151 -0.1416602 11.2396755 0.0291235 0.7163218 0.0005791 0.6971618
96.405440 -1.1986973 -0.1456000 11.2354622 0.0324596 0.7221787 0.0029207 0.6909384
96.613110 -1.1125760 -0.1492085 11.2304211 0.0346550 0.7247319 0.0050248 0.6881405
96.820940 -1.0227081 -0.1538916 11.2258043 0.0322242 0.7261107 0.0051854 0.6868027
97.028860 -0.9302418 -0.1582552 11.2205143 0.0323285 0.7268745 0.0055519 0.6859865
97.237470 -0.8366138 -0.1628406 11.2148600 0.0313428 0.7264115 0.0092191 0.6864831
97.444500 -0.7433779 -0.1669511 11.2098026 0.0325139 0.7238945 0.0093027 0.6890814
97.652490 -0.6499693 -0.1715657 11.2057915 0.0328596 0.7216416 0.0098548 0.6914163
97.860460 -0.5553914 -0.1757237 11.2027016 0.0323770 0.7193559 0.0097712 0.6938179
98.068570 -0.4603453 -0.1804898 11.2003403 0.0336140 0.7174329 0.0070544 0.6957804
98.276660 -0.3644758 -0.1851182 11.1985397 0.0300022 0.7160771 0.0064943 0.6973459
98.484860 -0.2679884 -0.1896990 11.1970949 0.0285080 0.7149316 0.0048895 0.6985959
98.693070 -0.1721359 -0.1941737 11.1952372 0.0285784 0.7141333 0.0029819 0.6994198
98.901370 -0.0754591 -0.1994926 11.1939354 0.0272272 0.7141591 0.0029673 0.6994473
99.109590 0.0205312 -0.2043364 11.1919565 0.0274037 0.7142946 0.0042847 0.6992953
99.317990 0.1163578 -0.2090422 11.1899004 0.0271809 0.7146531 0.0041711 0.6989383
99.526340 0.2107981 -0.2137772 11.1882448 0.0250711 0.7157546 0.0027278 0.6978964
99.734760 0.3060202 -0.2183167 11.1864939 0.0238613 0.7175652 0.0016798 0.6960804
99.943090 0.4002244 -0.2226308 11.1840734 0.0202456 0.7190042 0.0024013 0.6947067
100.151300 0.4928672 -0.2270484 11.1807394 0.0180162 0.7198080 0.0036370 0.6939299
100.359800 0.5844604 -0.2307326 11.1775846 0.0217665 0.7199895 0.0020159 0.6936406
100.568000 0.6749337 -0.2349418 11.1741419 0.0235492 0.7198548 0.0012459 0.6937240
100.776300 0.7651926 -0.2392370 11.1710930 0.0227699 0.7205057 0.0004350 0.6930749
100.985100 0.8547400 -0.2433464 11.1679735 0.0209971 0.7215263 0.0012384 0.6920675
101.193100 0.9432802 -0.2476362 11.1646690 0.0191717 0.7227263 0.0014670 0.6908668
101.401500 1.0307697 -0.2514652 11.1611681 0.0206626 0.7230838 0.0004642 0.6904510
101.609900 1.1175095 -0.2552208 11.1574068 0.0209500 0.7227840 0.0016200 0.6907545
101.818100 1.2037481 -0.2593075 11.1544056 0.0181550 0.7223048 0.0015308 0.6913348
102.026500 1.2889236 -0.2627159 11.1512842 0.0183294 0.7219099 0.0019003 0.6917416
102.234900 1.3730208 -0.2664340 11.1481886 0.0193007 0.7219573 -0.0014500 0.6916668
102.444200 1.4571487 -0.2698848 11.1443567 0.0194368 0.7219641 0.0020427 0.6916544
102.651500 1.5398862 -0.2744738 11.1416502 0.0208991 0.7225586 -0.0024301 0.6909894
102.859900 1.6204553 -0.2782788 11.1374674 0.0309634 0.7215081 -0.0060603 0.6916868
103.068200 1.7018082 -0.2833713 11.1345634 0.0262941 0.7207647 -0.0024735 0.6926765
103.276500 1.7816983 -0.2879559 11.1318512 0.0241343 0.7191728 0.0000577 0.6944120
103.484800 1.8607340 -0.2920118 11.1300888 0.0215480 0.7185952 -0.0014606 0.6950932
103.693400 1.9395329 -0.2962376 11.1283054 0.0195320 0.7187877 -0.0044592 0.6949409
103.901800 2.0170608 -0.3002275 11.1261349 0.0186073 0.7199376 -0.0056123 0.6937666
104.110100 2.0935550 -0.3041628 11.1234083 0.0183670 0.7208228 -0.0042091 0.6928632
104.318500 2.1685443 -0.3080875 11.1204472 0.0186030 0.7214974 -0.0032100 0.6921597
104.526700 2.2418461 -0.3116600 11.1180458 0.0178583 0.7208431 -0.0042751 0.6928549
104.735000 2.3140006 -0.3153791 11.1160154 0.0186741 0.7203631 -0.0068631 0.6933117
104.943400 2.3855271 -0.3193850 11.1132631 0.0201527 0.7199636 -0.0069550 0.6936843
105.151800 2.4568348 -0.3232559 11.1117182 0.0177481 0.7199206 -0.0073335 0.6937907
105.360200 2.5269055 -0.3270935 11.1092691 0.0179294 0.7201582 -0.0057415 0.6935544
105.568600 2.5961099 -0.3307090 11.1064959 0.0181754 0.7220386 -0.0052945 0.6915938
105.777200 2.6652694 -0.3342558 11.1037102 0.0164992 0.7238427 -0.0053716 0.6897469
106.089900 2.7693050 -0.3395770 11.0972691 0.0211237 0.7289479 -0.0071440 0.6842059
106.298500 2.8413787 -0.3431758 11.0924826 0.0198753 0.7328753 -0.0090877 0.6800119
106.507000 2.9152143 -0.3472476 11.0857811 0.0208687 0.7366525 -0.0073776 0.6759092
106.715500 2.9912028 -0.3507693 11.0790186 0.0200430 0.7407717 -0.0080432 0.6714097
106.924000 3.0687046 -0.3547593 11.0707779 0.0186886 0.7444260 -0.0055710 0.6674202
107.132400 3.1481833 -0.3584073 11.0611181 0.0207203 0.7481888 -0.0060330 0.6631348
107.340700 3.2309694 -0.3623176 11.0503769 0.0241575 0.7512259 -0.0057897 0.6595776
107.549200 3.3160686 -0.3662332 11.0380611 0.0241935 0.7539343 -0.0025967 0.6564991
107.653400 3.3601635 -0.3684220 11.0317602 0.0239134 0.7548974 -0.0007601 0.6554064
107.861600 3.4495208 -0.3719314 11.0183926 0.0245361 0.7557896 0.0027813 0.6543487
108.071200 3.5419636 -0.3759754 11.0056839 0.0262369 0.7560140 0.0027690 0.6540235
108.382200 3.6858077 -0.3821549 10.9844942 0.0314375 0.7547308 0.0056673 0.6552564
108.694500 3.8370354 -0.3886617 10.9631834 0.0349398 0.7504243 0.0105761 0.6599476
108.902600 3.9405880 -0.3930064 10.9514160 0.0345766 0.7473137 0.0108104 0.6634831
109.214800 4.1008172 -0.3999743 10.9345932 0.0348069 0.7422693 0.0111137 0.6691048
109.423000 4.2089128 -0.4051449 10.9242716 0.0358393 0.7394997 0.0085883 0.6721472
109.735500 4.3729248 -0.4139666 10.9098349 0.0385308 0.7378943 0.0061298 0.6737877
109.943800 4.4825373 -0.4201340 10.8999357 0.0371517 0.7370572 0.0117003 0.6747070
110.152000 4.5919609 -0.4256457 10.8904362 0.0353358 0.7364460 0.0133899 0.6754401
110.361100 4.7010021 -0.4309586 10.8814077 0.0368717 0.7358139 0.0117026 0.6760780
110.568500 4.8088126 -0.4360987 10.8727417 0.0373934 0.7351778 0.0107041 0.6767576
110.776900 4.9179292 -0.4419031 10.8644476 0.0367261 0.7342031 0.0101810 0.6778594
110.985200 5.0258775 -0.4477828 10.8568239 0.0380281 0.7327855 0.0081883 0.6793470
111.193300 5.1335907 -0.4536057 10.8496513 0.0347836 0.7309811 0.0104748 0.6814301
111.401600 5.2404132 -0.4591078 10.8428278 0.0344016 0.7291460 0.0105615 0.6834114
111.609900 5.3466787 -0.4642884 10.8375921 0.0317763 0.7281119 0.0085839 0.6846675
111.818700 5.4519935 -0.4699038 10.8326740 0.0263594 0.7274405 0.0061030 0.6856371
112.026400 5.5556870 -0.4752857 10.8272209 0.0275582 0.7277890 0.0038014 0.6852367
112.234700 5.6592970 -0.4808553 10.8216190 0.0299873 0.7278005 0.0008839 0.6851324
112.547100 5.8135471 -0.4895598 10.8124619 0.0273983 0.7286226 0.0029481 0.6843608
112.755500 5.9150314 -0.4950052 10.8062811 0.0252560 0.7300339 0.0020233 0.6829411
112.964100 6.0153894 -0.5002283 10.8000612 0.0236836 0.7326138 0.0010942 0.6802315
113.172100 6.1147056 -0.5053496 10.7926807 0.0225992 0.7355512 0.0008167 0.6770917
113.484600 6.2630787 -0.5126002 10.7798338 0.0236369 0.7399764 -0.0010499 0.6722166
113.797100 6.4112859 -0.5196811 10.7642336 0.0227696 0.7471645 -0.0006299 0.6642486
114.005500 6.5095525 -0.5245394 10.7514839 0.0210316 0.7531919 0.0020970 0.6574612
114.213900 6.6087236 -0.5282568 10.7371874 0.0198307 0.7593609 0.0016101 0.6503654
114.423500 6.7071199 -0.5318269 10.7206688 0.0207078 0.7653157 0.0027315 0.6433161
114.630800 6.8053169 -0.5362808 10.7023773 0.0227004 0.7718619 0.0023638 0.6353804
114.943300 6.9525199 -0.5424482 10.6696911 0.0259253 0.7818090 0.0060993 0.6229490
115.255800 7.0996165 -0.5481462 10.6323204 0.0313420 0.7875458 0.0114378 0.6153523
115.463800 7.1973009 -0.5520996 10.6073008 0.0358977 0.7883018 0.0126663 0.6141101
115.775900 7.3437986 -0.5581735 10.5710917 0.0419872 0.7845365 0.0166706 0.6184348
115.983800 7.4416709 -0.5624163 10.5480309 0.0415739 0.7802341 0.0231647 0.6236745
116.191900 7.5391607 -0.5660647 10.5267630 0.0441233 0.7768333 0.0233719 0.6277236
116.400000 7.6361318 -0.5702583 10.5067120 0.0481963 0.7730533 0.0204986 0.6321751
116.608000 7.7349534 -0.5748019 10.4883289 0.0455801 0.7691103 0.0201652 0.6371697
116.816100 7.8320336 -0.5794060 10.4711399 0.0452112 0.7646255 0.0224475 0.6424950
116.920200 7.8805313 -0.5813998 10.4633722 0.0449063 0.7629180 0.0216228 0.6445712
117.128700 7.9762378 -0.5861827 10.4475842 0.0466356 0.7610855 0.0194507 0.6466805
117.337000 8.0698967 -0.5905339 10.4324350 0.0466575 0.7606160 0.0207220 0.6471916
117.545500 8.1599569 -0.5948839 10.4179287 0.0427161 0.7601431 0.0261219 0.6478236
117.753800 8.2472410 -0.5984507 10.4039555 0.0453059 0.7597216 0.0256266 0.6481618
117.962300 8.3329821 -0.6017982 10.3901730 0.0477218 0.7596584 0.0216040 0.6482091
118.170700 8.4192257 -0.6058534 10.3766260 0.0472764 0.7598940 0.0215021 0.6479689
118.379200 8.5051403 -0.6093380 10.3628950 0.0458805 0.7607782 0.0250204 0.6469045
118.587700 8.5897951 -0.6126721 10.3484402 0.0458588 0.7614958 0.0295970 0.6458677
118.796200 8.6729860 -0.6159626 10.3344908 0.0495659 0.7621076 0.0272220 0.6449762
119.005100 8.7551832 -0.6189426 10.3202438 0.0539522 0.7607737 0.0255262 0.6462669
119.212900 8.8369493 -0.6231549 10.3073921 0.0505585 0.7583771 0.0274565 0.6492720
119.421900 8.9180136 -0.6261749 10.2959690 0.0489751 0.7554349 0.0274340 0.6528146
119.629500 8.9983816 -0.6300274 10.2848206 0.0499199 0.7530118 0.0260654 0.6555927
119.837900 9.0783548 -0.6337053 10.2742682 0.0505891 0.7509508 0.0256598 0.6579174
120.046300 9.1564674 -0.6369286 10.2640924 0.0478712 0.7494782 0.0292624 0.6596473
120.254600 9.2325163 -0.6408810 10.2545452 0.0478811 0.7488657 0.0270180 0.6604375
120.463100 9.3063431 -0.6444069 10.2460661 0.0474429 0.7489688 0.0221008 0.6605350
120.775700 9.4120979 -0.6496422 10.2333279 0.0426973 0.7492028 0.0242152 0.6605192
121.088200 9.5068855 -0.6535488 10.2214708 0.0415661 0.7493880 0.0228884 0.6604287
121.400800 9.5893545 -0.6576079 10.2114038 0.0446247 0.7486715 0.0206709 0.6611145
121.609400 9.6387224 -0.6599634 10.2061052 0.0431702 0.7483897 0.0189569 0.6615812
121.922200 9.7081718 -0.6640316 10.1968813 0.0450270 0.7502601 0.0162658 0.6594072
122.238500 9.7747021 -0.6677293 10.1877356 0.0456140 0.7551089 0.0158367 0.6538188
122.443800 9.8165112 -0.6700616 10.1806440 0.0463796 0.7584653 0.0170917 0.6498362
122.757700 9.8702974 -0.6729342 10.1709404 0.0458664 0.7626680 0.0187746 0.6448886
123.069400 9.9179068 -0.6753428 10.1618948 0.0481082 0.7664583 0.0174127 0.6402531
123.382300 9.9647179 -0.6775717 10.1520786 0.0481435 0.7713808 0.0197234 0.6342435
123.695100 10.0095472 -0.6797742 10.1420631 0.0471873 0.7770893 0.0187920 0.6273376
123.903600 10.0390577 -0.6812655 10.1345749 0.0481407 0.7823414 0.0177209 0.6207338
124.112400 10.0691261 -0.6825706 10.1262064 0.0482875 0.7900143 0.0162755 0.6109671
124.321000 10.0998783 -0.6838505 10.1170225 0.0480659 0.7993420 0.0147374 0.5987693
124.738300 10.1634464 -0.6868985 10.0932941 0.0455786 0.8198992 0.0134029 0.5705333
125.051200 10.2140961 -0.6891348 10.0701971 0.0443721 0.8392534 0.0111510 0.5418122
125.364500 10.2668800 -0.6912285 10.0412321 0.0401295 0.8617489 0.0093781 0.5056585
125.573000 10.3036032 -0.6923331 10.0168200 0.0394854 0.8776636 0.0116244 0.4775064
125.781800 10.3399973 -0.6937451 9.9886675 0.0372971 0.8936267 0.0135915 0.4470521
125.990400 10.3761559 -0.6941450 9.9558849 0.0370822 0.9091298 0.0147249 0.4145975
126.198900 10.4114485 -0.6945907 9.9187870 0.0354286 0.9240001 0.0171759 0.3803599
126.408300 10.4454336 -0.6942475 9.8777857 0.0330842 0.9378157 0.0177120 0.3450991
126.616000 10.4774761 -0.6938922 9.8322201 0.0323666 0.9503437 0.0185204 0.3089598
126.824500 10.5075970 -0.6932049 9.7827463 0.0329882 0.9610916 0.0186889 0.2736154
127.032900 10.5356312 -0.6924043 9.7280655 0.0328528 0.9700797 0.0195765 0.2397558
127.241400 10.5611849 -0.6913726 9.6702595 0.0296548 0.9782367 0.0212397 0.2042607
127.449800 10.5833225 -0.6899214 9.6068401 0.0306384 0.9851102 0.0270695 0.1669926
127.658400 10.6014423 -0.6875820 9.5398617 0.0280619 0.9908778 0.0308271 0.1281538
127.867100 10.6135941 -0.6844566 9.4697218 0.0294654 0.9951341 0.0310933 0.0887313
128.075400 10.6204062 -0.6806266 9.3967934 0.0326203 0.9978349 0.0299578 0.0486214
128.283700 10.6224413 -0.6772833 9.3222532 0.0325939 0.9990813 0.0254951 0.0111424
128.492100 10.6187916 -0.6736519 9.2456751 0.0350198 0.9988940 0.0236755 -0.0205865
128.700300 10.6112299 -0.6704360 9.1672153 0.0354063 0.9978649 0.0266272 -0.0479905
128.908300 10.6006575 -0.6665851 9.0881758 0.0346705 0.9965008 0.0281676 -0.0706447
129.116400 10.5864353 -0.6625640 9.0073872 0.0325475 0.9948978 0.0313413 -0.0902035
129.324500 10.5687313 -0.6570313 8.9238329 0.0306343 0.9927564 0.0365721 -0.1102668
129.532700 10.5471811 -0.6514652 8.8403826 0.0265294 0.9904398 0.0406198 -0.1291325
129.844800 10.5094929 -0.6423815 8.7143421 0.0232744 0.9876397 0.0336673 -0.1513028
130.156900 10.4656906 -0.6337110 8.5850945 0.0249394 0.9853515 0.0334690 -0.1653488
130.365000 10.4340191 -0.6282042 8.4977694 0.0291801 0.9842963 0.0323358 -0.1710666
130.573100 10.4025040 -0.6227313 8.4096470 0.0295521 0.9836251 0.0314370 -0.1749858
130.784300 10.3696966 -0.6172918 8.3216858 0.0312482 0.9833222 0.0307198 -0.1765141
130.989400 10.3361435 -0.6121451 8.2316017 0.0338446 0.9835489 0.0309250 -0.1747276
131.197300 10.3042984 -0.6069155 8.1417780 0.0369355 0.9841297 0.0311963 -0.1707375
131.405400 10.2737837 -0.6013532 8.0522890 0.0378562 0.9851095 0.0322564 -0.1645775
131.613500 10.2445164 -0.5964677 7.9623976 0.0381258 0.9861831 0.0324733 -0.1579076
131.821600 10.2168732 -0.5911094 7.8732953 0.0390905 0.9871677 0.0322438 -0.1514343
132.029800 10.1913261 -0.5861397 7.7859540 0.0384989 0.9880064 0.0331406 -0.1458179
132.238000 10.1672821 -0.5811660 7.7015371 0.0384277 0.9885957 0.0344404 -0.1414765
132.448000 10.1450024 -0.5764725 7.6214447 0.0371509 0.9888804 0.0346020 -0.1397785
132.654900 10.1235294 -0.5719109 7.5451508 0.0363759 0.9889589 0.0338883 -0.1396020
132.865500 10.1030636 -0.5676580 7.4734926 0.0357118 0.9888556 0.0342240 -0.1404207
133.072500 10.0830545 -0.5636507 7.4067340 0.0358503 0.9884468 0.0341696 -0.1432487
133.385700 10.0540543 -0.5574745 7.3120403 0.0345076 0.9873059 0.0337288 -0.1513231
133.698000 10.0236654 -0.5530597 7.2229524 0.0330195 0.9847631 0.0339435 -0.1673296
134.011100 9.9892054 -0.5479615 7.1392708 0.0326252 0.9792317 0.0344196 -0.1971199
134.324600 9.9495029 -0.5427829 7.0614848 0.0291841 0.9689174 0.0341940 -0.2432656
134.533600 9.9152565 -0.5375154 7.0092497 0.0279323 0.9580761 0.0321396 -0.2833322
134.847300 9.8595982 -0.5300406 6.9457650 0.0274969 0.9357699 0.0282827 -0.3503979
135.056400 9.8182259 -0.5264914 6.9086094 0.0251252 0.9161043 0.0303234 -0.3990014
135.265300 9.7737331 -0.5231894 6.8771205 0.0218019 0.8936048 0.0324775 -0.4471470
135.369500 9.7501144 -0.5214920 6.8634748 0.0217491 0.8815755 0.0327236 -0.4704049
135.473900 9.7259531 -0.5193782 6.8518434 0.0216592 0.8688861 0.0328586 -0.4934452
135.578300 9.7007236 -0.5175112 6.8402386 -0.0198671 -0.8553852 -0.0339765 0.5164949
135.787000 9.6473989 -0.5128934 6.8208733 -0.0167433 -0.8275010 -0.0367444 0.5600104
135.995500 9.5911922 -0.5090965 6.8069477 -0.0153698 -0.7982926 -0.0362959 0.6009787
136.204000 9.5337343 -0.5056096 6.7968807 -0.0131672 -0.7699441 -0.0384357 0.6368167
136.308100 9.5033484 -0.5034096 6.7930222 -0.0134635 -0.7569551 -0.0396200 0.6521257
136.517700 9.4403095 -0.4998843 6.7882042 -0.0156169 -0.7345056 -0.0417524 0.6771370
136.726800 9.3756361 -0.4960359 6.7861953 -0.0125888 -0.7162846 -0.0424600 0.6964015
137.141300 9.2351971 -0.4869860 6.7901912 -0.0054800 -0.6922060 -0.0424966 0.7204269
137.763500 8.9967194 -0.4736134 6.8102045 -0.0054992 -0.6696237 -0.0435025 0.7414050
138.075500 8.8672495 -0.4663070 6.8234582 -0.0042772 -0.6689097 -0.0438986 0.7420340
138.387700 8.7312107 -0.4589027 6.8374128 -0.0024815 -0.6689268 -0.0461551 0.7418898
140.887500 7.4723487 -0.3930071 6.9902616 0.0014004 -0.6604369 -0.0500937 0.7492074
141.199900 7.3089089 -0.3846993 7.0100222 -0.0013436 -0.6592351 -0.0528107 0.7500789
141.512400 7.1479893 -0.3759462 7.0307722 -0.0009796 -0.6588792 -0.0519649 0.7504511
141.824800 6.9886203 -0.3677072 7.0506353 -0.0006769 -0.6582762 -0.0525011 0.7509431
142.241400 6.7789516 -0.3564633 7.0771213 0.0005769 -0.6584703 -0.0513215 0.7508546
147.763200 3.8404751 -0.2112470 7.4019623 -0.0016790 -0.6715972 -0.0498966 0.7392325
157.971200 -1.3637081 0.0465439 7.8722472 -0.0145851 -0.6451157 -0.0360323 0.7630955
158.387700 -1.4735562 0.0519594 7.8888574 -0.0182468 -0.6520833 -0.0345346 0.7571406
159.221300 -1.6353416 0.0595326 7.9081569 -0.0138822 -0.6640070 -0.0319396 0.7469149
160.055200 -1.7313951 0.0630804 7.9169664 -0.0106085 -0.6705716 -0.0305097 0.7411413
160.472200 -1.7718561 0.0647657 7.9202023 -0.0090522 -0.6736396 -0.0293322 0.7384222
160.889200 -1.8121068 0.0664290 7.9233403 -0.0114175 -0.6766126 -0.0284491 0.7357008
161.306000 -1.8531311 0.0680095 7.9251809 -0.0070591 -0.6807309 -0.0309342 0.7318461
161.722800 -1.9054306 0.0698128 7.9274759 -0.0034409 -0.6858382 -0.0297860 0.7271361
162.139700 -1.9733860 0.0726649 7.9300666 0.0011830 -0.6901005 -0.0287467 0.7231414
162.556600 -2.0607681 0.0756331 7.9330201 0.0021961 -0.6885859 -0.0329865 0.7244008
162.869300 -2.1378977 0.0791592 7.9370675 -0.0021448 -0.6871919 -0.0393010 0.7254089
163.182100 -2.2227678 0.0830733 7.9428821 -0.0117499 -0.6865005 -0.0321363 0.7263237
163.494700 -2.3177242 0.0883064 7.9480505 -0.0109040 -0.6885857 -0.0309692 0.7244113
163.807300 -2.4206295 0.0935142 7.9530506 -0.0154923 -0.6914590 -0.0277101 0.7217178
164.119900 -2.5304074 0.0987539 7.9557872 -0.0034580 -0.6938795 -0.0222955 0.7197376
164.432600 -2.6494265 0.1030532 7.9589791 -0.0109681 -0.6946422 -0.0259083 0.7188051
164.745400 -2.7736511 0.1079162 7.9621043 -0.0051183 -0.6962897 -0.0252764 0.7172973
164.953900 -2.8605125 0.1114795 7.9638491 -0.0061122 -0.6964945 -0.0279264 0.7169924
165.162300 -2.9493487 0.1151515 7.9662900 -0.0080296 -0.6970639 -0.0298457 0.7163425
165.475000 -3.0871537 0.1203604 7.9696012 -0.0079486 -0.6967283 -0.0308791 0.7166260
165.683600 -3.1801500 0.1249146 7.9718237 -0.0063457 -0.6956306 -0.0300120 0.7177445
165.996300 -3.3248088 0.1306576 7.9764161 -0.0084313 -0.6936256 -0.0311320 0.7196133
166.204900 -3.4242558 0.1346860 7.9794865 -0.0090068 -0.6926913 -0.0302651 0.7205426
166.517400 -3.5754185 0.1412663 7.9848089 -0.0090175 -0.6926714 -0.0293407 0.7205999
166.725700 -3.6776433 0.1454113 7.9882851 -0.0090273 -0.6932623 -0.0305513 0.7199809
166.934000 -3.7801673 0.1494182 7.9919534 -0.0073450 -0.6941366 -0.0295008 0.7192011
167.142500 -3.8832939 0.1531082 7.9948874 -0.0079772 -0.6945773 -0.0321132 0.7186567
167.351000 -3.9870663 0.1575013 7.9980001 -0.0093973 -0.6945212 -0.0317010 0.7187120
167.455000 -4.0391798 0.1598500 7.9995728 -0.0100949 -0.6943691 -0.0319434 0.7188389
167.663200 -4.1440535 0.1642895 8.0026112 -0.0109991 -0.6943557 -0.0321809 0.7188280
167.871500 -4.2474489 0.1688371 8.0050592 -0.0087585 -0.6942878 -0.0329829 0.7188879
168.079800 -4.3509464 0.1729733 8.0077152 -0.0055885 -0.6942893 -0.0332378 0.7189064
168.288000 -4.4557328 0.1774098 8.0102453 -0.0088583 -0.6941974 -0.0385660 0.7186961
168.496400 -4.5600467 0.1830253 8.0132980 -0.0101288 -0.6943502 -0.0414042 0.7183738
168.704700 -4.6642022 0.1880686 8.0162888 -0.0044647 -0.6945829 -0.0373731 0.7184274
168.913000 -4.7678943 0.1919336 8.0193796 -0.0039620 -0.6941683 -0.0353906 0.7189313
169.121700 -4.8720274 0.1964060 8.0226936 -0.0063042 -0.6939290 -0.0348153 0.7191736
169.225900 -4.9232392 0.1985149 8.0241747 -0.0066406 -0.6939756 -0.0342099 0.7191547
169.329900 -4.9749684 0.2006802 8.0257053 -0.0069016 -0.6940444 -0.0333891 0.7191244
169.434000 -5.0260897 0.2026857 8.0272388 -0.0064133 -0.6944065 -0.0321053 0.7188378
169.538100 -5.0775800 0.2047209 8.0287580 -0.0063332 -0.6947860 -0.0317446 0.7184877
169.642300 -5.1293020 0.2066738 8.0303335 -0.0078123 -0.6951111 -0.0318379 0.7181545
169.746400 -5.1815119 0.2087808 8.0320034 -0.0098883 -0.6955009 -0.0327791 0.7177090
169.850700 -5.2332754 0.2111734 8.0331430 -0.0109077 -0.6955492 -0.0341642 0.7175828
169.954800 -5.2849536 0.2132708 8.0346117 -0.0100853 -0.6959230 -0.0328529 0.7172937
170.059000 -5.3361979 0.2156307 8.0356169 -0.0072468 -0.6962346 -0.0323202 0.7170497
170.163200 -5.3879089 0.2177612 8.0367975 -0.0056392 -0.6964836 -0.0317416 0.7168481
170.371500 -5.4919267 0.2224537 8.0390949 -0.0074848 -0.6967182 -0.0342708 0.7164868
170.580000 -5.5959802 0.2262333 8.0415831 -0.0085428 -0.6972423 -0.0352303 0.7159183
170.788300 -5.6996465 0.2312086 8.0433168 -0.0055172 -0.6981356 -0.0354511 0.7150661
170.996500 -5.8040562 0.2352815 8.0446205 -0.0041180 -0.6993338 -0.0368578 0.7138324
171.204900 -5.9086065 0.2398420 8.0459080 -0.0035075 -0.7016543 -0.0353581 0.7116310
171.413200 -6.0133324 0.2436133 8.0467606 -0.0038251 -0.7033715 -0.0316282 0.7101082
171.621400 -6.1179390 0.2469145 8.0467682 -0.0019528 -0.7050698 -0.0300493 0.7084983
171.829800 -6.2229214 0.2502142 8.0462580 -0.0041373 -0.7064911 -0.0334462 0.7069191
172.038000 -6.3283396 0.2542498 8.0453911 -0.0058693 -0.7079595 -0.0356761 0.7053270
172.247200 -6.4329453 0.2583249 8.0442896 -0.0040793 -0.7098799 -0.0316534 0.7035993
172.454600 -6.5382404 0.2619263 8.0426903 -0.0034706 -0.7118774 -0.0303736 0.7016380
172.662800 -6.6434345 0.2651226 8.0396261 -0.0051250 -0.7135770 -0.0325025 0.6998037
172.871000 -6.7492523 0.2693748 8.0364552 -0.0045461 -0.7152448 -0.0328925 0.6980847
173.079300 -6.8554168 0.2732776 8.0329065 -0.0054375 -0.7171091 -0.0314498 0.6962298
173.287500 -6.9622335 0.2773119 8.0289459 -0.0049962 -0.7189442 -0.0299238 0.6944054
173.495800 -7.0683050 0.2810658 8.0242758 -0.0055399 -0.7201814 -0.0294827 0.6931369
173.808100 -7.2285318 0.2866439 8.0168734 -0.0084416 -0.7219329 -0.0283492 0.6913306
174.120500 -7.3879404 0.2925797 8.0090370 -0.0079172 -0.7236748 -0.0276942 0.6895398
174.329000 -7.4948249 0.2961124 8.0027170 -0.0082811 -0.7243550 -0.0265625 0.6888655
174.537200 -7.6018052 0.2997785 7.9966507 -0.0085917 -0.7251033 -0.0252814 0.6881223
174.745600 -7.7096858 0.3037201 7.9906974 -0.0123406 -0.7249791 -0.0245048 0.6882242
174.953800 -7.8168912 0.3075483 7.9845648 -0.0105153 -0.7251786 -0.0239014 0.6880655
175.162100 -7.9240880 0.3112306 7.9782572 -0.0080761 -0.7248276 -0.0230327 0.6884977
175.370400 -8.0322170 0.3144846 7.9718719 -0.0082534 -0.7249062 -0.0258493 0.6883129
175.578600 -8.1409550 0.3186420 7.9655209 -0.0094399 -0.7252231 -0.0274623 0.6879012
175.787300 -8.2490492 0.3229810 7.9589953 -0.0083582 -0.7257738 -0.0272897 0.6873412
175.995400 -8.3575802 0.3266897 7.9521046 -0.0062586 -0.7260337 -0.0275044 0.6870804
176.203400 -8.4662542 0.3301215 7.9456487 -0.0059301 -0.7261841 -0.0282446 0.6868943
176.411600 -8.5749855 0.3340343 7.9389873 -0.0063857 -0.7261604 -0.0287158 0.6868957
176.619800 -8.6846695 0.3381648 7.9324002 -0.0072775 -0.7258605 -0.0281922 0.6872255
176.828000 -8.7938080 0.3414357 7.9261298 -0.0060440 -0.7261364 -0.0256128 0.6870468
177.036200 -8.9028711 0.3450344 7.9190345 -0.0060397 -0.7259098 -0.0273796 0.6872182
177.244500 -9.0110989 0.3486829 7.9123178 -0.0077148 -0.7259739 -0.0268465 0.6871547
177.452500 -9.1200571 0.3521077 7.9063187 -0.0101009 -0.7265695 -0.0249829 0.6865643
177.660900 -9.2278347 0.3556497 7.8991332 -0.0096740 -0.7267351 -0.0242835 0.6864203
177.869000 -9.3350496 0.3590967 7.8918467 -0.0101175 -0.7267112 -0.0247457 0.6864228
178.077300 -9.4428959 0.3633047 7.8852220 -0.0137383 -0.7266513 -0.0275598 0.6863160
178.285500 -9.5487556 0.3667092 7.8789101 -0.0087334 -0.7267392 -0.0225326 0.6864883
178.493800 -9.6540775 0.3694706 7.8720946 -0.0069558 -0.7264748 -0.0206938 0.6868462
178.702100 -9.7592287 0.3729675 7.8653040 -0.0135616 -0.7258276 -0.0253692 0.6872749
178.910400 -9.8629704 0.3767870 7.8588271 -0.0134964 -0.7258862 -0.0264016 0.6871754
179.118400 -9.9651432 0.3795405 7.8528934 -0.0100102 -0.7259666 -0.0170154 0.6874465
179.326700 -10.0682669 0.3826081 7.8468919 -0.0173838 -0.7268350 -0.0202647 0.6862930
179.534800 -10.1713171 0.3876595 7.8406444 -0.0242748 -0.7263231 -0.0260461 0.6864307
179.847200 -10.3182735 0.3927248 7.8309097 -0.0115095 -0.7268644 -0.0188443 0.6864259
180.055500 -10.4154997 0.3952270 7.8242550 -0.0123409 -0.7269701 -0.0215012 0.6862215
180.263700 -10.5124874 0.3988621 7.8176355 -0.0168821 -0.7269186 -0.0288405 0.6859100
180.471900 -10.6071644 0.4029643 7.8116808 -0.0162623 -0.7276163 -0.0283037 0.6852072
180.680200 -10.6999865 0.4066392 7.8055830 -0.0158019 -0.7278794 -0.0256551 0.6850429
180.888400 -10.7917433 0.4105256 7.7991238 -0.0136621 -0.7275226 -0.0229564 0.6855635
181.097200 -10.8824625 0.4134070 7.7933130 -0.0137270 -0.7264629 -0.0236469 0.6866615
181.305100 -10.9725342 0.4166436 7.7881274 -0.0102373 -0.7258970 -0.0223132 0.6873652
181.513300 -11.0612621 0.4190228 7.7822418 -0.0113693 -0.7257606 -0.0242924 0.6874244
181.617500 -11.1058331 0.4203443 7.7796006 -0.0121192 -0.7260985 -0.0248921 0.6870331
181.825600 -11.1929102 0.4230023 7.7733979 -0.0100861 -0.7274558 -0.0250155 0.6856242
181.929700 -11.2364521 0.4245739 7.7702808 -0.0091164 -0.7286422 -0.0253930 0.6843629
182.137800 -11.3226948 0.4272071 7.7632289 -0.0094746 -0.7311102 -0.0277927 0.6816273
182.345900 -11.4083776 0.4303243 7.7564163 -0.0140607 -0.7341827 -0.0260988 0.6783044
182.554000 -11.4921446 0.4330814 7.7487435 -0.0117992 -0.7380625 -0.0228589 0.6742418
182.762300 -11.5753069 0.4361078 7.7394495 -0.0133009 -0.7422277 -0.0219664 0.6696556
182.970500 -11.6588459 0.4395398 7.7286878 -0.0157112 -0.7467307 -0.0253464 0.6644576
183.283100 -11.7805681 0.4443863 7.7119331 -0.0117481 -0.7524881 -0.0230851 0.6580963
183.491500 -11.8610563 0.4471319 7.6991720 -0.0086346 -0.7536098 -0.0283392 0.6566542
183.700300 -11.9402065 0.4498991 7.6870260 -0.0065898 -0.7532486 -0.0324056 0.6569042
183.908700 -12.0189028 0.4531799 7.6755176 -0.0068729 -0.7524378 -0.0343305 0.6577321
184.117400 -12.0956688 0.4564566 7.6642175 -0.0032053 -0.7508523 -0.0371690 0.6594156
184.326100 -12.1693439 0.4596461 7.6543493 0.0009524 -0.7463537 -0.0394147 0.6643806
184.430300 -12.2060776 0.4611423 7.6499476 0.0022258 -0.7421862 -0.0411898 0.6689231
184.639000 -12.2765799 0.4637440 7.6432691 0.0031736 -0.7333015 -0.0423454 0.6785762
184.847900 -12.3447056 0.4659585 7.6394267 0.0023691 -0.7249870 -0.0418951 0.6874831
185.056200 -12.4105892 0.4683333 7.6364479 0.0028902 -0.7160835 -0.0434419 0.6966555
185.264800 -12.4745626 0.4709030 7.6352515 0.0024205 -0.7056724 -0.0438009 0.7071789
185.577700 -12.5677509 0.4743921 7.6380501 0.0026887 -0.6898742 -0.0426049 0.7226695
185.994600 -12.6830282 0.4780830 7.6486492 0.0031862 -0.6682919 -0.0378802 0.7429272
186.411400 -12.7882481 0.4805121 7.6628370 0.0009147 -0.6470556 -0.0361572 0.7615844
186.723900 -12.8612347 0.4820080 7.6764030 -0.0000388 -0.6347125 -0.0357310 0.7719219
186.932200 -12.9070244 0.4830189 7.6858130 -0.0020224 -0.6313630 -0.0330505 0.7747802
187.140300 -12.9510250 0.4839868 7.6945176 -0.0041509 -0.6316557 -0.0324163 0.7745599
187.452300 -13.0137396 0.4860143 7.7052283 -0.0058134 -0.6384393 -0.0312914 0.7690138
187.764200 -13.0711527 0.4884146 7.7118015 -0.0079440 -0.6554619 -0.0291733 0.7546228
188.283800 -13.1525593 0.4915842 7.7133360 -0.0121209 -0.7010949 -0.0288208 0.7123823
188.803700 -13.2208395 0.4933503 7.7000651 -0.0069621 -0.7622092 -0.0294307 0.6466238
189.219900 -13.2717686 0.4962156 7.6811128 -0.0044760 -0.8071849 -0.0318045 0.5894242
189.532400 -13.3071423 0.4980541 7.6617479 0.0012325 -0.8366898 -0.0353491 0.5465336
189.740600 -13.3300133 0.4988785 7.6478148 -0.0007645 -0.8538029 -0.0389634 0.5191358
190.157500 -13.3727999 0.5021950 7.6158047 -0.0029860 0.8825275 0.0422674 -0.4683478
190.470300 -13.4036083 0.5042473 7.5887861 -0.0068982 0.8967302 0.0414049 -0.4405825
190.678900 -13.4247875 0.5051582 7.5708370 -0.0020831 0.9044151 0.0383117 -0.4249250
191.096200 -13.4648943 0.5088787 7.5312815 -0.0001029 0.9191748 0.0279974 -0.3928533
191.304400 -13.4853287 0.5104930 7.5088053 0.0017147 0.9270988 0.0294642 -0.3736532
191.512700 -13.5048275 0.5116017 7.4843540 0.0059665 0.9361250 0.0318334 -0.3501728
191.723100 -13.5235739 0.5132892 7.4576254 0.0080594 0.9452701 0.0316212 -0.3246529
191.929600 -13.5413809 0.5147216 7.4284673 0.0087605 0.9543254 0.0328659 -0.2968269
192.137900 -13.5587845 0.5169621 7.3964868 0.0116670 0.9632739 0.0307144 -0.2665032
192.345600 -13.5738049 0.5192658 7.3615851 0.0106014 0.9717094 0.0276552 -0.2343150
192.553800 -13.5884962 0.5220355 7.3217678 0.0090340 0.9791905 0.0276757 -0.2008440
192.762500 -13.6036072 0.5239959 7.2773905 0.0144707 0.9845925 0.0279878 -0.1720026
192.970700 -13.6176128 0.5264775 7.2283878 0.0117303 0.9881288 0.0290156 -0.1504060
193.179500 -13.6325598 0.5295793 7.1743145 0.0120807 0.9897696 0.0299013 -0.1389822
193.388000 -13.6485357 0.5330073 7.1154575 0.0193493 0.9914463 0.0287159 -0.1258379
193.596300 -13.6622105 0.5361574 7.0510521 0.0210659 0.9933472 0.0258705 -0.1102194
193.804800 -13.6757507 0.5406948 6.9804220 0.0238713 0.9949206 0.0265724 -0.0941120
194.013300 -13.6874914 0.5447283 6.9037905 0.0256420 0.9961143 0.0285159 -0.0792817
194.221800 -13.6978416 0.5494919 6.8217154 0.0254701 0.9970437 0.0259292 -0.0676959
194.430500 -13.7079477 0.5536559 6.7346787 0.0258125 0.9974945 0.0260235 -0.0605072
194.639200 -13.7180996 0.5582327 6.6420441 0.0259215 0.9977150 0.0267803 -0.0563532
194.847700 -13.7281895 0.5633360 6.5441456 0.0257344 0.9978541 0.0261802 -0.0542167
195.056300 -13.7392120 0.5685232 6.4411993 0.0277908 0.9978757 0.0270636 -0.0523387
195.264800 -13.7495098 0.5744855 6.3338852 0.0302099 0.9978346 0.0283343 -0.0510950
195.473300 -13.7604780 0.5805783 6.2212901 0.0307749 0.9979810 0.0255132 -0.0493554
195.786100 -13.7755852 0.5891230 6.0437279 0.0275786 0.9981697 0.0255417 -0.0473749
195.994400 -13.7870150 0.5952770 5.9215970 0.0288874 0.9980548 0.0309927 -0.0457335
196.098500 -13.7923851 0.5984032 5.8600488 0.0309523 0.9979467 0.0337970 -0.0447443
196.307000 -13.8026724 0.6045805 5.7385283 0.0317920 0.9980502 0.0323986 -0.0428418
196.515400 -13.8121519 0.6103547 5.6162400 0.0305776 0.9982460 0.0306289 -0.0403968
196.723700 -13.8206730 0.6165523 5.4942722 0.0278265 0.9983937 0.0314210 -0.0380588
196.932000 -13.8279505 0.6226488 5.3725796 0.0269655 0.9984888 0.0317995 -0.0358014
197.244800 -13.8399343 0.6315240 5.1904025 0.0289207 0.9985471 0.0321278 -0.0321735
197.453100 -13.8459387 0.6368657 5.0699291 0.0268300 0.9986328 0.0328096 -0.0305967
197.661500 -13.8528147 0.6429914 4.9495816 0.0252951 0.9987094 0.0328936 -0.0292864
197.869800 -13.8593950 0.6483663 4.8302584 0.0252267 0.9987583 0.0320602 -0.0285948
198.078100 -13.8657646 0.6540329 4.7133431 0.0260306 0.9987673 0.0319328 -0.0276859
198.286400 -13.8719206 0.6592960 4.5969653 0.0266316 0.9987345 0.0334387 -0.0264950
198.494500 -13.8775206 0.6648833 4.4818959 0.0253045 0.9988361 0.0327380 -0.0247874
198.702800 -13.8823662 0.6704390 4.3666782 0.0243819 0.9988870 0.0332199 -0.0229508
198.911000 -13.8862820 0.6752638 4.2535992 0.0241304 0.9989849 0.0316127 -0.0211544
199.223300 -13.8922243 0.6828326 4.0841765 0.0230309 0.9990345 0.0317201 -0.0198354
199.431800 -13.8958340 0.6881542 3.9724541 0.0231315 0.9990051 0.0328141 -0.0194165
199.639900 -13.8992729 0.6927671 3.8608170 0.0224649 0.9990759 0.0304082 -0.0204425
199.848200 -13.9030771 0.6984004 3.7498317 0.0207416 0.9990569 0.0301158 -0.0234103
200.056800 -13.9083757 0.7029152 3.6411276 0.0215237 0.9989484 0.0295869 -0.0276308
200.265000 -13.9144287 0.7079703 3.5332165 0.0249340 0.9987622 0.0298555 -0.0309993
200.473300 -13.9204168 0.7135055 3.4245400 0.0240413 0.9985581 0.0344468 -0.0334242
200.681600 -13.9270964 0.7190909 3.3162479 0.0203830 0.9984134 0.0388493 -0.0352962
200.889800 -13.9336662 0.7243531 3.2103019 0.0171971 0.9986534 0.0329858 -0.0361623
201.098000 -13.9415169 0.7295803 3.1032162 0.0202666 0.9987025 0.0298782 -0.0359135
201.306400 -13.9488497 0.7344835 2.9954767 0.0212957 0.9985659 0.0337197 -0.0357174
201.514700 -13.9551277 0.7402158 2.8880966 0.0198713 0.9984719 0.0366369 -0.0362869
201.723300 -13.9621868 0.7462848 2.7802453 0.0188931 0.9985093 0.0355538 -0.0368520
201.931300 -13.9689465 0.7520686 2.6741881 0.0194813 0.9985470 0.0347741 -0.0362637
202.139600 -13.9760218 0.7576816 2.5676575 0.0203567 0.9985718 0.0352392 -0.0346159
202.347900 -13.9821491 0.7631446 2.4619298 0.0193073 0.9986303 0.0358257 -0.0328805
202.556200 -13.9876728 0.7685975 2.3544059 0.0189347 0.9987001 0.0357169 -0.0310461
202.868700 -13.9946423 0.7765375 2.1980371 0.0178220 0.9988139 0.0353168 -0.0283877
203.077100 -13.9981956 0.7818736 2.0948355 0.0163746 0.9988655 0.0352143 -0.0275609
203.389700 -14.0049343 0.7894032 1.9419429 0.0150570 0.9988816 0.0359872 -0.0267161
203.598100 -14.0086823 0.7950082 1.8394892 0.0140879 0.9989051 0.0352559 -0.0273327
203.806500 -14.0135241 0.8004919 1.7391729 0.0122811 0.9989207 0.0348356 -0.0281625
204.015000 -14.0183601 0.8053092 1.6388444 0.0108965 0.9988318 0.0355488 -0.0308644
204.223400 -14.0238867 0.8105205 1.5384675 0.0111754 0.9987049 0.0361834 -0.0339775
204.431900 -14.0301390 0.8161852 1.4388467 0.0111492 0.9986266 0.0355568 -0.0368275
204.640500 -14.0368814 0.8215827 1.3400894 0.0108285 0.9985630 0.0352377 -0.0388975
204.848800 -14.0439825 0.8265814 1.2435158 0.0110213 0.9984992 0.0353156 -0.0403809
205.057100 -14.0512571 0.8312074 1.1463236 0.0112479 0.9984441 0.0354293 -0.0415652
205.265300 -14.0583992 0.8362106 1.0501721 0.0117314 0.9984121 0.0346580 -0.0428313
205.473600 -14.0656805 0.8412397 0.9539659 0.0124274 0.9983781 0.0357243 -0.0425499
205.681700 -14.0723858 0.8466108 0.8585485 0.0138948 0.9985172 0.0354033 -0.0389497
205.889700 -14.0774813 0.8524471 0.7629716 0.0146294 0.9987708 0.0351042 -0.0317894
206.097700 -14.0810900 0.8571584 0.6682250 0.0148152 0.9990059 0.0356310 -0.0223227
206.305800 -14.0825377 0.8625076 0.5730187 0.0151279 0.9991546 0.0363343 -0.0118750
206.513700 -14.0820074 0.8673325 0.4796297 0.0162351 0.9992506 0.0351281 -0.0008354
206.722100 -14.0789433 0.8723167 0.3874375 0.0178239 0.9992211 0.0331645 0.0118174
206.929800 -14.0730982 0.8773299 0.2941925 0.0195602 0.9988208 0.0343694 0.0281630
207.137600 -14.0645847 0.8813100 0.2022753 0.0211486 0.9981210 0.0324231 0.0474959
207.345600 -14.0520458 0.8852861 0.1105200 0.0206614 0.9969431 0.0326013 0.0679313
207.553700 -14.0358047 0.8894327 0.0185702 0.0211316 0.9952666 0.0325215 0.0891082
207.761600 -14.0155935 0.8930935 -0.0724609 0.0218756 0.9930154 0.0314966 0.1115789
207.969500 -13.9902592 0.8969013 -0.1635628 0.0220639 0.9902195 0.0290733 0.1346595
208.177600 -13.9612064 0.9003733 -0.2549000 0.0222065 0.9867315 0.0289320 0.1582110
208.385700 -13.9268379 0.9038495 -0.3454299 0.0227025 0.9826394 0.0299916 0.1816728
208.489700 -13.9078951 0.9052730 -0.3904867 0.0244056 0.9803551 0.0304684 0.1933387
208.698000 -13.8666792 0.9082594 -0.4795065 0.0248255 0.9753942 0.0293729 0.2170876
208.905800 -13.8207312 0.9112737 -0.5676761 0.0237367 0.9702586 0.0302841 0.2389930
209.114100 -13.7699986 0.9141099 -0.6546702 0.0235915 0.9651378 0.0264084 0.2593360
209.322400 -13.7149086 0.9162611 -0.7416229 0.0226279 0.9601187 0.0252845 0.2775260
209.531200 -13.6559935 0.9184239 -0.8283534 0.0206463 0.9563327 0.0235976 0.2905934
209.739400 -13.5949259 0.9202606 -0.9151573 0.0182127 0.9538540 0.0228803 0.2988433
209.947900 -13.5313044 0.9223069 -1.0035057 0.0181276 0.9524506 0.0218053 0.3033707
210.156700 -13.4656286 0.9238124 -1.0930004 0.0183274 0.9516882 0.0199736 0.3058673
210.364800 -13.3994904 0.9248102 -1.1831417 0.0172762 0.9512239 0.0199959 0.3073675
210.574900 -13.3318443 0.9262474 -1.2745953 0.0170435 0.9511854 0.0205967 0.3074600
210.781700 -13.2656136 0.9271943 -1.3646073 0.0160459 0.9518546 0.0201481 0.3054660
210.990100 -13.2000408 0.9286661 -1.4559808 0.0139639 0.9533634 0.0206287 0.3007953
211.198700 -13.1355143 0.9299008 -1.5480638 0.0132597 0.9552705 0.0210511 0.2946849
211.511200 -13.0420656 0.9322225 -1.6872687 0.0121092 0.9587336 0.0210331 0.2832683
211.719600 -12.9823227 0.9340572 -1.7803764 0.0130886 0.9611456 0.0221103 0.2748435
211.927900 -12.9244747 0.9356289 -1.8748446 0.0167717 0.9629216 0.0234366 0.2682375
212.136100 -12.8681717 0.9375432 -1.9690957 0.0203395 0.9635504 0.0240778 0.2656637
212.344200 -12.8126087 0.9396822 -2.0624037 0.0213519 0.9639978 0.0251807 0.2638525
212.552400 -12.7577209 0.9412976 -2.1549058 0.0239824 0.9643189 0.0259372 0.2623762
212.760400 -12.7038269 0.9429101 -2.2466304 0.0267668 0.9644477 0.0271508 0.2615089
212.968600 -12.6508093 0.9449935 -2.3365922 0.0291088 0.9645460 0.0268246 0.2609292
213.280800 -12.5728855 0.9478358 -2.4690316 0.0314028 0.9646220 0.0287430 0.2601770
213.489000 -12.5219145 0.9494529 -2.5556252 0.0321374 0.9647420 0.0295586 0.2595503
213.697100 -12.4721985 0.9513611 -2.6401219 0.0319744 0.9647209 0.0298694 0.2596132
213.905100 -12.4242344 0.9530460 -2.7199056 0.0329927 0.9637697 0.0310970 0.2628544
214.217100 -12.3563547 0.9559187 -2.8303444 0.0349581 0.9611200 0.0315699 0.2720839
214.425200 -12.3129053 0.9574792 -2.8978715 0.0347310 0.9591380 0.0314897 0.2790275
214.633200 -12.2716484 0.9585536 -2.9598742 0.0336148 0.9572403 0.0321712 0.2855278
214.841300 -12.2327061 0.9596352 -3.0159371 0.0325307 0.9555488 0.0305817 0.2914329
215.052500 -12.1962032 0.9608743 -3.0674350 0.0320448 0.9538341 0.0303000 0.2970782
215.257800 -12.1617126 0.9618415 -3.1156142 0.0321946 0.9517646 0.0308172 0.3035753
215.466200 -12.1283855 0.9628090 -3.1595762 0.0329286 0.9488939 0.0306066 0.3123768
215.674000 -12.0959091 0.9631374 -3.2006776 0.0339225 0.9448603 0.0295913 0.3243650
215.882200 -12.0638447 0.9634054 -3.2383645 0.0343056 0.9403437 0.0278876 0.3373414
216.090300 -12.0320835 0.9637337 -3.2737479 0.0355429 0.9349476 0.0272531 0.3519475
216.402400 -11.9861069 0.9635186 -3.3194742 0.0375104 0.9243126 0.0270616 0.3788230
216.610300 -11.9566002 0.9631682 -3.3453221 0.0373365 0.9145985 0.0267440 0.4017465
216.923100 -11.9156494 0.9623768 -3.3739161 0.0324387 0.8982636 0.0221290 0.4376992
217.234800 -11.8799744 0.9615670 -3.3955545 0.0311352 0.8825261 0.0153967 0.4689789
217.443100 -11.8564119 0.9607171 -3.4077525 0.0308293 0.8704365 0.0141336 0.4911110
217.651400 -11.8319855 0.9600132 -3.4181066 0.0270228 0.8563517 0.0135249 0.5155081
217.859600 -11.8076048 0.9591510 -3.4265218 0.0245311 0.8409967 0.0124074 0.5403414
218.067900 -11.7834930 0.9583167 -3.4338138 0.0229683 0.8253016 0.0105086 0.5641270
218.276100 -11.7576046 0.9576631 -3.4397740 0.0218528 0.8085331 0.0075569 0.5879962
218.484300 -11.7299070 0.9566458 -3.4453235 0.0230234 0.7900907 0.0067691 0.6125200
218.692600 -11.6992369 0.9556720 -3.4498491 0.0248432 0.7708245 0.0058477 0.6365361
218.900800 -11.6656418 0.9543937 -3.4526396 0.0268508 0.7506200 0.0039180 0.6601767
219.317300 -11.5891094 0.9512519 -3.4521563 0.0280177 0.7077231 0.0001040 0.7059341
219.525600 -11.5457687 0.9491888 -3.4484537 0.0257525 0.6864188 -0.0000947 0.7267503
219.735500 -11.4971581 0.9472760 -3.4428558 0.0255694 0.6669686 0.0020675 0.7446440
219.942400 -11.4449120 0.9449587 -3.4340091 0.0251965 0.6502835 0.0032884 0.7592666
220.151400 -11.3885632 0.9427135 -3.4217420 0.0254563 0.6325984 0.0024503 0.7740576
220.359200 -11.3283129 0.9403423 -3.4061146 0.0253626 0.6128316 0.0057757 0.7897853
220.567600 -11.2638416 0.9375856 -3.3859146 0.0251734 0.5915473 0.0123927 0.8057820
220.775800 -11.1970587 0.9349714 -3.3608327 0.0275975 0.5681202 0.0162145 0.8223229
220.984200 -11.1280270 0.9319735 -3.3312159 0.0357475 0.5435029 0.0184180 0.8384435
221.088500 -11.0931587 0.9302280 -3.3143320 0.0377605 0.5320551 0.0187129 0.8456603
221.296900 -11.0204563 0.9260864 -3.2749023 0.0354495 0.5119850 0.0189516 0.8580533
221.505700 -10.9451399 0.9213238 -3.2304387 0.0326961 0.4961548 0.0182844 0.8674256
221.714400 -10.8680315 0.9169384 -3.1817641 0.0320463 0.4860474 0.0149051 0.8732175
221.923300 -10.7876711 0.9123251 -3.1296136 0.0299021 0.4816521 0.0109562 0.8757837
222.132200 -10.7046909 0.9067628 -3.0764143 0.0277906 0.4818053 0.0094539 0.8757865
222.341000 -10.6186352 0.9016689 -3.0212004 0.0301425 0.4826715 0.0079692 0.8752463
222.549900 -10.5300674 0.8959047 -2.9649417 0.0283803 0.4837112 0.0081488 0.8747295
222.758100 -10.4391279 0.8909185 -2.9076781 0.0261475 0.4851096 0.0083924 0.8740221
222.966600 -10.3455076 0.8855767 -2.8487654 0.0264037 0.4871942 0.0064226 0.8728708
223.175200 -10.2504854 0.8799099 -2.7902565 0.0277057 0.4897307 0.0036401 0.8714259
223.383700 -10.1518888 0.8746819 -2.7305591 0.0239460 0.4931777 0.0039116 0.8695902
223.592100 -10.0520840 0.8686563 -2.6705141 0.0213241 0.4984821 0.0028219 0.8666331
223.800700 -9.9504995 0.8629669 -2.6126757 0.0218577 0.5036592 0.0036579 0.8636181
224.008900 -9.8461046 0.8576652 -2.5549984 0.0217032 0.5088488 0.0069357 0.8605543
224.217200 -9.7397861 0.8519071 -2.4970834 0.0219644 0.5147361 0.0074634 0.8570348
224.425500 -9.6334610 0.8462560 -2.4410033 0.0227786 0.5215232 0.0052617 0.8529168
224.633700 -9.5253439 0.8404133 -2.3860130 0.0210463 0.5283971 0.0060525 0.8487149
224.841700 -9.4177427 0.8350900 -2.3341994 0.0197897 0.5344056 0.0059957 0.8449752
225.049800 -9.3103104 0.8299106 -2.2832899 0.0170746 0.5391196 0.0068569 0.8420282
225.257700 -9.2031889 0.8249942 -2.2342386 0.0206683 0.5412314 0.0087150 0.8405745
225.465900 -9.0964756 0.8199080 -2.1856134 0.0254799 0.5415384 0.0079803 0.8402519
225.673700 -8.9900188 0.8147398 -2.1362183 0.0227989 0.5422280 0.0087493 0.8398764
225.881700 -8.8839960 0.8099493 -2.0882766 0.0219653 0.5429959 0.0082828 0.8394072
225.986100 -8.8309002 0.8071178 -2.0640359 0.0237003 0.5430407 0.0080143 0.8393336
226.089900 -8.7784138 0.8046800 -2.0402915 0.0265770 0.5430512 0.0077893 0.8392427
226.193900 -8.7258787 0.8015301 -2.0164909 0.0284910 0.5433928 0.0076001 0.8389605
226.401900 -8.6200714 0.7950736 -1.9689850 0.0281403 0.5439346 0.0082019 0.8386155
226.505900 -8.5668993 0.7921383 -1.9456797 0.0275416 0.5440016 0.0090615 0.8385831
226.714100 -8.4611330 0.7863280 -1.8985295 0.0280137 0.5445459 0.0099492 0.8382040
226.922100 -8.3561487 0.7796566 -1.8509624 0.0293555 0.5450299 0.0091642 0.8378524
227.026100 -8.3035536 0.7765279 -1.8279051 0.0287474 0.5451753 0.0093832 0.8377765
227.234600 -8.1980276 0.7700778 -1.7806776 0.0258580 0.5456375 0.0109096 0.8375512
227.338400 -8.1462240 0.7674376 -1.7575730 0.0259996 0.5453972 0.0111177 0.8377006
227.546300 -8.0430746 0.7618069 -1.7118378 0.0286597 0.5437744 0.0108624 0.8386716
227.754500 -7.9408507 0.7556657 -1.6656629 0.0284189 0.5422989 0.0111473 0.8396308
227.858600 -7.8904672 0.7526858 -1.6422019 0.0275712 0.5417120 0.0111740 0.8400375
228.066700 -7.7896957 0.7463400 -1.5958905 0.0281042 0.5409278 0.0089398 0.8405518
228.275000 -7.6887913 0.7405618 -1.5496956 0.0229538 0.5431911 0.0068793 0.8392670
228.483200 -7.5887408 0.7352012 -1.5040411 0.0180877 0.5491576 0.0044009 0.8355115
228.691700 -7.4896650 0.7299485 -1.4618261 0.0209046 0.5573661 -0.0023731 0.8300002
228.900100 -7.3892899 0.7245833 -1.4212506 0.0174169 0.5665888 -0.0019194 0.8238143
229.212500 -7.2369909 0.7169732 -1.3658881 0.0197892 0.5779529 -0.0010722 0.8158295
229.420600 -7.1348028 0.7116415 -1.3310342 0.0212166 0.5822199 0.0042230 0.8127435
229.628900 -7.0325503 0.7067485 -1.2960043 0.0197487 0.5859798 0.0023286 0.8100817
229.837100 -6.9307594 0.7016096 -1.2622650 0.0223790 0.5898978 -0.0023409 0.8071644
230.045200 -6.8282766 0.6961733 -1.2290337 0.0206188 0.5922387 -0.0012572 0.8054978
230.253300 -6.7249432 0.6911473 -1.1963799 0.0189378 0.5930966 0.0006459 0.8049083
230.461600 -6.6220798 0.6872033 -1.1635621 0.0136595 0.5950220 -0.0035411 0.8035855
230.774000 -6.4694419 0.6790938 -1.1186471 0.0200162 0.6015514 -0.0113877 0.7985021
230.982300 -6.3666081 0.6731226 -1.0895586 0.0205970 0.6072639 -0.0071250 0.7942013
231.190900 -6.2627792 0.6670314 -1.0621359 0.0192963 0.6138480 -0.0053209 0.7891704
231.399400 -6.1597404 0.6613001 -1.0369579 0.0198868 0.6208423 -0.0041846 0.7836720
231.607700 -6.0541477 0.6556370 -1.0129536 0.0208950 0.6272520 -0.0036459 0.7785274
231.815900 -5.9478607 0.6501737 -0.9909643 0.0205758 0.6326864 -0.0014439 0.7741334
232.024100 -5.8417621 0.6452343 -0.9707713 0.0209997 0.6374792 0.0002353 0.7701813
232.232300 -5.7355957 0.6400241 -0.9501155 0.0239552 0.6403447 0.0016972 0.7677121
232.440500 -5.6305361 0.6344571 -0.9308298 0.0255924 0.6422727 0.0028871 0.7660434
232.544600 -5.5782633 0.6318319 -0.9218447 0.0242418 0.6432301 0.0045371 0.7652756
232.752900 -5.4747276 0.6262645 -0.9035243 0.0227309 0.6457117 0.0064688 0.7632155
232.960900 -5.3711052 0.6218523 -0.8869732 0.0245977 0.6478585 0.0068979 0.7613322
233.169100 -5.2681608 0.6172199 -0.8707839 0.0242180 0.6493959 0.0085652 0.7600165
233.377100 -5.1653876 0.6127026 -0.8548078 0.0246833 0.6509648 0.0076330 0.7586681
233.585300 -5.0629234 0.6081254 -0.8385971 0.0247267 0.6524631 0.0064985 0.7573891
233.689400 -5.0122533 0.6055305 -0.8310379 0.0242049 0.6531395 0.0077518 0.7568110
233.793200 -4.9611435 0.6032742 -0.8236566 0.0241045 0.6537726 0.0092001 0.7562511
233.897200 -4.9103346 0.6012453 -0.8162059 0.0241775 0.6544924 0.0094145 0.7556232
234.001200 -4.8593879 0.5988417 -0.8092633 0.0255556 0.6549053 0.0097413 0.7552159
234.105200 -4.8089161 0.5965121 -0.8022906 0.0274261 0.6555212 0.0097851 0.7546152
234.313200 -4.7076898 0.5919478 -0.7887222 0.0280332 0.6568744 0.0113737 0.7533928
234.417200 -4.6569467 0.5897603 -0.7811924 0.0269840 0.6578060 0.0121606 0.7526056
234.521300 -4.6066012 0.5874823 -0.7746581 0.0254133 0.6583757 0.0122015 0.7521613
234.625400 -4.5563245 0.5855001 -0.7680201 0.0264446 0.6592422 0.0124527 0.7513623
234.729300 -4.5066028 0.5832055 -0.7614211 0.0269111 0.6600556 0.0109585 0.7506546
234.833700 -4.4571223 0.5811285 -0.7547850 0.0281098 0.6609265 0.0102352 0.7498541
235.041400 -4.3585463 0.5766400 -0.7427892 0.0292298 0.6628473 0.0096092 0.7481222
235.145400 -4.3092713 0.5743060 -0.7369477 0.0295877 0.6640782 0.0082994 0.7470313
235.353500 -4.2115927 0.5697769 -0.7254719 0.0271041 0.6663710 0.0077792 0.7450869
235.561500 -4.1139035 0.5653859 -0.7154216 0.0268175 0.6680036 0.0075662 0.7436362
235.769400 -4.0168133 0.5599061 -0.7052938 0.0299371 0.6694068 0.0071918 0.7422577
235.977600 -3.9226725 0.5552188 -0.6955994 0.0297085 0.6710554 0.0075150 0.7407737
236.185900 -3.8283644 0.5505308 -0.6869603 0.0300159 0.6723574 0.0097288 0.7395538
236.394600 -3.7349422 0.5457909 -0.6781603 0.0296336 0.6737808 0.0105665 0.7382612
236.601800 -3.6440825 0.5416705 -0.6705136 0.0316283 0.6750442 0.0104626 0.7370247
236.809900 -3.5538182 0.5375018 -0.6624824 0.0328658 0.6759107 0.0106309 0.7361736
237.018000 -3.4660583 0.5327898 -0.6547681 0.0312650 0.6770575 0.0111554 0.7351810
237.226100 -3.3808064 0.5283294 -0.6485550 0.0316934 0.6777974 0.0107222 0.7344871
237.434200 -3.2969923 0.5240950 -0.6422693 0.0307088 0.6784734 0.0126225 0.7338743
237.642300 -3.2165260 0.5208313 -0.6361831 0.0276744 0.6791972 0.0165788 0.7332466
237.850500 -3.1408310 0.5177814 -0.6302586 0.0276805 0.6802402 0.0181946 0.7322404
238.058700 -3.0679049 0.5151042 -0.6246547 0.0283449 0.6812763 0.0153793 0.7313157
238.371000 -2.9649465 0.5102962 -0.6171806 0.0309827 0.6822692 0.0133303 0.7303227
238.683400 -2.8685467 0.5057636 -0.6104131 0.0287015 0.6811684 0.0151568 0.7314069
239.204200 -2.7237201 0.4992065 -0.5998451 0.0303841 0.6819590 0.0134045 0.7306360
239.516800 -2.6449735 0.4957552 -0.5954750 0.0326477 0.6841460 0.0158422 0.7284417
239.933700 -2.5525861 0.4912999 -0.5903009 0.0333035 0.6867331 0.0155070 0.7259807
240.246200 -2.4959056 0.4877259 -0.5872360 0.0380582 0.6880471 0.0118606 0.7245703
240.558700 -2.4477565 0.4851418 -0.5847545 0.0391734 0.6877192 0.0105912 0.7248418
240.871000 -2.4078746 0.4824444 -0.5817316 0.0386900 0.6832856 0.0090233 0.7290696
241.079100 -2.3834248 0.4809187 -0.5790350 0.0367800 0.6774205 0.0081459 0.7346307
241.287100 -2.3606808 0.4795635 -0.5761192 0.0377193 0.6682733 0.0079637 0.7429163
241.495100 -2.3391016 0.4778839 -0.5719810 0.0374598 0.6558549 0.0076302 0.7539183
249.624000 -2.2816739 0.4738949 -0.5567129 0.0334564 0.6269262 0.0027970 0.7783549
250.456700 -2.2525868 0.4716730 -0.5458311 0.0360157 0.5990157 -0.0036837 0.7999185
250.664600 -2.2358441 0.4705999 -0.5388870 0.0358237 0.5798049 -0.0028794 0.8139623
250.872200 -2.2153740 0.4691984 -0.5286983 0.0335489 0.5550159 -0.0011137 0.8311622
251.287600 -2.1671004 0.4652337 -0.4972492 0.0264384 0.4893569 -0.0043304 0.8716720
251.495200 -2.1410933 0.4629879 -0.4747637 0.0232713 0.4493427 -0.0074947 0.8930249
251.702800 -2.1140337 0.4612551 -0.4477718 0.0224017 0.4049414 -0.0090027 0.9140238
251.910600 -2.0876105 0.4590221 -0.4159909 0.0227843 0.3587374 -0.0109960 0.9330956
252.118500 -2.0606339 0.4566932 -0.3776115 0.0185095 0.3121314 -0.0101324 0.9498045
252.326600 -2.0358984 0.4547768 -0.3330585 0.0183744 0.2659184 -0.0112361 0.9637549
252.534700 -2.0122132 0.4517115 -0.2809976 0.0164541 0.2217383 -0.0105376 0.9749104
252.743200 -1.9900677 0.4493424 -0.2222371 0.0154255 0.1831007 -0.0079724 0.9829408
252.847500 -1.9795747 0.4479094 -0.1903849 0.0164670 0.1649794 -0.0063278 0.9861392
253.056000 -1.9602616 0.4449330 -0.1225062 0.0180907 0.1292895 0.0012784 0.9914410
253.264300 -1.9456412 0.4419121 -0.0486395 0.0179018 0.0957263 0.0017757 0.9952451
256.080400 -1.9226342 0.3782444 1.3868651 0.0124827 -0.0048652 -0.0132701 0.9998222
258.996100 -1.9447379 0.3076257 2.9617083 0.0133248 -0.0079462 -0.0088222 0.9998407
259.725200 -1.9526534 0.2915707 3.3397360 0.0130728 -0.0100520 -0.0093227 0.9998205
260.037600 -1.9563489 0.2844157 3.4998422 0.0115119 -0.0104202 -0.0091855 0.9998373
260.350100 -1.9598418 0.2777290 3.6587486 0.0125950 -0.0087008 -0.0087080 0.9998449
260.662500 -1.9636543 0.2714536 3.8174617 0.0111855 -0.0067778 -0.0093738 0.9998705
260.975000 -1.9663236 0.2648723 3.9735734 0.0156820 -0.0041064 -0.0109311 0.9998088
261.600100 -1.9672369 0.2492861 4.2843990 0.0111292 0.0037784 -0.0104041 0.9998768
262.016600 -1.9658649 0.2383181 4.4866314 0.0245844 0.0058803 -0.0081035 0.9996476
262.329100 -1.9648306 0.2293162 4.6418290 0.0192658 0.0057264 -0.0115335 0.9997315
262.641500 -1.9627173 0.2224080 4.8024163 0.0115162 0.0039200 -0.0113316 0.9998618
262.954000 -1.9595788 0.2180236 4.9677238 0.0091507 0.0009984 -0.0094546 0.9999129
263.266600 -1.9586370 0.2117828 5.1345229 0.0209229 -0.0005207 -0.0067196 0.9997584
263.579100 -1.9579530 0.2029410 5.3071237 0.0206297 -0.0019174 -0.0067310 0.9997627
263.891500 -1.9590789 0.1936201 5.4835143 0.0187233 -0.0036892 -0.0070258 0.9997932
264.099900 -1.9602559 0.1877975 5.6030769 0.0184514 -0.0055142 -0.0075196 0.9997863
264.308100 -1.9615717 0.1820466 5.7232194 0.0153457 -0.0075243 -0.0079846 0.9998221
264.516300 -1.9635401 0.1764486 5.8420968 0.0152174 -0.0092568 -0.0080920 0.9998086
264.724600 -1.9653621 0.1711592 5.9597931 0.0152759 -0.0110987 -0.0083016 0.9997873
264.932800 -1.9680989 0.1655096 6.0784926 0.0141345 -0.0117002 -0.0089662 0.9997914
265.141200 -1.9709402 0.1599822 6.1961122 0.0165619 -0.0118273 -0.0096399 0.9997464
265.349500 -1.9742653 0.1542364 6.3131680 0.0135429 -0.0125556 -0.0084655 0.9997936
265.453600 -1.9754752 0.1520829 6.3718319 0.0116944 -0.0134867 -0.0078420 0.9998099
265.661800 -1.9794523 0.1467872 6.4884677 0.0119934 -0.0148067 -0.0079503 0.9997869
265.766000 -1.9812293 0.1441470 6.5472960 0.0138457 -0.0155211 -0.0083583 0.9997487
265.974200 -1.9846511 0.1383153 6.6621737 0.0147683 -0.0152412 -0.0094473 0.9997302
266.182600 -1.9878688 0.1329812 6.7761426 0.0135039 -0.0139091 -0.0086189 0.9997749
266.391000 -1.9905725 0.1271579 6.8886123 0.0138358 -0.0126838 -0.0087964 0.9997851
266.599200 -1.9931552 0.1220083 7.0002699 0.0132286 -0.0111291 -0.0098442 0.9998021
266.807600 -1.9962610 0.1169164 7.1108360 0.0146188 -0.0098180 -0.0111592 0.9997827
267.016000 -1.9984746 0.1117195 7.2211127 0.0162219 -0.0083292 -0.0113089 0.9997697
267.224300 -2.0009284 0.1058511 7.3297505 0.0188604 -0.0064610 -0.0103056 0.9997481
267.432700 -2.0023482 0.0999916 7.4383020 0.0167838 -0.0047005 -0.0086680 0.9998105
267.641100 -2.0037034 0.0940825 7.5462976 0.0186540 -0.0039467 -0.0114018 0.9997532
267.849300 -2.0062020 0.0882601 7.6546183 0.0237027 -0.0035477 -0.0170514 0.9995673
268.057600 -2.0078814 0.0813832 7.7649465 0.0220182 -0.0054024 -0.0189852 0.9995627
268.266000 -2.0093732 0.0753161 7.8780260 0.0208722 -0.0075500 -0.0146556 0.9996462
268.474200 -2.0115149 0.0700265 7.9927397 0.0155777 -0.0090746 -0.0125366 0.9997589
268.682600 -2.0137579 0.0655708 8.1062326 0.0083878 -0.0108126 -0.0081439 0.9998732
268.995100 -2.0204272 0.0589944 8.2796545 0.0158204 -0.0121559 -0.0072158 0.9997749
269.620100 -2.0292616 0.0415761 8.6319323 0.0207107 -0.0120423 -0.0073176 0.9996862
270.557500 -2.0425923 0.0108295 9.1888494 0.0185237 -0.0094954 -0.0087496 0.9997451
271.182300 -2.0507910 -0.0082142 9.5530396 0.0179271 -0.0090441 -0.0116784 0.9997302
271.807200 -2.0579848 -0.0259387 9.9061623 0.0135304 -0.0068934 -0.0120488 0.9998121
272.640500 -2.0634704 -0.0478584 10.3279524 0.0182521 -0.0055151 -0.0125485 0.9997395
273.161500 -2.0649595 -0.0611204 10.5861034 0.0177367 -0.0031818 -0.0069385 0.9998136
273.474100 -2.0658338 -0.0695736 10.7388058 0.0187822 -0.0005969 -0.0073252 0.9997966
273.890900 -2.0639629 -0.0810365 10.9444265 0.0316191 -0.0004923 -0.0038140 0.9994926
274.203200 -2.0674019 -0.0924966 11.0956879 0.0277676 -0.0092920 -0.0054312 0.9995565
274.515600 -2.0740800 -0.1013209 11.2513447 0.0143772 -0.0214576 -0.0103339 0.9996130
274.828200 -2.0832591 -0.1073051 11.4018049 0.0149231 -0.0278645 -0.0140047 0.9994022
275.141200 -2.0923088 -0.1147376 11.5618696 0.0186134 -0.0240971 -0.0113654 0.9994717
275.454100 -2.0993555 -0.1232269 11.7276983 0.0234439 -0.0216891 -0.0063187 0.9994699
275.662600 -2.1039648 -0.1294677 11.8421354 0.0239881 -0.0204393 -0.0072710 0.9994769
275.871100 -2.1095982 -0.1355669 11.9578333 0.0205171 -0.0192442 -0.0088584 0.9995650
276.079600 -2.1139090 -0.1420253 12.0766392 0.0198417 -0.0185007 -0.0058400 0.9996149
276.288000 -2.1189246 -0.1484697 12.1952114 0.0236711 -0.0181500 -0.0041890 0.9995462
276.496500 -2.1234665 -0.1553921 12.3166714 0.0237225 -0.0178198 -0.0045072 0.9995496
276.704900 -2.1280701 -0.1626170 12.4393072 0.0187745 -0.0175211 -0.0051695 0.9996569
276.913100 -2.1332414 -0.1689034 12.5612698 0.0175993 -0.0169648 -0.0065882 0.9996795
277.121500 -2.1377120 -0.1758722 12.6811676 0.0188538 -0.0168674 -0.0079349 0.9996485
277.329900 -2.1424470 -0.1824984 12.8008041 0.0215741 -0.0165849 -0.0069561 0.9996055
277.538200 -2.1461470 -0.1891785 12.9208412 0.0212872 -0.0163515 -0.0048073 0.9996281
277.746600 -2.1503396 -0.1960583 13.0394812 0.0169863 -0.0161748 -0.0048025 0.9997134
277.954900 -2.1549685 -0.2027266 13.1533175 0.0199994 -0.0156322 -0.0085482 0.9996412
278.163200 -2.1597290 -0.2091799 13.2687359 0.0199469 -0.0149797 -0.0111751 0.9996263
278.371500 -2.1635425 -0.2158183 13.3814297 0.0179267 -0.0155451 -0.0100088 0.9996684
278.579900 -2.1673219 -0.2221277 13.4928694 0.0163265 -0.0169108 -0.0088119 0.9996849
278.788100 -2.1719170 -0.2281198 13.6000586 0.0183369 -0.0181750 -0.0094676 0.9996218
278.996200 -2.1766510 -0.2342459 13.7043486 0.0174620 -0.0194814 -0.0101621 0.9996061
279.204500 -2.1814435 -0.2392372 13.8061619 0.0124736 -0.0206965 -0.0100604 0.9996574
279.516900 -2.1885972 -0.2460766 13.9521675 0.0152328 -0.0216815 -0.0106846 0.9995918
279.725100 -2.1933675 -0.2512342 14.0481453 0.0173797 -0.0222525 -0.0097250 0.9995540
279.933500 -2.1980016 -0.2561893 14.1438618 0.0167151 -0.0223192 -0.0097033 0.9995641
280.142000 -2.2029855 -0.2615724 14.2385015 0.0181857 -0.0204407 -0.0120047 0.9995536
280.350400 -2.2075164 -0.2670054 14.3323612 0.0235335 -0.0183618 -0.0151305 0.9994399
280.558800 -2.2111728 -0.2731229 14.4268551 0.0246566 -0.0159404 -0.0175204 0.9994153
280.767200 -2.2146587 -0.2791221 14.5218887 0.0231844 -0.0127447 -0.0185867 0.9994771
280.975600 -2.2166631 -0.2851980 14.6176748 0.0215363 -0.0095731 -0.0164810 0.9995864
281.184000 -2.2184677 -0.2904082 14.7148170 0.0210660 -0.0064276 -0.0155906 0.9996359
281.392400 -2.2194226 -0.2954397 14.8133526 0.0185127 -0.0030355 -0.0163709 0.9996900
281.600700 -2.2202640 -0.3008113 14.9132347 0.0200932 0.0008877 -0.0180714 0.9996344
281.809300 -2.2195611 -0.3054951 15.0155058 0.0206389 0.0046835 -0.0163448 0.9996424
282.017600 -2.2182772 -0.3114799 15.1201077 0.0209764 0.0086548 -0.0142837 0.9996405
282.226000 -2.2162695 -0.3176023 15.2253628 0.0285488 0.0124416 -0.0136675 0.9994215
282.434500 -2.2139158 -0.3246270 15.3338490 0.0235400 0.0170288 -0.0142730 0.9994760
282.642900 -2.2098005 -0.3310094 15.4428511 0.0250069 0.0212146 -0.0141168 0.9993625
282.851200 -2.2048941 -0.3384308 15.5528250 0.0282785 0.0252547 -0.0145217 0.9991755
283.059600 -2.1990221 -0.3464600 15.6647987 0.0292133 0.0295753 -0.0147543 0.9990267
283.268000 -2.1915383 -0.3542661 15.7786951 0.0237515 0.0338188 -0.0141215 0.9990459
283.476400 -2.1832957 -0.3614153 15.8944921 0.0220954 0.0376627 -0.0136737 0.9989526
283.684800 -2.1744599 -0.3683397 16.0106297 0.0241193 0.0402549 -0.0110830 0.9988368
283.893000 -2.1652045 -0.3760897 16.1284657 0.0276103 0.0409969 -0.0111333 0.9987156
284.101200 -2.1561089 -0.3839437 16.2478657 0.0251874 0.0420021 -0.0117614 0.9987307
284.309500 -2.1471355 -0.3918611 16.3679409 0.0254245 0.0423773 -0.0098739 0.9987293
284.517700 -2.1367869 -0.4001293 16.4895840 0.0263976 0.0415938 -0.0089064 0.9987461
284.726000 -2.1271396 -0.4084904 16.6123657 0.0234660 0.0413193 -0.0082517 0.9988363
284.934100 -2.1172948 -0.4159679 16.7342911 0.0205813 0.0402934 -0.0073859 0.9989486
285.142400 -2.1084423 -0.4235676 16.8553886 0.0225993 0.0396637 -0.0074715 0.9989296
285.350500 -2.1001830 -0.4314495 16.9757748 0.0235766 0.0384414 -0.0093407 0.9989390
285.558700 -2.0917606 -0.4393115 17.0960026 0.0227835 0.0373013 -0.0098968 0.9989953
285.766900 -2.0835900 -0.4469491 17.2146320 0.0234767 0.0359077 -0.0113722 0.9990146
285.975100 -2.0762613 -0.4550201 17.3330650 0.0227937 0.0344612 -0.0119868 0.9990742
286.183400 -2.0694718 -0.4629930 17.4498596 0.0251377 0.0323839 -0.0113930 0.9990944
286.495600 -2.0594783 -0.4747933 17.6244240 0.0199556 0.0294245 -0.0084558 0.9993320
286.703900 -2.0538528 -0.4811498 17.7398987 0.0146836 0.0287347 -0.0093964 0.9994351
286.912200 -2.0490055 -0.4872985 17.8531456 0.0206888 0.0280968 -0.0156155 0.9992691
287.120500 -2.0442741 -0.4943066 17.9659023 0.0225552 0.0278182 -0.0185963 0.9991854
287.328700 -2.0390763 -0.5011116 18.0779991 0.0189262 0.0269480 -0.0213764 0.9992290
287.537000 -2.0340495 -0.5074565 18.1880360 0.0190238 0.0252035 -0.0222434 0.9992537
