0.000000 0.0000000 0.0000000 0.0000000 0.0000000 0.0000000 0.0000000 1.0000000
0.310908 0.0013054 -0.0004673 0.0433225 0.0001985 0.0103287 0.0037386 0.9999396
0.414483 0.0016213 -0.0006006 0.0583858 0.0009343 0.0093206 0.0044954 0.9999460
0.518120 0.0017003 -0.0006845 0.0738007 0.0016873 0.0059716 0.0058321 0.9999638
0.828918 -0.0009508 -0.0015763 0.1220984 0.0025210 -0.0180823 0.0040277 0.9998252
0.932502 -0.0026028 -0.0019514 0.1389086 0.0030993 -0.0281182 0.0022305 0.9995973
1.036104 -0.0046836 -0.0021576 0.1565329 0.0032579 -0.0381933 0.0020532 0.9992629
1.139865 -0.0069008 -0.0023110 0.1745894 0.0029462 -0.0488123 0.0028886 0.9987994
1.347350 -0.0131381 -0.0029088 0.2125926 0.0021130 -0.0675306 0.0030870 0.9977102
1.555101 -0.0208279 -0.0037009 0.2527378 0.0017779 -0.0822588 0.0021120 0.9966072
1.762893 -0.0292255 -0.0043331 0.2955447 0.0031619 -0.0933533 0.0047461 0.9956167
1.970961 -0.0390681 -0.0050112 0.3411014 0.0050182 -0.1012105 0.0038268 0.9948450
2.179116 -0.0500482 -0.0059290 0.3892985 0.0068875 -0.1091961 0.0060100 0.9939782
2.387073 -0.0616444 -0.0069284 0.4403574 0.0084814 -0.1178930 0.0094378 0.9929453
2.595229 -0.0765720 -0.0084397 0.4927415 0.0126005 -0.1266036 0.0052075 0.9918597
2.803189 -0.0917864 -0.0104435 0.5483451 0.0142478 -0.1353599 0.0076844 0.9906642
3.011247 -0.1093720 -0.0126865 0.6055685 0.0175214 -0.1435920 0.0063347 0.9894616
3.219570 -0.1280340 -0.0158018 0.6651112 0.0237411 -0.1506658 0.0066875 0.9882770
3.427467 -0.1484994 -0.0194959 0.7268096 0.0324627 -0.1548607 0.0055199 0.9873874
3.635476 -0.1704144 -0.0242051 0.7904781 0.0409765 -0.1592172 0.0033039 0.9863873
3.843522 -0.1939340 -0.0303637 0.8559620 0.0478554 -0.1642195 0.0002220 0.9852623
4.051384 -0.2189039 -0.0374508 0.9228124 0.0527019 -0.1692123 -0.0030919 0.9841647
4.259272 -0.2443856 -0.0450272 0.9901528 0.0532825 -0.1747858 -0.0042473 0.9831545
4.467802 -0.2720790 -0.0529073 1.0596404 0.0515791 -0.1814349 -0.0044065 0.9820395
4.676366 -0.3011345 -0.0606775 1.1301421 0.0474637 -0.1901166 -0.0055608 0.9805978
4.882642 -0.3326198 -0.0679116 1.2019151 0.0437111 -0.1991096 -0.0089095 0.9789613
5.090371 -0.3654853 -0.0751493 1.2730929 0.0425502 -0.2085885 -0.0094971 0.9770313
5.298151 -0.3999907 -0.0819704 1.3458117 0.0411252 -0.2177262 -0.0100267 0.9750915
5.505885 -0.4372950 -0.0885630 1.4216698 0.0377706 -0.2265930 -0.0091596 0.9732138
5.713619 -0.4769647 -0.0946205 1.4978138 0.0329658 -0.2347080 -0.0096581 0.9714588
5.921350 -0.5188537 -0.1000446 1.5757500 0.0315058 -0.2419969 -0.0086807 0.9697266
6.129103 -0.5632231 -0.1057107 1.6547509 0.0297564 -0.2481976 -0.0079188 0.9682199
6.336918 -0.6094930 -0.1109034 1.7381818 0.0295026 -0.2532879 -0.0058225 0.9669234
6.545512 -0.6586906 -0.1169831 1.8221546 0.0294531 -0.2548978 -0.0067717 0.9664956
6.752638 -0.7079348 -0.1230199 1.9070489 0.0281516 -0.2551393 -0.0062395 0.9664742
6.960403 -0.7587198 -0.1287290 1.9950554 0.0279986 -0.2570063 -0.0036965 0.9659970
7.168161 -0.8107080 -0.1346799 2.0829279 0.0249559 -0.2604457 -0.0033552 0.9651601
7.375748 -0.8641782 -0.1404321 2.1726334 0.0214242 -0.2670345 -0.0017035 0.9634473
7.583886 -0.9175912 -0.1469527 2.2583368 0.0232577 -0.2775282 0.0012620 0.9604351
7.790766 -0.9755256 -0.1520425 2.3448029 0.0209380 -0.2879567 -0.0002820 0.9574144
7.998481 -1.0335763 -0.1571859 2.4291654 0.0202762 -0.2957931 -0.0028394 0.9550326
8.206229 -1.0932643 -0.1623965 2.5129595 0.0260836 -0.3011336 -0.0022334 0.9532225
8.413979 -1.1536371 -0.1685776 2.5964642 0.0248742 -0.3065696 -0.0025567 0.9515197
8.621720 -1.2153020 -0.1735246 2.6784289 0.0211690 -0.3113762 -0.0036766 0.9500438
8.829907 -1.2785139 -0.1786510 2.7623012 0.0224054 -0.3168055 -0.0036898 0.9482186
9.038033 -1.3424004 -0.1844589 2.8455863 0.0234210 -0.3234158 -0.0020092 0.9459649
9.244879 -1.4084505 -0.1897120 2.9279618 0.0228124 -0.3305884 -0.0022946 0.9434965
9.452542 -1.4754517 -0.1955136 3.0087223 0.0234690 -0.3385244 -0.0011977 0.9406641
9.659968 -1.5438149 -0.2011935 3.0888331 0.0241682 -0.3467700 0.0002824 0.9376387
9.869005 -1.6142380 -0.2075475 3.1686950 0.0244895 -0.3556097 0.0011142 0.9343130
10.074930 -1.6885086 -0.2140475 3.2482975 0.0227510 -0.3643415 0.0019195 0.9309855
10.282360 -1.7628020 -0.2200603 3.3270180 0.0236130 -0.3734508 0.0034774 0.9273429
10.489860 -1.8406529 -0.2260792 3.4043434 0.0234685 -0.3809186 0.0027415 0.9243066
10.697400 -1.9203591 -0.2325219 3.4816580 0.0239852 -0.3872635 0.0026313 0.9216533
10.904980 -2.0017500 -0.2389649 3.5580444 0.0264285 -0.3937128 0.0038053 0.9188456
11.008770 -2.0429435 -0.2425652 3.5966840 0.0267964 -0.3969289 0.0037207 0.9174505
11.216240 -2.1269057 -0.2492613 3.6734264 0.0254907 -0.4032369 0.0040540 0.9147316
11.423780 -2.2137213 -0.2561954 3.7502337 0.0254714 -0.4092750 0.0049116 0.9120423
11.631420 -2.3012433 -0.2630635 3.8261523 0.0248035 -0.4142633 0.0060386 0.9097990
11.839050 -2.3890724 -0.2701147 3.9005318 0.0260338 -0.4189390 0.0091100 0.9075954
12.046270 -2.4776564 -0.2775882 3.9744337 0.0247901 -0.4255852 0.0137271 0.9044746
12.253600 -2.5681827 -0.2852020 4.0467534 0.0225683 -0.4355202 0.0172470 0.8997307
12.460990 -2.6612201 -0.2928975 4.1174569 0.0210021 -0.4457450 0.0169990 0.8947521
12.668390 -2.7564898 -0.3000815 4.1858435 0.0228541 -0.4563548 0.0179033 0.8893242
12.875730 -2.8537440 -0.3080832 4.2522869 0.0218175 -0.4669090 0.0196195 0.8838184
13.083110 -2.9535468 -0.3160140 4.3173466 0.0210539 -0.4777903 0.0202300 0.8779886
13.290730 -3.0555243 -0.3241308 4.3805003 0.0220167 -0.4883463 0.0206146 0.8721285
13.498010 -3.1592674 -0.3326564 4.4412913 0.0230502 -0.4981983 0.0203044 0.8665188
13.705510 -3.2643604 -0.3410200 4.5004363 0.0209971 -0.5068059 0.0192436 0.8615896
13.912900 -3.3709397 -0.3492222 4.5576138 0.0212854 -0.5141903 0.0211359 0.8571514
14.120270 -3.4788995 -0.3577826 4.6143217 0.0223186 -0.5205799 0.0240585 0.8531821
14.327630 -3.5871816 -0.3674901 4.6680956 0.0219205 -0.5250174 0.0268176 0.8503864
14.538380 -3.6952047 -0.3763657 4.7226791 0.0173471 -0.5291722 0.0271611 0.8479022
14.742390 -3.8042359 -0.3852888 4.7748837 0.0153463 -0.5320477 0.0278952 0.8461156
14.950000 -3.9129846 -0.3935277 4.8260002 0.0129907 -0.5342079 0.0283754 0.8447769
15.157490 -4.0208125 -0.4002783 4.8765116 0.0115488 -0.5363647 0.0307574 0.8433467
15.365030 -4.1244435 -0.4083013 4.9235916 0.0085954 -0.5379397 0.0313040 0.8423580
15.572680 -4.2293587 -0.4155006 4.9708695 0.0077805 -0.5390463 0.0337832 0.8415623
15.780370 -4.3288012 -0.4232074 5.0163107 0.0090863 -0.5390726 0.0338269 0.8415307
15.988000 -4.4251571 -0.4308892 5.0614901 0.0107914 -0.5365029 0.0325331 0.8432021
16.195700 -4.5211844 -0.4376296 5.1074400 0.0118966 -0.5316442 0.0329893 0.8462415
16.403370 -4.6157150 -0.4452775 5.1539450 0.0123006 -0.5247824 0.0304202 0.8506038
16.611110 -4.7090397 -0.4526253 5.2017603 0.0126065 -0.5158844 0.0292273 0.8560667
16.818850 -4.7994041 -0.4599583 5.2510390 0.0154173 -0.5061290 0.0282739 0.8618563
17.026730 -4.8891726 -0.4677567 5.3030319 0.0169534 -0.4943975 0.0267167 0.8686599
17.130540 -4.9330940 -0.4710755 5.3294086 0.0167086 -0.4879895 0.0254300 0.8723190
17.234250 -4.9762521 -0.4747327 5.3560371 0.0161352 -0.4813812 0.0242644 0.8760269
17.338110 -5.0187898 -0.4781291 5.3836145 0.0160387 -0.4751914 0.0240744 0.8794068
17.442380 -5.0603356 -0.4818062 5.4112325 0.0162302 -0.4690523 0.0239133 0.8826974
17.649360 -5.1420012 -0.4891227 5.4682083 0.0165973 -0.4569924 0.0247487 0.8889713
17.753120 -5.1818819 -0.4923788 5.4974484 0.0166438 -0.4510301 0.0247485 0.8920103
17.857050 -5.2208138 -0.4958746 5.5264721 0.0159246 -0.4451859 0.0237736 0.8949808
17.960530 -5.2592616 -0.4990182 5.5561075 0.0144456 -0.4395454 0.0230873 0.8978074
18.064140 -5.2967238 -0.5020212 5.5855470 0.0142869 -0.4338756 0.0224266 0.9005803
18.167890 -5.3336759 -0.5048416 5.6148448 0.0154497 -0.4279016 0.0215088 0.9034373
18.271640 -5.3694868 -0.5079365 5.6447744 0.0163532 -0.4224670 0.0208695 0.9059904
18.375420 -5.4047327 -0.5107687 5.6751156 0.0163647 -0.4170469 0.0206575 0.9085028
18.479100 -5.4393559 -0.5137584 5.7052441 0.0155460 -0.4115579 0.0198951 0.9110338
18.582900 -5.4732065 -0.5165395 5.7358561 0.0145987 -0.4063229 0.0195052 0.9134047
18.686620 -5.5064998 -0.5192558 5.7663517 0.0142514 -0.4012570 0.0193826 0.9156495
18.894080 -5.5715623 -0.5243430 5.8276558 0.0145108 -0.3916905 0.0185336 0.9197959
18.997780 -5.6031494 -0.5266420 5.8580937 0.0135313 -0.3869826 0.0176449 0.9218189
19.101510 -5.6341920 -0.5291693 5.8892436 0.0124981 -0.3823130 0.0164837 0.9238014
19.309140 -5.6944113 -0.5337332 5.9510264 0.0124398 -0.3725246 0.0151525 0.9278152
19.516610 -5.7521644 -0.5380093 6.0128169 0.0112609 -0.3610614 0.0126178 0.9323887
19.725730 -5.8067284 -0.5418549 6.0742822 0.0099981 -0.3472530 0.0100514 0.9376643
19.932000 -5.8585701 -0.5451848 6.1364355 0.0117132 -0.3326138 0.0097055 0.9429404
20.139770 -5.9080825 -0.5487301 6.2000856 0.0109186 -0.3170964 0.0087813 0.9482898
20.451300 -5.9778585 -0.5530503 6.2982283 0.0071165 -0.2934887 0.0077592 0.9559045
20.658750 -6.0214658 -0.5557563 6.3652415 0.0051604 -0.2800761 0.0081022 0.9599297
20.868590 -6.0639400 -0.5580575 6.4339390 0.0051183 -0.2678043 0.0077246 0.9634288
21.074000 -6.1051083 -0.5601294 6.5045357 0.0048563 -0.2554994 0.0059473 0.9667788
21.281800 -6.1441317 -0.5623190 6.5763116 0.0052230 -0.2447172 0.0070013 0.9695551
21.488760 -6.1825829 -0.5642518 6.6491809 0.0051209 -0.2364813 0.0069646 0.9715976
21.696840 -6.2211537 -0.5658910 6.7244072 0.0018720 -0.2296673 0.0045353 0.9732568
21.903660 -6.2594419 -0.5672638 6.8024273 -0.0002194 -0.2224915 0.0023843 0.9749317
22.214990 -6.3165512 -0.5680642 6.9255295 -0.0035705 -0.2111056 0.0016724 0.9774553
22.526370 -6.3730040 -0.5682954 7.0549140 -0.0040310 -0.1976760 0.0036402 0.9802524
22.837890 -6.4255514 -0.5691379 7.1891088 -0.0020549 -0.1797644 0.0033286 0.9837019
23.149820 -6.4738407 -0.5695794 7.3287969 -0.0040675 -0.1512781 -0.0015913 0.9884816
23.461620 -6.5156498 -0.5698617 7.4789648 -0.0065163 -0.1180151 -0.0036977 0.9929835
23.773430 -6.5480728 -0.5687551 7.6361256 -0.0119414 -0.0839190 -0.0068444 0.9963775
24.085120 -6.5699072 -0.5664867 7.7999697 -0.0103364 -0.0510423 -0.0078375 0.9986122
24.396610 -6.5828700 -0.5641290 7.9734616 -0.0127704 -0.0204437 -0.0080718 0.9996769
24.708120 -6.5851316 -0.5614083 8.1516294 -0.0135153 0.0104884 -0.0107151 0.9997962
25.019370 -6.5767131 -0.5582762 8.3366241 -0.0104993 0.0399477 -0.0127629 0.9990651
25.330500 -6.5565677 -0.5579892 8.5248480 -0.0058951 0.0685684 -0.0133795 0.9975393
25.641640 -6.5248032 -0.5599466 8.7204733 0.0013119 0.0954577 -0.0164001 0.9952975
25.952760 -6.4808469 -0.5636705 8.9166002 0.0026558 0.1219557 -0.0165534 0.9923940
26.264020 -6.4261532 -0.5690521 9.1206331 0.0069686 0.1478156 -0.0177981 0.9888302
26.471490 -6.3828793 -0.5734103 9.2556200 0.0081482 0.1659247 -0.0205711 0.9858902
26.679010 -6.3348331 -0.5779269 9.3897238 0.0111368 0.1841871 -0.0209690 0.9826044
26.886640 -6.2810526 -0.5844857 9.5238094 0.0164751 0.2035360 -0.0216487 0.9786894
27.094360 -6.2194729 -0.5926756 9.6574507 0.0178631 0.2275593 -0.0245016 0.9732921
27.302140 -6.1514082 -0.6016045 9.7896576 0.0196175 0.2550196 -0.0283301 0.9663216
27.509940 -6.0745401 -0.6117978 9.9200096 0.0213710 0.2821406 -0.0300532 0.9586641
27.717500 -5.9907570 -0.6230624 10.0450563 0.0242722 0.3086794 -0.0309774 0.9503517
27.925020 -5.8993855 -0.6350328 10.1661577 0.0282208 0.3335812 -0.0314936 0.9417725
28.132630 -5.8010449 -0.6483957 10.2837200 0.0305923 0.3565596 -0.0314284 0.9332426
28.340050 -5.6966949 -0.6631178 10.3967762 0.0327336 0.3770951 -0.0308948 0.9250802
28.547500 -5.5857301 -0.6780804 10.5059605 0.0369079 0.3959368 -0.0307360 0.9170208
28.754980 -5.4690084 -0.6939911 10.6130781 0.0389428 0.4143981 -0.0308399 0.9087390
28.962310 -5.3499775 -0.7113110 10.7140751 0.0372502 0.4341393 -0.0321402 0.8995013
29.169630 -5.2293577 -0.7284333 10.8070526 0.0347808 0.4536864 -0.0344079 0.8898174
29.376900 -5.1058197 -0.7456599 10.8944483 0.0355191 0.4728220 -0.0374272 0.8796459
29.584410 -4.9795012 -0.7631490 10.9751511 0.0329810 0.4934447 -0.0381009 0.8683162
29.791760 -4.8514309 -0.7799906 11.0485744 0.0298802 0.5144907 -0.0380124 0.8561317
30.102880 -4.6543059 -0.8049996 11.1467247 0.0286459 0.5447596 -0.0374930 0.8372638
30.310460 -4.5227542 -0.8210840 11.2017269 0.0304184 0.5635208 -0.0361296 0.8247507
30.517900 -4.3916264 -0.8364558 11.2504539 0.0297004 0.5818091 -0.0353757 0.8120127
30.725440 -4.2604437 -0.8523493 11.2922773 0.0343711 0.5978613 -0.0403942 0.7998430
30.932900 -4.1324558 -0.8690823 11.3286781 0.0364894 0.6136379 -0.0462599 0.7873862
31.140380 -4.0046368 -0.8865092 11.3595619 0.0338551 0.6294873 -0.0492450 0.7747093
31.347870 -3.8774066 -0.9037045 11.3847303 0.0319228 0.6445061 -0.0502540 0.7622777
31.555400 -3.7509601 -0.9206899 11.4034128 0.0317317 0.6584474 -0.0509360 0.7502303
31.762890 -3.6249731 -0.9378777 11.4188824 0.0316031 0.6725489 -0.0547038 0.7373511
31.970400 -3.5015657 -0.9541539 11.4280748 0.0292614 0.6845268 -0.0525166 0.7265046
32.177810 -3.3804016 -0.9700395 11.4337673 0.0270953 0.6943360 -0.0496014 0.7174281
32.385170 -3.2613206 -0.9859582 11.4367113 0.0280750 0.7010407 -0.0503607 0.7107866
32.696160 -3.0892570 -1.0092134 11.4384222 0.0325346 0.7068726 -0.0563544 0.7043414
32.903550 -2.9774427 -1.0242665 11.4385233 0.0300902 0.7100143 -0.0549724 0.7013931
33.110900 -2.8671830 -1.0385554 11.4373264 0.0261801 0.7116793 -0.0495647 0.7002646
33.318440 -2.7598274 -1.0517564 11.4358873 0.0278154 0.7111266 -0.0517829 0.7006024
33.525770 -2.6541386 -1.0659111 11.4354515 0.0274740 0.7095996 -0.0542975 0.7019724
33.733120 -2.5492446 -1.0797187 11.4357615 0.0272459 0.7069153 -0.0563634 0.7045222
33.940910 -2.4461129 -1.0932355 11.4372816 0.0265125 0.7029520 -0.0573117 0.7084286
34.147880 -2.3456392 -1.1069188 11.4402561 0.0268188 0.6981662 -0.0550070 0.7133155
34.355380 -2.2456691 -1.1198564 11.4446802 0.0269800 0.6933188 -0.0554892 0.7179847
34.563020 -2.1456344 -1.1328131 11.4507113 0.0250273 0.6886521 -0.0548709 0.7225794
34.770400 -2.0461915 -1.1452621 11.4573460 0.0246373 0.6836486 -0.0545802 0.7273504
34.977900 -1.9483119 -1.1576215 11.4656000 0.0263698 0.6787271 -0.0552714 0.7318328
35.185510 -1.8503020 -1.1704013 11.4749622 0.0256749 0.6736981 -0.0572319 0.7363397
35.393080 -1.7534513 -1.1828253 11.4858427 0.0243014 0.6688399 -0.0565814 0.7408516
35.600660 -1.6564250 -1.1956449 11.4977245 0.0237306 0.6639650 -0.0550314 0.7453582
35.808130 -1.5594010 -1.2073629 11.5106945 0.0253492 0.6586273 -0.0546443 0.7500544
36.015630 -1.4630237 -1.2198795 11.5253925 0.0276585 0.6516377 -0.0548453 0.7560392
36.223240 -1.3676422 -1.2322297 11.5415792 0.0272439 0.6449926 -0.0548812 0.7617285
36.430690 -1.2706380 -1.2446254 11.5596542 0.0253874 0.6414228 -0.0555471 0.7647527
36.638140 -1.1726334 -1.2564168 11.5782938 0.0266729 0.6392115 -0.0568449 0.7664632
36.845830 -1.0738989 -1.2690506 11.5972910 0.0276205 0.6368942 -0.0554358 0.7684593
37.053350 -0.9739137 -1.2817163 11.6179295 0.0283089 0.6343424 -0.0557741 0.7705177
37.260770 -0.8732357 -1.2943641 11.6387501 0.0274013 0.6316146 -0.0526906 0.7730044
37.468260 -0.7735729 -1.3064048 11.6608458 0.0279820 0.6279254 -0.0527830 0.7759772
37.675750 -0.6748958 -1.3185751 11.6835270 0.0292202 0.6228334 -0.0521976 0.7800642
37.884310 -0.5766208 -1.3308715 11.7079678 0.0290787 0.6167538 -0.0507660 0.7849790
38.194630 -0.4295735 -1.3491381 11.7482567 0.0325175 0.6040666 -0.0482545 0.7948067
38.505750 -0.2838254 -1.3672230 11.7941704 0.0306025 0.5906703 -0.0486609 0.8048629
38.713300 -0.1882362 -1.3795211 11.8267889 0.0306340 0.5817007 -0.0502509 0.8112710
38.920770 -0.0934777 -1.3912749 11.8617506 0.0287542 0.5735259 -0.0507931 0.8171054
39.128410 -0.0000854 -1.4030591 11.8979015 0.0276373 0.5667896 -0.0498667 0.8218875
39.335930 0.0943189 -1.4145595 11.9362364 0.0260188 0.5597427 -0.0504915 0.8267174
39.543570 0.1852279 -1.4255087 11.9752665 0.0272540 0.5526076 -0.0515938 0.8313965
39.751160 0.2752900 -1.4370856 12.0154095 0.0264456 0.5451599 -0.0502873 0.8364045
39.958670 0.3642573 -1.4480728 12.0570793 0.0240900 0.5373401 -0.0486799 0.8416148
40.166160 0.4503231 -1.4577992 12.1004944 0.0216660 0.5295492 -0.0490594 0.8465822
40.373770 0.5366373 -1.4675652 12.1457014 0.0201937 0.5218340 -0.0490200 0.8513980
40.581350 0.6215229 -1.4774345 12.1920700 0.0191785 0.5138919 -0.0492451 0.8562256
40.788800 0.7041593 -1.4862125 12.2393017 0.0198390 0.5058153 -0.0490988 0.8610148
40.996290 0.7866788 -1.4949026 12.2880840 0.0185549 0.4981308 -0.0481576 0.8655647
41.203950 0.8692026 -1.5040866 12.3384380 0.0158214 0.4926648 -0.0470958 0.8687997
41.411540 0.9517670 -1.5119396 12.3891582 0.0128579 0.4889369 -0.0459725 0.8710120
41.619170 1.0339885 -1.5193986 12.4409828 0.0107085 0.4868722 -0.0446937 0.8722633
41.826800 1.1158471 -1.5271493 12.4925766 0.0117453 0.4850443 -0.0454720 0.8732276
42.034430 1.1990299 -1.5344794 12.5452728 0.0120799 0.4832364 -0.0446000 0.8742697
42.241880 1.2820010 -1.5417717 12.5987930 0.0106318 0.4821389 -0.0418567 0.8750297
42.449700 1.3653083 -1.5488116 12.6524372 0.0080375 0.4808486 -0.0397585 0.8758649
42.657050 1.4490533 -1.5553725 12.7088757 0.0072285 0.4807109 -0.0396068 0.8759544
42.864650 1.5315461 -1.5615872 12.7622013 0.0057953 0.4801333 -0.0394448 0.8762891
43.072130 1.6160016 -1.5673419 12.8171501 0.0035214 0.4795942 -0.0379036 0.8766643
43.279750 1.6994863 -1.5731637 12.8723536 0.0024245 0.4789118 -0.0370216 0.8770787
43.487270 1.7826300 -1.5782965 12.9263821 0.0004416 0.4773599 -0.0355382 0.8779888
43.694790 1.8658843 -1.5829461 12.9817057 -0.0005201 0.4751069 -0.0351272 0.8792265
43.902170 1.9479609 -1.5874488 13.0376415 -0.0023929 0.4723800 -0.0334194 0.8807579
44.109610 2.0301261 -1.5916542 13.0938654 -0.0037746 0.4668486 -0.0309490 0.8837875
44.316920 2.1106672 -1.5954196 13.1509666 -0.0036733 0.4602817 -0.0307871 0.8872313
44.524290 2.1903486 -1.5986024 13.2098541 -0.0054940 0.4534650 -0.0302574 0.8907434
44.731960 2.2700510 -1.6019857 13.2702341 -0.0071707 0.4457757 -0.0275170 0.8946929
44.940270 2.3474865 -1.6047629 13.3321953 -0.0060922 0.4361497 -0.0262268 0.8994712
45.148480 2.4264364 -1.6070281 13.3976250 -0.0061900 0.4254327 -0.0247794 0.9046296
45.354340 2.5031180 -1.6096692 13.4643784 -0.0089848 0.4146184 -0.0241576 0.9096303
45.561770 2.5791888 -1.6115043 13.5342541 -0.0106582 0.4037194 -0.0231692 0.9145274
45.769260 2.6551375 -1.6124898 13.6068935 -0.0148865 0.3929978 -0.0198203 0.9192052
45.976640 2.7295451 -1.6125058 13.6806946 -0.0143884 0.3812414 -0.0153138 0.9242367
46.287790 2.8390985 -1.6107192 13.7976274 -0.0160171 0.3617148 -0.0113094 0.9320826
46.495210 2.9087567 -1.6100409 13.8785534 -0.0176399 0.3486902 -0.0098389 0.9370204
46.702650 2.9774876 -1.6081665 13.9621754 -0.0188840 0.3354482 -0.0084991 0.9418311
46.910140 3.0430088 -1.6061800 14.0478697 -0.0201082 0.3245043 -0.0098274 0.9456194
47.117660 3.1077909 -1.6046231 14.1355553 -0.0210519 0.3153140 -0.0120817 0.9486769
47.325510 3.1716790 -1.6028552 14.2260952 -0.0225821 0.3064277 -0.0138393 0.9515254
47.532920 3.2354226 -1.5999926 14.3190603 -0.0265734 0.2981976 -0.0169156 0.9539842
47.740580 3.2979255 -1.5966439 14.4143000 -0.0293174 0.2914111 -0.0206212 0.9559262
47.948270 3.3599691 -1.5938089 14.5107937 -0.0288675 0.2873435 -0.0239601 0.9570926
48.156010 3.4219532 -1.5909736 14.6075869 -0.0245847 0.2853430 -0.0277517 0.9577081
48.364330 3.4845805 -1.5879827 14.7053175 -0.0246795 0.2844305 -0.0274971 0.9579844
48.571420 3.5477562 -1.5865868 14.8040695 -0.0248648 0.2837372 -0.0268762 0.9582028
48.778960 3.6115022 -1.5846486 14.9033566 -0.0237166 0.2824941 -0.0265696 0.9586077
48.986440 3.6750112 -1.5828166 15.0028734 -0.0230439 0.2800236 -0.0249329 0.9593925
49.193760 3.7374926 -1.5812418 15.1040487 -0.0234257 0.2748973 -0.0236738 0.9608966
49.401170 3.7989697 -1.5792489 15.2060299 -0.0233518 0.2650743 -0.0219632 0.9636949
49.608640 3.8567834 -1.5769763 15.3097668 -0.0235989 0.2531011 -0.0225531 0.9668890
49.816010 3.9114432 -1.5746877 15.4141493 -0.0252417 0.2405663 -0.0229019 0.9700341
50.023270 3.9643035 -1.5724294 15.5192509 -0.0261686 0.2273183 -0.0216598 0.9732279
50.230760 4.0133791 -1.5693204 15.6259642 -0.0267900 0.2140985 -0.0216750 0.9762040
50.438290 4.0595450 -1.5663575 15.7329960 -0.0266260 0.2006864 -0.0249047 0.9789769
50.645900 4.1014433 -1.5633545 15.8412971 -0.0276913 0.1906645 -0.0294157 0.9808236
50.853640 4.1429520 -1.5605506 15.9503450 -0.0278913 0.1842372 -0.0304118 0.9820152
51.061270 4.1837578 -1.5571771 16.0595169 -0.0270580 0.1795053 -0.0285534 0.9829702
51.268910 4.2239914 -1.5547574 16.1692524 -0.0260427 0.1742681 -0.0270120 0.9839831
51.372640 4.2433424 -1.5529578 16.2240200 -0.0249305 0.1717591 -0.0267737 0.9844595
51.580140 4.2813473 -1.5504593 16.3344765 -0.0238891 0.1657207 -0.0273740 0.9855032
51.787640 4.3171306 -1.5474224 16.4457874 -0.0266636 0.1587218 -0.0284613 0.9865528
51.995010 4.3512034 -1.5444584 16.5563221 -0.0271304 0.1527655 -0.0284694 0.9874797
52.202390 4.3850727 -1.5416719 16.6655712 -0.0242634 0.1483961 -0.0258402 0.9882925
52.410020 4.4177179 -1.5386758 16.7748260 -0.0245001 0.1475162 -0.0257190 0.9884216
52.617770 4.4500690 -1.5365872 16.8816376 -0.0261987 0.1552953 -0.0299842 0.9870653
52.825640 4.4842672 -1.5342820 16.9848671 -0.0269562 0.1669817 -0.0320473 0.9850703
53.033270 4.5203290 -1.5321407 17.0841217 -0.0272090 0.1757670 -0.0302109 0.9835919
53.240640 4.5567651 -1.5300324 17.1808147 -0.0253822 0.1800178 -0.0287699 0.9829149
53.448020 4.5921245 -1.5282646 17.2759304 -0.0237855 0.1783596 -0.0269326 0.9833091
53.655390 4.6253357 -1.5266520 17.3700294 -0.0227214 0.1704707 -0.0240019 0.9848083
53.862640 4.6562233 -1.5250392 17.4645729 -0.0221981 0.1575377 -0.0210638 0.9870387
54.069890 4.6848354 -1.5232067 17.5599632 -0.0219028 0.1388461 -0.0167289 0.9899304
54.277140 4.7084870 -1.5212929 17.6565266 -0.0207079 0.1163871 -0.0146746 0.9928796
54.484400 4.7267466 -1.5192662 17.7536774 -0.0194901 0.0904678 -0.0142155 0.9956072
54.691640 4.7387342 -1.5170542 17.8505039 -0.0175171 0.0621163 -0.0154511 0.9977956
54.795390 4.7425084 -1.5164702 17.8992310 -0.0175711 0.0471566 -0.0153593 0.9986148
55.002770 4.7465401 -1.5140519 17.9967861 -0.0171014 0.0158775 -0.0151557 0.9996128
55.210270 4.7435589 -1.5128798 18.0941238 -0.0161762 -0.0138800 -0.0149183 0.9996615
55.418020 4.7355428 -1.5110729 18.1926842 -0.0146089 -0.0373548 -0.0174686 0.9990426
55.626020 4.7238083 -1.5083863 18.2926407 -0.0188943 -0.0511677 -0.0234002 0.9982371
55.834140 4.7114220 -1.5063860 18.3934956 -0.0154083 -0.0554470 -0.0263926 0.9979938
56.042270 4.6990013 -1.5038996 18.4964867 -0.0118873 -0.0547347 -0.0283139 0.9980286
56.250540 4.6875343 -1.5026776 18.6019783 -0.0125126 -0.0516673 -0.0279101 0.9981958
56.458520 4.6765299 -1.5008364 18.7089024 -0.0090710 -0.0490399 -0.0257532 0.9984236
56.666390 4.6658511 -1.5002465 18.8187656 -0.0055899 -0.0471057 -0.0239248 0.9985877
56.874270 4.6543331 -1.4997214 18.9308472 -0.0074533 -0.0458869 -0.0254881 0.9985936
57.081890 4.6424985 -1.4984883 19.0458603 -0.0078756 -0.0454245 -0.0272152 0.9985659
57.289520 4.6307974 -1.4974554 19.1632214 -0.0074637 -0.0460796 -0.0290391 0.9984877
57.497020 4.6184230 -1.4964138 19.2815361 -0.0046406 -0.0470990 -0.0293409 0.9984484
57.704420 4.6064768 -1.4964501 19.4008331 -0.0042525 -0.0512219 -0.0258959 0.9983425
57.911640 4.5918484 -1.4965189 19.5193996 -0.0049684 -0.0588632 -0.0211230 0.9980302
58.119020 4.5754242 -1.4970946 19.6389008 -0.0036546 -0.0687767 -0.0178092 0.9974664
58.326530 4.5572243 -1.4980403 19.7572842 -0.0034488 -0.0784854 -0.0165173 0.9967725
58.534020 4.5361643 -1.4987816 19.8749695 -0.0040471 -0.0877085 -0.0156790 0.9960145
58.741650 4.5130191 -1.4997303 19.9910431 -0.0022611 -0.0964767 -0.0165497 0.9951951
58.949150 4.4877172 -1.5009223 20.1070118 -0.0016053 -0.1043295 -0.0161899 0.9944097
59.156650 4.4615760 -1.5020952 20.2218647 -0.0010131 -0.1109851 -0.0150159 0.9937081
59.364270 4.4343157 -1.5034128 20.3360863 0.0018635 -0.1168290 -0.0115392 0.9930832
59.571770 4.4058275 -1.5048585 20.4503860 0.0045918 -0.1226851 -0.0071331 0.9924094
59.779400 4.3759751 -1.5069412 20.5644531 0.0027087 -0.1276313 -0.0062706 0.9917982
59.987020 4.3445153 -1.5091263 20.6788502 0.0023259 -0.1308117 -0.0071536 0.9913787
60.194660 4.3133268 -1.5108664 20.7939281 -0.0007776 -0.1334071 -0.0053792 0.9910464
60.402270 4.2811894 -1.5116777 20.9087257 -0.0021712 -0.1341060 -0.0014432 0.9909636
60.609930 4.2496586 -1.5126269 21.0233974 -0.0028916 -0.1351386 0.0028739 0.9908183
60.817540 4.2176447 -1.5136305 21.1384678 -0.0031174 -0.1362711 0.0050100 0.9906541
61.025270 4.1845794 -1.5146837 21.2541695 -0.0047140 -0.1376105 0.0050053 0.9904625
61.232720 4.1510272 -1.5153983 21.3697834 -0.0069229 -0.1387571 0.0032038 0.9902971
61.440150 4.1171627 -1.5156852 21.4859009 -0.0086814 -0.1389755 0.0010582 0.9902572
61.647800 4.0835257 -1.5152144 21.6008682 -0.0100377 -0.1373187 0.0000152 0.9904761
61.751640 4.0669622 -1.5149391 21.6584873 -0.0112382 -0.1364869 0.0001626 0.9905781
61.855290 4.0506206 -1.5144792 21.7158813 -0.0122282 -0.1357719 -0.0005091 0.9906645
62.062800 4.0185204 -1.5136962 21.8295898 -0.0140066 -0.1342844 -0.0031166 0.9908389
62.270350 3.9863343 -1.5119948 21.9434223 -0.0135254 -0.1327727 -0.0027014 0.9910505
62.477810 3.9552317 -1.5106070 22.0562725 -0.0160520 -0.1316994 -0.0016299 0.9911584
62.789040 3.9099860 -1.5081182 22.2242432 -0.0189368 -0.1301434 0.0008204 0.9913140
62.996620 3.8806672 -1.5057077 22.3345242 -0.0194595 -0.1294788 0.0036148 0.9913846
63.203960 3.8518238 -1.5036670 22.4425697 -0.0193781 -0.1295276 0.0070727 0.9913612
63.411420 3.8230071 -1.5015903 22.5503712 -0.0208010 -0.1296065 0.0081628 0.9913137
63.618820 3.7942805 -1.4993880 22.6568642 -0.0225103 -0.1299775 0.0077886 0.9912308
63.826160 3.7653546 -1.4967927 22.7624130 -0.0221121 -0.1302416 0.0080951 0.9912027
64.033590 3.7374005 -1.4941975 22.8668976 -0.0235219 -0.1308492 0.0084058 0.9910876
64.241030 3.7092562 -1.4915708 22.9700241 -0.0242697 -0.1315608 0.0090163 0.9909700
64.448610 3.6813397 -1.4888682 23.0717106 -0.0246190 -0.1318297 0.0072848 0.9909399
64.656230 3.6534433 -1.4858553 23.1718369 -0.0261620 -0.1316394 0.0061058 0.9909336
64.863720 3.6256557 -1.4824976 23.2718163 -0.0283216 -0.1316618 0.0049807 0.9908775
65.071210 3.5984745 -1.4785235 23.3706493 -0.0323299 -0.1326492 0.0051442 0.9906223
65.278910 3.5712705 -1.4741311 23.4684219 -0.0352957 -0.1346602 0.0063263 0.9902428
65.486120 3.5442772 -1.4689398 23.5647259 -0.0368387 -0.1364951 0.0077731 0.9899250
65.693560 3.5164790 -1.4636985 23.6602840 -0.0373366 -0.1378841 0.0083716 0.9897090
65.901040 3.4894638 -1.4581112 23.7546597 -0.0377285 -0.1377006 0.0081815 0.9897212
66.108530 3.4630637 -1.4534230 23.8472424 -0.0380874 -0.1367214 0.0113919 0.9898115
66.315950 3.4373231 -1.4480569 23.9380474 -0.0389812 -0.1360108 0.0121304 0.9898658
66.523350 3.4127865 -1.4434439 24.0258579 -0.0374717 -0.1356951 0.0126758 0.9899606
66.730790 3.3886595 -1.4390742 24.1103153 -0.0362834 -0.1347409 0.0124102 0.9901386
66.938300 3.3655715 -1.4350425 24.1931953 -0.0355785 -0.1339841 0.0130845 0.9902582
67.145890 3.3430371 -1.4309547 24.2757511 -0.0348444 -0.1323868 0.0144569 0.9904800
67.353460 3.3212075 -1.4271622 24.3576336 -0.0339728 -0.1281111 0.0148062 0.9910672
67.561050 3.3007164 -1.4230337 24.4398804 -0.0338574 -0.1195553 0.0132365 0.9921618
67.769210 3.2818246 -1.4188842 24.5226974 -0.0388310 -0.1064823 0.0101845 0.9935039
67.976670 3.2662392 -1.4135642 24.6057625 -0.0410211 -0.0887489 0.0095567 0.9951631
68.184680 3.2540674 -1.4084897 24.6892815 -0.0430244 -0.0664436 0.0063263 0.9968421
68.392670 3.2468581 -1.4028161 24.7734528 -0.0444747 -0.0407843 0.0058560 0.9981605
68.600540 3.2441139 -1.3970385 24.8567924 -0.0421791 -0.0137171 0.0062518 0.9989963
68.808420 3.2454579 -1.3915939 24.9405746 -0.0419275 0.0133551 0.0067395 0.9990087
69.016040 3.2519937 -1.3854487 25.0254230 -0.0428084 0.0395219 0.0088594 0.9982620
69.223670 3.2625639 -1.3793018 25.1102486 -0.0430648 0.0648793 0.0104402 0.9969088
69.431290 3.2778425 -1.3735332 25.1953983 -0.0428833 0.0901423 0.0114920 0.9949389
69.742460 3.3089356 -1.3643606 25.3237915 -0.0404694 0.1246141 0.0128046 0.9912969
69.950110 3.3339713 -1.3587794 25.4095364 -0.0398733 0.1442290 0.0132797 0.9886515
70.157430 3.3627014 -1.3527396 25.4958038 -0.0389683 0.1624133 0.0127153 0.9858710
70.364970 3.3947792 -1.3466197 25.5816174 -0.0382015 0.1807850 0.0133056 0.9826904
70.572360 3.4304657 -1.3415084 25.6674461 -0.0393379 0.1993162 0.0141672 0.9790428
70.779670 3.4701133 -1.3350732 25.7536144 -0.0395928 0.2170649 0.0140629 0.9752525
70.987040 3.5126157 -1.3292356 25.8380470 -0.0371241 0.2343335 0.0138324 0.9713487
71.194400 3.5581064 -1.3230301 25.9216614 -0.0354133 0.2525474 0.0103892 0.9668804
71.401990 3.6079235 -1.3175325 26.0039711 -0.0369116 0.2733065 0.0096141 0.9611705
71.609450 3.6618538 -1.3119438 26.0842991 -0.0387352 0.2959850 0.0094235 0.9543604
71.817050 3.7201967 -1.3061384 26.1614380 -0.0389299 0.3217072 0.0096580 0.9459893
72.024670 3.7827854 -1.3003221 26.2349205 -0.0381664 0.3474377 0.0109815 0.9368616
72.232060 3.8489323 -1.2944329 26.3048859 -0.0379833 0.3720759 0.0135863 0.9273253
72.439440 3.9175882 -1.2890619 26.3707047 -0.0372054 0.3940952 0.0142908 0.9182050
72.646700 3.9896221 -1.2832779 26.4344292 -0.0368003 0.4125375 0.0162484 0.9100519
72.854050 4.0651789 -1.2772233 26.4973698 -0.0383253 0.4300608 0.0164128 0.9018367
73.061450 4.1439419 -1.2709452 26.5565529 -0.0366867 0.4471598 0.0158878 0.8935602
73.268930 4.2273645 -1.2639593 26.6160431 -0.0412262 0.4651516 0.0175034 0.8840973
73.476410 4.3126354 -1.2564447 26.6702728 -0.0424670 0.4847609 0.0174438 0.8734410
73.683940 4.4006300 -1.2495724 26.7202854 -0.0409903 0.5054754 0.0181827 0.8616750
73.891550 4.4924755 -1.2423023 26.7663937 -0.0393678 0.5266781 0.0210751 0.8488912
74.099040 4.5882187 -1.2349979 26.8081436 -0.0384814 0.5479227 0.0231364 0.8353231
74.306540 4.6866388 -1.2282076 26.8454838 -0.0381643 0.5691478 0.0228906 0.8210300
74.514170 4.7894244 -1.2205566 26.8792133 -0.0377237 0.5904071 0.0206747 0.8059584
74.721470 4.8952127 -1.2132697 26.9081535 -0.0384640 0.6117730 0.0197358 0.7898511
74.928950 5.0040998 -1.2062728 26.9317436 -0.0376828 0.6332089 0.0205721 0.7727893
75.240090 5.1709995 -1.1954436 26.9554424 -0.0361183 0.6633850 0.0232392 0.7470447
75.447460 5.2857542 -1.1880934 26.9648209 -0.0345113 0.6821236 0.0230869 0.7300571
75.654690 5.4012108 -1.1802002 26.9691029 -0.0351349 0.7003877 0.0234733 0.7125108
75.862200 5.5201201 -1.1723032 26.9672985 -0.0366318 0.7175575 0.0246988 0.6950966
76.069540 5.6403255 -1.1639444 26.9592381 -0.0365694 0.7345804 0.0228872 0.6771488
76.276990 5.7611637 -1.1563941 26.9451866 -0.0355073 0.7514639 0.0221075 0.6584470
76.484350 5.8837214 -1.1482726 26.9253178 -0.0348501 0.7671010 0.0235737 0.6401452
76.691750 6.0016885 -1.1413680 26.8968430 -0.0313530 0.7803817 0.0238866 0.6240599
76.899070 6.1242852 -1.1340495 26.8673668 -0.0319538 0.7935619 0.0229439 0.6072167
77.210160 6.3053389 -1.1233941 26.8102894 -0.0305804 0.8125015 0.0177871 0.5818846
77.417440 6.4271588 -1.1173410 26.7659550 -0.0322851 0.8246247 0.0176648 0.5644817
77.624880 6.5465827 -1.1109849 26.7156010 -0.0329332 0.8351505 0.0177251 0.5487485
77.832140 6.6657948 -1.1057220 26.6619530 -0.0316058 0.8427002 0.0196161 0.5370964
77.935700 6.7252417 -1.1022156 26.6334858 -0.0291559 0.8452436 0.0196277 0.5332241
78.142930 6.8443332 -1.0969645 26.5747147 -0.0253463 0.8483704 0.0234553 0.5282755
78.246670 6.9047561 -1.0936905 26.5451031 -0.0238745 0.8493778 0.0254929 0.5266284
78.454020 7.0262284 -1.0869298 26.4849548 -0.0236398 0.8503761 0.0276552 0.5249159
78.557850 7.0872908 -1.0836697 26.4546337 -0.0246419 0.8505865 0.0285809 0.5244792
78.661450 7.1487236 -1.0797136 26.4245148 -0.0265960 0.8509631 0.0293679 0.5237290
78.765630 7.2100129 -1.0755256 26.3935795 -0.0274534 0.8511892 0.0308019 0.5232346
78.868800 7.2722855 -1.0712963 26.3628731 -0.0280174 0.8517150 0.0307271 0.5223528
78.972430 7.3340073 -1.0668410 26.3317242 -0.0270867 0.8519437 0.0297262 0.5220867
79.081780 7.3960400 -1.0625222 26.3000107 -0.0257874 0.8521737 0.0294113 0.5217949
79.179920 7.4575524 -1.0583850 26.2682610 -0.0243607 0.8523344 0.0295658 0.5215924
79.283570 7.5195594 -1.0545164 26.2371502 -0.0241756 0.8527551 0.0298908 0.5208942
79.387330 7.5811844 -1.0508753 26.2056637 -0.0248424 0.8529779 0.0307904 0.5204453
79.491080 7.6430192 -1.0463685 26.1741562 -0.0256193 0.8531595 0.0315995 0.5200616
79.594920 7.7048612 -1.0418544 26.1430931 -0.0263349 0.8536014 0.0322977 0.5192571
79.802330 7.8288059 -1.0326464 26.0794258 -0.0270717 0.8542175 0.0328053 0.5181732
79.906130 7.8918805 -1.0280482 26.0472908 -0.0269720 0.8544737 0.0329545 0.5177463
80.113430 8.0176506 -1.0187809 25.9818001 -0.0234169 0.8548298 0.0330166 0.5173272
80.321020 8.1459217 -1.0093055 25.9158936 -0.0242864 0.8547517 0.0341034 0.5173458
80.528440 8.2739172 -1.0002961 25.8493595 -0.0244188 0.8546376 0.0318785 0.5176697
80.632230 8.3384218 -0.9959035 25.8163147 -0.0233815 0.8544582 0.0301090 0.5181196
80.943530 8.5367107 -0.9828326 25.7141609 -0.0232766 0.8546324 0.0326141 0.5176852
81.047130 8.6032648 -0.9781054 25.6794529 -0.0235899 0.8545983 0.0325289 0.5177326
81.254550 8.7383976 -0.9685822 25.6101227 -0.0244164 0.8547949 0.0312451 0.5174489
81.358350 8.8064203 -0.9638743 25.5754204 -0.0249572 0.8549394 0.0314736 0.5171704
81.462060 8.8750591 -0.9591349 25.5399380 -0.0247708 0.8550539 0.0314182 0.5169933
81.565860 8.9437990 -0.9545939 25.5042057 -0.0241257 0.8551148 0.0312620 0.5169327
81.669620 9.0133495 -0.9498656 25.4683971 -0.0241332 0.8553076 0.0310128 0.5166281
81.773370 9.0829496 -0.9453990 25.4318104 -0.0236681 0.8553634 0.0312664 0.5165420
81.876950 9.1525068 -0.9407909 25.3956528 -0.0237971 0.8554503 0.0320955 0.5163414
81.980680 9.2224798 -0.9359818 25.3590717 -0.0245183 0.8554727 0.0324261 0.5162497
82.188180 9.3636332 -0.9257528 25.2858124 -0.0264622 0.8556529 0.0289511 0.5160617
82.395640 9.5061321 -0.9159493 25.2131596 -0.0306589 0.8560805 0.0269232 0.5152293
82.603060 9.6470947 -0.9066072 25.1389523 -0.0286902 0.8560340 0.0270434 0.5154136
82.810450 9.7899084 -0.8970201 25.0629425 -0.0252751 0.8557553 0.0295435 0.5159178
83.018010 9.9338846 -0.8883878 24.9877853 -0.0262683 0.8556314 0.0307460 0.5160035
83.225460 10.0765915 -0.8786260 24.9135246 -0.0270064 0.8555758 0.0303271 0.5160823
83.432930 10.2183590 -0.8695959 24.8391228 -0.0235928 0.8556845 0.0311250 0.5160219
83.536780 10.2897778 -0.8656253 24.8014088 -0.0220580 0.8553711 0.0314929 0.5165867
83.744180 10.4329185 -0.8559214 24.7280750 -0.0246717 0.8548477 0.0316996 0.5173218
83.847930 10.5047169 -0.8507477 24.6906872 -0.0268143 0.8544009 0.0334174 0.5178449
84.055580 10.6476088 -0.8408406 24.6181774 -0.0277302 0.8534065 0.0308324 0.5195938
84.262850 10.7895470 -0.8310576 24.5470829 -0.0267895 0.8524801 0.0286603 0.5212856
84.470300 10.9304419 -0.8223336 24.4768658 -0.0278297 0.8520375 0.0284540 0.5219654
84.677950 11.0716915 -0.8129013 24.4061852 -0.0281707 0.8519139 0.0292966 0.5221024
84.885450 11.2115545 -0.8033593 24.3360939 -0.0274655 0.8525410 0.0276052 0.5212077
84.989500 11.2828379 -0.7990033 24.3002625 -0.0262555 0.8530245 0.0271734 0.5205011
85.196770 11.4210052 -0.7906766 24.2291183 -0.0247730 0.8542809 0.0282533 0.5184516
85.404100 11.5581989 -0.7824877 24.1582794 -0.0258504 0.8559595 0.0299713 0.5155258
85.611430 11.6938400 -0.7727942 24.0868301 -0.0248411 0.8575770 0.0301836 0.5128680
85.922700 11.8955240 -0.7607853 23.9775677 -0.0223929 0.8599896 0.0290081 0.5089942
86.130110 12.0294647 -0.7531154 23.9048882 -0.0253468 0.8615497 0.0291402 0.5062020
86.337580 12.1584940 -0.7456071 23.8325882 -0.0272166 0.8627786 0.0290962 0.5040096
86.545010 12.2856140 -0.7377058 23.7628574 -0.0287027 0.8640173 0.0301536 0.5017380
86.752310 12.4077568 -0.7301345 23.6938419 -0.0301701 0.8649417 0.0287967 0.5001364
87.063460 12.5841455 -0.7191937 23.5945301 -0.0335657 0.8653750 0.0266074 0.4992910
87.270810 12.6966476 -0.7128251 23.5308495 -0.0344872 0.8640329 0.0263126 0.5015630
87.478210 12.8071976 -0.7057673 23.4698963 -0.0348201 0.8607545 0.0257132 0.5071766
87.685550 12.9149075 -0.6985495 23.4135780 -0.0347691 0.8545462 0.0253635 0.5175892
87.789170 12.9689217 -0.6950997 23.3871536 -0.0349873 0.8505761 0.0246141 0.5241091
87.996680 13.0762167 -0.6876714 23.3374863 -0.0365935 0.8412399 0.0213939 0.5389978
88.100300 13.1301775 -0.6845651 23.3148823 -0.0372613 0.8363710 0.0194831 0.5465488
88.307800 13.2387009 -0.6784416 23.2723408 -0.0377434 0.8258959 0.0165480 0.5623145
88.411430 13.2936230 -0.6755679 23.2521610 -0.0370572 0.8201395 0.0164928 0.5707241
88.618820 13.4045458 -0.6692272 23.2151299 -0.0384304 0.8080969 0.0169469 0.5875502
88.826180 13.5176964 -0.6623037 23.1836758 -0.0423571 0.7956523 0.0182132 0.6039964
88.929940 13.5744543 -0.6585901 23.1701775 -0.0452064 0.7893925 0.0170944 0.6119834
89.033680 13.6310730 -0.6548548 23.1577492 -0.0466314 0.7831510 0.0159163 0.6198764
89.241050 13.7459564 -0.6471098 23.1364288 -0.0493368 0.7701159 0.0134561 0.6358509
89.344810 13.8038521 -0.6427913 23.1271820 -0.0488475 0.7630708 0.0137739 0.6443192
89.552220 13.9196663 -0.6357655 23.1130466 -0.0452689 0.7471108 0.0134532 0.6630198
89.759570 14.0374279 -0.6279514 23.1042633 -0.0407842 0.7290549 0.0131689 0.6831121
89.966950 14.1559200 -0.6208789 23.1022949 -0.0405391 0.7094930 0.0134603 0.7034168
90.174320 14.2753544 -0.6142075 23.1079178 -0.0419929 0.6885312 0.0131737 0.7238701
90.381840 14.3963404 -0.6068261 23.1210804 -0.0461529 0.6663017 0.0121181 0.7441539
90.589300 14.5174208 -0.5988766 23.1418743 -0.0483257 0.6440385 0.0068687 0.7634343
90.796800 14.6387625 -0.5910766 23.1695518 -0.0490087 0.6219830 0.0031875 0.7814891
91.004300 14.7611265 -0.5829619 23.2041035 -0.0502719 0.5990548 0.0020466 0.7991257
91.211680 14.8827343 -0.5742433 23.2460785 -0.0522226 0.5758653 0.0034166 0.8158678
91.419180 15.0015488 -0.5652055 23.2949505 -0.0496204 0.5523205 0.0021072 0.8321511
91.626680 15.1202412 -0.5561364 23.3527203 -0.0523476 0.5301456 0.0010882 0.8462885
91.834060 15.2377644 -0.5461204 23.4159622 -0.0558206 0.5082787 0.0036136 0.8593740
92.041550 15.3533211 -0.5353973 23.4861374 -0.0576009 0.4872738 0.0032802 0.8713413
92.249180 15.4669495 -0.5239058 23.5620766 -0.0581845 0.4685238 0.0032161 0.8815269
92.456800 15.5801210 -0.5116239 23.6438789 -0.0599241 0.4529741 -0.0001401 0.8895075
92.664430 15.6919870 -0.4984846 23.7309380 -0.0615032 0.4402480 -0.0027253 0.8957631
92.872100 15.8017941 -0.4854674 23.8202858 -0.0610487 0.4290213 -0.0036378 0.9012217
93.079680 15.9108047 -0.4735887 23.9121704 -0.0580847 0.4187297 -0.0042732 0.9062413
93.287430 16.0165730 -0.4613996 24.0051537 -0.0586894 0.4122915 -0.0041274 0.9091503
93.495180 16.1228695 -0.4492340 24.1005001 -0.0606330 0.4087726 -0.0040228 0.9106110
93.806680 16.2815285 -0.4305668 24.2446499 -0.0618253 0.4046614 -0.0047183 0.9123620
94.014310 16.3884106 -0.4173758 24.3408794 -0.0590554 0.4024835 -0.0046418 0.9135086
94.325690 16.5447731 -0.4003317 24.4842663 -0.0575334 0.4021062 -0.0030975 0.9137784
94.533310 16.6465225 -0.3888459 24.5784836 -0.0596834 0.4053257 -0.0035534 0.9122151
94.844930 16.7947559 -0.3733349 24.7084084 -0.0615187 0.4143183 -0.0057533 0.9080324
95.052690 16.8922157 -0.3631706 24.7916489 -0.0597431 0.4239559 -0.0082668 0.9036724
95.364430 17.0367928 -0.3501170 24.9051247 -0.0548406 0.4421572 -0.0059812 0.8952395
95.676180 17.1773930 -0.3394599 25.0061340 -0.0487007 0.4623175 -0.0027771 0.8853717
95.988060 17.3122005 -0.3329344 25.0936909 -0.0329251 0.4846903 -0.0089082 0.8740206
96.300060 17.4436760 -0.3306570 25.1681290 -0.0300263 0.5134444 -0.0139425 0.8574840
96.508310 17.5317917 -0.3285502 25.2106667 -0.0318696 0.5380982 -0.0122931 0.8421897
96.820810 17.6635628 -0.3272573 25.2570229 -0.0246857 0.5836628 -0.0083044 0.8115783
97.029060 17.7529564 -0.3272874 25.2789688 -0.0154272 0.6162633 -0.0112169 0.7873092
97.237310 17.8456078 -0.3280064 25.2948570 -0.0116634 0.6488926 -0.0121058 0.7606943
97.445440 17.9405613 -0.3298751 25.3036251 -0.0153661 0.6803105 -0.0087827 0.7327102
97.653560 18.0323734 -0.3303073 25.3019447 -0.0137397 0.7117294 -0.0047671 0.7023032
97.861590 18.1258144 -0.3311968 25.2942333 -0.0118865 0.7417248 -0.0053621 0.6705775
97.965440 18.1711712 -0.3317016 25.2868576 -0.0088609 0.7551999 -0.0053158 0.6554131
98.069330 18.2169437 -0.3327075 25.2778683 -0.0048256 0.7671834 -0.0038675 0.6413981
98.276830 18.3086014 -0.3338608 25.2560749 -0.0031681 0.7869672 -0.0031914 0.6169785
98.484190 18.3989677 -0.3353719 25.2289753 -0.0031161 0.8012639 -0.0008840 0.5983024
98.691560 18.4889717 -0.3365525 25.1987514 -0.0012917 0.8120860 0.0007206 0.5835358
98.899080 18.5792961 -0.3378080 25.1644077 -0.0000011 0.8224264 0.0026967 0.5688652
99.106560 18.6691170 -0.3391100 25.1269531 0.0017227 0.8332770 0.0040876 0.5528380
99.314190 18.7583027 -0.3403939 25.0857487 -0.0000439 0.8466666 0.0030823 0.5321147
99.522160 18.8428040 -0.3421603 25.0392857 0.0018121 0.8615489 0.0014371 0.5076693
99.730070 18.9252644 -0.3435293 24.9865379 0.0009641 0.8787950 0.0011950 0.4771971
99.938070 19.0029411 -0.3454398 24.9271336 0.0027746 0.8972462 0.0056689 0.4414853
100.146100 19.0755901 -0.3465466 24.8611584 0.0050538 0.9150208 0.0058241 0.4033331
100.354100 19.1427555 -0.3477570 24.7897053 0.0071571 0.9313611 0.0069497 0.3639601
100.562100 19.1998043 -0.3485719 24.7148094 0.0091912 0.9458612 0.0097554 0.3242944
100.770000 19.2505417 -0.3497135 24.6370277 0.0115731 0.9578081 0.0110096 0.2869641
100.977600 19.2953453 -0.3503059 24.5563583 0.0145783 0.9669920 0.0089659 0.2542313
101.184900 19.3367443 -0.3514217 24.4727497 0.0174933 0.9741033 0.0082189 0.2252758
101.392300 19.3742256 -0.3515531 24.3854961 0.0186957 0.9802150 0.0097134 0.1968114
101.599800 19.4055786 -0.3516665 24.2960796 0.0206939 0.9854355 0.0119120 0.1683648
101.807200 19.4315395 -0.3519722 24.2047958 0.0222072 0.9901051 0.0134246 0.1379077
102.014700 19.4517212 -0.3525168 24.1123657 0.0241966 0.9941013 0.0104829 0.1052005
102.222200 19.4655380 -0.3516303 24.0176544 0.0266399 0.9969897 0.0127675 0.0716863
102.429800 19.4732456 -0.3508563 23.9207802 0.0263726 0.9987937 0.0168754 0.0378270
102.637400 19.4745426 -0.3493561 23.8229904 0.0264199 0.9995282 0.0151595 0.0039537
102.845000 19.4689827 -0.3475807 23.7227936 0.0276091 0.9991017 0.0144018 -0.0287412
103.156200 19.4489441 -0.3451819 23.5680218 0.0303179 0.9968928 0.0132949 -0.0714767
103.363600 19.4289513 -0.3434651 23.4625320 0.0314201 0.9950392 0.0122256 -0.0935959
103.571100 19.4053154 -0.3416141 23.3550606 0.0302585 0.9933129 0.0097893 -0.1109870
103.778400 19.3779182 -0.3399190 23.2448063 0.0285844 0.9916242 0.0100987 -0.1255483
103.985900 19.3470802 -0.3386275 23.1328964 0.0283216 0.9900590 0.0116729 -0.1372762
104.193200 19.3130608 -0.3365396 23.0181980 0.0307065 0.9890819 0.0122057 -0.1436149
104.400600 19.2783012 -0.3343896 22.9018097 0.0309542 0.9886932 0.0088457 -0.1464560
104.608100 19.2417679 -0.3325829 22.7825661 0.0326525 0.9883844 0.0087483 -0.1481673
104.919200 19.1850529 -0.3296881 22.5975037 0.0343338 0.9879923 0.0116355 -0.1501895
105.230400 19.1261940 -0.3268465 22.4075756 0.0335370 0.9876429 0.0099664 -0.1527658
105.541700 19.0642853 -0.3233798 22.2119503 0.0339630 0.9872302 0.0105626 -0.1552783
105.853200 19.0011730 -0.3198606 22.0129204 0.0355259 0.9867237 0.0107043 -0.1581132
106.164200 18.9358521 -0.3163614 21.8142262 0.0353972 0.9863222 0.0116182 -0.1605634
106.475500 18.8677063 -0.3131545 21.6095619 0.0341226 0.9859641 0.0113438 -0.1630390
106.786800 18.7984333 -0.3098525 21.4033566 0.0347462 0.9858488 0.0127279 -0.1635020
107.098100 18.7315941 -0.3070574 21.1973019 0.0304470 0.9867114 0.0115995 -0.1591822
107.409200 18.6681519 -0.3047674 20.9902229 0.0259040 0.9879729 0.0071250 -0.1522757
107.720700 18.6081619 -0.3047795 20.7808456 0.0188749 0.9895694 0.0060806 -0.1426852
108.031600 18.5528450 -0.3041354 20.5714626 0.0177491 0.9917170 0.0105736 -0.1267699
108.342700 18.5056801 -0.3033607 20.3598652 0.0193479 0.9943583 0.0081116 -0.1039779
108.550200 18.4818726 -0.3031600 20.2199364 0.0169400 0.9957709 0.0055880 -0.0901226
108.861500 18.4499664 -0.3037823 20.0073128 0.0184564 0.9973732 0.0079148 -0.0695944
109.069200 18.4338036 -0.3040485 19.8648109 0.0172480 0.9982632 0.0082406 -0.0557234
109.276700 18.4218330 -0.3039657 19.7212563 0.0135199 0.9989344 0.0108777 -0.0427669
109.380500 18.4173641 -0.3039248 19.6499367 0.0134147 0.9991838 0.0111690 -0.0364280
109.588000 18.4115696 -0.3038664 19.5070992 0.0118677 0.9995891 0.0110364 -0.0236408
109.795400 18.4085407 -0.3026741 19.3627243 0.0118227 0.9997942 0.0124710 -0.0107853
110.003000 18.4096737 -0.3020012 19.2197704 0.0112902 0.9998329 0.0142696 0.0017598
110.418100 18.4209766 -0.2997808 18.9339199 0.0132942 0.9995156 0.0109331 0.0259285
110.729500 18.4378147 -0.3007210 18.7185802 0.0118984 0.9989858 0.0099207 0.0422771
110.937100 18.4534245 -0.2997457 18.5756111 0.0112535 0.9985772 0.0078608 0.0515290
111.144800 18.4711876 -0.3006145 18.4335442 0.0106033 0.9980785 0.0079884 0.0605229
111.456200 18.5024300 -0.3022965 18.2226086 0.0083581 0.9972311 0.0104869 0.0731458
111.663700 18.5260296 -0.3016501 18.0841808 0.0072770 0.9966264 0.0101342 0.0811185
111.871200 18.5520306 -0.3018842 17.9465771 0.0057977 0.9960240 0.0112366 0.0881835
112.182300 18.5934639 -0.3010866 17.7400131 0.0046418 0.9950206 0.0133093 0.0986676
112.493600 18.6387653 -0.3010291 17.5406799 0.0040038 0.9939927 0.0091808 0.1089872
112.804900 18.6867161 -0.3021374 17.3489552 0.0049540 0.9928098 0.0058588 0.1194560
113.116300 18.7354851 -0.3061129 17.1703682 0.0061997 0.9914256 -0.0034614 0.1304796
113.323800 18.7679787 -0.3096408 17.0599709 0.0048469 0.9905473 -0.0136062 0.1364089
113.635300 18.8132095 -0.3201604 16.9080009 0.0045919 0.9895754 -0.0237444 0.1419706
113.843000 18.8412781 -0.3268942 16.8121586 0.0061336 0.9892642 -0.0290589 0.1430886
114.154700 18.8818531 -0.3367813 16.6692390 0.0118960 0.9901460 -0.0243880 0.1373848
114.571200 18.9248123 -0.3490320 16.4815063 0.0169622 0.9944202 -0.0204000 0.1021012
114.779700 18.9378338 -0.3542996 16.3877735 0.0195170 0.9972737 -0.0121307 0.0701226
115.092200 18.9428158 -0.3590469 16.2490540 0.0217978 0.9996977 -0.0048833 0.0102705
115.300700 18.9360962 -0.3611683 16.1578140 0.0243446 0.9991543 -0.0013604 -0.0331079
115.509500 18.9225597 -0.3623863 16.0673351 0.0218443 0.9966388 0.0014120 -0.0789430
115.717200 18.8989983 -0.3625202 15.9762917 0.0236431 0.9919552 0.0069591 -0.1241672
115.925200 18.8674755 -0.3621601 15.8863430 0.0218494 0.9851446 0.0109137 -0.1699815
116.133100 18.8276329 -0.3609105 15.7993393 0.0207806 0.9763415 0.0116783 -0.2149162
116.341000 18.7779541 -0.3588434 15.7147675 0.0243852 0.9659135 0.0122493 -0.2574229
116.548600 18.7206459 -0.3566379 15.6322803 0.0277623 0.9549021 0.0127938 -0.2953433
116.756100 18.6563568 -0.3544992 15.5512714 0.0305368 0.9443260 0.0112023 -0.3273995
116.963400 18.5845566 -0.3509099 15.4718390 0.0345380 0.9352102 0.0075748 -0.3523231
117.170600 18.5079517 -0.3476767 15.3914948 0.0371780 0.9280500 0.0057554 -0.3705508
117.377900 18.4254780 -0.3445296 15.3099604 0.0379528 0.9220715 0.0048336 -0.3851237
117.585200 18.3375778 -0.3405329 15.2270336 0.0384948 0.9167229 0.0036128 -0.3976483
117.792500 18.2438755 -0.3373626 15.1420956 0.0406292 0.9137133 0.0028943 -0.4043130
117.999600 18.1463642 -0.3333576 15.0529203 0.0432086 0.9144989 0.0028546 -0.4022643
118.207000 18.0473061 -0.3295631 14.9586926 0.0404326 0.9162666 0.0046053 -0.3984965
118.414300 17.9451447 -0.3254902 14.8608637 0.0379852 0.9169620 0.0048998 -0.3971319
118.725500 17.7872295 -0.3201862 14.7097931 0.0372971 0.9178547 0.0046718 -0.3951326
118.932800 17.6790352 -0.3159049 14.6043549 0.0361380 0.9184972 0.0046463 -0.3937453
119.244200 17.5131664 -0.3114632 14.4428139 0.0344118 0.9197056 0.0019503 -0.3910930
119.555300 17.3440113 -0.3081760 14.2767019 0.0319550 0.9211360 -0.0006281 -0.3879264
119.866500 17.1742287 -0.3062495 14.1060743 0.0331379 0.9227516 0.0017902 -0.3839638
120.177500 17.0054092 -0.3030356 13.9310837 0.0334106 0.9258742 0.0049950 -0.3763187
120.592200 16.7821426 -0.2979026 13.6916370 0.0344040 0.9321250 0.0027063 -0.3604885
120.903200 16.6238728 -0.2959701 13.5056658 0.0367278 0.9396786 -0.0009127 -0.3400799
121.214100 16.4735298 -0.2949373 13.3106480 0.0336841 0.9478099 -0.0011857 -0.3170493
121.421600 16.3785305 -0.2940084 13.1757221 0.0323334 0.9519711 0.0013361 -0.3044731
121.629100 16.2863617 -0.2929938 13.0386820 0.0313479 0.9559217 0.0025032 -0.2919327
121.836600 16.1962280 -0.2923767 12.8978529 0.0313855 0.9595596 0.0010725 -0.2797485
122.044100 16.1097832 -0.2922697 12.7544670 0.0309806 0.9630587 -0.0007238 -0.2675026
122.251600 16.0259514 -0.2929060 12.6083002 0.0319435 0.9661548 -0.0023339 -0.2559668
122.459200 15.9437160 -0.2936324 12.4591465 0.0346804 0.9683812 -0.0009565 -0.2470510
122.666800 15.8627796 -0.2934954 12.3077288 0.0353192 0.9698411 -0.0014166 -0.2411612
122.874600 15.7833862 -0.2936530 12.1524677 0.0338430 0.9703891 -0.0001349 -0.2391646
123.082400 15.7020359 -0.2935528 11.9977646 0.0324816 0.9708455 -0.0012738 -0.2374919
123.290000 15.6215954 -0.2934852 11.8414440 0.0333248 0.9714938 -0.0019603 -0.2347026
123.497600 15.5413208 -0.2937796 11.6825466 0.0367937 0.9721806 -0.0004328 -0.2313243
123.705300 15.4603109 -0.2944310 11.5218973 0.0382824 0.9727979 -0.0043042 -0.2284296
123.913000 15.3795929 -0.2948057 11.3587341 0.0390460 0.9730057 -0.0039025 -0.2274205
124.120500 15.2959614 -0.2945808 11.1928940 0.0417809 0.9731636 0.0002151 -0.2262895
124.328100 15.2138891 -0.2933480 11.0268097 0.0465696 0.9728665 -0.0016024 -0.2266261
124.431900 15.1726074 -0.2928104 10.9432955 0.0476209 0.9727312 -0.0032264 -0.2269711
124.639300 15.0902758 -0.2922078 10.7748451 0.0472737 0.9724345 -0.0024914 -0.2283203
124.846800 15.0062714 -0.2915871 10.6037941 0.0417125 0.9719695 -0.0006247 -0.2313762
125.054300 14.9208317 -0.2910149 10.4317055 0.0354187 0.9708124 0.0024021 -0.2371983
125.262000 14.8323002 -0.2895666 10.2605476 0.0316507 0.9691982 0.0007553 -0.2442385
125.365700 14.7861109 -0.2887798 10.1756382 0.0307039 0.9682661 0.0004254 -0.2480281
125.573100 14.6910324 -0.2876725 10.0053129 0.0341433 0.9660459 0.0025886 -0.2560914
125.780600 14.5914974 -0.2863520 9.8372669 0.0393669 0.9636710 0.0005647 -0.2641743
125.988000 14.4893856 -0.2845977 9.6694860 0.0406920 0.9616080 -0.0032261 -0.2713740
126.195500 14.3831758 -0.2827910 9.4990845 0.0420334 0.9594372 0.0007233 -0.2787705
126.403000 14.2743616 -0.2793680 9.3295603 0.0474118 0.9575775 0.0020332 -0.2842416
126.610300 14.1633110 -0.2774245 9.1615105 0.0490654 0.9567660 -0.0022806 -0.2866814
126.817800 14.0535431 -0.2760642 8.9916267 0.0450504 0.9563233 -0.0006452 -0.2888179
126.921600 13.9986019 -0.2751417 8.9065437 0.0418521 0.9562390 0.0006927 -0.2895772
127.129000 13.8856630 -0.2731522 8.7356558 0.0417481 0.9559565 0.0026877 -0.2905119
127.336500 13.7712603 -0.2707690 8.5661135 0.0422168 0.9560172 0.0030767 -0.2902403
127.543900 13.6564636 -0.2686681 8.3936491 0.0408409 0.9561552 0.0033494 -0.2899795
127.751200 13.5417528 -0.2661288 8.2195892 0.0398837 0.9557877 0.0047013 -0.2913023
127.855000 13.4828081 -0.2647309 8.1324224 0.0401731 0.9555342 0.0059253 -0.2920708
128.062200 13.3658438 -0.2610562 7.9581599 0.0410969 0.9550402 0.0048095 -0.2935749
128.166000 13.3054695 -0.2594178 7.8694582 0.0407299 0.9549025 0.0046847 -0.2940755
128.269700 13.2461872 -0.2574581 7.7806849 0.0396831 0.9548131 0.0052903 -0.2944983
128.373300 13.1862240 -0.2555442 7.6919975 0.0393875 0.9548064 0.0060885 -0.2945442
128.477100 13.1264133 -0.2536493 7.6033025 0.0399916 0.9548482 0.0062541 -0.2943240
128.580700 13.0662098 -0.2514711 7.5151386 0.0410387 0.9549459 0.0055386 -0.2938768
128.684500 13.0063686 -0.2495452 7.4251275 0.0412588 0.9549575 0.0045558 -0.2938249
128.788200 12.9463692 -0.2480515 7.3359723 0.0410274 0.9550463 0.0045203 -0.2935692
128.891800 12.8851681 -0.2457508 7.2454138 0.0405288 0.9551358 0.0045893 -0.2933460
128.995500 12.8246822 -0.2440530 7.1551266 0.0401763 0.9551843 0.0052059 -0.2932263
129.099100 12.7644367 -0.2425148 7.0650177 0.0402525 0.9552377 0.0053024 -0.2930402
129.202800 12.7038927 -0.2409633 6.9741387 0.0401160 0.9552923 0.0052716 -0.2928814
129.410300 12.5829620 -0.2380316 6.7936506 0.0402824 0.9553181 0.0042378 -0.2927912
129.514100 12.5222740 -0.2364292 6.7023287 0.0405579 0.9552237 0.0041236 -0.2930628
129.721600 12.3993807 -0.2328838 6.5208373 0.0416765 0.9552606 0.0046048 -0.2927782
129.825300 12.3374891 -0.2313399 6.4299536 0.0426533 0.9552724 0.0047163 -0.2925971
130.032700 12.2137194 -0.2274843 6.2480345 0.0454580 0.9550489 0.0028157 -0.2929289
130.136500 12.1522141 -0.2257257 6.1561642 0.0459099 0.9548963 0.0014162 -0.2933654
130.240200 12.0900946 -0.2240929 6.0650716 0.0462705 0.9547490 0.0014308 -0.2937877
130.343800 12.0293369 -0.2225738 5.9737558 0.0449817 0.9544876 0.0022612 -0.2948303
130.447600 11.9673338 -0.2206526 5.8815489 0.0435602 0.9541087 0.0030288 -0.2962600
130.551300 11.9050293 -0.2188590 5.7894001 0.0419556 0.9537773 0.0045705 -0.2975362
130.655000 11.8416529 -0.2167848 5.6975441 0.0429844 0.9532947 0.0054886 -0.2989171
130.758700 11.7786617 -0.2149515 5.6058569 0.0424258 0.9530067 0.0052819 -0.2999171
130.862500 11.7149267 -0.2130385 5.5150146 0.0422461 0.9526728 0.0041298 -0.3010193
130.966100 11.6516581 -0.2113315 5.4238310 0.0414964 0.9524590 0.0037958 -0.3018036
131.070000 11.5877848 -0.2097351 5.3326111 0.0410372 0.9522655 0.0036218 -0.3024785
131.173700 11.5231428 -0.2077174 5.2414684 0.0415582 0.9521013 0.0039697 -0.3029197
131.277500 11.4585590 -0.2053267 5.1501141 0.0430998 0.9518823 0.0050543 -0.3033759
131.381100 11.3935528 -0.2031041 5.0589066 0.0441638 0.9517826 0.0053945 -0.3035298
131.484800 11.3289309 -0.2007982 4.9676805 0.0452766 0.9516026 0.0047500 -0.3039406
131.588500 11.2637463 -0.1986000 4.8765860 0.0461193 0.9514791 0.0047091 -0.3042013
131.796000 11.1338406 -0.1934585 4.6945438 0.0483984 0.9513508 0.0053289 -0.3042382
132.003300 11.0051785 -0.1887958 4.5124426 0.0488741 0.9513944 0.0039732 -0.3040463
132.210600 10.8761959 -0.1847066 4.3302598 0.0473574 0.9518030 0.0044844 -0.3029987
132.418000 10.7479849 -0.1808060 4.1471596 0.0465325 0.9522991 0.0055748 -0.3015462
132.625500 10.6225138 -0.1762024 3.9642015 0.0455208 0.9528533 0.0059712 -0.2999380
132.936500 10.4354477 -0.1709373 3.6903594 0.0396333 0.9540967 0.0038544 -0.2968397
133.143700 10.3115406 -0.1676802 3.5065300 0.0383838 0.9548930 0.0064489 -0.2943884
133.351100 10.1903181 -0.1647761 3.3244071 0.0396103 0.9556289 0.0069946 -0.2918141
133.558600 10.0690212 -0.1617163 3.1415162 0.0423088 0.9564915 0.0073581 -0.2885823
133.869700 9.8898830 -0.1547861 2.8639221 0.0440873 0.9587191 0.0061740 -0.2808485
134.077100 9.7735996 -0.1517180 2.6765158 0.0412870 0.9607998 0.0040496 -0.2741216
134.284500 9.6595821 -0.1492254 2.4864151 0.0393200 0.9627450 0.0053657 -0.2674833
134.388200 9.6037903 -0.1476947 2.3911901 0.0380819 0.9637683 0.0062242 -0.2639350
134.491900 9.5480719 -0.1465037 2.2955897 0.0393830 0.9645872 0.0074672 -0.2607005
134.595600 9.4936390 -0.1446145 2.1999738 0.0383410 0.9655194 0.0058201 -0.2574263
134.699300 9.4404659 -0.1433489 2.1046143 0.0380775 0.9662865 0.0045691 -0.2545971
134.803100 9.3875570 -0.1422390 2.0092852 0.0385410 0.9668947 0.0039816 -0.2522169
134.906900 9.3350086 -0.1408176 1.9131763 0.0388207 0.9674099 0.0047250 -0.2501774
135.010600 9.2824965 -0.1398342 1.8170645 0.0402277 0.9678001 0.0050349 -0.2484339
135.114300 9.2298012 -0.1384487 1.7208860 0.0411382 0.9681287 0.0055483 -0.2469893
135.218100 9.1777258 -0.1376174 1.6242046 0.0415584 0.9683761 0.0043939 -0.2459701
135.425700 9.0739193 -0.1354916 1.4298906 0.0405092 0.9690291 0.0027584 -0.2435858
135.633100 8.9720993 -0.1338928 1.2351718 0.0392519 0.9697158 0.0042002 -0.2410246
135.840600 8.8720894 -0.1320863 1.0409281 0.0386897 0.9703313 0.0048314 -0.2386146
136.151600 8.7212763 -0.1282987 0.7472842 0.0416385 0.9711719 0.0033753 -0.2346911
136.359000 8.6220798 -0.1288156 0.5511715 0.0415576 0.9716555 0.0023107 -0.2327084
136.670200 8.4734240 -0.1255023 0.2527544 0.0364981 0.9723475 0.0064928 -0.2305777
136.981400 8.3262444 -0.1219031 -0.0489671 0.0361594 0.9726095 0.0068924 -0.2295120
137.292500 8.1802883 -0.1188776 -0.3483608 0.0358220 0.9728714 0.0040558 -0.2285203
137.500000 8.0836039 -0.1185374 -0.5483270 0.0347091 0.9731096 0.0045826 -0.2276665
137.811000 7.9373727 -0.1154738 -0.8494284 0.0343205 0.9736924 0.0044340 -0.2252236
138.018400 7.8404665 -0.1144307 -1.0509903 0.0357607 0.9739584 0.0033990 -0.2238631
138.122100 7.7918339 -0.1135097 -1.1519437 0.0363410 0.9740539 0.0020203 -0.2233701
138.329600 7.6938353 -0.1136397 -1.3546473 0.0373032 0.9740359 0.0018022 -0.2232918
138.433400 7.6459341 -0.1129359 -1.4554560 0.0365890 0.9737552 0.0015048 -0.2246327
138.641000 7.5486069 -0.1136039 -1.6552176 0.0346475 0.9728658 0.0034223 -0.2287357
138.848500 7.4487748 -0.1117969 -1.8556638 0.0330584 0.9714085 0.0060025 -0.2350249
139.056000 7.3463621 -0.1101008 -2.0525324 0.0323213 0.9694521 0.0081475 -0.2430052
139.263600 7.2402506 -0.1074231 -2.2480183 0.0293683 0.9671042 0.0067990 -0.2525881
139.367400 7.1850986 -0.1065838 -2.3450599 0.0281698 0.9658408 0.0071625 -0.2575008
139.574900 7.0725508 -0.1050581 -2.5376666 0.0278400 0.9630376 0.0076738 -0.2678148
139.678500 7.0152230 -0.1033224 -2.6324854 0.0281603 0.9615618 0.0079337 -0.2730255
139.886000 6.8957376 -0.1012883 -2.8193254 0.0295751 0.9585835 0.0077189 -0.2831669
140.093500 6.7718201 -0.0981806 -3.0048587 0.0318778 0.9550856 0.0063218 -0.2945425
140.197100 6.7084718 -0.0974030 -3.0967121 0.0341724 0.9531669 0.0060861 -0.3004464
140.404600 6.5767055 -0.0940555 -3.2788136 0.0378658 0.9492986 0.0073603 -0.3120002
140.612000 6.4414263 -0.0897201 -3.4562654 0.0394148 0.9457929 0.0055687 -0.3223215
140.715600 6.3727107 -0.0873403 -3.5444272 0.0396395 0.9442336 0.0042018 -0.3268547
140.923100 6.2317019 -0.0833455 -3.7207551 0.0415890 0.9417400 0.0020593 -0.3337541
141.130500 6.0886297 -0.0812326 -3.8936265 0.0452939 0.9395224 0.0019069 -0.3394736
141.338000 5.9448471 -0.0771693 -4.0673809 0.0455655 0.9370882 0.0006167 -0.3461056
141.545500 5.7989311 -0.0740359 -4.2373996 0.0448892 0.9352625 0.0007484 -0.3510961
141.752900 5.6482344 -0.0696592 -4.4085579 0.0450543 0.9336187 0.0035490 -0.3554063
141.960200 5.4976964 -0.0649679 -4.5784554 0.0425913 0.9324691 0.0028782 -0.3587187
142.167700 5.3442302 -0.0607303 -4.7485294 0.0426877 0.9305648 0.0061389 -0.3635785
142.375400 5.1871748 -0.0495884 -4.9146857 0.0446300 0.9277615 0.0032154 -0.3704813
142.582700 5.0244241 -0.0453107 -5.0807719 0.0457379 0.9247853 0.0016427 -0.3777267
142.686500 4.9448118 -0.0432232 -5.1633544 0.0458085 0.9237799 0.0017631 -0.3801699
142.893700 4.7818594 -0.0377580 -5.3272767 0.0461947 0.9225896 0.0030780 -0.3829948
143.101100 4.6186681 -0.0326100 -5.4898252 0.0455130 0.9223325 0.0043046 -0.3836833
143.308500 4.4575853 -0.0270909 -5.6522021 0.0450987 0.9229795 0.0055848 -0.3821568
143.412100 4.3789902 -0.0246938 -5.7321520 0.0452254 0.9233805 0.0055673 -0.3811720
143.619600 4.2188315 -0.0186307 -5.8944283 0.0414913 0.9241303 0.0015814 -0.3798147
143.827000 4.0623913 -0.0156652 -6.0549073 0.0436501 0.9243074 0.0005975 -0.3791439
144.034400 3.9015164 -0.0113521 -6.2184424 0.0468890 0.9244315 0.0012370 -0.3784525
144.241700 3.7434177 -0.0070721 -6.3813438 0.0454126 0.9242738 0.0008388 -0.3790184
144.449100 3.5847483 -0.0019569 -6.5446472 0.0433511 0.9239820 0.0008817 -0.3799700
144.656500 3.4226918 0.0016101 -6.7093396 0.0436136 0.9235293 0.0025594 -0.3810313
144.864000 3.2617419 0.0059269 -6.8722296 0.0428580 0.9228451 0.0032307 -0.3827658
145.071600 3.0988338 0.0113425 -7.0343151 0.0423173 0.9217559 0.0022806 -0.3854481
145.279100 2.9360685 0.0158777 -7.1958246 0.0423658 0.9206782 0.0038618 -0.3879972
145.486600 2.7697244 0.0213844 -7.3583803 0.0417043 0.9198042 0.0051948 -0.3901206
145.694000 2.6018910 0.0275583 -7.5212412 0.0425541 0.9189928 0.0051234 -0.3919378
145.901400 2.4342365 0.0323721 -7.6821957 0.0432515 0.9184388 0.0036418 -0.3931746
146.108800 2.2649286 0.0381127 -7.8446207 0.0430018 0.9182253 0.0052601 -0.3936818
146.316100 2.0956912 0.0439287 -8.0079212 0.0402357 0.9180909 0.0068112 -0.3942637
146.419900 2.0094512 0.0466988 -8.0898647 0.0403069 0.9180389 0.0077214 -0.3943606
146.627200 1.8425925 0.0526981 -8.2504883 0.0429174 0.9179510 0.0044978 -0.3943397
146.730900 1.7572379 0.0555719 -8.3313036 0.0412708 0.9182153 0.0006805 -0.3939251
146.938400 1.5876174 0.0589812 -8.4947348 0.0399786 0.9184057 0.0040665 -0.3935940
147.042000 1.5040596 0.0619930 -8.5757446 0.0405372 0.9184672 0.0047360 -0.3933858
147.249400 1.3345678 0.0669244 -8.7381554 0.0426032 0.9185457 0.0033209 -0.3929983
147.456900 1.1645656 0.0714018 -8.9001350 0.0454252 0.9184918 0.0025264 -0.3928141
147.664300 0.9959898 0.0754222 -9.0614281 0.0454022 0.9187165 0.0014932 -0.3922961
147.768000 0.9117618 0.0775119 -9.1425819 0.0456518 0.9188876 0.0023376 -0.3918622
147.975500 0.7437420 0.0823782 -9.3063736 0.0429652 0.9192138 0.0034844 -0.3913921
148.183000 0.5770350 0.0873826 -9.4691219 0.0416159 0.9194641 0.0054393 -0.3909276
148.390400 0.4099689 0.0934371 -9.6322098 0.0415739 0.9197498 0.0042905 -0.3902736
148.597900 0.2420955 0.0989185 -9.7958851 0.0397201 0.9201938 0.0027379 -0.3894332
148.805400 0.0763454 0.1026284 -9.9577465 0.0386709 0.9205498 0.0031257 -0.3886937
149.012800 -0.0879722 0.1060705 -10.1209946 0.0383115 0.9207267 0.0045619 -0.3882959
149.116400 -0.1722250 0.1079980 -10.2025909 0.0397609 0.9208136 0.0046006 -0.3879437
149.323900 -0.3391476 0.1127560 -10.3667088 0.0359034 0.9211618 0.0045134 -0.3874940
149.427500 -0.4214921 0.1146145 -10.4492760 0.0323373 0.9213746 0.0051220 -0.3872943
149.634900 -0.5888391 0.1192173 -10.6155720 0.0334358 0.9214300 0.0078451 -0.3870236
149.738600 -0.6717415 0.1213364 -10.6978207 0.0333376 0.9216493 0.0066488 -0.3865319
149.946100 -0.8378353 0.1255745 -10.8632526 0.0327811 0.9216869 0.0067864 -0.3864876
150.049700 -0.9209967 0.1280059 -10.9464722 0.0321436 0.9217291 0.0073441 -0.3864301
150.257200 -1.0877256 0.1320220 -11.1115532 0.0322418 0.9219769 0.0056388 -0.3858592
150.361000 -1.1707973 0.1338281 -11.1943226 0.0328037 0.9220505 0.0047390 -0.3856479
150.464700 -1.2544360 0.1356502 -11.2772732 0.0340013 0.9221225 0.0047020 -0.3853723
150.568400 -1.3377833 0.1374965 -11.3605423 0.0338680 0.9223213 0.0055955 -0.3848961
150.672100 -1.4212394 0.1395855 -11.4435635 0.0340190 0.9224405 0.0053358 -0.3846006
150.775700 -1.5026717 0.1411335 -11.5266247 0.0324068 0.9226694 0.0057689 -0.3841846
150.879500 -1.5855393 0.1426766 -11.6101780 0.0312933 0.9227951 0.0049118 -0.3839868
151.086900 -1.7498474 0.1457029 -11.7767267 0.0283113 0.9229089 0.0049802 -0.3839437
151.190500 -1.8315444 0.1475350 -11.8602657 0.0267033 0.9229504 0.0051753 -0.3839565
151.294200 -1.9132972 0.1487492 -11.9414940 0.0269525 0.9230614 0.0052097 -0.3836720
151.398000 -1.9946399 0.1499015 -12.0242405 0.0263752 0.9231802 0.0044684 -0.3834353
151.501800 -2.0758505 0.1510211 -12.1056175 0.0259774 0.9233305 0.0032293 -0.3831128
151.709100 -2.2380314 0.1530072 -12.2703266 0.0256814 0.9233703 0.0021882 -0.3830444
151.916600 -2.4002953 0.1541965 -12.4341774 0.0228787 0.9234728 0.0003024 -0.3829809
152.124100 -2.5595217 0.1543279 -12.5971909 0.0173305 0.9233866 -0.0006585 -0.3834792
152.331500 -2.7185268 0.1524228 -12.7594776 0.0147113 0.9233584 0.0019314 -0.3836523
152.538900 -2.8755932 0.1520147 -12.9181061 0.0154313 0.9240043 0.0029372 -0.3820592
152.746200 -3.0309124 0.1498579 -13.0769224 0.0155038 0.9248740 -0.0035736 -0.3799407
152.953500 -3.1859632 0.1470225 -13.2348118 0.0226517 0.9259259 -0.0050309 -0.3769919
153.160900 -3.3378887 0.1451209 -13.3928776 0.0243952 0.9274402 -0.0033191 -0.3731603
153.368200 -3.4845672 0.1432808 -13.5504971 0.0213645 0.9286174 -0.0022366 -0.3704164
153.575600 -3.6273365 0.1394715 -13.7022247 0.0227898 0.9298264 -0.0078798 -0.3672076
153.783100 -3.7658134 0.1359123 -13.8533087 0.0216164 0.9307094 -0.0078074 -0.3650368
153.990500 -3.8968654 0.1308225 -13.9988365 0.0139202 0.9314167 -0.0066371 -0.3636276
154.301600 -4.0834351 0.1246698 -14.2094536 0.0050291 0.9322670 0.0001588 -0.3617360
154.613000 -4.2524519 0.1173337 -14.4032154 -0.0106580 0.9316133 0.0033685 -0.3632791
154.820700 -4.3578372 0.1135130 -14.5218697 -0.0193570 0.9288136 0.0094425 -0.3699207
155.132600 -4.5077596 0.1083490 -14.6808729 -0.0335183 0.9208341 0.0120596 -0.3883241
155.444800 -4.6480703 0.1029910 -14.8127632 -0.0433438 0.9070201 0.0139140 -0.4186195
155.757200 -4.7856641 0.0953689 -14.9178886 -0.0447510 0.8839782 0.0159488 -0.4651080
156.069600 -4.9194813 0.0883316 -14.9940605 0.0456246 -0.8538326 -0.0139713 0.5183561
156.382000 -5.0520720 0.0805286 -15.0462484 0.0350478 -0.8176166 -0.0130814 0.5745465
156.590200 -5.1427135 0.0765851 -15.0686855 0.0290668 -0.7860648 -0.0186330 0.6171791
156.798600 -5.2318783 0.0733739 -15.0787888 0.0209979 -0.7478597 -0.0222809 0.6631505
157.110900 -5.3614998 0.0712796 -15.0731516 0.0155281 -0.6863452 -0.0243175 0.7267035
157.422700 -5.4857378 0.0689199 -15.0461578 0.0150019 -0.6210268 -0.0246209 0.7832589
157.630500 -5.5654159 0.0677434 -15.0166130 0.0167530 -0.5752853 -0.0243141 0.8174198
157.838200 -5.6420298 0.0655007 -14.9786549 0.0199630 -0.5276374 -0.0245825 0.8488792
158.045900 -5.7143192 0.0637139 -14.9299774 0.0188414 -0.4789172 -0.0257086 0.8772812
158.253500 -5.7839098 0.0606056 -14.8717279 0.0151118 -0.4289266 -0.0272445 0.9028019
158.461100 -5.8494396 0.0585316 -14.8045177 0.0142099 -0.3789639 -0.0288745 0.9248517
158.668600 -5.9092379 0.0570546 -14.7281799 0.0160393 -0.3301172 -0.0278401 0.9433930
158.876100 -5.9627013 0.0546912 -14.6425180 0.0162659 -0.2823674 -0.0250889 0.9588403
159.083500 -6.0098028 0.0515264 -14.5479679 0.0155695 -0.2359150 -0.0218525 0.9714032
159.290900 -6.0498810 0.0477771 -14.4468012 0.0144767 -0.1928144 -0.0189977 0.9809445
159.394500 -6.0675507 0.0455890 -14.3940592 0.0146397 -0.1733085 -0.0185304 0.9845844
159.498100 -6.0838270 0.0438246 -14.3394136 0.0154638 -0.1557279 -0.0174379 0.9875250
159.601700 -6.0986772 0.0415543 -14.2832050 0.0163974 -0.1400338 -0.0156128 0.9898878
159.808900 -6.1243005 0.0363257 -14.1667643 0.0190254 -0.1130992 -0.0124924 0.9933230
160.016100 -6.1484528 0.0311428 -14.0450602 0.0202309 -0.0923321 -0.0105277 0.9954671
160.223400 -6.1670609 0.0247687 -13.9185104 0.0187533 -0.0786884 -0.0076166 0.9966937
160.430500 -6.1858177 0.0185218 -13.7869940 0.0163927 -0.0712671 -0.0041075 0.9973141
160.637900 -6.2044678 0.0135664 -13.6509295 0.0136189 -0.0676473 -0.0021183 0.9976141
160.845200 -6.2236276 0.0082147 -13.5107489 0.0138707 -0.0664655 -0.0025512 0.9976891
161.052600 -6.2417755 0.0032030 -13.3672104 0.0126750 -0.0651847 -0.0002219 0.9977927
161.260100 -6.2618461 -0.0018374 -13.2198219 0.0114482 -0.0638214 -0.0006445 0.9978955
161.467500 -6.2798948 -0.0059415 -13.0697117 0.0107411 -0.0627881 0.0013279 0.9979682
161.778800 -6.3065095 -0.0124817 -12.8375654 0.0068759 -0.0607203 0.0048370 0.9981194
161.986200 -6.3234682 -0.0159108 -12.6832638 0.0065448 -0.0597064 0.0078503 0.9981636
162.193600 -6.3414283 -0.0205255 -12.5307379 0.0039016 -0.0584066 0.0100453 0.9982347
162.401000 -6.3594570 -0.0241123 -12.3805456 -0.0001510 -0.0575392 0.0115377 0.9982766
162.608400 -6.3766146 -0.0268961 -12.2341499 -0.0001309 -0.0584293 0.0125492 0.9982126
162.815900 -6.3950844 -0.0305173 -12.0920572 0.0027167 -0.0602944 0.0116428 0.9981090
163.023300 -6.4131355 -0.0330675 -11.9530983 0.0024222 -0.0630928 0.0088719 0.9979653
163.230800 -6.4313588 -0.0362964 -11.8166142 -0.0036697 -0.0661523 0.0090265 0.9977620
163.438300 -6.4513016 -0.0386203 -11.6853361 -0.0021664 -0.0699708 0.0062464 0.9975271
163.645800 -6.4717813 -0.0401692 -11.5563202 -0.0054609 -0.0749115 0.0048733 0.9971633
163.853300 -6.4930878 -0.0417906 -11.4289742 -0.0090442 -0.0816878 0.0054157 0.9966022
164.060600 -6.5165038 -0.0413321 -11.3029299 -0.0032485 -0.0913111 0.0063942 0.9957966
164.268100 -6.5422812 -0.0419605 -11.1777601 -0.0022790 -0.1024748 0.0081443 0.9946997
164.475600 -6.5719986 -0.0433728 -11.0498877 -0.0054596 -0.1137560 0.0090945 0.9934521
164.683000 -6.6052551 -0.0443745 -10.9219379 -0.0048722 -0.1251509 0.0083775 0.9920904
164.786700 -6.6227312 -0.0446657 -10.8590565 -0.0023484 -0.1305761 0.0084517 0.9913995
164.994400 -6.6610498 -0.0459567 -10.7329674 0.0013919 -0.1403733 0.0104120 0.9900429
