0.000000 -0.8583954 0.0045000 -0.8010992 -0.0025321 -0.0048080 0.0008289 0.9999849
0.312729 -0.8594891 0.0032733 -0.7281649 -0.0007061 -0.0070880 0.0022517 0.9999721
0.416979 -0.8598931 0.0029089 -0.7037261 0.0001304 -0.0080757 0.0032432 0.9999621
0.521227 -0.8603200 0.0026027 -0.6796077 0.0012046 -0.0088832 0.0044516 0.9999499
0.625476 -0.8610324 0.0021904 -0.6548041 0.0014989 -0.0095013 0.0050676 0.9999409
0.729727 -0.8615648 0.0018657 -0.6295837 0.0013011 -0.0103476 0.0050639 0.9999328
0.833976 -0.8623569 0.0011845 -0.6041565 0.0013351 -0.0108572 0.0053563 0.9999259
0.938359 -0.8632324 0.0006273 -0.5785605 0.0027169 -0.0113505 0.0050548 0.9999191
1.042605 -0.8642545 0.0000521 -0.5525662 0.0046672 -0.0119403 0.0041406 0.9999092
1.251125 -0.8662105 -0.0008123 -0.4985608 0.0064566 -0.0131543 0.0026819 0.9998890
1.459603 -0.8681993 -0.0015521 -0.4421007 -0.0021740 -0.0141385 0.0010507 0.9998971
1.668106 -0.8706006 -0.0025215 -0.3830641 -0.0050250 -0.0151284 -0.0005623 0.9998727
1.876603 -0.8734955 -0.0026268 -0.3224786 0.0015235 -0.0158510 -0.0015428 0.9998720
2.085105 -0.8757967 -0.0027418 -0.2574830 -0.0038455 -0.0166572 0.0000907 0.9998538
2.293607 -0.8784962 -0.0028068 -0.1897342 -0.0087880 -0.0170304 0.0007923 0.9998161
2.502107 -0.8808404 -0.0021556 -0.1192847 -0.0069609 -0.0170033 0.0020787 0.9998291
2.710606 -0.8835311 -0.0020735 -0.0460664 -0.0024825 -0.0162324 0.0024438 0.9998622
2.919104 -0.8863004 -0.0028212 0.0302001 0.0033364 -0.0151539 0.0032022 0.9998745
3.127481 -0.8889811 -0.0038168 0.1097554 0.0036359 -0.0153283 0.0022599 0.9998733
3.440232 -0.8934152 -0.0063560 0.2322756 0.0057192 -0.0153332 -0.0016339 0.9998648
3.648605 -0.8962760 -0.0085133 0.3162252 0.0056711 -0.0155286 -0.0030467 0.9998587
3.961233 -0.9004957 -0.0116231 0.4449125 0.0040439 -0.0160626 -0.0038488 0.9998554
4.273854 -0.9052049 -0.0141401 0.5756862 0.0046806 -0.0165534 -0.0050627 0.9998392
4.586357 -0.9102321 -0.0169038 0.7095346 0.0010264 -0.0172790 -0.0045489 0.9998398
4.898858 -0.9159881 -0.0187293 0.8450400 0.0005085 -0.0179016 -0.0044455 0.9998298
5.211513 -0.9220405 -0.0205806 0.9828672 -0.0006291 -0.0189062 -0.0044157 0.9998113
5.523983 -0.9279744 -0.0231081 1.1196835 -0.0002222 -0.0197560 -0.0057053 0.9997885
5.836733 -0.9340684 -0.0257540 1.2573354 0.0004349 -0.0198510 -0.0064579 0.9997820
6.149354 -0.9405791 -0.0282652 1.3944346 -0.0007794 -0.0192178 -0.0065678 0.9997935
6.461983 -0.9464300 -0.0307882 1.5316082 0.0023673 -0.0188789 -0.0054803 0.9998040
6.774485 -0.9512948 -0.0340380 1.6669588 0.0037982 -0.0186405 -0.0032487 0.9998137
7.086981 -0.9563498 -0.0362810 1.8031107 -0.0024276 -0.0184959 -0.0007084 0.9998257
7.399507 -0.9617871 -0.0391772 1.9383730 0.0023892 -0.0183960 0.0003147 0.9998279
7.607858 -0.9654850 -0.0410356 2.0297041 0.0049606 -0.0181177 -0.0013762 0.9998226
7.816232 -0.9697817 -0.0431793 2.1205559 0.0021147 -0.0175003 -0.0039710 0.9998367
8.024607 -0.9733468 -0.0450720 2.2119393 0.0013225 -0.0175534 -0.0027932 0.9998412
8.232862 -0.9769631 -0.0468696 2.3033013 -0.0005102 -0.0178044 -0.0014721 0.9998403
8.545359 -0.9823679 -0.0494311 2.4384549 0.0012145 -0.0186894 -0.0007385 0.9998243
8.753612 -0.9863421 -0.0512194 2.5278981 0.0014057 -0.0193331 -0.0019554 0.9998102
8.961860 -0.9900988 -0.0528201 2.6167679 -0.0027290 -0.0200448 -0.0031393 0.9997904
9.170238 -0.9942780 -0.0540277 2.7054427 -0.0019043 -0.0205858 -0.0035767 0.9997799
9.378487 -0.9982412 -0.0552859 2.7929060 -0.0014198 -0.0210531 -0.0032092 0.9997722
9.586735 -1.0023088 -0.0567916 2.8784633 -0.0022690 -0.0216815 -0.0021445 0.9997600
9.794986 -1.0068640 -0.0583743 2.9606974 -0.0042260 -0.0222715 -0.0018815 0.9997413
10.003370 -1.0111490 -0.0594842 3.0393567 -0.0037976 -0.0248857 -0.0011446 0.9996824
10.211610 -1.0158207 -0.0607306 3.1149218 -0.0035603 -0.0281638 -0.0009806 0.9995965
10.419890 -1.0210261 -0.0618404 3.1856391 -0.0046016 -0.0310289 -0.0019624 0.9995060
10.628240 -1.0258119 -0.0627990 3.2522359 -0.0056994 -0.0338866 -0.0034045 0.9994037
10.940860 -1.0335226 -0.0641823 3.3429701 -0.0033062 -0.0378477 -0.0059174 0.9992605
11.253490 -1.0409179 -0.0656456 3.4224141 0.0005069 -0.0405695 -0.0091701 0.9991345
11.670740 -1.0489922 -0.0678688 3.5144086 -0.0021907 -0.0320297 -0.0138610 0.9993884
11.983860 -1.0508090 -0.0689707 3.5738051 -0.0043008 -0.0145992 -0.0132135 0.9997969
12.401640 -1.0469122 -0.0705300 3.6435535 0.0018655 0.0245864 -0.0112862 0.9996322
12.819860 -1.0348866 -0.0724794 3.7071576 0.0052393 0.0877477 -0.0060159 0.9961108
13.133360 -1.0201159 -0.0741814 3.7509110 0.0065769 0.1496462 -0.0032071 0.9887125
13.446740 -0.9998565 -0.0755604 3.7907991 0.0055107 0.2205316 -0.0038355 0.9753568
13.760010 -0.9736304 -0.0773798 3.8254218 0.0087645 0.2931167 -0.0032692 0.9560309
14.073120 -0.9421668 -0.0786675 3.8577809 0.0127665 0.3693058 -0.0093584 0.9291731
14.386120 -0.9033340 -0.0804233 3.8841333 0.0120755 0.4448809 -0.0066799 0.8954834
14.490490 -0.8892050 -0.0809746 3.8918867 0.0109171 0.4701072 -0.0061242 0.8825206
14.594740 -0.8742366 -0.0815323 3.8990514 0.0098190 0.4948933 -0.0051530 0.8688830
14.803370 -0.8423433 -0.0828009 3.9113719 0.0071621 0.5440912 -0.0044254 0.8389838
15.011990 -0.8085217 -0.0841021 3.9206202 0.0089234 0.5887499 -0.0089977 0.8082159
15.116140 -0.7905836 -0.0845013 3.9242475 0.0101849 0.6082293 -0.0093400 0.7936411
15.324240 -0.7516989 -0.0858261 3.9290719 0.0153919 0.6387985 -0.0045426 0.7692067
15.532120 -0.7101874 -0.0873137 3.9333444 0.0155208 0.6613293 -0.0039650 0.7499246
15.739890 -0.6648714 -0.0885804 3.9370322 0.0082413 0.6797072 -0.0054614 0.7334170
15.947760 -0.6162140 -0.0904334 3.9374938 0.0118271 0.6952952 -0.0004507 0.7186269
16.155710 -0.5648111 -0.0918844 3.9369733 0.0160631 0.7066730 -0.0016022 0.7073562
16.363390 -0.5091906 -0.0935329 3.9361670 0.0171202 0.7127678 -0.0034291 0.7011827
16.570990 -0.4501826 -0.0956906 3.9342580 0.0181208 0.7133728 0.0012088 0.7005494
16.778640 -0.3871603 -0.0977826 3.9343903 0.0164551 0.7122810 -0.0005655 0.7017013
16.986490 -0.3211754 -0.0997449 3.9340527 0.0168581 0.7115729 -0.0017488 0.7024078
17.194620 -0.2521174 -0.1021087 3.9337149 0.0155202 0.7111126 -0.0018688 0.7029044
17.402740 -0.1803985 -0.1046042 3.9327598 0.0147994 0.7110214 -0.0001086 0.7030146
17.610870 -0.1082458 -0.1067928 3.9321108 0.0128219 0.7118149 -0.0002939 0.7022499
17.819120 -0.0337298 -0.1090129 3.9309947 0.0126454 0.7126045 0.0025452 0.7014474
18.027490 0.0414852 -0.1113657 3.9303839 0.0119906 0.7136139 -0.0009399 0.7004359
18.339870 0.1573316 -0.1150759 3.9285822 0.0127128 0.7147564 -0.0033107 0.6992502
18.548250 0.2355000 -0.1179219 3.9276934 0.0077665 0.7153420 -0.0015136 0.6987296
18.756500 0.3126328 -0.1201873 3.9268003 0.0031318 0.7154469 -0.0012263 0.6986591
18.964900 0.3887898 -0.1225735 3.9252315 0.0115652 0.7147062 -0.0057420 0.6993056
19.277500 0.5035074 -0.1269737 3.9230971 0.0107037 0.7137846 -0.0006575 0.7002832
19.590340 0.6159859 -0.1305560 3.9220684 0.0093326 0.7141648 -0.0013035 0.6999142
19.798650 0.6904471 -0.1331032 3.9211221 0.0083916 0.7156475 -0.0022771 0.6984075
20.007130 0.7629298 -0.1353280 3.9201009 0.0078999 0.7172790 -0.0035874 0.6967320
20.319990 0.8694059 -0.1394549 3.9169855 0.0060246 0.7193865 -0.0036678 0.6945742
20.633120 0.9739901 -0.1421734 3.9135611 0.0070163 0.7208665 -0.0030844 0.6930315
20.945510 1.0758350 -0.1457021 3.9100878 0.0052403 0.7222829 -0.0033333 0.6915698
21.258280 1.1722362 -0.1488874 3.9067323 0.0053020 0.7230276 -0.0041029 0.6907867
21.466850 1.2354802 -0.1507505 3.9049642 0.0061373 0.7233298 -0.0066454 0.6904435
21.675510 1.2973278 -0.1530663 3.9022024 0.0070670 0.7233128 -0.0060769 0.6904576
21.883890 1.3587660 -0.1552206 3.8995192 0.0059444 0.7233341 -0.0071617 0.6904355
22.092530 1.4202063 -0.1576113 3.8976161 0.0053775 0.7234427 -0.0069050 0.6903289
22.301210 1.4801354 -0.1596144 3.8948400 0.0039850 0.7249132 -0.0076611 0.6887860
22.509770 1.5394892 -0.1620161 3.8914490 0.0049591 0.7286699 -0.0089174 0.6847891
22.718920 1.5986770 -0.1640601 3.8872092 0.0070251 0.7334415 -0.0100160 0.6796424
22.926910 1.6592959 -0.1663323 3.8825104 0.0048817 0.7374162 -0.0108436 0.6753340
23.135720 1.7205344 -0.1683983 3.8771741 0.0034094 0.7403110 -0.0125910 0.6721380
23.343940 1.7833431 -0.1705768 3.8709512 0.0022625 0.7417664 -0.0092506 0.6705908
23.552380 1.8476919 -0.1724009 3.8649228 0.0010219 0.7428039 -0.0085921 0.6694531
23.760760 1.9126792 -0.1745263 3.8580966 0.0061574 0.7430195 -0.0085673 0.6691866
23.969260 1.9782871 -0.1769106 3.8506725 0.0107885 0.7433936 -0.0077766 0.6687220
24.177660 2.0447278 -0.1793442 3.8440094 0.0078636 0.7434857 -0.0058228 0.6686803
24.386170 2.1110594 -0.1818622 3.8370965 0.0078184 0.7438967 -0.0041288 0.6682362
24.594630 2.1766973 -0.1841344 3.8302674 0.0078049 0.7451540 -0.0053996 0.6668249
24.803130 2.2422898 -0.1864799 3.8227789 0.0082438 0.7465162 -0.0050412 0.6652971
25.012020 2.3083999 -0.1891863 3.8151207 0.0073965 0.7477165 -0.0058703 0.6639509
25.220150 2.3742959 -0.1912381 3.8076806 0.0075395 0.7483883 -0.0071792 0.6631792
25.428740 2.4415712 -0.1932670 3.8002775 0.0074129 0.7493018 -0.0065627 0.6621547
25.637140 2.5096626 -0.1953761 3.7924373 0.0039700 0.7502896 -0.0070780 0.6610595
25.845770 2.5783734 -0.1973552 3.7835269 0.0050834 0.7515077 -0.0060733 0.6596768
26.158530 2.6828592 -0.2010087 3.7695742 0.0087822 0.7528210 -0.0083152 0.6581142
26.367040 2.7538631 -0.2036291 3.7599685 0.0114856 0.7530550 -0.0091315 0.6577939
26.575550 2.8260856 -0.2067201 3.7501400 0.0119949 0.7528722 -0.0065086 0.6580253
26.784000 2.9000523 -0.2096312 3.7407196 0.0099364 0.7520269 -0.0057163 0.6590328
26.992430 2.9738636 -0.2122580 3.7312224 0.0080680 0.7508755 -0.0027751 0.6603887
27.200890 3.0479913 -0.2149719 3.7222545 0.0092709 0.7498560 -0.0045417 0.6615205
27.409410 3.1223278 -0.2177598 3.7134228 0.0120739 0.7486504 -0.0086326 0.6627988
27.617880 3.1968713 -0.2205949 3.7050090 0.0099656 0.7478821 -0.0073315 0.6637163
27.826410 3.2716017 -0.2236581 3.6966684 0.0095174 0.7474577 -0.0063184 0.6642112
28.034970 3.3463137 -0.2265423 3.6880965 0.0094931 0.7470985 -0.0049995 0.6646267
28.243410 3.4204056 -0.2295007 3.6793427 0.0111092 0.7464560 -0.0035507 0.6653326
28.556140 3.5309126 -0.2338230 3.6678243 0.0084790 0.7458124 -0.0059467 0.6660756
28.764800 3.6036174 -0.2367547 3.6604877 0.0051232 0.7462817 -0.0083426 0.6655583
29.077510 3.7118123 -0.2411730 3.6488719 0.0067011 0.7471182 -0.0123375 0.6645430
29.286110 3.7826796 -0.2445443 3.6407871 0.0074694 0.7475348 -0.0114537 0.6640819
29.494560 3.8524222 -0.2478979 3.6326725 0.0093051 0.7478006 -0.0127569 0.6637355
29.703090 3.9217765 -0.2513272 3.6250069 0.0078383 0.7490082 -0.0138031 0.6623705
29.911660 3.9896202 -0.2548074 3.6165493 0.0090381 0.7509940 -0.0153645 0.6600683
30.120140 4.0568485 -0.2583292 3.6078455 0.0090080 0.7531523 -0.0165868 0.6575754
30.328670 4.1234951 -0.2619265 3.5986121 0.0098294 0.7549824 -0.0153766 0.6554911
30.537140 4.1889901 -0.2657540 3.5899205 0.0113818 0.7559643 -0.0222513 0.6541355
30.745760 4.2545409 -0.2695485 3.5802300 0.0139652 0.7578689 -0.0203767 0.6519390
31.058390 4.3518147 -0.2759114 3.5655973 0.0105962 0.7602282 -0.0186189 0.6493028
31.266890 4.4158096 -0.2796429 3.5561407 0.0114386 0.7620254 -0.0222695 0.6470630
31.475390 4.4791870 -0.2840130 3.5458066 0.0157111 0.7632667 -0.0241006 0.6454427
31.788620 4.5726924 -0.2905737 3.5295832 0.0158202 0.7662665 -0.0210473 0.6419832
31.997070 4.6343212 -0.2950779 3.5183959 0.0151704 0.7702476 -0.0194979 0.6372663
32.205560 4.6951442 -0.2994946 3.5062909 0.0145684 0.7764559 -0.0205354 0.6296685
32.414310 4.7548995 -0.3035917 3.4923482 0.0156784 0.7842200 -0.0208406 0.6199346
32.622920 4.8142033 -0.3078628 3.4771595 0.0172622 0.7916666 -0.0185425 0.6104279
32.831540 4.8723054 -0.3118567 3.4601076 0.0204033 0.7975754 -0.0148356 0.6026916
33.040040 4.9299254 -0.3160465 3.4430146 0.0218906 0.8021116 -0.0127193 0.5966373
33.248440 4.9864960 -0.3193483 3.4251294 0.0235675 0.8043663 -0.0066985 0.5936283
33.352510 5.0145979 -0.3209983 3.4159918 0.0250911 0.8046305 -0.0033675 0.5932359
33.560850 5.0699549 -0.3241638 3.3986092 0.0279956 0.8047594 -0.0030806 0.5929326
33.665120 5.0974274 -0.3256427 3.3905029 0.0289010 0.8045001 -0.0045348 0.5932316
33.873500 5.1520419 -0.3286480 3.3735924 0.0295040 0.8036964 -0.0025410 0.5943023
34.081820 5.2057142 -0.3321526 3.3570251 0.0300295 0.8025078 -0.0000429 0.5958855
34.289910 5.2580538 -0.3350043 3.3419223 0.0320712 0.8006579 -0.0009534 0.5982621
34.498170 5.3102965 -0.3382464 3.3271732 0.0322915 0.7972194 0.0016028 0.6028233
34.706380 5.3608265 -0.3409474 3.3133616 0.0319817 0.7944303 0.0030247 0.6065051
34.810660 5.3857670 -0.3421834 3.3067012 0.0320484 0.7932163 0.0040445 0.6080825
35.019540 5.4351397 -0.3448138 3.2932739 0.0327898 0.7906229 0.0076449 0.6113769
35.123490 5.4596186 -0.3461567 3.2872634 0.0317739 0.7896367 0.0073803 0.6127070
35.331690 5.5070472 -0.3485619 3.2757306 0.0325330 0.7869833 0.0046587 0.6160983
35.436220 5.5305204 -0.3496614 3.2700105 0.0342722 0.7851502 0.0039470 0.6183438
35.644150 5.5776868 -0.3521138 3.2601008 0.0328574 0.7805146 0.0024444 0.6242687
35.852390 5.6240931 -0.3546364 3.2511766 0.0322679 0.7731667 0.0036093 0.6333711
36.060640 5.6701202 -0.3573249 3.2437334 0.0316182 0.7637914 0.0039105 0.6446764
36.372770 5.7389526 -0.3610792 3.2365420 0.0297426 0.7433077 0.0023742 0.6682839
36.581010 5.7840466 -0.3639223 3.2349744 0.0267462 0.7286975 -0.0029181 0.6843070
36.789390 5.8293438 -0.3664706 3.2352462 0.0225258 0.7169126 -0.0078275 0.6967551
36.998010 5.8745613 -0.3691395 3.2361283 0.0151607 0.7127239 -0.0122602 0.7011737
37.102920 5.8969669 -0.3703358 3.2361269 0.0117725 0.7149969 -0.0135670 0.6988968
37.207180 5.9192100 -0.3715296 3.2354026 0.0095912 0.7193643 -0.0134868 0.6944358
37.311660 5.9411931 -0.3726992 3.2341986 0.0088051 0.7240477 -0.0129043 0.6895730
37.520670 5.9845529 -0.3749681 3.2307153 0.0095230 0.7324769 -0.0106894 0.6806412
37.625170 6.0059042 -0.3759642 3.2288568 0.0082113 0.7372316 -0.0116972 0.6754889
37.834140 6.0478973 -0.3778949 3.2239678 0.0066341 0.7485532 -0.0119642 0.6629336
38.043370 6.0890265 -0.3794524 3.2173982 0.0070813 0.7584848 -0.0099906 0.6515756
38.251530 6.1287165 -0.3810773 3.2098811 0.0060145 0.7673845 -0.0094791 0.6410888
38.460120 6.1675420 -0.3828745 3.2014186 0.0075996 0.7748437 -0.0080887 0.6320555
38.668540 6.2058210 -0.3846829 3.1925550 0.0103288 0.7803220 -0.0074906 0.6252478
38.876940 6.2434249 -0.3858222 3.1837902 0.0105079 0.7828053 -0.0066882 0.6221420
39.189420 6.2981825 -0.3882003 3.1707635 0.0113520 0.7839952 -0.0047236 0.6206452
39.502140 6.3533168 -0.3900623 3.1577110 0.0124662 0.7871125 -0.0073718 0.6166394
39.710790 6.3909712 -0.3917317 3.1481223 0.0110897 0.7905310 -0.0071856 0.6122794
39.919470 6.4301152 -0.3932637 3.1372371 0.0132039 0.7939784 -0.0059154 0.6077738
40.128060 6.4699965 -0.3947406 3.1260736 0.0138000 0.7975502 -0.0075911 0.6030470
40.336550 6.5110202 -0.3964914 3.1136961 0.0163443 0.8008097 -0.0060234 0.5986655
40.649320 6.5738029 -0.3990995 3.0947118 0.0162340 0.8047982 -0.0041924 0.5933117
40.857780 6.6169925 -0.4008651 3.0811825 0.0158580 0.8065131 -0.0000982 0.5910034
41.170430 6.6814299 -0.4034537 3.0611422 0.0158447 0.8076687 0.0008167 0.5894231
41.378780 6.7240133 -0.4047136 3.0478084 0.0175332 0.8071495 0.0009612 0.5900860
41.587170 6.7661452 -0.4059055 3.0351763 0.0175665 0.8058031 0.0005518 0.5919227
41.899560 6.8280525 -0.4090434 3.0171733 0.0194216 0.8032456 0.0000254 0.5953313
42.212070 6.8862972 -0.4112729 3.0006757 0.0192325 0.7997102 0.0001734 0.6000781
42.524580 6.9397035 -0.4136349 2.9863112 0.0171912 0.7943220 0.0055946 0.6072280
42.940920 7.0027776 -0.4159085 2.9728177 0.0161618 0.7787164 0.0041908 0.6271538
43.252900 7.0484648 -0.4172425 2.9667339 0.0196344 0.7568558 0.0012506 0.6532857
43.565080 7.0929432 -0.4191458 2.9658251 0.0133334 0.7261915 -0.0015542 0.6873615
43.877060 7.1366606 -0.4207390 2.9694347 0.0053830 0.6932213 -0.0025411 0.7207001
44.085170 7.1650858 -0.4216643 2.9736423 0.0034171 0.6694415 -0.0012001 0.7428559
44.397150 7.2068725 -0.4226374 2.9842322 0.0041852 0.6281689 -0.0029974 0.7780600
44.605140 7.2351251 -0.4234456 2.9944620 0.0055050 0.5955011 -0.0038917 0.8033262
44.813580 7.2627525 -0.4243791 3.0083263 0.0046960 0.5585067 -0.0101804 0.8294242
45.021230 7.2909164 -0.4253871 3.0249996 0.0074459 0.5178726 -0.0112649 0.8553512
45.229310 7.3195224 -0.4263941 3.0450912 0.0118383 0.4748506 -0.0087488 0.8799433
45.437440 7.3476367 -0.4276231 3.0704560 0.0084930 0.4314667 -0.0109924 0.9020219
45.645680 7.3756113 -0.4290738 3.1004033 0.0062891 0.3866808 -0.0126552 0.9221053
45.853900 7.4033728 -0.4304780 3.1347265 0.0064451 0.3427902 -0.0116634 0.9393175
46.062500 7.4305601 -0.4320419 3.1741059 0.0058787 0.3024818 -0.0104393 0.9530799
46.271110 7.4567399 -0.4329959 3.2185793 0.0042869 0.2678458 -0.0108985 0.9633906
46.479940 7.4821372 -0.4339686 3.2676716 0.0010281 0.2401989 -0.0104291 0.9706671
46.688930 7.5073957 -0.4348261 3.3212075 -0.0008810 0.2198166 -0.0082777 0.9755057
46.897820 7.5323696 -0.4357516 3.3781030 -0.0004834 0.2020422 -0.0037866 0.9793694
47.106530 7.5563464 -0.4364539 3.4392467 0.0001995 0.1844886 -0.0022787 0.9828320
47.315280 7.5790043 -0.4373036 3.5036325 0.0000420 0.1690773 -0.0027391 0.9855990
47.524300 7.6008511 -0.4381923 3.5707026 -0.0017663 0.1625278 -0.0055974 0.9866865
47.733280 7.6237426 -0.4389380 3.6401124 -0.0023871 0.1614797 -0.0056972 0.9868567
47.942180 7.6471362 -0.4397992 3.7109485 -0.0009917 0.1615804 -0.0036633 0.9868522
48.150840 7.6716423 -0.4406587 3.7847567 -0.0006325 0.1618547 -0.0035344 0.9868081
48.359390 7.6972518 -0.4416145 3.8607628 -0.0027120 0.1626660 -0.0025766 0.9866741
48.567920 7.7230787 -0.4427215 3.9375682 -0.0032135 0.1634241 -0.0012994 0.9865498
48.776450 7.7493105 -0.4437159 4.0141468 -0.0032406 0.1635873 0.0003956 0.9865234
48.985000 7.7753811 -0.4444470 4.0912347 -0.0052236 0.1640016 0.0019793 0.9864442
49.193280 7.8016319 -0.4453192 4.1675482 -0.0044996 0.1637534 0.0037350 0.9864840
49.407810 7.8281708 -0.4457816 4.2449765 -0.0027648 0.1632477 0.0041424 0.9865726
49.610180 7.8538642 -0.4466200 4.3220882 -0.0025764 0.1621037 0.0043475 0.9867608
49.818560 7.8790288 -0.4477877 4.3985863 -0.0034631 0.1609721 0.0039162 0.9869451
50.131080 7.9171181 -0.4488543 4.5144448 -0.0031266 0.1587746 0.0034266 0.9873040
50.443670 7.9541931 -0.4502764 4.6300898 -0.0046825 0.1564829 0.0048581 0.9876576
50.756210 7.9902949 -0.4513997 4.7426314 -0.0042731 0.1533242 0.0060042 0.9881485
50.964550 8.0133133 -0.4518984 4.8168821 -0.0046194 0.1514172 0.0068444 0.9884354
51.172910 8.0354471 -0.4522614 4.8894076 -0.0078548 0.1490069 0.0067303 0.9887820
51.382890 8.0564976 -0.4526409 4.9589157 -0.0044537 0.1465707 0.0065039 0.9891688
51.589660 8.0757504 -0.4534974 5.0252528 -0.0023925 0.1441700 0.0053070 0.9895358
51.798030 8.0935240 -0.4546135 5.0885949 -0.0046647 0.1412608 0.0058055 0.9899444
52.110910 8.1177673 -0.4560075 5.1773033 -0.0075080 0.1348850 0.0061632 0.9908136
52.319330 8.1320944 -0.4563955 5.2315340 -0.0060268 0.1314435 0.0046106 0.9912946
52.632080 8.1511307 -0.4578177 5.3042974 -0.0038690 0.1294064 0.0022044 0.9915817
52.840660 8.1622906 -0.4584103 5.3479176 -0.0013073 0.1286037 0.0021678 0.9916928
53.049160 8.1728344 -0.4590934 5.3894682 -0.0024108 0.1272907 0.0011534 0.9918619
53.257570 8.1827049 -0.4597557 5.4293299 -0.0018585 0.1237151 0.0020399 0.9923139
53.465960 8.1917620 -0.4604919 5.4684930 -0.0017182 0.1149794 0.0046124 0.9933557
53.674060 8.1986065 -0.4613120 5.5068521 -0.0009606 0.0987538 0.0051867 0.9950979
53.985990 8.2038870 -0.4618496 5.5625453 -0.0015218 0.0595494 0.0035185 0.9982180
54.297670 8.2027702 -0.4627707 5.6162653 -0.0047584 0.0050207 0.0013871 0.9999751
54.505550 8.1977043 -0.4631521 5.6507549 -0.0059923 -0.0381171 -0.0035526 0.9992490
54.713450 8.1890860 -0.4630443 5.6846218 -0.0082575 -0.0848534 -0.0073861 0.9963319
54.921310 8.1773767 -0.4634337 5.7169285 -0.0124121 -0.1360335 -0.0086982 0.9905883
55.129370 8.1625128 -0.4633051 5.7473907 -0.0167209 -0.1899183 -0.0094861 0.9816117
55.337310 8.1442995 -0.4626124 5.7753992 -0.0179521 -0.2460823 -0.0119487 0.9690090
55.545500 8.1228218 -0.4618549 5.8008461 -0.0186161 -0.3022430 -0.0141148 0.9529446
55.753570 8.0989046 -0.4606636 5.8239217 -0.0217791 -0.3584982 -0.0118925 0.9332005
55.961860 8.0723295 -0.4595190 5.8437943 -0.0244743 -0.4127796 -0.0114847 0.9104297
56.066000 8.0580044 -0.4588167 5.8523531 -0.0258589 -0.4390065 -0.0113299 0.8980402
56.274310 8.0279932 -0.4575910 5.8665881 -0.0250382 -0.4894671 -0.0144392 0.8715426
56.378550 8.0121861 -0.4570854 5.8724413 -0.0234731 -0.5138677 -0.0162332 0.8573946
56.587120 7.9800930 -0.4556777 5.8819675 -0.0211401 -0.5590522 -0.0166373 0.8286959
56.691300 7.9634557 -0.4550314 5.8857427 -0.0196476 -0.5791777 -0.0169667 0.8147879
56.795690 7.9464512 -0.4544149 5.8889265 -0.0180051 -0.5971512 -0.0179213 0.8017263
56.900200 7.9294658 -0.4537928 5.8914852 -0.0164246 -0.6129798 -0.0186700 0.7897072
57.004560 7.9121456 -0.4530175 5.8939619 -0.0165824 -0.6265287 -0.0170252 0.7790359
57.109200 7.8942437 -0.4520580 5.8969584 -0.0194076 -0.6383905 -0.0137847 0.7693444
57.213710 7.8758221 -0.4511840 5.8992000 -0.0217115 -0.6478318 -0.0125989 0.7613697
57.318320 7.8564625 -0.4502725 5.9009495 -0.0209522 -0.6565873 -0.0147261 0.7538151
57.527320 7.8152804 -0.4487873 5.9032402 -0.0198460 -0.6692959 -0.0197092 0.7424693
57.736570 7.7714515 -0.4469573 5.9062037 -0.0200580 -0.6804020 -0.0153032 0.7324046
57.945060 7.7242298 -0.4449030 5.9084249 -0.0200529 -0.6931449 -0.0095113 0.7204565
58.153820 7.6721611 -0.4430298 5.9078593 -0.0207617 -0.7041542 -0.0122059 0.7096385
58.362580 7.6161146 -0.4409792 5.9054785 -0.0187907 -0.7132166 -0.0166496 0.7004939
58.571560 7.5564408 -0.4386911 5.9030237 -0.0182925 -0.7176723 -0.0179743 0.6959085
58.780440 7.4930716 -0.4358197 5.8999858 -0.0169500 -0.7197586 -0.0198202 0.6937343
58.989420 7.4261875 -0.4329131 5.8961906 -0.0127355 -0.7193499 -0.0231159 0.6941463
59.198420 7.3557205 -0.4299783 5.8937325 -0.0092608 -0.7143776 -0.0266624 0.6991910
59.407510 7.2821360 -0.4268726 5.8931642 -0.0080202 -0.7077318 -0.0283190 0.7058679
59.616490 7.2059422 -0.4237682 5.8936892 -0.0058859 -0.7007315 -0.0302799 0.7127579
59.929310 7.0847793 -0.4185981 5.8980513 -0.0043144 -0.6893605 -0.0323990 0.7236807
60.242110 6.9591880 -0.4128600 5.9069033 -0.0051184 -0.6789277 -0.0350522 0.7333500
60.450550 6.8753481 -0.4094431 5.9140244 -0.0057026 -0.6728498 -0.0355013 0.7389048
60.763240 6.7516994 -0.4046077 5.9265184 -0.0064434 -0.6682490 -0.0339436 0.7431350
61.075690 6.6252460 -0.3997874 5.9400578 -0.0057299 -0.6669023 -0.0336348 0.7443636
61.388180 6.4987664 -0.3952119 5.9537926 -0.0052879 -0.6659371 -0.0343563 0.7451977
61.700910 6.3730206 -0.3905301 5.9671693 -0.0044735 -0.6662148 -0.0352025 0.7449151
61.909070 6.2895603 -0.3876722 5.9757767 -0.0034082 -0.6667567 -0.0337885 0.7445012
62.117440 6.2066879 -0.3844540 5.9840326 -0.0045731 -0.6670660 -0.0360396 0.7441123
62.325700 6.1241255 -0.3814854 5.9920478 -0.0050967 -0.6671777 -0.0368943 0.7439669
62.534220 6.0424781 -0.3782341 6.0004745 -0.0042603 -0.6673040 -0.0368585 0.7438606
62.742660 5.9620032 -0.3750754 6.0091748 -0.0043986 -0.6663545 -0.0376774 0.7446696
62.951190 5.8822408 -0.3721493 6.0179873 -0.0041698 -0.6650733 -0.0380699 0.7457954
63.159760 5.8037910 -0.3691917 6.0265341 -0.0037726 -0.6643032 -0.0368966 0.7465424
63.472300 5.6861682 -0.3648408 6.0393620 -0.0032529 -0.6635665 -0.0372712 0.7471812
63.680820 5.6088972 -0.3617975 6.0482430 -0.0039806 -0.6629669 -0.0373480 0.7477059
63.993600 5.4932389 -0.3574720 6.0619321 -0.0038875 -0.6625778 -0.0361721 0.7481090
64.202080 5.4162788 -0.3545256 6.0709219 -0.0025050 -0.6623061 -0.0349700 0.7484126
64.410540 5.3388295 -0.3520364 6.0804501 -0.0028915 -0.6617811 -0.0350593 0.7488713
64.723370 5.2218056 -0.3479266 6.0948071 -0.0034786 -0.6606809 -0.0349712 0.7498437
64.931710 5.1426516 -0.3448398 6.1050677 -0.0073016 -0.6596937 -0.0336172 0.7507468
65.140170 5.0631938 -0.3416197 6.1147385 -0.0050186 -0.6590440 -0.0335894 0.7513372
65.349010 4.9832311 -0.3387023 6.1252227 -0.0034537 -0.6589274 -0.0317865 0.7515267
65.557260 4.9027958 -0.3362728 6.1350145 -0.0035360 -0.6598157 -0.0328935 0.7506989
65.870560 4.7814851 -0.3320000 6.1491780 -0.0049564 -0.6641189 -0.0318448 0.7469320
66.182330 4.6583958 -0.3276083 6.1615448 -0.0052668 -0.6698714 -0.0334184 0.7417060
66.390840 4.5754037 -0.3247994 6.1682258 -0.0036587 -0.6724602 -0.0335907 0.7393616
66.703570 4.4502549 -0.3207521 6.1793709 -0.0016232 -0.6739401 -0.0307784 0.7381428
66.911930 4.3654418 -0.3182828 6.1869526 -0.0049415 -0.6745420 -0.0295765 0.7376272
67.224690 4.2400355 -0.3133722 6.1971517 -0.0079881 -0.6752568 -0.0317803 0.7368544
67.433190 4.1573763 -0.3101280 6.2042255 -0.0077933 -0.6756504 -0.0331068 0.7364373
67.745940 4.0335035 -0.3058152 6.2139688 -0.0063358 -0.6761786 -0.0328891 0.7359760
67.954300 3.9509730 -0.3026295 6.2202830 -0.0044703 -0.6765491 -0.0333979 0.7356262
68.162850 3.8692555 -0.3001009 6.2266130 -0.0043693 -0.6768026 -0.0330557 0.7354090
68.371230 3.7873676 -0.2972632 6.2330046 -0.0042280 -0.6766740 -0.0329466 0.7355331
68.579550 3.7058964 -0.2944392 6.2393594 -0.0040450 -0.6763365 -0.0331051 0.7358373
68.787950 3.6243193 -0.2917333 6.2456918 -0.0045598 -0.6763569 -0.0339438 0.7357774
68.996320 3.5425875 -0.2888894 6.2521348 -0.0034656 -0.6761693 -0.0338104 0.7359619
69.204680 3.4611819 -0.2859119 6.2585106 -0.0044604 -0.6762294 -0.0349137 0.7358499
69.413100 3.3793764 -0.2829393 6.2651429 -0.0048313 -0.6764299 -0.0356656 0.7356271
69.621360 3.2981863 -0.2799079 6.2712235 -0.0043295 -0.6767219 -0.0355365 0.7353678
69.829670 3.2172415 -0.2769803 6.2772751 -0.0031628 -0.6769882 -0.0377252 0.7350195
70.142350 3.0969348 -0.2728119 6.2859054 0.0034873 -0.6760587 -0.0374843 0.7358854
70.454920 2.9759378 -0.2687707 6.2961431 0.0008581 -0.6735472 -0.0389514 0.7381167
70.663330 2.8953977 -0.2660960 6.3039274 -0.0010552 -0.6719959 -0.0391487 0.7395186
70.976260 2.7752349 -0.2615945 6.3156347 -0.0007287 -0.6695754 -0.0398424 0.7416743
71.288550 2.6551518 -0.2575988 6.3276467 0.0026771 -0.6681535 -0.0367577 0.7431101
71.601510 2.5340500 -0.2535797 6.3397269 -0.0000100 -0.6676239 -0.0365133 0.7436028
71.913580 2.4129643 -0.2497415 6.3520551 -0.0014977 -0.6684287 -0.0354749 0.7429282
72.226050 2.2909117 -0.2450253 6.3639069 -0.0049331 -0.6685910 -0.0382761 0.7426282
72.538690 2.1702764 -0.2411507 6.3765287 -0.0008411 -0.6682981 -0.0318458 0.7432112
72.851340 2.0486331 -0.2368369 6.3886123 -0.0048666 -0.6683854 -0.0338470 0.7430287
73.163840 1.9263229 -0.2323100 6.4008303 -0.0054681 -0.6703854 -0.0334035 0.7412407
73.476280 1.8045068 -0.2279828 6.4116583 -0.0072756 -0.6739783 -0.0315902 0.7380396
73.788870 1.6829011 -0.2236459 6.4210386 -0.0063547 -0.6764939 -0.0314574 0.7357486
73.997240 1.6010942 -0.2208305 6.4271579 -0.0065123 -0.6779527 -0.0323646 0.7343639
74.205580 1.5193851 -0.2175592 6.4330778 -0.0061224 -0.6786384 -0.0337389 0.7336717
74.414060 1.4373502 -0.2145887 6.4388685 -0.0053377 -0.6788561 -0.0334514 0.7334895
74.622500 1.3557498 -0.2115372 6.4447126 -0.0054403 -0.6792683 -0.0327173 0.7331402
74.830870 1.2740419 -0.2090169 6.4502773 -0.0066727 -0.6801208 -0.0331314 0.7323206
75.039180 1.1930406 -0.2061575 6.4556661 -0.0072120 -0.6811458 -0.0321414 0.7314065
75.247560 1.1122415 -0.2033812 6.4609714 -0.0072040 -0.6823519 -0.0319689 0.7302890
75.456060 1.0324904 -0.2006701 6.4652810 -0.0061668 -0.6838337 -0.0297665 0.7290044
75.664210 0.9533994 -0.1984878 6.4696169 -0.0043310 -0.6856822 -0.0265658 0.7274032
75.872440 0.8742625 -0.1963280 6.4739490 -0.0068437 -0.6872740 -0.0270606 0.7258618
76.080700 0.7954306 -0.1941134 6.4776073 -0.0083749 -0.6883111 -0.0285778 0.7248041
76.289060 0.7172259 -0.1915159 6.4809852 -0.0074871 -0.6883424 -0.0287392 0.7247777
76.497460 0.6395588 -0.1889033 6.4844465 -0.0080361 -0.6881867 -0.0312000 0.7248179
76.706270 0.5629357 -0.1862261 6.4878240 -0.0076677 -0.6881837 -0.0316925 0.7248034
76.914470 0.4876258 -0.1833231 6.4906421 -0.0070337 -0.6887815 -0.0317986 0.7242371
77.122590 0.4128025 -0.1805969 6.4935989 -0.0070378 -0.6899291 -0.0330678 0.7230870
77.330800 0.3399037 -0.1779040 6.4960494 -0.0065544 -0.6912426 -0.0336280 0.7218102
77.539210 0.2672150 -0.1753016 6.4983764 -0.0059667 -0.6929147 -0.0333575 0.7202228
77.747630 0.1963257 -0.1729745 6.5004191 -0.0057993 -0.6941493 -0.0333047 0.7190368
77.955810 0.1265706 -0.1704898 6.5024867 -0.0057987 -0.6952918 -0.0335529 0.7179205
78.164320 0.0590127 -0.1681629 6.5040088 -0.0057269 -0.6960784 -0.0348715 0.7170956
78.268580 0.0263950 -0.1672130 6.5049739 -0.0054169 -0.6961271 -0.0352861 0.7170304
78.477150 -0.0371541 -0.1650410 6.5067091 -0.0037833 -0.6947030 -0.0358236 0.7183941
78.581420 -0.0683241 -0.1638984 6.5077801 -0.0035965 -0.6936889 -0.0350006 0.7194148
78.685710 -0.0989817 -0.1627689 6.5087752 -0.0028287 -0.6927191 -0.0351702 0.7203439
78.894170 -0.1601430 -0.1609175 6.5113845 -0.0029039 -0.6907704 -0.0342848 0.7222551
79.102740 -0.2198491 -0.1590034 6.5140367 -0.0027097 -0.6888631 -0.0331214 0.7241293
79.311290 -0.2782057 -0.1572229 6.5168300 -0.0038077 -0.6872994 -0.0330181 0.7256134
79.521320 -0.3360015 -0.1551919 6.5197802 -0.0046035 -0.6863471 -0.0330264 0.7265093
79.728360 -0.3928358 -0.1533474 6.5232062 -0.0048010 -0.6854945 -0.0323938 0.7273409
79.936810 -0.4471999 -0.1516168 6.5262399 -0.0050669 -0.6843950 -0.0329757 0.7283477
80.145310 -0.4995024 -0.1502041 6.5293603 -0.0068599 -0.6828644 -0.0333415 0.7297516
80.353800 -0.5492609 -0.1483974 6.5329609 -0.0069142 -0.6809345 -0.0330533 0.7315654
80.562510 -0.5971370 -0.1466153 6.5364242 -0.0075821 -0.6782926 -0.0324558 0.7340357
80.770930 -0.6417004 -0.1451041 6.5404978 -0.0088979 -0.6756511 -0.0324153 0.7364548
80.979570 -0.6838017 -0.1437651 6.5446811 -0.0092625 -0.6717272 -0.0327400 0.7400168
81.396840 -0.7618796 -0.1414244 6.5547285 -0.0086659 -0.6586549 -0.0296613 0.7518104
81.605650 -0.7978066 -0.1403697 6.5607762 -0.0076197 -0.6494482 -0.0284170 0.7598364
82.544740 -0.9314938 -0.1375292 6.5984669 -0.0082258 -0.5836079 -0.0176438 0.8118023
82.857880 -0.9680111 -0.1368466 6.6154933 -0.0112293 -0.5495055 -0.0178929 0.8352230
83.171270 -1.0022550 -0.1361153 6.6360569 -0.0129992 -0.5079309 -0.0178473 0.8611148
83.797550 -1.0627902 -0.1348535 6.6896176 0.0002055 -0.4041291 -0.0127526 0.9146131
84.110770 -1.0894988 -0.1347997 6.7255344 -0.0025304 -0.3440672 -0.0078289 0.9389090
84.319310 -1.1078224 -0.1351798 6.7528110 -0.0026748 -0.3008462 -0.0082740 0.9536330
84.527960 -1.1235106 -0.1355523 6.7835736 -0.0016283 -0.2581094 -0.0074434 0.9660857
84.737260 -1.1381028 -0.1359523 6.8174758 0.0025283 -0.2165131 -0.0085438 0.9762391
84.944930 -1.1513783 -0.1361696 6.8559446 0.0037930 -0.1752734 -0.0117986 0.9844418
85.154250 -1.1621034 -0.1370975 6.8982754 0.0031764 -0.1322832 -0.0122973 0.9911306
85.361980 -1.1701670 -0.1378066 6.9454083 0.0049555 -0.0916564 -0.0135308 0.9956864
85.570070 -1.1757612 -0.1385221 6.9959717 0.0079216 -0.0566700 -0.0127118 0.9982806
85.778090 -1.1785116 -0.1401863 7.0498815 0.0081694 -0.0302385 -0.0101814 0.9994575
85.985830 -1.1796141 -0.1414423 7.1072769 0.0086686 -0.0148632 -0.0064420 0.9998312
86.193550 -1.1801735 -0.1430227 7.1677823 0.0080574 -0.0044612 -0.0041450 0.9999490
86.401450 -1.1795887 -0.1447221 7.2312269 0.0072133 -0.0002768 -0.0014400 0.9999729
86.608970 -1.1794519 -0.1461473 7.2971020 0.0073539 -0.0005004 0.0010324 0.9999723
86.816720 -1.1801839 -0.1478778 7.3658257 0.0064248 -0.0030752 0.0005105 0.9999745
87.024550 -1.1812348 -0.1496711 7.4365163 0.0083285 -0.0062731 0.0024765 0.9999426
87.232860 -1.1826885 -0.1517862 7.5082974 0.0097289 -0.0087363 0.0012614 0.9999137
87.544840 -1.1852787 -0.1550222 7.6174526 0.0041481 -0.0106264 0.0003409 0.9999349
87.753060 -1.1874367 -0.1568952 7.6900749 0.0054958 -0.0115021 -0.0019740 0.9999168
88.065680 -1.1907027 -0.1597883 7.8002601 0.0049852 -0.0127274 -0.0033356 0.9999010
88.377940 -1.1943632 -0.1625289 7.9107490 0.0038242 -0.0147316 -0.0027948 0.9998803
88.586360 -1.1967371 -0.1643741 7.9839811 0.0018161 -0.0167635 -0.0013649 0.9998569
88.898830 -1.2010351 -0.1667460 8.0917749 0.0003278 -0.0196455 -0.0008905 0.9998066
89.211590 -1.2061901 -0.1686781 8.1981697 0.0015524 -0.0219808 -0.0007955 0.9997569
89.524190 -1.2115963 -0.1712641 8.3026972 0.0025306 -0.0227822 -0.0020184 0.9997352
89.836930 -1.2163686 -0.1733325 8.4029274 0.0002920 -0.0222294 -0.0016959 0.9997514
90.149600 -1.2213154 -0.1751712 8.4960222 0.0028651 -0.0233366 -0.0037297 0.9997166
90.566320 -1.2277088 -0.1777257 8.6084976 0.0003999 -0.0281132 -0.0035187 0.9995985
90.879050 -1.2330215 -0.1791553 8.6833286 0.0018469 -0.0325366 -0.0034468 0.9994629
91.191720 -1.2377813 -0.1812074 8.7497988 0.0015757 -0.0335623 -0.0040869 0.9994270
91.609100 -1.2409762 -0.1829934 8.8286572 0.0025003 -0.0181824 -0.0057159 0.9998152
91.922450 -1.2393472 -0.1847070 8.8856812 0.0030070 0.0087272 -0.0058249 0.9999405
92.131240 -1.2359335 -0.1858754 8.9223948 0.0071897 0.0328809 -0.0069500 0.9994093
92.444850 -1.2259928 -0.1879802 8.9754410 0.0098077 0.0815797 -0.0059899 0.9966006
92.654030 -1.2157242 -0.1894027 9.0087767 0.0096178 0.1193351 0.0004978 0.9928073
92.862950 -1.2032659 -0.1911007 9.0401335 0.0089626 0.1590691 0.0078192 0.9871958
93.072030 -1.1888144 -0.1926999 9.0695858 0.0083168 0.2010606 0.0097019 0.9794955
93.385200 -1.1627679 -0.1942363 9.1113796 0.0147924 0.2682373 0.0051199 0.9632257
93.698450 -1.1286335 -0.1958125 9.1499004 0.0214047 0.3365170 0.0091842 0.9413893
94.011550 -1.0901561 -0.1982509 9.1865520 0.0145268 0.4069366 -0.0063029 0.9133191
94.220100 -1.0592444 -0.1999969 9.2063179 0.0189772 0.4532105 -0.0016462 0.8912000
94.428710 -1.0256927 -0.2011470 9.2237825 0.0218004 0.4997225 -0.0035575 0.8659039
94.639870 -0.9884970 -0.2033146 9.2404041 0.0149687 0.5441575 -0.0109755 0.8387777
94.845720 -0.9475640 -0.2058386 9.2528801 0.0126982 0.5838044 -0.0089792 0.8117453
95.054000 -0.9036421 -0.2074288 9.2624302 0.0176201 0.6160014 -0.0073878 0.7875133
95.365960 -0.8313650 -0.2102591 9.2737045 0.0165562 0.6512122 -0.0056104 0.7586944
95.573810 -0.7790209 -0.2125060 9.2790165 0.0131909 0.6710559 -0.0060965 0.7412644
95.781890 -0.7241470 -0.2146445 9.2816229 0.0144833 0.6874042 -0.0077008 0.7260898
95.989690 -0.6659486 -0.2165707 9.2818823 0.0162677 0.7008979 -0.0046539 0.7130609
96.197610 -0.6039967 -0.2189787 9.2816830 0.0119235 0.7117242 -0.0035250 0.7023489
96.405440 -0.5404159 -0.2209678 9.2791395 0.0154726 0.7176069 -0.0011334 0.6962755
96.613110 -0.4734142 -0.2227415 9.2765017 0.0174349 0.7203434 0.0007635 0.6933981
96.820940 -0.4033770 -0.2251439 9.2743883 0.0150687 0.7218600 0.0009433 0.6918744
97.028860 -0.3321419 -0.2273019 9.2712107 0.0150551 0.7226061 0.0011816 0.6910950
97.237470 -0.2596270 -0.2295932 9.2681389 0.0140911 0.7222384 0.0048623 0.6914835
97.444500 -0.1871715 -0.2314946 9.2654209 0.0152199 0.7197630 0.0049851 0.6940351
97.652490 -0.1148587 -0.2338011 9.2633018 0.0155861 0.7174500 0.0056704 0.6964125
97.860460 -0.0419577 -0.2358031 9.2620392 0.0150893 0.7151770 0.0056262 0.6987578
98.068570 0.0310713 -0.2382117 9.2612438 0.0163004 0.7132580 0.0029807 0.7007056
98.276660 0.1051951 -0.2404664 9.2613821 0.0124765 0.7120092 0.0023064 0.7020555
98.484860 0.1799726 -0.2425862 9.2612553 0.0109461 0.7107885 0.0006498 0.7033203
98.693070 0.2545206 -0.2446708 9.2609463 0.0109276 0.7100323 -0.0013921 0.7040829
98.901370 0.3292242 -0.2474324 9.2609224 0.0095901 0.7099724 -0.0012722 0.7041631
99.109590 0.4033499 -0.2497127 9.2603245 0.0097881 0.7101282 0.0000028 0.7040043
99.317990 0.4772869 -0.2520368 9.2597113 0.0095657 0.7104453 -0.0000080 0.7036874
99.526340 0.5501465 -0.2544827 9.2594776 0.0073718 0.7115452 -0.0015030 0.7026001
99.734760 0.6233560 -0.2565585 9.2590504 0.0063075 0.7133095 -0.0024797 0.7008164
99.943090 0.6958612 -0.2585154 9.2581825 0.0026650 0.7147307 -0.0020066 0.6993918
100.151300 0.7675065 -0.2605236 9.2566862 0.0005789 0.7155680 -0.0007257 0.6985425
100.359800 0.8382612 -0.2622848 9.2551517 0.0041281 0.7157583 -0.0023426 0.6983320
100.568000 0.9086398 -0.2642543 9.2537556 0.0059288 0.7157690 -0.0031019 0.6983051
100.776300 0.9782950 -0.2664204 9.2521963 0.0051239 0.7163782 -0.0038410 0.6976829
100.985100 1.0477879 -0.2681812 9.2507057 0.0033306 0.7173712 -0.0032079 0.6966758
101.193100 1.1166602 -0.2701007 9.2491560 0.0015130 0.7186151 -0.0030430 0.6953998
101.401500 1.1848220 -0.2717666 9.2474260 0.0030575 0.7189891 -0.0041035 0.6950025
101.609900 1.2524426 -0.2735336 9.2455158 0.0032342 0.7187355 -0.0029839 0.6952697
101.818100 1.3197776 -0.2754514 9.2440109 0.0005608 0.7182513 -0.0030360 0.6957769
102.026500 1.3861049 -0.2769858 9.2425909 0.0006474 0.7179660 -0.0026480 0.6960728
102.234900 1.4517696 -0.2786493 9.2410498 0.0016693 0.7179715 -0.0059874 0.6960447
102.444200 1.5175517 -0.2802013 9.2390509 0.0016373 0.7180910 -0.0025884 0.6959425
102.651500 1.5822780 -0.2825437 9.2377310 0.0031977 0.7185590 -0.0070658 0.6954227
102.859900 1.6454515 -0.2844951 9.2354136 0.0131140 0.7176536 -0.0106319 0.6961956
103.068200 1.7092413 -0.2873769 9.2339573 0.0084084 0.7168922 -0.0070299 0.6970978
103.276500 1.7719458 -0.2897954 9.2327042 0.0062125 0.7153519 -0.0045748 0.6987218
103.484800 1.8337116 -0.2917358 9.2320404 0.0038243 0.7146744 -0.0059088 0.6994219
103.693400 1.8952619 -0.2939689 9.2314510 0.0017578 0.7148425 -0.0088936 0.6992267
103.901800 1.9560556 -0.2959272 9.2303391 0.0009074 0.7159099 -0.0100644 0.6981195
104.110100 2.0161581 -0.2980425 9.2291965 0.0004681 0.7169401 -0.0087190 0.6970801
104.422700 2.1043510 -0.3006423 9.2268791 0.0002313 0.7172561 -0.0080767 0.6967629
104.630800 2.1614730 -0.3025230 9.2258663 0.0004168 0.7165397 -0.0100308 0.6974740
104.839200 2.2181692 -0.3044066 9.2248697 0.0020932 0.7161861 -0.0117301 0.6978076
105.047500 2.2740440 -0.3064990 9.2241077 0.0017730 0.7161239 -0.0114892 0.6978763
105.256000 2.3294938 -0.3086388 9.2230778 -0.0002699 0.7159789 -0.0113430 0.6980297
105.464400 2.3848546 -0.3107200 9.2213106 0.0011759 0.7169423 -0.0092344 0.6970704
105.672800 2.4393721 -0.3123209 9.2200174 -0.0003726 0.7190132 -0.0102299 0.6949210
105.881400 2.4933479 -0.3141977 9.2178326 0.0013188 0.7208576 -0.0094349 0.6930177
106.089900 2.5477118 -0.3163215 9.2152214 0.0032291 0.7250440 -0.0119651 0.6885910
106.402800 2.6329598 -0.3195079 9.2101097 0.0020673 0.7307190 -0.0125774 0.6825593
106.715500 2.7216177 -0.3222828 9.2033186 0.0024375 0.7369175 -0.0128794 0.6758556
106.924000 2.7822661 -0.3245444 9.1977806 0.0009745 0.7407508 -0.0106437 0.6716949
107.236600 2.8768501 -0.3272091 9.1870708 0.0057515 0.7460783 -0.0107976 0.6657459
107.445000 2.9430046 -0.3294769 9.1789894 0.0071034 0.7490125 -0.0096103 0.6624480
107.653400 3.0114083 -0.3316237 9.1701365 0.0062750 0.7513615 -0.0060825 0.6598330
107.861600 3.0817807 -0.3337280 9.1606731 0.0067843 0.7523766 -0.0023689 0.6586940
108.071200 3.1545639 -0.3355048 9.1512690 0.0086393 0.7525326 -0.0024485 0.6584938
108.382200 3.2682390 -0.3386261 9.1366816 0.0137316 0.7514858 0.0004640 0.6596062
108.694500 3.3868632 -0.3420103 9.1216812 0.0171150 0.7472757 0.0056050 0.6642700
109.006700 3.5099514 -0.3449656 9.1088705 0.0172249 0.7423348 0.0047871 0.6697906
109.318900 3.6364634 -0.3488808 9.0982637 0.0163717 0.7374263 0.0061284 0.6752013
109.631400 3.7638693 -0.3530902 9.0885782 0.0213857 0.7351056 -0.0002302 0.6776152
109.839600 3.8504977 -0.3565397 9.0816011 0.0191271 0.7341579 0.0041288 0.6786968
110.152000 3.9801304 -0.3609591 9.0721264 0.0172611 0.7332605 0.0084496 0.6796762
110.361100 4.0662227 -0.3637151 9.0659838 0.0189335 0.7326078 0.0068361 0.6803532
110.568500 4.1520090 -0.3664016 9.0603914 0.0195678 0.7320162 0.0060310 0.6809795
110.776900 4.2373762 -0.3694548 9.0548372 0.0187466 0.7310137 0.0053946 0.6820839
110.985200 4.3221941 -0.3725647 9.0496359 0.0200701 0.7294865 0.0033520 0.6836925
111.193300 4.4067693 -0.3757533 9.0449457 0.0167013 0.7276118 0.0057561 0.6857616
111.401600 4.4907985 -0.3783963 9.0408401 0.0164473 0.7258296 0.0059022 0.6876525
111.609900 4.5741329 -0.3811196 9.0375671 0.0137815 0.7246585 0.0040033 0.6889587
111.818700 4.6571493 -0.3839009 9.0345306 0.0084387 0.7238319 0.0015757 0.6899229
112.026400 4.7386036 -0.3866592 9.0311460 0.0097114 0.7241366 -0.0007441 0.6895878
112.234700 4.8198900 -0.3894370 9.0278873 0.0122099 0.7241492 -0.0037407 0.6895251
112.443000 4.9011822 -0.3926001 9.0241776 0.0117304 0.7244702 -0.0021532 0.6892030
112.651700 4.9815679 -0.3954409 9.0207262 0.0087975 0.7255960 -0.0015082 0.6880631
112.859700 5.0612502 -0.3981605 9.0171909 0.0066187 0.7277023 -0.0035955 0.6858518
113.068100 5.1409717 -0.4007359 9.0124044 0.0059117 0.7304490 -0.0034193 0.6829330
113.276200 5.2200508 -0.4032632 9.0071783 0.0053071 0.7331986 -0.0042889 0.6799803
113.484600 5.2983031 -0.4056580 9.0012007 0.0066431 0.7363278 -0.0057060 0.6765683
113.692900 5.3769484 -0.4084293 8.9942913 0.0057084 0.7408206 -0.0058090 0.6716535
113.901400 5.4559870 -0.4108729 8.9858055 0.0045363 0.7465308 -0.0040965 0.6653228
114.109700 5.5344524 -0.4130659 8.9756956 0.0033985 0.7525885 -0.0029523 0.6584758
114.318100 5.6129746 -0.4149888 8.9640503 0.0033344 0.7585724 -0.0026970 0.6515747
114.526500 5.6911278 -0.4171376 8.9514322 0.0055332 0.7648986 -0.0021518 0.6441234
114.839100 5.8084393 -0.4202444 8.9280672 0.0079222 0.7749997 0.0004402 0.6319118
115.047500 5.8865905 -0.4221858 8.9106750 0.0116926 0.7811169 0.0013065 0.6242740
115.359900 6.0030041 -0.4257798 8.8821468 0.0171246 0.7850161 0.0069705 0.6191993
115.568000 6.0807815 -0.4280169 8.8634214 0.0224358 0.7844510 0.0084221 0.6197276
115.775900 6.1582975 -0.4303994 8.8455248 0.0256513 0.7813818 0.0114419 0.6234209
115.983800 6.2363763 -0.4328089 8.8281593 0.0252495 0.7771360 0.0181589 0.6285636
116.191900 6.3141232 -0.4347041 8.8123512 0.0278488 0.7737661 0.0184584 0.6325897
116.400000 6.3916101 -0.4370873 8.7974215 0.0318650 0.7699875 0.0156752 0.6370701
116.608000 6.4699502 -0.4396329 8.7839165 0.0292720 0.7659721 0.0154591 0.6420209
116.816100 6.5472212 -0.4421051 8.7711639 0.0288603 0.7614521 0.0177940 0.6473338
117.024500 6.6238241 -0.4443922 8.7598953 0.0288415 0.7585179 0.0155753 0.6508272
117.232900 6.6989384 -0.4471669 8.7486992 0.0308675 0.7577442 0.0147823 0.6516536
117.441200 6.7726278 -0.4493941 8.7375393 0.0286567 0.7571977 0.0194498 0.6522670
117.649600 6.8427210 -0.4517409 8.7273340 0.0265036 0.7567491 0.0221285 0.6527930
117.858100 6.9103031 -0.4536891 8.7172947 0.0302695 0.7564462 0.0189168 0.6530812
118.066500 6.9788160 -0.4552442 8.7073946 0.0310426 0.7563903 0.0165976 0.6531727
118.275000 7.0474319 -0.4573728 8.6976280 0.0305434 0.7570934 0.0185810 0.6523277
118.483500 7.1155267 -0.4592206 8.6873732 0.0285621 0.7580840 0.0231255 0.6511207
118.692000 7.1824827 -0.4608304 8.6768456 0.0304655 0.7589123 0.0249778 0.6500001
118.900700 7.2485452 -0.4624501 8.6664000 0.0357804 0.7585405 0.0208739 0.6503078
119.109400 7.3144841 -0.4644381 8.6564531 0.0361656 0.7567753 0.0216913 0.6523134
119.317100 7.3802404 -0.4663777 8.6477289 0.0327646 0.7538446 0.0233126 0.6558211
119.525400 7.4453416 -0.4681703 8.6396532 0.0317790 0.7512304 0.0223290 0.6588963
119.733800 7.5084805 -0.4703958 8.6316166 0.0334764 0.7489216 0.0208828 0.6614829
119.942000 7.5728540 -0.4722430 8.6245871 0.0312859 0.7473852 0.0225630 0.6632703
120.150300 7.6352949 -0.4740584 8.6168432 0.0297087 0.7460250 0.0238846 0.6648260
120.463100 7.7246680 -0.4768046 8.6074028 0.0301874 0.7458505 0.0173686 0.6652023
120.671400 7.7820635 -0.4785210 8.6014185 0.0265273 0.7461418 0.0171728 0.6650367
120.879900 7.8359532 -0.4801901 8.5954075 0.0242921 0.7463349 0.0200317 0.6648254
121.088200 7.8859897 -0.4817899 8.5898323 0.0238784 0.7463107 0.0177464 0.6649325
121.400800 7.9522872 -0.4836846 8.5825672 0.0270627 0.7456266 0.0153029 0.6656384
121.609400 7.9922576 -0.4852025 8.5786972 0.0253758 0.7452866 0.0136479 0.6661214
121.922200 8.0481958 -0.4874640 8.5722437 0.0273546 0.7472033 0.0108544 0.6639436
122.238500 8.1015310 -0.4897305 8.5654345 0.0279314 0.7520362 0.0103680 0.6584482
122.443800 8.1348925 -0.4909391 8.5601377 0.0288557 0.7553803 0.0115191 0.6545497
122.757700 8.1779814 -0.4928100 8.5529976 0.0282605 0.7596788 0.0131148 0.6495517
123.069400 8.2160702 -0.4941968 8.5464220 0.0305961 0.7635447 0.0116343 0.6449248
123.382300 8.2535801 -0.4956056 8.5391293 0.0305555 0.7685438 0.0137657 0.6389188
123.695100 8.2896605 -0.4969299 8.5315371 0.0297159 0.7742215 0.0127632 0.6320879
124.008300 8.3251553 -0.4981155 8.5228138 0.0312344 0.7829618 0.0104369 0.6211975
124.321000 8.3620272 -0.4994742 8.5121422 0.0308782 0.7965220 0.0081609 0.6037654
124.634000 8.4004583 -0.5007056 8.4993057 0.0280476 0.8116001 0.0059278 0.5835096
124.947000 8.4398718 -0.5022410 8.4830141 0.0290320 0.8299161 0.0043797 0.5571151
125.260000 8.4824104 -0.5041958 8.4621792 0.0242024 0.8517981 0.0008333 0.5233102
125.573000 8.5263386 -0.5054430 8.4339170 0.0233401 0.8754113 0.0022478 0.4828096
125.886700 8.5707464 -0.5071415 8.3993740 0.0214230 0.8995330 0.0039595 0.4363092
126.094600 8.6001549 -0.5075898 8.3713131 0.0216778 0.9150010 0.0052215 0.4028349
126.303100 8.6285563 -0.5082225 8.3402128 0.0194288 0.9295158 0.0064364 0.3682137
126.511700 8.6554022 -0.5084952 8.3057203 0.0181869 0.9429075 0.0062550 0.3324989
126.720300 8.6801558 -0.5086107 8.2678270 0.0192939 0.9547529 0.0062011 0.2967089
126.928800 8.7043457 -0.5091681 8.2262077 0.0192033 0.9647552 0.0062865 0.2623720
127.137100 8.7270966 -0.5094446 8.1809759 0.0187100 0.9735702 0.0067341 0.2275206
127.345600 8.7467222 -0.5096376 8.1325436 0.0168221 0.9813473 0.0099285 0.1912482
127.554100 8.7626781 -0.5093446 8.0810986 0.0185810 0.9878824 0.0155470 0.1533016
127.762600 8.7758293 -0.5087702 8.0260668 0.0161486 0.9932346 0.0162893 0.1138366
127.971300 8.7838230 -0.5075138 7.9693699 0.0212239 0.9968769 0.0158919 0.0743870
128.179700 8.7875271 -0.5069094 7.9107294 0.0223106 0.9990692 0.0125561 0.0347193
128.387800 8.7874250 -0.5062681 7.8506637 0.0247328 0.9996617 0.0080168 0.0007190
128.596100 8.7835369 -0.5055054 7.7880111 0.0268745 0.9991786 0.0091739 -0.0289066
128.804200 8.7767935 -0.5049428 7.7240248 0.0265752 0.9981239 0.0113283 -0.0539826
129.012400 8.7672548 -0.5039608 7.6590824 0.0257343 0.9968090 0.0130959 -0.0744182
129.220400 8.7553844 -0.5025921 7.5930252 0.0239155 0.9950907 0.0172436 -0.0944733
129.428500 8.7406616 -0.5000513 7.5261588 0.0213547 0.9929691 0.0221015 -0.1143150
129.636700 8.7227001 -0.4976014 7.4586859 0.0174299 0.9908433 0.0231634 -0.1318682
129.844800 8.7031689 -0.4954454 7.3912272 0.0165662 0.9890405 0.0164460 -0.1457874
130.052900 8.6812239 -0.4933335 7.3216767 0.0163707 0.9874068 0.0147955 -0.1566551
130.261000 8.6568699 -0.4915052 7.2512417 0.0214994 0.9862013 0.0163050 -0.1633365
130.469000 8.6321850 -0.4896851 7.1805305 0.0220741 0.9854970 0.0151114 -0.1675709
130.677700 8.6068134 -0.4883353 7.1091700 0.0236102 0.9849722 0.0139636 -0.1705210
130.989400 8.5681295 -0.4863109 7.0016603 0.0271272 0.9851109 0.0136822 -0.1692138
131.302500 8.5312939 -0.4838266 6.8942170 0.0309483 0.9862116 0.0144077 -0.1619299
131.613500 8.4967985 -0.4815742 6.7861366 0.0313681 0.9877691 0.0150834 -0.1519896
131.925800 8.4652863 -0.4790965 6.6790504 0.0321093 0.9891610 0.0150893 -0.1424845
132.238000 8.4368515 -0.4773901 6.5762272 0.0317104 0.9901416 0.0172798 -0.1353346
132.550700 8.4110851 -0.4751502 6.4806995 0.0304057 0.9904666 0.0169300 -0.1332847
132.865500 8.3868465 -0.4730129 6.3918123 0.0295398 0.9903562 0.0167856 -0.1343138
133.072500 8.3714504 -0.4718105 6.3357935 0.0292919 0.9899420 0.0167703 -0.1373885
133.385700 8.3487091 -0.4706610 6.2580352 0.0282926 0.9888166 0.0166272 -0.1454813
133.698000 8.3245564 -0.4694065 6.1846218 0.0272438 0.9863616 0.0164841 -0.1614834
134.115500 8.2873039 -0.4674466 6.0944118 0.0271010 0.9783705 0.0166470 -0.2044005
134.429100 8.2535467 -0.4658398 6.0344572 0.0234466 0.9659888 0.0154550 -0.2570546
134.742800 8.2130127 -0.4645206 5.9816103 0.0231663 0.9463470 0.0121355 -0.3220923
135.056400 8.1655407 -0.4629010 5.9365606 0.0226227 0.9188858 0.0138269 -0.3936318
135.265300 8.1304064 -0.4615929 5.9110131 0.0198489 0.8966826 0.0160648 -0.4419371
135.473900 8.0935574 -0.4601414 5.8909879 0.0206078 0.8723088 0.0166683 -0.4882365
135.578300 8.0739784 -0.4591217 5.8818331 -0.0193376 -0.8590332 -0.0174143 0.5112580
135.787000 8.0324106 -0.4576078 5.8658338 -0.0162300 -0.8312876 -0.0217084 0.5551813
135.891300 8.0109596 -0.4568387 5.8595753 -0.0159477 -0.8167961 -0.0221525 0.5762804
135.995500 7.9888086 -0.4559525 5.8542395 -0.0154936 -0.8021971 -0.0217788 0.5964608
136.204000 7.9432707 -0.4542657 5.8463335 -0.0143586 -0.7743038 -0.0235791 0.6322116
136.412100 7.8948112 -0.4523279 5.8412228 -0.0169532 -0.7499715 -0.0254914 0.6607614
136.620200 7.8437386 -0.4502007 5.8382998 -0.0171873 -0.7300693 -0.0277604 0.6825927
136.932000 7.7631135 -0.4464400 5.8378377 -0.0110822 -0.7080677 -0.0265501 0.7055582
137.347700 7.6433768 -0.4411053 5.8419638 -0.0095898 -0.6884041 -0.0292236 0.7246749
139.533500 6.8483086 -0.4080763 5.9130769 -0.0039653 -0.6657934 -0.0339083 0.7453547
147.763200 3.4285111 -0.2848382 6.2607064 -0.0051902 -0.6764620 -0.0349520 0.7356294
157.554600 -0.5109416 -0.1505214 6.5610895 -0.0150257 -0.6458648 -0.0238650 0.7629308
157.971200 -0.6114321 -0.1470010 6.5774269 -0.0196257 -0.6507618 -0.0203963 0.7587542
158.387700 -0.6994480 -0.1439419 6.5891595 -0.0230521 -0.6575960 -0.0190210 0.7527778
158.908600 -0.7883477 -0.1410906 6.5996633 -0.0201919 -0.6659075 -0.0167519 0.7455729
159.429800 -0.8518800 -0.1390789 6.6048136 -0.0173362 -0.6712862 -0.0171995 0.7407959
159.950900 -0.8978954 -0.1382973 6.6086078 -0.0149645 -0.6752796 -0.0152846 0.7372516
160.472200 -0.9387926 -0.1372381 6.6116476 -0.0136212 -0.6791280 -0.0134807 0.7337697
160.993400 -0.9788985 -0.1361019 6.6141477 -0.0158507 -0.6830103 -0.0128475 0.7301237
161.514400 -1.0232379 -0.1352757 6.6153212 -0.0079568 -0.6886021 -0.0137146 0.7249660
161.931200 -1.0713210 -0.1344987 6.6170034 -0.0067805 -0.6938013 -0.0124386 0.7200271
162.348200 -1.1332099 -0.1330081 6.6176686 0.0001884 -0.6948593 -0.0146769 0.7189959
162.765100 -1.2107803 -0.1313606 6.6197772 -0.0040164 -0.6928205 -0.0218491 0.7207679
163.182100 -1.3001419 -0.1286251 6.6243238 -0.0160292 -0.6919727 -0.0164265 0.7215587
163.598900 -1.4025159 -0.1243124 6.6285357 -0.0197704 -0.6949334 -0.0129537 0.7186856
163.911400 -1.4870741 -0.1217258 6.6299334 -0.0149422 -0.6980347 -0.0104850 0.7158312
164.224100 -1.5776448 -0.1190329 6.6313539 -0.0099242 -0.6993939 -0.0072261 0.7146310
164.536900 -1.6755719 -0.1166506 6.6327734 -0.0121776 -0.7006507 -0.0113802 0.7133098
164.849700 -1.7804035 -0.1142022 6.6336031 -0.0091516 -0.7016026 -0.0104483 0.7124330
165.162300 -1.8879284 -0.1121873 6.6346445 -0.0122807 -0.7024039 -0.0140352 0.7115343
165.475000 -1.9997051 -0.1099026 6.6351523 -0.0118416 -0.7019127 -0.0153601 0.7119989
165.787800 -2.1166427 -0.1066860 6.6365418 -0.0113076 -0.7000101 -0.0152070 0.7138814
166.100600 -2.2386758 -0.1035709 6.6383424 -0.0120387 -0.6981366 -0.0158693 0.7156875
166.413200 -2.3635116 -0.1005892 6.6404400 -0.0124127 -0.6973613 -0.0140773 0.7164740
166.725700 -2.4907022 -0.0972065 6.6426239 -0.0125853 -0.6980417 -0.0154078 0.7157807
166.934000 -2.5752463 -0.0953480 6.6443024 -0.0107680 -0.6987775 -0.0144277 0.7151125
167.142500 -2.6611888 -0.0934505 6.6452680 -0.0111326 -0.6990655 -0.0171409 0.7147655
167.351000 -2.7480440 -0.0913369 6.6464977 -0.0126818 -0.6988885 -0.0167546 0.7149218
167.455000 -2.7912483 -0.0899707 6.6470504 -0.0132682 -0.6986030 -0.0169988 0.7151845
167.663200 -2.8786519 -0.0879629 6.6483636 -0.0145738 -0.6985024 -0.0171087 0.7152547
167.767400 -2.9222941 -0.0867258 6.6487455 -0.0135960 -0.6984297 -0.0174769 0.7153361
167.871500 -2.9654593 -0.0855932 6.6493816 -0.0120472 -0.6983980 -0.0181453 0.7153782
167.975600 -3.0086854 -0.0847809 6.6497083 -0.0104429 -0.6981727 -0.0177005 0.7156343
168.183900 -3.0963027 -0.0826180 6.6506438 -0.0090252 -0.6981528 -0.0212882 0.7155753
168.288000 -3.1405168 -0.0812965 6.6514106 -0.0120082 -0.6982236 -0.0238248 0.7153825
168.392100 -3.1849332 -0.0797257 6.6521573 -0.0141448 -0.6981800 -0.0265057 0.7152916
168.600500 -3.2727976 -0.0765158 6.6530771 -0.0103627 -0.6982077 -0.0253506 0.7153713
168.704700 -3.3166966 -0.0753919 6.6538262 -0.0077954 -0.6981371 -0.0228425 0.7155572
168.913000 -3.4044852 -0.0731069 6.6552253 -0.0069106 -0.6975767 -0.0208199 0.7161742
169.121700 -3.4935114 -0.0706679 6.6573343 -0.0093043 -0.6973856 -0.0200905 0.7163540
169.225900 -3.5376143 -0.0696102 6.6582527 -0.0096635 -0.6974818 -0.0194965 0.7162721
169.434000 -3.6256921 -0.0676027 6.6600266 -0.0097359 -0.6978865 -0.0171593 0.7159365
169.538100 -3.6702669 -0.0664192 6.6609383 -0.0093999 -0.6982267 -0.0169584 0.7156141
169.746400 -3.7592456 -0.0644769 6.6624675 -0.0130860 -0.6988409 -0.0178839 0.7149338
169.954800 -3.8475668 -0.0619187 6.6637201 -0.0129825 -0.6992192 -0.0180515 0.7145615
170.059000 -3.8911426 -0.0607041 6.6643314 -0.0101449 -0.6995330 -0.0174402 0.7143154
170.163200 -3.9349806 -0.0597140 6.6648817 -0.0086872 -0.6997119 -0.0168763 0.7141730
170.371500 -4.0233974 -0.0571607 6.6659994 -0.0104785 -0.7000034 -0.0193975 0.7137991
170.580000 -4.1115470 -0.0552744 6.6672688 -0.0114656 -0.7005399 -0.0203362 0.7132312
170.788300 -4.1994977 -0.0526944 6.6677094 -0.0084806 -0.7013522 -0.0206616 0.7124649
170.996500 -4.2881451 -0.0507629 6.6680918 -0.0071201 -0.7025713 -0.0219868 0.7112380
171.204900 -4.3767400 -0.0482124 6.6683331 -0.0063249 -0.7048171 -0.0205489 0.7090632
171.413200 -4.4656501 -0.0466051 6.6682601 -0.0067108 -0.7064657 -0.0168327 0.7075152
171.621400 -4.5547447 -0.0451528 6.6674924 -0.0046478 -0.7081000 -0.0152869 0.7059314
171.829800 -4.6441069 -0.0438323 6.6661658 -0.0067969 -0.7094927 -0.0185867 0.7044348
172.038000 -4.7338285 -0.0419015 6.6647539 -0.0084574 -0.7110514 -0.0207915 0.7027817
172.247200 -4.8230772 -0.0397953 6.6627665 -0.0064857 -0.7127548 -0.0167711 0.7011827
172.454600 -4.9127645 -0.0383505 6.6605849 -0.0058221 -0.7146853 -0.0154180 0.6992519
172.662800 -5.0027843 -0.0369617 6.6576600 -0.0071140 -0.7165132 -0.0177362 0.6973118
172.871000 -5.0933952 -0.0354441 6.6543207 -0.0071444 -0.7182240 -0.0177798 0.6955481
173.079300 -5.1841307 -0.0335986 6.6506233 -0.0076675 -0.7200660 -0.0164711 0.6936677
173.287500 -5.2746434 -0.0319146 6.6462722 -0.0071634 -0.7217792 -0.0150094 0.6919235
173.495800 -5.3644361 -0.0305098 6.6413622 -0.0075076 -0.7229816 -0.0148226 0.6906675
173.808100 -5.5004907 -0.0284035 6.6339250 -0.0105546 -0.7246928 -0.0136684 0.6888556
174.120500 -5.6360159 -0.0256037 6.6263466 -0.0099195 -0.7265056 -0.0128168 0.6869694
174.329000 -5.7268481 -0.0241992 6.6205292 -0.0101323 -0.7272749 -0.0117503 0.6861709
174.641400 -5.8637524 -0.0219806 6.6114969 -0.0119393 -0.7279632 -0.0106667 0.6854293
174.849700 -5.9545479 -0.0207167 6.6057839 -0.0146398 -0.7278026 -0.0093795 0.6855662
175.058000 -6.0450544 -0.0193437 6.5997124 -0.0116997 -0.7278371 -0.0075169 0.6856090
175.266300 -6.1360159 -0.0181697 6.5935755 -0.0092657 -0.7276649 -0.0102810 0.6857931
175.578600 -6.2720895 -0.0156654 6.5841136 -0.0116115 -0.7280673 -0.0124946 0.6852934
175.891100 -6.4082017 -0.0135007 6.5747037 -0.0096158 -0.7287709 -0.0119445 0.6845859
176.203400 -6.5448427 -0.0112684 6.5649848 -0.0082450 -0.7288699 -0.0130391 0.6844784
176.515700 -6.6818242 -0.0087243 6.5554714 -0.0091606 -0.7286211 -0.0125847 0.6847401
176.723900 -6.7728853 -0.0073244 6.5493817 -0.0094907 -0.7286394 -0.0119435 0.6847277
177.036200 -6.9100389 -0.0055337 6.5396376 -0.0081058 -0.7285510 -0.0123861 0.6848316
177.244500 -7.0006638 -0.0041498 6.5335646 -0.0096058 -0.7286634 -0.0118165 0.6847026
177.556900 -7.1358833 -0.0023339 6.5245190 -0.0122977 -0.7292968 -0.0097454 0.6840175
177.764900 -7.2254591 -0.0011401 6.5177212 -0.0111999 -0.7293655 -0.0090445 0.6839728
177.973600 -7.3153372 0.0000735 6.5111866 -0.0137783 -0.7293452 -0.0117410 0.6839063
178.181400 -7.4046345 0.0017525 6.5053110 -0.0150889 -0.7293398 -0.0101078 0.6839105
178.389700 -7.4918046 0.0028045 6.4988279 -0.0076392 -0.7289084 -0.0053483 0.6845477
178.598000 -7.5805297 0.0035223 6.4928956 -0.0119021 -0.7286471 -0.0086277 0.6847315
178.806200 -7.6683321 0.0051667 6.4867024 -0.0159557 -0.7283850 -0.0120568 0.6848761
179.014500 -7.7542439 0.0064344 6.4811549 -0.0133094 -0.7283418 -0.0068191 0.6850508
179.326700 -7.8815517 0.0072639 6.4726772 -0.0191739 -0.7293614 -0.0054801 0.6838380
179.534800 -7.9669309 0.0096507 6.4669800 -0.0262903 -0.7290434 -0.0111028 0.6838723
179.847200 -8.0889988 0.0115500 6.4576435 -0.0132728 -0.7293140 -0.0041030 0.6840381
180.055500 -8.1700439 0.0121857 6.4517326 -0.0141388 -0.7295600 -0.0065373 0.6837395
180.263700 -8.2508478 0.0137078 6.4455829 -0.0186917 -0.7296463 -0.0137495 0.6834309
180.471900 -8.3302383 0.0153997 6.4402981 -0.0183082 -0.7304356 -0.0132498 0.6826076
180.576000 -8.3692989 0.0162601 6.4373431 -0.0183835 -0.7305118 -0.0122681 0.6825423
180.784300 -8.4465637 0.0180739 6.4314075 -0.0159659 -0.7304403 -0.0083648 0.6827387
180.992700 -8.5224380 0.0191329 6.4259901 -0.0168853 -0.7297451 -0.0085722 0.6834570
181.201300 -8.5976477 0.0203384 6.4208550 -0.0134361 -0.7288969 -0.0075759 0.6844497
181.409200 -8.6715212 0.0213550 6.4155083 -0.0124443 -0.7284269 -0.0083473 0.6849597
181.617500 -8.7435179 0.0219339 6.4101820 -0.0141230 -0.7287533 -0.0096199 0.6845632
181.825600 -8.8150253 0.0224564 6.4047441 -0.0125266 -0.7301571 -0.0095526 0.6830977
182.033900 -8.8860474 0.0236841 6.3990841 -0.0120145 -0.7324896 -0.0102738 0.6805946
182.241800 -8.9562607 0.0246956 6.3927813 -0.0143236 -0.7352614 -0.0113884 0.6775365
182.554000 -9.0593843 0.0263527 6.3822174 -0.0138141 -0.7405702 -0.0071374 0.6717990
182.762300 -9.1271601 0.0273112 6.3740683 -0.0151731 -0.7446890 -0.0063441 0.6672090
182.970500 -9.1949911 0.0284082 6.3651505 -0.0175393 -0.7493107 -0.0099102 0.6619120
183.283100 -9.2941456 0.0302953 6.3503180 -0.0134239 -0.7548155 -0.0074860 0.6557571
183.491500 -9.3599052 0.0311212 6.3397136 -0.0102250 -0.7560912 -0.0127351 0.6542624
183.700300 -9.4244995 0.0319749 6.3292689 -0.0082100 -0.7557374 -0.0167772 0.6546083
183.908700 -9.4890165 0.0333285 6.3195148 -0.0084284 -0.7549484 -0.0187625 0.6554615
184.117400 -9.5515032 0.0346922 6.3097305 -0.0047200 -0.7533123 -0.0216474 0.6572896
184.326100 -9.6115294 0.0358620 6.3009853 -0.0006706 -0.7486649 -0.0239294 0.6625163
184.534700 -9.6701565 0.0367616 6.2940445 0.0014053 -0.7401872 -0.0272228 0.6718482
184.743300 -9.7260618 0.0379308 6.2891331 0.0012335 -0.7315111 -0.0266529 0.6813073
184.951900 -9.7807312 0.0386742 6.2857776 0.0006976 -0.7228014 -0.0273194 0.6905152
185.369100 -9.8829317 0.0405205 6.2835402 0.0005199 -0.7027011 -0.0285249 0.7109130
185.681900 -9.9555264 0.0418772 6.2863836 -0.0004361 -0.6867160 -0.0262998 0.7264498
186.203000 -10.0676203 0.0437543 6.2977185 -0.0000001 -0.6592637 -0.0220211 0.7515893
186.619800 -10.1487999 0.0446153 6.3106785 -0.0026356 -0.6400373 -0.0217439 0.7680315
186.932200 -10.2052441 0.0451429 6.3211880 -0.0053672 -0.6329296 -0.0181788 0.7739773
187.244300 -10.2576017 0.0457782 6.3312292 -0.0078624 -0.6344668 -0.0170814 0.7727214
187.660100 -10.3212461 0.0463246 6.3407245 -0.0108523 -0.6501250 -0.0153288 0.7595951
188.387800 -10.4142342 0.0480409 6.3419447 -0.0139500 -0.7142017 -0.0150523 0.6996390
188.907700 -10.4695492 0.0490264 6.3285127 -0.0067128 -0.7752832 -0.0148207 0.6314042
189.428300 -10.5186100 0.0501924 6.3054457 0.0008218 -0.8281112 -0.0187999 0.5602480
189.844800 -10.5555754 0.0509828 6.2824016 0.0017394 -0.8627385 -0.0241201 0.5050716
190.366500 -10.5980330 0.0528146 6.2476215 -0.0097215 0.8927041 0.0285082 -0.4496357
190.783200 -10.6319084 0.0529754 6.2181516 -0.0053010 0.9087820 0.0221240 -0.4166506
191.096200 -10.6567707 0.0543536 6.1937728 -0.0040433 0.9198817 0.0136977 -0.3919359
191.200200 -10.6651125 0.0548045 6.1847668 -0.0037150 0.9236954 0.0135290 -0.3828706
191.408800 -10.6811924 0.0551292 6.1654654 -0.0007820 0.9321713 0.0164789 -0.3616412
191.616900 -10.6969271 0.0555160 6.1446276 0.0028343 0.9414626 0.0173826 -0.3366571
191.825000 -10.7117958 0.0559838 6.1217713 0.0029435 0.9504555 0.0186918 -0.3102842
192.034000 -10.7260723 0.0565109 6.0969477 0.0041660 0.9595928 0.0185825 -0.2807473
192.241400 -10.7397633 0.0574517 6.0698171 0.0064805 0.9682844 0.0154341 -0.2492894
192.449700 -10.7518606 0.0587276 6.0393705 0.0022637 0.9762393 0.0137428 -0.2162473
192.657900 -10.7642031 0.0593341 6.0055676 0.0063974 0.9827601 0.0148962 -0.1841733
192.866300 -10.7755289 0.0600077 5.9678860 0.0064179 0.9872839 0.0151776 -0.1581103
193.075100 -10.7866364 0.0613077 5.9263434 0.0034506 0.9896228 0.0165507 -0.1426914
193.283700 -10.7990942 0.0626910 5.8811250 0.0078602 0.9911508 0.0165986 -0.1314641
193.492200 -10.8113146 0.0640417 5.8311024 0.0123814 0.9930152 0.0141011 -0.1164847
193.700500 -10.8223095 0.0657593 5.7764063 0.0133398 0.9947749 0.0132487 -0.1003463
193.909100 -10.8325758 0.0674502 5.7168770 0.0164078 0.9961674 0.0155330 -0.0844995
194.117500 -10.8413429 0.0692162 5.6531725 0.0177814 0.9971895 0.0151056 -0.0711949
194.430500 -10.8533278 0.0721213 5.5490146 0.0173395 0.9980409 0.0136405 -0.0585466
194.743500 -10.8652248 0.0746050 5.4365144 0.0177029 0.9983282 0.0140349 -0.0532016
194.952100 -10.8732910 0.0764840 5.3563528 0.0185988 0.9984066 0.0142157 -0.0513437
195.160600 -10.8812370 0.0785675 5.2724595 0.0206252 0.9984185 0.0156339 -0.0499065
195.369000 -10.8894348 0.0810063 5.1837826 0.0218914 0.9984728 0.0154848 -0.0483018
195.577500 -10.8976994 0.0831706 5.0919714 0.0213748 0.9986009 0.0123080 -0.0467746
195.786100 -10.9054785 0.0853023 4.9953985 0.0194024 0.9986859 0.0134613 -0.0454837
195.994400 -10.9144392 0.0880181 4.8973274 0.0210431 0.9986374 0.0189411 -0.0438380
196.202800 -10.9226980 0.0909762 4.8000107 0.0241181 0.9986085 0.0213825 -0.0417383
196.411200 -10.9302359 0.0931288 4.7034874 0.0235012 0.9987616 0.0186543 -0.0396856
196.723700 -10.9399548 0.0965287 4.5590358 0.0198814 0.9989560 0.0194306 -0.0362515
196.932000 -10.9454899 0.0988008 4.4626455 0.0193770 0.9990416 0.0198736 -0.0338433
197.244800 -10.9543324 0.1023274 4.3188357 0.0211065 0.9991137 0.0202383 -0.0302782
197.557200 -10.9617624 0.1054270 4.1764154 0.0187451 0.9992231 0.0207571 -0.0277686
197.869800 -10.9686213 0.1085002 4.0340924 0.0175066 0.9992859 0.0202173 -0.0266923
198.182200 -10.9754591 0.1119404 3.8925066 0.0186940 0.9992855 0.0209415 -0.0253075
198.494500 -10.9816046 0.1150747 3.7527070 0.0177203 0.9993616 0.0207959 -0.0230182
198.911000 -10.9879961 0.1187715 3.5688999 0.0164547 0.9994791 0.0198562 -0.0194046
199.223300 -10.9926348 0.1214998 3.4316320 0.0156738 0.9995154 0.0199801 -0.0180013
199.535700 -10.9961100 0.1246419 3.2961123 0.0153241 0.9995250 0.0198124 -0.0179582
199.848200 -11.0004902 0.1272965 3.1614995 0.0131749 0.9995098 0.0185687 -0.0214922
200.160900 -11.0062151 0.1302567 3.0290260 0.0159224 0.9993459 0.0171393 -0.0275765
200.577400 -11.0157356 0.1339624 2.8513145 0.0142646 0.9990245 0.0262344 -0.0325336
200.889800 -11.0235004 0.1373926 2.7184081 0.0104840 0.9991243 0.0214334 -0.0343715
201.306400 -11.0349550 0.1428238 2.5413926 0.0137031 0.9990860 0.0219139 -0.0340481
201.723300 -11.0461073 0.1484042 2.3628862 0.0119094 0.9990299 0.0237155 -0.0351428
202.139600 -11.0570345 0.1535185 2.1876595 0.0138880 0.9990903 0.0234055 -0.0328322
202.347900 -11.0616999 0.1557966 2.0999932 0.0126501 0.9991462 0.0241156 -0.0310688
202.660400 -11.0681477 0.1593799 1.9699552 0.0122161 0.9992374 0.0239038 -0.0283537
202.972900 -11.0741549 0.1630068 1.8395534 0.0109989 0.9993314 0.0233715 -0.0258771
203.285500 -11.0797625 0.1664771 1.7116402 0.0095738 0.9993690 0.0239899 -0.0243828
203.598100 -11.0847530 0.1699331 1.5861783 0.0079410 0.9993829 0.0234423 -0.0249271
203.806500 -11.0883131 0.1723965 1.5026002 0.0066913 0.9993812 0.0229386 -0.0258137
204.015000 -11.0923719 0.1744139 1.4191990 0.0050994 0.9993004 0.0237617 -0.0284271
204.223400 -11.0967665 0.1765623 1.3356893 0.0055317 0.9991884 0.0244169 -0.0315571
204.431900 -11.1012135 0.1790629 1.2535635 0.0055294 0.9991056 0.0238085 -0.0345063
204.640500 -11.1065350 0.1813259 1.1717824 0.0052894 0.9990438 0.0235464 -0.0364558
204.848800 -11.1119957 0.1835152 1.0910195 0.0054263 0.9989831 0.0235871 -0.0380376
205.057100 -11.1178522 0.1855141 1.0097580 0.0055664 0.9989305 0.0236928 -0.0393149
205.265300 -11.1240578 0.1878080 0.9297000 0.0061507 0.9989085 0.0228447 -0.0402746
205.473600 -11.1296778 0.1901984 0.8496686 0.0068352 0.9988925 0.0238792 -0.0399607
205.681700 -11.1348801 0.1926304 0.7694868 0.0081198 0.9990184 0.0236884 -0.0365405
205.889700 -11.1392326 0.1950072 0.6899526 0.0087961 0.9992571 0.0236259 -0.0291480
206.097700 -11.1423130 0.1972368 0.6108624 0.0090441 0.9994769 0.0241710 -0.0194913
206.305800 -11.1432600 0.1996428 0.5316470 0.0090312 0.9996048 0.0250437 -0.0090297
206.513700 -11.1425142 0.2020017 0.4532731 0.0101300 0.9996636 0.0237833 0.0021205
206.722100 -11.1396217 0.2042335 0.3758440 0.0114039 0.9995833 0.0220318 0.0147589
206.929800 -11.1341305 0.2069745 0.2975187 0.0131906 0.9991602 0.0232320 0.0310661
207.137600 -11.1267567 0.2087561 0.2204629 0.0143398 0.9983938 0.0213561 0.0504793
207.449700 -11.1088924 0.2113834 0.1039234 0.0133904 0.9963678 0.0219874 0.0811690
207.657600 -11.0934038 0.2135653 0.0263283 0.0136335 0.9943359 0.0212737 0.1032364
207.865600 -11.0737734 0.2148318 -0.0506954 0.0139321 0.9917372 0.0196154 0.1260094
208.073600 -11.0503635 0.2164447 -0.1280887 0.0138381 0.9885221 0.0184153 0.1493101
208.281600 -11.0229397 0.2179018 -0.2049346 0.0136119 0.9847055 0.0191949 0.1726305
208.593700 -10.9744587 0.2197548 -0.3190625 0.0159930 0.9777435 0.0196561 0.2082680
208.698000 -10.9563427 0.2204998 -0.3561337 0.0158276 0.9751962 0.0195623 0.2199069
208.905800 -10.9171181 0.2217371 -0.4296761 0.0141977 0.9700420 0.0206536 0.2416408
209.114100 -10.8741150 0.2230770 -0.5029445 0.0139911 0.9647990 0.0170054 0.2620646
209.322400 -10.8274584 0.2236909 -0.5763688 0.0129723 0.9596946 0.0161415 0.2802811
209.531200 -10.7775106 0.2245288 -0.6491313 0.0107553 0.9558170 0.0145055 0.2934073
209.739400 -10.7249384 0.2249132 -0.7230215 0.0083023 0.9533056 0.0138658 0.3015746
209.947900 -10.6707077 0.2254395 -0.7976317 0.0078792 0.9518824 0.0128308 0.3060935
210.156700 -10.6148548 0.2257120 -0.8727770 0.0080839 0.9511494 0.0110344 0.3084278
210.364800 -10.5590258 0.2255006 -0.9488015 0.0068535 0.9506455 0.0110260 0.3100074
210.574900 -10.5023060 0.2259531 -1.0255542 0.0066567 0.9505583 0.0116853 0.3102549
210.886000 -10.4158745 0.2257493 -1.1415744 0.0042339 0.9519244 0.0111177 0.3061018
211.198700 -10.3330173 0.2263190 -1.2577491 0.0024083 0.9547255 0.0117059 0.2972481
211.615300 -10.2265701 0.2267112 -1.4158349 0.0022256 0.9594607 0.0120683 0.2815753
211.927900 -10.1517429 0.2271028 -1.5353744 0.0067974 0.9624925 0.0138982 0.2708668
212.240100 -10.0793009 0.2275960 -1.6556878 0.0109242 0.9633901 0.0153371 0.2674416
212.552400 -10.0091887 0.2282931 -1.7731547 0.0141294 0.9639547 0.0164543 0.2651811
212.864600 -9.9395275 0.2287804 -1.8897088 0.0183175 0.9641722 0.0173519 0.2640744
213.176800 -9.8719263 0.2298556 -2.0029545 0.0205349 0.9643021 0.0185206 0.2633567
213.489000 -9.8054543 0.2302490 -2.1146884 0.0223070 0.9644883 0.0198853 0.2624297
213.697100 -9.7622938 0.2307902 -2.1872380 0.0223880 0.9644556 0.0203514 0.2625070
213.905100 -9.7214460 0.2315611 -2.2556765 0.0233599 0.9634585 0.0214794 0.2659712
214.113100 -9.6820602 0.2319470 -2.3187873 0.0235768 0.9618949 0.0227689 0.2714479
214.321100 -9.6437492 0.2324856 -2.3787239 0.0249958 0.9598221 0.0214817 0.2786671
214.529200 -9.6072788 0.2328731 -2.4341407 0.0234802 0.9579208 0.0224895 0.2851853
214.737400 -9.5726089 0.2330532 -2.4843605 0.0223101 0.9561228 0.0217024 0.2913081
214.945500 -9.5403137 0.2330923 -2.5302079 0.0215406 0.9543183 0.0210169 0.2972722
215.153700 -9.5101013 0.2333470 -2.5723300 0.0217376 0.9524744 0.0212508 0.3030981
215.362200 -9.4812050 0.2333764 -2.6111550 0.0224083 0.9500284 0.0220601 0.3105758
215.570100 -9.4534636 0.2335278 -2.6464527 0.0229948 0.9465220 0.0211462 0.3211233
215.778200 -9.4262009 0.2336064 -2.6794426 0.0232511 0.9421098 0.0196285 0.3339211
215.986200 -9.3997803 0.2333868 -2.7097015 0.0240607 0.9371511 0.0188388 0.3475831
216.194900 -9.3734074 0.2333445 -2.7376571 0.0254056 0.9312623 0.0183148 0.3630010
216.402400 -9.3478680 0.2330707 -2.7624516 0.0262952 0.9235103 0.0185587 0.3822210
216.610300 -9.3233881 0.2326729 -2.7838819 0.0258834 0.9136783 0.0184055 0.4051953
217.026600 -9.2791538 0.2315733 -2.8136368 0.0189327 0.8918557 0.0123304 0.4517555
217.339000 -9.2495575 0.2308219 -2.8302915 0.0193805 0.8754743 0.0068102 0.4828280
217.651400 -9.2192936 0.2300145 -2.8434622 0.0144462 0.8548362 0.0065981 0.5186548
217.859600 -9.1992178 0.2292957 -2.8502138 0.0118131 0.8393729 0.0059454 0.5433952
218.067900 -9.1790009 0.2286896 -2.8558087 0.0098712 0.8237173 0.0042900 0.5668985
218.276100 -9.1574478 0.2283890 -2.8608944 0.0087054 0.8067210 0.0016875 0.5908659
218.484300 -9.1342983 0.2277158 -2.8653498 0.0096192 0.7882109 0.0013786 0.6153284
218.692600 -9.1089268 0.2270370 -2.8686550 0.0113022 0.7689174 0.0010733 0.6392474
218.900800 -9.0809727 0.2263579 -2.8709426 0.0131682 0.7485561 -0.0005333 0.6629405
219.317300 -9.0173101 0.2248537 -2.8701398 0.0140506 0.7054486 -0.0036197 0.7086126
219.525600 -8.9811525 0.2237578 -2.8670290 0.0116998 0.6839408 -0.0034259 0.7294357
219.735500 -8.9410000 0.2228465 -2.8620265 0.0113660 0.6644785 -0.0008982 0.7472205
219.942400 -8.8977966 0.2217458 -2.8543067 0.0109628 0.6477699 0.0006288 0.7617569
220.151400 -8.8511658 0.2208984 -2.8437829 0.0111342 0.6300268 -0.0000737 0.7764935
220.359200 -8.8009872 0.2199443 -2.8303437 0.0109776 0.6102040 0.0036377 0.7921599
220.567600 -8.7475214 0.2188886 -2.8131313 0.0107540 0.5888969 0.0107512 0.8080651
220.775800 -8.6925945 0.2178408 -2.7917542 0.0129797 0.5655589 0.0148284 0.8244724
220.984200 -8.6358213 0.2168254 -2.7668476 0.0211213 0.5410324 0.0175236 0.8405538
221.192700 -8.5771360 0.2153829 -2.7368054 0.0223509 0.5190660 0.0179459 0.8542534
221.401400 -8.5160751 0.2134052 -2.7014613 0.0190592 0.5008627 0.0184692 0.8651198
221.610100 -8.4532528 0.2116555 -2.6627009 0.0178761 0.4876969 0.0167452 0.8726693
221.818800 -8.3885288 0.2097728 -2.6205149 0.0167281 0.4802695 0.0126048 0.8768709
222.027700 -8.3208427 0.2077539 -2.5759990 0.0138281 0.4784444 0.0104926 0.8779463
222.241200 -8.2517586 0.2054525 -2.5310011 0.0145502 0.4792899 0.0084968 0.8774949
222.445200 -8.1804352 0.2033179 -2.4854217 0.0154442 0.4800431 0.0082437 0.8770702
222.653900 -8.1069813 0.2010977 -2.4386728 0.0127200 0.4811249 0.0086595 0.8765170
222.862400 -8.0308704 0.1986786 -2.3896956 0.0111247 0.4828969 0.0073613 0.8755756
223.070900 -7.9537635 0.1962160 -2.3409767 0.0121449 0.4851465 0.0047776 0.8743355
223.279400 -7.8728867 0.1938018 -2.2905278 0.0112711 0.4881058 0.0027386 0.8727074
223.488000 -7.7909088 0.1914562 -2.2402415 0.0064443 0.4922988 0.0029144 0.8703975
223.696300 -7.7065668 0.1896999 -2.1896124 0.0067693 0.4978920 0.0031340 0.8672069
224.008900 -7.5778904 0.1866451 -2.1173155 0.0068471 0.5055723 0.0067509 0.8627307
224.217200 -7.4903898 0.1844714 -2.0688365 0.0071280 0.5114148 0.0072370 0.8592739
224.425500 -7.4022708 0.1823963 -2.0219059 0.0081205 0.5180582 0.0051630 0.8552912
224.633700 -7.3131952 0.1798681 -1.9764436 0.0064494 0.5247671 0.0060308 0.8512000
224.945800 -7.1815357 0.1767653 -1.9113672 0.0035895 0.5334487 0.0060974 0.8458028
225.257700 -7.0493331 0.1740965 -1.8488642 0.0057619 0.5375704 0.0081166 0.8431602
225.465900 -6.9617686 0.1726738 -1.8084226 0.0107555 0.5378461 0.0074633 0.8429413
225.673700 -6.8743973 0.1703471 -1.7672729 0.0078059 0.5384960 0.0081729 0.8425522
225.881700 -6.7878590 0.1686727 -1.7272115 0.0069836 0.5391851 0.0076334 0.8421237
225.986100 -6.7442808 0.1677453 -1.7071275 0.0087607 0.5391570 0.0072855 0.8421282
226.089900 -6.7013879 0.1665882 -1.6872885 0.0115320 0.5391493 0.0071517 0.8421009
226.297800 -6.6150632 0.1637706 -1.6470604 0.0137800 0.5398914 0.0071131 0.8415918
226.505900 -6.5278125 0.1608168 -1.6074973 0.0123740 0.5401064 0.0083646 0.8414642
226.714100 -6.4413023 0.1581977 -1.5677673 0.0127737 0.5407122 0.0093497 0.8410587
226.922100 -6.3548446 0.1555449 -1.5279535 0.0143447 0.5410955 0.0085101 0.8407958
227.026100 -6.3114195 0.1539524 -1.5082357 0.0136795 0.5412441 0.0087743 0.8407084
227.234600 -6.2252688 0.1509879 -1.4687917 0.0107943 0.5416621 0.0101400 0.8404658
227.442300 -6.1405540 0.1486099 -1.4300436 0.0119266 0.5407107 0.0105353 0.8410580
227.650500 -6.0561695 0.1458266 -1.3909394 0.0134887 0.5392633 0.0099581 0.8419703
227.858600 -5.9728322 0.1432440 -1.3521968 0.0120594 0.5378109 0.0102166 0.8429173
228.170900 -5.8492346 0.1389766 -1.2942094 0.0113727 0.5374594 0.0061770 0.8431903
228.379100 -5.7669683 0.1370576 -1.2554500 0.0031196 0.5417203 0.0052627 0.8405365
228.691700 -5.6452179 0.1332416 -1.2016774 0.0055663 0.5529569 -0.0034883 0.8331840
229.004600 -5.5216775 0.1298707 -1.1524174 0.0001882 0.5663067 -0.0025173 0.8241907
229.316600 -5.3969541 0.1266692 -1.1065214 0.0053749 0.5757092 -0.0024105 0.8176333
229.524700 -5.3129845 0.1244607 -1.0772630 0.0031827 0.5792394 0.0022657 0.8151481
229.733000 -5.2299194 0.1223872 -1.0483630 0.0070573 0.5833125 -0.0017213 0.8122154
229.941100 -5.1465669 0.1197094 -1.0202941 0.0062220 0.5864587 -0.0043229 0.8099437
230.149200 -5.0627408 0.1169989 -0.9928038 0.0040329 0.5878460 -0.0018134 0.8089608
230.357400 -4.9786525 0.1147426 -0.9648963 -0.0002057 0.5887793 -0.0028463 0.8082888
230.565700 -4.8954158 0.1130602 -0.9374819 -0.0020157 0.5920847 -0.0081986 0.8058315
230.878200 -4.7698817 0.1087538 -0.8997515 0.0045861 0.5993759 -0.0116308 0.8003701
231.086700 -4.6847739 0.1055854 -0.8757235 0.0032886 0.6056912 -0.0080827 0.7956520
231.295200 -4.5994463 0.1028901 -0.8528699 0.0026559 0.6125211 -0.0072484 0.7904165
231.503300 -4.5136085 0.1000643 -0.8314612 0.0038146 0.6194454 -0.0067001 0.7850019
231.711800 -4.4268713 0.0972999 -0.8118602 0.0037544 0.6251415 -0.0052450 0.7804848
231.920100 -4.3383031 0.0950264 -0.7924959 0.0036028 0.6304111 -0.0036578 0.7762445
232.128200 -4.2501125 0.0926102 -0.7749364 0.0050347 0.6343248 -0.0014856 0.7730488
232.336500 -4.1620760 0.0902123 -0.7575357 0.0087749 0.6364756 -0.0009071 0.7712464
232.544600 -4.0732193 0.0877727 -0.7411175 0.0075170 0.6382900 0.0016457 0.7697575
232.752900 -3.9863627 0.0848446 -0.7249826 0.0059085 0.6406741 0.0037125 0.7677813
233.065000 -3.8557677 0.0818561 -0.7020668 0.0072814 0.6438495 0.0048920 0.7651019
233.169100 -3.8119173 0.0809941 -0.6946700 0.0069852 0.6445013 0.0052979 0.7645530
233.481200 -3.6812246 0.0774187 -0.6726125 0.0071257 0.6468694 0.0034444 0.7625598
233.689400 -3.5941100 0.0752266 -0.6588291 0.0065389 0.6480379 0.0044345 0.7615672
233.897200 -3.5062671 0.0732119 -0.6451034 0.0063975 0.6493049 0.0062410 0.7604756
234.209300 -3.3744881 0.0704753 -0.6253615 0.0108836 0.6510836 0.0072936 0.7588929
234.417200 -3.2868147 0.0685039 -0.6123441 0.0093829 0.6524872 0.0088791 0.7576897
234.729300 -3.1569040 0.0662654 -0.5943431 0.0098554 0.6542445 0.0076502 0.7561802
234.937900 -3.0719066 0.0646276 -0.5827248 0.0119209 0.6557232 0.0068672 0.7548760
235.249300 -2.9434612 0.0614522 -0.5656317 0.0115641 0.6589512 0.0038965 0.7520867
235.457500 -2.8576863 0.0591125 -0.5550151 0.0096109 0.6608875 0.0049084 0.7504074
235.665500 -2.7723455 0.0565583 -0.5448365 0.0123549 0.6621487 0.0043469 0.7492580
235.873600 -2.6875823 0.0537791 -0.5352752 0.0142278 0.6636119 0.0048050 0.7479263
236.081600 -2.6034694 0.0508288 -0.5259480 0.0138970 0.6649315 0.0063347 0.7467482
236.290500 -2.5213227 0.0489679 -0.5177609 0.0138453 0.6660159 0.0080435 0.7457656
236.497800 -2.4383969 0.0469455 -0.5094905 0.0152289 0.6672103 0.0082651 0.7446678
236.809900 -2.3182125 0.0432587 -0.4983551 0.0171964 0.6681858 0.0083672 0.7437485
237.018000 -2.2394750 0.0408259 -0.4901305 0.0158834 0.6691825 0.0090536 0.7428731
237.330200 -2.1252971 0.0372041 -0.4793339 0.0165775 0.6701966 0.0090840 0.7419428
237.434200 -2.0875607 0.0359862 -0.4755209 0.0153872 0.6705362 0.0104996 0.7416429
237.642300 -2.0152786 0.0343843 -0.4689713 0.0125764 0.6710959 0.0146486 0.7411191
237.747400 -1.9807121 0.0338583 -0.4655135 0.0121193 0.6717202 0.0158606 0.7405360
237.954600 -1.9134222 0.0323609 -0.4592144 0.0129003 0.6724494 0.0151880 0.7398748
238.058700 -1.8810338 0.0319425 -0.4558864 0.0132127 0.6730337 0.0132671 0.7393748
238.162700 -1.8497629 0.0311528 -0.4529314 0.0138498 0.6734251 0.0118864 0.7390302
238.371000 -1.7887157 0.0298132 -0.4477919 0.0159600 0.6737961 0.0111104 0.7386613
238.579300 -1.7311417 0.0281589 -0.4426144 0.0143261 0.6730902 0.0121870 0.7393212
238.787500 -1.6760844 0.0265756 -0.4373194 0.0133402 0.6723437 0.0133713 0.7399980
238.995800 -1.6241734 0.0253278 -0.4321581 0.0140127 0.6722144 0.0126600 0.7401156
239.204200 -1.5746762 0.0239380 -0.4271445 0.0153311 0.6734321 0.0111122 0.7390066
239.412800 -1.5276268 0.0226018 -0.4231388 0.0168777 0.6749091 0.0121818 0.7376072
239.621100 -1.4835426 0.0210955 -0.4195796 0.0176742 0.6762743 0.0149129 0.7362869
239.829500 -1.4425255 0.0199038 -0.4164492 0.0185806 0.6775438 0.0142492 0.7351096
240.142100 -1.3885976 0.0179143 -0.4122912 0.0213515 0.6790292 0.0107063 0.7337225
240.454600 -1.3432584 0.0160881 -0.4086570 0.0231921 0.6796920 0.0092194 0.7330729
240.767000 -1.3057671 0.0147004 -0.4051908 0.0240826 0.6769514 0.0072547 0.7355978
241.079100 -1.2728069 0.0131556 -0.4010165 0.0217089 0.6687918 0.0060937 0.7431078
241.391100 -1.2428409 0.0117754 -0.3958708 0.0229719 0.6537113 0.0061063 0.7563706
245.560100 -1.1856959 0.0091173 -0.3796955 0.0178227 0.6194693 0.0025278 0.7848145
249.415600 -1.1838113 0.0090646 -0.3791334 0.0183469 0.6184006 0.0016958 0.7856470
250.456700 -1.1565040 0.0076171 -0.3683288 0.0207795 0.5892918 -0.0045316 0.8076403
250.768500 -1.1338371 0.0066840 -0.3571757 0.0192181 0.5582816 -0.0025126 0.8294251
251.080000 -1.1046321 0.0053941 -0.3399768 0.0155716 0.5142410 -0.0006353 0.8575041
251.391500 -1.0720741 0.0035599 -0.3144320 0.0096771 0.4590741 -0.0043651 0.8883346
251.806700 -1.0254784 0.0021895 -0.2669010 0.0084882 0.3698494 -0.0067934 0.9290281
252.222500 -0.9796094 0.0001780 -0.1984259 0.0027194 0.2750522 -0.0047291 0.9614138
252.534700 -0.9500911 -0.0011244 -0.1314519 0.0020903 0.2076548 -0.0047577 0.9781884
252.743200 -0.9320246 -0.0012325 -0.0803334 0.0013681 0.1685201 -0.0014325 0.9856962
253.160200 -0.9034215 -0.0029156 0.0368949 0.0044443 0.0973513 0.0096203 0.9951937
254.412300 -0.8916859 -0.0127097 0.4966397 0.0076319 -0.0095383 -0.0022655 0.9999228
255.246700 -0.9020853 -0.0192327 0.8756152 0.0007389 -0.0123943 -0.0016420 0.9999216
255.872000 -0.9124351 -0.0242464 1.1686969 0.0014497 -0.0176004 -0.0031634 0.9998391
258.683700 -0.9677639 -0.0493563 2.4299326 0.0007460 -0.0204898 0.0023321 0.9997870
259.933500 -0.9939996 -0.0586394 2.9595494 -0.0018736 -0.0236143 -0.0001217 0.9997194
260.454200 -1.0051174 -0.0620292 3.1767139 -0.0010971 -0.0208823 0.0001647 0.9997813
260.870800 -1.0126103 -0.0643160 3.3483431 -0.0007846 -0.0178634 -0.0015874 0.9998389
261.287500 -1.0187035 -0.0685607 3.5174961 0.0037157 -0.0141658 -0.0020993 0.9998906
261.704200 -1.0225401 -0.0717622 3.6863055 0.0015970 -0.0079818 -0.0003472 0.9999668
262.120700 -1.0261472 -0.0770802 3.8516471 0.0102172 -0.0063806 -0.0005237 0.9999273
262.537300 -1.0290700 -0.0810586 4.0237107 0.0004588 -0.0073239 -0.0025957 0.9999697
262.849800 -1.0319936 -0.0820181 4.1569934 -0.0061593 -0.0097614 -0.0018148 0.9999318
263.266600 -1.0372378 -0.0839425 4.3400345 0.0069707 -0.0113675 0.0023311 0.9999084
263.579100 -1.0410373 -0.0874438 4.4824371 0.0065097 -0.0124720 0.0025607 0.9998978
263.891500 -1.0462568 -0.0907262 4.6273766 0.0046972 -0.0137660 0.0020054 0.9998922
264.204000 -1.0524082 -0.0943054 4.7749314 0.0020413 -0.0160317 0.0017237 0.9998679
264.516300 -1.0591614 -0.0978866 4.9236226 0.0008344 -0.0183582 0.0007870 0.9998308
264.724600 -1.0627782 -0.0993377 5.0218949 0.0010776 -0.0200624 0.0005121 0.9997980
264.932800 -1.0668654 -0.1015080 5.1200957 -0.0000876 -0.0206544 -0.0001822 0.9997867
265.245300 -1.0742021 -0.1044684 5.2656813 0.0016101 -0.0205700 -0.0000860 0.9997871
265.349500 -1.0766519 -0.1053357 5.3126841 -0.0007074 -0.0209048 0.0002309 0.9997812
265.557700 -1.0811392 -0.1070492 5.4100046 -0.0031270 -0.0226879 0.0009997 0.9997372
265.766000 -1.0864973 -0.1087248 5.5061078 -0.0004648 -0.0238088 0.0000880 0.9997164
265.974200 -1.0912795 -0.1104589 5.6009188 0.0006257 -0.0234712 -0.0006617 0.9997241
266.182600 -1.0954853 -0.1125046 5.6940451 -0.0007132 -0.0221360 -0.0000554 0.9997547
266.391000 -1.0991151 -0.1143499 5.7863407 -0.0002900 -0.0211115 -0.0002450 0.9997771
266.599200 -1.1037767 -0.1159352 5.8762484 -0.0008198 -0.0190267 -0.0013510 0.9998177
266.703500 -1.1057998 -0.1168175 5.9213061 -0.0007661 -0.0183640 -0.0019018 0.9998293
266.807600 -1.1077533 -0.1175469 5.9658642 0.0005103 -0.0177514 -0.0027027 0.9998387
267.016000 -1.1112250 -0.1195712 6.0543599 0.0020424 -0.0159454 -0.0029472 0.9998664
267.224300 -1.1144863 -0.1216748 6.1412573 0.0046980 -0.0139986 -0.0018673 0.9998893
267.432700 -1.1169726 -0.1239184 6.2278371 0.0025713 -0.0122546 -0.0003220 0.9999216
267.641100 -1.1194506 -0.1261771 6.3143711 0.0044880 -0.0114611 -0.0029474 0.9999199
267.849300 -1.1234052 -0.1284478 6.4010935 0.0094825 -0.0104416 -0.0090027 0.9998600
268.057600 -1.1255735 -0.1311870 6.4884582 0.0079734 -0.0127713 -0.0109152 0.9998271
268.266000 -1.1278280 -0.1336647 6.5769763 0.0066938 -0.0150303 -0.0065659 0.9998431
268.474200 -1.1310860 -0.1356346 6.6650953 0.0012104 -0.0167737 -0.0039704 0.9998507
268.682600 -1.1338608 -0.1363539 6.7560964 -0.0058894 -0.0185937 0.0002696 0.9998097
268.890800 -1.1378328 -0.1369995 6.8481407 -0.0018040 -0.0201811 0.0013283 0.9997938
269.099200 -1.1423055 -0.1383223 6.9414577 0.0034830 -0.0206505 0.0006358 0.9997805
269.307600 -1.1467547 -0.1401145 7.0379834 0.0051374 -0.0196713 -0.0012620 0.9997925
269.516000 -1.1505146 -0.1423132 7.1360707 0.0063871 -0.0194253 0.0010607 0.9997904
270.870000 -1.1764796 -0.1593047 7.7890964 0.0040023 -0.0163722 -0.0035527 0.9998516
271.703000 -1.1903828 -0.1681431 8.1723337 -0.0014252 -0.0154079 -0.0023906 0.9998774
272.536200 -1.2009748 -0.1760283 8.5125990 0.0039665 -0.0135791 -0.0028212 0.9998960
273.057200 -1.2063283 -0.1804031 8.7181206 0.0034711 -0.0113916 0.0003777 0.9999290
273.474100 -1.2091116 -0.1849435 8.8788490 0.0042302 -0.0083388 0.0017852 0.9999547
273.890900 -1.2097727 -0.1896332 9.0404530 0.0170666 -0.0079223 0.0060627 0.9998046
274.307300 -1.2156575 -0.1962326 9.1985207 0.0084367 -0.0211914 0.0029587 0.9997355
274.724000 -1.2259901 -0.1992151 9.3569050 -0.0006578 -0.0351904 -0.0001963 0.9993804
275.037000 -1.2359776 -0.2008531 9.4852238 0.0033337 -0.0335677 -0.0034849 0.9994248
275.349900 -1.2436316 -0.2033177 9.6169806 0.0067808 -0.0304387 0.0028523 0.9995096
275.662600 -1.2520462 -0.2069912 9.7531967 0.0096782 -0.0282526 0.0026851 0.9995503
275.871100 -1.2579018 -0.2093599 9.8458252 0.0060791 -0.0270818 0.0014135 0.9996137
276.079600 -1.2629669 -0.2117741 9.9403315 0.0054232 -0.0261354 0.0038894 0.9996361
276.288000 -1.2678986 -0.2142172 10.0363302 0.0092795 -0.0259397 0.0054910 0.9996054
276.496500 -1.2729821 -0.2171625 10.1339960 0.0093200 -0.0256788 0.0053704 0.9996124
276.704900 -1.2781967 -0.2202214 10.2321672 0.0042463 -0.0253710 0.0046437 0.9996583
276.913100 -1.2837744 -0.2224838 10.3300285 0.0031011 -0.0249341 0.0030707 0.9996796
277.121500 -1.2889097 -0.2250075 10.4269009 0.0044709 -0.0247972 0.0017222 0.9996811
277.329900 -1.2940090 -0.2278509 10.5222454 0.0071129 -0.0245887 0.0027001 0.9996687
277.538200 -1.2988033 -0.2307478 10.6173887 0.0066610 -0.0241045 0.0046718 0.9996763
277.746600 -1.3039742 -0.2333420 10.7132826 0.0024657 -0.0238776 0.0043099 0.9997026
277.954900 -1.3089004 -0.2360636 10.8058681 0.0055034 -0.0234057 0.0008533 0.9997106
278.163200 -1.3139747 -0.2388008 10.8994884 0.0054857 -0.0228134 -0.0019131 0.9997228
278.371500 -1.3181736 -0.2413583 10.9908085 0.0033957 -0.0235596 -0.0003984 0.9997166
278.579900 -1.3226109 -0.2438588 11.0798683 0.0018078 -0.0248476 0.0005028 0.9996895
278.788100 -1.3276007 -0.2460587 11.1660891 0.0039299 -0.0260954 -0.0000603 0.9996517
278.996200 -1.3328347 -0.2486604 11.2504358 0.0030312 -0.0274195 -0.0007356 0.9996191
279.204500 -1.3378073 -0.2506722 11.3322439 -0.0019814 -0.0286718 -0.0007492 0.9995866
279.516900 -1.3457699 -0.2531140 11.4496155 0.0006446 -0.0294891 -0.0012977 0.9995641
279.725100 -1.3504395 -0.2548714 11.5269632 0.0029521 -0.0301019 -0.0003480 0.9995424
280.037700 -1.3578506 -0.2577012 11.6424398 0.0023629 -0.0295323 -0.0013887 0.9995601
280.246100 -1.3627713 -0.2598113 11.7181654 0.0068903 -0.0273962 -0.0043483 0.9995915
280.454600 -1.3672069 -0.2622913 11.7936354 0.0104941 -0.0250870 -0.0067433 0.9996074
280.663000 -1.3715533 -0.2649188 11.8696156 0.0099814 -0.0220922 -0.0093855 0.9996620
280.871400 -1.3743217 -0.2676113 11.9462786 0.0083421 -0.0192254 -0.0074937 0.9997523
281.184000 -1.3783365 -0.2708629 12.0620966 0.0065215 -0.0144125 -0.0060786 0.9998564
281.496600 -1.3813750 -0.2731998 12.1810665 0.0036764 -0.0091744 -0.0079309 0.9999197
281.809300 -1.3829741 -0.2760592 12.3020144 0.0058878 -0.0032872 -0.0069485 0.9999531
282.017600 -1.3831939 -0.2777534 12.3861952 0.0064496 0.0006713 -0.0049986 0.9999665
282.330200 -1.3830602 -0.2817205 12.5139465 0.0125914 0.0068872 -0.0044587 0.9998870
282.642900 -1.3811045 -0.2852256 12.6451426 0.0104091 0.0134622 -0.0044140 0.9998454
282.851200 -1.3783174 -0.2890922 12.7331247 0.0134550 0.0174581 -0.0051813 0.9997436
283.163700 -1.3731661 -0.2946391 12.8688478 0.0115477 0.0239073 -0.0054238 0.9996328
283.372200 -1.3679271 -0.2975041 12.9603510 0.0078681 0.0279076 -0.0040637 0.9995713
283.580600 -1.3623037 -0.3005866 13.0523996 0.0074366 0.0313102 -0.0023416 0.9994793
283.893000 -1.3532240 -0.3052513 13.1933203 0.0127009 0.0330971 -0.0014943 0.9993703
284.101200 -1.3476764 -0.3086946 13.2884951 0.0102222 0.0341154 -0.0021269 0.9993634
284.309500 -1.3412894 -0.3119574 13.3838692 0.0104330 0.0342864 -0.0001666 0.9993576
284.517700 -1.3347974 -0.3150399 13.4812279 0.0116785 0.0337358 0.0003880 0.9993625
284.726000 -1.3288784 -0.3189134 13.5789423 0.0086022 0.0334824 0.0013273 0.9994014
284.934100 -1.3227890 -0.3220614 13.6761723 0.0056964 0.0325240 0.0021148 0.9994525
285.142400 -1.3169788 -0.3249949 13.7725706 0.0077447 0.0317245 0.0023378 0.9994639
285.454600 -1.3091986 -0.3300382 13.9161024 0.0085149 0.0298434 0.0008095 0.9995180
285.766900 -1.3015418 -0.3350975 14.0589819 0.0086522 0.0279093 -0.0013154 0.9995722
286.079200 -1.2948399 -0.3404844 14.1991615 0.0079213 0.0254421 -0.0015771 0.9996437
286.287400 -1.2909217 -0.3438175 14.2916622 0.0126426 0.0231462 0.0005420 0.9996520
286.599700 -1.2857289 -0.3486874 14.4308195 0.0010446 0.0210006 0.0013681 0.9997780
286.808100 -1.2828410 -0.3506391 14.5216064 0.0015389 0.0202394 -0.0022232 0.9997915
287.016400 -1.2806726 -0.3531715 14.6111956 0.0083371 0.0195598 -0.0067302 0.9997513
287.224600 -1.2780640 -0.3561766 14.7006512 0.0057683 0.0190870 -0.0095967 0.9997551
287.432900 -1.2755747 -0.3584597 14.7886152 0.0037456 0.0178063 -0.0107408 0.9997767
