3.116499 0.0000000 0.0000000 0.0000000 0.0000000 0.0000000 0.0000000 1.0000000
3.220123 0.0005146 -0.0003894 0.0428170 -0.0011495 0.0058077 -0.0003396 0.9999824
3.323750 0.0017466 -0.0004477 0.0873250 -0.0021426 0.0112345 -0.0007475 0.9999343
3.427371 0.0036394 -0.0005480 0.1330511 -0.0030807 0.0163209 -0.0009556 0.9998616
3.531001 0.0060165 -0.0005994 0.1801503 -0.0040844 0.0214935 -0.0011714 0.9997600
3.634758 0.0086360 -0.0004439 0.2283737 -0.0047171 0.0268550 -0.0008942 0.9996278
3.738395 0.0117535 -0.0007612 0.2777975 -0.0055048 0.0322770 -0.0007817 0.9994635
3.842137 0.0159367 -0.0005511 0.3278919 -0.0069678 0.0375268 -0.0010949 0.9992707
3.945774 0.0199824 -0.0002633 0.3782417 -0.0088572 0.0434852 -0.0015422 0.9990136
4.049501 0.0254468 -0.0001637 0.4289791 -0.0108304 0.0495497 -0.0014647 0.9987119
4.153250 0.0311662 0.0000208 0.4797042 -0.0119354 0.0561323 -0.0014764 0.9983509
4.257002 0.0377580 0.0002859 0.5310315 -0.0120890 0.0632437 -0.0012992 0.9979240
4.464541 0.0537682 0.0007702 0.6333542 -0.0110214 0.0786996 -0.0013697 0.9968365
4.672274 0.0734363 0.0011426 0.7367413 -0.0098554 0.1021018 -0.0039721 0.9947172
4.880125 0.0998638 0.0011858 0.8398792 -0.0096707 0.1339022 -0.0057760 0.9909305
5.088126 0.1344431 0.0008175 0.9411596 -0.0085047 0.1675191 -0.0055405 0.9858166
5.295877 0.1750196 -0.0003130 1.0408021 -0.0061966 0.1999182 -0.0070941 0.9797673
5.503628 0.2238680 -0.0018888 1.1380185 -0.0004251 0.2309993 -0.0031996 0.9729486
5.711251 0.2790187 -0.0043422 1.2328547 0.0058443 0.2601267 0.0024281 0.9655538
5.918752 0.3399957 -0.0083096 1.3236327 0.0141329 0.2866358 0.0088257 0.9578947
6.126131 0.4036562 -0.0133239 1.4113826 0.0304176 0.3118317 0.0066388 0.9496272
6.333503 0.4723908 -0.0218741 1.4953275 0.0428969 0.3369254 0.0043565 0.9405435
6.540880 0.5446521 -0.0318371 1.5758865 0.0445475 0.3605736 0.0069167 0.9316407
6.748254 0.6216320 -0.0418221 1.6520425 0.0409137 0.3801955 0.0141199 0.9238929
6.955504 0.6993890 -0.0508403 1.7253820 0.0427242 0.3932842 0.0165096 0.9182754
7.162754 0.7776313 -0.0601559 1.7974761 0.0440051 0.4041026 0.0132006 0.9135592
7.473752 0.8976471 -0.0729595 1.9011929 0.0450605 0.4185908 0.0147700 0.9069361
7.784655 1.0227582 -0.0865792 2.0077386 0.0476502 0.4187134 0.0150511 0.9067426
8.095633 1.1554396 -0.1014554 2.1244891 0.0466000 0.4077850 0.0130210 0.9117951
8.303130 1.2447917 -0.1120378 2.2068803 0.0449847 0.4019762 0.0095887 0.9144942
8.510755 1.3365499 -0.1227036 2.2926402 0.0426331 0.4014839 0.0066496 0.9148491
8.718382 1.4311745 -0.1336404 2.3797059 0.0417543 0.4022208 0.0066198 0.9145661
8.925883 1.5280278 -0.1444490 2.4693775 0.0409758 0.4025616 0.0070128 0.9144484
9.133505 1.6277183 -0.1557171 2.5605152 0.0401296 0.4025508 0.0062830 0.9144960
9.341007 1.7275766 -0.1668492 2.6523759 0.0395471 0.4022861 0.0054471 0.9146432
9.548508 1.8271443 -0.1786671 2.7444625 0.0376189 0.4003826 0.0066544 0.9155514
9.755883 1.9262044 -0.1889036 2.8380899 0.0368752 0.3978967 0.0069127 0.9166628
9.963509 2.0233340 -0.2000418 2.9294083 0.0372493 0.3962777 0.0070812 0.9173474
10.171130 2.1201189 -0.2115795 3.0203476 0.0388928 0.3982570 0.0050841 0.9164349
10.378880 2.2187536 -0.2229098 3.1111183 0.0384649 0.4034714 0.0053528 0.9141678
10.586510 2.3169076 -0.2337676 3.1993740 0.0359915 0.4092087 0.0055521 0.9117138
10.794130 2.4155874 -0.2442845 3.2856076 0.0384538 0.4145321 0.0056413 0.9092044
10.898010 2.4640169 -0.2497034 3.3280137 0.0391723 0.4171793 0.0049440 0.9079661
11.105390 2.5629058 -0.2607429 3.4116814 0.0388442 0.4207875 0.0050824 0.9063129
11.209130 2.6127903 -0.2653312 3.4534431 0.0352924 0.4220623 0.0070319 0.9058523
11.312890 2.6619275 -0.2704318 3.4951513 0.0303737 0.4233046 0.0088876 0.9054345
11.520390 2.7587719 -0.2792463 3.5762188 0.0320135 0.4248503 0.0088649 0.9046539
11.727800 2.8561347 -0.2884448 3.6556840 0.0368108 0.4256694 0.0106305 0.9040672
11.935260 2.9542780 -0.2976345 3.7356837 0.0354641 0.4252008 0.0122883 0.9043205
12.142640 3.0493674 -0.3057637 3.8164723 0.0295849 0.4246792 0.0122915 0.9047769
12.350150 3.1443470 -0.3130917 3.8978565 0.0251308 0.4236487 0.0056497 0.9054602
12.557630 3.2393889 -0.3203750 3.9774795 0.0268498 0.4209012 0.0088637 0.9066657
12.765050 3.3325887 -0.3277625 4.0580368 0.0292225 0.4138906 0.0115880 0.9097837
12.972400 3.4243712 -0.3357854 4.1401396 0.0300389 0.4043093 0.0139505 0.9140224
13.179930 3.5133629 -0.3431901 4.2257009 0.0272776 0.3927500 0.0137803 0.9191374
13.283680 3.5571456 -0.3467467 4.2692146 0.0268845 0.3869630 0.0133507 0.9216065
13.491130 3.6416011 -0.3537275 4.3568368 0.0270324 0.3749430 0.0141482 0.9265456
13.594890 3.6837852 -0.3580585 4.4012575 0.0292257 0.3684539 0.0135776 0.9290873
13.802490 3.7651179 -0.3657019 4.4913154 0.0363524 0.3561991 0.0116797 0.9336296
13.906260 3.8046954 -0.3702356 4.5375524 0.0348121 0.3503854 0.0117469 0.9358847
14.010030 3.8433664 -0.3745185 4.5839114 0.0328469 0.3445242 0.0107478 0.9381410
14.217640 3.9194224 -0.3845305 4.6773653 0.0355081 0.3357435 0.0057858 0.9412662
14.425390 3.9938986 -0.3942075 4.7717175 0.0392925 0.3316491 -0.0000468 0.9425842
14.633120 4.0672469 -0.4047768 4.8662639 0.0391813 0.3274713 -0.0016894 0.9440469
14.840760 4.1398926 -0.4152070 4.9616232 0.0351244 0.3219149 -0.0019319 0.9461149
15.048260 4.2103033 -0.4255111 5.0578275 0.0327745 0.3162659 -0.0066228 0.9480811
15.255760 4.2800789 -0.4356447 5.1553583 0.0351254 0.3097807 -0.0099200 0.9501072
15.463280 4.3507800 -0.4463324 5.2541599 0.0358202 0.3026710 -0.0099804 0.9523695
15.670890 4.4188485 -0.4573240 5.3537507 0.0317783 0.2955177 -0.0091222 0.9547650
15.878390 4.4841537 -0.4677686 5.4531579 0.0347228 0.2893223 -0.0108031 0.9565408
16.086050 4.5480404 -0.4779549 5.5530005 0.0346793 0.2824616 -0.0120470 0.9585758
16.189760 4.5799470 -0.4830058 5.6026769 0.0347519 0.2783375 -0.0097197 0.9598053
16.293510 4.6114163 -0.4881375 5.6521115 0.0353530 0.2744551 -0.0083651 0.9609134
16.397260 4.6424632 -0.4936159 5.7027497 0.0355558 0.2710682 -0.0078628 0.9618711
16.501030 4.6719875 -0.4990250 5.7542543 0.0347934 0.2679095 -0.0108345 0.9627547
16.708640 4.7310715 -0.5088379 5.8564777 0.0341176 0.2629594 -0.0114908 0.9641350
16.916160 4.7904663 -0.5195398 5.9586759 0.0348616 0.2580991 -0.0102559 0.9654348
17.123760 4.8492813 -0.5301598 6.0609164 0.0337002 0.2524146 -0.0033591 0.9670263
17.331410 4.9057417 -0.5398800 6.1632938 0.0341219 0.2478210 -0.0036242 0.9681979
17.539040 4.9604731 -0.5493425 6.2666974 0.0346750 0.2454759 -0.0063412 0.9687616
17.746640 5.0156698 -0.5591527 6.3697443 0.0317800 0.2444906 -0.0052269 0.9691166
17.954270 5.0702519 -0.5683261 6.4723797 0.0283977 0.2434136 -0.0043483 0.9694970
18.161890 5.1238551 -0.5774001 6.5739846 0.0324063 0.2429970 -0.0058121 0.9694682
18.369580 5.1772108 -0.5869792 6.6760116 0.0311631 0.2427976 -0.0085107 0.9695389
18.577160 5.2308068 -0.5962216 6.7764540 0.0329706 0.2419155 -0.0075352 0.9697077
18.784860 5.2821789 -0.6062719 6.8772473 0.0336506 0.2419515 -0.0148636 0.9695907
18.992370 5.3342457 -0.6165991 6.9752269 0.0361827 0.2413077 -0.0126944 0.9696908
19.199890 5.3844137 -0.6255842 7.0710750 0.0370619 0.2394500 -0.0091778 0.9701577
19.303520 5.4092226 -0.6308964 7.1183572 0.0353460 0.2378036 -0.0062936 0.9706495
19.511150 5.4583287 -0.6405168 7.2125273 0.0329443 0.2351374 -0.0025313 0.9714004
19.614770 5.4816914 -0.6452804 7.2591739 0.0353420 0.2327974 -0.0031689 0.9718777
19.822140 5.5281620 -0.6546102 7.3534675 0.0372049 0.2251857 -0.0021786 0.9736028
19.925670 5.5508604 -0.6590490 7.4012899 0.0351634 0.2204073 -0.0008194 0.9747736
20.132890 5.5944161 -0.6681924 7.4966316 0.0362736 0.2077002 0.0031425 0.9775147
20.236640 5.6151681 -0.6727395 7.5449462 0.0367857 0.2005640 0.0025161 0.9789865
20.444020 5.6527615 -0.6821089 7.6404033 0.0377432 0.1872027 0.0037311 0.9815888
20.547770 5.6700230 -0.6867554 7.6873069 0.0409434 0.1804490 0.0016506 0.9827304
20.755270 5.7016268 -0.6966095 7.7809658 0.0486963 0.1674630 -0.0058310 0.9846577
20.859140 5.7173710 -0.7018329 7.8282576 0.0489992 0.1607835 -0.0059182 0.9857549
21.066770 5.7457833 -0.7133663 7.9239693 0.0451955 0.1499652 -0.0095795 0.9876113
21.274520 5.7725148 -0.7243178 8.0185442 0.0519900 0.1421040 -0.0138531 0.9883884
21.482520 5.7999601 -0.7356777 8.1138067 0.0506956 0.1402714 -0.0163600 0.9886791
21.690420 5.8272467 -0.7477862 8.2084684 0.0470336 0.1427506 -0.0157919 0.9885144
21.898270 5.8561511 -0.7584472 8.3028288 0.0474748 0.1457198 -0.0146466 0.9880776
22.106150 5.8846793 -0.7688649 8.3950920 0.0471065 0.1504266 -0.0151673 0.9873818
22.313900 5.9139833 -0.7800753 8.4866886 0.0446709 0.1562391 -0.0146012 0.9866006
22.417770 5.9282193 -0.7849263 8.5317497 0.0447662 0.1591606 -0.0151403 0.9861211
22.625400 5.9580965 -0.7954528 8.6212282 0.0463772 0.1636602 -0.0167666 0.9852834
22.832900 5.9887919 -0.8059938 8.7096272 0.0485826 0.1656062 -0.0153187 0.9848754
23.040140 6.0193381 -0.8168020 8.7969627 0.0462927 0.1630670 -0.0117650 0.9854581
23.247420 6.0465422 -0.8273158 8.8826532 0.0467330 0.1541668 -0.0100525 0.9868878
23.454650 6.0714970 -0.8370367 8.9681883 0.0459279 0.1391421 -0.0090113 0.9891658
23.662020 6.0926514 -0.8466375 9.0548649 0.0396208 0.1228878 -0.0106272 0.9915724
23.869400 6.1104383 -0.8550245 9.1413212 0.0321051 0.1060119 -0.0102675 0.9937934
24.076780 6.1246643 -0.8624572 9.2264109 0.0275824 0.0886840 -0.0111926 0.9956149
24.284160 6.1357465 -0.8687372 9.3104963 0.0263748 0.0710735 -0.0115014 0.9970560
24.491650 6.1434126 -0.8743596 9.3935938 0.0232495 0.0559010 -0.0150313 0.9980524
24.699270 6.1507788 -0.8799453 9.4755793 0.0211708 0.0440370 -0.0125964 0.9987261
24.906780 6.1548309 -0.8853739 9.5550423 0.0256607 0.0343405 -0.0173318 0.9989304
25.114270 6.1581883 -0.8905938 9.6337767 0.0344240 0.0254797 -0.0148528 0.9989721
25.321770 6.1599617 -0.8963056 9.7149000 0.0291827 0.0195275 -0.0158435 0.9992577
25.529390 6.1609855 -0.9025235 9.7967672 0.0187935 0.0166592 -0.0181281 0.9995202
25.737020 6.1631660 -0.9071055 9.8783646 0.0205062 0.0155875 -0.0149794 0.9995559
25.944520 6.1649923 -0.9109089 9.9599752 0.0194102 0.0138656 -0.0146557 0.9996080
26.151900 6.1659508 -0.9152703 10.0429249 0.0149477 0.0110895 -0.0147236 0.9997184
26.359150 6.1663985 -0.9187297 10.1263132 0.0126613 0.0057115 -0.0132380 0.9998159
26.566610 6.1657138 -0.9222207 10.2108850 0.0106289 -0.0034246 -0.0116628 0.9998696
26.773900 6.1616554 -0.9259876 10.2960606 0.0128987 -0.0151775 -0.0131440 0.9997152
26.981280 6.1562109 -0.9292060 10.3821554 0.0145437 -0.0275687 -0.0135033 0.9994229
27.188790 6.1487794 -0.9326658 10.4689865 0.0119626 -0.0395597 -0.0141440 0.9990455
27.396270 6.1388354 -0.9356126 10.5564737 0.0097516 -0.0506024 -0.0171733 0.9985236
27.603900 6.1272016 -0.9384063 10.6461420 0.0079745 -0.0565816 -0.0192180 0.9981812
27.811650 6.1162024 -0.9408482 10.7374344 0.0077460 -0.0576753 -0.0159158 0.9981785
28.019400 6.1053658 -0.9438329 10.8305998 0.0094161 -0.0567194 -0.0133328 0.9982567
28.227150 6.0948982 -0.9462221 10.9256773 0.0065523 -0.0560570 -0.0103155 0.9983528
28.434770 6.0851383 -0.9493109 11.0217161 0.0036068 -0.0550436 -0.0094859 0.9984324
28.642420 6.0735493 -0.9510874 11.1190472 0.0031231 -0.0529483 -0.0108104 0.9985338
28.849900 6.0635409 -0.9537733 11.2163210 0.0055404 -0.0516069 -0.0103184 0.9985988
29.057520 6.0536842 -0.9558722 11.3144665 0.0098955 -0.0509175 -0.0106352 0.9985972
29.264900 6.0423093 -0.9595380 11.4133005 0.0061041 -0.0490726 -0.0127454 0.9986953
29.472530 6.0324259 -0.9623801 11.5104523 0.0055455 -0.0451196 -0.0160714 0.9988369
29.680170 6.0243835 -0.9653482 11.6090746 0.0048218 -0.0368003 -0.0157246 0.9991873
29.887780 6.0192299 -0.9683660 11.7053690 0.0077186 -0.0258751 -0.0145704 0.9995292
30.095530 6.0158801 -0.9710451 11.8032045 0.0040114 -0.0137745 -0.0134061 0.9998072
30.199280 6.0156417 -0.9725009 11.8520660 0.0002784 -0.0092923 -0.0108222 0.9998983
30.406780 6.0140796 -0.9737177 11.9498482 -0.0036183 -0.0031676 -0.0136042 0.9998959
30.614030 6.0140419 -0.9747530 12.0470619 -0.0048076 -0.0011052 -0.0124197 0.9999107
30.717780 6.0137062 -0.9750500 12.0958157 -0.0037648 -0.0006696 -0.0128643 0.9999099
30.925160 6.0121412 -0.9758059 12.1939402 -0.0036835 -0.0004801 -0.0152440 0.9998769
31.132530 6.0114326 -0.9768541 12.2934828 -0.0053373 -0.0020841 -0.0150947 0.9998696
31.340050 6.0105705 -0.9771661 12.3934202 -0.0059078 -0.0045810 -0.0131242 0.9998859
31.547410 6.0079217 -0.9774472 12.4945784 -0.0093720 -0.0094467 -0.0155129 0.9997911
31.754790 6.0043850 -0.9770711 12.5962934 -0.0118546 -0.0141621 -0.0164964 0.9996933
31.962280 5.9994249 -0.9763511 12.6976538 -0.0079037 -0.0187456 -0.0214718 0.9995624
32.169650 5.9935102 -0.9766924 12.7993345 -0.0076558 -0.0235306 -0.0244815 0.9993940
32.480910 5.9836259 -0.9770327 12.9533138 -0.0053928 -0.0303371 -0.0261965 0.9991818
32.688280 5.9758148 -0.9776064 13.0552635 -0.0058912 -0.0349735 -0.0240806 0.9990807
32.895660 5.9675341 -0.9781066 13.1567078 -0.0045351 -0.0396159 -0.0231688 0.9989361
33.103170 5.9570136 -0.9785957 13.2586012 -0.0063939 -0.0442571 -0.0273371 0.9986256
33.310530 5.9470472 -0.9799046 13.3598022 -0.0011426 -0.0488910 -0.0253943 0.9984806
33.518170 5.9342794 -0.9803544 13.4604530 -0.0005834 -0.0520398 -0.0316159 0.9981443
33.725530 5.9233375 -0.9802960 13.5638456 -0.0119637 -0.0541797 -0.0299489 0.9980103
33.933050 5.9107466 -0.9794599 13.6652603 -0.0177051 -0.0560163 -0.0318934 0.9977633
34.140410 5.8985195 -0.9779190 13.7653351 -0.0121072 -0.0599586 -0.0309743 0.9976467
34.347780 5.8844590 -0.9773399 13.8656931 -0.0087382 -0.0647194 -0.0296608 0.9974243
34.555160 5.8700733 -0.9763354 13.9685802 -0.0080659 -0.0690911 -0.0289761 0.9971569
34.762530 5.8555527 -0.9756488 14.0699921 -0.0136090 -0.0726417 -0.0276956 0.9968806
34.970030 5.8395286 -0.9740419 14.1736860 -0.0190562 -0.0749520 -0.0264991 0.9966528
35.177560 5.8231916 -0.9714250 14.2768536 -0.0229349 -0.0766636 -0.0265230 0.9964403
35.385050 5.8056116 -0.9691898 14.3781528 -0.0112433 -0.0781653 -0.0312055 0.9963885
35.592410 5.7886610 -0.9675809 14.4804993 -0.0083351 -0.0785752 -0.0307511 0.9963989
35.799780 5.7716875 -0.9670650 14.5828285 -0.0119996 -0.0793956 -0.0306014 0.9963011
36.007180 5.7551274 -0.9659047 14.6858063 -0.0119219 -0.0808613 -0.0269337 0.9962901
36.214530 5.7373905 -0.9648491 14.7889566 -0.0158716 -0.0819935 -0.0281483 0.9961088
36.422040 5.7196612 -0.9630609 14.8916616 -0.0134982 -0.0832804 -0.0280051 0.9960411
36.629530 5.7016625 -0.9611256 14.9949284 -0.0137421 -0.0852499 -0.0259975 0.9959255
36.837040 5.6824169 -0.9599678 15.0988617 -0.0164988 -0.0890744 -0.0262938 0.9955412
37.044540 5.6625848 -0.9579183 15.2020378 -0.0154351 -0.0938655 -0.0254289 0.9951404
37.252040 5.6407423 -0.9563023 15.3033514 -0.0115649 -0.0989289 -0.0270807 0.9946587
37.563030 5.6070871 -0.9555491 15.4569292 -0.0112631 -0.1141635 -0.0206036 0.9931844
37.874040 5.5660152 -0.9533585 15.6083012 -0.0147824 -0.1369114 -0.0199880 0.9902713
38.081530 5.5342503 -0.9512350 15.7073412 -0.0167847 -0.1504917 -0.0232641 0.9881950
38.289160 5.5001388 -0.9488010 15.8058519 -0.0136645 -0.1592586 -0.0283167 0.9867361
38.497160 5.4653573 -0.9470750 15.9040022 -0.0110214 -0.1581326 -0.0352345 0.9867275
38.705160 5.4332204 -0.9459198 16.0034027 -0.0057788 -0.1483694 -0.0394143 0.9881294
38.913290 5.4053431 -0.9452092 16.1032162 -0.0063564 -0.1363202 -0.0356659 0.9900022
39.121160 5.3786602 -0.9454356 16.2036610 -0.0072287 -0.1250504 -0.0360208 0.9914700
39.328910 5.3544865 -0.9451441 16.3053188 -0.0054378 -0.1149855 -0.0326182 0.9928166
39.536410 5.3313370 -0.9448911 16.4074783 -0.0050105 -0.1072409 -0.0348676 0.9936088
39.743820 5.3087125 -0.9444711 16.5113602 -0.0102085 -0.1011439 -0.0378050 0.9941009
39.951290 5.2870178 -0.9433824 16.6157227 -0.0107378 -0.0971057 -0.0394388 0.9944344
40.158660 5.2651567 -0.9432995 16.7185307 -0.0002028 -0.0948221 -0.0425809 0.9945831
40.366160 5.2446542 -0.9438306 16.8221798 0.0031599 -0.0933486 -0.0429559 0.9947014
40.573540 5.2238469 -0.9446594 16.9282532 -0.0000134 -0.0926050 -0.0431764 0.9947664
40.884790 5.1932144 -0.9456787 17.0877266 -0.0028376 -0.0960184 -0.0412732 0.9945195
41.092170 5.1705389 -0.9456434 17.1951828 -0.0028822 -0.1004074 -0.0416526 0.9940700
41.403160 5.1347828 -0.9454650 17.3553219 -0.0002352 -0.1072342 -0.0413698 0.9933727
41.610540 5.1098518 -0.9463670 17.4627304 0.0026241 -0.1142718 -0.0394118 0.9926640
41.921540 5.0666776 -0.9471153 17.6249237 -0.0042778 -0.1262991 -0.0441134 0.9910017
42.128920 5.0357857 -0.9459008 17.7340221 -0.0090326 -0.1343683 -0.0470972 0.9897704
42.336290 5.0030756 -0.9450080 17.8422489 -0.0041447 -0.1432825 -0.0459580 0.9886055
42.647420 4.9513793 -0.9446097 18.0059166 0.0047753 -0.1566883 -0.0396164 0.9868417
42.958540 4.8946323 -0.9458457 18.1709251 -0.0038936 -0.1697368 -0.0329594 0.9849305
43.166060 4.8528380 -0.9452177 18.2813911 -0.0072739 -0.1778215 -0.0335847 0.9834626
43.373560 4.8079553 -0.9436157 18.3917770 -0.0078758 -0.1854993 -0.0383924 0.9818625
43.581040 4.7627740 -0.9418829 18.5022697 -0.0089508 -0.1909842 -0.0375950 0.9808320
43.788690 4.7164283 -0.9402057 18.6130524 -0.0050354 -0.1971643 -0.0353342 0.9797206
43.996060 4.6678600 -0.9388285 18.7227821 -0.0072432 -0.2020133 -0.0376933 0.9786304
44.203560 4.6181316 -0.9369695 18.8342323 -0.0092638 -0.2074497 -0.0385099 0.9774435
44.411040 4.5672350 -0.9353840 18.9435711 -0.0044738 -0.2131176 -0.0381716 0.9762704
44.618540 4.5157447 -0.9343123 19.0535431 -0.0058741 -0.2185053 -0.0332850 0.9752502
44.826160 4.4636760 -0.9332736 19.1628132 -0.0069026 -0.2249017 -0.0287248 0.9739335
44.929790 4.4375782 -0.9327696 19.2170696 -0.0084629 -0.2279198 -0.0251068 0.9733194
45.033540 4.4100595 -0.9323052 19.2710133 -0.0096127 -0.2304665 -0.0265624 0.9726701
45.241040 4.3550153 -0.9306927 19.3773270 -0.0087394 -0.2354085 -0.0262118 0.9715037
45.344810 4.3273840 -0.9301596 19.4295120 -0.0084859 -0.2379472 -0.0278609 0.9708413
45.552290 4.2715044 -0.9284375 19.5351238 -0.0103201 -0.2437122 -0.0259564 0.9694453
45.656170 4.2429533 -0.9277059 19.5869293 -0.0091756 -0.2460494 -0.0248403 0.9688955
45.863670 4.1850624 -0.9257624 19.6908760 -0.0109224 -0.2510352 -0.0257641 0.9675733
46.071290 4.1261172 -0.9235561 19.7936153 -0.0122828 -0.2546360 -0.0293624 0.9665130
46.278790 4.0675249 -0.9205459 19.8954353 -0.0149820 -0.2570392 -0.0299989 0.9658191
46.590420 3.9794865 -0.9174110 20.0476704 -0.0093619 -0.2586713 -0.0269406 0.9655443
46.798050 3.9196072 -0.9151024 20.1507435 -0.0126573 -0.2569999 -0.0286787 0.9659029
47.005800 3.8600593 -0.9127185 20.2545872 -0.0130081 -0.2526497 -0.0291963 0.9670298
47.213560 3.8020935 -0.9103945 20.3588448 -0.0079169 -0.2462248 -0.0311810 0.9686787
47.525050 3.7182846 -0.9085337 20.5187798 -0.0071158 -0.2347829 -0.0305955 0.9715402
47.732670 3.6623082 -0.9061453 20.6289673 -0.0114478 -0.2263035 -0.0340136 0.9733955
47.940170 3.6090484 -0.9037319 20.7383919 -0.0121633 -0.2173219 -0.0368614 0.9753278
48.147690 3.5582328 -0.9011025 20.8494530 -0.0059113 -0.2103365 -0.0349440 0.9769865
48.355050 3.5094767 -0.8999733 20.9618073 -0.0075959 -0.2035347 -0.0341436 0.9784427
48.562550 3.4605198 -0.8984680 21.0758839 -0.0090087 -0.1975171 -0.0340634 0.9796661
48.769940 3.4115787 -0.8964148 21.1915512 -0.0097298 -0.1918253 -0.0368491 0.9806888
48.977300 3.3643026 -0.8944145 21.3075924 -0.0092374 -0.1870583 -0.0390930 0.9815271
49.184670 3.3172660 -0.8923402 21.4251289 -0.0082337 -0.1824920 -0.0407143 0.9823295
49.392050 3.2724199 -0.8902599 21.5435352 -0.0084332 -0.1787516 -0.0401735 0.9830376
49.599420 3.2274518 -0.8887159 21.6617088 -0.0091463 -0.1749184 -0.0415771 0.9836622
49.806800 3.1834092 -0.8872731 21.7802544 -0.0093754 -0.1709529 -0.0432718 0.9842839
50.014170 3.1412544 -0.8850675 21.8984547 -0.0077910 -0.1679053 -0.0420034 0.9848770
50.221580 3.0994167 -0.8832963 22.0194054 -0.0149831 -0.1669254 -0.0391812 0.9850768
50.428990 3.0575852 -0.8802275 22.1395512 -0.0168733 -0.1661642 -0.0380439 0.9852195
50.532690 3.0374775 -0.8789660 22.1984024 -0.0136595 -0.1660560 -0.0366130 0.9853417
50.740210 2.9961009 -0.8768967 22.3178139 -0.0092534 -0.1651848 -0.0336708 0.9856443
50.843990 2.9747562 -0.8759455 22.3786583 -0.0104480 -0.1643032 -0.0323030 0.9858255
50.947600 2.9538665 -0.8749832 22.4394569 -0.0126634 -0.1637352 -0.0309449 0.9859375
51.051200 2.9336438 -0.8738846 22.4997673 -0.0149391 -0.1633475 -0.0293584 0.9860185
51.154950 2.9140539 -0.8725345 22.5596352 -0.0166596 -0.1632466 -0.0284017 0.9860356
51.258560 2.8923669 -0.8713447 22.6208191 -0.0171880 -0.1628296 -0.0277214 0.9861149
51.465930 2.8511190 -0.8684119 22.7415218 -0.0147858 -0.1630628 -0.0261776 0.9861575
51.673320 2.8105354 -0.8657242 22.8614197 -0.0168365 -0.1630621 -0.0251268 0.9861521
51.880670 2.7692022 -0.8634834 22.9822788 -0.0166895 -0.1625021 -0.0241579 0.9862713
52.191670 2.7074308 -0.8590108 23.1634521 -0.0175366 -0.1618952 -0.0220021 0.9864067
52.399170 2.6680040 -0.8560128 23.2820797 -0.0194304 -0.1624950 -0.0188646 0.9863377
52.606680 2.6284370 -0.8526640 23.4010792 -0.0220597 -0.1631210 -0.0130231 0.9862735
52.814180 2.5891552 -0.8491784 23.5194035 -0.0242249 -0.1642254 -0.0087391 0.9860866
52.917930 2.5691533 -0.8470254 23.5781879 -0.0247926 -0.1649092 -0.0071542 0.9859712
53.125430 2.5285869 -0.8429292 23.6942348 -0.0260602 -0.1662249 -0.0065974 0.9857213
53.332930 2.4896612 -0.8395140 23.8062210 -0.0270267 -0.1679887 -0.0053788 0.9854037
53.644050 2.4314461 -0.8329722 23.9700470 -0.0333155 -0.1694996 -0.0095985 0.9849202
53.851550 2.3929157 -0.8273846 24.0739784 -0.0364188 -0.1688746 -0.0172485 0.9848135
54.059050 2.3560948 -0.8215899 24.1735229 -0.0363216 -0.1681299 -0.0237097 0.9848101
54.266550 2.3221397 -0.8162109 24.2675056 -0.0346948 -0.1671500 -0.0260360 0.9849768
54.473930 2.2898355 -0.8107466 24.3596115 -0.0337982 -0.1665936 -0.0249009 0.9851316
54.681310 2.2583604 -0.8060776 24.4491558 -0.0333568 -0.1652709 -0.0256988 0.9853489
54.888800 2.2288618 -0.8011729 24.5353661 -0.0339435 -0.1604065 -0.0287043 0.9860495
55.096430 2.2019596 -0.7966799 24.6185913 -0.0337065 -0.1536333 -0.0302408 0.9870898
55.200180 2.1886673 -0.7948421 24.6595306 -0.0306769 -0.1499235 -0.0310849 0.9877325
55.407810 2.1641741 -0.7902896 24.7415447 -0.0259113 -0.1410353 -0.0324560 0.9891331
55.615430 2.1410737 -0.7866608 24.8258152 -0.0300614 -0.1287749 -0.0358831 0.9905684
55.926680 2.1108913 -0.7797062 24.9543381 -0.0353952 -0.1115891 -0.0354662 0.9924904
56.030430 2.1017637 -0.7770537 24.9977245 -0.0345644 -0.1062926 -0.0338610 0.9931569
56.237800 2.0848165 -0.7724986 25.0853214 -0.0303326 -0.0984838 -0.0279180 0.9942844
56.445350 2.0694389 -0.7676446 25.1750469 -0.0321935 -0.0928375 -0.0220970 0.9949153
56.652940 2.0527630 -0.7611654 25.2683926 -0.0473874 -0.0874978 -0.0230914 0.9947690
56.860440 2.0367973 -0.7535186 25.3625069 -0.0559009 -0.0816044 -0.0242503 0.9948003
57.068060 2.0220122 -0.7449462 25.4568100 -0.0547593 -0.0755322 -0.0252887 0.9953175
57.275560 2.0091565 -0.7355316 25.5534325 -0.0598823 -0.0691545 -0.0217866 0.9955688
57.483060 1.9979668 -0.7259481 25.6494217 -0.0628678 -0.0632252 -0.0177784 0.9958585
57.690560 1.9868655 -0.7159207 25.7438755 -0.0616489 -0.0567159 -0.0161929 0.9963536
57.794300 1.9817822 -0.7109239 25.7905121 -0.0615665 -0.0531861 -0.0163515 0.9965508
57.898200 1.9772980 -0.7062597 25.8367481 -0.0618469 -0.0490346 -0.0172902 0.9967304
58.105810 1.9700547 -0.6970491 25.9274502 -0.0615448 -0.0386537 -0.0156267 0.9972332
58.313440 1.9650953 -0.6880145 26.0163670 -0.0625191 -0.0279517 -0.0151856 0.9975367
58.521060 1.9627252 -0.6802423 26.1022968 -0.0590033 -0.0173195 -0.0137790 0.9980124
58.728680 1.9609114 -0.6721423 26.1866741 -0.0500313 -0.0039252 -0.0191704 0.9985560
58.936580 1.9632404 -0.6654758 26.2713661 -0.0449256 0.0142634 -0.0183376 0.9987202
59.144310 1.9698954 -0.6599476 26.3554859 -0.0388868 0.0352618 -0.0149318 0.9985096
59.352060 1.9809999 -0.6558273 26.4415703 -0.0322607 0.0556764 -0.0085205 0.9978912
59.663310 2.0023103 -0.6486354 26.5742874 -0.0375489 0.0821132 -0.0058991 0.9958979
59.974310 2.0283346 -0.6407068 26.7088871 -0.0458452 0.0976716 -0.0043328 0.9941527
60.181800 2.0469131 -0.6338327 26.8004818 -0.0495297 0.1055899 -0.0059211 0.9931579
60.493060 2.0750933 -0.6253871 26.9360065 -0.0372324 0.1152785 -0.0208269 0.9924167
60.804180 2.1068063 -0.6177416 27.0743599 -0.0354931 0.1196793 -0.0278876 0.9917859
61.115330 2.1376524 -0.6136152 27.2111683 -0.0184422 0.1154583 -0.0339282 0.9925614
61.426430 2.1658697 -0.6113857 27.3459759 -0.0165130 0.1089487 -0.0398344 0.9931117
61.633820 2.1838999 -0.6115159 27.4329987 -0.0179781 0.1065313 -0.0374924 0.9934396
61.841310 2.2014909 -0.6115776 27.5175743 -0.0093514 0.1034905 -0.0346255 0.9939836
62.048840 2.2189944 -0.6126120 27.6016312 -0.0059919 0.1018762 -0.0316800 0.9942744
62.256400 2.2349384 -0.6137459 27.6823711 -0.0005940 0.1025487 -0.0335738 0.9941611
62.463960 2.2505314 -0.6158577 27.7613754 0.0016831 0.1067303 -0.0388459 0.9935275
62.671810 2.2682657 -0.6187127 27.8384514 0.0031375 0.1216971 -0.0421964 0.9916649
62.879830 2.2898369 -0.6219531 27.9110241 0.0043272 0.1399228 -0.0386115 0.9893999
63.191440 2.3237720 -0.6270463 28.0105515 0.0065930 0.1660304 -0.0350835 0.9854743
63.399310 2.3463693 -0.6302028 28.0698051 0.0050703 0.1844623 -0.0370597 0.9821275
63.710810 2.3805828 -0.6358503 28.1456070 0.0143165 0.2099514 -0.0316159 0.9770956
64.022190 2.4113770 -0.6405874 28.2077007 0.0275387 0.2286463 -0.0322738 0.9725847
64.333310 2.4410353 -0.6461475 28.2607422 0.0314961 0.2404725 -0.0257261 0.9698036
64.748080 2.4721336 -0.6524050 28.3192177 0.0272200 0.2502345 -0.0277776 0.9674038
65.059060 2.4903669 -0.6556014 28.3512840 0.0283944 0.2539003 -0.0259870 0.9664642
65.370060 2.5041142 -0.6584469 28.3757095 0.0319332 0.2531909 -0.0247227 0.9665730
65.681060 2.5187225 -0.6606486 28.3998623 0.0302364 0.2468620 -0.0158761 0.9684487
65.992190 2.5299053 -0.6631538 28.4238853 0.0320418 0.2406827 -0.0186476 0.9698955
66.614310 2.5563755 -0.6674293 28.4868984 0.0275736 0.2200052 -0.0300265 0.9746465
66.925440 2.5746841 -0.6718824 28.5276585 0.0260711 0.2038482 -0.0225999 0.9783943
67.236440 2.5913901 -0.6751966 28.5735626 0.0258718 0.1793466 -0.0188950 0.9832641
67.547320 2.6053147 -0.6792625 28.6247864 0.0262219 0.1471188 -0.0200430 0.9885680
67.858320 2.6154594 -0.6822525 28.6825199 0.0278996 0.1113259 -0.0281650 0.9929929
68.169320 2.6243515 -0.6866943 28.7472363 0.0262136 0.0725499 -0.0255450 0.9966930
68.480320 2.6273828 -0.6911857 28.8213139 0.0254052 0.0335001 -0.0268906 0.9987538
68.791570 2.6260922 -0.6959662 28.9052849 0.0242878 -0.0002058 -0.0261675 0.9993625
69.102840 2.6201952 -0.7009079 28.9993629 0.0240157 -0.0284684 -0.0251539 0.9989895
69.413950 2.6090138 -0.7068104 29.1029148 0.0232104 -0.0567162 -0.0196680 0.9979267
69.725320 2.5905690 -0.7127659 29.2153473 0.0237752 -0.0810786 -0.0211850 0.9961989
70.036720 2.5655122 -0.7183502 29.3378525 0.0205901 -0.0972623 -0.0227346 0.9947860
70.348200 2.5375271 -0.7237463 29.4700432 0.0191554 -0.1058171 -0.0244138 0.9939013
70.659570 2.5052228 -0.7301245 29.6110916 0.0194149 -0.1105867 -0.0246714 0.9933705
70.970820 2.4695783 -0.7366862 29.7598419 0.0213441 -0.1148541 -0.0233618 0.9928783
71.282190 2.4328532 -0.7445118 29.9156685 0.0225169 -0.1186750 -0.0203223 0.9924698
71.697200 2.3799667 -0.7569184 30.1307735 0.0266038 -0.1216909 -0.0190915 0.9920278
72.008470 2.3359513 -0.7663050 30.3009453 0.0235161 -0.1219285 -0.0203664 0.9920512
72.319700 2.2924395 -0.7757852 30.4763584 0.0244122 -0.1232087 -0.0169725 0.9919353
72.630950 2.2460394 -0.7864512 30.6569920 0.0237232 -0.1247572 -0.0150846 0.9917889
72.942200 2.1971073 -0.7969557 30.8468533 0.0244647 -0.1260798 -0.0154197 0.9915985
73.149700 2.1625648 -0.8045785 30.9752979 0.0237268 -0.1252171 -0.0181895 0.9916788
73.357220 2.1280227 -0.8122125 31.1050644 0.0262127 -0.1217315 -0.0209905 0.9919948
73.564950 2.0963478 -0.8195030 31.2356796 0.0294559 -0.1132728 -0.0252892 0.9928051
73.772700 2.0662818 -0.8283536 31.3683472 0.0309385 -0.0987404 -0.0289588 0.9942105
73.980600 2.0407939 -0.8376246 31.5030346 0.0285002 -0.0816495 -0.0309477 0.9957727
74.292330 2.0121608 -0.8526365 31.7098217 0.0319762 -0.0535721 -0.0326834 0.9975166
74.603820 1.9963930 -0.8683909 31.9180069 0.0316708 -0.0202156 -0.0322161 0.9987745
74.811700 1.9946828 -0.8798270 32.0557938 0.0372067 0.0053029 -0.0339554 0.9987165
75.019330 1.9992260 -0.8940945 32.1942329 0.0417915 0.0337919 -0.0376056 0.9978464
75.227100 2.0123069 -0.9086118 32.3302803 0.0451545 0.0644352 -0.0383547 0.9961617
75.434820 2.0343423 -0.9249215 32.4670639 0.0505608 0.0928067 -0.0355514 0.9937639
75.642200 2.0647969 -0.9423122 32.6030464 0.0539240 0.1176651 -0.0318672 0.9910760
75.745950 2.0821815 -0.9517236 32.6711388 0.0542860 0.1288211 -0.0309629 0.9896966
75.953320 2.1210928 -0.9704247 32.8062134 0.0572560 0.1508005 -0.0313637 0.9864062
76.160580 2.1672840 -0.9897528 32.9414177 0.0567235 0.1696957 -0.0281420 0.9834601
76.367700 2.2166090 -1.0091467 33.0753479 0.0586352 0.1807924 -0.0223796 0.9815168
76.574950 2.2688112 -1.0291519 33.2095337 0.0606192 0.1858038 -0.0214899 0.9804797
76.782200 2.3211327 -1.0494518 33.3448830 0.0615311 0.1894728 -0.0224430 0.9796991
76.989560 2.3762379 -1.0703335 33.4818344 0.0648631 0.1927322 -0.0211818 0.9788761
77.196950 2.4342871 -1.0923216 33.6203232 0.0627682 0.1954944 -0.0207923 0.9784732
77.404200 2.4924574 -1.1129923 33.7632332 0.0615717 0.1973936 -0.0222494 0.9781358
77.611580 2.5518951 -1.1355033 33.9044914 0.0649735 0.1971091 -0.0229322 0.9779574
77.818950 2.6122398 -1.1586637 34.0503235 0.0650752 0.1969457 -0.0225956 0.9779913
78.026330 2.6731367 -1.1819813 34.1988983 0.0655565 0.1976197 -0.0249159 0.9777669
78.233830 2.7352362 -1.2064383 34.3500900 0.0641147 0.2003393 -0.0252927 0.9772992
78.441200 2.8002253 -1.2301428 34.5023499 0.0653342 0.2025003 -0.0245654 0.9767915
78.648580 2.8661880 -1.2546878 34.6555519 0.0648870 0.2057441 -0.0246313 0.9761415
78.855950 2.9341631 -1.2793300 34.8109245 0.0635129 0.2093592 -0.0256249 0.9754375
79.063330 3.0034695 -1.3044162 34.9679756 0.0635222 0.2127093 -0.0268987 0.9746774
79.374460 3.1122103 -1.3426218 35.2062874 0.0648809 0.2166290 -0.0260275 0.9737479
79.581950 3.1871071 -1.3683906 35.3652954 0.0652091 0.2192212 -0.0256448 0.9731558
79.789450 3.2641287 -1.3961587 35.5272522 0.0647005 0.2229987 -0.0255020 0.9723349
80.100580 3.3833904 -1.4362588 35.7719536 0.0654968 0.2278380 -0.0252981 0.9711643
80.307980 3.4651937 -1.4635346 35.9381714 0.0661298 0.2297942 -0.0246736 0.9706764
80.515330 3.5486603 -1.4919927 36.1079559 0.0662792 0.2314738 -0.0242879 0.9702768
80.619080 3.5916681 -1.5063033 36.1925163 0.0669155 0.2318162 -0.0238327 0.9701627
80.826440 3.6778278 -1.5354269 36.3641319 0.0664129 0.2329695 -0.0224806 0.9699532
80.930080 3.7214642 -1.5497608 36.4510689 0.0667430 0.2335532 -0.0232474 0.9697720
81.033840 3.7651825 -1.5648091 36.5376015 0.0663446 0.2340477 -0.0233123 0.9696786
81.137500 3.8100576 -1.5796590 36.6253281 0.0652664 0.2345712 -0.0235106 0.9696205
81.241210 3.8541136 -1.5941985 36.7130623 0.0643169 0.2353814 -0.0229955 0.9694999
81.344940 3.8989334 -1.6090519 36.8006859 0.0646668 0.2356807 -0.0222303 0.9694218
81.448590 3.9433670 -1.6235204 36.8885651 0.0656321 0.2359096 -0.0222248 0.9693014
81.552330 3.9883995 -1.6386333 36.9762192 0.0659284 0.2359602 -0.0219362 0.9692755
81.759710 4.0782795 -1.6691513 37.1525230 0.0653139 0.2361852 -0.0221904 0.9692565
81.863460 4.1237507 -1.6842492 37.2404480 0.0656909 0.2357997 -0.0224018 0.9693201
81.967080 4.1690359 -1.6991401 37.3290939 0.0669069 0.2356209 -0.0224915 0.9692783
82.174460 4.2601500 -1.7307730 37.5069199 0.0673467 0.2341817 -0.0200407 0.9696503
82.278210 4.3061733 -1.7450199 37.5960579 0.0671557 0.2329286 -0.0186563 0.9699929
82.485710 4.3960695 -1.7745755 37.7721748 0.0664689 0.2312585 -0.0191944 0.9704293
82.693080 4.4832582 -1.8033292 37.9484406 0.0670830 0.2305434 -0.0194293 0.9705525
82.796920 4.5269098 -1.8181524 38.0357056 0.0672914 0.2301329 -0.0190560 0.9706429
83.004230 4.6138372 -1.8489673 38.2104950 0.0668951 0.2294263 -0.0200352 0.9708178
83.107850 4.6563988 -1.8644476 38.2990303 0.0662276 0.2294454 -0.0207913 0.9708431
83.315210 4.7448645 -1.8943965 38.4755745 0.0653833 0.2286307 -0.0182891 0.9711429
83.418960 4.7889252 -1.9089012 38.5633736 0.0658882 0.2281528 -0.0148899 0.9712793
83.522590 4.8318005 -1.9235303 38.6511917 0.0672162 0.2277666 -0.0140182 0.9712918
83.626210 4.8749332 -1.9385712 38.7397270 0.0685318 0.2275877 -0.0147595 0.9712309
83.729960 4.9180412 -1.9539621 38.8282166 0.0685546 0.2275382 -0.0159458 0.9712221
83.937350 5.0041656 -1.9840324 39.0054741 0.0669732 0.2265491 -0.0179218 0.9715291
84.040960 5.0469065 -1.9992235 39.0934868 0.0668454 0.2260779 -0.0186730 0.9716336
84.248350 5.1317844 -2.0287158 39.2692833 0.0664227 0.2254763 -0.0202507 0.9717708
84.352100 5.1743650 -2.0439837 39.3571739 0.0653673 0.2254218 -0.0209508 0.9718401
84.455710 5.2170725 -2.0585921 39.4447441 0.0661715 0.2254716 -0.0199333 0.9717955
84.559380 5.2597895 -2.0734112 39.5318680 0.0666206 0.2253140 -0.0192748 0.9718147
84.662980 5.3022251 -2.0881686 39.6199112 0.0666457 0.2251531 -0.0178899 0.9718767
84.766730 5.3443966 -2.1029382 39.7072334 0.0659962 0.2247304 -0.0171697 0.9720319
84.870340 5.3865623 -2.1178429 39.7934875 0.0668596 0.2236837 -0.0170199 0.9722169
84.973960 5.4272470 -2.1322992 39.8800812 0.0687089 0.2231973 -0.0185873 0.9721711
85.181330 5.5078297 -2.1633172 40.0515671 0.0663484 0.2223943 -0.0214135 0.9724609
85.388710 5.5878859 -2.1925390 40.2206879 0.0640832 0.2218766 -0.0201773 0.9727574
85.596110 5.6693869 -2.2210569 40.3886948 0.0640377 0.2213636 -0.0186636 0.9729075
85.803450 5.7484283 -2.2487550 40.5538940 0.0641282 0.2220550 -0.0188829 0.9727398
86.010840 5.8254280 -2.2758174 40.7159576 0.0639352 0.2228031 -0.0197783 0.9725636
86.218210 5.9008226 -2.3022857 40.8726006 0.0617345 0.2235419 -0.0198968 0.9725338
86.425590 5.9723444 -2.3279412 41.0215607 0.0606767 0.2242161 -0.0197503 0.9724482
86.632980 6.0416946 -2.3521683 41.1642799 0.0637219 0.2243860 -0.0192112 0.9722250
86.840340 6.1076412 -2.3760240 41.3005219 0.0614269 0.2233162 -0.0180699 0.9726408
87.047710 6.1686192 -2.3977585 41.4288864 0.0604217 0.2216474 -0.0190031 0.9730676
87.254960 6.2255840 -2.4180145 41.5492172 0.0572645 0.2193967 -0.0179392 0.9737885
87.566210 6.3016319 -2.4439547 41.7120323 0.0582526 0.2180102 -0.0184469 0.9740318
87.773590 6.3460360 -2.4600196 41.8083076 0.0581951 0.2178727 -0.0198528 0.9740384
88.293330 6.4448252 -2.4943261 42.0067444 0.0583469 0.2580184 -0.0276096 0.9639813
88.605840 6.5126419 -2.5120120 42.1015358 0.0619822 0.3145526 -0.0246569 0.9468933
88.814340 6.5626678 -2.5234096 42.1565781 0.0612059 0.3633820 -0.0229478 0.9293443
89.022840 6.6164913 -2.5339332 42.2027969 0.0614041 0.4168994 -0.0209241 0.9066347
89.335590 6.7031021 -2.5491092 42.2534103 0.0665193 0.5028903 -0.0198887 0.8615573
89.647840 6.7963305 -2.5633550 42.2835236 0.0723759 0.5843337 -0.0117319 0.8081944
89.959740 6.8951006 -2.5769200 42.2956276 0.0733235 0.6600868 -0.0062698 0.7475759
90.167590 6.9631157 -2.5854115 42.2925186 0.0788729 0.7072543 -0.0056641 0.7025228
90.375470 7.0330553 -2.5932016 42.2811775 0.0818737 0.7523050 -0.0078694 0.6536604
90.583090 7.1043968 -2.6016772 42.2595024 0.0798491 0.7938858 -0.0045461 0.6027842
90.790840 7.1749763 -2.6092942 42.2269363 0.0820443 0.8326671 -0.0053467 0.5476364
90.998490 7.2438030 -2.6166344 42.1839561 0.0836330 0.8679354 -0.0078544 0.4895221
91.102090 7.2777014 -2.6204782 42.1577682 0.0840976 0.8833817 -0.0078864 0.4609796
91.205840 7.3117447 -2.6244721 42.1279640 0.0851671 0.8973328 -0.0064028 0.4330121
91.412970 7.3775578 -2.6318529 42.0616570 0.0854400 0.9205665 -0.0052961 0.3810896
91.620220 7.4403038 -2.6380351 41.9860115 0.0877689 0.9373434 -0.0061793 0.3371138
91.827240 7.5000896 -2.6447029 41.9011688 0.0881562 0.9482074 -0.0046092 0.3051392
92.034130 7.5595455 -2.6510077 41.8092651 0.0826183 0.9556733 -0.0007720 0.2825992
92.241220 7.6176357 -2.6565742 41.7131424 0.0776064 0.9615318 0.0010029 0.2635012
92.448600 7.6741056 -2.6614680 41.6121101 0.0692518 0.9673387 0.0030010 0.2438257
92.655970 7.7275410 -2.6646037 41.5061188 0.0615039 0.9728699 0.0062668 0.2229396
92.863470 7.7773733 -2.6670148 41.3957672 0.0505046 0.9785153 0.0112438 0.1995765
93.070970 7.8210058 -2.6677003 41.2817650 0.0451552 0.9835584 0.0133426 0.1743443
93.278470 7.8586855 -2.6668377 41.1636658 0.0438723 0.9878897 0.0178556 0.1477509
93.485840 7.8907747 -2.6649017 41.0419083 0.0453005 0.9909328 0.0232648 0.1243334
93.693120 7.9201584 -2.6616011 40.9177971 0.0442245 0.9926026 0.0274532 0.1096834
93.900350 7.9482698 -2.6564171 40.7901306 0.0401425 0.9931535 0.0324112 0.1048053
94.211350 7.9934921 -2.6479602 40.5931282 0.0309468 0.9934121 0.0293799 0.1063557
94.625970 8.0577774 -2.6400380 40.3219795 0.0317195 0.9923337 0.0227612 0.1172589
94.729720 8.0760746 -2.6382644 40.2520676 0.0296595 0.9921970 0.0216977 0.1191411
95.040970 8.1312246 -2.6338830 40.0409813 0.0265705 0.9922816 0.0156884 0.1201047
95.144720 8.1487856 -2.6327107 39.9699478 0.0266943 0.9921804 0.0157808 0.1208986
95.352090 8.1845074 -2.6308045 39.8241386 0.0293504 0.9918199 0.0191157 0.1227452
95.559540 8.2224941 -2.6287861 39.6780205 0.0293771 0.9913788 0.0213620 0.1258919
95.870470 8.2809973 -2.6245475 39.4603996 0.0330916 0.9904400 0.0228617 0.1319505
96.077860 8.3208799 -2.6221404 39.3173866 0.0336708 0.9898387 0.0210807 0.1365332
96.285350 8.3626556 -2.6193881 39.1746521 0.0337561 0.9894716 0.0220820 0.1389920
96.492870 8.4035015 -2.6173568 39.0333824 0.0339569 0.9892016 0.0218209 0.1408934
96.700350 8.4448872 -2.6151130 38.8946838 0.0337440 0.9891272 0.0217977 0.1414694
96.907730 8.4855137 -2.6127386 38.7580795 0.0323834 0.9891269 0.0236016 0.1415000
97.115100 8.5249577 -2.6103694 38.6235390 0.0346988 0.9889663 0.0219096 0.1423435
97.322500 8.5642853 -2.6083450 38.4917755 0.0352722 0.9886578 0.0220048 0.1443168
97.529990 8.6040487 -2.6064544 38.3636742 0.0348045 0.9882681 0.0218747 0.1470931
97.737470 8.6429787 -2.6049018 38.2392159 0.0349551 0.9877834 0.0235698 0.1500218
97.945070 8.6814709 -2.6031337 38.1201210 0.0334390 0.9875007 0.0211877 0.1525621
98.152470 8.7190905 -2.6020427 38.0055580 0.0335926 0.9873003 0.0215901 0.1537646
98.256230 8.7374344 -2.6013479 37.9510269 0.0318601 0.9873311 0.0209394 0.1540251
98.463720 8.7716351 -2.5999103 37.8461914 0.0321196 0.9870363 0.0219324 0.1557131
98.671230 8.8038149 -2.5990045 37.7489853 0.0317022 0.9866280 0.0249188 0.1579217
98.878600 8.8348503 -2.5979764 37.6602707 0.0309177 0.9863458 0.0252773 0.1597718
99.086100 8.8628683 -2.5974722 37.5799828 0.0311850 0.9860930 0.0242857 0.1614258
99.293480 8.8871708 -2.5964715 37.5082207 0.0339494 0.9858477 0.0241254 0.1623878
99.500850 8.9096127 -2.5954776 37.4461479 0.0322012 0.9858952 0.0220949 0.1627442
99.708350 8.9281492 -2.5949826 37.3922386 0.0317788 0.9857434 0.0232201 0.1635875
99.915730 8.9436874 -2.5944157 37.3457146 0.0352951 0.9855896 0.0231671 0.1638011
100.226700 8.9635363 -2.5939269 37.2888451 0.0350294 0.9854143 0.0229032 0.1649454
100.537900 8.9786844 -2.5930948 37.2429619 0.0360800 0.9852949 0.0198730 0.1658230
100.848900 8.9938393 -2.5924292 37.1990776 0.0376086 0.9852600 0.0195525 0.1657292
101.160000 9.0091324 -2.5922799 37.1558990 0.0365291 0.9853536 0.0186191 0.1655213
101.471000 9.0248175 -2.5924208 37.1137810 0.0367754 0.9853638 0.0196186 0.1652902
102.093200 9.0518494 -2.5918415 37.0342865 0.0373255 0.9852777 0.0204586 0.1655786
102.404500 9.0633755 -2.5909414 37.0012970 0.0362615 0.9853211 0.0194375 0.1656792
102.715600 9.0740051 -2.5900962 36.9720726 0.0386651 0.9853103 0.0188598 0.1652662
103.337900 9.0946789 -2.5905185 36.9147720 0.0351300 0.9853727 0.0192391 0.1656394
103.649000 9.1049967 -2.5900183 36.8861885 0.0349227 0.9853837 0.0184151 0.1657114
103.960100 9.1168451 -2.5898361 36.8528633 0.0366269 0.9851782 0.0144639 0.1669529
104.271000 9.1352425 -2.5897980 36.8045921 0.0368654 0.9844990 0.0109720 0.1711206
104.582000 9.1603069 -2.5891471 36.7397957 0.0402978 0.9828037 0.0089090 0.1799822
104.893000 9.1936598 -2.5895412 36.6598053 0.0429745 0.9800577 0.0085797 0.1938207
105.204100 9.2363281 -2.5897777 36.5664215 0.0435144 0.9768516 0.0091712 0.2092446
105.515300 9.2877598 -2.5903945 36.4604645 0.0461687 0.9735834 0.0132302 0.2232236
105.826500 9.3494673 -2.5906975 36.3438835 0.0414615 0.9712378 0.0170352 0.2338545
106.034100 9.3948002 -2.5902343 36.2612343 0.0374543 0.9706284 0.0167080 0.2370622
106.345500 9.4667578 -2.5884781 36.1283417 0.0355341 0.9699585 0.0170199 0.2400588
106.553000 9.5176086 -2.5885282 36.0341377 0.0338134 0.9695728 0.0126959 0.2421242
106.864200 9.5989351 -2.5886412 35.8845482 0.0366523 0.9689835 0.0080689 0.2442590
107.175500 9.6875620 -2.5903380 35.7247086 0.0329526 0.9685224 0.0106855 0.2465044
107.590200 9.8140402 -2.5909917 35.4992714 0.0341419 0.9666096 0.0131409 0.2536288
107.901200 9.9157524 -2.5913014 35.3245850 0.0383948 0.9644029 0.0156137 0.2611687
108.212500 10.0189676 -2.5931633 35.1521530 0.0377817 0.9634078 0.0113597 0.2651207
108.420000 10.0878611 -2.5953853 35.0389061 0.0352669 0.9638008 0.0095039 0.2641098
108.627500 10.1559668 -2.5975246 34.9254532 0.0336547 0.9643453 0.0096620 0.2623207
108.835100 10.2232780 -2.5992105 34.8095055 0.0357011 0.9648666 0.0105822 0.2600881
109.042600 10.2902756 -2.6012282 34.6933174 0.0357127 0.9655542 0.0087781 0.2575901
109.353900 10.3918047 -2.6041434 34.5157318 0.0356470 0.9666232 0.0088748 0.2535548
109.561200 10.4592400 -2.6066639 34.3959885 0.0365425 0.9672812 0.0079905 0.2509341
109.768700 10.5264463 -2.6085017 34.2751541 0.0370009 0.9677018 0.0069298 0.2492713
109.976100 10.5939531 -2.6109805 34.1533394 0.0363222 0.9678108 0.0076641 0.2489260
110.183500 10.6622534 -2.6140115 34.0306168 0.0353666 0.9678097 0.0065152 0.2491006
110.390900 10.7314844 -2.6165872 33.9071922 0.0360156 0.9674776 0.0063628 0.2502990
110.598200 10.8012800 -2.6196046 33.7835541 0.0359409 0.9671384 0.0051293 0.2516452
110.805600 10.8712769 -2.6230130 33.6605911 0.0365817 0.9666321 0.0029556 0.2535260
111.116600 10.9776917 -2.6287515 33.4757843 0.0346966 0.9656775 0.0069623 0.2573222
111.324000 11.0482473 -2.6317775 33.3542061 0.0358979 0.9651033 0.0062730 0.2593214
111.531400 11.1181831 -2.6352372 33.2332802 0.0379562 0.9643919 0.0056310 0.2616791
111.738700 11.1889515 -2.6391149 33.1137161 0.0385058 0.9638971 0.0033884 0.2634544
111.946100 11.2597418 -2.6430891 32.9957809 0.0357969 0.9633945 0.0056385 0.2656271
112.153500 11.3297586 -2.6468105 32.8798637 0.0339051 0.9632485 0.0068389 0.2663757
112.360900 11.3989296 -2.6503050 32.7655525 0.0330373 0.9636947 0.0036449 0.2649299
112.464600 11.4328718 -2.6522753 32.7073212 0.0354528 0.9639264 0.0035602 0.2637731
112.568200 11.4669466 -2.6542356 32.6501427 0.0384207 0.9642316 0.0049870 0.2622144
112.672000 11.5005236 -2.6557124 32.5928917 0.0395470 0.9644607 0.0045862 0.2612099
112.879400 11.5665131 -2.6596622 32.4794388 0.0413271 0.9649065 0.0050804 0.2592715
113.086700 11.6299448 -2.6640499 32.3706055 0.0396840 0.9656548 0.0019444 0.2567728
113.294100 11.6903191 -2.6689763 32.2668610 0.0398313 0.9662737 -0.0062201 0.2543420
113.501500 11.7473402 -2.6747537 32.1668015 0.0390371 0.9666948 -0.0054742 0.2528782
113.709000 11.8002434 -2.6807232 32.0726357 0.0415605 0.9668715 -0.0031897 0.2518374
113.916400 11.8475943 -2.6861260 31.9866333 0.0457528 0.9667720 -0.0060364 0.2514401
114.123900 11.8917789 -2.6906538 31.9077797 0.0458889 0.9667196 -0.0071438 0.2515877
114.435000 11.9518051 -2.6987202 31.8009415 0.0451060 0.9666497 -0.0071081 0.2519987
114.850000 12.0251665 -2.7072358 31.6732998 0.0414949 0.9668952 -0.0098932 0.2515830
115.161100 12.0759335 -2.7136414 31.5841980 0.0387778 0.9672618 -0.0090750 0.2506364
115.576100 12.1357174 -2.7206337 31.4743271 0.0436970 0.9672986 -0.0082148 0.2497128
115.887100 12.1766491 -2.7256720 31.3996143 0.0457168 0.9671327 -0.0082794 0.2499915
116.198300 12.2148266 -2.7303863 31.3322639 0.0464933 0.9669704 -0.0113755 0.2503539
116.509400 12.2482710 -2.7352149 31.2709846 0.0519203 0.9659443 -0.0132150 0.2531426
116.820500 12.2801495 -2.7389627 31.2182121 0.0491919 0.9649936 -0.0157803 0.2571351
117.028000 12.2985001 -2.7420139 31.1881332 0.0484182 0.9643301 -0.0159180 0.2597495
117.339100 12.3212032 -2.7457952 31.1493492 0.0501263 0.9634432 -0.0160782 0.2626902
117.650400 12.3404665 -2.7489786 31.1171131 0.0498489 0.9635051 -0.0190108 0.2623194
117.961500 12.3560972 -2.7510412 31.0904694 0.0508022 0.9635518 -0.0204754 0.2618546
118.272500 12.3691263 -2.7532372 31.0686111 0.0509744 0.9633411 -0.0209669 0.2625567
118.583600 12.3806038 -2.7548418 31.0503883 0.0493935 0.9632192 -0.0226843 0.2631626
119.620700 12.4047327 -2.7590132 31.0102291 0.0509604 0.9627172 -0.0240449 0.2645760
120.450200 12.4126787 -2.7604213 30.9964714 0.0510085 0.9625139 -0.0250259 0.2652145
121.487100 12.4216309 -2.7618947 30.9818439 0.0510155 0.9624282 -0.0260945 0.2654215
122.109400 12.4338055 -2.7640479 30.9623451 0.0504244 0.9625106 -0.0259072 0.2652535
122.420500 12.4420300 -2.7654610 30.9475346 0.0511149 0.9624202 -0.0258672 0.2654536
122.731600 12.4523020 -2.7671633 30.9307747 0.0511738 0.9623893 -0.0258509 0.2655557
123.042600 12.4638748 -2.7690926 30.9114494 0.0501097 0.9624198 -0.0256289 0.2656694
123.353600 12.4759264 -2.7711644 30.8903580 0.0514092 0.9623601 -0.0259622 0.2656052
123.768500 12.4926291 -2.7743821 30.8612366 0.0541880 0.9622767 -0.0239767 0.2655416
124.079600 12.5043821 -2.7765799 30.8425026 0.0534613 0.9623449 -0.0239758 0.2654419
124.390600 12.5140495 -2.7781034 30.8270073 0.0530150 0.9622211 -0.0230981 0.2660571
