0.000000 0.0000000 0.0000000 0.0000000 0.0000000 0.0000000 0.0000000 1.0000000
0.103391 -0.0003697 -0.0001984 0.0818300 0.0022703 0.0007311 -0.0004275 0.9999971
0.207106 -0.0001866 -0.0000793 0.1628095 0.0026973 0.0010618 0.0006726 0.9999956
0.310262 -0.0002607 0.0000073 0.2441121 0.0007149 0.0011844 0.0014917 0.9999979
0.413621 -0.0000868 -0.0000436 0.3253316 -0.0022935 0.0008039 0.0027003 0.9999934
0.517929 -0.0001698 -0.0000041 0.4052962 -0.0023667 0.0001931 0.0044239 0.9999874
0.620389 -0.0000922 0.0001854 0.4846302 -0.0009462 -0.0002597 0.0055853 0.9999839
0.724219 -0.0002207 0.0005374 0.5635561 0.0008257 -0.0006957 0.0059399 0.9999818
0.827211 -0.0005834 0.0005113 0.6427248 0.0010831 -0.0011039 0.0058107 0.9999819
0.930557 -0.0013663 0.0005726 0.7214013 0.0001945 -0.0015338 0.0055832 0.9999832
1.034070 -0.0016187 0.0004567 0.7999412 -0.0013060 -0.0020155 0.0055685 0.9999816
1.137438 -0.0020886 0.0004325 0.8782220 -0.0021296 -0.0024730 0.0057135 0.9999784
1.244258 -0.0026877 0.0010206 0.9558752 -0.0024495 -0.0027551 0.0061846 0.9999741
1.344229 -0.0029537 0.0012433 1.0336390 -0.0023828 -0.0032736 0.0062922 0.9999720
1.447568 -0.0037118 0.0014347 1.1104801 -0.0018112 -0.0036618 0.0066087 0.9999698
1.551083 -0.0047329 0.0016624 1.1871008 -0.0008319 -0.0043332 0.0068195 0.9999670
1.757843 -0.0070119 0.0022990 1.3401705 0.0002322 -0.0059162 0.0072897 0.9999559
1.964724 -0.0100318 0.0020895 1.4925658 0.0006294 -0.0075972 0.0059228 0.9999534
2.171620 -0.0132346 0.0018322 1.6439035 -0.0005764 -0.0090760 0.0061301 0.9999399
2.378626 -0.0169054 0.0020889 1.7923858 -0.0006990 -0.0103449 0.0063477 0.9999261
2.585514 -0.0211432 0.0022536 1.9398855 -0.0006323 -0.0116798 0.0063897 0.9999112
2.793694 -0.0254575 0.0027326 2.0845923 -0.0029888 -0.0126305 0.0066066 0.9998940
2.896139 -0.0276930 0.0028843 2.1555359 -0.0038346 -0.0129215 0.0066652 0.9998869
3.103545 -0.0323110 0.0035683 2.2942083 -0.0018441 -0.0136988 0.0056558 0.9998885
3.206573 -0.0346684 0.0037982 2.3621020 -0.0009194 -0.0140472 0.0054202 0.9998862
3.413963 -0.0394445 0.0039987 2.4959590 -0.0005032 -0.0150953 0.0049130 0.9998739
3.620721 -0.0436329 0.0033011 2.6274400 -0.0001678 -0.0173206 0.0050801 0.9998371
3.827725 -0.0489787 0.0038415 2.7562442 -0.0018449 -0.0193272 0.0053421 0.9997972
4.034871 -0.0550287 0.0043012 2.8812575 -0.0026356 -0.0212741 0.0042788 0.9997610
4.243437 -0.0615878 0.0047124 3.0020370 -0.0017977 -0.0231660 0.0023354 0.9997273
4.449183 -0.0682193 0.0054473 3.1208808 -0.0032691 -0.0244962 0.0013953 0.9996936
4.656235 -0.0745892 0.0055048 3.2347274 -0.0024225 -0.0241030 -0.0015994 0.9997053
4.863788 -0.0804906 0.0063114 3.3441527 0.0001217 -0.0220586 -0.0027695 0.9997528
5.174268 -0.0883373 0.0060944 3.5043142 -0.0033950 -0.0169448 -0.0076756 0.9998212
5.381142 -0.0923763 0.0069245 3.6046350 -0.0039191 -0.0121106 -0.0119731 0.9998473
5.691619 -0.0959177 0.0068596 3.7449136 -0.0056648 -0.0023463 -0.0181297 0.9998168
5.795223 -0.0963492 0.0069870 3.7882869 -0.0057947 0.0013596 -0.0199731 0.9997828
6.002373 -0.0961003 0.0074022 3.8691270 -0.0044149 0.0089765 -0.0243134 0.9996544
6.416516 -0.0910813 0.0078022 4.0081334 -0.0041949 0.0249828 -0.0261238 0.9993377
6.830809 -0.0836608 0.0076136 4.1141915 -0.0050444 0.0429654 -0.0315187 0.9985665
7.038067 -0.0778484 0.0070702 4.1598210 -0.0022928 0.0544270 -0.0302315 0.9980574
7.245330 -0.0706919 0.0067938 4.2031474 0.0002863 0.0688324 -0.0315028 0.9971307
7.663357 -0.0517030 0.0063741 4.2863140 0.0012526 0.1046399 -0.0316965 0.9940041
7.866988 -0.0395039 0.0061170 4.3269916 0.0022596 0.1256700 -0.0328290 0.9915262
8.074250 -0.0252317 0.0051091 4.3669648 0.0028323 0.1500638 -0.0340969 0.9880841
8.385961 0.0017482 0.0031037 4.4263949 0.0024354 0.1925450 -0.0371201 0.9805828
8.799662 0.0523182 0.0002455 4.5028229 0.0078506 0.2636490 -0.0343420 0.9639752
9.008027 0.0842824 -0.0015217 4.5400171 0.0102182 0.3041011 -0.0362438 0.9518952
9.525112 0.1938701 -0.0082960 4.6373811 0.0108274 0.4186485 -0.0394085 0.9072283
9.732384 0.2535722 -0.0118505 4.6741481 0.0122476 0.4685624 -0.0385721 0.8825029
9.939685 0.3230411 -0.0159603 4.7073236 0.0120031 0.5177823 -0.0375823 0.8546023
10.146770 0.3994703 -0.0197909 4.7353215 0.0087459 0.5639238 -0.0389699 0.8248605
10.353670 0.4820434 -0.0246418 4.7538671 0.0123111 0.6051559 -0.0352400 0.7952313
10.457170 0.5263858 -0.0269724 4.7608271 0.0149507 0.6235057 -0.0297819 0.7811083
10.664530 0.6189190 -0.0315392 4.7705312 0.0190749 0.6551338 -0.0269641 0.7547905
10.870220 0.7170244 -0.0374683 4.7756910 0.0240448 0.6784768 -0.0219678 0.7338995
10.973420 0.7678103 -0.0405332 4.7766228 0.0255396 0.6877417 -0.0192177 0.7252516
11.077200 0.8198202 -0.0427568 4.7767391 0.0266882 0.6949096 -0.0174424 0.7183899
11.284150 0.9272076 -0.0486484 4.7770872 0.0279059 0.7055181 -0.0172068 0.7079331
11.488980 1.0393828 -0.0551227 4.7740822 0.0309456 0.7127395 -0.0166089 0.7005490
11.695270 1.1578846 -0.0612413 4.7701683 0.0329373 0.7166807 -0.0155529 0.6964496
11.901710 1.2804916 -0.0677515 4.7671061 0.0278251 0.7189460 -0.0139299 0.6943690
12.108000 1.4077188 -0.0739827 4.7614841 0.0263988 0.7195199 -0.0095003 0.6939049
12.314500 1.5365593 -0.0805798 4.7569165 0.0313090 0.7192175 -0.0113707 0.6939861
12.521050 1.6695082 -0.0865406 4.7531414 0.0349493 0.7176633 -0.0141306 0.6953691
12.727430 1.8071171 -0.0946214 4.7495685 0.0308887 0.7160024 -0.0105671 0.6973341
12.934130 1.9436576 -0.1024776 4.7465014 0.0344560 0.7139072 -0.0096995 0.6993248
13.141650 2.0805550 -0.1099792 4.7448244 0.0351668 0.7118425 -0.0134998 0.7013282
13.348030 2.2191882 -0.1191985 4.7441769 0.0323362 0.7090611 -0.0110779 0.7043181
13.554880 2.3568256 -0.1276785 4.7443485 0.0360492 0.7069380 -0.0114144 0.7062640
13.761270 2.4961369 -0.1357586 4.7456403 0.0347316 0.7041901 -0.0131326 0.7090399
13.968170 2.6358247 -0.1448848 4.7466230 0.0368778 0.7016714 -0.0091746 0.7114866
14.175050 2.7746599 -0.1534413 4.7492852 0.0384511 0.6994966 -0.0081962 0.7135536
14.382120 2.9149263 -0.1625125 4.7526708 0.0389709 0.6968877 -0.0059065 0.7160963
14.692450 3.1251721 -0.1748895 4.7604918 0.0387709 0.6937585 -0.0077245 0.7191219
15.002870 3.3370335 -0.1882594 4.7709417 0.0364540 0.6909269 -0.0100413 0.7219351
15.313360 3.5522749 -0.2016723 4.7837605 0.0385433 0.6873252 -0.0135950 0.7251990
15.520220 3.6970277 -0.2112537 4.7938247 0.0356768 0.6851388 -0.0172644 0.7273335
15.727200 3.8428304 -0.2220517 4.8037205 0.0368952 0.6823798 -0.0172506 0.7298623
15.934250 3.9906487 -0.2321153 4.8163109 0.0348619 0.6795723 -0.0185500 0.7325449
16.140910 4.1395721 -0.2429393 4.8297477 0.0351923 0.6759251 -0.0207646 0.7358367
16.348280 4.2893677 -0.2541815 4.8448977 0.0392817 0.6707163 -0.0263816 0.7402031
16.554450 4.4409027 -0.2671954 4.8641644 0.0370862 0.6652617 -0.0291763 0.7451175
16.761400 4.5939636 -0.2805152 4.8839693 0.0350677 0.6597285 -0.0275474 0.7501798
16.968080 4.7480030 -0.2927733 4.9075265 0.0286278 0.6543466 -0.0246854 0.7552494
17.175580 4.8991208 -0.3039599 4.9324183 0.0286455 0.6487426 -0.0242778 0.7600810
17.383340 5.0464940 -0.3152970 4.9582043 0.0323292 0.6443736 -0.0278170 0.7635206
17.588870 5.1913958 -0.3279216 4.9856339 0.0320125 0.6402344 -0.0296678 0.7669386
17.795780 5.3348207 -0.3390945 5.0127940 0.0304367 0.6365305 -0.0248185 0.7702510
18.003090 5.4737782 -0.3499289 5.0416622 0.0245846 0.6340334 -0.0234468 0.7725590
18.209790 5.6090403 -0.3595514 5.0706873 0.0241959 0.6319062 -0.0251158 0.7742598
18.417190 5.7400346 -0.3696931 5.0998826 0.0253567 0.6303344 -0.0295832 0.7753453
18.623970 5.8679347 -0.3796842 5.1282864 0.0283848 0.6288219 -0.0318579 0.7763777
18.934680 6.0554733 -0.3944156 5.1699228 0.0257361 0.6277283 -0.0303952 0.7774130
19.141510 6.1753712 -0.4040384 5.1970129 0.0251217 0.6284986 -0.0296744 0.7768384
19.351800 6.2911787 -0.4136076 5.2224345 0.0255031 0.6299871 -0.0317114 0.7755387
19.557750 6.4034820 -0.4227606 5.2448421 0.0287488 0.6314224 -0.0319996 0.7742450
19.763960 6.5126104 -0.4311675 5.2672625 0.0267507 0.6333794 -0.0310447 0.7727556
19.969850 6.6185718 -0.4406782 5.2870784 0.0262341 0.6349244 -0.0281247 0.7716164
20.177180 6.7202950 -0.4485993 5.3063450 0.0306470 0.6367264 -0.0266737 0.7700187
20.487640 6.8727164 -0.4605958 5.3351631 0.0320803 0.6383272 -0.0273516 0.7686099
20.694250 6.9754519 -0.4677979 5.3534145 0.0350814 0.6374074 -0.0227926 0.7693905
21.004610 7.1305108 -0.4804733 5.3845968 0.0346917 0.6331506 -0.0229567 0.7729099
21.213570 7.2358341 -0.4877456 5.4074969 0.0345990 0.6274874 -0.0226522 0.7775277
21.417970 7.3434772 -0.4963863 5.4343901 0.0327164 0.6205913 -0.0226198 0.7831247
21.730330 7.5082164 -0.5086539 5.4800930 0.0316687 0.6087291 -0.0272036 0.7922789
21.936170 7.6213436 -0.5172473 5.5146589 0.0318001 0.5999398 -0.0301080 0.7988458
22.141920 7.7379847 -0.5265647 5.5527372 0.0310169 0.5914224 -0.0315738 0.8051463
22.348790 7.8581409 -0.5353988 5.5941954 0.0282708 0.5825568 -0.0311775 0.8116996
22.555690 7.9828534 -0.5446810 5.6399670 0.0260084 0.5735182 -0.0258510 0.8183717
22.762490 8.1116781 -0.5523590 5.6896043 0.0263759 0.5649831 -0.0223949 0.8243766
22.969530 8.2443676 -0.5599300 5.7418437 0.0272895 0.5583628 -0.0127648 0.8290496
23.176610 8.3788948 -0.5685269 5.7979198 0.0288395 0.5519452 -0.0091313 0.8333315
23.487620 8.5789576 -0.5802435 5.8869767 0.0373064 0.5428393 -0.0117116 0.8389258
23.694540 8.7090578 -0.5912238 5.9500022 0.0334975 0.5388679 -0.0171740 0.8415488
23.903510 8.8362665 -0.6018052 6.0117345 0.0352871 0.5350646 -0.0205436 0.8438238
24.108220 8.9606924 -0.6127906 6.0729790 0.0341705 0.5315343 -0.0221631 0.8460571
24.315110 9.0828829 -0.6229897 6.1330523 0.0322230 0.5278664 -0.0198112 0.8484847
24.522420 9.1993322 -0.6329814 6.1928086 0.0312717 0.5245809 -0.0210382 0.8505259
24.728750 9.3132849 -0.6421152 6.2515283 0.0323442 0.5223140 -0.0196504 0.8519131
24.935580 9.4236097 -0.6512040 6.3091030 0.0321860 0.5206982 -0.0191741 0.8529184
25.245970 9.5822477 -0.6650589 6.3919706 0.0346114 0.5171217 -0.0184180 0.8550134
25.452750 9.6837196 -0.6738520 6.4458876 0.0359590 0.5141490 -0.0161457 0.8567947
25.763160 9.8288975 -0.6866738 6.5245295 0.0366637 0.5092090 -0.0146040 0.8597376
26.074530 9.9691038 -0.6984664 6.6036596 0.0393465 0.5035217 -0.0138652 0.8629748
26.280040 10.0599260 -0.7073024 6.6576672 0.0414819 0.4982603 -0.0182581 0.8658420
26.486950 10.1497450 -0.7164358 6.7138700 0.0435889 0.4919223 -0.0247794 0.8691941
26.796950 10.2865486 -0.7308161 6.8031502 0.0389753 0.4828344 -0.0300891 0.8743263
27.107250 10.4277830 -0.7449461 6.9007468 0.0285443 0.4734390 -0.0325388 0.8797625
27.417420 10.5739813 -0.7579114 7.0041199 0.0288186 0.4629610 -0.0385807 0.8850695
27.727690 10.7276926 -0.7719615 7.1190195 0.0261619 0.4522105 -0.0431646 0.8904819
27.934460 10.8340054 -0.7818802 7.2019506 0.0238884 0.4443881 -0.0420134 0.8945298
28.141050 10.9416943 -0.7910253 7.2902250 0.0229362 0.4358302 -0.0439471 0.8986627
28.348030 11.0533686 -0.8003865 7.3825045 0.0225370 0.4270553 -0.0449864 0.9028245
28.554810 11.1661291 -0.8101380 7.4791746 0.0221345 0.4220022 -0.0439425 0.9052587
28.761830 11.2830038 -0.8217944 7.5783453 0.0234417 0.4180049 -0.0393793 0.9072881
28.970690 11.4031477 -0.8311422 7.6805682 0.0247460 0.4138856 -0.0321967 0.9094228
29.176740 11.5237455 -0.8407579 7.7878723 0.0243974 0.4102739 -0.0287314 0.9111831
29.384830 11.6433487 -0.8506831 7.8973384 0.0245111 0.4062447 -0.0322612 0.9128656
29.589380 11.7640905 -0.8600637 8.0105305 0.0211280 0.4025493 -0.0339010 0.9145263
29.692890 11.8252411 -0.8647529 8.0683117 0.0175343 0.4003759 -0.0341390 0.9155470
29.899820 11.9470205 -0.8727735 8.1842613 0.0135488 0.3955558 -0.0305801 0.9178327
30.106560 12.0690718 -0.8801877 8.2999010 0.0202197 0.3895938 -0.0246235 0.9204355
30.313330 12.1895885 -0.8893490 8.4187927 0.0274974 0.3826328 -0.0225272 0.9232164
30.520070 12.3096695 -0.8990755 8.5419979 0.0260799 0.3751850 -0.0178955 0.9264102
30.726980 12.4282341 -0.9092485 8.6667423 0.0302541 0.3685764 -0.0158132 0.9289704
30.933840 12.5455542 -0.9191166 8.7941999 0.0308558 0.3639824 -0.0149524 0.9307745
31.142770 12.6641579 -0.9293821 8.9224987 0.0288410 0.3613170 -0.0102054 0.9319410
31.347740 12.7815084 -0.9383715 9.0522385 0.0277267 0.3608030 -0.0077755 0.9321974
31.555590 12.8984509 -0.9480411 9.1821785 0.0273301 0.3612770 -0.0093926 0.9320106
31.763200 13.0147476 -0.9571202 9.3117619 0.0274466 0.3633332 -0.0133653 0.9311590
31.970850 13.1314459 -0.9668453 9.4402199 0.0257046 0.3662440 -0.0163903 0.9300193
32.176640 13.2488537 -0.9760313 9.5668173 0.0229656 0.3694819 -0.0162860 0.9288113
32.382560 13.3662844 -0.9855049 9.6910067 0.0250753 0.3732742 -0.0156713 0.9272497
32.589890 13.4827194 -0.9952495 9.8141212 0.0306758 0.3777063 -0.0225199 0.9251431
32.796560 13.6010513 -1.0063570 9.9354467 0.0251786 0.3825224 -0.0230198 0.9233162
33.003430 13.7188320 -1.0161878 10.0549488 0.0227948 0.3871392 -0.0229037 0.9214548
33.211600 13.8383818 -1.0258213 10.1711340 0.0245720 0.3911000 -0.0208269 0.9197844
33.417090 13.9589376 -1.0356997 10.2858458 0.0282150 0.3957653 -0.0194276 0.9177126
33.623980 14.0796518 -1.0460523 10.4001837 0.0275035 0.4007978 -0.0208758 0.9155157
33.830820 14.2017975 -1.0558895 10.5120392 0.0274879 0.4072773 -0.0220280 0.9126250
34.037880 14.3245668 -1.0662612 10.6227064 0.0309315 0.4146026 -0.0273661 0.9090649
34.244700 14.4514370 -1.0774618 10.7319736 0.0279934 0.4225020 -0.0272851 0.9055186
34.451590 14.5821209 -1.0884796 10.8407631 0.0194102 0.4307783 -0.0261955 0.9018687
34.764710 14.7822142 -1.1011188 10.9983892 0.0217270 0.4432811 -0.0265800 0.8957250
34.969030 14.9182835 -1.1110681 11.0995932 0.0293511 0.4511527 -0.0280544 0.8915227
35.279490 15.1274290 -1.1288069 11.2469664 0.0267236 0.4629088 -0.0230521 0.8857030
35.589680 15.3328848 -1.1454315 11.3857250 0.0271037 0.4727966 -0.0187241 0.8805556
35.796540 15.4683409 -1.1557305 11.4750919 0.0242788 0.4778076 -0.0182295 0.8779397
36.006010 15.6005993 -1.1656220 11.5607100 0.0269356 0.4822420 -0.0195447 0.8754057
36.210300 15.7301197 -1.1754130 11.6421747 0.0297214 0.4854277 -0.0228098 0.8734737
36.417070 15.8603144 -1.1852061 11.7232380 0.0251442 0.4881796 -0.0178445 0.8721984
36.520460 15.9245434 -1.1897228 11.7614126 0.0248229 0.4894373 -0.0149793 0.8715564
36.727360 16.0496159 -1.1981033 11.8368387 0.0286580 0.4919024 -0.0133140 0.8700767
36.830740 16.1102943 -1.2034564 11.8736877 0.0306682 0.4928884 -0.0162411 0.8694002
37.040370 16.2311363 -1.2127631 11.9464703 0.0366910 0.4950184 -0.0184680 0.8679110
37.141020 16.2916508 -1.2172956 11.9813747 0.0333409 0.4962110 -0.0167316 0.8674002
37.244700 16.3514309 -1.2224736 12.0174236 0.0254968 0.4979494 -0.0167401 0.8666695
37.451400 16.4688911 -1.2307843 12.0881290 0.0203845 0.5004706 -0.0189671 0.8653057
37.658150 16.5844154 -1.2379073 12.1537771 0.0246256 0.5028476 -0.0190799 0.8638135
37.865070 16.6970539 -1.2460337 12.2178621 0.0229568 0.5053020 -0.0188455 0.8624313
38.072390 16.8071136 -1.2533966 12.2796669 0.0235058 0.5080004 -0.0182468 0.8608426
38.278810 16.9153652 -1.2611394 12.3388262 0.0254951 0.5117776 -0.0189953 0.8585294
38.485830 17.0223389 -1.2682022 12.3953533 0.0274179 0.5163564 -0.0203732 0.8556923
38.692720 17.1285744 -1.2761655 12.4501257 0.0312192 0.5221358 -0.0213006 0.8520246
38.899920 17.2371273 -1.2841969 12.5052032 0.0300948 0.5283251 -0.0245553 0.8481532
39.106870 17.3475819 -1.2929972 12.5584936 0.0290090 0.5342131 -0.0264868 0.8444366
39.313880 17.4595737 -1.3024737 12.6109943 0.0304279 0.5408825 -0.0299437 0.8400141
39.520900 17.5758762 -1.3115690 12.6630497 0.0315480 0.5474626 -0.0331589 0.8355776
39.727990 17.6959286 -1.3224629 12.7142525 0.0324148 0.5540901 -0.0352624 0.8310776
39.934800 17.8206367 -1.3329589 12.7638025 0.0344512 0.5605074 -0.0338024 0.8267418
40.141680 17.9488010 -1.3444008 12.8139639 0.0317828 0.5672909 -0.0324767 0.8222628
40.350540 18.0833015 -1.3551505 12.8630066 0.0301889 0.5727891 -0.0288990 0.8186368
40.556060 18.2219543 -1.3653870 12.9129601 0.0255698 0.5778021 -0.0250040 0.8153930
40.764080 18.3615170 -1.3751389 12.9594593 0.0320356 0.5818585 -0.0247991 0.8122804
41.072760 18.5748386 -1.3917778 13.0279503 0.0443715 0.5872411 -0.0243089 0.8078293
41.385110 18.8033295 -1.4132935 13.0977259 0.0434129 0.5932864 -0.0201558 0.8035672
41.693290 19.0323009 -1.4337445 13.1678085 0.0418112 0.5994182 -0.0263544 0.7989087
41.900180 19.1888523 -1.4486494 13.2127781 0.0391615 0.6039686 -0.0269274 0.7955899
42.106940 19.3492908 -1.4623084 13.2571011 0.0416495 0.6078415 -0.0275204 0.7924877
42.313830 19.5099678 -1.4774600 13.2984056 0.0430139 0.6111952 -0.0250339 0.7899137
42.520590 19.6726723 -1.4921963 13.3401546 0.0432205 0.6139887 -0.0239294 0.7877672
42.727360 19.8361702 -1.5070051 13.3809996 0.0409768 0.6161287 -0.0234939 0.7862279
42.934150 19.9989319 -1.5217314 13.4222059 0.0396721 0.6178965 -0.0262940 0.7848176
43.140760 20.1623249 -1.5361358 13.4619799 0.0399220 0.6193817 -0.0268438 0.7836146
43.347610 20.3262234 -1.5505908 13.5014362 0.0378845 0.6205046 -0.0246891 0.7828979
43.555160 20.4904995 -1.5649476 13.5393124 0.0377549 0.6217335 -0.0248174 0.7819246
43.865300 20.7318497 -1.5871005 13.5955009 0.0416637 0.6241773 -0.0284497 0.7796521
44.176790 20.9746227 -1.6102623 13.6495619 0.0359796 0.6281276 -0.0238376 0.7769125
44.382090 21.1354027 -1.6233659 13.6835251 0.0359015 0.6313836 -0.0250470 0.7742341
44.692960 21.3747902 -1.6435292 13.7313156 0.0358220 0.6362449 -0.0243592 0.7702699
44.899580 21.5355701 -1.6570189 13.7628231 0.0347713 0.6395420 -0.0253693 0.7675503
45.107140 21.6961384 -1.6704534 13.7918453 0.0329208 0.6425565 -0.0268896 0.7650584
45.313460 21.8558540 -1.6828811 13.8215218 0.0315075 0.6452676 -0.0321496 0.7626293
45.520350 22.0132637 -1.6960826 13.8493958 0.0325538 0.6479415 -0.0362600 0.7601298
45.727180 22.1722679 -1.7105594 13.8745499 0.0298559 0.6504826 -0.0345169 0.7581488
45.933940 22.3288803 -1.7239023 13.8991756 0.0290285 0.6530620 -0.0325466 0.7560476
46.140840 22.4867477 -1.7368307 13.9228630 0.0294905 0.6560469 -0.0333359 0.7534066
46.347740 22.6462631 -1.7500708 13.9443483 0.0319385 0.6599943 -0.0298052 0.7499994
46.554470 22.8052406 -1.7636380 13.9638424 0.0307476 0.6635900 -0.0280660 0.7469372
46.657980 22.8829288 -1.7698896 13.9725952 0.0359905 0.6649485 -0.0317012 0.7453477
46.761380 22.9591160 -1.7770640 13.9808416 0.0409438 0.6668414 -0.0352073 0.7432406
46.968250 23.1149960 -1.7930117 13.9989262 0.0382905 0.6710845 -0.0367545 0.7394786
47.071770 23.1927299 -1.8001590 14.0062799 0.0349914 0.6729202 -0.0355024 0.7380335
47.278520 23.3473225 -1.8152850 14.0195990 0.0311693 0.6770313 -0.0356266 0.7344303
47.485460 23.5005760 -1.8293302 14.0322447 0.0258307 0.6823779 -0.0360925 0.7296509
47.692300 23.6519165 -1.8420365 14.0416079 0.0259319 0.6875205 -0.0348736 0.7248634
47.899190 23.8019028 -1.8542905 14.0485773 0.0293466 0.6921272 -0.0357938 0.7202899
48.209330 24.0286121 -1.8731399 14.0565805 0.0278098 0.6990455 -0.0336795 0.7137420
48.519480 24.2540493 -1.8922635 14.0589819 0.0318237 0.7035443 -0.0347625 0.7090870
48.829380 24.4791431 -1.9120219 14.0597963 0.0331620 0.7060743 -0.0296688 0.7067384
49.139410 24.7019825 -1.9310153 14.0594501 0.0358722 0.7072176 -0.0283781 0.7055148
49.452210 24.9214268 -1.9502429 14.0584545 0.0393320 0.7061502 -0.0269742 0.7064540
49.759580 25.1329288 -1.9695061 14.0594082 0.0396685 0.7038798 -0.0244330 0.7087895
50.069330 25.3369637 -1.9876111 14.0631180 0.0359924 0.7003298 -0.0222958 0.7125627
50.379340 25.5314274 -2.0038891 14.0698261 0.0341553 0.6959940 -0.0250434 0.7167975
50.483680 25.5947495 -2.0088651 14.0719290 0.0331898 0.6946329 -0.0244184 0.7181833
50.691000 25.7180843 -2.0190783 14.0782127 0.0297186 0.6922010 -0.0243704 0.7206807
50.896200 25.8363438 -2.0279095 14.0842905 0.0311228 0.6893399 -0.0248516 0.7233424
51.103000 25.9487820 -2.0372272 14.0913477 0.0323465 0.6868807 -0.0269997 0.7255479
51.309660 26.0578156 -2.0460062 14.0988007 0.0308427 0.6844115 -0.0291879 0.7278582
51.413610 26.1104336 -2.0505276 14.1028824 0.0302472 0.6832000 -0.0297455 0.7289979
51.622300 26.2125072 -2.0592430 14.1107540 0.0299232 0.6807511 -0.0305183 0.7312669
51.826760 26.3107605 -2.0674748 14.1195078 0.0293844 0.6786951 -0.0329859 0.7330903
52.033540 26.4064274 -2.0757978 14.1282845 0.0282913 0.6763389 -0.0337210 0.7352743
52.240390 26.4976826 -2.0838432 14.1370983 0.0285266 0.6741216 -0.0343711 0.7372685
52.447130 26.5846405 -2.0914834 14.1460609 0.0296267 0.6722183 -0.0351503 0.7389244
52.654640 26.6695461 -2.0988498 14.1552162 0.0299651 0.6708056 -0.0365814 0.7401242
52.860930 26.7528915 -2.1060376 14.1644707 0.0305857 0.6698809 -0.0380132 0.7408637
53.067800 26.8359528 -2.1136112 14.1731758 0.0311762 0.6699859 -0.0381730 0.7407359
53.274690 26.9214535 -2.1213470 14.1827068 0.0296149 0.6709099 -0.0382841 0.7399576
53.481550 27.0082798 -2.1292453 14.1907005 0.0326184 0.6723296 -0.0380527 0.7385533
53.688500 27.0973282 -2.1377010 14.1981564 0.0389375 0.6737300 -0.0382324 0.7369601
53.999020 27.2395916 -2.1507528 14.2102242 0.0402035 0.6760894 -0.0374422 0.7347686
54.205940 27.3402042 -2.1607702 14.2166195 0.0420170 0.6774817 -0.0316964 0.7336541
54.412740 27.4431343 -2.1702752 14.2257214 0.0412383 0.6791309 -0.0358505 0.7319804
54.619690 27.5505714 -2.1803813 14.2317142 0.0435171 0.6800427 -0.0313615 0.7312077
54.930030 27.7177601 -2.1966765 14.2441959 0.0430639 0.6821665 -0.0340985 0.7291308
55.136960 27.8337154 -2.2077689 14.2518559 0.0448509 0.6832913 -0.0360832 0.7278733
55.447050 28.0146294 -2.2259352 14.2643776 0.0415820 0.6853346 -0.0384948 0.7260204
55.653990 28.1362495 -2.2386112 14.2701721 0.0477512 0.6861784 -0.0403832 0.7247401
55.964160 28.3267517 -2.2597516 14.2799072 0.0493213 0.6873608 -0.0355065 0.7237692
56.274290 28.5236168 -2.2806215 14.2878923 0.0514915 0.6884040 -0.0334001 0.7227261
56.584420 28.7277908 -2.3025899 14.2981796 0.0516863 0.6883000 -0.0321294 0.7228689
56.894350 28.9378166 -2.3249812 14.3100405 0.0504775 0.6871465 -0.0308623 0.7241058
57.100960 29.0798779 -2.3404472 14.3178463 0.0501205 0.6859204 -0.0292053 0.7253608
57.410890 29.3007545 -2.3625984 14.3314991 0.0515444 0.6832357 -0.0269458 0.7278778
57.720780 29.5243568 -2.3852854 14.3469601 0.0526311 0.6800524 -0.0250602 0.7308425
57.927360 29.6749058 -2.4005647 14.3594370 0.0530646 0.6779630 -0.0258985 0.7327207
58.133900 29.8259640 -2.4162951 14.3734226 0.0519980 0.6759847 -0.0285567 0.7345239
58.443830 30.0549850 -2.4411850 14.3944149 0.0498791 0.6738815 -0.0280727 0.7366191
58.753660 30.2885437 -2.4637547 14.4163027 0.0507537 0.6728128 -0.0274037 0.7375609
59.063680 30.5189686 -2.4882369 14.4383726 0.0473291 0.6723532 -0.0271456 0.7382169
59.373860 30.7461834 -2.5118623 14.4607639 0.0473446 0.6720504 -0.0289720 0.7384223
59.683780 30.9714184 -2.5361876 14.4837456 0.0469776 0.6718801 -0.0298812 0.7385644
59.993680 31.1940041 -2.5602617 14.5058384 0.0472969 0.6716291 -0.0304892 0.7387474
60.303580 31.4187164 -2.5828807 14.5283041 0.0482337 0.6704042 -0.0262965 0.7399596
60.510030 31.5677414 -2.5985835 14.5434742 0.0544891 0.6683834 -0.0253242 0.7413861
60.716680 31.7162666 -2.6142879 14.5590725 0.0579546 0.6658720 -0.0242917 0.7434148
61.026630 31.9362030 -2.6389344 14.5845718 0.0595569 0.6620216 -0.0237494 0.7467371
61.336450 32.1562691 -2.6630943 14.6135406 0.0546178 0.6573880 -0.0221943 0.7512425
61.543140 32.3042145 -2.6785142 14.6357498 0.0528624 0.6533132 -0.0229994 0.7548897
61.749770 32.4501228 -2.6941609 14.6588020 0.0526988 0.6481547 -0.0239992 0.7593039
61.956290 32.5951691 -2.7091475 14.6857367 0.0521646 0.6414759 -0.0262595 0.7649170
62.266190 32.8129997 -2.7328033 14.7299309 0.0508257 0.6305434 -0.0279828 0.7739823
62.576200 33.0294418 -2.7561507 14.7803097 0.0490174 0.6210606 -0.0294675 0.7816730
62.886160 33.2462959 -2.7804449 14.8349819 0.0482255 0.6147873 -0.0306232 0.7866213
63.196200 33.4632149 -2.8046310 14.8920431 0.0481442 0.6092960 -0.0308201 0.7908797
63.506200 33.6850815 -2.8293624 14.9533691 0.0464728 0.6038351 -0.0301531 0.7951819
63.816090 33.9041977 -2.8525896 15.0182743 0.0440045 0.5984222 -0.0284260 0.7994663
64.125870 34.1174355 -2.8754487 15.0845194 0.0450287 0.5926799 -0.0319300 0.8035443
64.435680 34.3298569 -2.8987303 15.1536922 0.0399909 0.5886375 -0.0316832 0.8067855
64.745710 34.5370255 -2.9208484 15.2236109 0.0411159 0.5870225 -0.0378325 0.8076403
64.952280 34.6741714 -2.9358404 15.2698956 0.0377676 0.5867411 -0.0382504 0.8079885
65.262120 34.8776932 -2.9569991 15.3379927 0.0335562 0.5869368 -0.0372658 0.8080782
65.468780 35.0110893 -2.9701114 15.3826580 0.0344403 0.5873338 -0.0377573 0.8077297
65.675410 35.1447983 -2.9829655 15.4257555 0.0352884 0.5876302 -0.0335738 0.8076622
65.881970 35.2771912 -2.9963431 15.4692955 0.0388996 0.5878403 -0.0352934 0.8072701
66.088540 35.4104462 -3.0101051 15.5129929 0.0402116 0.5881214 -0.0362597 0.8069581
66.295140 35.5469170 -3.0241699 15.5580702 0.0385057 0.5883644 -0.0351565 0.8069130
66.503710 35.6848679 -3.0379400 15.6035366 0.0411514 0.5882204 -0.0359958 0.8068504
66.811530 35.9002686 -3.0598674 15.6731730 0.0405433 0.5880017 -0.0344640 0.8071075
67.018180 36.0461197 -3.0748186 15.7201557 0.0433767 0.5875247 -0.0322431 0.8073993
67.327990 36.2662010 -3.0984561 15.7911043 0.0472311 0.5861269 -0.0272125 0.8083836
67.638020 36.4871597 -3.1216080 15.8647842 0.0429416 0.5855003 -0.0241259 0.8091745
67.947740 36.7057686 -3.1429493 15.9375687 0.0435981 0.5846969 -0.0236244 0.8097349
68.257700 36.9215431 -3.1645997 16.0102673 0.0446097 0.5837708 -0.0212991 0.8104122
68.567750 37.1317711 -3.1857603 16.0809383 0.0433751 0.5837822 -0.0215704 0.8104638
68.877620 37.3319435 -3.2057190 16.1483479 0.0413463 0.5849516 -0.0191455 0.8097873
69.290960 37.5905304 -3.2306046 16.2338428 0.0462036 0.5869371 -0.0223379 0.8080044
69.600870 37.7806473 -3.2499969 16.2950706 0.0462414 0.5884493 -0.0232788 0.8068750
69.910950 37.9664955 -3.2686026 16.3550968 0.0451949 0.5896344 -0.0202488 0.8061505
70.221570 38.1513214 -3.2866335 16.4138660 0.0473207 0.5898116 -0.0205911 0.8058903
70.530930 38.3342590 -3.3047400 16.4720669 0.0491501 0.5897271 -0.0215004 0.8058188
70.841960 38.5183868 -3.3230915 16.5311241 0.0485609 0.5893762 -0.0203615 0.8061408
71.151220 38.7013206 -3.3418140 16.5911655 0.0468551 0.5875776 -0.0184983 0.8075983
71.462150 38.8754921 -3.3596957 16.6486702 0.0467795 0.5849752 -0.0202581 0.8094475
71.771950 39.0428009 -3.3768959 16.7071133 0.0444999 0.5834073 -0.0207220 0.8106949
72.084410 39.2023087 -3.3930490 16.7617931 0.0441645 0.5820031 -0.0207245 0.8117219
72.394080 39.3530045 -3.4083817 16.8136482 0.0447136 0.5804207 -0.0197661 0.8128479
72.701420 39.4956017 -3.4228864 16.8640194 0.0443526 0.5790389 -0.0206584 0.8138304
73.011570 39.6306343 -3.4366164 16.9123077 0.0427567 0.5781485 -0.0212008 0.8145347
73.322240 39.7577019 -3.4492681 16.9578323 0.0430756 0.5772526 -0.0208212 0.8151628
73.632800 39.8750458 -3.4613850 17.0008392 0.0453135 0.5763394 -0.0241320 0.8155962
73.838630 39.9500694 -3.4683316 17.0273933 0.0468528 0.5757130 -0.0235033 0.8159699
74.150730 40.0539246 -3.4803164 17.0649834 0.0444850 0.5770845 -0.0230423 0.8151463
74.355660 40.1180420 -3.4870703 17.0877762 0.0440265 0.5782381 -0.0225872 0.8143662
74.562490 40.1790352 -3.4931107 17.1087837 0.0434767 0.5790378 -0.0222950 0.8138353
74.769280 40.2359657 -3.4990087 17.1286697 0.0433227 0.5798899 -0.0213320 0.8132625
75.079510 40.3144150 -3.5066974 17.1568985 0.0419576 0.5813749 -0.0225089 0.8122414
75.389540 40.3871803 -3.5138204 17.1810265 0.0435775 0.5824413 -0.0222728 0.8113982
75.699680 40.4566002 -3.5205376 17.2049789 0.0429571 0.5826029 -0.0225093 0.8113087
76.112930 40.5447884 -3.5287719 17.2367249 0.0415933 0.5798654 -0.0238546 0.8133001
76.835380 40.7029724 -3.5450108 17.3012085 0.0420126 0.5519036 -0.0259498 0.8324445
77.144940 40.7731476 -3.5515289 17.3362732 0.0423770 0.5272967 -0.0296754 0.8481048
77.454530 40.8399925 -3.5595250 17.3769131 0.0432193 0.4988765 -0.0334931 0.8649466
77.764930 40.9018326 -3.5665362 17.4183788 0.0422910 0.4890700 -0.0408158 0.8702621
78.075790 40.9614868 -3.5736413 17.4523220 0.0431345 0.5027363 -0.0406619 0.8624049
78.386780 41.0207100 -3.5813098 17.4795685 0.0457606 0.5287973 -0.0367031 0.8467185
78.697630 41.0829163 -3.5883794 17.5024586 0.0454297 0.5574021 -0.0357849 0.8282261
79.007710 41.1481094 -3.5965044 17.5214462 0.0485448 0.5796448 -0.0309669 0.8128323
79.322290 41.2126808 -3.6041145 17.5392914 0.0467155 0.5934694 -0.0287942 0.8029836
79.631890 41.2729340 -3.6102598 17.5569305 0.0474307 0.5963281 -0.0278102 0.8008556
80.245950 41.3692513 -3.6217172 17.5956078 0.0438486 0.5664244 -0.0319637 0.8223253
80.555530 41.4047203 -3.6259713 17.6123295 0.0467029 0.5463566 -0.0275309 0.8357962
80.864960 41.4322777 -3.6297362 17.6299667 0.0479704 0.5251596 -0.0314542 0.8490682
81.174860 41.4557419 -3.6322808 17.6470413 0.0438749 0.5063879 -0.0337474 0.8605274
81.484880 41.4754982 -3.6340270 17.6619415 0.0435460 0.4895563 -0.0332680 0.8702480
82.208520 41.5045433 -3.6386397 17.6891556 0.0386505 0.4627226 -0.0412269 0.8847001
82.518840 41.5142441 -3.6397076 17.6977081 0.0368774 0.4553314 -0.0393515 0.8886871
