4.563217 0.0000000 0.0000000 0.0000000 0.0000000 0.0000000 0.0000000 1.0000000
4.666947 0.0006163 -0.0004219 0.0387447 0.0014336 0.0056298 0.0001547 0.9999831
4.770559 0.0015124 -0.0008432 0.0777156 0.0031036 0.0107149 0.0004160 0.9999377
4.874319 0.0027268 -0.0012112 0.1170174 0.0043661 0.0153894 0.0010795 0.9998714
4.977967 0.0041260 -0.0014910 0.1577326 0.0050297 0.0192761 0.0009000 0.9998012
5.081656 0.0060383 -0.0020239 0.1989064 0.0054009 0.0220524 0.0007837 0.9997419
5.185269 0.0079002 -0.0025541 0.2406976 0.0062623 0.0246695 0.0014333 0.9996750
5.288943 0.0104119 -0.0032108 0.2833818 0.0070951 0.0268850 0.0008232 0.9996130
5.392622 0.0129242 -0.0039080 0.3268230 0.0075510 0.0289690 0.0011169 0.9995512
5.496314 0.0153498 -0.0044377 0.3704812 0.0071797 0.0304565 0.0009694 0.9995098
5.600026 0.0180849 -0.0052212 0.4151307 0.0061855 0.0316752 0.0013717 0.9994781
5.703641 0.0211107 -0.0060239 0.4606915 0.0055329 0.0327930 0.0013148 0.9994460
5.807340 0.0244555 -0.0065545 0.5070393 0.0059002 0.0337981 0.0026364 0.9994078
5.910955 0.0275251 -0.0070460 0.5536573 0.0058929 0.0343391 0.0024924 0.9993898
6.014715 0.0307190 -0.0075969 0.6008474 0.0065006 0.0347072 0.0034106 0.9993706
6.118447 0.0343061 -0.0085219 0.6490262 0.0065317 0.0347183 0.0032773 0.9993704
6.325669 0.0408721 -0.0099552 0.7459874 0.0073439 0.0337944 0.0036636 0.9993951
6.533021 0.0473784 -0.0117505 0.8459069 0.0071891 0.0324191 0.0037383 0.9994415
6.740399 0.0541466 -0.0135345 0.9496983 0.0078192 0.0313836 0.0042977 0.9994676
6.947755 0.0604640 -0.0148082 1.0558022 0.0071062 0.0305900 0.0046997 0.9994957
7.155209 0.0666100 -0.0168608 1.1635410 0.0065064 0.0301041 0.0065252 0.9995043
7.362568 0.0731737 -0.0191973 1.2715515 0.0070525 0.0292284 0.0066705 0.9995256
7.673572 0.0823192 -0.0221630 1.4396557 0.0066410 0.0290482 0.0078731 0.9995250
7.881024 0.0883116 -0.0238827 1.5536895 0.0070277 0.0293241 0.0083949 0.9995100
8.088400 0.0948912 -0.0262926 1.6693120 0.0077197 0.0301090 0.0080403 0.9994845
8.295863 0.1012886 -0.0284858 1.7868453 0.0077065 0.0315024 0.0069317 0.9994499
8.503235 0.1088899 -0.0303649 1.9059166 0.0073921 0.0320613 0.0055253 0.9994433
8.710698 0.1164506 -0.0328601 2.0269601 0.0083134 0.0341438 0.0052614 0.9993685
8.918107 0.1249245 -0.0355674 2.1509547 0.0084123 0.0388370 0.0045767 0.9991997
9.125548 0.1350675 -0.0389841 2.2735889 0.0082802 0.0432356 0.0033235 0.9990250
9.332783 0.1459619 -0.0415614 2.4002962 0.0102118 0.0482690 0.0029512 0.9987778
9.540126 0.1585625 -0.0453880 2.5273795 0.0101565 0.0531270 0.0016954 0.9985347
9.643856 0.1650160 -0.0473641 2.5913153 0.0097332 0.0560447 0.0006747 0.9983806
9.747566 0.1721720 -0.0486806 2.6555526 0.0097371 0.0588757 0.0005121 0.9982177
9.954854 0.1877362 -0.0518248 2.7839615 0.0103777 0.0643905 0.0010148 0.9978703
10.058450 0.1957237 -0.0535215 2.8481724 0.0109132 0.0673368 0.0006489 0.9976704
10.162270 0.2043089 -0.0552049 2.9127312 0.0109747 0.0704069 0.0011523 0.9974573
10.369540 0.2225134 -0.0594473 3.0427105 0.0111171 0.0761346 0.0002031 0.9970356
10.577010 0.2425905 -0.0627290 3.1738157 0.0112779 0.0811052 0.0002605 0.9966417
10.680800 0.2540543 -0.0647859 3.2403915 0.0110996 0.0829175 0.0017797 0.9964930
10.888380 0.2766523 -0.0683771 3.3719964 0.0115950 0.0860323 0.0022140 0.9962224
11.096280 0.3002272 -0.0724645 3.5056796 0.0119710 0.0896799 0.0009934 0.9958982
11.199650 0.3120204 -0.0742859 3.5724261 0.0124739 0.0920893 0.0004631 0.9956725
11.303360 0.3240470 -0.0766520 3.6383641 0.0121581 0.0945809 0.0000900 0.9954429
11.407080 0.3364258 -0.0787720 3.7052562 0.0124506 0.0969341 0.0004420 0.9952128
11.510570 0.3492818 -0.0809132 3.7718210 0.0127481 0.0992035 0.0002699 0.9949855
11.614180 0.3626356 -0.0832714 3.8387258 0.0127675 0.1015285 0.0000739 0.9947507
11.718020 0.3764015 -0.0852235 3.9057693 0.0125579 0.1037025 -0.0000480 0.9945291
11.821430 0.3905258 -0.0875944 3.9726925 0.0125117 0.1058046 0.0004594 0.9943081
11.925060 0.4045157 -0.0899190 4.0404062 0.0127515 0.1080489 0.0008525 0.9940634
12.028650 0.4193020 -0.0920510 4.1073089 0.0133663 0.1098118 0.0009765 0.9938620
12.132140 0.4344854 -0.0947850 4.1753483 0.0140084 0.1117132 0.0008256 0.9936414
12.235950 0.4501083 -0.0971044 4.2432404 0.0146506 0.1134121 0.0013601 0.9934391
12.339620 0.4654096 -0.0997810 4.3110862 0.0148936 0.1151596 0.0010803 0.9932348
12.443230 0.4812328 -0.1025732 4.3793969 0.0148575 0.1170461 0.0012809 0.9930145
12.546850 0.4971743 -0.1047986 4.4475279 0.0149790 0.1191814 0.0010064 0.9927590
12.650590 0.5139158 -0.1070978 4.5159883 0.0153388 0.1211112 0.0021279 0.9925181
12.857820 0.5484610 -0.1124474 4.6529765 0.0148038 0.1240750 0.0036227 0.9921558
12.961450 0.5657492 -0.1150076 4.7212224 0.0145964 0.1255579 0.0035544 0.9919726
13.168790 0.6014784 -0.1200607 4.8591332 0.0162096 0.1285311 0.0026010 0.9915696
13.376170 0.6372069 -0.1256154 4.9972939 0.0176169 0.1320425 0.0014614 0.9910864
13.583380 0.6759962 -0.1317532 5.1372895 0.0183586 0.1357327 0.0010067 0.9905749
13.790730 0.7149987 -0.1378121 5.2763219 0.0175159 0.1395956 0.0007451 0.9900534
13.998450 0.7551330 -0.1437255 5.4144721 0.0177280 0.1435547 0.0004787 0.9894835
14.205920 0.7964824 -0.1502910 5.5526977 0.0183497 0.1472281 -0.0000572 0.9889323
14.412870 0.8391553 -0.1567398 5.6915751 0.0182849 0.1499707 0.0007570 0.9885210
14.620330 0.8822305 -0.1629495 5.8297801 0.0182073 0.1527142 0.0023729 0.9880998
14.827390 0.9257638 -0.1691498 5.9678507 0.0188176 0.1555806 0.0017783 0.9876423
15.034850 0.9682959 -0.1752079 6.1062126 0.0202776 0.1589292 0.0015711 0.9870805
15.242180 1.0132189 -0.1827280 6.2437267 0.0209102 0.1620171 0.0009150 0.9865659
15.449500 1.0604922 -0.1900023 6.3829165 0.0199615 0.1646893 0.0019434 0.9861416
15.656680 1.1083046 -0.1970547 6.5207882 0.0201871 0.1678674 0.0008124 0.9856026
15.864040 1.1563174 -0.2041780 6.6589985 0.0198296 0.1716887 -0.0002000 0.9849517
16.071400 1.2055888 -0.2114390 6.7961388 0.0198964 0.1754950 -0.0007013 0.9842790
16.278760 1.2548059 -0.2185005 6.9348388 0.0199584 0.1801507 -0.0013613 0.9834356
16.589730 1.3350517 -0.2303753 7.1397114 0.0204424 0.1856328 -0.0007834 0.9824062
16.796960 1.3860778 -0.2372717 7.2767673 0.0210693 0.1900969 -0.0011603 0.9815385
17.004320 1.4403188 -0.2455168 7.4137592 0.0216048 0.1939909 0.0000026 0.9807654
17.212260 1.4956263 -0.2525175 7.5507531 0.0228787 0.1976418 0.0017974 0.9800056
17.418950 1.5528443 -0.2608331 7.6855960 0.0247171 0.2005105 0.0034582 0.9793736
17.626280 1.6090717 -0.2676725 7.8220267 0.0257537 0.2040982 0.0044145 0.9786016
17.833610 1.6694355 -0.2762848 7.9588652 0.0262490 0.2075265 0.0045085 0.9778668
18.041020 1.7303452 -0.2840981 8.0988865 0.0267977 0.2111809 0.0030592 0.9770748
18.248220 1.7931983 -0.2928166 8.2378273 0.0265261 0.2137863 0.0048476 0.9765082
18.455670 1.8582162 -0.3016439 8.3785744 0.0263046 0.2159688 0.0054907 0.9760304
18.663050 1.9214225 -0.3112081 8.5188236 0.0255728 0.2190285 0.0069238 0.9753587
18.766280 1.9552997 -0.3148939 8.5897303 0.0256282 0.2202036 0.0071407 0.9750910
18.973530 2.0233619 -0.3231743 8.7321138 0.0276642 0.2224614 0.0061997 0.9745292
19.077140 2.0568042 -0.3279588 8.8027039 0.0275061 0.2242791 0.0058633 0.9741191
19.284530 2.1253448 -0.3367157 8.9458504 0.0257669 0.2298223 0.0040450 0.9728830
19.388220 2.1606894 -0.3407754 9.0174313 0.0253090 0.2325730 0.0036282 0.9722428
19.491840 2.1969082 -0.3448475 9.0893774 0.0255734 0.2350125 0.0040396 0.9716474
19.595460 2.2346106 -0.3492828 9.1616812 0.0258293 0.2370710 0.0054842 0.9711334
19.802840 2.3090999 -0.3580475 9.3051710 0.0259771 0.2415762 0.0061043 0.9700149
19.906420 2.3373196 -0.3629216 9.3733196 0.0247303 0.2457125 0.0066858 0.9690042
20.010030 2.3794265 -0.3670911 9.4461432 0.0242129 0.2470115 0.0060418 0.9686912
20.217270 2.4579968 -0.3759857 9.5903759 0.0240163 0.2517029 0.0062443 0.9674864
20.320880 2.4985213 -0.3799140 9.6625042 0.0241543 0.2537578 0.0071810 0.9669395
20.424500 2.5386925 -0.3843314 9.7349472 0.0235943 0.2562580 0.0075093 0.9662912
20.528120 2.5794566 -0.3879906 9.8075619 0.0235678 0.2584466 0.0067193 0.9657146
20.735350 2.6619551 -0.3964736 9.9498720 0.0225102 0.2618380 0.0075517 0.9648197
20.838960 2.7038794 -0.4002479 10.0211515 0.0227083 0.2633592 0.0063127 0.9644099
20.942580 2.7441819 -0.4042571 10.0912876 0.0229156 0.2654984 0.0043715 0.9638290
21.046320 2.7861705 -0.4085382 10.1617069 0.0232163 0.2670695 0.0028858 0.9633932
21.149940 2.8293042 -0.4129649 10.2321386 0.0221243 0.2683177 0.0024243 0.9630733
21.253550 2.8708606 -0.4169463 10.3016062 0.0217384 0.2701667 0.0031039 0.9625631
21.460820 2.9534032 -0.4249434 10.4383841 0.0218527 0.2739244 0.0018192 0.9615012
21.668140 3.0377755 -0.4333033 10.5746126 0.0189403 0.2773071 0.0012469 0.9605938
21.875360 3.1215627 -0.4407101 10.7072144 0.0188926 0.2805430 0.0012711 0.9596547
21.979040 3.1639116 -0.4440518 10.7741947 0.0188491 0.2823356 0.0013806 0.9591295
22.082650 3.2059767 -0.4477743 10.8396053 0.0182210 0.2840439 0.0011599 0.9586374
22.186210 3.2480421 -0.4513205 10.9050179 0.0181198 0.2856382 -0.0005355 0.9581661
22.290250 3.2902458 -0.4548460 10.9697313 0.0183318 0.2873891 -0.0057854 0.9576210
22.393570 3.3311586 -0.4590088 11.0340309 0.0218548 0.2894327 -0.0104920 0.9568914
22.497250 3.3731251 -0.4638792 11.0971708 0.0257853 0.2908674 -0.0063246 0.9563950
22.600850 3.4158423 -0.4690247 11.1603489 0.0246061 0.2914169 -0.0020249 0.9562775
22.808100 3.5031474 -0.4759569 11.2898369 0.0141888 0.2943017 -0.0026551 0.9556035
23.015390 3.5835450 -0.4812807 11.4073009 0.0116775 0.2975799 -0.0053984 0.9546102
23.222650 3.6728969 -0.4873295 11.5315237 0.0166983 0.2997633 -0.0012301 0.9538667
23.326370 3.7130353 -0.4902546 11.5908356 0.0181252 0.3011615 -0.0012055 0.9534001
23.533710 3.7917812 -0.4940347 11.7140236 0.0178363 0.3047241 -0.0007283 0.9522734
23.741080 3.8715236 -0.4971991 11.8344727 0.0178912 0.3075106 0.0003061 0.9513764
23.948430 3.9117498 -0.5000432 11.8940325 0.0180173 0.3115755 -0.0000275 0.9500506
24.155650 3.9163086 -0.4993277 11.9057093 0.0166873 0.3180729 0.0008611 0.9479190
24.363000 3.9218566 -0.4971195 11.9234505 0.0165776 0.3257185 -0.0006289 0.9453213
24.570240 3.9260721 -0.4959556 11.9366961 0.0185192 0.3333485 -0.0055499 0.9426054
24.777590 3.9291894 -0.4951735 11.9494820 0.0186004 0.3415581 -0.0092914 0.9396306
24.984880 3.9320765 -0.4945912 11.9640207 0.0196633 0.3511474 -0.0129359 0.9360243
25.399160 3.9396689 -0.4975717 11.9885941 0.0135623 0.3625315 -0.0005867 0.9318727
25.606390 3.9427848 -0.4980466 11.9939766 0.0142485 0.3630256 -0.0082239 0.9316339
25.813620 3.9468946 -0.4984535 12.0006218 0.0145341 0.3620357 -0.0115929 0.9319788
26.020850 3.9482176 -0.4989476 12.0039415 0.0135809 0.3600382 -0.0106151 0.9327783
26.228100 3.9518363 -0.4992698 12.0094700 0.0126780 0.3592809 -0.0160608 0.9330051
26.435440 3.9538038 -0.4993359 12.0102873 0.0104896 0.3575365 -0.0230120 0.9335567
26.642670 3.9554319 -0.4993905 12.0116043 0.0104681 0.3559108 -0.0223264 0.9341946
26.849920 3.9574125 -0.4995927 12.0143318 0.0082259 0.3551555 -0.0221609 0.9345083
27.057260 3.9592295 -0.4997299 12.0163937 0.0090319 0.3539658 -0.0249217 0.9348826
27.264530 3.9609606 -0.4997447 12.0176830 0.0098968 0.3520403 -0.0235859 0.9356353
27.471850 3.9628158 -0.4998583 12.0196457 0.0095296 0.3504657 -0.0222615 0.9362625
27.679200 3.9643550 -0.4997690 12.0201702 0.0092923 0.3485758 -0.0217700 0.9369817
27.886560 3.9658394 -0.4998342 12.0215197 0.0092755 0.3474262 -0.0226552 0.9373877
28.093790 3.9672904 -0.4999266 12.0228806 0.0096549 0.3465045 -0.0224026 0.9377310
28.301020 3.9693196 -0.4999679 12.0242767 0.0085878 0.3450258 -0.0231105 0.9382693
28.508250 3.9706495 -0.5000627 12.0255976 0.0087188 0.3453902 -0.0227537 0.9381428
28.715630 3.9721692 -0.5000938 12.0269051 0.0083121 0.3451976 -0.0226205 0.9382206
29.026460 3.9743769 -0.5001451 12.0288544 0.0074506 0.3454133 -0.0234835 0.9381272
29.233840 3.9759130 -0.5001781 12.0301600 0.0080520 0.3451544 -0.0232756 0.9382227
29.441040 3.9775300 -0.5002146 12.0314150 0.0082097 0.3444948 -0.0234153 0.9384603
30.269960 3.9840491 -0.5003758 12.0360527 0.0071965 0.3409867 -0.0218564 0.9397864
30.580810 3.9866736 -0.5003909 12.0376434 0.0070934 0.3397822 -0.0220408 0.9402191
30.891780 3.9891396 -0.5004072 12.0390358 0.0066536 0.3392425 -0.0230888 0.9403920
31.202760 3.9915283 -0.5010187 12.0439644 0.0060794 0.3410656 -0.0237021 0.9397210
31.513850 3.9940848 -0.5011078 12.0468178 0.0063866 0.3408847 -0.0229523 0.9398032
31.824820 3.9966717 -0.5012872 12.0485697 0.0058437 0.3397246 -0.0218190 0.9402537
32.135930 3.9992421 -0.5013753 12.0508614 0.0054914 0.3387524 -0.0212963 0.9406185
32.447030 4.0019073 -0.5014074 12.0530586 0.0040989 0.3374416 -0.0223366 0.9410725
32.758130 4.0045843 -0.5014457 12.0550976 0.0056285 0.3352511 -0.0209937 0.9418781
33.070500 4.0072603 -0.5014479 12.0572176 0.0054800 0.3333441 -0.0204975 0.9425665
33.380050 4.0097451 -0.5015341 12.0595827 0.0049982 0.3316903 -0.0208629 0.9431444
33.691220 4.0121555 -0.5016626 12.0622883 0.0045088 0.3310582 -0.0223390 0.9433351
34.002380 4.0146980 -0.5017332 12.0647717 0.0043274 0.3306099 -0.0218988 0.9435034
34.313530 4.0171833 -0.5018601 12.0671864 0.0051036 0.3302967 -0.0233199 0.9435752
34.728060 4.0204539 -0.5020266 12.0702991 0.0049776 0.3292683 -0.0217199 0.9439734
35.142780 4.0234847 -0.5021328 12.0732069 0.0050406 0.3282343 -0.0216937 0.9443337
35.557430 4.0258789 -0.5021883 12.0756512 0.0048725 0.3271396 -0.0221479 0.9447039
35.972070 4.0281734 -0.5022581 12.0779762 0.0050099 0.3257213 -0.0210848 0.9452174
36.283280 4.0297890 -0.5023108 12.0796204 0.0053845 0.3249631 -0.0201000 0.9454978
36.697760 4.0321159 -0.5023178 12.0817556 0.0052683 0.3231727 -0.0206389 0.9461002
37.112590 4.0333519 -0.5023990 12.0833740 0.0056469 0.3221334 -0.0219040 0.9464240
37.527300 4.0345035 -0.5024700 12.0849180 0.0056218 0.3233373 -0.0231875 0.9459829
37.942020 4.0357256 -0.5025478 12.0864811 0.0044768 0.3239037 -0.0225415 0.9458109
38.356480 4.0368786 -0.5026072 12.0879898 0.0059737 0.3238067 -0.0224437 0.9458382
38.667310 4.0376825 -0.5026666 12.0889950 0.0059962 0.3232085 -0.0226396 0.9460379
39.082020 4.0387688 -0.5027250 12.0903778 0.0053873 0.3221585 -0.0225589 0.9464016
39.496500 4.0398378 -0.5027804 12.0917816 0.0059906 0.3212042 -0.0222485 0.9467297
39.911340 4.0409317 -0.5028387 12.0931482 0.0074123 0.3197027 -0.0219967 0.9472336
40.325920 4.0420003 -0.5029109 12.0945091 0.0072752 0.3181291 -0.0229044 0.9477428
40.740630 4.0430422 -0.5029825 12.0958462 0.0059851 0.3179135 -0.0233588 0.9478130
41.155220 4.0440464 -0.5030338 12.0971680 0.0062981 0.3173296 -0.0228798 0.9480184
41.569920 4.0450830 -0.5030819 12.0985308 0.0089929 0.3162586 -0.0224137 0.9483656
41.984640 4.0461392 -0.5031418 12.0998440 0.0081235 0.3138943 -0.0226147 0.9491538
42.399350 4.0478053 -0.5032401 12.1014509 0.0084913 0.3114156 -0.0234500 0.9499465
42.813810 4.0484748 -0.5032897 12.1027050 0.0073395 0.3119430 -0.0239374 0.9497709
43.228400 4.0502162 -0.5034245 12.1042233 0.0083337 0.3114178 -0.0240831 0.9499313
43.642870 4.0503645 -0.5034249 12.1051083 0.0076372 0.3138399 -0.0241220 0.9491388
44.057450 4.0506725 -0.5033975 12.1060810 0.0099489 0.3146682 -0.0259902 0.9487936
44.471930 4.0515351 -0.5034602 12.1072474 0.0096570 0.3131971 -0.0246413 0.9493193
44.886500 4.0518589 -0.5034369 12.1082764 0.0091814 0.3119990 -0.0242128 0.9497294
45.300980 4.0525560 -0.5035219 12.1093616 0.0079314 0.3101709 -0.0253049 0.9503109
45.819420 4.0534439 -0.5035757 12.1106691 0.0059612 0.3095882 -0.0258823 0.9504997
46.337490 4.0542493 -0.5036066 12.1120539 0.0063980 0.3097829 -0.0280510 0.9503719
46.855700 4.0552616 -0.5037346 12.1134586 0.0044212 0.3090799 -0.0252566 0.9506904
47.373770 4.0560226 -0.5038427 12.1148367 0.0051032 0.3063882 -0.0222725 0.9516324
47.789310 4.0567999 -0.5039142 12.1159763 0.0031021 0.3039633 -0.0216788 0.9524320
48.203200 4.0567856 -0.5039390 12.1169538 0.0028977 0.3036420 -0.0223746 0.9525191
48.721660 4.0570784 -0.5040091 12.1182461 0.0014558 0.3033293 -0.0214502 0.9526432
49.757560 4.0573983 -0.5041541 12.1208925 0.0053392 0.3069622 -0.0239968 0.9514042
50.690230 4.0583010 -0.5042740 12.1233063 -0.0010558 0.3072369 -0.0210113 0.9514005
51.208670 4.0590892 -0.5043879 12.1248064 -0.0009199 0.3052147 -0.0193398 0.9520867
52.245440 4.0596499 -0.5045345 12.1277647 -0.0048525 0.3082335 -0.0158495 0.9511663
52.660280 4.0599084 -0.5045772 12.1290092 -0.0043610 0.3105995 -0.0154474 0.9504054
53.178480 4.0607948 -0.5046843 12.1305695 -0.0040412 0.3098415 -0.0127475 0.9506941
53.593090 4.0608945 -0.5047391 12.1318550 -0.0048468 0.3116626 -0.0122282 0.9501018
54.111440 4.0616965 -0.5048208 12.1334915 -0.0047782 0.3114719 -0.0128290 0.9501567
54.422370 4.0619841 -0.5048626 12.1344900 -0.0044748 0.3126284 -0.0109708 0.9498016
54.837080 4.0622549 -0.5049133 12.1358576 -0.0042698 0.3141608 -0.0075577 0.9493301
55.147950 4.0623064 -0.5049632 12.1369305 -0.0052682 0.3163272 -0.0123884 0.9485546
55.458900 4.0625610 -0.5050105 12.1380644 -0.0047713 0.3170596 -0.0111705 0.9483278
55.769890 4.0627632 -0.5050548 12.1391926 -0.0040797 0.3177439 -0.0091802 0.9481233
56.495310 4.0632200 -0.5051137 12.1420460 -0.0063296 0.3223372 -0.0095380 0.9465557
56.909640 4.0643234 -0.5051450 12.1435442 -0.0035674 0.3208531 -0.0081589 0.9470871
57.324230 4.0647025 -0.5052073 12.1451597 -0.0039861 0.3236184 -0.0048068 0.9461671
58.153180 4.0656090 -0.5053287 12.1486511 -0.0043121 0.3268893 0.0013985 0.9450517
58.464000 4.0658731 -0.5053863 12.1500540 -0.0012362 0.3286988 0.0022672 0.9444313
58.671360 4.0660849 -0.5054425 12.1509399 -0.0021059 0.3294735 0.0040759 0.9441537
59.293570 4.0669498 -0.5054275 12.1541300 -0.0002205 0.3341850 0.0084842 0.9424693
59.500910 4.0673628 -0.5055138 12.1552324 0.0004535 0.3353124 0.0102449 0.9420512
59.708260 4.0677538 -0.5055487 12.1563683 0.0013932 0.3364696 0.0109113 0.9416301
60.019480 4.0682850 -0.5055735 12.1580763 0.0039555 0.3385385 0.0143495 0.9408348
60.226840 4.0686097 -0.5056053 12.1592903 0.0045185 0.3407583 0.0165439 0.9399945
60.434070 4.0689349 -0.5056489 12.1605330 0.0048666 0.3435072 0.0184767 0.9389557
60.641430 4.0692310 -0.5057172 12.1618528 0.0052295 0.3473873 0.0211760 0.9374681
60.952400 4.0696459 -0.5058319 12.1640034 0.0071732 0.3547282 0.0274894 0.9345377
61.263370 4.0699720 -0.5060047 12.1662617 0.0104692 0.3629467 0.0344206 0.9311151
61.470630 4.0702877 -0.5060654 12.1677456 0.0106199 0.3677722 0.0384296 0.9290608
61.677850 4.0719304 -0.5061224 12.1691256 0.0130596 0.3650922 0.0388248 0.9300697
61.885240 4.0737753 -0.5061594 12.1704826 0.0118845 0.3614021 0.0392127 0.9315093
62.092420 4.0757022 -0.5062275 12.1718922 0.0092984 0.3578075 0.0398794 0.9328970
62.300010 4.0773816 -0.5061412 12.1732597 0.0105383 0.3548193 0.0366819 0.9341556
62.507020 4.0787458 -0.5061893 12.1746445 0.0109596 0.3528864 0.0372459 0.9348603
62.714120 4.0801425 -0.5062742 12.1760073 0.0119542 0.3502731 0.0389364 0.9357616
62.921550 4.0816059 -0.5063988 12.1773653 0.0123156 0.3469660 0.0407189 0.9369124
63.232210 4.0826182 -0.5064386 12.1785383 0.0117366 0.3458651 0.0381935 0.9374331
63.542910 4.0840549 -0.5064159 12.1801014 0.0115992 0.3431849 0.0376732 0.9384403
63.853630 4.0856752 -0.5064903 12.1817265 0.0136207 0.3389775 0.0383017 0.9399158
64.060730 4.0865393 -0.5064930 12.1827602 0.0152173 0.3366856 0.0378992 0.9407310
64.267970 4.0874219 -0.5065162 12.1838245 0.0141874 0.3350576 0.0376258 0.9413391
64.475200 4.0882959 -0.5065330 12.1848650 0.0153604 0.3336418 0.0361545 0.9418811
64.785940 4.0896101 -0.5065631 12.1864767 0.0167939 0.3314677 0.0364782 0.9426115
64.993150 4.0904875 -0.5065929 12.1875439 0.0165452 0.3301546 0.0369930 0.9430566
65.200410 4.0913610 -0.5066162 12.1886282 0.0155367 0.3286771 0.0366192 0.9436043
65.407740 4.0922508 -0.5066420 12.1897335 0.0144917 0.3271118 0.0379597 0.9441117
65.614970 4.0931377 -0.5066633 12.1908512 0.0161445 0.3255803 0.0375250 0.9446315
65.822450 4.0940142 -0.5066957 12.1919727 0.0218149 0.3242474 0.0354420 0.9450564
66.029810 4.0949082 -0.5067348 12.1931000 0.0217414 0.3225435 0.0364855 0.9456013
66.237180 4.0958252 -0.5067730 12.1942711 0.0194605 0.3210133 0.0367166 0.9461626
66.444520 4.0967236 -0.5068131 12.1954098 0.0183626 0.3193632 0.0373994 0.9467160
66.651880 4.0976324 -0.5068464 12.1965780 0.0191230 0.3178056 0.0374982 0.9472211
66.859100 4.0985703 -0.5068848 12.1978073 0.0205263 0.3162304 0.0370775 0.9477353
67.066340 4.0994740 -0.5069225 12.1989908 0.0210663 0.3144579 0.0374378 0.9482989
67.273570 4.1003857 -0.5069633 12.2001991 0.0208200 0.3125423 0.0371095 0.9489504
67.480800 4.1013207 -0.5070127 12.2014294 0.0214069 0.3107714 0.0378706 0.9494886
67.687910 4.1022549 -0.5070543 12.2026777 0.0234412 0.3091769 0.0375493 0.9499738
67.895140 4.1031823 -0.5071059 12.2039175 0.0234871 0.3072585 0.0372758 0.9506056
68.102260 4.1041250 -0.5071613 12.2051907 0.0230909 0.3053254 0.0383562 0.9511951
68.309500 4.1050739 -0.5072030 12.2064610 0.0241314 0.3031404 0.0378636 0.9518875
68.620200 4.1064768 -0.5072831 12.2083893 0.0261138 0.3003032 0.0360044 0.9528062
68.827300 4.1074066 -0.5073354 12.2096872 0.0269089 0.2982068 0.0350874 0.9534765
69.138040 4.1087513 -0.5074271 12.2115955 0.0268583 0.2953265 0.0353280 0.9543651
69.345250 4.1096458 -0.5074922 12.2128782 0.0285252 0.2933961 0.0340249 0.9549593
69.552530 4.1104894 -0.5075706 12.2140684 0.0288478 0.2916810 0.0339840 0.9554763
69.759720 4.1113100 -0.5076388 12.2152157 0.0286107 0.2893919 0.0350094 0.9561423
69.966820 4.1120844 -0.5077002 12.2163630 0.0286820 0.2876216 0.0339678 0.9567117
70.174050 4.1128273 -0.5077601 12.2174854 0.0296408 0.2861927 0.0325890 0.9571589
70.381410 4.1134982 -0.5078260 12.2184753 0.0296761 0.2845675 0.0331383 0.9576234
70.692380 4.1145277 -0.5079118 12.2200384 0.0318954 0.2820674 0.0323462 0.9583185
71.003350 4.1153316 -0.5079907 12.2212734 0.0342411 0.2804844 0.0305320 0.9587616
71.210820 4.1158781 -0.5080531 12.2221298 0.0339679 0.2791777 0.0294899 0.9591852
71.521800 4.1166606 -0.5081402 12.2233562 0.0336031 0.2774594 0.0294447 0.9596980
71.832900 4.1174455 -0.5082259 12.2246132 0.0342423 0.2755684 0.0303541 0.9601917
72.143990 4.1181951 -0.5083152 12.2258091 0.0356211 0.2733549 0.0301277 0.9607812
72.351370 4.1187067 -0.5083803 12.2266273 0.0370309 0.2720485 0.0303999 0.9610901
72.662320 4.1194825 -0.5084791 12.2278833 0.0369304 0.2704511 0.0302653 0.9615489
72.869690 4.1199999 -0.5085456 12.2287216 0.0380975 0.2693520 0.0292621 0.9618429
73.180810 4.1207638 -0.5086492 12.2299786 0.0393312 0.2679932 0.0293852 0.9621691
73.491740 4.1215100 -0.5087522 12.2311993 0.0390193 0.2664333 0.0290607 0.9626247
73.698980 4.1220055 -0.5088184 12.2320023 0.0390120 0.2648634 0.0289821 0.9630605
73.906330 4.1224990 -0.5088881 12.2328186 0.0388323 0.2638038 0.0289033 0.9633609
74.217430 4.1232224 -0.5089877 12.2340250 0.0382061 0.2620527 0.0292591 0.9638530
74.424700 4.1236992 -0.5090644 12.2348232 0.0379664 0.2607266 0.0289940 0.9642300
74.735780 4.1243238 -0.5091256 12.2358208 0.0389776 0.2587551 0.0288583 0.9647247
75.046740 4.1250520 -0.5092525 12.2371025 0.0382452 0.2573995 0.0283327 0.9651322
75.357700 4.1257095 -0.5093265 12.2381926 0.0377203 0.2560020 0.0289289 0.9655067
75.565050 4.1261592 -0.5093931 12.2389774 0.0371045 0.2556766 0.0284767 0.9656303
75.876160 4.1268134 -0.5094813 12.2401075 0.0370348 0.2545426 0.0285885 0.9659292
76.186870 4.1274633 -0.5095747 12.2412453 0.0383853 0.2527152 0.0289812 0.9663445
76.394100 4.1278877 -0.5096355 12.2419863 0.0366966 0.2514859 0.0300521 0.9666981
76.601210 4.1283174 -0.5096952 12.2427311 0.0381701 0.2500680 0.0303728 0.9669987
77.015550 4.1291533 -0.5098149 12.2442131 0.0368661 0.2475511 0.0304048 0.9676957
77.326390 4.1297736 -0.5099036 12.2453175 0.0382412 0.2456948 0.0300876 0.9681252
77.637240 4.1303849 -0.5099965 12.2464104 0.0376025 0.2434166 0.0305027 0.9687125
77.844470 4.1307907 -0.5100568 12.2471495 0.0356496 0.2421908 0.0306722 0.9690882
78.259190 4.1315861 -0.5101722 12.2485981 0.0377213 0.2390926 0.0309254 0.9697708
78.570050 4.1321630 -0.5102588 12.2496662 0.0358173 0.2380855 0.0297156 0.9701285
78.777380 4.1325436 -0.5103182 12.2503738 0.0349299 0.2381738 0.0301113 0.9701270
79.088250 4.1331282 -0.5104023 12.2514544 0.0359290 0.2381250 0.0297338 0.9701142
79.399200 4.1337047 -0.5104903 12.2525158 0.0355945 0.2377259 0.0303630 0.9702049
79.710070 4.1342440 -0.5105683 12.2535257 0.0362860 0.2375752 0.0307265 0.9702047
80.021040 4.1347961 -0.5106454 12.2545567 0.0353243 0.2391356 0.0302754 0.9698710
80.228390 4.1351571 -0.5106959 12.2552042 0.0342338 0.2408753 0.0301058 0.9694848
80.539350 4.1357250 -0.5107762 12.2562609 0.0339239 0.2433407 0.0297777 0.9688900
80.746700 4.1361046 -0.5108284 12.2569504 0.0339297 0.2455770 0.0291160 0.9683455
81.057690 4.1366754 -0.5109037 12.2579651 0.0329288 0.2479606 0.0311194 0.9677101
81.990350 4.1383572 -0.5111146 12.2607880 0.0352487 0.2489452 0.0326489 0.9673251
82.301180 4.1388144 -0.5112364 12.2618151 0.0359101 0.2489173 0.0326089 0.9673093
82.612160 4.1393352 -0.5113014 12.2627096 0.0358106 0.2472730 0.0327132 0.9677311
82.923130 4.1399889 -0.5112934 12.2635174 0.0350400 0.2424010 0.0340921 0.9689436
83.545230 4.1411223 -0.5114321 12.2649822 0.0381625 0.2301466 0.0341539 0.9718074
83.856290 4.1416674 -0.5115025 12.2657461 0.0343757 0.2225233 0.0355326 0.9736730
84.167410 4.1422100 -0.5115607 12.2665720 0.0342332 0.2167496 0.0360235 0.9749615
84.789410 4.1433077 -0.5117076 12.2681332 0.0320652 0.2074755 0.0319694 0.9771917
84.996840 4.1436148 -0.5117520 12.2686367 0.0316858 0.2055437 0.0324585 0.9775962
85.307680 4.1441574 -0.5118254 12.2694454 0.0322221 0.2019419 0.0320218 0.9783434
85.618780 4.1446495 -0.5118799 12.2702427 0.0310315 0.1976061 0.0338895 0.9792039
85.929770 4.1451044 -0.5119209 12.2710438 0.0307205 0.1934428 0.0336745 0.9800521
86.240760 4.1455989 -0.5119597 12.2718449 0.0313905 0.1876329 0.0351555 0.9811078
87.796300 4.1478701 -0.5122848 12.2757998 0.0291690 0.1582133 0.0396213 0.9861784
88.418530 4.1486802 -0.5124285 12.2773542 0.0278513 0.1514333 0.0363311 0.9874068
88.729780 4.1490707 -0.5125009 12.2781200 0.0254845 0.1481963 0.0355096 0.9879916
89.040970 4.1494265 -0.5125693 12.2788820 0.0235921 0.1458887 0.0370310 0.9883262
89.870260 4.1503778 -0.5127020 12.2808752 0.0255784 0.1373329 0.0515082 0.9888541
90.077600 4.1505508 -0.5127292 12.2813654 0.0257375 0.1370722 0.0543339 0.9887348
90.285080 4.1507268 -0.5127594 12.2818384 0.0260975 0.1367236 0.0576888 0.9885836
90.596170 4.1509795 -0.5127980 12.2825365 0.0265516 0.1384054 0.0609089 0.9881443
90.803530 4.1511521 -0.5128226 12.2829981 0.0258766 0.1420316 0.0630039 0.9875160
91.011010 4.1513205 -0.5128500 12.2834578 0.0259621 0.1478857 0.0632261 0.9866399
91.218370 4.1514969 -0.5128731 12.2839231 0.0265494 0.1576843 0.0633079 0.9851004
91.425850 4.1516714 -0.5128939 12.2843513 0.0265435 0.1700773 0.0662528 0.9828427
91.633230 4.1518598 -0.5129148 12.2847776 0.0260325 0.1830005 0.0698221 0.9802846
91.840690 4.1520414 -0.5129303 12.2851763 0.0255211 0.1978976 0.0725372 0.9772019
92.048160 4.1522346 -0.5129452 12.2855587 0.0261593 0.2137517 0.0741981 0.9737148
92.255650 4.1524315 -0.5129530 12.2859230 0.0241913 0.2313176 0.0767807 0.9695420
92.463120 4.1526470 -0.5129633 12.2862835 0.0228237 0.2491482 0.0779072 0.9650568
92.670480 4.1528683 -0.5129548 12.2866001 0.0240627 0.2679726 0.0766986 0.9600672
92.877970 4.1530428 -0.5129686 12.2868328 0.0218555 0.2893868 0.0794363 0.9536600
93.292930 4.1532016 -0.5129438 12.2869225 0.0188526 0.3354105 0.0849206 0.9380473
93.604020 4.1534462 -0.5129514 12.2871284 0.0170892 0.3670322 0.0875162 0.9259245
93.707670 4.1535010 -0.5129459 12.2871580 0.0156611 0.3786210 0.0885675 0.9211714
93.915120 4.1536412 -0.5129429 12.2872553 0.0138223 0.4032570 0.0891258 0.9106313
94.018900 4.1537166 -0.5129421 12.2873125 0.0136204 0.4159801 0.0895063 0.9048556
94.122480 4.1537924 -0.5129460 12.2873592 0.0118207 0.4282359 0.0892631 0.8991698
94.226290 4.1538677 -0.5129520 12.2874012 0.0086547 0.4405895 0.0886247 0.8932814
94.329830 4.1539464 -0.5129560 12.2874393 0.0054653 0.4529968 0.0874918 0.8871918
94.537200 4.1541052 -0.5129561 12.2874889 0.0015171 0.4767335 0.0841178 0.8750126
94.640800 4.1542068 -0.5129496 12.2875385 0.0005032 0.4883843 0.0837668 0.8685987
94.744540 4.1543155 -0.5129433 12.2875900 -0.0006401 0.4997272 0.0845837 0.8620429
94.848290 4.1544127 -0.5129423 12.2876377 -0.0023751 0.5115142 0.0839114 0.8551646
95.055660 4.1546421 -0.5129232 12.2877417 -0.0040555 0.5342478 0.0845661 0.8410776
95.159370 4.1547613 -0.5129127 12.2877932 -0.0044250 0.5457386 0.0841463 0.8337081
95.366730 4.1550016 -0.5128907 12.2878838 -0.0052253 0.5675914 0.0840468 0.8189926
95.574090 4.1552420 -0.5128683 12.2879601 -0.0055701 0.5881730 0.0850024 0.8042364
95.781570 4.1554966 -0.5128438 12.2880058 -0.0072265 0.6074449 0.0854212 0.7897225
95.988800 4.1557374 -0.5128197 12.2879963 -0.0075003 0.6257979 0.0847272 0.7753335
96.403410 4.1562614 -0.5127401 12.2881641 -0.0079075 0.6691297 0.0826799 0.7384896
96.610910 4.1565208 -0.5127254 12.2881441 -0.0110134 0.6882117 0.0836641 0.7205856
96.714500 4.1566620 -0.5127167 12.2881203 -0.0110283 0.6975500 0.0832916 0.7115932
96.921840 4.1569266 -0.5126929 12.2881308 -0.0124075 0.7174619 0.0833035 0.6914875
97.129320 4.1571970 -0.5126758 12.2881012 -0.0145207 0.7365049 0.0840133 0.6710377
97.336810 4.1574669 -0.5126477 12.2880707 -0.0156004 0.7559370 0.0834444 0.6491171
97.440420 4.1576009 -0.5126344 12.2880478 -0.0168080 0.7654485 0.0832192 0.6378720
97.855250 4.1581421 -0.5125494 12.2879152 -0.0197110 0.8022112 0.0820605 0.5910454
98.062740 4.1584086 -0.5125083 12.2878265 -0.0207923 0.8195498 0.0814560 0.5668074
98.166520 4.1585369 -0.5124894 12.2877779 -0.0214272 0.8280051 0.0809650 0.5544305
98.373830 4.1587920 -0.5124488 12.2876673 -0.0223205 0.8443655 0.0800856 0.5292779
98.477450 4.1589174 -0.5124272 12.2876034 -0.0233977 0.8521461 0.0800502 0.5166153
98.581060 4.1590395 -0.5124075 12.2875395 -0.0239911 0.8599086 0.0797385 0.5036104
98.788420 4.1592841 -0.5123651 12.2873955 -0.0241302 0.8748728 0.0776939 0.4774714
98.995770 4.1595230 -0.5123233 12.2872334 -0.0250678 0.8885296 0.0760251 0.4517820
99.203130 4.1597519 -0.5122812 12.2870569 -0.0269748 0.9009794 0.0760048 0.4263000
99.306750 4.1598635 -0.5122599 12.2869625 -0.0274263 0.9069363 0.0753683 0.4135624
99.410360 4.1599736 -0.5122384 12.2868662 -0.0281157 0.9126231 0.0743418 0.4010010
99.513970 4.1600800 -0.5122174 12.2867670 -0.0283461 0.9179578 0.0742056 0.3886431
99.721330 4.1602869 -0.5121744 12.2865591 -0.0287236 0.9277492 0.0733580 0.3647944
99.928690 4.1604886 -0.5121304 12.2863359 -0.0290142 0.9365699 0.0720661 0.3417624
100.136200 4.1606808 -0.5120861 12.2861004 -0.0313907 0.9443758 0.0720989 0.3193286
100.343500 4.1608577 -0.5120425 12.2858582 -0.0316400 0.9513210 0.0704010 0.2983806
100.550800 4.1610250 -0.5120001 12.2856064 -0.0309028 0.9569840 0.0705479 0.2797315
100.758000 4.1611886 -0.5119561 12.2853413 -0.0302394 0.9615710 0.0696236 0.2638548
100.965200 4.1613464 -0.5119124 12.2850704 -0.0287654 0.9653986 0.0681885 0.2500569
101.172400 4.1614962 -0.5118682 12.2847939 -0.0280177 0.9685587 0.0677839 0.2377274
101.276200 4.1615705 -0.5118458 12.2846508 -0.0279818 0.9699486 0.0675570 0.2320621
101.483400 4.1617107 -0.5118030 12.2843647 -0.0290053 0.9723927 0.0670368 0.2216241
101.690600 4.1618433 -0.5117615 12.2840757 -0.0291258 0.9739243 0.0682887 0.2143822
101.897900 4.1619787 -0.5117170 12.2837744 -0.0288929 0.9751000 0.0681831 0.2090364
102.105200 4.1621113 -0.5116708 12.2834663 -0.0295602 0.9761655 0.0681144 0.2039302
102.312600 4.1622400 -0.5116282 12.2831640 -0.0298615 0.9769235 0.0685440 0.2000761
102.520000 4.1623631 -0.5115864 12.2828569 -0.0302367 0.9774733 0.0681444 0.1974537
102.727300 4.1624660 -0.5115520 12.2826586 -0.0297923 0.9778814 0.0678428 0.1955957
102.934700 4.1625195 -0.5115345 12.2825289 -0.0302220 0.9780518 0.0678380 0.1946772
103.142000 4.1625748 -0.5115145 12.2823877 -0.0296646 0.9781154 0.0686720 0.1941507
103.349400 4.1626315 -0.5114950 12.2822466 -0.0299727 0.9781554 0.0697815 0.1935048
103.556700 4.1626863 -0.5114757 12.2821026 -0.0305698 0.9782613 0.0695326 0.1929651
103.764100 4.1627393 -0.5114564 12.2819748 -0.0300413 0.9783711 0.0703709 0.1921862
103.971300 4.1627951 -0.5114363 12.2818375 -0.0305066 0.9785427 0.0706268 0.1911421
104.178700 4.1628475 -0.5114175 12.2817039 -0.0308450 0.9788342 0.0687335 0.1902841
104.386000 4.1629028 -0.5113992 12.2815695 -0.0304000 0.9791129 0.0677354 0.1892765
104.593400 4.1629553 -0.5113804 12.2814360 -0.0296569 0.9796256 0.0684074 0.1864796
104.800900 4.1630049 -0.5113628 12.2813053 -0.0302496 0.9805617 0.0683886 0.1814019
105.008400 4.1630535 -0.5113459 12.2811766 -0.0315171 0.9820435 0.0678964 0.1731684
105.215900 4.1630993 -0.5113293 12.2810459 -0.0322936 0.9837943 0.0682684 0.1626201
105.423200 4.1631393 -0.5113131 12.2809191 -0.0339164 0.9860091 0.0678860 0.1484156
105.630700 4.1631756 -0.5112972 12.2807932 -0.0348344 0.9884977 0.0658671 0.1316070
105.838100 4.1632061 -0.5112833 12.2806702 -0.0351874 0.9910462 0.0641811 0.1116693
106.045600 4.1632328 -0.5112686 12.2805405 -0.0366070 0.9932997 0.0637172 0.0891953
106.253100 4.1632543 -0.5112541 12.2804089 -0.0380967 0.9953616 0.0619101 0.0630170
106.460800 4.1632662 -0.5112409 12.2802830 -0.0380667 0.9968899 0.0596254 0.0347319
106.668200 4.1632724 -0.5112277 12.2801533 -0.0372500 0.9976848 0.0566690 0.0051076
106.979300 4.1632662 -0.5112096 12.2799606 -0.0380619 0.9968144 0.0549091 -0.0435587
107.186900 4.1632500 -0.5111983 12.2798357 -0.0388032 0.9947987 0.0525627 -0.0781469
107.498000 4.1632118 -0.5111848 12.2796535 -0.0395797 0.9894410 0.0472416 -0.1311800
107.912800 4.1631308 -0.5111703 12.2794266 -0.0404270 0.9778190 0.0428557 -0.2009952
108.223900 4.1630507 -0.5111620 12.2792654 -0.0418970 0.9658732 0.0360954 -0.2530431
108.431200 4.1629872 -0.5111580 12.2791615 -0.0421808 0.9564396 0.0320044 -0.2870885
108.742600 4.1628814 -0.5111550 12.2790165 -0.0428090 0.9402047 0.0253528 -0.3369567
108.949700 4.1627870 -0.5111553 12.2789135 -0.0436795 0.9287608 0.0204169 -0.3675304
109.156900 4.1626945 -0.5111560 12.2788200 -0.0428554 0.9172520 0.0181483 -0.3955790
109.364400 4.1626000 -0.5111585 12.2787380 -0.0427099 0.9051362 0.0135851 -0.4227525
109.467900 4.1625490 -0.5111603 12.2786980 -0.0427850 0.8986825 0.0103310 -0.4363856
109.571600 4.1624999 -0.5111627 12.2786589 -0.0441276 0.8917848 0.0103781 -0.4501832
109.675300 4.1624498 -0.5111643 12.2786236 -0.0436308 0.8843087 0.0106880 -0.4647367
109.779100 4.1623998 -0.5111666 12.2785892 -0.0450601 0.8761023 0.0117280 -0.4798717
109.882700 4.1623468 -0.5111693 12.2785568 -0.0477066 0.8674336 0.0074862 -0.4952040
109.986400 4.1622953 -0.5111722 12.2785263 0.0520731 -0.8587176 -0.0020301 0.5097925
110.090100 4.1622410 -0.5111760 12.2784977 0.0539280 -0.8501202 0.0002402 0.5238200
110.193900 4.1621857 -0.5111803 12.2784691 0.0518450 -0.8414800 0.0000485 0.5377951
110.297600 4.1621284 -0.5111843 12.2784433 0.0488899 -0.8324609 -0.0006364 0.5519224
110.401400 4.1620712 -0.5111879 12.2784195 0.0476910 -0.8230715 0.0005190 0.5659316
110.608900 4.1619539 -0.5111971 12.2783794 0.0502893 -0.8033977 0.0061485 0.5932835
110.712500 4.1619005 -0.5112013 12.2783651 0.0518041 -0.7936271 0.0090299 0.6061277
110.920000 4.1618061 -0.5112094 12.2783594 0.0553558 -0.7737815 0.0110294 0.6309329
111.127300 4.1616774 -0.5112200 12.2783346 0.0561793 -0.7524540 0.0125403 0.6561247
111.334700 4.1615744 -0.5112346 12.2783184 0.0571974 -0.7303529 0.0148294 0.6805094
111.645800 4.1615539 -0.5112379 12.2783251 0.0562892 -0.7011927 0.0160426 0.7105653
111.853000 4.1615438 -0.5112405 12.2783298 0.0557869 -0.6844623 0.0169268 0.7267136
112.060200 4.1615276 -0.5112440 12.2783413 0.0564605 -0.6705374 0.0187005 0.7394878
112.370900 4.1615124 -0.5112477 12.2783527 0.0539858 -0.6537743 0.0184239 0.7545364
112.578200 4.1615076 -0.5112500 12.2783575 0.0542382 -0.6447108 0.0177813 0.7622926
112.785600 4.1615019 -0.5112511 12.2783594 0.0530552 -0.6376237 0.0183758 0.7682990
112.992400 4.1614919 -0.5112543 12.2783670 0.0526735 -0.6346373 0.0153682 0.7708598
113.199600 4.1614838 -0.5112572 12.2783728 0.0523082 -0.6339474 0.0123232 0.7715067
113.407300 4.1614752 -0.5112600 12.2783794 0.0504033 -0.6330023 0.0089724 0.7724552
113.614200 4.1614614 -0.5112642 12.2783823 0.0488201 -0.6289073 0.0074321 0.7759104
113.823800 4.1614504 -0.5112672 12.2783852 0.0498008 -0.6256967 0.0057033 0.7784542
114.028800 4.1614380 -0.5112710 12.2783899 0.0466082 -0.6229951 0.0033743 0.7808287
