3.630286 0.0000000 0.0000000 0.0000000 0.0000000 0.0000000 0.0000000 1.0000000
3.837524 0.0020375 -0.0003247 0.0479768 0.0007206 0.0263487 0.0034350 0.9996467
3.941290 0.0040682 -0.0004097 0.0724649 0.0011740 0.0377279 0.0055804 0.9992718
4.044901 0.0066053 -0.0006317 0.0971560 0.0011453 0.0478696 0.0085438 0.9988164
4.148625 0.0095293 -0.0007671 0.1221320 0.0009098 0.0567152 0.0107691 0.9983319
4.252293 0.0130446 -0.0009802 0.1471554 0.0009418 0.0644160 0.0124580 0.9978449
4.355974 0.0167531 -0.0010782 0.1727171 0.0006075 0.0716882 0.0134921 0.9973357
4.459609 0.0209381 -0.0012475 0.1981974 -0.0000237 0.0782503 0.0136124 0.9968408
4.563217 0.0253166 -0.0014589 0.2238561 0.0000099 0.0843455 0.0135449 0.9963445
4.666947 0.0300308 -0.0016368 0.2498904 0.0013751 0.0900004 0.0135570 0.9958485
4.770559 0.0351090 -0.0018622 0.2760798 0.0030527 0.0950287 0.0137926 0.9953743
4.874319 0.0407478 -0.0019431 0.3030308 0.0043737 0.0996889 0.0143163 0.9949061
4.977967 0.0464677 -0.0021263 0.3302020 0.0048859 0.1034241 0.0141820 0.9945242
5.185269 0.0587317 -0.0025951 0.3862801 0.0060863 0.1088423 0.0145541 0.9939339
5.392622 0.0716934 -0.0032315 0.4438449 0.0073895 0.1133146 0.0141843 0.9934304
5.600026 0.0856765 -0.0040842 0.5033858 0.0058255 0.1159485 0.0144453 0.9931331
5.807340 0.1004623 -0.0048185 0.5646077 0.0056901 0.1180435 0.0157623 0.9928670
6.014715 0.1155221 -0.0054633 0.6275523 0.0062290 0.1190211 0.0166889 0.9927319
6.221927 0.1313952 -0.0061743 0.6926090 0.0070881 0.1188028 0.0162156 0.9927601
6.429280 0.1472922 -0.0068513 0.7588482 0.0066818 0.1175091 0.0162321 0.9929166
6.636673 0.1636240 -0.0077221 0.8272129 0.0074629 0.1163211 0.0166624 0.9930438
6.844097 0.1801808 -0.0086301 0.8975887 0.0078037 0.1154653 0.0169968 0.9931355
7.051471 0.1970328 -0.0096152 0.9690328 0.0061583 0.1146198 0.0191382 0.9932060
7.258923 0.2147910 -0.0109224 1.0421937 0.0075216 0.1137311 0.0207255 0.9932669
7.466210 0.2311373 -0.0125430 1.1152278 0.0070764 0.1133255 0.0207907 0.9933152
7.673572 0.2487371 -0.0132934 1.1909560 0.0068909 0.1131423 0.0214257 0.9933239
7.984696 0.2748490 -0.0150551 1.3058010 0.0075153 0.1137820 0.0217262 0.9932397
8.192118 0.2931054 -0.0163067 1.3838282 0.0080899 0.1149135 0.0207469 0.9931259
8.399546 0.3108483 -0.0170418 1.4624361 0.0078102 0.1162984 0.0198188 0.9929858
8.606978 0.3298282 -0.0186720 1.5423354 0.0074761 0.1172660 0.0184352 0.9929013
8.814436 0.3494129 -0.0201330 1.6242948 0.0082501 0.1209594 0.0178119 0.9924634
9.021867 0.3699717 -0.0217832 1.7058339 0.0072295 0.1254690 0.0163469 0.9919365
9.229148 0.3909846 -0.0232771 1.7881428 0.0082970 0.1305275 0.0155388 0.9912882
9.436507 0.4131017 -0.0247525 1.8710688 0.0093187 0.1355082 0.0143152 0.9906290
9.643856 0.4363788 -0.0265053 1.9551930 0.0088727 0.1412867 0.0123550 0.9898518
9.747566 0.4483325 -0.0271704 1.9973339 0.0086316 0.1445085 0.0119067 0.9893942
9.954854 0.4730730 -0.0282554 2.0816245 0.0098484 0.1508448 0.0123339 0.9884315
10.162270 0.4984386 -0.0297549 2.1655512 0.0106204 0.1575171 0.0123204 0.9873823
10.473330 0.5384868 -0.0326724 2.2901874 0.0114131 0.1663528 0.0112563 0.9859360
10.680800 0.5673120 -0.0345342 2.3754044 0.0115478 0.1716382 0.0137981 0.9849957
10.888380 0.5969450 -0.0363661 2.4586618 0.0119789 0.1753010 0.0136581 0.9843472
11.096280 0.6277718 -0.0388219 2.5416589 0.0119961 0.1784471 0.0123889 0.9837984
11.199650 0.6431643 -0.0396893 2.5831556 0.0122773 0.1804778 0.0113434 0.9834370
11.303360 0.6587225 -0.0409582 2.6243441 0.0121171 0.1828029 0.0112115 0.9830109
11.407080 0.6745189 -0.0423941 2.6652880 0.0122429 0.1851144 0.0112803 0.9825760
11.510570 0.6906388 -0.0437192 2.7061749 0.0124935 0.1873011 0.0113416 0.9821576
11.718020 0.7225022 -0.0459008 2.7871983 0.0121222 0.1918520 0.0107529 0.9812901
11.925060 0.7556903 -0.0486854 2.8686826 0.0122526 0.1961284 0.0115995 0.9804330
12.132140 0.7902646 -0.0512211 2.9509048 0.0135433 0.1998439 0.0115810 0.9796657
12.339620 0.8255341 -0.0536715 3.0330489 0.0145573 0.2032817 0.0114474 0.9789451
12.546850 0.8607357 -0.0564941 3.1144261 0.0144652 0.2072240 0.0113439 0.9781208
12.754210 0.8974700 -0.0592666 3.1958458 0.0146637 0.2106658 0.0134727 0.9773553
12.961450 0.9349375 -0.0621407 3.2775064 0.0139951 0.2133922 0.0138059 0.9767688
13.168790 0.9727709 -0.0649370 3.3592176 0.0155428 0.2161973 0.0129791 0.9761397
13.272410 0.9917050 -0.0663639 3.4001393 0.0163903 0.2179592 0.0124319 0.9757410
13.376170 1.0109311 -0.0678761 3.4410734 0.0169216 0.2196591 0.0117416 0.9753593
13.479770 1.0301895 -0.0695988 3.4818215 0.0173985 0.2212757 0.0109464 0.9749946
13.687000 1.0691831 -0.0731495 3.5639603 0.0168525 0.2252317 0.0112752 0.9740942
13.894440 1.1094146 -0.0762037 3.6459091 0.0165499 0.2291700 0.0112956 0.9731802
14.101800 1.1499448 -0.0794766 3.7272456 0.0168996 0.2330349 0.0104512 0.9722654
14.309200 1.1916280 -0.0828689 3.8089995 0.0174073 0.2363183 0.0105955 0.9714620
14.516540 1.2343358 -0.0862759 3.8902664 0.0169224 0.2388260 0.0121820 0.9708385
14.723680 1.2772382 -0.0893908 3.9721355 0.0175766 0.2416460 0.0122843 0.9701275
14.931630 1.3203455 -0.0930160 4.0532732 0.0183598 0.2445762 0.0119317 0.9693828
15.138550 1.3643805 -0.0966250 4.1350646 0.0190352 0.2473191 0.0103371 0.9686919
15.345730 1.4075383 -0.0996115 4.2160859 0.0193958 0.2505906 0.0115319 0.9678301
15.553070 1.4528843 -0.1037818 4.2975125 0.0185749 0.2535360 0.0116755 0.9670771
15.760420 1.4985344 -0.1074087 4.3780894 0.0186489 0.2569181 0.0103692 0.9661976
15.967780 1.5444112 -0.1111738 4.4584103 0.0185154 0.2606099 0.0097589 0.9652173
16.175170 1.5910308 -0.1145126 4.5378728 0.0183709 0.2645164 0.0091615 0.9641627
16.382370 1.6384094 -0.1186925 4.6180744 0.0186957 0.2686697 0.0089688 0.9630092
16.589730 1.6865005 -0.1221037 4.6974373 0.0190350 0.2724301 0.0090171 0.9619450
16.796960 1.7345008 -0.1260993 4.7764721 0.0193417 0.2765231 0.0087233 0.9607730
17.004320 1.7838504 -0.1300041 4.8559961 0.0199362 0.2804203 0.0092532 0.9596257
17.212260 1.8329158 -0.1328220 4.9359379 0.0216766 0.2842834 0.0111831 0.9584300
17.418950 1.8830845 -0.1366601 5.0141730 0.0236760 0.2874757 0.0123261 0.9574159
17.626280 1.9347265 -0.1405742 5.0930867 0.0245553 0.2907702 0.0129975 0.9563894
17.833610 1.9890026 -0.1442547 5.1720219 0.0253880 0.2939866 0.0127914 0.9553867
18.041020 2.0435860 -0.1486222 5.2520933 0.0257498 0.2972699 0.0112709 0.9543797
18.248220 2.0982022 -0.1536853 5.3315897 0.0253856 0.2998269 0.0131868 0.9535646
18.455670 2.1547990 -0.1582976 5.4120111 0.0251704 0.3019403 0.0137157 0.9528958
18.663050 2.2104735 -0.1624108 5.4924479 0.0247661 0.3049001 0.0143282 0.9519544
18.766280 2.2393603 -0.1647278 5.5325246 0.0246655 0.3059350 0.0147697 0.9516182
18.973530 2.2973914 -0.1692708 5.6137271 0.0265901 0.3084236 0.0139560 0.9507750
19.077140 2.3271086 -0.1716869 5.6541090 0.0264635 0.3098962 0.0134853 0.9503064
19.180870 2.3558500 -0.1739593 5.6947365 0.0256091 0.3127202 0.0125393 0.9494172
19.388220 2.4142427 -0.1783451 5.7758274 0.0237636 0.3184218 0.0111122 0.9475861
19.595460 2.4711075 -0.1801869 5.8570089 0.0247618 0.3245735 0.0105457 0.9454775
19.802840 2.5430403 -0.1870505 5.9404817 0.0249980 0.3267012 0.0132503 0.9447041
20.010030 2.6018519 -0.1910594 6.0156879 0.0235099 0.3306426 0.0134341 0.9433675
20.217270 2.6627712 -0.1957721 6.0926418 0.0234966 0.3347745 0.0143475 0.9418960
20.424500 2.7230539 -0.1994905 6.1710610 0.0230649 0.3404360 0.0151429 0.9398628
20.631730 2.7838025 -0.2025896 6.2479849 0.0233060 0.3449133 0.0164320 0.9382012
20.735350 2.8179092 -0.2053780 6.2862043 0.0225782 0.3454513 0.0170032 0.9380109
20.942580 2.8784981 -0.2088277 6.3581967 0.0227707 0.3492769 0.0141685 0.9366357
21.046320 2.9097524 -0.2107593 6.3944097 0.0229415 0.3508901 0.0123331 0.9360543
21.253550 2.9720273 -0.2148450 6.4663925 0.0212800 0.3544998 0.0122325 0.9347339
21.357170 3.0030758 -0.2167705 6.5018196 0.0216322 0.3561215 0.0119286 0.9341131
21.460820 3.0335336 -0.2188353 6.5360699 0.0211584 0.3577933 0.0114308 0.9334911
21.564620 3.0640221 -0.2207191 6.5703068 0.0194890 0.3596556 0.0109473 0.9328173
21.668140 3.0947237 -0.2225258 6.6042805 0.0184045 0.3612842 0.0105233 0.9322147
21.771790 3.1253905 -0.2243856 6.6381607 0.0178525 0.3632752 0.0101558 0.9314554
21.979040 3.1870136 -0.2276799 6.7053819 0.0178073 0.3664655 0.0103115 0.9302041
22.082650 3.2179251 -0.2292524 6.7386780 0.0175054 0.3681593 0.0102201 0.9295417
22.186210 3.2486653 -0.2309277 6.7715554 0.0170013 0.3696919 0.0085992 0.9289590
22.290250 3.2791271 -0.2326760 6.8043060 0.0166562 0.3716020 0.0033088 0.9282368
22.393570 3.3096323 -0.2346832 6.8369765 0.0195873 0.3737098 -0.0018037 0.9273371
22.600850 3.3713236 -0.2387592 6.9007897 0.0234886 0.3757621 0.0063154 0.9263969
22.808100 3.4343462 -0.2421251 6.9654551 0.0130380 0.3788603 0.0067089 0.9253377
22.911770 3.4656081 -0.2434967 6.9969926 0.0104210 0.3808209 0.0049173 0.9245770
23.119010 3.5238652 -0.2456464 7.0562129 0.0126519 0.3836401 0.0065890 0.9233725
23.222650 3.5529466 -0.2471538 7.0854487 0.0153571 0.3845805 0.0077875 0.9229308
23.430070 3.6136241 -0.2501947 7.1446857 0.0167664 0.3874628 0.0075121 0.9217023
23.637320 3.6691689 -0.2517046 7.2024951 0.0160403 0.3906429 0.0084959 0.9203634
23.844680 3.7319741 -0.2552979 7.2581654 0.0159618 0.3917997 0.0093232 0.9198648
24.052120 3.7820537 -0.2571363 7.3091507 0.0157030 0.3939064 0.0098876 0.9189633
24.259390 3.8211923 -0.2592081 7.3415070 0.0139433 0.3967956 0.0123310 0.9177182
24.466620 3.8348894 -0.2607296 7.3625498 0.0145927 0.4034529 0.0091488 0.9148383
24.673870 3.8410599 -0.2607126 7.3765192 0.0140060 0.4111061 0.0080131 0.9114447
24.881210 3.8421621 -0.2603854 7.3705163 0.0128271 0.4176401 0.0069230 0.9084956
25.088320 3.8520067 -0.2617621 7.3673820 0.0110381 0.4208619 0.0065992 0.9070336
25.295560 3.8565891 -0.2622742 7.3834181 0.0080457 0.4300573 0.0113600 0.9026942
25.502780 3.8792827 -0.2631460 7.4105244 0.0064177 0.4347845 0.0101943 0.9004539
25.710010 3.9036772 -0.2638708 7.4365997 0.0075589 0.4390877 0.0039227 0.8984038
25.917260 3.9127061 -0.2643077 7.4446115 0.0084154 0.4371844 0.0043538 0.8993220
26.124480 3.9144797 -0.2643789 7.4461899 0.0089873 0.4341982 0.0031062 0.9007672
26.331730 3.9180954 -0.2643574 7.4482951 0.0054452 0.4325228 -0.0035804 0.9015995
26.539060 3.9217761 -0.2644892 7.4511948 0.0046304 0.4318263 -0.0079985 0.9019095
26.746310 3.9174628 -0.2646088 7.4476604 0.0024476 0.4298358 -0.0056840 0.9028859
26.953530 3.9202595 -0.2643814 7.4491882 0.0027796 0.4276891 -0.0067027 0.9038968
27.160890 3.9228721 -0.2645304 7.4517698 0.0037111 0.4270607 -0.0081647 0.9041785
27.471850 3.9264119 -0.2646552 7.4546051 0.0032587 0.4247292 -0.0064921 0.9052913
27.679200 3.9285104 -0.2647450 7.4561090 0.0025772 0.4237609 -0.0057667 0.9057521
27.886560 3.9289720 -0.2647558 7.4563990 0.0025086 0.4225779 -0.0067097 0.9062983
28.093790 3.9297163 -0.2648260 7.4571691 0.0028225 0.4219771 -0.0067090 0.9065772
28.301020 3.9308872 -0.2648463 7.4580188 0.0015475 0.4212351 -0.0072869 0.9069209
28.508250 3.9321239 -0.2648850 7.4589272 0.0017606 0.4212390 -0.0071062 0.9069201
28.715630 3.9331229 -0.2649194 7.4597759 0.0013208 0.4214104 -0.0066458 0.9068447
28.922840 3.9341149 -0.2649408 7.4606190 0.0002600 0.4218182 -0.0071562 0.9066522
29.130070 3.9350882 -0.2649702 7.4614749 0.0006008 0.4220783 -0.0077610 0.9065260
29.337430 3.9360826 -0.2649967 7.4623179 0.0005897 0.4217767 -0.0072513 0.9066705
29.544660 3.9371166 -0.2650274 7.4631872 0.0010152 0.4218528 -0.0078842 0.9066295
29.752010 3.9381163 -0.2650579 7.4640369 0.0001474 0.4216435 -0.0075046 0.9067306
30.062730 3.9396329 -0.2650912 7.4653358 0.0003902 0.4216187 -0.0070298 0.9067459
30.373580 3.9411502 -0.2651311 7.4666204 -0.0003261 0.4214037 -0.0073627 0.9068432
30.684470 3.9426968 -0.2651726 7.4678855 -0.0016794 0.4213415 -0.0072478 0.9068716
30.995560 3.9442365 -0.2652119 7.4691696 -0.0000460 0.4217837 -0.0086171 0.9066556
31.306520 3.9457970 -0.2652706 7.4704294 -0.0016872 0.4214213 -0.0067329 0.9068384
31.617470 3.9474499 -0.2653119 7.4716978 -0.0006206 0.4206713 -0.0064235 0.9071902
31.928570 3.9489605 -0.2653625 7.4729509 -0.0017558 0.4205656 -0.0052567 0.9072452
32.239540 3.9504886 -0.2653986 7.4742255 -0.0020597 0.4201952 -0.0046832 0.9074193
32.550780 3.9519894 -0.2654289 7.4754915 -0.0030423 0.4196990 -0.0061285 0.9076375
32.861740 3.9535284 -0.2654550 7.4767866 -0.0023815 0.4184423 -0.0046267 0.9082285
33.172920 3.9550202 -0.2654802 7.4780293 -0.0022843 0.4171258 -0.0046758 0.9088339
33.483810 3.9564962 -0.2655115 7.4792819 -0.0028662 0.4158989 -0.0053360 0.9093907
33.794940 3.9579277 -0.2655321 7.4805279 -0.0029996 0.4156411 -0.0072454 0.9094949
34.105990 3.9593496 -0.2655398 7.4816866 -0.0042099 0.4152485 -0.0066896 0.9096737
34.417100 3.9606328 -0.2655697 7.4828906 -0.0021397 0.4155326 -0.0076274 0.9095438
34.728060 3.9618340 -0.2656001 7.4840956 -0.0029988 0.4164819 -0.0067636 0.9091139
35.039150 3.9632630 -0.2656059 7.4853163 -0.0026839 0.4163847 -0.0074315 0.9091542
35.350130 3.9646018 -0.2656373 7.4865003 -0.0035670 0.4159931 -0.0075508 0.9093294
35.661090 3.9659538 -0.2656546 7.4876828 -0.0032546 0.4152299 -0.0083686 0.9096722
36.075840 3.9677620 -0.2656811 7.4892740 -0.0022817 0.4141881 -0.0082224 0.9101513
36.490550 3.9694724 -0.2656993 7.4908838 -0.0032154 0.4137825 -0.0078175 0.9103365
36.905210 3.9714782 -0.2657459 7.4924974 -0.0026714 0.4117954 -0.0076892 0.9112400
37.319950 3.9733799 -0.2657891 7.4941387 -0.0033142 0.4116204 -0.0085245 0.9113095
37.734660 3.9752092 -0.2658297 7.4957418 -0.0034386 0.4125814 -0.0085014 0.9108746
38.149250 3.9770854 -0.2658748 7.4973145 -0.0033058 0.4126760 -0.0085468 0.9108318
38.563710 3.9787693 -0.2658901 7.4987717 -0.0023835 0.4118061 -0.0068085 0.9112429
38.978300 3.9806910 -0.2659379 7.5003052 -0.0022842 0.4103088 -0.0076969 0.9119113
39.392880 3.9824243 -0.2659326 7.5018072 -0.0024394 0.4090448 -0.0061979 0.9124900
39.807600 3.9846869 -0.2659343 7.5032291 -0.0006828 0.4059710 -0.0065720 0.9138621
40.222330 3.9868217 -0.2659340 7.5047731 -0.0011296 0.4038015 -0.0080381 0.9148106
40.637020 3.9888690 -0.2659852 7.5062752 -0.0005918 0.4025985 -0.0068692 0.9153507
41.051600 3.9909539 -0.2660074 7.5077887 -0.0005513 0.4020591 -0.0083111 0.9155759
41.466320 3.9931340 -0.2660028 7.5091949 0.0009950 0.3996496 -0.0063607 0.9166453
41.880900 3.9953203 -0.2660757 7.5105233 0.0009932 0.3964810 -0.0057453 0.9180244
42.295640 3.9966533 -0.2661186 7.5116959 0.0011385 0.3946891 -0.0065138 0.9187909
42.710200 3.9971046 -0.2660936 7.5128222 0.0006210 0.3951403 -0.0077708 0.9185877
43.124790 3.9984012 -0.2661269 7.5140038 0.0006793 0.3957739 -0.0096083 0.9182975
43.539250 3.9996576 -0.2661600 7.5152082 0.0004131 0.3972278 -0.0083081 0.9176823
43.953730 4.0004582 -0.2661692 7.5160475 0.0023904 0.3973434 -0.0108335 0.9176029
44.368290 4.0006914 -0.2661713 7.5162992 0.0017716 0.3957193 -0.0096090 0.9183195
44.782910 4.0019417 -0.2661687 7.5178428 0.0022318 0.3941546 -0.0080045 0.9190066
45.197350 4.0027223 -0.2661847 7.5186834 0.0008894 0.3916597 -0.0089493 0.9200662
45.715670 4.0032058 -0.2661155 7.5198364 -0.0001950 0.3921064 -0.0092878 0.9198729
46.130280 4.0039682 -0.2662016 7.5207725 -0.0007663 0.3926212 -0.0109254 0.9196351
46.648340 4.0047979 -0.2662707 7.5219870 -0.0012275 0.3925611 -0.0092886 0.9196782
47.166550 4.0056314 -0.2663290 7.5232086 -0.0019421 0.3917203 -0.0077328 0.9200498
47.581030 4.0057869 -0.2663730 7.5242252 -0.0027708 0.3906881 -0.0053091 0.9205036
47.995840 4.0061436 -0.2664146 7.5252929 -0.0036641 0.3902690 -0.0058570 0.9206749
49.343220 4.0072246 -0.2665472 7.5289197 -0.0043388 0.3911450 -0.0045011 0.9203078
49.861160 4.0076375 -0.2666131 7.5302067 -0.0036482 0.3930407 -0.0066326 0.9194899
50.379370 4.0084190 -0.2666401 7.5315714 -0.0071677 0.3931774 -0.0033443 0.9194286
50.897570 4.0093355 -0.2667204 7.5330973 -0.0072802 0.3924299 -0.0027420 0.9197490
51.830730 4.0109630 -0.2668521 7.5357270 -0.0132507 0.3907431 -0.0011338 0.9204037
52.660280 4.0117726 -0.2669541 7.5383301 -0.0104165 0.3948360 0.0015594 0.9186913
53.074870 4.0124826 -0.2669958 7.5395937 -0.0095997 0.3953044 0.0038580 0.9184919
53.489460 4.0128841 -0.2670692 7.5410061 -0.0096866 0.3966634 0.0038531 0.9179050
54.733340 4.0140281 -0.2672058 7.5455260 -0.0084198 0.4029015 0.0093666 0.9151567
55.147950 4.0150723 -0.2672743 7.5469995 -0.0108295 0.4024882 0.0045299 0.9153499
55.458900 4.0154967 -0.2673348 7.5481300 -0.0107260 0.4025021 0.0051042 0.9153420
55.666250 4.0157080 -0.2673745 7.5489054 -0.0111464 0.4024913 0.0073107 0.9153267
56.184470 4.0162501 -0.2674708 7.5510912 -0.0111532 0.4045055 0.0104412 0.9144080
56.391700 4.0167413 -0.2674913 7.5519075 -0.0136025 0.4046143 0.0083566 0.9143481
56.806030 4.0178719 -0.2675522 7.5536394 -0.0121399 0.4055510 0.0069010 0.9139658
57.013380 4.0183353 -0.2676038 7.5545692 -0.0104332 0.4068013 0.0103472 0.9133985
57.220620 4.0192862 -0.2676063 7.5552516 -0.0119826 0.4046321 0.0117409 0.9143257
57.531360 4.0206394 -0.2676447 7.5560274 -0.0088949 0.3987502 0.0133171 0.9169198
57.738590 4.0215425 -0.2676637 7.5567083 -0.0090352 0.3953977 0.0151893 0.9183400
57.945800 4.0222883 -0.2677262 7.5575137 -0.0121020 0.3940222 0.0150323 0.9188983
58.464000 4.0244579 -0.2678260 7.5591640 -0.0145256 0.3845776 0.0166083 0.9228289
58.671360 4.0250754 -0.2678955 7.5603833 -0.0158607 0.3867059 0.0183541 0.9218840
58.878710 4.0256343 -0.2679372 7.5613575 -0.0179678 0.3864047 0.0194026 0.9219502
59.086070 4.0261583 -0.2679842 7.5624299 -0.0179779 0.3872222 0.0201862 0.9215901
59.500910 4.0273781 -0.2680763 7.5645733 -0.0189503 0.3874670 0.0226054 0.9214115
59.708260 4.0279312 -0.2681223 7.5659122 -0.0184340 0.3900040 0.0237641 0.9203218
59.915740 4.0283937 -0.2681726 7.5673079 -0.0176578 0.3935494 0.0259880 0.9187664
60.123100 4.0290065 -0.2682004 7.5687351 -0.0161677 0.3966655 0.0298931 0.9173339
60.330460 4.0296049 -0.2682026 7.5701742 -0.0158990 0.4002388 0.0319109 0.9157171
60.537830 4.0302434 -0.2682338 7.5716515 -0.0151471 0.4045584 0.0337328 0.9137643
60.745170 4.0309639 -0.2682422 7.5732698 -0.0144211 0.4098666 0.0370455 0.9112788
60.952400 4.0317249 -0.2682716 7.5748615 -0.0137055 0.4148748 0.0403561 0.9088798
61.159760 4.0326571 -0.2681957 7.5763636 -0.0104177 0.4185904 0.0422518 0.9071319
61.366980 4.0337439 -0.2681927 7.5778494 -0.0107910 0.4217336 0.0451843 0.9055290
61.574220 4.0347509 -0.2681738 7.5793915 -0.0095142 0.4255766 0.0462946 0.9036874
61.784120 4.0361042 -0.2681936 7.5808878 -0.0073813 0.4272268 0.0490379 0.9027835
61.988910 4.0372772 -0.2682551 7.5824118 -0.0091616 0.4299993 0.0533673 0.9012040
62.196570 4.0384216 -0.2683321 7.5840549 -0.0110590 0.4342849 0.0541161 0.8990805
62.403410 4.0396671 -0.2682918 7.5856838 -0.0094011 0.4380661 0.0539973 0.8972703
62.611050 4.0409479 -0.2684225 7.5874057 -0.0091824 0.4421344 0.0578448 0.8950346
62.817730 4.0425754 -0.2684392 7.5888834 -0.0081080 0.4428803 0.0593700 0.8945762
63.024960 4.0440125 -0.2684753 7.5903096 -0.0089618 0.4447251 0.0603018 0.8935899
63.232210 4.0453682 -0.2685074 7.5917549 -0.0094267 0.4470742 0.0623892 0.8922687
63.439300 4.0464649 -0.2685416 7.5928702 -0.0101816 0.4479440 0.0638073 0.8917237
63.646520 4.0475855 -0.2685580 7.5940428 -0.0100867 0.4485140 0.0654595 0.8913184
63.853630 4.0488787 -0.2685621 7.5953350 -0.0085789 0.4495980 0.0664343 0.8907157
64.060730 4.0502648 -0.2685152 7.5965433 -0.0075510 0.4496141 0.0669015 0.8906819
64.267970 4.0515985 -0.2684845 7.5978394 -0.0085955 0.4510675 0.0678310 0.8898669
64.475200 4.0527992 -0.2684733 7.5991755 -0.0080840 0.4542966 0.0675127 0.8882518
64.682580 4.0543318 -0.2683378 7.6003866 -0.0065784 0.4550411 0.0670814 0.8879157
64.889620 4.0558357 -0.2682425 7.6014943 -0.0063471 0.4542785 0.0681379 0.8882275
65.096770 4.0574360 -0.2681205 7.6025257 -0.0071627 0.4523116 0.0684572 0.8891999
65.304130 4.0589533 -0.2680040 7.6036024 -0.0080489 0.4506768 0.0691182 0.8899710
65.511370 4.0603886 -0.2679045 7.6045771 -0.0083011 0.4488869 0.0704577 0.8907678
65.719300 4.0618734 -0.2678003 7.6055508 -0.0045121 0.4471421 0.0685756 0.8918189
65.926080 4.0630922 -0.2677217 7.6065407 -0.0007002 0.4464648 0.0677014 0.8922361
66.133430 4.0643520 -0.2676423 7.6075315 -0.0023041 0.4452490 0.0686435 0.8927688
66.340900 4.0657601 -0.2675405 7.6085567 -0.0045438 0.4437354 0.0691200 0.8934768
66.548250 4.0671225 -0.2674398 7.6095629 -0.0043930 0.4420966 0.0697569 0.8942401
66.755490 4.0684891 -0.2673426 7.6106024 -0.0031916 0.4410362 0.0697670 0.8947678
66.962720 4.0698767 -0.2672485 7.6116629 -0.0018184 0.4398232 0.0693769 0.8953988
67.169960 4.0712361 -0.2671562 7.6127181 -0.0022619 0.4383870 0.0697270 0.8960747
67.377190 4.0725956 -0.2670733 7.6137738 -0.0022889 0.4368581 0.0699245 0.8968056
67.584290 4.0739932 -0.2669778 7.6148624 -0.0004616 0.4354724 0.0698946 0.8974844
67.791520 4.0754080 -0.2668900 7.6159620 0.0007501 0.4340621 0.0697527 0.8981782
67.998740 4.0768099 -0.2668031 7.6170702 -0.0000823 0.4325100 0.0697856 0.8989244
68.205860 4.0782003 -0.2667123 7.6181684 0.0012472 0.4308568 0.0702988 0.8996772
68.412960 4.0796309 -0.2666252 7.6192980 0.0013278 0.4290200 0.0695852 0.9006097
68.620200 4.0810356 -0.2665485 7.6204319 0.0031252 0.4278311 0.0681488 0.9012805
68.827300 4.0824308 -0.2664717 7.6215677 0.0037307 0.4262324 0.0682402 0.9020284
69.034420 4.0838237 -0.2663961 7.6226997 0.0031389 0.4244268 0.0689290 0.9028293
69.241640 4.0851917 -0.2663243 7.6238394 0.0044422 0.4231759 0.0678268 0.9034943
69.448870 4.0865669 -0.2662562 7.6249828 0.0055972 0.4216110 0.0671065 0.9042730
69.656100 4.0878835 -0.2661973 7.6260567 0.0058646 0.4200807 0.0682456 0.9048980
69.966820 4.0897417 -0.2660974 7.6276407 0.0057271 0.4176348 0.0667474 0.9061419
70.174050 4.0908098 -0.2660456 7.6285462 0.0063090 0.4168842 0.0650293 0.9066085
70.381410 4.0919008 -0.2660070 7.6294775 0.0064555 0.4156891 0.0651741 0.9071457
70.588760 4.0929585 -0.2659626 7.6303968 0.0079331 0.4146622 0.0648099 0.9076298
70.795990 4.0939841 -0.2659258 7.6312895 0.0091257 0.4132713 0.0649609 0.9082420
71.003350 4.0949788 -0.2658956 7.6321545 0.0106699 0.4120622 0.0638724 0.9088516
71.210820 4.0959706 -0.2658670 7.6330242 0.0102944 0.4109015 0.0625038 0.9094763
71.418080 4.0969219 -0.2658382 7.6338682 0.0100728 0.4097660 0.0622458 0.9100087
71.625410 4.0978909 -0.2658096 7.6347294 0.0100326 0.4083610 0.0628319 0.9106002
71.832900 4.0988560 -0.2657850 7.6355886 0.0108547 0.4070078 0.0638234 0.9111276
72.040250 4.0998340 -0.2657608 7.6364613 0.0118122 0.4056708 0.0641977 0.9116855
72.247600 4.1007957 -0.2657402 7.6373224 0.0128731 0.4042613 0.0637729 0.9123268
72.454960 4.1017570 -0.2657191 7.6381922 0.0139338 0.4029271 0.0639095 0.9128917
72.662320 4.1027117 -0.2657003 7.6390676 0.0137154 0.4019199 0.0635643 0.9133629
72.869690 4.1036634 -0.2656819 7.6399393 0.0149237 0.4008692 0.0627730 0.9138604
73.180810 4.1050768 -0.2656674 7.6412449 0.0160269 0.3993313 0.0626975 0.9145199
73.388130 4.1060014 -0.2656592 7.6420994 0.0154476 0.3980089 0.0623206 0.9151319
73.698980 4.1073613 -0.2656313 7.6433468 0.0158780 0.3962526 0.0619429 0.9159120
73.906330 4.1082754 -0.2656192 7.6442165 0.0159159 0.3950736 0.0619556 0.9164197
74.217430 4.1096096 -0.2655966 7.6454363 0.0154631 0.3931687 0.0630248 0.9171734
74.528420 4.1109543 -0.2655833 7.6467013 0.0157916 0.3910345 0.0628104 0.9180945
74.839370 4.1123285 -0.2655807 7.6480255 0.0162621 0.3894060 0.0624898 0.9188001
75.150340 4.1136403 -0.2655640 7.6492724 0.0156556 0.3877673 0.0620588 0.9195325
75.461430 4.1149244 -0.2655475 7.6505117 0.0148828 0.3867038 0.0631476 0.9199191
75.668790 4.1157761 -0.2655361 7.6513429 0.0150855 0.3861105 0.0622810 0.9202240
75.876160 4.1166172 -0.2655252 7.6521597 0.0146621 0.3851291 0.0628840 0.9206010
76.083250 4.1174517 -0.2655128 7.6529713 0.0159683 0.3839886 0.0625194 0.9210804
76.290480 4.1182876 -0.2655015 7.6537905 0.0153479 0.3824563 0.0633137 0.9216740
76.497610 4.1191068 -0.2654917 7.6546059 0.0157409 0.3811619 0.0645930 0.9221147
76.704860 4.1199131 -0.2654822 7.6554017 0.0171211 0.3796279 0.0644725 0.9227312
77.119180 4.1214952 -0.2654700 7.6569982 0.0149752 0.3769910 0.0648086 0.9238254
77.430010 4.1226735 -0.2654630 7.6581893 0.0178468 0.3750973 0.0639870 0.9246022
77.740860 4.1238379 -0.2654543 7.6593828 0.0144348 0.3728072 0.0649676 0.9255191
77.948260 4.1246367 -0.2654442 7.6602001 0.0153525 0.3714266 0.0648825 0.9260653
78.259190 4.1258168 -0.2654418 7.6614132 0.0165830 0.3689109 0.0655908 0.9269992
78.570050 4.1269670 -0.2654329 7.6626215 0.0148222 0.3675767 0.0647501 0.9276180
78.881010 4.1280298 -0.2654245 7.6637292 0.0144687 0.3676637 0.0649364 0.9275760
79.191840 4.1291466 -0.2654178 7.6648922 0.0149098 0.3671950 0.0643817 0.9277934
79.502830 4.1302533 -0.2654074 7.6660552 0.0151642 0.3666859 0.0649290 0.9279524
79.813790 4.1312156 -0.2653932 7.6670327 0.0154958 0.3667007 0.0655143 0.9279000
80.124630 4.1322641 -0.2653815 7.6681337 0.0135436 0.3686570 0.0651087 0.9271836
80.435600 4.1333456 -0.2653771 7.6692958 0.0131669 0.3708232 0.0651329 0.9263231
80.746700 4.1344142 -0.2654043 7.6704292 0.0124610 0.3734366 0.0641805 0.9253490
81.057690 4.1354728 -0.2653585 7.6713891 0.0119020 0.3751043 0.0664082 0.9245242
81.472390 4.1368389 -0.2653334 7.6727681 0.0114934 0.3768111 0.0663239 0.9238411
82.404920 4.1398315 -0.2655711 7.6757803 0.0125173 0.3742047 0.0669818 0.9248392
83.026880 4.1418271 -0.2655114 7.6777020 0.0100967 0.3669372 0.0694314 0.9275960
83.337860 4.1427526 -0.2654648 7.6785369 0.0115358 0.3615857 0.0689381 0.9297152
83.648840 4.1436534 -0.2654521 7.6794152 0.0153789 0.3550279 0.0708971 0.9320366
83.960030 4.1446152 -0.2654223 7.6804423 0.0126794 0.3483383 0.0711709 0.9345771
84.271000 4.1454940 -0.2653965 7.6813793 0.0135607 0.3431587 0.0727388 0.9363585
84.478430 4.1460738 -0.2653830 7.6820240 0.0127228 0.3404361 0.0710458 0.9374934
84.789410 4.1469374 -0.2653378 7.6828680 0.0130428 0.3366718 0.0693427 0.9389747
84.996840 4.1474972 -0.2653225 7.6835046 0.0130998 0.3347377 0.0699665 0.9396189
85.204070 4.1480632 -0.2653066 7.6840887 0.0135490 0.3326489 0.0699960 0.9403519
85.411440 4.1486173 -0.2653039 7.6847115 0.0140571 0.3305500 0.0702982 0.9410617
85.723090 4.1494360 -0.2652818 7.6856480 0.0137022 0.3264478 0.0719815 0.9423708
86.033690 4.1502657 -0.2652724 7.6865573 0.0132139 0.3217556 0.0723215 0.9439642
86.344470 4.1510906 -0.2652555 7.6874104 0.0159990 0.3154962 0.0740533 0.9458976
86.551860 4.1515918 -0.2652607 7.6880269 0.0148125 0.3115973 0.0738595 0.9472236
87.174110 4.1531401 -0.2652321 7.6897783 0.0135706 0.2991191 0.0735294 0.9512818
87.381660 4.1536355 -0.2652342 7.6903758 0.0143020 0.2953972 0.0743271 0.9523715
87.588960 4.1541357 -0.2652324 7.6909761 0.0149849 0.2918667 0.0763198 0.9532915
87.900120 4.1548529 -0.2652460 7.6918488 0.0145671 0.2873367 0.0805376 0.9543265
89.144560 4.1574807 -0.2653425 7.6952481 0.0102024 0.2740163 0.0818806 0.9581788
89.351910 4.1578803 -0.2653393 7.6957955 0.0110608 0.2717962 0.0857269 0.9584652
89.559150 4.1582613 -0.2653322 7.6963611 0.0128812 0.2698511 0.0892206 0.9586731
89.766510 4.1586313 -0.2653290 7.6969156 0.0143603 0.2680326 0.0932928 0.9587746
90.077600 4.1591520 -0.2653199 7.6976924 0.0159898 0.2662569 0.0980719 0.9587666
90.285080 4.1594977 -0.2653081 7.6982255 0.0174228 0.2653098 0.1012820 0.9586705
90.492430 4.1598344 -0.2652984 7.6987581 0.0185241 0.2650555 0.1039927 0.9584299
90.699910 4.1601467 -0.2652872 7.6992631 0.0184348 0.2675002 0.1058556 0.9575481
90.907270 4.1604476 -0.2652754 7.6997499 0.0184727 0.2717581 0.1076025 0.9561527
91.114650 4.1607246 -0.2652655 7.7002006 0.0186418 0.2793678 0.1079817 0.9539109
91.322130 4.1609907 -0.2652556 7.7005987 0.0184791 0.2903322 0.1104970 0.9503453
91.529590 4.1612554 -0.2652435 7.7009830 0.0181064 0.3026695 0.1148810 0.9459734
91.736950 4.1615138 -0.2652292 7.7013540 0.0173127 0.3161675 0.1191608 0.9410309
91.944420 4.1617670 -0.2652112 7.7017345 0.0170549 0.3312424 0.1216203 0.9355192
92.151900 4.1619949 -0.2651918 7.7021155 0.0160175 0.3483661 0.1231795 0.9290917
92.359390 4.1622849 -0.2649236 7.7021956 0.0180174 0.3637363 0.1284264 0.9224305
