0.000000 0.0000000 0.0000000 0.0000000 0.0000000 0.0000000 0.0000000 1.0000000
0.103391 -0.0003441 -0.0001927 0.0813837 0.0022761 0.0007306 -0.0004051 0.9999971
0.207106 -0.0002530 -0.0000337 0.1621200 0.0027165 0.0010851 0.0006171 0.9999955
0.310262 -0.0003554 -0.0000491 0.2432390 0.0007059 0.0012110 0.0014080 0.9999980
0.413621 -0.0000781 -0.0001704 0.3241123 -0.0023491 0.0008006 0.0026871 0.9999933
0.517929 -0.0000319 0.0000695 0.4039399 -0.0023489 0.0001603 0.0044331 0.9999874
0.620389 -0.0001598 0.0004488 0.4831380 -0.0008598 -0.0002172 0.0055846 0.9999840
0.724219 -0.0000842 0.0004703 0.5616187 0.0007867 -0.0007038 0.0059164 0.9999819
0.827211 -0.0004933 0.0005411 0.6408597 0.0010987 -0.0010958 0.0057486 0.9999823
0.930557 -0.0014515 0.0004572 0.7194536 0.0001819 -0.0014656 0.0055107 0.9999837
1.034070 -0.0017970 0.0005185 0.7979386 -0.0012547 -0.0019311 0.0054943 0.9999822
1.137438 -0.0022630 0.0005175 0.8759730 -0.0020922 -0.0023608 0.0056221 0.9999792
1.244258 -0.0026941 0.0010726 0.9534637 -0.0024291 -0.0027155 0.0061382 0.9999745
1.344229 -0.0029830 0.0013039 1.0311707 -0.0023809 -0.0032026 0.0062721 0.9999723
1.447568 -0.0038557 0.0015295 1.1080030 -0.0017288 -0.0035570 0.0064857 0.9999712
1.551083 -0.0047394 0.0017251 1.1847576 -0.0007873 -0.0042763 0.0066529 0.9999684
1.757843 -0.0069622 0.0023947 1.3376654 0.0002900 -0.0058688 0.0071575 0.9999571
1.964724 -0.0097389 0.0022130 1.4897243 0.0007112 -0.0075893 0.0058177 0.9999540
2.171620 -0.0128132 0.0020457 1.6410567 -0.0004463 -0.0091383 0.0059051 0.9999407
2.378626 -0.0166959 0.0021835 1.7894537 -0.0006429 -0.0103836 0.0061813 0.9999267
2.585514 -0.0207149 0.0021946 1.9366169 -0.0006129 -0.0117671 0.0061160 0.9999118
2.793694 -0.0250971 0.0026070 2.0817118 -0.0029424 -0.0126258 0.0062542 0.9998964
2.999556 -0.0294219 0.0030074 2.2227778 -0.0031585 -0.0133373 0.0059185 0.9998885
3.206573 -0.0344038 0.0034996 2.3591692 -0.0009522 -0.0140604 0.0051243 0.9998876
3.413963 -0.0394968 0.0037978 2.4936852 -0.0004777 -0.0150963 0.0044610 0.9998760
3.620721 -0.0438449 0.0033072 2.6258805 -0.0000746 -0.0172742 0.0045131 0.9998406
3.827725 -0.0489546 0.0040972 2.7546976 -0.0016535 -0.0193016 0.0048288 0.9998007
4.034871 -0.0551829 0.0042752 2.8798997 -0.0025234 -0.0211831 0.0037390 0.9997655
4.243437 -0.0618044 0.0048485 3.0005615 -0.0016227 -0.0230411 0.0017430 0.9997317
4.449183 -0.0683685 0.0054240 3.1195381 -0.0031293 -0.0243970 0.0008694 0.9996971
4.656235 -0.0748153 0.0052405 3.2339201 -0.0023887 -0.0239358 -0.0021176 0.9997084
4.863788 -0.0801573 0.0060497 3.3431911 0.0001705 -0.0220124 -0.0032894 0.9997523
5.174268 -0.0887645 0.0060584 3.5040560 -0.0032405 -0.0167271 -0.0083267 0.9998202
5.381142 -0.0923707 0.0067556 3.6048813 -0.0038406 -0.0119593 -0.0126667 0.9998409
5.691619 -0.0955598 0.0069496 3.7449305 -0.0055116 -0.0021987 -0.0186810 0.9998079
5.898736 -0.0959864 0.0075232 3.8301752 -0.0054039 0.0052313 -0.0225461 0.9997175
6.105870 -0.0955086 0.0074319 3.9068282 -0.0028506 0.0132333 -0.0258133 0.9995751
6.313021 -0.0924055 0.0077140 3.9763584 -0.0035603 0.0211372 -0.0256977 0.9994399
6.524037 -0.0893166 0.0079186 4.0388131 -0.0042436 0.0296392 -0.0281003 0.9991566
7.038067 -0.0771970 0.0077636 4.1587176 -0.0019141 0.0545803 -0.0307573 0.9980337
7.245330 -0.0707292 0.0074448 4.2017946 0.0006921 0.0691677 -0.0319816 0.9970921
7.663357 -0.0516601 0.0060677 4.2844367 0.0014262 0.1048401 -0.0323104 0.9939631
7.970621 -0.0327039 0.0055709 4.3450837 0.0030702 0.1376331 -0.0339873 0.9898952
8.177962 -0.0166312 0.0044225 4.3851695 0.0029022 0.1634846 -0.0360062 0.9858843
8.593446 0.0256155 0.0017317 4.4635730 0.0046188 0.2261416 -0.0351102 0.9734505
9.008027 0.0842531 -0.0012791 4.5381012 0.0106901 0.3042536 -0.0367446 0.9518221
9.214197 0.1219420 -0.0034498 4.5776701 0.0106435 0.3476939 -0.0413773 0.9366342
9.421456 0.1673322 -0.0067201 4.6162567 0.0110558 0.3947004 -0.0406520 0.9178435
9.630085 0.2231417 -0.0097123 4.6547556 0.0116151 0.4434665 -0.0399397 0.8953253
9.836009 0.2872732 -0.0138138 4.6891127 0.0132266 0.4937991 -0.0386536 0.8686158
10.043900 0.3597587 -0.0179405 4.7195473 0.0111610 0.5414377 -0.0381104 0.8398025
10.250360 0.4392070 -0.0214876 4.7438140 0.0101065 0.5853731 -0.0399528 0.8097160
10.457170 0.5256852 -0.0271174 4.7577238 0.0156010 0.6234346 -0.0305342 0.7811232
10.664530 0.6179699 -0.0317165 4.7677565 0.0198283 0.6551370 -0.0276729 0.7547427
10.870220 0.7172245 -0.0381038 4.7730770 0.0246276 0.6784821 -0.0227033 0.7338529
11.077200 0.8199702 -0.0433509 4.7742686 0.0273798 0.6949031 -0.0183037 0.7183489
11.284150 0.9281077 -0.0493710 4.7747722 0.0286104 0.7055234 -0.0180795 0.7078780
11.488980 1.0402541 -0.0561277 4.7716584 0.0316861 0.7127824 -0.0173466 0.7004544
11.695270 1.1575898 -0.0626983 4.7678618 0.0335839 0.7167199 -0.0163270 0.6963607
11.901710 1.2802582 -0.0693618 4.7644296 0.0286411 0.7189195 -0.0145438 0.6943508
12.108000 1.4068749 -0.0757494 4.7590909 0.0272033 0.7195329 -0.0101629 0.6938509
12.314500 1.5353876 -0.0824975 4.7543240 0.0321181 0.7192141 -0.0119889 0.6939422
12.521050 1.6679223 -0.0887151 4.7503910 0.0357589 0.7176111 -0.0147166 0.6953697
12.727430 1.8045725 -0.0969754 4.7470541 0.0316999 0.7160120 -0.0112062 0.6972778
12.934130 1.9404886 -0.1047984 4.7438626 0.0352831 0.7139235 -0.0104373 0.6992564
13.141650 2.0767040 -0.1127895 4.7424073 0.0359200 0.7118679 -0.0141181 0.7012520
13.348030 2.2142224 -0.1221009 4.7419782 0.0332427 0.7091245 -0.0115840 0.7042040
13.554880 2.3504918 -0.1307322 4.7420444 0.0369048 0.7069219 -0.0120115 0.7062259
13.761270 2.4888074 -0.1389744 4.7434139 0.0355686 0.7041900 -0.0137420 0.7089869
13.968170 2.6270661 -0.1484414 4.7445540 0.0377543 0.7016990 -0.0097153 0.7114062
14.175050 2.7648952 -0.1575458 4.7475066 0.0392500 0.6995658 -0.0087989 0.7134351
14.382120 2.9038043 -0.1663809 4.7501845 0.0398176 0.6968877 -0.0065455 0.7160442
14.588970 3.0428989 -0.1753064 4.7563410 0.0388140 0.6948858 -0.0089805 0.7180157
14.795970 3.1825190 -0.1833964 4.7616348 0.0388457 0.6928127 -0.0091365 0.7200125
15.002870 3.3228018 -0.1928579 4.7692003 0.0373543 0.6910025 -0.0106672 0.7218077
15.313360 3.5347524 -0.2069395 4.7806921 0.0394021 0.6872938 -0.0141002 0.7251730
15.520220 3.6789486 -0.2166686 4.7914844 0.0364916 0.6852088 -0.0179687 0.7272100
15.727200 3.8229318 -0.2276492 4.8014674 0.0376038 0.6825390 -0.0180789 0.7296572
15.934250 3.9692748 -0.2376817 4.8134379 0.0356078 0.6796213 -0.0194026 0.7324414
16.140910 4.1166902 -0.2488202 4.8267369 0.0360170 0.6760234 -0.0215349 0.7356843
16.348280 4.2640939 -0.2602760 4.8415914 0.0400193 0.6708153 -0.0272428 0.7400426
16.554450 4.4136524 -0.2736497 4.8600779 0.0377651 0.6653377 -0.0299926 0.7449832
16.761400 4.5645533 -0.2872212 4.8797474 0.0356853 0.6598237 -0.0284861 0.7500319
16.968080 4.7168427 -0.3000386 4.9026952 0.0291461 0.6543968 -0.0254963 0.7551591
17.175580 4.8666768 -0.3113901 4.9272599 0.0291737 0.6487945 -0.0250973 0.7599900
17.383340 5.0122437 -0.3224997 4.9523630 0.0329311 0.6443961 -0.0287337 0.7634420
17.693880 5.2265410 -0.3411141 4.9920330 0.0333666 0.6382367 -0.0281648 0.7686009
18.003090 5.4366961 -0.3579930 5.0352526 0.0251448 0.6341182 -0.0243862 0.7724423
18.313370 5.6372499 -0.3731173 5.0786772 0.0246569 0.6312173 -0.0288177 0.7746782
18.520470 5.7652774 -0.3825411 5.1077108 0.0280714 0.6295149 -0.0323655 0.7758063
18.830950 5.9527969 -0.3977805 5.1499057 0.0271740 0.6281436 -0.0323929 0.7769478
19.141510 6.1322007 -0.4124240 5.1893497 0.0258012 0.6285513 -0.0306672 0.7767349
19.351800 6.2472868 -0.4224656 5.2151246 0.0262610 0.6301543 -0.0324660 0.7753463
19.660070 6.4137735 -0.4359839 5.2482600 0.0288555 0.6324157 -0.0326069 0.7734045
19.866980 6.5209985 -0.4455209 5.2698703 0.0261840 0.6343395 -0.0302024 0.7720205
20.073350 6.6242514 -0.4543332 5.2894773 0.0290708 0.6358639 -0.0280711 0.7707425
20.383850 6.7755699 -0.4663610 5.3172665 0.0327676 0.6378217 -0.0291374 0.7689348
20.590890 6.8775492 -0.4746195 5.3360348 0.0347261 0.6381862 -0.0254338 0.7686778
20.902080 7.0307126 -0.4866651 5.3651485 0.0356403 0.6353577 -0.0230711 0.7710500
21.108200 7.1342993 -0.4950915 5.3872962 0.0356845 0.6305947 -0.0226148 0.7749616
21.417970 7.2939177 -0.5074358 5.4265418 0.0333133 0.6208081 -0.0234909 0.7829021
21.730330 7.4583468 -0.5198382 5.4723892 0.0322845 0.6090066 -0.0280842 0.7920101
21.936170 7.5718222 -0.5286788 5.5066023 0.0324143 0.6001331 -0.0310575 0.7986395
22.141920 7.6880832 -0.5381694 5.5446191 0.0316407 0.5916158 -0.0324057 0.8049469
22.348790 7.8080821 -0.5469027 5.5859871 0.0288938 0.5827395 -0.0322151 0.8115060
22.555690 7.9316902 -0.5566342 5.6312580 0.0266114 0.5737141 -0.0266965 0.8181878
22.762490 8.0590572 -0.5647352 5.6806269 0.0268568 0.5652611 -0.0233692 0.8241435
22.969530 8.1910324 -0.5723656 5.7326880 0.0278208 0.5586593 -0.0138236 0.8288152
23.176610 8.3250914 -0.5813803 5.7885208 0.0293301 0.5522465 -0.0101642 0.8331028
23.487620 8.5236816 -0.5932440 5.8760762 0.0378013 0.5430507 -0.0127423 0.8387519
23.694540 8.6529846 -0.6042895 5.9384665 0.0340293 0.5390867 -0.0182190 0.8413653
23.903510 8.7790928 -0.6151422 5.9994888 0.0358276 0.5352918 -0.0214961 0.8436332
24.108220 8.9030924 -0.6266479 6.0601687 0.0346570 0.5316909 -0.0231024 0.8459137
24.315110 9.0242319 -0.6367496 6.1199255 0.0326777 0.5281618 -0.0209840 0.8482553
24.522420 9.1406507 -0.6469175 6.1794620 0.0317068 0.5247831 -0.0222566 0.8503541
24.728750 9.2543344 -0.6562517 6.2375660 0.0328038 0.5224482 -0.0208105 0.8517856
24.935580 9.3639059 -0.6660795 6.2945819 0.0324598 0.5208437 -0.0202395 0.8527945
25.142500 9.4696693 -0.6752957 6.3501148 0.0335177 0.5187085 -0.0203625 0.8540512
25.349360 9.5725193 -0.6843621 6.4042878 0.0356750 0.5158808 -0.0188160 0.8557104
25.659630 9.7191277 -0.6972710 6.4827337 0.0371225 0.5111627 -0.0160585 0.8585317
25.970230 9.8608456 -0.7100124 6.5621171 0.0384579 0.5058823 -0.0153899 0.8616073
26.280040 9.9984303 -0.7227753 6.6423602 0.0420276 0.4985123 -0.0191156 0.8656523
26.486950 10.0874319 -0.7325048 6.6982822 0.0438944 0.4923110 -0.0257664 0.8689299
26.693580 10.1777067 -0.7417417 6.7555413 0.0429340 0.4859019 -0.0294642 0.8724608
26.900360 10.2703419 -0.7513310 6.8179526 0.0353304 0.4799750 -0.0318961 0.8759900
27.107250 10.3640347 -0.7606132 6.8820763 0.0292146 0.4735268 -0.0333262 0.8796637
27.417420 10.5095940 -0.7738838 6.9866185 0.0294178 0.4633170 -0.0394421 0.8848256
27.624170 10.6108932 -0.7829394 7.0612068 0.0286637 0.4561529 -0.0417067 0.8884613
27.831080 10.7142382 -0.7929286 7.1405897 0.0255861 0.4487039 -0.0434918 0.8922548
28.037820 10.8205318 -0.8031137 7.2250204 0.0244964 0.4404188 -0.0428590 0.8964342
28.348030 10.9846802 -0.8177373 7.3611836 0.0230373 0.4272478 -0.0456543 0.9026873
28.554810 11.0977612 -0.8278351 7.4573812 0.0226160 0.4221005 -0.0445288 0.9051723
28.761830 11.2144384 -0.8390014 7.5569806 0.0241028 0.4182657 -0.0400678 0.9071204
28.970690 11.3337116 -0.8487798 7.6586037 0.0253088 0.4141723 -0.0329854 0.9092485
29.176740 11.4537239 -0.8588103 7.7655916 0.0249459 0.4106022 -0.0295397 0.9109945
29.384830 11.5723782 -0.8689909 7.8745837 0.0249554 0.4066545 -0.0330882 0.9126415
29.589380 11.6926250 -0.8785359 7.9859667 0.0215831 0.4028281 -0.0348332 0.9143579
29.796330 11.8142328 -0.8875114 8.1014452 0.0151180 0.3986339 -0.0330311 0.9163904
30.003170 11.9358902 -0.8959465 8.2162085 0.0157407 0.3929734 -0.0288459 0.9189625
30.211630 12.0567141 -0.9044069 8.3330345 0.0255467 0.3866255 -0.0237653 0.9215765
30.416690 12.1768522 -0.9138657 8.4529524 0.0269131 0.3791749 -0.0212600 0.9246892
30.623580 12.2968149 -0.9239333 8.5776920 0.0277318 0.3719903 -0.0164462 0.9276765
30.830330 12.4142094 -0.9344764 8.7043571 0.0313877 0.3664902 -0.0167154 0.9297420
31.037350 12.5333195 -0.9453472 8.8327236 0.0299126 0.3625696 -0.0129222 0.9313869
31.244240 12.6519423 -0.9557543 8.9633904 0.0283477 0.3614727 -0.0089032 0.9319091
31.451260 12.7693968 -0.9648434 9.0942955 0.0272961 0.3614192 -0.0089588 0.9319608
31.661730 12.8866978 -0.9743358 9.2243118 0.0274896 0.3625458 -0.0120806 0.9314821
31.865880 13.0048828 -0.9841239 9.3559895 0.0265557 0.3651595 -0.0160090 0.9304284
32.074110 13.1236448 -0.9942018 9.4852695 0.0248462 0.3683122 -0.0172144 0.9292107
32.280170 13.2437773 -1.0032208 9.6121559 0.0230703 0.3718479 -0.0151295 0.9278836
32.486110 13.3614655 -1.0127676 9.7358074 0.0284733 0.3757720 -0.0205849 0.9260459
32.694680 13.4791946 -1.0231414 9.8588219 0.0288845 0.3805089 -0.0232744 0.9240330
32.902290 13.5994654 -1.0339385 9.9804630 0.0230952 0.3851251 -0.0237166 0.9222705
33.106800 13.7176266 -1.0435765 10.0976820 0.0232938 0.3895190 -0.0227542 0.9204426
33.314720 13.8388777 -1.0531504 10.2133741 0.0268185 0.3936611 -0.0203125 0.9186398
33.520520 13.9609604 -1.0635091 10.3280735 0.0286850 0.3984790 -0.0198069 0.9165148
33.727760 14.0841188 -1.0737327 10.4421816 0.0283228 0.4039868 -0.0205153 0.9140961
33.934650 14.2088022 -1.0842162 10.5554914 0.0299300 0.4110089 -0.0252843 0.9107890
34.142230 14.3358164 -1.0951437 10.6655378 0.0328376 0.4182462 -0.0283560 0.9072970
34.348070 14.4659576 -1.1074203 10.7756233 0.0227259 0.4263450 -0.0275848 0.9038543
34.555090 14.5994711 -1.1170045 10.8836098 0.0178101 0.4344913 -0.0278186 0.9000701
34.764710 14.7348213 -1.1254439 10.9892998 0.0224149 0.4429515 -0.0264645 0.8958745
34.969030 14.8722811 -1.1368693 11.0908222 0.0299252 0.4507165 -0.0277838 0.8917327
35.176790 15.0129375 -1.1487993 11.1909990 0.0276620 0.4587291 -0.0232269 0.8878417
35.382770 15.1538572 -1.1589800 11.2886925 0.0274933 0.4661397 -0.0239136 0.8839604
35.589680 15.2931471 -1.1708709 11.3810425 0.0278240 0.4722459 -0.0188126 0.8808267
35.796540 15.4305639 -1.1818221 11.4723482 0.0248694 0.4773225 -0.0183304 0.8781849
36.006010 15.5661211 -1.1916751 11.5603609 0.0276624 0.4817367 -0.0195910 0.8756602
36.210300 15.6985636 -1.2021158 11.6446047 0.0304135 0.4850065 -0.0228597 0.8736825
36.417070 15.8314161 -1.2122905 11.7271872 0.0258586 0.4877484 -0.0178070 0.8724195
36.623970 15.9605465 -1.2218807 11.8053827 0.0272694 0.4905025 -0.0130013 0.8709160
36.830740 16.0863132 -1.2311872 11.8814783 0.0315759 0.4925391 -0.0160830 0.8695686
37.040370 16.2092323 -1.2412094 11.9548893 0.0374489 0.4945593 -0.0182462 0.8681450
37.244700 16.3325081 -1.2516851 12.0279007 0.0261629 0.4975282 -0.0166313 0.8668936
37.347880 16.3929710 -1.2562072 12.0650663 0.0206430 0.4990858 -0.0177863 0.8661240
37.554790 16.5111389 -1.2636826 12.1332731 0.0236638 0.5011950 -0.0187794 0.8648068
37.658150 16.5701084 -1.2673374 12.1671162 0.0254006 0.5024487 -0.0188331 0.8640286
37.761670 16.6281471 -1.2710620 12.1998672 0.0246583 0.5036007 -0.0187271 0.8633815
37.968550 16.7419357 -1.2795770 12.2642765 0.0234406 0.5060840 -0.0184245 0.8619687
38.176120 16.8542976 -1.2877276 12.3257961 0.0254902 0.5091853 -0.0182029 0.8600867
38.382320 16.9638119 -1.2952905 12.3856287 0.0271165 0.5135943 -0.0195271 0.8573822
38.692720 17.1261520 -1.3073338 12.4698782 0.0320109 0.5217071 -0.0210786 0.8522633
38.899920 17.2363911 -1.3156047 12.5257788 0.0308119 0.5278960 -0.0243885 0.8483994
39.106870 17.3487873 -1.3246078 12.5804415 0.0298077 0.5338330 -0.0264088 0.8446516
39.313880 17.4628315 -1.3340682 12.6339283 0.0312304 0.5405117 -0.0300403 0.8402198
39.520900 17.5813580 -1.3438243 12.6872559 0.0322679 0.5471171 -0.0331591 0.8357764
39.727990 17.7038498 -1.3549912 12.7394943 0.0331643 0.5537435 -0.0353252 0.8312764
39.934800 17.8317184 -1.3660114 12.7901888 0.0351532 0.5601264 -0.0338404 0.8269689
40.141680 17.9624805 -1.3779683 12.8419237 0.0324879 0.5669736 -0.0323885 0.8224576
40.350540 18.1000099 -1.3888737 12.8923492 0.0309438 0.5724940 -0.0288415 0.8188170
40.556060 18.2418976 -1.3995690 12.9431629 0.0262746 0.5774990 -0.0249630 0.8155866
40.764080 18.3847637 -1.4100268 12.9910622 0.0327202 0.5815881 -0.0246498 0.8124512
41.072760 18.6078033 -1.4276457 13.0624056 0.0451706 0.5868949 -0.0239455 0.8080474
41.385110 18.8435593 -1.4497719 13.1350975 0.0441677 0.5928902 -0.0199267 0.8038242
41.592690 18.9979610 -1.4631841 13.1834354 0.0458561 0.5966833 -0.0266304 0.8007229
41.796670 19.1570930 -1.4785712 13.2311726 0.0401151 0.6014143 -0.0258509 0.7975107
42.106940 19.4006729 -1.5002828 13.2991066 0.0423002 0.6076432 -0.0274292 0.7926084
42.313830 19.5659580 -1.5157216 13.3426027 0.0437503 0.6110356 -0.0250012 0.7899976
42.520590 19.7340412 -1.5311925 13.3854485 0.0440399 0.6137308 -0.0236934 0.7879300
42.727360 19.9035625 -1.5463145 13.4285784 0.0417323 0.6159421 -0.0235384 0.7863331
43.037390 20.1566086 -1.5692112 13.4929886 0.0408245 0.6183896 -0.0269819 0.7843466
43.450910 20.4948559 -1.6009415 13.5732441 0.0391288 0.6209252 -0.0234238 0.7825420
43.762280 20.7421722 -1.6235974 13.6317539 0.0425449 0.6230580 -0.0273440 0.7805389
44.071640 20.9934254 -1.6480744 13.6892300 0.0379371 0.6266892 -0.0255764 0.7779250
44.278660 21.1600227 -1.6626447 13.7258883 0.0361761 0.6298652 -0.0246782 0.7754689
44.485720 21.3275681 -1.6769450 13.7606430 0.0370357 0.6331180 -0.0249369 0.7727665
44.692960 21.4943123 -1.6906966 13.7933016 0.0364931 0.6363875 -0.0245492 0.7701146
44.899580 21.6612892 -1.7051976 13.8256788 0.0353046 0.6395734 -0.0255279 0.7674945
45.107140 21.8283405 -1.7194849 13.8557053 0.0335573 0.6425827 -0.0268898 0.7650087
45.313460 21.9948082 -1.7331944 13.8861704 0.0321090 0.6452056 -0.0319159 0.7626665
45.520350 22.1595364 -1.7469447 13.9144554 0.0332575 0.6476938 -0.0358392 0.7603303
45.727180 22.3258381 -1.7621772 13.9411030 0.0305359 0.6502416 -0.0342332 0.7583413
45.933940 22.4902267 -1.7759508 13.9660120 0.0296692 0.6527579 -0.0323280 0.7562947
46.140840 22.6556091 -1.7898457 13.9904213 0.0300982 0.6556827 -0.0329038 0.7537186
46.244200 22.7365360 -1.7965355 14.0021992 0.0310719 0.6575314 -0.0341142 0.7520128
46.451100 22.9030533 -1.8095270 14.0227737 0.0308142 0.6612690 -0.0277606 0.7490014
46.657980 23.0649223 -1.8242238 14.0416679 0.0368912 0.6645846 -0.0309142 0.7456612
46.864950 23.2251301 -1.8394299 14.0593586 0.0429147 0.6684295 -0.0364548 0.7416410
47.071770 23.3864536 -1.8556174 14.0757885 0.0356824 0.6724178 -0.0350345 0.7384807
47.278520 23.5491676 -1.8714128 14.0904083 0.0321525 0.6765729 -0.0350816 0.7348365
47.485460 23.7086544 -1.8850052 14.1038914 0.0266793 0.6819865 -0.0359227 0.7299947
47.692300 23.8658276 -1.8987161 14.1132879 0.0265715 0.6871432 -0.0347574 0.7252035
47.899190 24.0223408 -1.9111719 14.1197062 0.0301745 0.6916483 -0.0356061 0.7207248
48.105950 24.1792393 -1.9245754 14.1258793 0.0283072 0.6962354 -0.0346185 0.7164193
48.312780 24.3347015 -1.9380622 14.1291828 0.0300139 0.7003041 -0.0336119 0.7124210
48.519480 24.4900551 -1.9513930 14.1312761 0.0324240 0.7030956 -0.0346743 0.7095090
48.726120 24.6463718 -1.9646949 14.1315775 0.0336593 0.7048143 -0.0310215 0.7079135
48.932760 24.8012352 -1.9783888 14.1314449 0.0342583 0.7061275 -0.0283704 0.7066863
49.139410 24.9547310 -1.9916503 14.1311913 0.0366676 0.7065884 -0.0282456 0.7061095
49.346620 25.1054840 -2.0051959 14.1310129 0.0396169 0.7061193 -0.0269640 0.7064694
49.553030 25.2541504 -2.0189242 14.1311150 0.0409633 0.7049286 -0.0257523 0.7076259
49.759580 25.3986015 -2.0319333 14.1326265 0.0405575 0.7032871 -0.0240882 0.7093393
49.966330 25.5414276 -2.0445623 14.1347570 0.0382169 0.7009263 -0.0221147 0.7118657
50.172720 25.6801796 -2.0566611 14.1393557 0.0351303 0.6983325 -0.0239344 0.7145101
50.379340 25.8140984 -2.0678744 14.1438770 0.0348112 0.6954013 -0.0249867 0.7173430
50.483680 25.8805904 -2.0734024 14.1461210 0.0340054 0.6940280 -0.0242155 0.7187366
50.691000 26.0091343 -2.0837164 14.1525269 0.0304630 0.6915643 -0.0243079 0.7212628
50.896200 26.1328583 -2.0932279 14.1585541 0.0318163 0.6885850 -0.0246793 0.7240368
51.103000 26.2499371 -2.1027794 14.1661167 0.0331360 0.6861530 -0.0268995 0.7262042
51.309660 26.3627701 -2.1120317 14.1741867 0.0316461 0.6837453 -0.0290618 0.7284548
51.516920 26.4711895 -2.1215794 14.1826544 0.0306506 0.6812826 -0.0297067 0.7307750
51.723400 26.5742645 -2.1299334 14.1915274 0.0307556 0.6789843 -0.0327093 0.7327785
51.930130 26.6749420 -2.1391032 14.2008047 0.0296491 0.6767715 -0.0333341 0.7348402
52.136910 26.7719021 -2.1474729 14.2098980 0.0293680 0.6745995 -0.0337396 0.7368275
52.343730 26.8650055 -2.1557136 14.2196236 0.0295465 0.6724783 -0.0350859 0.7386941
52.550540 26.9542332 -2.1637061 14.2292213 0.0304787 0.6707305 -0.0362066 0.7401897
52.757460 27.0413399 -2.1712558 14.2388954 0.0310428 0.6695585 -0.0375806 0.7411582
52.964300 27.1273136 -2.1790881 14.2483568 0.0317451 0.6691333 -0.0383577 0.7414725
53.171240 27.2144985 -2.1870692 14.2576246 0.0310153 0.6696413 -0.0387875 0.7410223
53.378120 27.3044300 -2.1951423 14.2669649 0.0311949 0.6709219 -0.0382753 0.7398822
53.585110 27.3960476 -2.2043493 14.2748966 0.0368608 0.6722333 -0.0377753 0.7384555
53.792070 27.4906673 -2.2126617 14.2836990 0.0402044 0.6738806 -0.0401470 0.7366524
53.999020 27.5906067 -2.2221546 14.2919292 0.0407993 0.6754160 -0.0378154 0.7353358
54.309430 27.7482567 -2.2378755 14.3038044 0.0420357 0.6777983 -0.0348353 0.7332183
54.619690 27.9138355 -2.2534146 14.3151779 0.0440174 0.6794243 -0.0320464 0.7317227
54.930030 28.0886230 -2.2709818 14.3284082 0.0437063 0.6814820 -0.0344933 0.7297138
55.240380 28.2722397 -2.2884216 14.3413763 0.0440608 0.6830612 -0.0370397 0.7280893
55.550620 28.4622593 -2.3085382 14.3537865 0.0455693 0.6850858 -0.0393722 0.7259688
55.860740 28.6569195 -2.3305497 14.3645334 0.0499428 0.6863186 -0.0398572 0.7244887
56.170950 28.8603401 -2.3524926 14.3729715 0.0513748 0.6876023 -0.0332295 0.7235051
56.481050 29.0699329 -2.3754966 14.3833866 0.0527176 0.6879506 -0.0332559 0.7230760
56.791050 29.2846584 -2.3989248 14.3948565 0.0520105 0.6868318 -0.0313559 0.7242747
57.100960 29.5052967 -2.4218080 14.4083176 0.0513282 0.6851860 -0.0289012 0.7259823
57.410890 29.7325878 -2.4450884 14.4221411 0.0523005 0.6824348 -0.0274083 0.7285576
57.720780 29.9632149 -2.4693010 14.4385452 0.0534642 0.6792782 -0.0252426 0.7314954
58.030610 30.1969318 -2.4936371 14.4579678 0.0532938 0.6759769 -0.0275996 0.7344748
58.443830 30.5086823 -2.5281401 14.4872885 0.0508482 0.6730585 -0.0281916 0.7373005
58.753660 30.7470417 -2.5515468 14.5102100 0.0516262 0.6719853 -0.0274975 0.7382509
59.063680 30.9833088 -2.5765858 14.5334873 0.0483672 0.6715549 -0.0271765 0.7388749
59.373860 31.2182274 -2.6015596 14.5565958 0.0483546 0.6711765 -0.0288989 0.7391541
59.683780 31.4505577 -2.6269295 14.5809107 0.0478558 0.6710279 -0.0300182 0.7392769
59.993680 31.6800251 -2.6517270 14.6037741 0.0483715 0.6707165 -0.0304793 0.7395070
60.303580 31.9122047 -2.6753473 14.6271582 0.0493179 0.6694768 -0.0262442 0.7407292
60.510030 32.0657005 -2.6916933 14.6430302 0.0555798 0.6674560 -0.0252952 0.7421412
60.819920 32.2953033 -2.7167950 14.6690779 0.0591590 0.6637396 -0.0236762 0.7452446
61.129940 32.5247688 -2.7429972 14.6973333 0.0590057 0.6597957 -0.0231273 0.7487677
61.439830 32.7538490 -2.7686760 14.7287064 0.0548690 0.6543344 -0.0224786 0.7538770
61.749770 32.9828606 -2.7936311 14.7657242 0.0535529 0.6471950 -0.0242360 0.7600549
61.956290 33.1334419 -2.8095298 14.7934570 0.0530650 0.6404522 -0.0264313 0.7657065
62.162940 33.2840157 -2.8262627 14.8239479 0.0524348 0.6331221 -0.0274067 0.7717874
62.472790 33.5099335 -2.8508239 14.8745213 0.0509050 0.6227151 -0.0286522 0.7802652
62.679430 33.6593895 -2.8680172 14.9114647 0.0498563 0.6176276 -0.0296011 0.7843305
62.886160 33.8094635 -2.8848042 14.9498100 0.0494130 0.6136793 -0.0303420 0.7874233
63.092920 33.9617615 -2.9012184 14.9898014 0.0491420 0.6100258 -0.0308147 0.7902557
63.299560 34.1131134 -2.9186549 15.0309048 0.0491902 0.6063598 -0.0306148 0.7930769
63.506200 34.2644577 -2.9356968 15.0737286 0.0476133 0.6027037 -0.0300529 0.7959762
63.712840 34.4153061 -2.9520521 15.1179886 0.0461237 0.5990093 -0.0285439 0.7989029
63.919450 34.5638809 -2.9682269 15.1641169 0.0451658 0.5954501 -0.0283393 0.8016210
64.125870 34.7099991 -2.9849215 15.2099400 0.0462330 0.5914783 -0.0315351 0.8043765
64.435680 34.9288177 -3.0085874 15.2818041 0.0411129 0.5874124 -0.0316868 0.8076214
64.642350 35.0705223 -3.0242152 15.3303337 0.0408786 0.5862581 -0.0360845 0.8082873
64.849050 35.2110863 -3.0395169 15.3781691 0.0416265 0.5855986 -0.0384466 0.8086181
65.055650 35.3520699 -3.0549469 15.4269543 0.0361206 0.5855618 -0.0377717 0.8089413
65.262120 35.4908409 -3.0694063 15.4737663 0.0347808 0.5857905 -0.0371895 0.8088614
65.468780 35.6296501 -3.0829272 15.5199242 0.0355452 0.5861483 -0.0378152 0.8085399
65.675410 35.7677650 -3.0964875 15.5650883 0.0363765 0.5864822 -0.0336648 0.8084442
65.881970 35.9034500 -3.1103878 15.6102791 0.0399765 0.5866711 -0.0354528 0.8080607
66.191750 36.1116829 -3.1324391 15.6795397 0.0400452 0.5871404 -0.0351338 0.8077303
66.503710 36.3235893 -3.1546514 15.7499161 0.0422409 0.5870980 -0.0359539 0.8076131
66.712060 36.4685364 -3.1697679 15.7983217 0.0424182 0.5870861 -0.0355555 0.8076301
67.018180 36.6954346 -3.1938455 15.8717394 0.0445506 0.5864163 -0.0319209 0.8081536
67.327990 36.9226265 -3.2186351 15.9455719 0.0483717 0.5850074 -0.0269100 0.8091368
67.638020 37.1521072 -3.2429214 16.0225391 0.0440909 0.5843489 -0.0238739 0.8099521
67.947740 37.3762894 -3.2653348 16.0983963 0.0447425 0.5835627 -0.0233810 0.8104973
68.257700 37.5980225 -3.2876194 16.1739788 0.0457575 0.5826218 -0.0211236 0.8111793
68.567750 37.8140640 -3.3097172 16.2474403 0.0444937 0.5827056 -0.0214205 0.8111816
68.877620 38.0206718 -3.3305998 16.3174706 0.0425770 0.5838136 -0.0189177 0.8105498
69.290960 38.2865906 -3.3569312 16.4055481 0.0473240 0.5857846 -0.0221967 0.8087794
69.600870 38.4834518 -3.3773108 16.4697132 0.0474361 0.5872964 -0.0230996 0.8076504
69.910950 38.6752396 -3.3969662 16.5316200 0.0463051 0.5884437 -0.0201760 0.8069590
70.221570 38.8640785 -3.4156616 16.5921841 0.0485004 0.5886298 -0.0205433 0.8066849
70.530930 39.0531082 -3.4347711 16.6529503 0.0503258 0.5885550 -0.0215292 0.8066020
70.841960 39.2431259 -3.4541306 16.7141438 0.0497381 0.5881105 -0.0202813 0.8069950
71.151220 39.4315033 -3.4738071 16.7759876 0.0480230 0.5862623 -0.0183957 0.8084874
71.462150 39.6101532 -3.4922223 16.8359547 0.0479789 0.5837403 -0.0202870 0.8102677
71.771950 39.7824020 -3.5105507 16.8959885 0.0455618 0.5820560 -0.0207091 0.8116071
72.184720 39.9987335 -3.5324607 16.9709282 0.0454383 0.5801280 -0.0205057 0.8129984
72.601510 40.1987991 -3.5533266 17.0423470 0.0455945 0.5783209 -0.0206141 0.8142734
73.011570 40.3861427 -3.5725071 17.1097488 0.0439901 0.5769871 -0.0211016 0.8152947
73.425090 40.5583687 -3.5898261 17.1720085 0.0451909 0.5757958 -0.0221120 0.8160441
73.735300 40.6776581 -3.6015801 17.2151928 0.0477395 0.5746845 -0.0239711 0.8166297
73.942010 40.7523651 -3.6096969 17.2423954 0.0474770 0.5748009 -0.0231493 0.8165868
74.150730 40.8228455 -3.6175838 17.2684746 0.0458494 0.5758919 -0.0232286 0.8159086
74.355660 40.8892708 -3.6246796 17.2920780 0.0454799 0.5769588 -0.0226870 0.8151904
74.562490 40.9520416 -3.6311028 17.3142681 0.0448934 0.5778759 -0.0224536 0.8145795
74.769280 41.0108833 -3.6372919 17.3344631 0.0448054 0.5786099 -0.0214895 0.8140892
74.976100 41.0663452 -3.6429713 17.3542290 0.0438327 0.5795271 -0.0221872 0.8134708
75.182880 41.1177139 -3.6480246 17.3727207 0.0435983 0.5805482 -0.0225003 0.8127464
75.699680 41.2378807 -3.6600966 17.4138470 0.0443840 0.5813242 -0.0226897 0.8121437
76.009520 41.3070259 -3.6664262 17.4385948 0.0432427 0.5796419 -0.0237569 0.8133762
76.319510 41.3752556 -3.6728709 17.4635849 0.0436786 0.5742326 -0.0236306 0.8171846
76.628920 41.4440651 -3.6804538 17.4925747 0.0436348 0.5623295 -0.0255724 0.8253651
76.938900 41.5162735 -3.6876173 17.5268230 0.0436098 0.5434012 -0.0274257 0.8378909
77.248120 41.5878372 -3.6957974 17.5646782 0.0448617 0.5170486 -0.0308275 0.8542235
77.868560 41.7173386 -3.7110281 17.6490803 0.0436465 0.4902084 -0.0418311 0.8695061
78.490350 41.8392830 -3.7267938 17.7083645 0.0473804 0.5375913 -0.0366590 0.8410748
78.800950 41.9045410 -3.7348027 17.7312946 0.0477253 0.5648226 -0.0343618 0.8231142
79.114220 41.9715652 -3.7434940 17.7497387 0.0495362 0.5843239 -0.0309585 0.8094155
79.422000 42.0378532 -3.7511780 17.7694283 0.0478450 0.5958545 -0.0280607 0.8011747
79.733660 42.0975571 -3.7577071 17.7883263 0.0488584 0.5932231 -0.0271652 0.8030948
80.044830 42.1488953 -3.7637057 17.8080177 0.0471929 0.5781321 -0.0286940 0.8140717
80.350710 42.1911697 -3.7689631 17.8287926 0.0436132 0.5594397 -0.0320681 0.8271014
80.971640 42.2509346 -3.7764277 17.8634834 0.0468419 0.5178301 -0.0335188 0.8535422
81.278100 42.2738037 -3.7790618 17.8797646 0.0450494 0.4996947 -0.0339065 0.8643646
81.900220 42.3061256 -3.7834401 17.9087830 0.0410772 0.4713069 -0.0412286 0.8800470
82.208520 42.3170586 -3.7848341 17.9177742 0.0402921 0.4617409 -0.0413223 0.8851352
82.518840 42.3268356 -3.7864676 17.9267311 0.0379597 0.4545236 -0.0396865 0.8890401
