0.000000 0.0007430 -0.0001274 -0.0051690 -0.0002672 -0.0008450 0.0000252 0.9999996
0.104499 0.0003178 -0.0015168 0.0796908 0.0001682 -0.0001871 -0.0002864 0.9999999
0.207793 0.0013967 -0.0033639 0.1649772 -0.0002305 -0.0001408 -0.0003771 0.9999999
0.311634 0.0016763 -0.0048123 0.2502051 -0.0005778 -0.0000608 -0.0000610 0.9999998
0.415494 0.0016957 -0.0060155 0.3353772 -0.0004631 0.0001434 0.0002391 0.9999998
0.519644 0.0005560 -0.0075058 0.4204415 -0.0005586 0.0010031 0.0001406 0.9999993
0.623401 -0.0003251 -0.0089320 0.5058922 -0.0001669 0.0016686 -0.0000603 0.9999986
0.727346 -0.0018043 -0.0103029 0.5881439 -0.0000880 0.0020949 0.0000259 0.9999978
0.831180 -0.0021652 -0.0112539 0.6710168 -0.0007245 0.0021578 0.0004337 0.9999973
0.935030 -0.0033532 -0.0126051 0.7527050 -0.0011939 0.0015025 0.0008992 0.9999977
1.038877 -0.0057015 -0.0133631 0.8335225 -0.0008670 0.0009337 0.0012967 0.9999983
1.246636 -0.0091013 -0.0149840 0.9948365 -0.0004141 -0.0001875 0.0009481 0.9999995
1.350553 -0.0108109 -0.0162353 1.0753758 -0.0002982 -0.0003764 0.0002881 0.9999998
1.558293 -0.0122476 -0.0187105 1.2381932 -0.0003440 -0.0005435 0.0007751 0.9999995
1.766057 -0.0140556 -0.0210012 1.3990443 0.0002978 -0.0008415 0.0007180 0.9999993
1.973923 -0.0173369 -0.0228984 1.5560913 0.0008978 -0.0004897 0.0001895 0.9999995
2.181756 -0.0197384 -0.0257956 1.7113677 0.0014288 -0.0009869 0.0006439 0.9999983
2.389627 -0.0232221 -0.0282793 1.8642395 0.0004358 -0.0011812 0.0010364 0.9999987
2.597363 -0.0247125 -0.0298470 2.0118163 0.0011469 -0.0018487 0.0015249 0.9999965
2.806098 -0.0271879 -0.0324272 2.1608374 0.0018051 -0.0022776 0.0012607 0.9999950
2.909338 -0.0278865 -0.0340569 2.2337532 0.0014965 -0.0023002 0.0012951 0.9999954
3.117132 -0.0300310 -0.0370450 2.3796046 0.0014039 -0.0024339 0.0017703 0.9999945
3.221000 -0.0303523 -0.0381438 2.4506712 0.0016229 -0.0026554 0.0018199 0.9999935
3.428991 -0.0306082 -0.0402877 2.5898774 0.0009372 -0.0030347 0.0023046 0.9999923
3.636879 -0.0320562 -0.0430114 2.7270715 0.0007085 -0.0031505 0.0016652 0.9999934
3.844868 -0.0333167 -0.0451222 2.8640840 -0.0000115 -0.0030526 -0.0003445 0.9999953
4.052745 -0.0345484 -0.0469425 3.0006461 -0.0028856 -0.0012665 -0.0007046 0.9999948
4.260741 -0.0357441 -0.0478249 3.1361861 -0.0049994 0.0006152 -0.0007069 0.9999871
4.468620 -0.0374430 -0.0480955 3.2674413 -0.0030258 0.0026115 -0.0007288 0.9999917
4.676494 -0.0362229 -0.0494995 3.3967066 -0.0025686 0.0023877 -0.0005731 0.9999937
4.884244 -0.0358324 -0.0508419 3.5245867 -0.0021611 0.0011169 -0.0001626 0.9999970
4.988118 -0.0358046 -0.0515603 3.5887895 -0.0026884 0.0002860 -0.0000096 0.9999964
5.195994 -0.0361028 -0.0527930 3.7150218 -0.0026608 -0.0010153 -0.0004425 0.9999958
5.299899 -0.0366754 -0.0536383 3.7769990 -0.0026800 -0.0012108 -0.0005679 0.9999955
5.507756 -0.0374900 -0.0553623 3.9006784 -0.0019602 -0.0015397 0.0002200 0.9999968
5.611618 -0.0377452 -0.0565928 3.9610031 -0.0027294 -0.0020449 0.0008977 0.9999938
5.819513 -0.0379850 -0.0586695 4.0805230 -0.0028289 -0.0028593 0.0008191 0.9999916
6.131261 -0.0396891 -0.0618852 4.2606850 -0.0028657 -0.0035381 -0.0017635 0.9999881
6.339121 -0.0410031 -0.0628454 4.3789120 -0.0033342 -0.0030887 -0.0030583 0.9999850
6.651123 -0.0430246 -0.0652048 4.5519786 -0.0003566 0.0006100 -0.0014203 0.9999987
6.755121 -0.0441598 -0.0659718 4.6085758 0.0000860 0.0021824 -0.0023376 0.9999949
6.963119 -0.0431723 -0.0674105 4.7103925 -0.0023835 0.0052425 -0.0018300 0.9999818
7.171120 -0.0418304 -0.0696328 4.8143120 -0.0003023 0.0087754 -0.0010650 0.9999609
7.379122 -0.0399782 -0.0712728 4.9137516 0.0020234 0.0124313 -0.0001688 0.9999207
7.587125 -0.0373697 -0.0732473 5.0123329 0.0009726 0.0161865 -0.0005662 0.9998683
7.795143 -0.0340294 -0.0753589 5.1097732 0.0031635 0.0199169 -0.0001388 0.9997966
8.003122 -0.0294563 -0.0775226 5.2063799 0.0028653 0.0228504 0.0005659 0.9997346
8.211127 -0.0247725 -0.0793677 5.3010764 0.0013162 0.0255420 0.0010344 0.9996724
8.523125 -0.0172429 -0.0825929 5.4412880 0.0036689 0.0289853 0.0032380 0.9995679
8.731123 -0.0119858 -0.0844851 5.5355263 0.0055989 0.0308957 0.0028376 0.9995029
9.043123 -0.0036616 -0.0881210 5.6782618 0.0036014 0.0298723 0.0030490 0.9995426
9.251125 0.0014961 -0.0902430 5.7748914 0.0029721 0.0276367 0.0025391 0.9996104
9.562998 0.0075017 -0.0933676 5.9191599 0.0030585 0.0223045 0.0014573 0.9997455
9.770876 0.0111066 -0.0955978 6.0162716 0.0019538 0.0181877 0.0010231 0.9998322
9.978770 0.0141111 -0.0975295 6.1134529 0.0016923 0.0133746 0.0007224 0.9999089
10.186620 0.0159729 -0.0996351 6.2109461 0.0018606 0.0083575 0.0002198 0.9999633
10.394630 0.0165637 -0.1017800 6.3088937 0.0020768 0.0042108 -0.0013959 0.9999880
10.602630 0.0166489 -0.1038833 6.4076633 0.0022146 0.0025413 -0.0028629 0.9999902
10.810750 0.0167137 -0.1058387 6.5073137 0.0016880 0.0014404 -0.0045132 0.9999874
11.018750 0.0155850 -0.1075833 6.6067615 0.0005188 0.0008605 -0.0064059 0.9999790
11.226750 0.0154562 -0.1093569 6.7051167 -0.0010152 0.0001251 -0.0063154 0.9999796
11.434620 0.0151010 -0.1109002 6.8038297 -0.0007497 -0.0005303 -0.0049058 0.9999875
11.642630 0.0149957 -0.1119555 6.9032440 -0.0024491 -0.0012484 -0.0019820 0.9999943
11.746630 0.0148186 -0.1126743 6.9532666 -0.0030469 -0.0014730 -0.0009315 0.9999939
11.850630 0.0146957 -0.1132496 7.0029812 -0.0021043 -0.0013810 0.0010654 0.9999962
11.954620 0.0145493 -0.1139169 7.0527844 -0.0016676 -0.0013947 0.0024920 0.9999945
12.058500 0.0142806 -0.1147361 7.1029038 -0.0016222 -0.0013743 0.0032544 0.9999924
12.162500 0.0138931 -0.1152431 7.1528673 -0.0016976 -0.0011677 0.0035364 0.9999917
12.370380 0.0130505 -0.1166109 7.2524905 -0.0035953 -0.0004757 0.0018167 0.9999918
12.578370 0.0121980 -0.1179435 7.3515239 -0.0019302 0.0001517 0.0015023 0.9999970
12.786250 0.0116975 -0.1194261 7.4498520 0.0014417 0.0006434 0.0022500 0.9999962
12.890250 0.0116291 -0.1204460 7.4988699 0.0032293 0.0008662 0.0023348 0.9999917
13.098130 0.0116575 -0.1227268 7.5973344 0.0036137 0.0008072 0.0026026 0.9999897
13.202130 0.0114114 -0.1240356 7.6465425 0.0032808 0.0007876 0.0022482 0.9999918
13.306000 0.0113839 -0.1251281 7.6953449 0.0028161 0.0006426 0.0021757 0.9999934
13.514010 0.0109761 -0.1273880 7.7929940 0.0027922 0.0002431 0.0020356 0.9999940
13.721880 0.0106634 -0.1298578 7.8921771 0.0019254 -0.0005160 0.0020345 0.9999959
13.929750 0.0100785 -0.1321365 7.9903193 0.0021529 -0.0010793 0.0012741 0.9999963
14.137750 0.0090416 -0.1346934 8.0882750 0.0026028 -0.0017318 0.0005293 0.9999950
14.241630 0.0086020 -0.1356963 8.1371136 0.0030716 -0.0021067 0.0008505 0.9999927
14.449650 0.0076495 -0.1381316 8.2348461 0.0034273 -0.0027817 0.0005283 0.9999901
14.657500 0.0067218 -0.1403819 8.3332529 0.0025638 -0.0035367 0.0002132 0.9999905
14.865380 0.0054954 -0.1427013 8.4306917 0.0021829 -0.0043849 -0.0002481 0.9999880
15.177250 0.0027397 -0.1458206 8.5778093 0.0028179 -0.0048707 -0.0007510 0.9999839
15.385130 0.0009475 -0.1483590 8.6759920 0.0041479 -0.0049434 0.0002848 0.9999791
15.593130 -0.0000126 -0.1509767 8.7743015 0.0021171 -0.0055031 0.0018584 0.9999809
15.801010 -0.0017866 -0.1531436 8.8723135 0.0001652 -0.0054610 0.0018076 0.9999834
16.009010 -0.0037555 -0.1551808 8.9690409 0.0026677 -0.0054528 0.0006585 0.9999813
16.320880 -0.0061276 -0.1590228 9.1145334 0.0006461 -0.0053076 0.0008134 0.9999854
16.528880 -0.0072855 -0.1609657 9.2108850 0.0006272 -0.0043909 0.0010628 0.9999896
16.840760 -0.0093847 -0.1642396 9.3549166 0.0021997 -0.0023554 0.0020691 0.9999927
17.048760 -0.0104986 -0.1667269 9.4501734 0.0007782 -0.0009138 0.0023582 0.9999965
17.256760 -0.0110899 -0.1685868 9.5443401 0.0006129 0.0002504 0.0018483 0.9999981
17.568750 -0.0118071 -0.1713874 9.6847649 0.0006685 0.0019163 0.0017566 0.9999964
17.880630 -0.0114567 -0.1742740 9.8223305 0.0001802 0.0026222 0.0021340 0.9999943
18.088630 -0.0115078 -0.1764304 9.9098597 -0.0003824 0.0022486 0.0023911 0.9999945
18.296630 -0.0119917 -0.1781695 9.9952602 0.0004718 0.0019564 0.0022290 0.9999955
18.504630 -0.0122336 -0.1805253 10.0787191 0.0004150 0.0009575 0.0023536 0.9999967
18.608520 -0.0125466 -0.1814315 10.1197834 -0.0000186 0.0001763 0.0026789 0.9999964
18.816510 -0.0131381 -0.1830468 10.2015562 -0.0016422 -0.0017874 0.0031510 0.9999921
19.024630 -0.0143110 -0.1844979 10.2808828 -0.0014259 -0.0041780 0.0028254 0.9999862
19.232630 -0.0155922 -0.1860854 10.3572216 -0.0016727 -0.0072189 0.0025764 0.9999692
19.440510 -0.0176417 -0.1875700 10.4295692 -0.0013539 -0.0100195 0.0022708 0.9999463
19.648650 -0.0198374 -0.1891809 10.4974337 -0.0008676 -0.0132348 0.0019681 0.9999101
19.856630 -0.0221991 -0.1906968 10.5626307 -0.0005676 -0.0160523 0.0010511 0.9998704
20.064890 -0.0247247 -0.1922661 10.6248398 -0.0013312 -0.0162137 0.0008480 0.9998673
20.273010 -0.0267022 -0.1932448 10.6844673 -0.0013782 -0.0160104 0.0008645 0.9998705
20.481150 -0.0295819 -0.1948887 10.7427483 0.0004432 -0.0148143 0.0003612 0.9998901
20.689270 -0.0314616 -0.1963601 10.8007488 0.0012534 -0.0134801 0.0000782 0.9999083
21.001510 -0.0340526 -0.1986730 10.8861351 0.0011947 -0.0105703 0.0003480 0.9999434
21.313760 -0.0357795 -0.2005564 10.9707527 0.0007335 -0.0063404 0.0011921 0.9999789
21.521880 -0.0365738 -0.2016293 11.0266685 0.0006235 -0.0032440 0.0015768 0.9999933
21.730010 -0.0370208 -0.2028150 11.0822344 0.0008121 -0.0000523 0.0019968 0.9999977
21.938260 -0.0371667 -0.2039596 11.1378384 0.0014708 0.0029500 0.0015502 0.9999934
22.146400 -0.0366880 -0.2049320 11.1954489 0.0008272 0.0055363 0.0012916 0.9999835
22.354510 -0.0359077 -0.2060763 11.2532635 0.0016451 0.0076680 0.0015406 0.9999681
22.458660 -0.0353963 -0.2067103 11.2824001 0.0028132 0.0082788 0.0015603 0.9999605
22.562760 -0.0349941 -0.2072005 11.3114843 0.0036760 0.0087454 0.0019837 0.9999530
22.666760 -0.0348231 -0.2078084 11.3406515 0.0038656 0.0090504 0.0019255 0.9999497
22.770760 -0.0345269 -0.2084430 11.3701172 0.0042231 0.0092400 0.0023771 0.9999456
22.874760 -0.0341155 -0.2092170 11.4006586 0.0042665 0.0091809 0.0015488 0.9999475
22.978890 -0.0337376 -0.2098133 11.4308071 0.0044946 0.0094983 0.0013608 0.9999439
23.082900 -0.0333383 -0.2104705 11.4617014 0.0054280 0.0095627 0.0020858 0.9999374
23.186890 -0.0328036 -0.2113030 11.4921284 0.0064881 0.0098131 0.0039179 0.9999231
23.290890 -0.0321176 -0.2121001 11.5239086 0.0067915 0.0100376 0.0055299 0.9999112
23.395010 -0.0316030 -0.2123471 11.5558233 0.0051282 0.0102595 0.0043336 0.9999248
23.603010 -0.0307364 -0.2137177 11.6207609 0.0003673 0.0109331 0.0028729 0.9999360
23.811130 -0.0292225 -0.2148668 11.6861763 0.0044796 0.0140851 0.0030016 0.9998863
24.019270 -0.0277425 -0.2161003 11.7530785 0.0061487 0.0177051 0.0010537 0.9998238
24.227390 -0.0254582 -0.2176943 11.8215103 0.0034210 0.0208964 0.0033253 0.9997703
24.435530 -0.0224009 -0.2192924 11.8912849 0.0024277 0.0237394 0.0045588 0.9997048
24.643640 -0.0195140 -0.2208702 11.9610786 0.0045334 0.0263855 0.0028532 0.9996375
24.851760 -0.0158610 -0.2225496 12.0315046 0.0035366 0.0290624 0.0024429 0.9995683
25.059780 -0.0122514 -0.2238237 12.1020746 0.0029776 0.0323728 0.0010190 0.9994709
25.267760 -0.0072703 -0.2252891 12.1725473 0.0034943 0.0349289 0.0017235 0.9993822
25.475770 -0.0022239 -0.2268809 12.2434034 0.0032066 0.0362479 0.0038474 0.9993303
25.683760 0.0024318 -0.2285116 12.3142252 0.0031841 0.0368449 0.0041442 0.9993073
25.891640 0.0074326 -0.2298564 12.3852987 0.0028533 0.0364505 0.0036891 0.9993246
26.099520 0.0122836 -0.2317607 12.4566641 0.0035511 0.0348989 0.0039426 0.9993768
26.307390 0.0165165 -0.2332779 12.5274363 0.0041198 0.0334593 0.0025960 0.9994282
26.515270 0.0205221 -0.2352875 12.5978746 0.0038132 0.0315228 0.0016528 0.9994944
26.723140 0.0242627 -0.2368676 12.6689301 0.0020710 0.0280541 0.0023780 0.9996014
26.931140 0.0274100 -0.2384089 12.7384520 0.0006688 0.0232576 0.0030974 0.9997245
27.139140 0.0294681 -0.2398868 12.8060455 -0.0000237 0.0185991 0.0036893 0.9998202
27.347260 0.0307830 -0.2411456 12.8718290 0.0001469 0.0143604 0.0040776 0.9998885
27.555390 0.0317406 -0.2423698 12.9349995 0.0004000 0.0103828 0.0039002 0.9999384
27.763390 0.0319273 -0.2437045 12.9935246 0.0007769 0.0065514 0.0045225 0.9999680
27.971390 0.0311593 -0.2451435 13.0484781 0.0023076 0.0011291 0.0031991 0.9999916
28.179260 0.0299300 -0.2464668 13.1008596 0.0039147 -0.0083008 0.0025695 0.9999546
28.387040 0.0269315 -0.2479798 13.1509542 0.0036993 -0.0233140 0.0018546 0.9997196
28.698520 0.0185263 -0.2499556 13.2213535 0.0036119 -0.0572585 -0.0009795 0.9983523
28.906040 0.0101714 -0.2511101 13.2643585 0.0030208 -0.0867412 -0.0022463 0.9962237
29.113510 -0.0008721 -0.2519350 13.3058815 0.0014910 -0.1223207 -0.0021007 0.9924873
29.321000 -0.0147934 -0.2527980 13.3443623 -0.0007659 -0.1618258 -0.0030873 0.9868142
29.528390 -0.0312791 -0.2533075 13.3798018 -0.0025408 -0.2042001 -0.0028890 0.9789216
29.943280 -0.0743880 -0.2537067 13.4443073 -0.0050661 -0.2986907 -0.0012041 0.9543357
30.150890 -0.1010499 -0.2540923 13.4718475 -0.0054940 -0.3493781 -0.0012049 0.9369649
30.358390 -0.1301270 -0.2541398 13.4966869 -0.0097673 -0.4033398 0.0020422 0.9149958
30.565790 -0.1610274 -0.2543561 13.5160828 -0.0125284 -0.4599378 0.0014647 0.8878615
30.773400 -0.1951423 -0.2543059 13.5307026 -0.0124921 -0.5148366 -0.0038040 0.8571889
30.980890 -0.2305775 -0.2534534 13.5416718 -0.0134751 -0.5678357 -0.0049911 0.8230165
31.188640 -0.2678647 -0.2529983 13.5477352 -0.0168054 -0.6173046 -0.0062042 0.7865202
31.396270 -0.3068277 -0.2523056 13.5489616 -0.0191961 -0.6662683 -0.0083817 0.7454178
31.603900 -0.3491500 -0.2513931 13.5450888 -0.0235728 -0.7138199 -0.0122638 0.6998250
31.707810 -0.3712395 -0.2504573 13.5411377 -0.0258240 -0.7368919 -0.0144389 0.6753628
31.811650 -0.3935879 -0.2498657 13.5351439 -0.0281141 -0.7590872 -0.0167012 0.6501670
31.915520 -0.4168301 -0.2487012 13.5278072 -0.0304337 -0.7804788 -0.0181218 0.6241781
32.019400 -0.4403226 -0.2473752 13.5188589 -0.0322779 -0.8008282 -0.0190204 0.5977212
32.123290 -0.4639950 -0.2462763 13.5076981 -0.0336704 -0.8198655 -0.0193675 0.5712371
32.227300 -0.4878578 -0.2450822 13.4947376 -0.0344368 -0.8376679 -0.0190990 0.5447585
32.435430 -0.5371451 -0.2413020 13.4632187 0.0347692 0.8692779 0.0187003 -0.4927447
32.643770 -0.5874553 -0.2378744 13.4229879 0.0349769 0.8940516 0.0196067 -0.4461659
32.852150 -0.6382542 -0.2338992 13.3742790 0.0408218 0.9144486 0.0201323 -0.4021344
33.060520 -0.6908417 -0.2296746 13.3157692 0.0448700 0.9331141 0.0210666 -0.3561473
33.164770 -0.7154927 -0.2270886 13.2829094 0.0432663 0.9412240 0.0200379 -0.3344008
33.373140 -0.7633119 -0.2220128 13.2095280 0.0406734 0.9552031 0.0159653 -0.2927080
33.477420 -0.7870793 -0.2197586 13.1687603 0.0398328 0.9612244 0.0144264 -0.2724939
33.685770 -0.8316240 -0.2161371 13.0800743 0.0376065 0.9718161 0.0146701 -0.2322584
33.894150 -0.8722806 -0.2122518 12.9815187 0.0392256 0.9806201 0.0142126 -0.1914251
34.102520 -0.9061275 -0.2089450 12.8741589 0.0418200 0.9873660 0.0154485 -0.1520550
34.310770 -0.9357874 -0.2051258 12.7563267 0.0431796 0.9924198 0.0160921 -0.1139272
34.519020 -0.9571217 -0.2008662 12.6318922 0.0418139 0.9958682 0.0129943 -0.0795566
34.727400 -0.9715095 -0.1973331 12.4991636 0.0408809 0.9979170 0.0131037 -0.0481528
34.831660 -0.9760029 -0.1956673 12.4289303 0.0410444 0.9985165 0.0124886 -0.0335284
35.040020 -0.9796684 -0.1925285 12.2841253 0.0394105 0.9991088 0.0130864 -0.0075589
35.144150 -0.9789364 -0.1914006 12.2097054 0.0390090 0.9991355 0.0137521 0.0041744
35.248400 -0.9764139 -0.1902288 12.1335115 0.0378960 0.9990885 0.0133794 0.0143916
35.352650 -0.9717676 -0.1894914 12.0562391 0.0356497 0.9990377 0.0123129 0.0223879
35.456920 -0.9666639 -0.1882351 11.9782667 0.0330859 0.9989751 0.0118227 0.0285351
35.561270 -0.9606596 -0.1871450 11.8986168 0.0307342 0.9989209 0.0127191 0.0324155
35.665520 -0.9542947 -0.1861433 11.8179512 0.0292711 0.9988995 0.0132734 0.0341578
35.769770 -0.9485149 -0.1844515 11.7364111 0.0281544 0.9989294 0.0124947 0.0345156
35.978280 -0.9363196 -0.1822460 11.5688677 0.0271950 0.9990325 0.0123859 0.0322668
36.186650 -0.9246882 -0.1796486 11.3967648 0.0261241 0.9991532 0.0130771 0.0289724
36.395030 -0.9143225 -0.1777455 11.2198009 0.0253281 0.9992885 0.0151407 0.0234888
36.603150 -0.9061836 -0.1746506 11.0418978 0.0246330 0.9994044 0.0156833 0.0183864
36.707280 -0.9023991 -0.1735753 10.9544430 0.0239915 0.9994694 0.0154278 0.0157269
36.915280 -0.8962988 -0.1707311 10.7759151 0.0229068 0.9995798 0.0146092 0.0101040
37.123280 -0.8927767 -0.1682684 10.6013641 0.0231047 0.9995666 0.0174489 0.0053229
37.331150 -0.8915377 -0.1654218 10.4250879 0.0238601 0.9995674 0.0171385 0.0013602
37.539030 -0.8908857 -0.1628419 10.2475777 0.0240085 0.9995969 0.0151041 -0.0012150
37.746770 -0.8907334 -0.1603134 10.0682907 0.0232824 0.9996086 0.0150952 -0.0035509
37.954400 -0.8909230 -0.1564794 9.8890915 0.0236017 0.9995800 0.0160546 -0.0050108
38.265780 -0.8931999 -0.1525510 9.6177759 0.0252176 0.9995531 0.0154456 -0.0043691
38.473280 -0.8935020 -0.1489547 9.4359179 0.0267761 0.9995224 0.0150237 -0.0035161
38.680780 -0.8928337 -0.1454986 9.2518702 0.0265438 0.9995030 0.0167999 -0.0026341
38.888400 -0.8909029 -0.1416364 9.0691338 0.0248763 0.9995466 0.0168298 -0.0021089
39.095900 -0.8908682 -0.1380568 8.8842592 0.0242583 0.9995809 0.0157111 -0.0016879
39.407270 -0.8905259 -0.1336662 8.6060801 0.0246386 0.9995753 0.0155041 -0.0013872
39.614780 -0.8887948 -0.1302579 8.4191208 0.0241294 0.9995741 0.0163501 -0.0014300
39.822150 -0.8879244 -0.1282032 8.2317381 0.0247696 0.9995658 0.0158981 -0.0013378
40.029660 -0.8859025 -0.1238029 8.0447721 0.0254714 0.9995344 0.0167340 -0.0014649
40.237040 -0.8861096 -0.1205298 7.8567567 0.0259208 0.9995532 0.0148268 -0.0012709
40.548280 -0.8847634 -0.1157245 7.5723176 0.0257171 0.9995697 0.0140519 -0.0013188
40.755780 -0.8838726 -0.1130849 7.3819265 0.0244935 0.9995748 0.0157611 -0.0013301
40.963300 -0.8831343 -0.1097059 7.1918840 0.0250012 0.9995685 0.0153507 -0.0014675
41.067040 -0.8835706 -0.1079517 7.0972309 0.0250808 0.9995697 0.0151449 -0.0014454
41.274530 -0.8835406 -0.1056866 6.9069295 0.0250068 0.9995316 0.0175144 -0.0020962
41.378300 -0.8834426 -0.1038003 6.8111386 0.0244538 0.9995440 0.0175237 -0.0025795
41.482150 -0.8834440 -0.1022932 6.7160258 0.0240526 0.9995514 0.0175852 -0.0030481
41.585910 -0.8832309 -0.1005980 6.6217175 0.0234664 0.9995606 0.0177414 -0.0036278
41.689670 -0.8833036 -0.0991289 6.5288363 0.0237196 0.9995569 0.0175068 -0.0041129
41.793530 -0.8842533 -0.0977632 6.4358349 0.0240208 0.9995583 0.0169054 -0.0045247
41.897280 -0.8845800 -0.0960011 6.3424411 0.0242314 0.9995535 0.0168028 -0.0048213
42.001030 -0.8853009 -0.0944476 6.2491040 0.0240142 0.9995587 0.0167306 -0.0050678
42.208530 -0.8870337 -0.0912654 6.0635109 0.0237161 0.9995587 0.0170005 -0.0055591
42.416050 -0.8888896 -0.0881792 5.8781066 0.0237479 0.9995331 0.0180730 -0.0065554
42.623660 -0.8909503 -0.0856675 5.6934805 0.0231713 0.9995506 0.0169587 -0.0086089
42.831160 -0.8935996 -0.0831636 5.5099125 0.0240250 0.9994771 0.0188360 -0.0106516
43.038660 -0.8981180 -0.0796123 5.3304257 0.0245905 0.9994501 0.0183982 -0.0125034
43.246160 -0.9019897 -0.0764917 5.1521792 0.0243773 0.9994003 0.0197332 -0.0146770
43.453690 -0.9077710 -0.0728947 4.9809008 0.0252324 0.9993508 0.0197729 -0.0164374
43.764790 -0.9153271 -0.0680214 4.7338080 0.0253189 0.9992920 0.0211163 -0.0181286
43.972290 -0.9203002 -0.0653026 4.5775461 0.0246194 0.9993328 0.0199519 -0.0181558
44.179660 -0.9253144 -0.0623194 4.4275312 0.0251800 0.9993281 0.0198333 -0.0177769
44.387040 -0.9295366 -0.0598475 4.2845554 0.0250291 0.9993109 0.0212472 -0.0173138
44.594530 -0.9336299 -0.0574058 4.1483212 0.0242388 0.9993392 0.0212060 -0.0168543
44.802160 -0.9372492 -0.0551989 4.0195494 0.0248245 0.9993559 0.0201191 -0.0163327
45.009780 -0.9404909 -0.0532322 3.8961577 0.0245861 0.9993565 0.0207051 -0.0159185
45.321160 -0.9455363 -0.0503329 3.7225294 0.0248126 0.9993488 0.0213638 -0.0151628
45.528910 -0.9478645 -0.0482262 3.6124549 0.0243958 0.9993989 0.0198201 -0.0146208
45.944410 -0.9530554 -0.0442047 3.4055057 0.0263220 0.9993930 0.0179454 -0.0140981
46.152410 -0.9557124 -0.0436407 3.3081050 0.0274672 0.9993770 0.0171001 -0.0140959
46.568280 -0.9602180 -0.0405740 3.1187370 0.0285235 0.9993359 0.0169493 -0.0150630
47.088280 -0.9671229 -0.0375878 2.8917375 0.0294682 0.9993647 0.0119553 -0.0160887
47.296290 -0.9693768 -0.0369050 2.8020668 0.0294900 0.9993551 0.0119668 -0.0166315
47.504410 -0.9731331 -0.0363825 2.7125587 0.0288030 0.9993597 0.0130028 -0.0167785
47.712410 -0.9739689 -0.0361297 2.6260407 0.0252167 0.9994951 0.0094567 -0.0168564
47.920410 -0.9767058 -0.0350229 2.5362535 0.0242299 0.9995532 0.0050327 -0.0167630
48.128430 -0.9781023 -0.0355219 2.4444082 0.0204676 0.9996305 0.0079915 -0.0160060
48.336410 -0.9804145 -0.0348109 2.3492377 0.0196829 0.9996594 0.0096612 -0.0141543
48.544410 -0.9819124 -0.0341928 2.2527394 0.0190397 0.9997243 0.0083409 -0.0109222
48.752410 -0.9836728 -0.0328535 2.1505833 0.0177400 0.9997629 0.0102033 -0.0074360
48.960410 -0.9842464 -0.0314601 2.0442562 0.0186853 0.9997212 0.0138484 -0.0040657
49.168540 -0.9845967 -0.0296079 1.9338605 0.0201451 0.9997060 0.0134880 -0.0002667
49.480540 -0.9822704 -0.0266482 1.7612455 0.0224254 0.9996619 0.0119050 0.0056188
49.688540 -0.9796811 -0.0244002 1.6395041 0.0237184 0.9995744 0.0138495 0.0098282
49.896540 -0.9766335 -0.0227364 1.5138786 0.0259908 0.9994811 0.0126476 0.0142174
50.104550 -0.9716001 -0.0209581 1.3830798 0.0267814 0.9994237 0.0102595 0.0181574
50.312540 -0.9651813 -0.0196845 1.2475585 0.0269823 0.9993768 0.0100186 0.0204336
50.520540 -0.9585449 -0.0184472 1.1098251 0.0262006 0.9994132 0.0070330 0.0209129
50.728660 -0.9539363 -0.0169674 0.9648495 0.0278869 0.9993626 0.0074796 0.0209955
50.936790 -0.9471862 -0.0152499 0.8163612 0.0282562 0.9993218 0.0113457 0.0207083
51.144790 -0.9416229 -0.0130339 0.6644351 0.0269184 0.9993810 0.0093834 0.0206144
51.352790 -0.9339020 -0.0122004 0.5083266 0.0263562 0.9994109 0.0091909 0.0199659
51.560790 -0.9278246 -0.0099614 0.3479229 0.0265482 0.9994106 0.0102629 0.0191917
51.768790 -0.9209244 -0.0078420 0.1844294 0.0258071 0.9994635 0.0102357 0.0173777
51.976790 -0.9148516 -0.0062621 0.0151591 0.0244543 0.9995437 0.0096225 0.0148908
52.080790 -0.9127244 -0.0048929 -0.0706150 0.0248339 0.9995910 0.0047466 0.0133641
52.288680 -0.9088450 -0.0030827 -0.2487407 0.0249844 0.9996025 0.0066925 0.0112178
52.496670 -0.9050256 -0.0013560 -0.4274901 0.0238791 0.9996283 0.0098144 0.0087625
52.704540 -0.9012833 0.0004858 -0.6096814 0.0231086 0.9996778 0.0082658 0.0064734
52.912410 -0.8999046 0.0021948 -0.7953036 0.0248581 0.9996414 0.0087180 0.0048111
53.016420 -0.8992478 0.0028713 -0.8886703 0.0246231 0.9996431 0.0096046 0.0038946
53.120310 -0.8981789 0.0039918 -0.9832138 0.0243222 0.9996458 0.0104196 0.0028487
53.224160 -0.8975070 0.0051831 -1.0779890 0.0233943 0.9996547 0.0117998 0.0019871
53.328040 -0.8968621 0.0052750 -1.1699704 0.0232556 0.9996350 0.0137170 0.0009492
53.535790 -0.8959351 0.0068527 -1.3572221 0.0232504 0.9996405 0.0133467 -0.0005162
53.743420 -0.8951550 0.0080894 -1.5460850 0.0234675 0.9996379 0.0131050 -0.0012681
53.847310 -0.8951590 0.0088577 -1.6373549 0.0232335 0.9996359 0.0136197 -0.0016430
53.951170 -0.8947467 0.0094729 -1.7290205 0.0226948 0.9996539 0.0131366 -0.0021104
54.054920 -0.8943960 0.0101625 -1.8192044 0.0225182 0.9996713 0.0119739 -0.0025924
54.158790 -0.8945118 0.0110451 -1.9120344 0.0230207 0.9996516 0.0126148 -0.0027679
54.366290 -0.8953976 0.0137378 -2.0967507 0.0235879 0.9995920 0.0159021 -0.0025547
54.470160 -0.8948707 0.0150463 -2.1884322 0.0235481 0.9996015 0.0153759 -0.0024324
54.677690 -0.8944762 0.0174583 -2.3700359 0.0229932 0.9996622 0.0120297 -0.0014256
54.885290 -0.8951395 0.0183655 -2.5539315 0.0222039 0.9996760 0.0124372 -0.0004219
55.092920 -0.8943866 0.0206448 -2.7363434 0.0228045 0.9996210 0.0154223 0.0001789
55.300540 -0.8933867 0.0229558 -2.9185636 0.0218669 0.9996759 0.0130284 0.0003622
55.508190 -0.8929945 0.0245532 -3.0961530 0.0223537 0.9996814 0.0117192 -0.0000393
55.715790 -0.8926275 0.0262845 -3.2749293 0.0232594 0.9996361 0.0136597 -0.0002493
55.923300 -0.8922401 0.0279679 -3.4518888 0.0209885 0.9997001 0.0125887 -0.0007715
56.027170 -0.8917279 0.0293155 -3.5435348 0.0206943 0.9997145 0.0119110 -0.0009287
56.234670 -0.8921781 0.0291430 -3.7192731 0.0223164 0.9996806 0.0118191 -0.0010227
56.442290 -0.8920361 0.0303339 -3.8971055 0.0235180 0.9996431 0.0126318 -0.0010260
56.546040 -0.8921846 0.0313613 -3.9850533 0.0236264 0.9996495 0.0119036 -0.0009840
56.649810 -0.8920940 0.0317458 -4.0727758 0.0227375 0.9996694 0.0119509 -0.0010796
56.857290 -0.8920670 0.0323327 -4.2466216 0.0210466 0.9997055 0.0120100 -0.0013171
56.961060 -0.8916040 0.0324964 -4.3329525 0.0211045 0.9996944 0.0127999 -0.0013803
57.168540 -0.8910266 0.0340840 -4.5053258 0.0222613 0.9996638 0.0131801 -0.0017030
57.376170 -0.8914619 0.0349908 -4.6760292 0.0218032 0.9996869 0.0121520 -0.0017614
57.583670 -0.8907098 0.0352657 -4.8460598 0.0187799 0.9997780 0.0093417 -0.0020285
57.791170 -0.8901247 0.0361459 -5.0165052 0.0169423 0.9997895 0.0114393 -0.0017583
57.998680 -0.8904086 0.0371053 -5.1860867 0.0195076 0.9997137 0.0137657 -0.0015730
58.206190 -0.8907127 0.0388896 -5.3555808 0.0230129 0.9996393 0.0137789 -0.0013580
58.310040 -0.8907996 0.0398321 -5.4403510 0.0234002 0.9996464 0.0125625 -0.0013305
58.413800 -0.8904139 0.0408513 -5.5258846 0.0229104 0.9996719 0.0113722 -0.0014031
58.621420 -0.8904563 0.0421543 -5.6951661 0.0208928 0.9997181 0.0111763 -0.0015348
58.829070 -0.8896292 0.0424572 -5.8676152 0.0208572 0.9997286 0.0102125 -0.0018438
59.036550 -0.8903795 0.0429240 -6.0410786 0.0204517 0.9997355 0.0104017 -0.0015677
59.244170 -0.8896173 0.0441361 -6.2151895 0.0186432 0.9997717 0.0102544 -0.0019429
59.451800 -0.8882816 0.0454038 -6.3868556 0.0168877 0.9997895 0.0113987 -0.0024021
59.659420 -0.8886567 0.0463821 -6.5631804 0.0162096 0.9998206 0.0095324 -0.0022745
59.866920 -0.8881510 0.0467328 -6.7387333 0.0155740 0.9998373 0.0088712 -0.0020442
59.970800 -0.8870736 0.0475859 -6.8254027 0.0148788 0.9998635 0.0068604 -0.0021418
60.178320 -0.8870025 0.0469562 -6.9994278 0.0151765 0.9998541 0.0075939 -0.0019334
60.282170 -0.8867554 0.0467856 -7.0882821 0.0166341 0.9998286 0.0079410 -0.0017469
60.489670 -0.8868148 0.0465192 -7.2649851 0.0173996 0.9998180 0.0077304 -0.0012018
60.697180 -0.8863475 0.0468013 -7.4422965 0.0163516 0.9998375 0.0075229 -0.0009884
60.904800 -0.8853740 0.0473659 -7.6177759 0.0175381 0.9998016 0.0094315 -0.0004692
61.112300 -0.8848783 0.0478294 -7.7939706 0.0197026 0.9997643 0.0091106 0.0003798
61.319920 -0.8843777 0.0477644 -7.9697976 0.0211224 0.9997291 0.0097421 0.0008367
61.527550 -0.8840791 0.0488461 -8.1437960 0.0233857 0.9996706 0.0105012 0.0012422
61.735050 -0.8826430 0.0489942 -8.3150053 0.0257539 0.9996264 0.0090344 0.0014663
62.046420 -0.8808383 0.0479959 -8.5714035 0.0270270 0.9996030 0.0077978 0.0016343
62.253920 -0.8800282 0.0472206 -8.7430573 0.0263607 0.9996200 0.0079070 0.0016085
62.565300 -0.8780009 0.0467158 -8.9995747 0.0263760 0.9996250 0.0072351 0.0013188
62.876680 -0.8774678 0.0467771 -9.2572298 0.0263334 0.9996266 0.0072926 0.0002600
63.084300 -0.8774481 0.0463208 -9.4289112 0.0264410 0.9996282 0.0066296 -0.0004947
63.395800 -0.8760780 0.0448647 -9.6871147 0.0254771 0.9996446 0.0076087 -0.0019496
63.603430 -0.8767973 0.0443854 -9.8565989 0.0249016 0.9996572 0.0077519 -0.0022858
63.914800 -0.8775846 0.0425772 -10.1126652 0.0258223 0.9996473 0.0059262 -0.0018420
64.122420 -0.8769058 0.0409932 -10.2823114 0.0269796 0.9996064 0.0075719 -0.0013078
64.330050 -0.8762057 0.0394306 -10.4526949 0.0276560 0.9995814 0.0084945 -0.0002795
64.641430 -0.8752653 0.0390458 -10.7059526 0.0264582 0.9996307 0.0061950 0.0002780
64.849050 -0.8756561 0.0384857 -10.8761148 0.0267261 0.9995977 0.0094750 0.0005962
65.056690 -0.8751634 0.0381158 -11.0446444 0.0269496 0.9995990 0.0086799 0.0003642
65.264300 -0.8746784 0.0376659 -11.2116537 0.0261591 0.9996312 0.0072726 -0.0004539
65.368050 -0.8746040 0.0375413 -11.2956142 0.0256508 0.9996408 0.0077385 -0.0007414
65.471930 -0.8741921 0.0370659 -11.3789043 0.0256065 0.9996353 0.0084917 -0.0012275
65.575680 -0.8742993 0.0369281 -11.4614449 0.0258507 0.9996339 0.0078498 -0.0014766
65.679420 -0.8740820 0.0365786 -11.5445299 0.0258209 0.9996371 0.0074427 -0.0018891
65.783180 -0.8742893 0.0367077 -11.6278315 0.0257801 0.9996323 0.0081117 -0.0022137
65.886930 -0.8746732 0.0362822 -11.7101278 0.0257911 0.9996275 0.0085715 -0.0025136
65.990800 -0.8747671 0.0362307 -11.7925386 0.0254540 0.9996350 0.0085213 -0.0030696
66.198300 -0.8761157 0.0358735 -11.9569921 0.0256382 0.9996287 0.0085107 -0.0035798
66.405950 -0.8780541 0.0357625 -12.1208715 0.0256295 0.9996287 0.0084103 -0.0038637
66.613430 -0.8789628 0.0347258 -12.2830267 0.0256236 0.9996315 0.0077541 -0.0044867
66.821050 -0.8795603 0.0343760 -12.4444189 0.0259653 0.9996219 0.0074797 -0.0050892
67.028680 -0.8808390 0.0342471 -12.6053352 0.0262810 0.9996091 0.0081612 -0.0049398
67.236300 -0.8823295 0.0334180 -12.7642708 0.0262823 0.9996098 0.0081243 -0.0048468
67.443820 -0.8842029 0.0335495 -12.9236917 0.0268438 0.9995931 0.0086991 -0.0041776
67.651550 -0.8845340 0.0342924 -13.0826654 0.0268061 0.9995944 0.0086527 -0.0041801
67.859060 -0.8861078 0.0334164 -13.2380934 0.0264964 0.9996035 0.0086590 -0.0039779
68.066810 -0.8857434 0.0332235 -13.3915367 0.0259278 0.9996138 0.0086001 -0.0050939
68.274430 -0.8875791 0.0322048 -13.5409880 0.0248044 0.9996273 0.0095721 -0.0062002
68.585930 -0.8908080 0.0319103 -13.7642603 0.0248270 0.9996303 0.0081451 -0.0075247
68.793560 -0.8926813 0.0315159 -13.9083452 0.0254284 0.9995990 0.0100675 -0.0073384
69.001180 -0.8949652 0.0310807 -14.0479965 0.0275412 0.9995427 0.0102519 -0.0071275
69.208930 -0.8967396 0.0306711 -14.1818609 0.0268156 0.9995376 0.0122478 -0.0074430
69.416810 -0.8987218 0.0315436 -14.3105268 0.0256915 0.9995669 0.0112372 -0.0089327
69.728440 -0.9031591 0.0326065 -14.4929495 0.0270689 0.9995133 0.0116589 -0.0102216
70.143930 -0.9054844 0.0325089 -14.7052221 0.0326549 0.9994127 0.0103789 0.0003672
70.662180 -0.8889160 0.0315597 -14.9228506 0.0339401 0.9972677 0.0139832 0.0641075
71.387680 -0.8114510 0.0272999 -15.1451330 0.0360239 0.9717616 0.0073349 0.2330834
71.802430 -0.7342339 0.0208664 -15.2371836 0.0339554 0.9332175 0.0068828 0.3576377
71.906200 -0.7115664 0.0199791 -15.2558737 0.0333805 0.9199180 0.0071659 0.3906217
72.009810 -0.6876655 0.0189559 -15.2742701 0.0321484 0.9050456 0.0074977 0.4240315
72.113680 -0.6615496 0.0175014 -15.2912731 0.0293458 0.8892457 0.0072238 0.4564303
72.425180 -0.5746579 0.0133721 -15.3277702 0.0254877 0.8361091 0.0052444 0.5479456
72.529060 -0.5447516 0.0117192 -15.3361025 0.0257808 0.8163792 0.0047862 0.5769206
72.632930 -0.5123894 0.0101976 -15.3414612 0.0260994 0.7959697 0.0032649 0.6047648
72.840820 -0.4469039 0.0063934 -15.3467407 0.0231809 0.7518766 0.0013841 0.6588948
72.944810 -0.4123196 0.0050892 -15.3461885 0.0205729 0.7281018 0.0034806 0.6851514
73.048810 -0.3762866 0.0036961 -15.3432379 0.0174783 0.7033020 0.0069915 0.7106419
73.152830 -0.3395684 0.0024234 -15.3377810 0.0130671 0.6774786 0.0104107 0.7353527
73.360680 -0.2655475 -0.0003156 -15.3166809 0.0038148 0.6230290 0.0145417 0.7820543
73.568560 -0.1918330 -0.0006438 -15.2848244 0.0014497 0.5642461 0.0163509 0.8254434
73.776440 -0.1180038 0.0000452 -15.2399883 -0.0019496 0.5027238 0.0202743 0.8642071
73.984440 -0.0460672 -0.0004677 -15.1805840 -0.0053622 0.4394099 0.0217438 0.8980075
74.088440 -0.0119476 -0.0001176 -15.1456118 -0.0052137 0.4081496 0.0210040 0.9126585
74.296560 0.0539646 0.0014239 -15.0664940 -0.0014237 0.3469327 0.0217281 0.9376372
74.504810 0.1144338 0.0022155 -14.9708309 -0.0019188 0.2863146 0.0223362 0.9578733
74.608810 0.1409116 0.0016318 -14.9192324 -0.0033115 0.2546932 0.0222593 0.9667600
74.816930 0.1870236 0.0012101 -14.8044186 -0.0047981 0.1914796 0.0228567 0.9812187
74.921080 0.2060537 0.0017362 -14.7398949 -0.0053006 0.1625218 0.0222635 0.9864395
75.025200 0.2217987 0.0016313 -14.6736279 -0.0051343 0.1362001 0.0194032 0.9904780
75.129560 0.2353761 0.0025299 -14.6029110 -0.0043089 0.1127685 0.0166518 0.9934724
75.338190 0.2572873 0.0027941 -14.4518290 -0.0048003 0.0740501 0.0144371 0.9971384
75.442560 0.2662348 0.0029050 -14.3715715 -0.0054725 0.0569966 0.0143939 0.9982556
75.651310 0.2755625 0.0034946 -14.2017889 -0.0058590 0.0285697 0.0125389 0.9994960
75.860220 0.2774598 0.0039278 -14.0207310 -0.0048446 0.0098669 0.0075569 0.9999110
76.069190 0.2773682 0.0048729 -13.8271885 -0.0041910 0.0031242 0.0034713 0.9999803
76.278060 0.2763954 0.0052696 -13.6177464 -0.0051041 0.0021061 0.0041156 0.9999763
76.486810 0.2758777 0.0060391 -13.3998461 -0.0053660 0.0003076 0.0049949 0.9999731
76.695310 0.2740602 0.0067747 -13.1724958 -0.0057175 -0.0019254 0.0050086 0.9999692
76.903560 0.2710789 0.0073278 -12.9356346 -0.0073677 -0.0037850 0.0057311 0.9999493
77.111810 0.2690704 0.0070793 -12.6873617 -0.0063244 -0.0055058 0.0064453 0.9999441
77.320060 0.2650275 0.0089759 -12.4329300 -0.0059525 -0.0065061 0.0063106 0.9999412
77.528190 0.2603940 0.0098853 -12.1698265 -0.0050338 -0.0066454 0.0059918 0.9999473
77.736190 0.2547594 0.0105029 -11.9014616 -0.0055795 -0.0057093 0.0055555 0.9999527
77.944210 0.2517797 0.0108761 -11.6271038 -0.0028005 -0.0042061 0.0051791 0.9999738
78.152070 0.2476893 0.0086392 -11.3425913 -0.0014194 -0.0023687 0.0059846 0.9999783
78.359820 0.2446423 0.0051033 -11.0527611 -0.0021643 -0.0030775 0.0072789 0.9999664
78.567580 0.2421614 0.0024052 -10.7583656 -0.0001320 -0.0052385 0.0073543 0.9999592
78.775190 0.2361900 0.0004972 -10.4542150 -0.0013279 -0.0078750 0.0075980 0.9999393
78.982940 0.2288696 -0.0011260 -10.1412992 -0.0005398 -0.0088162 0.0073512 0.9999340
79.294440 0.2180626 -0.0044110 -9.6714382 0.0004353 -0.0106234 0.0060365 0.9999253
79.398310 0.2133978 -0.0065001 -9.5109701 -0.0001200 -0.0105954 0.0062750 0.9999242
79.606060 0.2041040 -0.0098961 -9.1898165 -0.0025291 -0.0102031 0.0056896 0.9999285
79.813820 0.1963915 -0.0091454 -8.8642559 -0.0069265 -0.0099707 0.0057161 0.9999099
80.021460 0.1896639 -0.0083449 -8.5343113 -0.0111338 -0.0099979 0.0046555 0.9998772
80.228940 0.1829040 -0.0066633 -8.2103405 -0.0123692 -0.0103004 0.0043706 0.9998609
80.332810 0.1799072 -0.0071727 -8.0501976 -0.0115817 -0.0106210 0.0045239 0.9998663
80.540440 0.1716308 -0.0045160 -7.7341166 -0.0102972 -0.0098603 0.0057227 0.9998820
80.644320 0.1692605 -0.0046188 -7.5786757 -0.0114741 -0.0095712 0.0054404 0.9998736
80.851960 0.1621659 -0.0033938 -7.2729588 -0.0105864 -0.0087822 0.0059488 0.9998877
81.059440 0.1558685 -0.0029037 -6.9688158 -0.0116252 -0.0081561 0.0069763 0.9998748
81.163210 0.1528798 -0.0020947 -6.8153901 -0.0128152 -0.0079551 0.0071116 0.9998609
81.266940 0.1495072 -0.0007234 -6.6646748 -0.0134507 -0.0079305 0.0073166 0.9998513
81.474570 0.1435112 0.0006861 -6.3600578 -0.0107420 -0.0084713 0.0072801 0.9998799
81.682070 0.1373357 0.0016912 -6.0569553 -0.0103998 -0.0092384 0.0051994 0.9998897
81.889700 0.1291195 0.0034839 -5.7572503 -0.0096326 -0.0094897 0.0059283 0.9998910
81.993440 0.1258106 0.0039968 -5.6068907 -0.0101845 -0.0099375 0.0064045 0.9998782
82.201070 0.1171305 0.0046137 -5.3111758 -0.0106171 -0.0106110 0.0073506 0.9998603
82.304840 0.1137967 0.0062241 -5.1636248 -0.0087211 -0.0113025 0.0070761 0.9998730
82.512440 0.1058334 0.0069371 -4.8710365 -0.0113982 -0.0126030 0.0073636 0.9998285
82.719960 0.0972480 0.0082076 -4.5835009 -0.0108384 -0.0136783 0.0070896 0.9998226
82.823820 0.0914673 0.0083978 -4.4416995 -0.0107188 -0.0137027 0.0069638 0.9998244
83.031440 0.0809938 0.0094217 -4.1606321 -0.0104052 -0.0136313 0.0061564 0.9998340
83.238940 0.0718876 0.0093164 -3.8884435 -0.0103095 -0.0131630 0.0069050 0.9998364
83.446570 0.0633377 0.0101950 -3.6162665 -0.0102972 -0.0124715 0.0076910 0.9998396
83.654320 0.0555117 0.0117110 -3.3502736 -0.0108427 -0.0116338 0.0079394 0.9998420
83.862070 0.0472467 0.0138338 -3.0803118 -0.0087347 -0.0103176 0.0071429 0.9998831
84.069850 0.0374947 0.0152337 -2.8123770 -0.0091216 -0.0086671 0.0059255 0.9999033
84.173690 0.0348658 0.0149581 -2.6847224 -0.0101374 -0.0084302 0.0051508 0.9998998
84.381590 0.0289611 0.0163014 -2.4411094 -0.0088385 -0.0065582 0.0041843 0.9999307
84.693200 0.0222004 0.0179473 -2.0779595 -0.0085198 -0.0039023 0.0036505 0.9999494
84.900940 0.0188508 0.0176485 -1.8422344 -0.0034341 -0.0020101 0.0022374 0.9999896
85.108710 0.0165628 0.0149560 -1.6113760 -0.0017003 -0.0005640 0.0017826 0.9999968
85.316330 0.0154013 0.0135821 -1.3848928 -0.0020609 0.0001763 0.0020468 0.9999958
85.523960 0.0162475 0.0112919 -1.1627568 -0.0029466 0.0002894 0.0029481 0.9999913
85.731590 0.0170780 0.0099485 -0.9415192 -0.0012394 -0.0003165 0.0034993 0.9999931
85.939070 0.0144227 0.0075722 -0.7275078 -0.0018672 -0.0010547 0.0028890 0.9999935
86.146690 0.0120755 0.0051463 -0.5150093 -0.0026616 -0.0020138 0.0023943 0.9999915
86.354210 0.0089614 0.0033929 -0.3077135 -0.0006778 -0.0020526 0.0027627 0.9999939
86.561820 0.0047630 -0.0000112 -0.1062914 -0.0006169 -0.0015878 0.0016614 0.9999972
86.665690 0.0021507 -0.0011991 -0.0082303 -0.0008578 -0.0010410 0.0012146 0.9999983
86.873200 0.0006350 -0.0041115 0.1866865 -0.0006896 -0.0015794 0.0005752 0.9999983
87.080700 -0.0247505 -0.0100738 0.4989966 0.0003333 0.0047231 0.0011183 0.9999881
89.364320 -0.0280116 -0.0362691 2.3285015 0.0005356 0.0040347 0.0014509 0.9999906
94.761580 -0.0351434 -0.0823685 5.4431376 0.0030494 0.0037444 0.0052535 0.9999745
98.502470 0.0018094 -0.1151447 7.1308680 0.0006866 0.0182870 0.0071498 0.9998070
100.785700 -0.0041040 -0.1405836 8.3408728 0.0020895 -0.0062938 -0.0004108 0.9999779
101.201000 -0.0081021 -0.1456578 8.5616407 0.0022230 -0.0044333 -0.0017314 0.9999862
107.015100 -0.0366522 -0.2035468 11.1144409 0.0002936 0.0047040 0.0013490 0.9999880
107.327000 -0.0348738 -0.2051642 11.2064066 -0.0008468 0.0078936 0.0019880 0.9999665
107.639000 -0.0337778 -0.2070151 11.2969589 0.0027996 0.0088020 0.0016868 0.9999559
110.966800 -0.0005440 -0.2303322 12.4042444 0.0030729 0.0249209 0.0036576 0.9996780
111.382700 0.0054655 -0.2339473 12.5596066 0.0043618 0.0203256 0.0014738 0.9997828
111.798600 0.0097285 -0.2378397 12.7152615 0.0016203 0.0154347 0.0004793 0.9998795
112.214600 0.0126168 -0.2410450 12.8683147 0.0017046 0.0121123 0.0008162 0.9999248
112.630600 0.0146062 -0.2440866 13.0141706 0.0014252 0.0098437 -0.0002918 0.9999505
112.942600 0.0152075 -0.2468956 13.1159964 0.0049333 0.0097446 -0.0039697 0.9999325
113.254600 0.0164378 -0.2498281 13.2149076 0.0059613 0.0107575 -0.0065005 0.9999033
113.566600 0.0179622 -0.2527756 13.3122177 0.0059519 0.0130218 -0.0084849 0.9998615
113.878500 0.0202939 -0.2553139 13.4063663 0.0029842 0.0125228 -0.0070817 0.9998921
114.190300 0.0218648 -0.2576815 13.5018215 0.0011865 0.0106126 -0.0053537 0.9999287
