0.000000 0.0000000 -0.0000000 -0.0000000 -0.0000000 -0.0000000 -0.0000000 1.0000000
0.519499 -0.0083293 0.0009958 0.0431918 0.0023920 -0.0194285 -0.0020993 0.9998062
0.623377 -0.0104330 0.0009367 0.0539237 0.0028086 -0.0260877 -0.0020590 0.9996536
0.830874 -0.0148459 0.0006886 0.0783438 0.0027694 -0.0436501 -0.0013901 0.9990421
1.453253 -0.0441432 -0.0012836 0.1650878 0.0057998 -0.1181127 -0.0070856 0.9929579
1.660772 -0.0594784 -0.0015177 0.1978911 0.0055773 -0.1503207 -0.0090988 0.9885797
1.764374 -0.0680602 -0.0016975 0.2138934 0.0053501 -0.1677491 -0.0103092 0.9857613
2.490144 -0.1511919 -0.0024393 0.3225495 0.0033662 -0.3090296 -0.0123388 0.9509664
2.697329 -0.1861486 -0.0027509 0.3520865 0.0031798 -0.3599636 -0.0138697 0.9328578
2.904641 -0.2261107 -0.0021393 0.3813434 0.0010006 -0.4131686 -0.0087902 0.9106116
3.112001 -0.2734759 -0.0014898 0.4080198 -0.0017559 -0.4660348 -0.0073783 0.8847339
3.319374 -0.3285453 0.0007166 0.4331590 -0.0037231 -0.5192958 -0.0067783 0.8545596
3.526893 -0.3940143 0.0015578 0.4521037 -0.0061393 -0.5699714 -0.0074365 0.8216079
3.734395 -0.4630213 0.0011879 0.4626993 -0.0106134 -0.6154444 -0.0072951 0.7880751
3.942122 -0.5410708 0.0009548 0.4673683 -0.0108238 -0.6540024 -0.0082129 0.7563704
4.150266 -0.6260643 0.0037290 0.4677194 -0.0086003 -0.6840432 -0.0090097 0.7293352
4.358512 -0.7167358 0.0051499 0.4641763 -0.0067348 -0.7077427 -0.0069573 0.7064040
4.462646 -0.7649090 0.0055675 0.4602035 -0.0059061 -0.7169616 -0.0065755 0.6970567
4.671250 -0.8651971 0.0075585 0.4512231 -0.0046295 -0.7297847 -0.0056222 0.6836382
4.775500 -0.9191777 0.0087858 0.4449983 -0.0049012 -0.7341021 -0.0056171 0.6789982
4.879959 -0.9730240 0.0091834 0.4394625 -0.0048629 -0.7373548 -0.0064041 0.6754578
4.984250 -1.0272315 0.0090853 0.4333920 -0.0046635 -0.7396507 -0.0076671 0.6729312
5.088502 -1.0836271 0.0095487 0.4273303 -0.0050784 -0.7411462 -0.0080062 0.6712767
5.192878 -1.1422769 0.0104778 0.4206360 -0.0059778 -0.7415367 -0.0076138 0.6708424
5.401501 -1.2643485 0.0123057 0.4081784 -0.0079494 -0.7406768 -0.0086083 0.6717593
5.610008 -1.3902665 0.0135005 0.3950163 -0.0057876 -0.7395054 -0.0092127 0.6730627
5.818377 -1.5236821 0.0159491 0.3824540 -0.0066070 -0.7384586 -0.0101118 0.6741906
5.922523 -1.5928214 0.0167352 0.3759149 -0.0074859 -0.7377948 -0.0118531 0.6748794
6.026772 -1.6633208 0.0176843 0.3690764 -0.0079324 -0.7371488 -0.0127919 0.6755629
6.235023 -1.8072469 0.0201495 0.3551429 -0.0053340 -0.7358813 -0.0129419 0.6769659
6.443143 -1.9563882 0.0231012 0.3427778 -0.0065769 -0.7348979 -0.0127324 0.6780263
6.651280 -2.1089025 0.0251153 0.3299003 -0.0089706 -0.7339464 -0.0131640 0.6790206
6.859377 -2.2629473 0.0271085 0.3179702 -0.0054722 -0.7337781 -0.0082605 0.6793169
7.067377 -2.4200780 0.0287894 0.3053710 -0.0056033 -0.7340192 -0.0053191 0.6790848
7.275272 -2.5805235 0.0297825 0.2916571 -0.0100686 -0.7340398 -0.0114058 0.6789360
7.483251 -2.7408252 0.0316625 0.2769718 -0.0108468 -0.7341343 -0.0148861 0.6787544
7.691129 -2.8990710 0.0347284 0.2636567 -0.0085308 -0.7343950 -0.0125995 0.6785517
7.899003 -3.0581365 0.0366637 0.2499322 -0.0087419 -0.7343413 -0.0150142 0.6785581
8.107005 -3.2166135 0.0389549 0.2355826 -0.0059540 -0.7341293 -0.0130108 0.6788589
8.315006 -3.3732905 0.0404911 0.2226896 -0.0045397 -0.7338785 -0.0122316 0.6791555
8.522877 -3.5312772 0.0418713 0.2101921 -0.0075286 -0.7335587 -0.0144482 0.6794308
8.730751 -3.6895843 0.0446497 0.1976956 -0.0104332 -0.7333233 -0.0175808 0.6795726
8.938756 -3.8456900 0.0483446 0.1853465 -0.0091555 -0.7332604 -0.0154915 0.6797098
9.146631 -4.0018873 0.0500972 0.1714772 -0.0051019 -0.7330236 -0.0150016 0.6800187
9.458529 -4.2346220 0.0524639 0.1526920 -0.0032176 -0.7338885 -0.0114560 0.6791657
9.770380 -4.4659648 0.0544756 0.1333408 -0.0085809 -0.7353375 -0.0116536 0.6775465
9.978133 -4.6185713 0.0558752 0.1198840 -0.0102993 -0.7364666 -0.0120458 0.6762882
10.186010 -4.7679200 0.0571667 0.1046148 -0.0050565 -0.7372388 -0.0122283 0.6755027
10.393880 -4.9158859 0.0587997 0.0898439 -0.0032092 -0.7380456 -0.0139630 0.6745987
10.601750 -5.0625324 0.0597119 0.0750445 -0.0028579 -0.7385543 -0.0151929 0.6740167
10.809650 -5.2071271 0.0617221 0.0615938 -0.0039617 -0.7390464 -0.0151276 0.6734730
11.017510 -5.3496923 0.0635075 0.0478298 -0.0067255 -0.7392312 -0.0173778 0.6731939
11.225380 -5.4893050 0.0652659 0.0339168 -0.0074727 -0.7395735 -0.0181574 0.6727894
11.641130 -5.7579608 0.0690056 0.0062745 -0.0038803 -0.7393268 -0.0138757 0.6731926
11.849140 -5.8847151 0.0696427 -0.0059909 -0.0030945 -0.7371221 -0.0147748 0.6755910
12.161380 -6.0638976 0.0703727 -0.0194317 -0.0047188 -0.7296749 -0.0160797 0.6835888
12.473910 -6.2286940 0.0720974 -0.0260219 -0.0040639 -0.7139295 -0.0195846 0.6999319
12.786780 -6.3764291 0.0733932 -0.0177423 -0.0050378 -0.6865909 -0.0186965 0.7267861
13.099880 -6.5051169 0.0742294 0.0033426 -0.0063135 -0.6439989 -0.0172171 0.7648066
13.413260 -6.6216202 0.0746063 0.0434127 -0.0098009 -0.5858044 -0.0109989 0.8103186
13.726510 -6.7263689 0.0762961 0.1040111 -0.0110896 -0.5163274 -0.0038389 0.8563108
14.039380 -6.8231215 0.0778991 0.1822553 -0.0169629 -0.4450729 0.0053040 0.8953179
14.247880 -6.8787127 0.0778214 0.2408080 -0.0121683 -0.3955791 0.0073174 0.9183221
14.456380 -6.9287891 0.0781891 0.3053124 -0.0014574 -0.3418599 0.0073618 0.9397209
14.664880 -6.9778671 0.0770514 0.3837185 0.0010975 -0.2853572 0.0072465 0.9583932
14.873160 -7.0192647 0.0757475 0.4721730 0.0021149 -0.2310096 0.0056018 0.9729331
15.081160 -7.0569735 0.0742527 0.5698388 0.0035077 -0.1848155 -0.0001350 0.9827670
15.185010 -7.0747128 0.0742236 0.6223755 0.0032589 -0.1655218 -0.0025393 0.9861975
15.288760 -7.0904880 0.0730281 0.6772257 0.0021495 -0.1498565 -0.0026731 0.9887018
15.496190 -7.1205626 0.0719564 0.7946954 0.0002914 -0.1263430 -0.0024160 0.9919837
15.703610 -7.1490617 0.0710965 0.9187256 -0.0014540 -0.1091237 -0.0058553 0.9940099
15.911010 -7.1747336 0.0699541 1.0491065 -0.0020215 -0.0958012 -0.0068456 0.9953749
16.014760 -7.1863470 0.0695298 1.1163899 -0.0019004 -0.0889312 -0.0069532 0.9960117
16.118550 -7.1973577 0.0694716 1.1859852 -0.0021843 -0.0816169 -0.0070732 0.9966363
16.222360 -7.2083664 0.0692317 1.2567396 -0.0023643 -0.0743655 -0.0079889 0.9971963
16.429890 -7.2273693 0.0670889 1.4015698 0.0015284 -0.0624574 -0.0087288 0.9980083
16.637520 -7.2444973 0.0658163 1.5525703 0.0046938 -0.0535324 -0.0079499 0.9985234
16.845140 -7.2611599 0.0633520 1.7077463 -0.0024968 -0.0476077 -0.0105886 0.9988069
17.052630 -7.2754278 0.0614032 1.8608624 -0.0039806 -0.0438223 -0.0102690 0.9989786
17.260280 -7.2891097 0.0601360 2.0139585 -0.0045975 -0.0407757 -0.0096129 0.9991115
17.467890 -7.3005080 0.0591701 2.1663177 -0.0067651 -0.0380964 -0.0072300 0.9992250
17.675510 -7.3115845 0.0580031 2.3171139 -0.0012393 -0.0360616 -0.0083505 0.9993139
17.883140 -7.3225765 0.0554921 2.4670129 0.0045782 -0.0346096 -0.0092144 0.9993479
18.090880 -7.3342395 0.0521695 2.6164794 0.0017466 -0.0322230 -0.0112565 0.9994158
18.298510 -7.3444152 0.0499145 2.7657249 -0.0016264 -0.0297873 -0.0120580 0.9994822
18.506260 -7.3527575 0.0480505 2.9131346 -0.0015708 -0.0286803 -0.0097121 0.9995402
18.713910 -7.3610330 0.0458611 3.0607829 -0.0000874 -0.0278886 -0.0085868 0.9995741
18.921640 -7.3703570 0.0433836 3.2095013 -0.0008171 -0.0269965 -0.0094625 0.9995904
19.129390 -7.3793545 0.0417144 3.3599763 -0.0003180 -0.0277156 -0.0094894 0.9995708
19.337010 -7.3895049 0.0400548 3.5130873 -0.0003808 -0.0302778 -0.0092914 0.9994982
19.544760 -7.4012318 0.0379936 3.6681495 0.0023369 -0.0329062 -0.0113419 0.9993914
19.752390 -7.4135337 0.0356705 3.8245862 0.0048533 -0.0350758 -0.0113622 0.9993083
20.064010 -7.4327345 0.0309155 4.0646725 0.0028284 -0.0381487 -0.0104864 0.9992130
20.271890 -7.4457083 0.0285940 4.2293873 -0.0014569 -0.0394328 -0.0095871 0.9991752
20.479750 -7.4593768 0.0266250 4.3937049 -0.0026307 -0.0380464 -0.0111215 0.9992107
20.687510 -7.4723101 0.0252107 4.5591025 -0.0008069 -0.0362430 -0.0101284 0.9992914
20.895390 -7.4838786 0.0229008 4.7265048 -0.0000225 -0.0345326 -0.0075273 0.9993752
21.103270 -7.4949436 0.0210754 4.8944802 -0.0025569 -0.0337414 -0.0049677 0.9994150
21.311120 -7.5072155 0.0187193 5.0599203 -0.0010960 -0.0326669 -0.0054758 0.9994507
21.519010 -7.5187564 0.0156233 5.2220783 0.0045932 -0.0319036 -0.0076031 0.9994515
21.726890 -7.5300827 0.0107948 5.3843079 0.0077458 -0.0311242 -0.0101680 0.9994338
21.934640 -7.5405393 0.0069709 5.5465846 0.0002829 -0.0313279 -0.0080291 0.9994769
22.142620 -7.5511518 0.0045036 5.7058654 -0.0023799 -0.0331612 -0.0063412 0.9994271
22.350390 -7.5614696 0.0015490 5.8627720 -0.0001575 -0.0356558 -0.0032623 0.9993588
22.558370 -7.5744634 -0.0013472 6.0168939 0.0028413 -0.0386161 -0.0052655 0.9992362
22.766140 -7.5880136 -0.0049186 6.1694469 0.0066572 -0.0422340 -0.0066620 0.9990634
22.974020 -7.6030836 -0.0090740 6.3208141 0.0059346 -0.0457490 -0.0107543 0.9988775
23.181990 -7.6195340 -0.0122772 6.4691982 0.0003662 -0.0495882 -0.0125204 0.9986912
23.285910 -7.6268730 -0.0141541 6.5437207 -0.0014846 -0.0523714 -0.0118424 0.9985564
23.493760 -7.6437325 -0.0164971 6.6902227 -0.0039982 -0.0586094 -0.0103593 0.9982193
23.701510 -7.6637106 -0.0177540 6.8321376 -0.0030730 -0.0649225 -0.0129430 0.9978016
23.909390 -7.6845660 -0.0193226 6.9690380 0.0003449 -0.0708297 -0.0136243 0.9973953
24.117270 -7.7068191 -0.0208818 7.1085024 -0.0012945 -0.0759170 -0.0152404 0.9969968
24.325140 -7.7304173 -0.0230510 7.2445989 -0.0046394 -0.0821727 -0.0148723 0.9964963
24.533020 -7.7547030 -0.0234060 7.3787909 0.0009715 -0.0900613 -0.0130289 0.9958505
24.740760 -7.7814770 -0.0254344 7.5105743 0.0004750 -0.1000673 -0.0119371 0.9949089
25.052390 -7.8272443 -0.0269415 7.7087913 -0.0080950 -0.1178742 -0.0120195 0.9929228
25.364010 -7.8811417 -0.0274518 7.8985996 0.0018164 -0.1360219 -0.0134435 0.9906129
25.571790 -7.9198170 -0.0282564 8.0255108 -0.0043499 -0.1483045 -0.0127022 0.9888506
25.883390 -7.9847941 -0.0286577 8.2134609 -0.0039097 -0.1670411 -0.0104326 0.9858870
26.091270 -8.0305519 -0.0300021 8.3363323 0.0020492 -0.1756533 -0.0074119 0.9844220
26.403140 -8.1040144 -0.0332474 8.5205050 0.0025713 -0.1877942 -0.0103530 0.9821504
26.611020 -8.1552238 -0.0339906 8.6430950 -0.0048485 -0.1955952 -0.0104423 0.9806171
26.922890 -8.2366581 -0.0343864 8.8231726 -0.0012529 -0.2047871 -0.0178117 0.9786437
27.130890 -8.2911777 -0.0348688 8.9434710 0.0024139 -0.2094350 -0.0149561 0.9777052
27.442660 -8.3774643 -0.0375293 9.1249743 -0.0010295 -0.2173749 -0.0168827 0.9759417
27.650520 -8.4356413 -0.0383950 9.2441139 0.0055296 -0.2226164 -0.0161279 0.9747570
27.858410 -8.4967337 -0.0405721 9.3633442 0.0045507 -0.2270582 -0.0181214 0.9737020
28.066150 -8.5574656 -0.0429564 9.4816074 0.0033842 -0.2318185 -0.0192444 0.9725628
28.274040 -8.6187706 -0.0449678 9.5989990 0.0037029 -0.2365884 -0.0173360 0.9714482
28.481890 -8.6817017 -0.0467771 9.7149677 0.0034147 -0.2410519 -0.0178783 0.9703416
28.689660 -8.7437162 -0.0488355 9.8282442 0.0054917 -0.2458685 -0.0172429 0.9691343
29.001520 -8.8379059 -0.0525918 9.9947491 0.0069586 -0.2521496 -0.0157872 0.9675344
29.209390 -8.9001617 -0.0546660 10.1046400 -0.0021720 -0.2554267 -0.0164699 0.9666857
29.417270 -8.9603710 -0.0551839 10.2097378 -0.0047744 -0.2586378 -0.0139243 0.9658622
29.625020 -9.0192432 -0.0561733 10.3088837 -0.0018063 -0.2618835 -0.0126691 0.9650146
29.832900 -9.0752134 -0.0566536 10.4030046 -0.0012757 -0.2646358 -0.0110766 0.9642839
30.040770 -9.1297092 -0.0576972 10.4913235 -0.0024977 -0.2667822 -0.0108853 0.9636921
30.248520 -9.1792641 -0.0578297 10.5735159 -0.0030618 -0.2694080 -0.0088807 0.9629803
30.456270 -9.2263260 -0.0581419 10.6469612 -0.0004030 -0.2713238 -0.0088619 0.9624472
30.664040 -9.2694387 -0.0583634 10.7140903 0.0024809 -0.2745011 -0.0062288 0.9615634
30.871790 -9.3083944 -0.0595861 10.7754650 0.0009779 -0.2798221 -0.0044224 0.9600412
31.079540 -9.3466177 -0.0603348 10.8293457 -0.0008382 -0.2858714 -0.0088216 0.9582270
31.287140 -9.3818293 -0.0605134 10.8783226 -0.0057441 -0.2927890 -0.0108277 0.9560985
31.494660 -9.4124508 -0.0607128 10.9211273 -0.0076931 -0.3028557 -0.0076265 0.9529749
31.805770 -9.4562416 -0.0607199 10.9738340 -0.0084100 -0.3269061 -0.0074889 0.9449897
32.116900 -9.4966984 -0.0612295 11.0143557 -0.0020746 -0.3582570 -0.0057865 0.9336028
32.428170 -9.5384274 -0.0605861 11.0477028 0.0035667 -0.3898643 -0.0113120 0.9207959
32.739270 -9.5822115 -0.0601175 11.0803099 0.0002569 -0.4266061 -0.0097953 0.9043844
33.050400 -9.6299801 -0.0595535 11.1065569 -0.0018615 -0.4672792 -0.0155168 0.8839717
33.361650 -9.6795597 -0.0600861 11.1272840 -0.0026003 -0.5078137 -0.0219456 0.8611834
33.569020 -9.7145987 -0.0605205 11.1396389 -0.0016883 -0.5372462 -0.0209152 0.8431644
33.776420 -9.7568674 -0.0591466 11.1512756 0.0008156 -0.5704640 -0.0190069 0.8211023
33.983650 -9.8060522 -0.0579043 11.1604834 0.0010989 -0.6065240 -0.0181486 0.7948573
34.191020 -9.8618584 -0.0567094 11.1661730 0.0016383 -0.6451246 -0.0165708 0.7638959
34.502140 -9.9563971 -0.0546987 11.1634645 -0.0018674 -0.7029276 -0.0170722 0.7110540
34.813400 -10.0606194 -0.0512667 11.1458712 -0.0067607 -0.7581545 -0.0161878 0.6518389
35.021020 -10.1382332 -0.0472212 11.1227665 -0.0083619 -0.7908891 -0.0158341 0.6116975
35.228670 -10.2194786 -0.0439447 11.0906496 -0.0118693 -0.8205994 -0.0135067 0.5712209
35.332520 -10.2609797 -0.0427199 11.0704956 -0.0138904 -0.8340018 -0.0124815 0.5514455
35.436400 -10.3031788 -0.0415220 11.0481138 -0.0154780 -0.8465376 -0.0117821 0.5319734
35.644400 -10.3914337 -0.0383852 10.9943371 0.0168802 0.8678211 0.0111642 -0.4964645
35.748650 -10.4367008 -0.0370814 10.9632511 0.0168707 0.8759316 0.0112617 -0.4820086
35.957050 -10.5310020 -0.0335195 10.8942947 0.0149628 0.8873690 0.0114606 -0.4606746
36.061290 -10.5808649 -0.0317497 10.8574390 0.0145879 0.8913141 0.0118452 -0.4529966
36.165670 -10.6309071 -0.0301093 10.8190165 0.0152119 0.8944280 0.0118970 -0.4467948
36.269900 -10.6828785 -0.0283221 10.7787237 0.0158094 0.8971456 0.0120172 -0.4412882
36.478420 -10.7900152 -0.0248119 10.6928835 0.0162820 0.9010754 0.0126475 -0.4331720
36.686900 -10.9019251 -0.0207888 10.6018095 0.0163433 0.9038863 0.0130378 -0.4272617
36.895150 -11.0194168 -0.0166686 10.5039577 0.0174155 0.9054641 0.0130356 -0.4238651
37.103550 -11.1409760 -0.0114067 10.4025278 0.0176889 0.9059312 0.0125253 -0.4228699
37.311780 -11.2684307 -0.0077607 10.2968178 0.0176145 0.9064302 0.0117584 -0.4218243
37.520030 -11.3999510 -0.0030312 10.1865234 0.0176328 0.9068481 0.0135432 -0.4208708
37.728150 -11.5350294 0.0012729 10.0730572 0.0179345 0.9073545 0.0146177 -0.4197291
37.936280 -11.6727886 0.0063214 9.9563408 0.0181799 0.9077832 0.0126852 -0.4188536
38.144280 -11.8140306 0.0120703 9.8357372 0.0196169 0.9081481 0.0112926 -0.4180368
38.352280 -11.9590502 0.0161952 9.7127457 0.0179583 0.9088972 0.0082435 -0.4165518
38.560150 -12.1068497 0.0192226 9.5863962 0.0155904 0.9093004 0.0072294 -0.4157853
38.768150 -12.2573872 0.0224402 9.4572506 0.0154622 0.9092677 0.0097554 -0.4158101
38.976020 -12.4082623 0.0258839 9.3287239 0.0174948 0.9094439 0.0113441 -0.4153035
39.183930 -12.5585175 0.0297560 9.2009916 0.0183631 0.9095652 0.0116338 -0.4149922
39.391750 -12.7104797 0.0344570 9.0731363 0.0182361 0.9098601 0.0123563 -0.4143300
39.599580 -12.8620663 0.0394499 8.9425030 0.0188126 0.9100338 0.0133897 -0.4138904
39.911280 -13.0891209 0.0459780 8.7467070 0.0192490 0.9107733 0.0120970 -0.4122804
40.119140 -13.2397633 0.0499357 8.6155386 0.0190367 0.9113178 0.0121293 -0.4110845
40.430770 -13.4630060 0.0551888 8.4201908 0.0177413 0.9119213 0.0118506 -0.4098102
40.638670 -13.6097145 0.0586934 8.2891903 0.0156455 0.9116919 0.0129237 -0.4103731
40.846410 -13.7575083 0.0618270 8.1587639 0.0140848 0.9111408 0.0122979 -0.4116708
41.054600 -13.9064817 0.0663883 8.0311756 0.0158108 0.9106299 0.0124700 -0.4127319
41.262460 -14.0559845 0.0709601 7.9029016 0.0209696 0.9101065 0.0165731 -0.4135116
41.469820 -14.2042675 0.0767099 7.7760792 0.0205813 0.9101152 0.0152561 -0.4135626
41.677410 -14.3503017 0.0825248 7.6501932 0.0194936 0.9102260 0.0130298 -0.4134474
41.885060 -14.4966488 0.0868935 7.5234885 0.0206294 0.9103011 0.0151682 -0.4131541
42.092740 -14.6423721 0.0917751 7.3966446 0.0204432 0.9106780 0.0134814 -0.4123905
42.300170 -14.7867756 0.0965919 7.2708826 0.0213392 0.9110560 0.0160840 -0.4114158
42.507790 -14.9297161 0.1023574 7.1465039 0.0229770 0.9113720 0.0171912 -0.4105820
42.715290 -15.0690680 0.1080495 7.0235915 0.0228706 0.9117296 0.0153495 -0.4098664
42.922920 -15.2087212 0.1132799 6.9007611 0.0207906 0.9117078 0.0154586 -0.4100216
43.130550 -15.3481712 0.1188518 6.7784166 0.0194991 0.9115433 0.0156049 -0.4104449
43.338330 -15.4868507 0.1238180 6.6575022 0.0195744 0.9113070 0.0159654 -0.4109519
43.545910 -15.6236210 0.1278268 6.5376010 0.0182012 0.9110991 0.0153146 -0.4115005
43.753650 -15.7618189 0.1328274 6.4195409 0.0207299 0.9109561 0.0149579 -0.4117104
43.961280 -15.8959503 0.1383178 6.3045912 0.0204472 0.9109846 0.0135198 -0.4117112
44.169050 -16.0280037 0.1427442 6.1907973 0.0200710 0.9107900 0.0102902 -0.4122535
44.376660 -16.1564941 0.1451852 6.0784082 0.0189575 0.9105791 0.0121207 -0.4127219
44.688220 -16.3434925 0.1498133 5.9188509 0.0187654 0.9108124 0.0116041 -0.4122306
44.895870 -16.4630795 0.1522240 5.8132458 0.0180102 0.9107940 0.0120693 -0.4122916
45.103550 -16.5812645 0.1550496 5.7126207 0.0182884 0.9110990 0.0122999 -0.4115981
45.311220 -16.6955414 0.1585673 5.6145692 0.0194543 0.9112470 0.0140125 -0.4111618
45.518940 -16.8050194 0.1616161 5.5194573 0.0213787 0.9114431 0.0147494 -0.4106055
45.726540 -16.9108295 0.1650844 5.4278493 0.0230283 0.9117606 0.0142986 -0.4098267
45.934310 -17.0109119 0.1681898 5.3403139 0.0238125 0.9123922 0.0140893 -0.4083808
46.245920 -17.1524658 0.1722229 5.2128201 0.0268538 0.9153528 0.0110430 -0.4016045
46.453430 -17.2413197 0.1753560 5.1300530 0.0291499 0.9198743 0.0099834 -0.3910012
46.764550 -17.3607349 0.1784617 5.0068803 0.0334109 0.9294268 0.0086050 -0.3673901
46.971930 -17.4326611 0.1805242 4.9233618 0.0359751 0.9382497 0.0079542 -0.3439913
47.179170 -17.4943371 0.1822915 4.8385582 0.0339696 0.9483830 0.0101838 -0.3151383
47.386540 -17.5469322 0.1839969 4.7529945 0.0317452 0.9592606 0.0118639 -0.2804826
47.593870 -17.5887947 0.1853764 4.6674423 0.0302385 0.9705874 0.0134257 -0.2384648
47.801160 -17.6193657 0.1867215 4.5823359 0.0208101 0.9810256 0.0133362 -0.1922964
48.008600 -17.6418438 0.1870292 4.4957004 0.0135324 0.9893029 0.0114507 -0.1447946
48.216060 -17.6576118 0.1883655 4.4068179 0.0125976 0.9954178 0.0105014 -0.0942041
48.423630 -17.6637077 0.1892909 4.3157291 0.0092979 0.9989572 0.0131815 -0.0427117
48.631190 -17.6643829 0.1894808 4.2212286 0.0037190 0.9997618 0.0180957 0.0116253
48.838780 -17.6568756 0.1917081 4.1261082 0.0105795 0.9976056 0.0169324 0.0662161
49.046410 -17.6353703 0.1921204 4.0389500 0.0139578 0.9928274 0.0151621 0.1177670
49.254030 -17.6042061 0.1938464 3.9583468 0.0145705 0.9855713 0.0128696 0.1681405
49.461780 -17.5668602 0.1953350 3.8788242 0.0188946 0.9759148 0.0126416 0.2169643
49.669780 -17.5193939 0.1954299 3.8000884 0.0153909 0.9653785 0.0151361 0.2599584
49.878030 -17.4679317 0.1957502 3.7222066 0.0184016 0.9551582 0.0192092 0.2948985
50.086410 -17.4102936 0.1963126 3.6473489 0.0178854 0.9464014 0.0200273 0.3218748
50.295050 -17.3483925 0.1968906 3.5743232 0.0166444 0.9400213 0.0190685 0.3401755
50.503680 -17.2825012 0.1975875 3.5001335 0.0148612 0.9357784 0.0176238 0.3518341
50.712390 -17.2136154 0.1985950 3.4247675 0.0146901 0.9329642 0.0154528 0.3593372
50.920920 -17.1418343 0.1993479 3.3454208 0.0170128 0.9311191 0.0158678 0.3639726
51.129530 -17.0659370 0.1988037 3.2652206 0.0142938 0.9300253 0.0136281 0.3669643
51.338030 -16.9853954 0.2003015 3.1791806 0.0138456 0.9296052 0.0139098 0.3680338
51.650530 -16.8591518 0.1999707 3.0421271 0.0153526 0.9298027 0.0121139 0.3675384
51.858780 -16.7701054 0.2007237 2.9471645 0.0165743 0.9300264 0.0064594 0.3670619
52.066910 -16.6762505 0.2002316 2.8444104 0.0165247 0.9300917 0.0076921 0.3668748
52.275030 -16.5768871 0.1994018 2.7369633 0.0114886 0.9300016 0.0078194 0.3672926
52.483160 -16.4735241 0.1998867 2.6244454 0.0103763 0.9298386 0.0098783 0.3676887
52.795150 -16.3096542 0.2009521 2.4446268 0.0076433 0.9295635 0.0107998 0.3684244
53.003160 -16.1967392 0.2018539 2.3216772 0.0100267 0.9292113 0.0105948 0.3692608
53.211180 -16.0797615 0.2033141 2.1944914 0.0113026 0.9291403 0.0151951 0.3692421
53.419160 -15.9596596 0.2035846 2.0652037 0.0142076 0.9290295 0.0141927 0.3694602
53.627040 -15.8366108 0.2049713 1.9320378 0.0174304 0.9289376 0.0117111 0.3696403
53.835050 -15.7131233 0.2045997 1.7954617 0.0165725 0.9288659 0.0121803 0.3698447
54.042910 -15.5859222 0.2042253 1.6623836 0.0154168 0.9291344 0.0151433 0.3691100
54.250800 -15.4610472 0.2047897 1.5262055 0.0208590 0.9291108 0.0186001 0.3687439
54.458660 -15.3367558 0.2052586 1.3897972 0.0225067 0.9288621 0.0243400 0.3689393
54.666410 -15.2134743 0.2077108 1.2549434 0.0243165 0.9286321 0.0269293 0.3692234
54.874290 -15.0906734 0.2082941 1.1217723 0.0266178 0.9289684 0.0192117 0.3687004
55.082040 -14.9693670 0.2097712 0.9844384 0.0270872 0.9289167 0.0189574 0.3688099
55.290780 -14.8482637 0.2111723 0.8495455 0.0261367 0.9290219 0.0204819 0.3685318
55.497680 -14.7320423 0.2121533 0.7137837 0.0239016 0.9304243 0.0198914 0.3651625
55.705670 -14.6216393 0.2128730 0.5844078 0.0234087 0.9338669 0.0196387 0.3563132
55.913810 -14.5127487 0.2165809 0.4445057 0.0253947 0.9389902 0.0219998 0.3422989
56.122050 -14.4119797 0.2178887 0.3075109 0.0268497 0.9461809 0.0249002 0.3215598
56.330510 -14.3171787 0.2218440 0.1614037 0.0298932 0.9550440 0.0263007 0.2937783
56.538940 -14.2327843 0.2258072 0.0103493 0.0324782 0.9639163 0.0266396 0.2628705
56.747290 -14.1613159 0.2301297 -0.1399503 0.0361752 0.9720414 0.0177890 0.2313233
56.955550 -14.0947542 0.2302729 -0.2922454 0.0327794 0.9792461 0.0138214 0.1995283
57.163560 -14.0382042 0.2296227 -0.4503727 0.0328033 0.9843233 0.0132065 0.1727926
57.371290 -13.9882603 0.2308295 -0.6129293 0.0337793 0.9876144 0.0130559 0.1526641
57.475150 -13.9654255 0.2311762 -0.6963596 0.0320637 0.9890000 0.0156544 0.1435470
57.682930 -13.9232073 0.2337216 -0.8655286 0.0318619 0.9914072 0.0165711 0.1257858
57.890570 -13.8848982 0.2352408 -1.0376370 0.0333406 0.9931981 0.0131067 0.1107887
58.098070 -13.8500719 0.2381923 -1.2162230 0.0383023 0.9937985 0.0200751 0.1024427
58.305440 -13.8144598 0.2429357 -1.3982120 0.0387148 0.9939061 0.0246494 0.1002210
58.512810 -13.7772846 0.2473601 -1.5815203 0.0343970 0.9942184 0.0207249 0.0995843
58.720450 -13.7371931 0.2507125 -1.7704248 0.0278262 0.9944665 0.0194401 0.0994187
58.927820 -13.6983728 0.2554597 -1.9645942 0.0256121 0.9943985 0.0210224 0.1003684
59.135420 -13.6595831 0.2605213 -2.1595271 0.0243332 0.9942778 0.0204461 0.1019874
59.239170 -13.6400576 0.2632210 -2.2578454 0.0239733 0.9942423 0.0193490 0.1026315
59.446780 -13.5986290 0.2674165 -2.4566364 0.0213720 0.9942995 0.0175278 0.1029780
59.654550 -13.5581369 0.2697536 -2.6570575 0.0191781 0.9944682 0.0180469 0.1016831
59.862460 -13.5201569 0.2738898 -2.8578541 0.0183820 0.9945787 0.0180873 0.1007381
59.965990 -13.5030699 0.2762192 -2.9580028 0.0184124 0.9945575 0.0189411 0.1007850
60.173450 -13.4645834 0.2801282 -3.1590753 0.0176133 0.9945767 0.0208128 0.1003684
60.381050 -13.4259949 0.2840432 -3.3592103 0.0169474 0.9946924 0.0187612 0.0997392
60.588540 -13.3887959 0.2877921 -3.5565290 0.0165009 0.9947494 0.0180948 0.0993680
60.797000 -13.3539553 0.2920772 -3.7524943 0.0154883 0.9948663 0.0191490 0.0981560
61.003920 -13.3488064 0.2940157 -3.9188068 0.0132632 0.9948346 0.0191839 0.0987940
61.211580 -13.3142729 0.2978204 -4.1111484 0.0129345 0.9950837 0.0193400 0.0962653
61.522950 -13.2668896 0.3054416 -4.3926578 0.0133061 0.9953445 0.0203997 0.0932529
61.626790 -13.2513065 0.3074077 -4.4846339 0.0134498 0.9954200 0.0200045 0.0925086
61.938390 -13.2083330 0.3140383 -4.7564526 0.0128847 0.9955221 0.0196588 0.0915606
62.042070 -13.1859541 0.3133005 -4.8520861 0.0123710 0.9956352 0.0192007 0.0904926
62.249910 -13.1560450 0.3165982 -5.0278835 0.0119433 0.9956920 0.0154915 0.0906363
62.457420 -13.1254301 0.3194948 -5.2050328 0.0127684 0.9955902 0.0153234 0.0916640
62.665290 -13.0926332 0.3215075 -5.3791289 0.0143597 0.9954922 0.0164390 0.0922979
62.872800 -13.0611086 0.3241339 -5.5536203 0.0151074 0.9953395 0.0170712 0.0936993
63.080660 -13.0288754 0.3265209 -5.7252235 0.0146815 0.9952409 0.0165066 0.0949087
63.288240 -12.9957600 0.3272878 -5.8915734 0.0162105 0.9950013 0.0156332 0.0972892
63.495820 -12.9618511 0.3283219 -6.0557079 0.0152910 0.9947573 0.0145872 0.1000565
63.703640 -12.9286137 0.3297431 -6.2157297 0.0151801 0.9945981 0.0143083 0.1016830
63.911420 -12.8958921 0.3301139 -6.3695869 0.0134387 0.9946040 0.0163825 0.1015577
64.119460 -12.8671789 0.3314822 -6.5159693 0.0126504 0.9946848 0.0169295 0.1007743
64.327430 -12.8398304 0.3332420 -6.6556215 0.0112219 0.9949797 0.0168639 0.0980054
64.535560 -12.8170776 0.3338411 -6.7932220 0.0118777 0.9954989 0.0171359 0.0924510
64.743580 -12.7935619 0.3343287 -6.9239998 0.0140020 0.9961519 0.0185083 0.0845156
65.055500 -12.7673845 0.3361582 -7.1095839 0.0172428 0.9969490 0.0196197 0.0735561
65.471470 -12.7416992 0.3388367 -7.3251872 0.0194003 0.9977075 0.0191234 0.0619484
65.575320 -12.7365055 0.3393241 -7.3734860 0.0206702 0.9978264 0.0187653 0.0596917
65.783300 -12.7261658 0.3402678 -7.4644470 0.0213531 0.9980292 0.0205244 0.0553208
65.887300 -12.7213478 0.3409978 -7.5066538 0.0215904 0.9981250 0.0210244 0.0532761
65.991170 -12.7173538 0.3407784 -7.5461469 0.0217538 0.9981909 0.0215006 0.0517624
66.199080 -12.7103529 0.3419807 -7.6184478 0.0237725 0.9982519 0.0220778 0.0494034
66.303070 -12.7068319 0.3423539 -7.6494780 0.0241690 0.9982624 0.0225749 0.0487685
66.512930 -12.7007751 0.3446839 -7.7060714 0.0231730 0.9982624 0.0228182 0.0491376
66.718800 -12.6967840 0.3450676 -7.7463384 0.0210969 0.9982674 0.0220589 0.0503050
67.758210 -12.6782436 0.3464488 -7.8928165 0.0196317 0.9975125 0.0187060 0.0650654
74.935850 -12.6587811 0.3474972 -7.9634504 0.0165154 0.9944152 0.0165256 0.1029197
75.767480 -12.6472807 0.3470530 -7.9835968 0.0156206 0.9898995 0.0164281 0.1399473
76.079100 -12.6385984 0.3470656 -7.9977865 0.0149591 0.9862748 0.0138130 0.1638522
76.702070 -12.6046705 0.3480729 -8.0560532 0.0135717 0.9739289 0.0168303 0.2258207
77.013440 -12.5764837 0.3480347 -8.0931454 0.0146691 0.9641497 0.0198509 0.2642083
77.220840 -12.5538330 0.3480224 -8.1197147 0.0152248 0.9549825 0.0222845 0.2954321
77.635430 -12.4920473 0.3479697 -8.1782036 0.0138548 0.9255635 0.0185968 0.3778814
77.842690 -12.4456196 0.3486618 -8.2130804 0.0181059 0.9040539 0.0168724 0.4267014
78.050250 -12.3860435 0.3491905 -8.2489080 0.0191168 0.8800266 0.0151666 0.4742970
78.257840 -12.3134813 0.3487993 -8.2828760 0.0201870 0.8533056 0.0167586 0.5207505
78.465430 -12.2287083 0.3484865 -8.3108683 0.0185185 0.8241148 0.0202752 0.5657569
78.673060 -12.1350250 0.3487776 -8.3333826 0.0195268 0.7915062 0.0258205 0.6103031
78.880800 -12.0339537 0.3481259 -8.3451958 0.0189162 0.7578689 0.0297471 0.6514538
78.984860 -11.9814539 0.3475935 -8.3482227 0.0190571 0.7410674 0.0309647 0.6704454
79.192960 -11.8661089 0.3471353 -8.3445272 0.0213688 0.7117643 0.0309100 0.7014126
79.401310 -11.7407780 0.3470341 -8.3363714 0.0222463 0.6896322 0.0284465 0.7232589
79.610070 -11.6054068 0.3465413 -8.3206329 0.0240775 0.6758520 0.0274607 0.7361319
79.818800 -11.4630136 0.3439325 -8.3013973 0.0265309 0.6652760 0.0275039 0.7456189
79.923050 -11.3883533 0.3422189 -8.2906933 0.0286216 0.6597604 0.0269554 0.7504468
80.027420 -11.3117971 0.3416026 -8.2776690 0.0298510 0.6545445 0.0255549 0.7550015
80.131680 -11.2327671 0.3398250 -8.2638874 0.0291157 0.6498801 0.0240935 0.7590966
80.235930 -11.1522293 0.3375393 -8.2485571 0.0276363 0.6464977 0.0225568 0.7620814
80.340300 -11.0703516 0.3354346 -8.2323179 0.0261121 0.6445653 0.0206963 0.7638229
80.444550 -10.9864244 0.3331640 -8.2152119 0.0252435 0.6438338 0.0195530 0.7644989
80.548940 -10.8998337 0.3314655 -8.1971951 0.0246312 0.6438047 0.0195881 0.7645424
80.757320 -10.7218542 0.3265185 -8.1566296 0.0245522 0.6433657 0.0210852 0.7648746
80.965550 -10.5361109 0.3237497 -8.1186581 0.0252242 0.6400023 0.0210758 0.7676696
81.173790 -10.3428764 0.3180168 -8.0735779 0.0249786 0.6373044 0.0213035 0.7699125
81.277810 -10.2446671 0.3162974 -8.0518970 0.0244259 0.6354640 0.0219700 0.7714313
81.485930 -10.0470390 0.3094518 -8.0046139 0.0220513 0.6325079 0.0250791 0.7738337
81.694050 -9.8459492 0.3053645 -7.9496174 0.0228680 0.6335579 0.0242457 0.7729771
81.902180 -9.6414661 0.3013172 -7.8932323 0.0226350 0.6358801 0.0255712 0.7710320
82.110180 -9.4328833 0.2959084 -7.8347259 0.0225232 0.6387222 0.0282087 0.7685903
82.318180 -9.2233562 0.2897824 -7.7767005 0.0219271 0.6420618 0.0286456 0.7658037
82.526180 -9.0194817 0.2831214 -7.7242231 0.0230397 0.6446916 0.0278015 0.7635896
82.734050 -8.8139038 0.2803220 -7.6736994 0.0219346 0.6473852 0.0279101 0.7613358
82.942060 -8.6094084 0.2788340 -7.6191216 0.0226917 0.6511282 0.0278784 0.7581160
83.149930 -8.4087715 0.2724311 -7.5723681 0.0249313 0.6534430 0.0279787 0.7560475
83.357930 -8.2086678 0.2695500 -7.5291982 0.0219557 0.6551378 0.0289615 0.7546347
83.565930 -8.0083027 0.2671772 -7.4880648 0.0199859 0.6569851 0.0270836 0.7531518
83.773690 -7.8054180 0.2647883 -7.4563560 0.0198259 0.6575525 0.0253980 0.7527195
83.981560 -7.6076269 0.2635975 -7.4216928 0.0190577 0.6583434 0.0257157 0.7520369
84.189660 -7.4121046 0.2594550 -7.3905516 0.0210304 0.6588352 0.0260723 0.7515412
84.500970 -7.1170220 0.2550943 -7.3409986 0.0229578 0.6582314 0.0278133 0.7519513
84.708560 -6.9190321 0.2494790 -7.3103862 0.0221866 0.6558892 0.0287553 0.7539830
84.916060 -6.7231836 0.2459052 -7.2719889 0.0218517 0.6549332 0.0259875 0.7549236
85.123720 -6.5246620 0.2416956 -7.2364564 0.0210477 0.6536123 0.0257726 0.7560977
85.331180 -6.3334322 0.2353488 -7.1991496 0.0194584 0.6537702 0.0256250 0.7560087
85.435100 -6.2365055 0.2339368 -7.1841960 0.0189860 0.6530530 0.0256944 0.7566380
85.538870 -6.1408100 0.2319021 -7.1671400 0.0179859 0.6532127 0.0250883 0.7565449
85.642600 -6.0457811 0.2308416 -7.1505890 0.0175042 0.6535575 0.0248682 0.7562656
85.850400 -5.8548398 0.2268077 -7.1147161 0.0169572 0.6555001 0.0237966 0.7546296
86.058060 -5.6644573 0.2212523 -7.0777478 0.0178803 0.6586173 0.0256072 0.7518297
86.266420 -5.4765453 0.2182943 -7.0490980 0.0209285 0.6606793 0.0270272 0.7498896
86.473600 -5.2882161 0.2147880 -7.0203304 0.0206347 0.6630010 0.0288196 0.7477790
86.681310 -5.0993347 0.2132182 -6.9924598 0.0195678 0.6649730 0.0284445 0.7460690
86.889090 -4.9112072 0.2107125 -6.9666367 0.0201684 0.6668199 0.0262084 0.7444847
87.096690 -4.7243218 0.2080975 -6.9444551 0.0223178 0.6676713 0.0247058 0.7437114
87.304430 -4.5349612 0.2045171 -6.9195762 0.0219246 0.6687699 0.0253118 0.7427149
87.512180 -4.3453050 0.2011674 -6.8957601 0.0192626 0.6688841 0.0255371 0.7426782
87.719790 -4.1602535 0.1980432 -6.8693480 0.0159008 0.6690122 0.0225512 0.7427391
88.031060 -3.8784833 0.1951198 -6.8318686 0.0144264 0.6690627 0.0185613 0.7428341
88.238710 -3.6896913 0.1914031 -6.8076901 0.0151728 0.6689908 0.0176549 0.7429060
88.446330 -3.4992838 0.1879662 -6.7827239 0.0127776 0.6688623 0.0226024 0.7429327
88.757820 -3.2178891 0.1857104 -6.7463140 0.0166348 0.6685663 0.0209327 0.7431717
88.965560 -3.0343316 0.1832196 -6.7231369 0.0170886 0.6685504 0.0200478 0.7432001
89.277420 -2.7625961 0.1784783 -6.6880350 0.0210838 0.6692459 0.0199303 0.7424744
89.485130 -2.5845726 0.1752086 -6.6669250 0.0220445 0.6698457 0.0217649 0.7418538
89.796830 -2.3175588 0.1697735 -6.6359096 0.0207901 0.6710951 0.0230354 0.7407216
90.108700 -2.0580180 0.1646155 -6.6054368 0.0190327 0.6727349 0.0220440 0.7393102
90.316520 -1.8867695 0.1623106 -6.5867581 0.0193932 0.6736895 0.0228585 0.7384063
90.524330 -1.7185229 0.1591295 -6.5690665 0.0191140 0.6745090 0.0223561 0.7376804
90.732220 -1.5545633 0.1557713 -6.5510616 0.0172201 0.6755051 0.0217954 0.7368319
90.940100 -1.3977941 0.1527597 -6.5344110 0.0156451 0.6762916 0.0214897 0.7361543
91.148110 -1.2493792 0.1500574 -6.5190659 0.0149950 0.6763692 0.0219648 0.7360824
91.355930 -1.1119726 0.1485206 -6.5059481 0.0158293 0.6743294 0.0208331 0.7379670
91.667690 -0.9172058 0.1455922 -6.4830189 0.0153634 0.6695645 0.0183156 0.7423692
91.875570 -0.7971826 0.1431054 -6.4672241 0.0176573 0.6638093 0.0181026 0.7474743
92.187280 -0.6309245 0.1380296 -6.4384518 0.0192511 0.6508032 0.0173599 0.7588038
92.394820 -0.5303702 0.1349744 -6.4169183 0.0187496 0.6398172 0.0185373 0.7680747
92.607140 -0.4379581 0.1320569 -6.3930154 0.0180679 0.6263748 0.0162910 0.7791423
92.812670 -0.3503101 0.1295146 -6.3663378 0.0175808 0.6102461 0.0147207 0.7918800
93.017610 -0.2677906 0.1260051 -6.3361797 0.0163802 0.5918936 0.0137135 0.8057330
93.225060 -0.1900878 0.1223750 -6.3023810 0.0167777 0.5689255 0.0116687 0.8221351
93.432440 -0.1174502 0.1191839 -6.2628927 0.0196399 0.5391807 0.0101850 0.8418995
93.639690 -0.0488343 0.1150635 -6.2189903 0.0197677 0.5000986 0.0131859 0.8656424
93.847210 0.0105875 0.1108933 -6.1669931 0.0171258 0.4560862 0.0094629 0.8897204
94.054400 0.0619946 0.1067651 -6.1090035 0.0188910 0.4111945 0.0077596 0.9113188
94.261830 0.1036062 0.1039096 -6.0533562 0.0183630 0.3651090 0.0068463 0.9307585
94.573250 0.1556585 0.1010125 -5.9604182 0.0102757 0.2940181 0.0004367 0.9557446
94.780820 0.1854010 0.0985649 -5.8927279 0.0038510 0.2457037 0.0013061 0.9693365
94.884790 0.1977925 0.0978138 -5.8556290 -0.0005198 0.2215133 -0.0042493 0.9751480
95.092440 0.2188520 0.0972894 -5.7818947 -0.0007471 0.1731917 -0.0070832 0.9848624
95.196460 0.2276689 0.0969742 -5.7449198 0.0002257 0.1511749 -0.0069090 0.9884828
95.300440 0.2349718 0.0968342 -5.7067137 0.0005155 0.1312474 -0.0070560 0.9913244
95.404570 0.2401677 0.0964054 -5.6682320 0.0002182 0.1128543 -0.0101065 0.9935601
95.612820 0.2488092 0.0957046 -5.5893908 0.0003495 0.0820218 -0.0139382 0.9965330
95.821210 0.2556729 0.0950141 -5.5075836 -0.0007195 0.0605613 -0.0143472 0.9980611
96.029700 0.2618632 0.0943645 -5.4253798 0.0004484 0.0440790 -0.0126470 0.9989479
96.238190 0.2656363 0.0936271 -5.3360353 0.0012370 0.0298762 -0.0135428 0.9994611
96.342320 0.2669895 0.0927359 -5.2895393 0.0013495 0.0230815 -0.0133351 0.9996437
96.446460 0.2668371 0.0924111 -5.2410355 0.0014531 0.0164037 -0.0128446 0.9997819
96.654710 0.2666658 0.0910047 -5.1408381 0.0015026 0.0029296 -0.0116654 0.9999265
96.863080 0.2635144 0.0899084 -5.0346622 0.0028827 -0.0060266 -0.0131406 0.9998913
97.071450 0.2602980 0.0881562 -4.9226542 0.0036308 -0.0110991 -0.0129241 0.9998483
97.279720 0.2560951 0.0862992 -4.8052931 0.0030779 -0.0139477 -0.0123493 0.9998217
97.487940 0.2514606 0.0845193 -4.6836147 0.0010260 -0.0167636 -0.0108473 0.9998001
97.696240 0.2461225 0.0823797 -4.5611310 -0.0013298 -0.0198025 -0.0102408 0.9997506
97.904320 0.2402620 0.0805064 -4.4381156 -0.0026791 -0.0231167 -0.0081926 0.9996956
98.112320 0.2336955 0.0790833 -4.3157396 -0.0027138 -0.0265837 -0.0069368 0.9996188
98.320320 0.2257141 0.0774757 -4.1922760 -0.0025770 -0.0296572 -0.0068832 0.9995331
98.528320 0.2168756 0.0762257 -4.0685177 -0.0023963 -0.0309288 -0.0074497 0.9994910
98.736320 0.2083353 0.0740252 -3.9443176 -0.0027280 -0.0312692 -0.0081079 0.9994744
98.944340 0.2003406 0.0724645 -3.8203723 -0.0033782 -0.0314455 -0.0077814 0.9994695
99.152220 0.1920969 0.0711985 -3.6966534 -0.0043688 -0.0316503 -0.0074011 0.9994621
99.360070 0.1839034 0.0698572 -3.5733094 -0.0042584 -0.0315882 -0.0078874 0.9994608
99.567940 0.1765079 0.0684652 -3.4513469 -0.0036034 -0.0307041 -0.0072054 0.9994960
99.775950 0.1692178 0.0663040 -3.3307219 -0.0034179 -0.0293760 -0.0078531 0.9995317
99.983820 0.1628804 0.0649798 -3.2128932 -0.0047012 -0.0282226 -0.0059107 0.9995731
100.295700 0.1544268 0.0622327 -3.0431449 -0.0047026 -0.0270377 -0.0064130 0.9996028
100.503700 0.1483908 0.0609189 -2.9342237 -0.0017552 -0.0263575 -0.0076840 0.9996215
100.711600 0.1416338 0.0589879 -2.8270624 -0.0008411 -0.0260966 -0.0091456 0.9996172
100.919600 0.1361033 0.0570964 -2.7217319 -0.0000372 -0.0256521 -0.0095083 0.9996257
101.127400 0.1292790 0.0546604 -2.6181989 0.0007686 -0.0254153 -0.0108162 0.9996182
101.335400 0.1226887 0.0534355 -2.5157032 0.0007069 -0.0255579 -0.0113987 0.9996081
101.543300 0.1174273 0.0510512 -2.4143348 0.0002298 -0.0263580 -0.0107571 0.9995946
101.751200 0.1117460 0.0492675 -2.3144135 0.0011794 -0.0278660 -0.0099523 0.9995614
101.959100 0.1055512 0.0472085 -2.2158618 0.0016394 -0.0294088 -0.0103031 0.9995130
102.166900 0.0993690 0.0451595 -2.1180296 0.0017743 -0.0314198 -0.0095675 0.9994589
102.374800 0.0926976 0.0435180 -2.0204873 0.0012433 -0.0333203 -0.0082654 0.9994098
102.686600 0.0826011 0.0400421 -1.8774314 -0.0004481 -0.0359720 -0.0089203 0.9993129
102.894400 0.0755505 0.0387137 -1.7841002 -0.0007705 -0.0370506 -0.0089769 0.9992728
103.102400 0.0690624 0.0368281 -1.6943347 -0.0009565 -0.0368047 -0.0097866 0.9992741
103.310300 0.0628972 0.0350682 -1.6088030 -0.0007515 -0.0353608 -0.0104841 0.9993193
103.518300 0.0570663 0.0331954 -1.5261486 -0.0005910 -0.0339031 -0.0101120 0.9993738
103.830300 0.0504006 0.0309687 -1.4085898 -0.0000170 -0.0323684 -0.0103651 0.9994223
104.038400 0.0455089 0.0293418 -1.3356577 -0.0002975 -0.0311934 -0.0104429 0.9994588
104.251000 0.0418212 0.0278375 -1.2670846 -0.0009347 -0.0304090 -0.0098025 0.9994890
104.455200 0.0375684 0.0269625 -1.2048506 -0.0019118 -0.0293744 -0.0108375 0.9995079
104.974200 0.0305626 0.0242133 -1.0785470 -0.0007480 -0.0277540 -0.0100334 0.9995642
105.181900 0.0279286 0.0229694 -1.0349698 0.0005716 -0.0272607 -0.0097933 0.9995802
105.390000 0.0260874 0.0224932 -0.9925691 0.0018315 -0.0270059 -0.0095890 0.9995876
105.805700 0.0222189 0.0209334 -0.9083242 0.0010217 -0.0269172 -0.0088827 0.9995977
106.013700 0.0200089 0.0199592 -0.8669107 0.0008697 -0.0271858 -0.0086074 0.9995930
106.325500 0.0168940 0.0181190 -0.8065490 0.0006558 -0.0318640 -0.0075439 0.9994635
106.637700 0.0106181 0.0169761 -0.7484021 0.0008573 -0.0422768 -0.0086846 0.9990678
106.949400 0.0043698 0.0156300 -0.6904039 0.0011094 -0.0501555 -0.0098346 0.9986924
107.260700 -0.0033494 0.0143132 -0.6333523 0.0013019 -0.0554985 -0.0115103 0.9983916
107.572800 -0.0094266 0.0129524 -0.5771335 0.0015064 -0.0547572 -0.0122301 0.9984236
107.885000 -0.0128913 0.0120508 -0.5215041 0.0012441 -0.0520150 -0.0116007 0.9985781
108.093000 -0.0158568 0.0108203 -0.4855831 0.0013968 -0.0495021 -0.0111046 0.9987113
108.509100 -0.0199764 0.0099449 -0.4127843 0.0019704 -0.0422527 -0.0109569 0.9990449
108.717000 -0.0221300 0.0092638 -0.3737518 0.0037036 -0.0378452 -0.0104942 0.9992216
108.925000 -0.0236701 0.0083184 -0.3308562 0.0036859 -0.0334500 -0.0101487 0.9993821
109.236800 -0.0253592 0.0067952 -0.2593361 0.0023347 -0.0260935 -0.0078648 0.9996259
109.548600 -0.0263747 0.0057952 -0.1804830 0.0012258 -0.0193941 -0.0069072 0.9997873
109.860500 -0.0266986 0.0041190 -0.0959590 -0.0000386 -0.0137611 -0.0052477 0.9998915
110.068200 -0.0259938 0.0025778 -0.0358718 0.0019876 -0.0120699 -0.0034331 0.9999193
111.210200 -0.0325297 -0.0063649 0.3184640 0.0101311 -0.0331512 -0.0051305 0.9993858
111.625100 -0.0548901 -0.0098660 0.4388251 0.0017062 -0.0829447 -0.0089382 0.9965126
112.040200 -0.0890259 -0.0114247 0.5541329 -0.0035564 -0.1250424 -0.0131742 0.9920576
112.456700 -0.1195810 -0.0128781 0.6658756 -0.0065305 -0.1235315 -0.0182204 0.9921519
112.769200 -0.1334695 -0.0123337 0.7358179 -0.0096692 -0.1093057 -0.0146709 0.9938529
113.185700 -0.1403916 -0.0131769 0.7851048 -0.0080888 -0.0930044 -0.0128510 0.9955499
